319.0 215.0 4.588033985837928 1.4464413322481344 40.0 
319.0 216.0 4.588033985837928 1.4464413322481344 40.0 
319.0 217.0 4.588033985837928 1.4464413322481344 40.0 
319.0 218.0 4.588033985837928 1.4464413322481344 40.0 
319.0 219.0 4.588033985837928 1.4464413322481344 40.0 
319.0 220.0 4.588033985837928 1.4464413322481344 40.0 
319.0 221.0 4.588033985837928 1.4464413322481344 40.0 
319.0 222.0 4.588033985837928 1.4464413322481344 40.0 
320.0 214.0 4.588033985837928 1.4464413322481344 40.0 
320.0 215.0 4.588033985837928 1.4464413322481344 40.0 
320.0 216.0 4.588033985837928 1.4464413322481344 40.0 
320.0 217.0 4.588033985837928 1.4464413322481344 40.0 
320.0 218.0 4.588033985837928 1.4464413322481344 40.0 
320.0 219.0 4.588033985837928 1.4464413322481344 40.0 
320.0 220.0 4.588033985837928 1.4464413322481344 40.0 
320.0 221.0 4.588033985837928 1.4464413322481344 40.0 
320.0 222.0 4.588033985837928 1.4464413322481344 40.0 
320.0 223.0 4.588033985837928 1.4464413322481344 40.0 
320.0 224.0 4.588033985837928 1.4464413322481344 40.0 
320.0 225.0 4.588033985837928 1.4464413322481344 40.0 
320.0 226.0 4.588033985837928 1.4464413322481344 40.0 
320.0 227.0 4.588033985837928 1.4464413322481344 40.0 
320.0 228.0 4.588033985837928 1.4464413322481344 40.0 
320.0 229.0 4.588033985837928 1.4464413322481344 40.0 
320.0 230.0 4.588033985837928 1.4464413322481344 40.0 
321.0 214.0 4.588033985837928 1.4464413322481344 40.0 
321.0 215.0 4.588033985837928 1.4464413322481344 40.0 
321.0 216.0 4.588033985837928 1.4464413322481344 40.0 
321.0 217.0 4.588033985837928 1.4464413322481344 40.0 
321.0 218.0 4.588033985837928 1.4464413322481344 40.0 
321.0 219.0 4.588033985837928 1.4464413322481344 40.0 
321.0 220.0 4.588033985837928 1.4464413322481344 40.0 
321.0 221.0 4.588033985837928 1.4464413322481344 40.0 
321.0 222.0 4.588033985837928 1.4464413322481344 40.0 
321.0 223.0 4.588033985837928 1.4464413322481344 40.0 
321.0 224.0 4.588033985837928 1.4464413322481344 40.0 
321.0 225.0 4.588033985837928 1.4464413322481344 40.0 
321.0 226.0 4.588033985837928 1.4464413322481344 40.0 
321.0 227.0 4.588033985837928 1.4464413322481344 40.0 
321.0 228.0 4.588033985837928 1.4464413322481344 40.0 
321.0 229.0 4.588033985837928 1.4464413322481344 40.0 
321.0 230.0 4.588033985837928 1.4464413322481344 40.0 
321.0 231.0 4.588033985837928 1.4464413322481344 40.0 
321.0 232.0 4.588033985837928 1.4464413322481344 40.0 
321.0 233.0 4.588033985837928 1.4464413322481344 40.0 
321.0 234.0 4.588033985837928 1.4464413322481344 40.0 
321.0 235.0 4.588033985837928 1.4464413322481344 40.0 
321.0 236.0 4.588033985837928 1.4464413322481344 40.0 
321.0 237.0 4.588033985837928 1.4464413322481344 40.0 
321.0 238.0 4.588033985837928 1.4464413322481344 40.0 
322.0 214.0 4.588033985837928 1.4464413322481344 40.0 
322.0 215.0 4.588033985837928 1.4464413322481344 40.0 
322.0 216.0 4.588033985837928 1.4464413322481344 40.0 
322.0 217.0 4.588033985837928 1.4464413322481344 40.0 
322.0 218.0 4.588033985837928 1.4464413322481344 40.0 
322.0 219.0 4.588033985837928 1.4464413322481344 40.0 
322.0 220.0 4.588033985837928 1.4464413322481344 40.0 
322.0 221.0 4.588033985837928 1.4464413322481344 40.0 
322.0 222.0 4.588033985837928 1.4464413322481344 40.0 
322.0 223.0 4.588033985837928 1.4464413322481344 40.0 
322.0 224.0 4.588033985837928 1.4464413322481344 40.0 
322.0 225.0 4.588033985837928 1.4464413322481344 40.0 
322.0 226.0 4.588033985837928 1.4464413322481344 40.0 
322.0 227.0 4.588033985837928 1.4464413322481344 40.0 
322.0 228.0 4.588033985837928 1.4464413322481344 40.0 
322.0 229.0 4.588033985837928 1.4464413322481344 40.0 
322.0 230.0 4.588033985837928 1.4464413322481344 40.0 
322.0 231.0 4.588033985837928 1.4464413322481344 40.0 
322.0 232.0 4.588033985837928 1.4464413322481344 40.0 
322.0 233.0 4.588033985837928 1.4464413322481344 40.0 
322.0 234.0 4.588033985837928 1.4464413322481344 40.0 
322.0 235.0 4.588033985837928 1.4464413322481344 40.0 
322.0 236.0 4.588033985837928 1.4464413322481344 40.0 
322.0 237.0 4.588033985837928 1.4464413322481344 40.0 
322.0 238.0 4.588033985837928 1.4464413322481344 40.0 
322.0 239.0 4.588033985837928 1.4464413322481344 40.0 
322.0 240.0 4.588033985837928 1.4464413322481344 40.0 
322.0 241.0 4.588033985837928 1.4464413322481344 40.0 
322.0 242.0 4.588033985837928 1.4464413322481344 40.0 
322.0 243.0 4.588033985837928 1.4464413322481344 40.0 
322.0 244.0 4.588033985837928 1.4464413322481344 40.0 
322.0 245.0 4.588033985837928 1.4464413322481344 40.0 
322.0 246.0 4.588033985837928 1.4464413322481344 40.0 
323.0 222.0 4.588033985837928 1.4464413322481344 40.0 
323.0 223.0 4.588033985837928 1.4464413322481344 40.0 
323.0 224.0 4.588033985837928 1.4464413322481344 40.0 
323.0 225.0 4.588033985837928 1.4464413322481344 40.0 
323.0 226.0 4.588033985837928 1.4464413322481344 40.0 
323.0 227.0 4.588033985837928 1.4464413322481344 40.0 
323.0 228.0 4.588033985837928 1.4464413322481344 40.0 
323.0 229.0 4.588033985837928 1.4464413322481344 40.0 
323.0 230.0 4.588033985837928 1.4464413322481344 40.0 
323.0 231.0 4.588033985837928 1.4464413322481344 40.0 
323.0 232.0 4.588033985837928 1.4464413322481344 40.0 
323.0 233.0 4.588033985837928 1.4464413322481344 40.0 
323.0 234.0 4.588033985837928 1.4464413322481344 40.0 
323.0 235.0 4.588033985837928 1.4464413322481344 40.0 
323.0 236.0 4.588033985837928 1.4464413322481344 40.0 
323.0 237.0 4.588033985837928 1.4464413322481344 40.0 
323.0 238.0 4.588033985837928 1.4464413322481344 40.0 
323.0 239.0 4.588033985837928 1.4464413322481344 40.0 
323.0 240.0 4.588033985837928 1.4464413322481344 40.0 
323.0 241.0 4.588033985837928 1.4464413322481344 40.0 
323.0 242.0 4.588033985837928 1.4464413322481344 40.0 
323.0 243.0 4.588033985837928 1.4464413322481344 40.0 
323.0 244.0 4.588033985837928 1.4464413322481344 40.0 
323.0 245.0 4.588033985837928 1.4464413322481344 40.0 
323.0 246.0 4.588033985837928 1.4464413322481344 40.0 
323.0 247.0 4.588033985837928 1.4464413322481344 40.0 
323.0 248.0 4.588033985837928 1.4464413322481344 40.0 
323.0 249.0 4.588033985837928 1.4464413322481344 40.0 
323.0 250.0 4.588033985837928 1.4464413322481344 40.0 
323.0 251.0 4.588033985837928 1.4464413322481344 40.0 
323.0 252.0 4.588033985837928 1.4464413322481344 40.0 
323.0 253.0 4.588033985837928 1.4464413322481344 40.0 
323.0 254.0 4.588033985837928 1.4464413322481344 40.0 
324.0 230.0 4.588033985837928 1.4464413322481344 40.0 
324.0 231.0 4.588033985837928 1.4464413322481344 40.0 
324.0 232.0 4.588033985837928 1.4464413322481344 40.0 
324.0 233.0 4.588033985837928 1.4464413322481344 40.0 
324.0 234.0 4.588033985837928 1.4464413322481344 40.0 
324.0 235.0 4.588033985837928 1.4464413322481344 40.0 
324.0 236.0 4.588033985837928 1.4464413322481344 40.0 
324.0 237.0 4.588033985837928 1.4464413322481344 40.0 
324.0 238.0 4.588033985837928 1.4464413322481344 40.0 
324.0 239.0 4.588033985837928 1.4464413322481344 40.0 
324.0 240.0 4.588033985837928 1.4464413322481344 40.0 
324.0 241.0 4.588033985837928 1.4464413322481344 40.0 
324.0 242.0 4.588033985837928 1.4464413322481344 40.0 
324.0 243.0 4.588033985837928 1.4464413322481344 40.0 
324.0 244.0 4.588033985837928 1.4464413322481344 40.0 
324.0 245.0 4.588033985837928 1.4464413322481344 40.0 
324.0 246.0 4.588033985837928 1.4464413322481344 40.0 
324.0 247.0 4.588033985837928 1.4464413322481344 40.0 
324.0 248.0 4.588033985837928 1.4464413322481344 40.0 
324.0 249.0 4.588033985837928 1.4464413322481344 40.0 
324.0 250.0 4.588033985837928 1.4464413322481344 40.0 
324.0 251.0 4.588033985837928 1.4464413322481344 40.0 
324.0 252.0 4.588033985837928 1.4464413322481344 40.0 
324.0 253.0 4.588033985837928 1.4464413322481344 40.0 
324.0 254.0 4.588033985837928 1.4464413322481344 40.0 
324.0 255.0 4.588033985837928 1.4464413322481344 40.0 
324.0 256.0 4.588033985837928 1.4464413322481344 40.0 
324.0 257.0 4.588033985837928 1.4464413322481344 40.0 
324.0 258.0 4.588033985837928 1.4464413322481344 40.0 
324.0 259.0 4.588033985837928 1.4464413322481344 40.0 
324.0 260.0 4.588033985837928 1.4464413322481344 40.0 
324.0 261.0 4.588033985837928 1.4464413322481344 40.0 
324.0 262.0 4.588033985837928 1.4464413322481344 40.0 
325.0 238.0 4.588033985837928 1.4464413322481344 40.0 
325.0 239.0 4.588033985837928 1.4464413322481344 40.0 
325.0 240.0 4.588033985837928 1.4464413322481344 40.0 
325.0 241.0 4.588033985837928 1.4464413322481344 40.0 
325.0 242.0 4.588033985837928 1.4464413322481344 40.0 
325.0 243.0 4.588033985837928 1.4464413322481344 40.0 
325.0 244.0 4.588033985837928 1.4464413322481344 40.0 
325.0 245.0 4.588033985837928 1.4464413322481344 40.0 
325.0 246.0 4.588033985837928 1.4464413322481344 40.0 
325.0 247.0 4.588033985837928 1.4464413322481344 40.0 
325.0 248.0 4.588033985837928 1.4464413322481344 40.0 
325.0 249.0 4.588033985837928 1.4464413322481344 40.0 
325.0 250.0 4.588033985837928 1.4464413322481344 40.0 
325.0 251.0 4.588033985837928 1.4464413322481344 40.0 
325.0 252.0 4.588033985837928 1.4464413322481344 40.0 
325.0 253.0 4.588033985837928 1.4464413322481344 40.0 
325.0 254.0 4.588033985837928 1.4464413322481344 40.0 
325.0 255.0 4.588033985837928 1.4464413322481344 40.0 
325.0 256.0 4.588033985837928 1.4464413322481344 40.0 
325.0 257.0 4.588033985837928 1.4464413322481344 40.0 
325.0 258.0 4.588033985837928 1.4464413322481344 40.0 
325.0 259.0 4.588033985837928 1.4464413322481344 40.0 
325.0 260.0 4.588033985837928 1.4464413322481344 40.0 
325.0 261.0 4.588033985837928 1.4464413322481344 40.0 
325.0 262.0 4.588033985837928 1.4464413322481344 40.0 
326.0 246.0 4.588033985837928 1.4464413322481344 40.0 
326.0 247.0 4.588033985837928 1.4464413322481344 40.0 
326.0 248.0 4.588033985837928 1.4464413322481344 40.0 
326.0 249.0 4.588033985837928 1.4464413322481344 40.0 
326.0 250.0 4.588033985837928 1.4464413322481344 40.0 
326.0 251.0 4.588033985837928 1.4464413322481344 40.0 
326.0 252.0 4.588033985837928 1.4464413322481344 40.0 
326.0 253.0 4.588033985837928 1.4464413322481344 40.0 
326.0 254.0 4.588033985837928 1.4464413322481344 40.0 
326.0 255.0 4.588033985837928 1.4464413322481344 40.0 
326.0 256.0 4.588033985837928 1.4464413322481344 40.0 
326.0 257.0 4.588033985837928 1.4464413322481344 40.0 
326.0 258.0 4.588033985837928 1.4464413322481344 40.0 
326.0 259.0 4.588033985837928 1.4464413322481344 40.0 
326.0 260.0 4.588033985837928 1.4464413322481344 40.0 
326.0 261.0 4.588033985837928 1.4464413322481344 40.0 
327.0 254.0 4.588033985837928 1.4464413322481344 40.0 
327.0 255.0 4.588033985837928 1.4464413322481344 40.0 
327.0 256.0 4.588033985837928 1.4464413322481344 40.0 
327.0 257.0 4.588033985837928 1.4464413322481344 40.0 
327.0 258.0 4.588033985837928 1.4464413322481344 40.0 
327.0 259.0 4.588033985837928 1.4464413322481344 40.0 
327.0 260.0 4.588033985837928 1.4464413322481344 40.0 
327.0 261.0 4.588033985837928 1.4464413322481344 40.0 
314 302 4.559739651989423 20.0 
314 303 4.559739651989423 20.0 
314 304 4.559739651989423 20.0 
314 305 4.559739651989423 20.0 
314 306 4.559739651989423 20.0 
314 307 4.559739651989423 20.0 
314 308 4.559739651989423 20.0 
315 302 4.559739651989423 20.0 
315 303 4.559739651989423 20.0 
315 304 4.559739651989423 20.0 
315 305 4.559739651989423 20.0 
315 306 4.559739651989423 20.0 
315 307 4.559739651989423 20.0 
315 308 4.559739651989423 20.0 
315 309 4.559739651989423 20.0 
315 310 4.559739651989423 20.0 
315 311 4.559739651989423 20.0 
315 312 4.559739651989423 20.0 
315 313 4.559739651989423 20.0 
315 314 4.559739651989423 20.0 
315 315 4.559739651989423 20.0 
316 309 4.559739651989423 20.0 
316 310 4.559739651989423 20.0 
316 311 4.559739651989423 20.0 
316 312 4.559739651989423 20.0 
316 313 4.559739651989423 20.0 
316 314 4.559739651989423 20.0 
328 324 2.498091544796509 20.0 
329 323 2.498091544796509 20.0 
329 324 2.498091544796509 20.0 
329 325 2.498091544796509 20.0 
330 323 2.498091544796509 20.0 
330 324 2.498091544796509 20.0 
331 322 2.498091544796509 20.0 
331 323 2.498091544796509 20.0 
332 322 2.498091544796509 20.0 
332 323 2.498091544796509 20.0 
316 318 3.7850937623830774 20.0 
316 319 3.7850937623830774 20.0 
317 318 3.7850937623830774 20.0 
317 319 3.7850937623830774 20.0 
318 319 3.7850937623830774 20.0 
318 320 3.7850937623830774 20.0 
319 319 3.7850937623830774 20.0 
319 320 3.7850937623830774 20.0 
319 321 3.7850937623830774 20.0 
320 320 3.7850937623830774 20.0 
320 321 3.7850937623830774 20.0 
320 322 3.7850937623830774 20.0 
321 321 3.7850937623830774 20.0 
321 322 3.7850937623830774 20.0 
322 322 3.7850937623830774 20.0 
322 323 3.7850937623830774 20.0 
323 322 3.7850937623830774 20.0 
323 323 3.7850937623830774 20.0 
323 324 3.7850937623830774 20.0 
324 323 3.7850937623830774 20.0 
347 309 2.4468543773930898 20.0 
348 308 2.4468543773930898 20.0 
348 309 2.4468543773930898 20.0 
348 310 2.4468543773930898 20.0 
349 308 2.4468543773930898 20.0 
349 309 2.4468543773930898 20.0 
350 307 2.4468543773930898 20.0 
350 308 2.4468543773930898 20.0 
351 306 2.4468543773930898 20.0 
351 307 2.4468543773930898 20.0 
352 305 2.4468543773930898 20.0 
352 306 2.4468543773930898 20.0 
352 307 2.4468543773930898 20.0 
353 305 2.4468543773930898 20.0 
353 306 2.4468543773930898 20.0 
354 293 1.487655094906455 20.0 
354 294 1.487655094906455 20.0 
354 295 1.487655094906455 20.0 
354 296 1.487655094906455 20.0 
354 297 1.487655094906455 20.0 
354 298 1.487655094906455 20.0 
354 299 1.487655094906455 20.0 
354 300 1.487655094906455 20.0 
354 301 1.487655094906455 20.0 
354 302 1.487655094906455 20.0 
354 303 1.487655094906455 20.0 
354 304 1.487655094906455 20.0 
354 305 1.487655094906455 20.0 
355 293 1.487655094906455 20.0 
355 294 1.487655094906455 20.0 
355 295 1.487655094906455 20.0 
355 296 1.487655094906455 20.0 
355 297 1.487655094906455 20.0 
355 298 1.487655094906455 20.0 
355 299 1.487655094906455 20.0 
355 300 1.487655094906455 20.0 
355 301 1.487655094906455 20.0 
355 302 1.487655094906455 20.0 
355 303 1.487655094906455 20.0 
355 304 1.487655094906455 20.0 
