284.0 299.0 1.7078625011050839 4.849455154694876 40.0 
284.0 300.0 1.7078625011050839 4.849455154694876 40.0 
284.0 301.0 1.7078625011050839 4.849455154694876 40.0 
284.0 302.0 1.7078625011050839 4.849455154694876 40.0 
284.0 303.0 1.7078625011050839 4.849455154694876 40.0 
284.0 304.0 1.7078625011050839 4.849455154694876 40.0 
284.0 305.0 1.7078625011050839 4.849455154694876 40.0 
285.0 292.0 1.7078625011050839 4.849455154694876 40.0 
285.0 293.0 1.7078625011050839 4.849455154694876 40.0 
285.0 294.0 1.7078625011050839 4.849455154694876 40.0 
285.0 295.0 1.7078625011050839 4.849455154694876 40.0 
285.0 296.0 1.7078625011050839 4.849455154694876 40.0 
285.0 297.0 1.7078625011050839 4.849455154694876 40.0 
285.0 298.0 1.7078625011050839 4.849455154694876 40.0 
285.0 299.0 1.7078625011050839 4.849455154694876 40.0 
285.0 300.0 1.7078625011050839 4.849455154694876 40.0 
285.0 301.0 1.7078625011050839 4.849455154694876 40.0 
285.0 302.0 1.7078625011050839 4.849455154694876 40.0 
285.0 303.0 1.7078625011050839 4.849455154694876 40.0 
285.0 304.0 1.7078625011050839 4.849455154694876 40.0 
285.0 305.0 1.7078625011050839 4.849455154694876 40.0 
286.0 285.0 1.7078625011050839 4.849455154694876 40.0 
286.0 286.0 1.7078625011050839 4.849455154694876 40.0 
286.0 287.0 1.7078625011050839 4.849455154694876 40.0 
286.0 288.0 1.7078625011050839 4.849455154694876 40.0 
286.0 289.0 1.7078625011050839 4.849455154694876 40.0 
286.0 290.0 1.7078625011050839 4.849455154694876 40.0 
286.0 291.0 1.7078625011050839 4.849455154694876 40.0 
286.0 292.0 1.7078625011050839 4.849455154694876 40.0 
286.0 293.0 1.7078625011050839 4.849455154694876 40.0 
286.0 294.0 1.7078625011050839 4.849455154694876 40.0 
286.0 295.0 1.7078625011050839 4.849455154694876 40.0 
286.0 296.0 1.7078625011050839 4.849455154694876 40.0 
286.0 297.0 1.7078625011050839 4.849455154694876 40.0 
286.0 298.0 1.7078625011050839 4.849455154694876 40.0 
286.0 299.0 1.7078625011050839 4.849455154694876 40.0 
286.0 300.0 1.7078625011050839 4.849455154694876 40.0 
286.0 301.0 1.7078625011050839 4.849455154694876 40.0 
286.0 302.0 1.7078625011050839 4.849455154694876 40.0 
286.0 303.0 1.7078625011050839 4.849455154694876 40.0 
286.0 304.0 1.7078625011050839 4.849455154694876 40.0 
286.0 305.0 1.7078625011050839 4.849455154694876 40.0 
287.0 277.0 1.7078625011050839 4.849455154694876 40.0 
287.0 278.0 1.7078625011050839 4.849455154694876 40.0 
287.0 279.0 1.7078625011050839 4.849455154694876 40.0 
287.0 280.0 1.7078625011050839 4.849455154694876 40.0 
287.0 281.0 1.7078625011050839 4.849455154694876 40.0 
287.0 282.0 1.7078625011050839 4.849455154694876 40.0 
287.0 283.0 1.7078625011050839 4.849455154694876 40.0 
287.0 284.0 1.7078625011050839 4.849455154694876 40.0 
287.0 285.0 1.7078625011050839 4.849455154694876 40.0 
287.0 286.0 1.7078625011050839 4.849455154694876 40.0 
287.0 287.0 1.7078625011050839 4.849455154694876 40.0 
287.0 288.0 1.7078625011050839 4.849455154694876 40.0 
287.0 289.0 1.7078625011050839 4.849455154694876 40.0 
287.0 290.0 1.7078625011050839 4.849455154694876 40.0 
287.0 291.0 1.7078625011050839 4.849455154694876 40.0 
287.0 292.0 1.7078625011050839 4.849455154694876 40.0 
287.0 293.0 1.7078625011050839 4.849455154694876 40.0 
287.0 294.0 1.7078625011050839 4.849455154694876 40.0 
287.0 295.0 1.7078625011050839 4.849455154694876 40.0 
287.0 296.0 1.7078625011050839 4.849455154694876 40.0 
287.0 297.0 1.7078625011050839 4.849455154694876 40.0 
287.0 298.0 1.7078625011050839 4.849455154694876 40.0 
287.0 299.0 1.7078625011050839 4.849455154694876 40.0 
287.0 300.0 1.7078625011050839 4.849455154694876 40.0 
287.0 301.0 1.7078625011050839 4.849455154694876 40.0 
287.0 302.0 1.7078625011050839 4.849455154694876 40.0 
287.0 303.0 1.7078625011050839 4.849455154694876 40.0 
287.0 304.0 1.7078625011050839 4.849455154694876 40.0 
287.0 305.0 1.7078625011050839 4.849455154694876 40.0 
287.0 306.0 1.7078625011050839 4.849455154694876 40.0 
288.0 277.0 1.7078625011050839 4.849455154694876 40.0 
288.0 278.0 1.7078625011050839 4.849455154694876 40.0 
288.0 279.0 1.7078625011050839 4.849455154694876 40.0 
288.0 280.0 1.7078625011050839 4.849455154694876 40.0 
288.0 281.0 1.7078625011050839 4.849455154694876 40.0 
288.0 282.0 1.7078625011050839 4.849455154694876 40.0 
288.0 283.0 1.7078625011050839 4.849455154694876 40.0 
288.0 284.0 1.7078625011050839 4.849455154694876 40.0 
288.0 285.0 1.7078625011050839 4.849455154694876 40.0 
288.0 286.0 1.7078625011050839 4.849455154694876 40.0 
288.0 287.0 1.7078625011050839 4.849455154694876 40.0 
288.0 288.0 1.7078625011050839 4.849455154694876 40.0 
288.0 289.0 1.7078625011050839 4.849455154694876 40.0 
288.0 290.0 1.7078625011050839 4.849455154694876 40.0 
288.0 291.0 1.7078625011050839 4.849455154694876 40.0 
288.0 292.0 1.7078625011050839 4.849455154694876 40.0 
288.0 293.0 1.7078625011050839 4.849455154694876 40.0 
288.0 294.0 1.7078625011050839 4.849455154694876 40.0 
288.0 295.0 1.7078625011050839 4.849455154694876 40.0 
288.0 296.0 1.7078625011050839 4.849455154694876 40.0 
288.0 297.0 1.7078625011050839 4.849455154694876 40.0 
288.0 298.0 1.7078625011050839 4.849455154694876 40.0 
288.0 299.0 1.7078625011050839 4.849455154694876 40.0 
288.0 300.0 1.7078625011050839 4.849455154694876 40.0 
288.0 301.0 1.7078625011050839 4.849455154694876 40.0 
288.0 302.0 1.7078625011050839 4.849455154694876 40.0 
288.0 303.0 1.7078625011050839 4.849455154694876 40.0 
288.0 304.0 1.7078625011050839 4.849455154694876 40.0 
288.0 305.0 1.7078625011050839 4.849455154694876 40.0 
288.0 306.0 1.7078625011050839 4.849455154694876 40.0 
289.0 277.0 1.7078625011050839 4.849455154694876 40.0 
289.0 278.0 1.7078625011050839 4.849455154694876 40.0 
289.0 279.0 1.7078625011050839 4.849455154694876 40.0 
289.0 280.0 1.7078625011050839 4.849455154694876 40.0 
289.0 281.0 1.7078625011050839 4.849455154694876 40.0 
289.0 282.0 1.7078625011050839 4.849455154694876 40.0 
289.0 283.0 1.7078625011050839 4.849455154694876 40.0 
289.0 284.0 1.7078625011050839 4.849455154694876 40.0 
289.0 285.0 1.7078625011050839 4.849455154694876 40.0 
289.0 286.0 1.7078625011050839 4.849455154694876 40.0 
289.0 287.0 1.7078625011050839 4.849455154694876 40.0 
289.0 288.0 1.7078625011050839 4.849455154694876 40.0 
289.0 289.0 1.7078625011050839 4.849455154694876 40.0 
289.0 290.0 1.7078625011050839 4.849455154694876 40.0 
289.0 291.0 1.7078625011050839 4.849455154694876 40.0 
289.0 292.0 1.7078625011050839 4.849455154694876 40.0 
289.0 293.0 1.7078625011050839 4.849455154694876 40.0 
289.0 294.0 1.7078625011050839 4.849455154694876 40.0 
289.0 295.0 1.7078625011050839 4.849455154694876 40.0 
289.0 296.0 1.7078625011050839 4.849455154694876 40.0 
289.0 297.0 1.7078625011050839 4.849455154694876 40.0 
289.0 298.0 1.7078625011050839 4.849455154694876 40.0 
289.0 299.0 1.7078625011050839 4.849455154694876 40.0 
289.0 300.0 1.7078625011050839 4.849455154694876 40.0 
289.0 301.0 1.7078625011050839 4.849455154694876 40.0 
289.0 302.0 1.7078625011050839 4.849455154694876 40.0 
289.0 303.0 1.7078625011050839 4.849455154694876 40.0 
289.0 304.0 1.7078625011050839 4.849455154694876 40.0 
289.0 305.0 1.7078625011050839 4.849455154694876 40.0 
289.0 306.0 1.7078625011050839 4.849455154694876 40.0 
290.0 277.0 1.7078625011050839 4.849455154694876 40.0 
290.0 278.0 1.7078625011050839 4.849455154694876 40.0 
290.0 279.0 1.7078625011050839 4.849455154694876 40.0 
290.0 280.0 1.7078625011050839 4.849455154694876 40.0 
290.0 281.0 1.7078625011050839 4.849455154694876 40.0 
290.0 282.0 1.7078625011050839 4.849455154694876 40.0 
290.0 283.0 1.7078625011050839 4.849455154694876 40.0 
290.0 284.0 1.7078625011050839 4.849455154694876 40.0 
290.0 285.0 1.7078625011050839 4.849455154694876 40.0 
290.0 286.0 1.7078625011050839 4.849455154694876 40.0 
290.0 287.0 1.7078625011050839 4.849455154694876 40.0 
290.0 288.0 1.7078625011050839 4.849455154694876 40.0 
290.0 289.0 1.7078625011050839 4.849455154694876 40.0 
290.0 290.0 1.7078625011050839 4.849455154694876 40.0 
290.0 291.0 1.7078625011050839 4.849455154694876 40.0 
290.0 292.0 1.7078625011050839 4.849455154694876 40.0 
290.0 293.0 1.7078625011050839 4.849455154694876 40.0 
290.0 294.0 1.7078625011050839 4.849455154694876 40.0 
290.0 295.0 1.7078625011050839 4.849455154694876 40.0 
290.0 296.0 1.7078625011050839 4.849455154694876 40.0 
290.0 297.0 1.7078625011050839 4.849455154694876 40.0 
290.0 298.0 1.7078625011050839 4.849455154694876 40.0 
291.0 278.0 1.7078625011050839 4.849455154694876 40.0 
291.0 279.0 1.7078625011050839 4.849455154694876 40.0 
291.0 280.0 1.7078625011050839 4.849455154694876 40.0 
291.0 281.0 1.7078625011050839 4.849455154694876 40.0 
291.0 282.0 1.7078625011050839 4.849455154694876 40.0 
291.0 283.0 1.7078625011050839 4.849455154694876 40.0 
291.0 284.0 1.7078625011050839 4.849455154694876 40.0 
291.0 285.0 1.7078625011050839 4.849455154694876 40.0 
291.0 286.0 1.7078625011050839 4.849455154694876 40.0 
291.0 287.0 1.7078625011050839 4.849455154694876 40.0 
291.0 288.0 1.7078625011050839 4.849455154694876 40.0 
291.0 289.0 1.7078625011050839 4.849455154694876 40.0 
291.0 290.0 1.7078625011050839 4.849455154694876 40.0 
291.0 291.0 1.7078625011050839 4.849455154694876 40.0 
292.0 278.0 1.7078625011050839 4.849455154694876 40.0 
292.0 279.0 1.7078625011050839 4.849455154694876 40.0 
292.0 280.0 1.7078625011050839 4.849455154694876 40.0 
292.0 281.0 1.7078625011050839 4.849455154694876 40.0 
292.0 282.0 1.7078625011050839 4.849455154694876 40.0 
292.0 283.0 1.7078625011050839 4.849455154694876 40.0 
292.0 284.0 1.7078625011050839 4.849455154694876 40.0 
281.0 325.0 1.6951513213416574 4.8367439749314505 24.0 
281.0 326.0 1.6951513213416574 4.8367439749314505 24.0 
281.0 327.0 1.6951513213416574 4.8367439749314505 24.0 
281.0 328.0 1.6951513213416574 4.8367439749314505 24.0 
281.0 329.0 1.6951513213416574 4.8367439749314505 24.0 
281.0 330.0 1.6951513213416574 4.8367439749314505 24.0 
281.0 331.0 1.6951513213416574 4.8367439749314505 24.0 
281.0 332.0 1.6951513213416574 4.8367439749314505 24.0 
282.0 317.0 1.6951513213416574 4.8367439749314505 24.0 
282.0 318.0 1.6951513213416574 4.8367439749314505 24.0 
282.0 319.0 1.6951513213416574 4.8367439749314505 24.0 
282.0 320.0 1.6951513213416574 4.8367439749314505 24.0 
282.0 321.0 1.6951513213416574 4.8367439749314505 24.0 
282.0 322.0 1.6951513213416574 4.8367439749314505 24.0 
282.0 323.0 1.6951513213416574 4.8367439749314505 24.0 
282.0 324.0 1.6951513213416574 4.8367439749314505 24.0 
282.0 325.0 1.6951513213416574 4.8367439749314505 24.0 
282.0 326.0 1.6951513213416574 4.8367439749314505 24.0 
282.0 327.0 1.6951513213416574 4.8367439749314505 24.0 
282.0 328.0 1.6951513213416574 4.8367439749314505 24.0 
282.0 329.0 1.6951513213416574 4.8367439749314505 24.0 
282.0 330.0 1.6951513213416574 4.8367439749314505 24.0 
282.0 331.0 1.6951513213416574 4.8367439749314505 24.0 
282.0 332.0 1.6951513213416574 4.8367439749314505 24.0 
282.0 333.0 1.6951513213416574 4.8367439749314505 24.0 
283.0 317.0 1.6951513213416574 4.8367439749314505 24.0 
283.0 318.0 1.6951513213416574 4.8367439749314505 24.0 
283.0 319.0 1.6951513213416574 4.8367439749314505 24.0 
283.0 320.0 1.6951513213416574 4.8367439749314505 24.0 
283.0 321.0 1.6951513213416574 4.8367439749314505 24.0 
283.0 322.0 1.6951513213416574 4.8367439749314505 24.0 
283.0 323.0 1.6951513213416574 4.8367439749314505 24.0 
283.0 324.0 1.6951513213416574 4.8367439749314505 24.0 
283.0 325.0 1.6951513213416574 4.8367439749314505 24.0 
