296.0 297.0 4.69198364969815 1.5503909961083573 72.0 
296.0 298.0 4.69198364969815 1.5503909961083573 72.0 
296.0 299.0 4.69198364969815 1.5503909961083573 72.0 
296.0 300.0 4.69198364969815 1.5503909961083573 72.0 
296.0 301.0 4.69198364969815 1.5503909961083573 72.0 
296.0 302.0 4.69198364969815 1.5503909961083573 72.0 
296.0 303.0 4.69198364969815 1.5503909961083573 72.0 
296.0 304.0 4.69198364969815 1.5503909961083573 72.0 
296.0 305.0 4.69198364969815 1.5503909961083573 72.0 
296.0 306.0 4.69198364969815 1.5503909961083573 72.0 
296.0 307.0 4.69198364969815 1.5503909961083573 72.0 
296.0 308.0 4.69198364969815 1.5503909961083573 72.0 
296.0 309.0 4.69198364969815 1.5503909961083573 72.0 
296.0 310.0 4.69198364969815 1.5503909961083573 72.0 
296.0 311.0 4.69198364969815 1.5503909961083573 72.0 
296.0 312.0 4.69198364969815 1.5503909961083573 72.0 
296.0 313.0 4.69198364969815 1.5503909961083573 72.0 
296.0 314.0 4.69198364969815 1.5503909961083573 72.0 
296.0 315.0 4.69198364969815 1.5503909961083573 72.0 
296.0 316.0 4.69198364969815 1.5503909961083573 72.0 
296.0 317.0 4.69198364969815 1.5503909961083573 72.0 
296.0 318.0 4.69198364969815 1.5503909961083573 72.0 
296.0 319.0 4.69198364969815 1.5503909961083573 72.0 
296.0 320.0 4.69198364969815 1.5503909961083573 72.0 
296.0 321.0 4.69198364969815 1.5503909961083573 72.0 
296.0 322.0 4.69198364969815 1.5503909961083573 72.0 
296.0 323.0 4.69198364969815 1.5503909961083573 72.0 
296.0 324.0 4.69198364969815 1.5503909961083573 72.0 
296.0 325.0 4.69198364969815 1.5503909961083573 72.0 
296.0 326.0 4.69198364969815 1.5503909961083573 72.0 
296.0 327.0 4.69198364969815 1.5503909961083573 72.0 
296.0 328.0 4.69198364969815 1.5503909961083573 72.0 
296.0 329.0 4.69198364969815 1.5503909961083573 72.0 
296.0 330.0 4.69198364969815 1.5503909961083573 72.0 
296.0 331.0 4.69198364969815 1.5503909961083573 72.0 
296.0 332.0 4.69198364969815 1.5503909961083573 72.0 
296.0 333.0 4.69198364969815 1.5503909961083573 72.0 
296.0 334.0 4.69198364969815 1.5503909961083573 72.0 
296.0 335.0 4.69198364969815 1.5503909961083573 72.0 
296.0 336.0 4.69198364969815 1.5503909961083573 72.0 
296.0 337.0 4.69198364969815 1.5503909961083573 72.0 
296.0 338.0 4.69198364969815 1.5503909961083573 72.0 
296.0 339.0 4.69198364969815 1.5503909961083573 72.0 
296.0 340.0 4.69198364969815 1.5503909961083573 72.0 
296.0 341.0 4.69198364969815 1.5503909961083573 72.0 
296.0 342.0 4.69198364969815 1.5503909961083573 72.0 
296.0 343.0 4.69198364969815 1.5503909961083573 72.0 
296.0 344.0 4.69198364969815 1.5503909961083573 72.0 
296.0 345.0 4.69198364969815 1.5503909961083573 72.0 
297.0 297.0 4.69198364969815 1.5503909961083573 72.0 
297.0 298.0 4.69198364969815 1.5503909961083573 72.0 
297.0 299.0 4.69198364969815 1.5503909961083573 72.0 
297.0 300.0 4.69198364969815 1.5503909961083573 72.0 
297.0 301.0 4.69198364969815 1.5503909961083573 72.0 
297.0 302.0 4.69198364969815 1.5503909961083573 72.0 
297.0 303.0 4.69198364969815 1.5503909961083573 72.0 
297.0 304.0 4.69198364969815 1.5503909961083573 72.0 
297.0 305.0 4.69198364969815 1.5503909961083573 72.0 
297.0 306.0 4.69198364969815 1.5503909961083573 72.0 
297.0 307.0 4.69198364969815 1.5503909961083573 72.0 
297.0 308.0 4.69198364969815 1.5503909961083573 72.0 
297.0 309.0 4.69198364969815 1.5503909961083573 72.0 
297.0 310.0 4.69198364969815 1.5503909961083573 72.0 
297.0 311.0 4.69198364969815 1.5503909961083573 72.0 
297.0 312.0 4.69198364969815 1.5503909961083573 72.0 
297.0 313.0 4.69198364969815 1.5503909961083573 72.0 
297.0 314.0 4.69198364969815 1.5503909961083573 72.0 
297.0 315.0 4.69198364969815 1.5503909961083573 72.0 
297.0 316.0 4.69198364969815 1.5503909961083573 72.0 
297.0 317.0 4.69198364969815 1.5503909961083573 72.0 
297.0 318.0 4.69198364969815 1.5503909961083573 72.0 
297.0 319.0 4.69198364969815 1.5503909961083573 72.0 
297.0 320.0 4.69198364969815 1.5503909961083573 72.0 
297.0 321.0 4.69198364969815 1.5503909961083573 72.0 
297.0 322.0 4.69198364969815 1.5503909961083573 72.0 
297.0 323.0 4.69198364969815 1.5503909961083573 72.0 
297.0 324.0 4.69198364969815 1.5503909961083573 72.0 
297.0 325.0 4.69198364969815 1.5503909961083573 72.0 
297.0 326.0 4.69198364969815 1.5503909961083573 72.0 
297.0 327.0 4.69198364969815 1.5503909961083573 72.0 
297.0 328.0 4.69198364969815 1.5503909961083573 72.0 
297.0 329.0 4.69198364969815 1.5503909961083573 72.0 
297.0 330.0 4.69198364969815 1.5503909961083573 72.0 
297.0 331.0 4.69198364969815 1.5503909961083573 72.0 
297.0 332.0 4.69198364969815 1.5503909961083573 72.0 
297.0 333.0 4.69198364969815 1.5503909961083573 72.0 
297.0 334.0 4.69198364969815 1.5503909961083573 72.0 
297.0 335.0 4.69198364969815 1.5503909961083573 72.0 
297.0 336.0 4.69198364969815 1.5503909961083573 72.0 
297.0 337.0 4.69198364969815 1.5503909961083573 72.0 
297.0 338.0 4.69198364969815 1.5503909961083573 72.0 
297.0 339.0 4.69198364969815 1.5503909961083573 72.0 
297.0 340.0 4.69198364969815 1.5503909961083573 72.0 
297.0 341.0 4.69198364969815 1.5503909961083573 72.0 
297.0 342.0 4.69198364969815 1.5503909961083573 72.0 
297.0 343.0 4.69198364969815 1.5503909961083573 72.0 
297.0 344.0 4.69198364969815 1.5503909961083573 72.0 
297.0 345.0 4.69198364969815 1.5503909961083573 72.0 
298.0 296.0 4.69198364969815 1.5503909961083573 72.0 
298.0 297.0 4.69198364969815 1.5503909961083573 72.0 
298.0 298.0 4.69198364969815 1.5503909961083573 72.0 
298.0 299.0 4.69198364969815 1.5503909961083573 72.0 
298.0 300.0 4.69198364969815 1.5503909961083573 72.0 
298.0 301.0 4.69198364969815 1.5503909961083573 72.0 
298.0 302.0 4.69198364969815 1.5503909961083573 72.0 
298.0 303.0 4.69198364969815 1.5503909961083573 72.0 
298.0 304.0 4.69198364969815 1.5503909961083573 72.0 
298.0 305.0 4.69198364969815 1.5503909961083573 72.0 
298.0 306.0 4.69198364969815 1.5503909961083573 72.0 
298.0 307.0 4.69198364969815 1.5503909961083573 72.0 
298.0 308.0 4.69198364969815 1.5503909961083573 72.0 
298.0 309.0 4.69198364969815 1.5503909961083573 72.0 
298.0 310.0 4.69198364969815 1.5503909961083573 72.0 
298.0 311.0 4.69198364969815 1.5503909961083573 72.0 
298.0 312.0 4.69198364969815 1.5503909961083573 72.0 
298.0 313.0 4.69198364969815 1.5503909961083573 72.0 
298.0 314.0 4.69198364969815 1.5503909961083573 72.0 
298.0 315.0 4.69198364969815 1.5503909961083573 72.0 
298.0 316.0 4.69198364969815 1.5503909961083573 72.0 
298.0 317.0 4.69198364969815 1.5503909961083573 72.0 
298.0 318.0 4.69198364969815 1.5503909961083573 72.0 
298.0 319.0 4.69198364969815 1.5503909961083573 72.0 
298.0 320.0 4.69198364969815 1.5503909961083573 72.0 
298.0 321.0 4.69198364969815 1.5503909961083573 72.0 
298.0 322.0 4.69198364969815 1.5503909961083573 72.0 
298.0 323.0 4.69198364969815 1.5503909961083573 72.0 
298.0 324.0 4.69198364969815 1.5503909961083573 72.0 
298.0 325.0 4.69198364969815 1.5503909961083573 72.0 
298.0 326.0 4.69198364969815 1.5503909961083573 72.0 
298.0 327.0 4.69198364969815 1.5503909961083573 72.0 
298.0 328.0 4.69198364969815 1.5503909961083573 72.0 
298.0 329.0 4.69198364969815 1.5503909961083573 72.0 
298.0 330.0 4.69198364969815 1.5503909961083573 72.0 
298.0 331.0 4.69198364969815 1.5503909961083573 72.0 
298.0 332.0 4.69198364969815 1.5503909961083573 72.0 
298.0 333.0 4.69198364969815 1.5503909961083573 72.0 
298.0 334.0 4.69198364969815 1.5503909961083573 72.0 
298.0 335.0 4.69198364969815 1.5503909961083573 72.0 
298.0 336.0 4.69198364969815 1.5503909961083573 72.0 
298.0 337.0 4.69198364969815 1.5503909961083573 72.0 
298.0 338.0 4.69198364969815 1.5503909961083573 72.0 
298.0 339.0 4.69198364969815 1.5503909961083573 72.0 
298.0 340.0 4.69198364969815 1.5503909961083573 72.0 
298.0 341.0 4.69198364969815 1.5503909961083573 72.0 
298.0 342.0 4.69198364969815 1.5503909961083573 72.0 
298.0 343.0 4.69198364969815 1.5503909961083573 72.0 
298.0 344.0 4.69198364969815 1.5503909961083573 72.0 
298.0 345.0 4.69198364969815 1.5503909961083573 72.0 
299.0 296.0 4.69198364969815 1.5503909961083573 72.0 
299.0 297.0 4.69198364969815 1.5503909961083573 72.0 
299.0 298.0 4.69198364969815 1.5503909961083573 72.0 
299.0 299.0 4.69198364969815 1.5503909961083573 72.0 
299.0 300.0 4.69198364969815 1.5503909961083573 72.0 
299.0 301.0 4.69198364969815 1.5503909961083573 72.0 
299.0 302.0 4.69198364969815 1.5503909961083573 72.0 
299.0 303.0 4.69198364969815 1.5503909961083573 72.0 
299.0 304.0 4.69198364969815 1.5503909961083573 72.0 
299.0 305.0 4.69198364969815 1.5503909961083573 72.0 
299.0 306.0 4.69198364969815 1.5503909961083573 72.0 
299.0 307.0 4.69198364969815 1.5503909961083573 72.0 
299.0 308.0 4.69198364969815 1.5503909961083573 72.0 
299.0 309.0 4.69198364969815 1.5503909961083573 72.0 
299.0 310.0 4.69198364969815 1.5503909961083573 72.0 
299.0 311.0 4.69198364969815 1.5503909961083573 72.0 
299.0 312.0 4.69198364969815 1.5503909961083573 72.0 
299.0 313.0 4.69198364969815 1.5503909961083573 72.0 
299.0 314.0 4.69198364969815 1.5503909961083573 72.0 
299.0 315.0 4.69198364969815 1.5503909961083573 72.0 
299.0 316.0 4.69198364969815 1.5503909961083573 72.0 
299.0 317.0 4.69198364969815 1.5503909961083573 72.0 
299.0 318.0 4.69198364969815 1.5503909961083573 72.0 
299.0 319.0 4.69198364969815 1.5503909961083573 72.0 
299.0 320.0 4.69198364969815 1.5503909961083573 72.0 
299.0 321.0 4.69198364969815 1.5503909961083573 72.0 
299.0 322.0 4.69198364969815 1.5503909961083573 72.0 
299.0 323.0 4.69198364969815 1.5503909961083573 72.0 
299.0 324.0 4.69198364969815 1.5503909961083573 72.0 
299.0 325.0 4.69198364969815 1.5503909961083573 72.0 
299.0 326.0 4.69198364969815 1.5503909961083573 72.0 
299.0 327.0 4.69198364969815 1.5503909961083573 72.0 
299.0 328.0 4.69198364969815 1.5503909961083573 72.0 
299.0 329.0 4.69198364969815 1.5503909961083573 72.0 
299.0 330.0 4.69198364969815 1.5503909961083573 72.0 
299.0 331.0 4.69198364969815 1.5503909961083573 72.0 
299.0 332.0 4.69198364969815 1.5503909961083573 72.0 
299.0 333.0 4.69198364969815 1.5503909961083573 72.0 
299.0 334.0 4.69198364969815 1.5503909961083573 72.0 
299.0 335.0 4.69198364969815 1.5503909961083573 72.0 
299.0 336.0 4.69198364969815 1.5503909961083573 72.0 
299.0 337.0 4.69198364969815 1.5503909961083573 72.0 
299.0 338.0 4.69198364969815 1.5503909961083573 72.0 
299.0 339.0 4.69198364969815 1.5503909961083573 72.0 
299.0 340.0 4.69198364969815 1.5503909961083573 72.0 
299.0 341.0 4.69198364969815 1.5503909961083573 72.0 
299.0 342.0 4.69198364969815 1.5503909961083573 72.0 
299.0 343.0 4.69198364969815 1.5503909961083573 72.0 
299.0 344.0 4.69198364969815 1.5503909961083573 72.0 
300.0 296.0 4.69198364969815 1.5503909961083573 72.0 
300.0 297.0 4.69198364969815 1.5503909961083573 72.0 
300.0 298.0 4.69198364969815 1.5503909961083573 72.0 
300.0 299.0 4.69198364969815 1.5503909961083573 72.0 
300.0 300.0 4.69198364969815 1.5503909961083573 72.0 
300.0 301.0 4.69198364969815 1.5503909961083573 72.0 
300.0 302.0 4.69198364969815 1.5503909961083573 72.0 
300.0 303.0 4.69198364969815 1.5503909961083573 72.0 
300.0 304.0 4.69198364969815 1.5503909961083573 72.0 
300.0 305.0 4.69198364969815 1.5503909961083573 72.0 
300.0 306.0 4.69198364969815 1.5503909961083573 72.0 
300.0 307.0 4.69198364969815 1.5503909961083573 72.0 
300.0 308.0 4.69198364969815 1.5503909961083573 72.0 
300.0 309.0 4.69198364969815 1.5503909961083573 72.0 
300.0 310.0 4.69198364969815 1.5503909961083573 72.0 
300.0 311.0 4.69198364969815 1.5503909961083573 72.0 
300.0 312.0 4.69198364969815 1.5503909961083573 72.0 
300.0 313.0 4.69198364969815 1.5503909961083573 72.0 
300.0 314.0 4.69198364969815 1.5503909961083573 72.0 
300.0 315.0 4.69198364969815 1.5503909961083573 72.0 
300.0 316.0 4.69198364969815 1.5503909961083573 72.0 
300.0 317.0 4.69198364969815 1.5503909961083573 72.0 
300.0 318.0 4.69198364969815 1.5503909961083573 72.0 
300.0 319.0 4.69198364969815 1.5503909961083573 72.0 
300.0 320.0 4.69198364969815 1.5503909961083573 72.0 
300.0 321.0 4.69198364969815 1.5503909961083573 72.0 
300.0 322.0 4.69198364969815 1.5503909961083573 72.0 
300.0 323.0 4.69198364969815 1.5503909961083573 72.0 
300.0 324.0 4.69198364969815 1.5503909961083573 72.0 
300.0 325.0 4.69198364969815 1.5503909961083573 72.0 
300.0 326.0 4.69198364969815 1.5503909961083573 72.0 
300.0 327.0 4.69198364969815 1.5503909961083573 72.0 
300.0 328.0 4.69198364969815 1.5503909961083573 72.0 
300.0 329.0 4.69198364969815 1.5503909961083573 72.0 
300.0 330.0 4.69198364969815 1.5503909961083573 72.0 
300.0 331.0 4.69198364969815 1.5503909961083573 72.0 
300.0 332.0 4.69198364969815 1.5503909961083573 72.0 
300.0 333.0 4.69198364969815 1.5503909961083573 72.0 
300.0 334.0 4.69198364969815 1.5503909961083573 72.0 
300.0 335.0 4.69198364969815 1.5503909961083573 72.0 
300.0 336.0 4.69198364969815 1.5503909961083573 72.0 
300.0 337.0 4.69198364969815 1.5503909961083573 72.0 
300.0 338.0 4.69198364969815 1.5503909961083573 72.0 
300.0 339.0 4.69198364969815 1.5503909961083573 72.0 
300.0 340.0 4.69198364969815 1.5503909961083573 72.0 
300.0 341.0 4.69198364969815 1.5503909961083573 72.0 
300.0 342.0 4.69198364969815 1.5503909961083573 72.0 
300.0 343.0 4.69198364969815 1.5503909961083573 72.0 
300.0 344.0 4.69198364969815 1.5503909961083573 72.0 
301.0 296.0 4.69198364969815 1.5503909961083573 72.0 
301.0 297.0 4.69198364969815 1.5503909961083573 72.0 
301.0 298.0 4.69198364969815 1.5503909961083573 72.0 
301.0 299.0 4.69198364969815 1.5503909961083573 72.0 
301.0 300.0 4.69198364969815 1.5503909961083573 72.0 
301.0 301.0 4.69198364969815 1.5503909961083573 72.0 
301.0 302.0 4.69198364969815 1.5503909961083573 72.0 
301.0 303.0 4.69198364969815 1.5503909961083573 72.0 
301.0 304.0 4.69198364969815 1.5503909961083573 72.0 
301.0 305.0 4.69198364969815 1.5503909961083573 72.0 
301.0 306.0 4.69198364969815 1.5503909961083573 72.0 
301.0 307.0 4.69198364969815 1.5503909961083573 72.0 
301.0 308.0 4.69198364969815 1.5503909961083573 72.0 
301.0 309.0 4.69198364969815 1.5503909961083573 72.0 
301.0 310.0 4.69198364969815 1.5503909961083573 72.0 
301.0 311.0 4.69198364969815 1.5503909961083573 72.0 
301.0 312.0 4.69198364969815 1.5503909961083573 72.0 
301.0 313.0 4.69198364969815 1.5503909961083573 72.0 
301.0 314.0 4.69198364969815 1.5503909961083573 72.0 
301.0 315.0 4.69198364969815 1.5503909961083573 72.0 
301.0 316.0 4.69198364969815 1.5503909961083573 72.0 
301.0 317.0 4.69198364969815 1.5503909961083573 72.0 
301.0 318.0 4.69198364969815 1.5503909961083573 72.0 
301.0 319.0 4.69198364969815 1.5503909961083573 72.0 
301.0 320.0 4.69198364969815 1.5503909961083573 72.0 
301.0 321.0 4.69198364969815 1.5503909961083573 72.0 
301.0 322.0 4.69198364969815 1.5503909961083573 72.0 
301.0 323.0 4.69198364969815 1.5503909961083573 72.0 
301.0 324.0 4.69198364969815 1.5503909961083573 72.0 
301.0 325.0 4.69198364969815 1.5503909961083573 72.0 
301.0 326.0 4.69198364969815 1.5503909961083573 72.0 
301.0 327.0 4.69198364969815 1.5503909961083573 72.0 
301.0 328.0 4.69198364969815 1.5503909961083573 72.0 
301.0 329.0 4.69198364969815 1.5503909961083573 72.0 
301.0 330.0 4.69198364969815 1.5503909961083573 72.0 
301.0 331.0 4.69198364969815 1.5503909961083573 72.0 
301.0 332.0 4.69198364969815 1.5503909961083573 72.0 
301.0 333.0 4.69198364969815 1.5503909961083573 72.0 
301.0 334.0 4.69198364969815 1.5503909961083573 72.0 
301.0 335.0 4.69198364969815 1.5503909961083573 72.0 
301.0 336.0 4.69198364969815 1.5503909961083573 72.0 
301.0 337.0 4.69198364969815 1.5503909961083573 72.0 
301.0 338.0 4.69198364969815 1.5503909961083573 72.0 
301.0 339.0 4.69198364969815 1.5503909961083573 72.0 
301.0 340.0 4.69198364969815 1.5503909961083573 72.0 
301.0 341.0 4.69198364969815 1.5503909961083573 72.0 
301.0 342.0 4.69198364969815 1.5503909961083573 72.0 
301.0 343.0 4.69198364969815 1.5503909961083573 72.0 
301.0 344.0 4.69198364969815 1.5503909961083573 72.0 
333.0 383.0 1.5707963267948966 4.71238898038469 40.0 
333.0 384.0 1.5707963267948966 4.71238898038469 40.0 
333.0 385.0 1.5707963267948966 4.71238898038469 40.0 
333.0 386.0 1.5707963267948966 4.71238898038469 40.0 
333.0 387.0 1.5707963267948966 4.71238898038469 40.0 
333.0 388.0 1.5707963267948966 4.71238898038469 40.0 
333.0 389.0 1.5707963267948966 4.71238898038469 40.0 
333.0 390.0 1.5707963267948966 4.71238898038469 40.0 
333.0 391.0 1.5707963267948966 4.71238898038469 40.0 
333.0 392.0 1.5707963267948966 4.71238898038469 40.0 
333.0 393.0 1.5707963267948966 4.71238898038469 40.0 
333.0 394.0 1.5707963267948966 4.71238898038469 40.0 
333.0 395.0 1.5707963267948966 4.71238898038469 40.0 
333.0 396.0 1.5707963267948966 4.71238898038469 40.0 
333.0 397.0 1.5707963267948966 4.71238898038469 40.0 
333.0 398.0 1.5707963267948966 4.71238898038469 40.0 
334.0 383.0 1.5707963267948966 4.71238898038469 40.0 
334.0 384.0 1.5707963267948966 4.71238898038469 40.0 
334.0 385.0 1.5707963267948966 4.71238898038469 40.0 
334.0 386.0 1.5707963267948966 4.71238898038469 40.0 
334.0 387.0 1.5707963267948966 4.71238898038469 40.0 
334.0 388.0 1.5707963267948966 4.71238898038469 40.0 
334.0 389.0 1.5707963267948966 4.71238898038469 40.0 
334.0 390.0 1.5707963267948966 4.71238898038469 40.0 
334.0 391.0 1.5707963267948966 4.71238898038469 40.0 
334.0 392.0 1.5707963267948966 4.71238898038469 40.0 
334.0 393.0 1.5707963267948966 4.71238898038469 40.0 
334.0 394.0 1.5707963267948966 4.71238898038469 40.0 
334.0 395.0 1.5707963267948966 4.71238898038469 40.0 
334.0 396.0 1.5707963267948966 4.71238898038469 40.0 
334.0 397.0 1.5707963267948966 4.71238898038469 40.0 
334.0 398.0 1.5707963267948966 4.71238898038469 40.0 
335.0 383.0 1.5707963267948966 4.71238898038469 40.0 
335.0 384.0 1.5707963267948966 4.71238898038469 40.0 
335.0 385.0 1.5707963267948966 4.71238898038469 40.0 
335.0 386.0 1.5707963267948966 4.71238898038469 40.0 
335.0 387.0 1.5707963267948966 4.71238898038469 40.0 
335.0 388.0 1.5707963267948966 4.71238898038469 40.0 
335.0 389.0 1.5707963267948966 4.71238898038469 40.0 
335.0 390.0 1.5707963267948966 4.71238898038469 40.0 
335.0 391.0 1.5707963267948966 4.71238898038469 40.0 
335.0 392.0 1.5707963267948966 4.71238898038469 40.0 
335.0 393.0 1.5707963267948966 4.71238898038469 40.0 
335.0 394.0 1.5707963267948966 4.71238898038469 40.0 
335.0 395.0 1.5707963267948966 4.71238898038469 40.0 
335.0 396.0 1.5707963267948966 4.71238898038469 40.0 
335.0 397.0 1.5707963267948966 4.71238898038469 40.0 
335.0 398.0 1.5707963267948966 4.71238898038469 40.0 
336.0 383.0 1.5707963267948966 4.71238898038469 40.0 
336.0 384.0 1.5707963267948966 4.71238898038469 40.0 
336.0 385.0 1.5707963267948966 4.71238898038469 40.0 
336.0 386.0 1.5707963267948966 4.71238898038469 40.0 
336.0 387.0 1.5707963267948966 4.71238898038469 40.0 
336.0 388.0 1.5707963267948966 4.71238898038469 40.0 
336.0 389.0 1.5707963267948966 4.71238898038469 40.0 
336.0 390.0 1.5707963267948966 4.71238898038469 40.0 
336.0 391.0 1.5707963267948966 4.71238898038469 40.0 
336.0 392.0 1.5707963267948966 4.71238898038469 40.0 
336.0 393.0 1.5707963267948966 4.71238898038469 40.0 
336.0 394.0 1.5707963267948966 4.71238898038469 40.0 
336.0 395.0 1.5707963267948966 4.71238898038469 40.0 
336.0 396.0 1.5707963267948966 4.71238898038469 40.0 
336.0 397.0 1.5707963267948966 4.71238898038469 40.0 
336.0 398.0 1.5707963267948966 4.71238898038469 40.0 
337.0 383.0 1.5707963267948966 4.71238898038469 40.0 
337.0 384.0 1.5707963267948966 4.71238898038469 40.0 
337.0 385.0 1.5707963267948966 4.71238898038469 40.0 
337.0 386.0 1.5707963267948966 4.71238898038469 40.0 
337.0 387.0 1.5707963267948966 4.71238898038469 40.0 
337.0 388.0 1.5707963267948966 4.71238898038469 40.0 
337.0 389.0 1.5707963267948966 4.71238898038469 40.0 
337.0 390.0 1.5707963267948966 4.71238898038469 40.0 
337.0 391.0 1.5707963267948966 4.71238898038469 40.0 
337.0 392.0 1.5707963267948966 4.71238898038469 40.0 
337.0 393.0 1.5707963267948966 4.71238898038469 40.0 
337.0 394.0 1.5707963267948966 4.71238898038469 40.0 
337.0 395.0 1.5707963267948966 4.71238898038469 40.0 
337.0 396.0 1.5707963267948966 4.71238898038469 40.0 
337.0 397.0 1.5707963267948966 4.71238898038469 40.0 
337.0 398.0 1.5707963267948966 4.71238898038469 40.0 
338.0 383.0 1.5707963267948966 4.71238898038469 40.0 
338.0 384.0 1.5707963267948966 4.71238898038469 40.0 
338.0 385.0 1.5707963267948966 4.71238898038469 40.0 
338.0 386.0 1.5707963267948966 4.71238898038469 40.0 
338.0 387.0 1.5707963267948966 4.71238898038469 40.0 
338.0 388.0 1.5707963267948966 4.71238898038469 40.0 
338.0 389.0 1.5707963267948966 4.71238898038469 40.0 
338.0 390.0 1.5707963267948966 4.71238898038469 40.0 
338.0 391.0 1.5707963267948966 4.71238898038469 40.0 
338.0 392.0 1.5707963267948966 4.71238898038469 40.0 
338.0 393.0 1.5707963267948966 4.71238898038469 40.0 
338.0 394.0 1.5707963267948966 4.71238898038469 40.0 
338.0 395.0 1.5707963267948966 4.71238898038469 40.0 
338.0 396.0 1.5707963267948966 4.71238898038469 40.0 
338.0 397.0 1.5707963267948966 4.71238898038469 40.0 
338.0 398.0 1.5707963267948966 4.71238898038469 40.0 
