104 286 72.0 
104 287 72.0 
104 288 72.0 
104 289 72.0 
104 290 72.0 
105 286 72.0 
105 287 72.0 
105 288 72.0 
105 289 72.0 
105 290 72.0 
106 286 72.0 
106 287 72.0 
106 288 72.0 
106 289 72.0 
106 290 72.0 
107 286 72.0 
107 287 72.0 
107 288 72.0 
107 289 72.0 
107 290 72.0 
108 286 72.0 
108 287 72.0 
108 288 72.0 
108 289 72.0 
108 290 72.0 
129.0 298.0 3.3088465910520544 0.16725393746226122 72.0 
129.0 299.0 3.3088465910520544 0.16725393746226122 72.0 
129.0 300.0 3.3088465910520544 0.16725393746226122 72.0 
129.0 301.0 3.3088465910520544 0.16725393746226122 72.0 
130.0 296.0 3.3088465910520544 0.16725393746226122 72.0 
130.0 297.0 3.3088465910520544 0.16725393746226122 72.0 
130.0 298.0 3.3088465910520544 0.16725393746226122 72.0 
130.0 299.0 3.3088465910520544 0.16725393746226122 72.0 
130.0 300.0 3.3088465910520544 0.16725393746226122 72.0 
130.0 301.0 3.3088465910520544 0.16725393746226122 72.0 
131.0 296.0 3.3088465910520544 0.16725393746226122 72.0 
131.0 297.0 3.3088465910520544 0.16725393746226122 72.0 
131.0 298.0 3.3088465910520544 0.16725393746226122 72.0 
131.0 299.0 3.3088465910520544 0.16725393746226122 72.0 
131.0 300.0 3.3088465910520544 0.16725393746226122 72.0 
131.0 301.0 3.3088465910520544 0.16725393746226122 72.0 
132.0 296.0 3.3088465910520544 0.16725393746226122 72.0 
132.0 297.0 3.3088465910520544 0.16725393746226122 72.0 
132.0 298.0 3.3088465910520544 0.16725393746226122 72.0 
132.0 299.0 3.3088465910520544 0.16725393746226122 72.0 
132.0 300.0 3.3088465910520544 0.16725393746226122 72.0 
132.0 301.0 3.3088465910520544 0.16725393746226122 72.0 
133.0 296.0 3.3088465910520544 0.16725393746226122 72.0 
133.0 297.0 3.3088465910520544 0.16725393746226122 72.0 
133.0 298.0 3.3088465910520544 0.16725393746226122 72.0 
133.0 299.0 3.3088465910520544 0.16725393746226122 72.0 
133.0 300.0 3.3088465910520544 0.16725393746226122 72.0 
133.0 301.0 3.3088465910520544 0.16725393746226122 72.0 
134.0 296.0 3.3088465910520544 0.16725393746226122 72.0 
134.0 297.0 3.3088465910520544 0.16725393746226122 72.0 
134.0 298.0 3.3088465910520544 0.16725393746226122 72.0 
134.0 299.0 3.3088465910520544 0.16725393746226122 72.0 
134.0 300.0 3.3088465910520544 0.16725393746226122 72.0 
134.0 301.0 3.3088465910520544 0.16725393746226122 72.0 
135.0 296.0 3.3088465910520544 0.16725393746226122 72.0 
135.0 297.0 3.3088465910520544 0.16725393746226122 72.0 
135.0 298.0 3.3088465910520544 0.16725393746226122 72.0 
135.0 299.0 3.3088465910520544 0.16725393746226122 72.0 
135.0 300.0 3.3088465910520544 0.16725393746226122 72.0 
135.0 301.0 3.3088465910520544 0.16725393746226122 72.0 
135.0 302.0 3.3088465910520544 0.16725393746226122 72.0 
136.0 297.0 3.3088465910520544 0.16725393746226122 72.0 
136.0 298.0 3.3088465910520544 0.16725393746226122 72.0 
136.0 299.0 3.3088465910520544 0.16725393746226122 72.0 
136.0 300.0 3.3088465910520544 0.16725393746226122 72.0 
136.0 301.0 3.3088465910520544 0.16725393746226122 72.0 
136.0 302.0 3.3088465910520544 0.16725393746226122 72.0 
137.0 297.0 3.3088465910520544 0.16725393746226122 72.0 
137.0 298.0 3.3088465910520544 0.16725393746226122 72.0 
137.0 299.0 3.3088465910520544 0.16725393746226122 72.0 
137.0 300.0 3.3088465910520544 0.16725393746226122 72.0 
137.0 301.0 3.3088465910520544 0.16725393746226122 72.0 
137.0 302.0 3.3088465910520544 0.16725393746226122 72.0 
138.0 297.0 3.3088465910520544 0.16725393746226122 72.0 
138.0 298.0 3.3088465910520544 0.16725393746226122 72.0 
138.0 299.0 3.3088465910520544 0.16725393746226122 72.0 
138.0 300.0 3.3088465910520544 0.16725393746226122 72.0 
138.0 301.0 3.3088465910520544 0.16725393746226122 72.0 
138.0 302.0 3.3088465910520544 0.16725393746226122 72.0 
139.0 297.0 3.3088465910520544 0.16725393746226122 72.0 
139.0 298.0 3.3088465910520544 0.16725393746226122 72.0 
139.0 299.0 3.3088465910520544 0.16725393746226122 72.0 
139.0 300.0 3.3088465910520544 0.16725393746226122 72.0 
139.0 301.0 3.3088465910520544 0.16725393746226122 72.0 
139.0 302.0 3.3088465910520544 0.16725393746226122 72.0 
140.0 297.0 3.3088465910520544 0.16725393746226122 72.0 
140.0 298.0 3.3088465910520544 0.16725393746226122 72.0 
140.0 299.0 3.3088465910520544 0.16725393746226122 72.0 
140.0 300.0 3.3088465910520544 0.16725393746226122 72.0 
140.0 301.0 3.3088465910520544 0.16725393746226122 72.0 
140.0 302.0 3.3088465910520544 0.16725393746226122 72.0 
141.0 297.0 3.3088465910520544 0.16725393746226122 72.0 
141.0 298.0 3.3088465910520544 0.16725393746226122 72.0 
141.0 299.0 3.3088465910520544 0.16725393746226122 72.0 
141.0 300.0 3.3088465910520544 0.16725393746226122 72.0 
141.0 301.0 3.3088465910520544 0.16725393746226122 72.0 
141.0 302.0 3.3088465910520544 0.16725393746226122 72.0 
141.0 303.0 3.3088465910520544 0.16725393746226122 72.0 
142.0 298.0 3.3088465910520544 0.16725393746226122 72.0 
142.0 299.0 3.3088465910520544 0.16725393746226122 72.0 
142.0 300.0 3.3088465910520544 0.16725393746226122 72.0 
142.0 301.0 3.3088465910520544 0.16725393746226122 72.0 
142.0 302.0 3.3088465910520544 0.16725393746226122 72.0 
142.0 303.0 3.3088465910520544 0.16725393746226122 72.0 
143.0 298.0 3.3088465910520544 0.16725393746226122 72.0 
143.0 299.0 3.3088465910520544 0.16725393746226122 72.0 
143.0 300.0 3.3088465910520544 0.16725393746226122 72.0 
143.0 301.0 3.3088465910520544 0.16725393746226122 72.0 
143.0 302.0 3.3088465910520544 0.16725393746226122 72.0 
143.0 303.0 3.3088465910520544 0.16725393746226122 72.0 
144.0 298.0 3.3088465910520544 0.16725393746226122 72.0 
144.0 299.0 3.3088465910520544 0.16725393746226122 72.0 
144.0 300.0 3.3088465910520544 0.16725393746226122 72.0 
144.0 301.0 3.3088465910520544 0.16725393746226122 72.0 
144.0 302.0 3.3088465910520544 0.16725393746226122 72.0 
144.0 303.0 3.3088465910520544 0.16725393746226122 72.0 
145.0 298.0 3.3088465910520544 0.16725393746226122 72.0 
145.0 299.0 3.3088465910520544 0.16725393746226122 72.0 
145.0 300.0 3.3088465910520544 0.16725393746226122 72.0 
145.0 301.0 3.3088465910520544 0.16725393746226122 72.0 
145.0 302.0 3.3088465910520544 0.16725393746226122 72.0 
145.0 303.0 3.3088465910520544 0.16725393746226122 72.0 
146.0 298.0 3.3088465910520544 0.16725393746226122 72.0 
146.0 299.0 3.3088465910520544 0.16725393746226122 72.0 
146.0 300.0 3.3088465910520544 0.16725393746226122 72.0 
146.0 301.0 3.3088465910520544 0.16725393746226122 72.0 
146.0 302.0 3.3088465910520544 0.16725393746226122 72.0 
146.0 303.0 3.3088465910520544 0.16725393746226122 72.0 
147.0 298.0 3.3088465910520544 0.16725393746226122 72.0 
147.0 299.0 3.3088465910520544 0.16725393746226122 72.0 
147.0 300.0 3.3088465910520544 0.16725393746226122 72.0 
147.0 301.0 3.3088465910520544 0.16725393746226122 72.0 
147.0 302.0 3.3088465910520544 0.16725393746226122 72.0 
147.0 303.0 3.3088465910520544 0.16725393746226122 72.0 
147.0 304.0 3.3088465910520544 0.16725393746226122 72.0 
148.0 299.0 3.3088465910520544 0.16725393746226122 72.0 
148.0 300.0 3.3088465910520544 0.16725393746226122 72.0 
148.0 301.0 3.3088465910520544 0.16725393746226122 72.0 
148.0 302.0 3.3088465910520544 0.16725393746226122 72.0 
148.0 303.0 3.3088465910520544 0.16725393746226122 72.0 
148.0 304.0 3.3088465910520544 0.16725393746226122 72.0 
149.0 299.0 3.3088465910520544 0.16725393746226122 72.0 
149.0 300.0 3.3088465910520544 0.16725393746226122 72.0 
149.0 301.0 3.3088465910520544 0.16725393746226122 72.0 
149.0 302.0 3.3088465910520544 0.16725393746226122 72.0 
149.0 303.0 3.3088465910520544 0.16725393746226122 72.0 
149.0 304.0 3.3088465910520544 0.16725393746226122 72.0 
150.0 299.0 3.3088465910520544 0.16725393746226122 72.0 
150.0 300.0 3.3088465910520544 0.16725393746226122 72.0 
150.0 301.0 3.3088465910520544 0.16725393746226122 72.0 
150.0 302.0 3.3088465910520544 0.16725393746226122 72.0 
150.0 303.0 3.3088465910520544 0.16725393746226122 72.0 
150.0 304.0 3.3088465910520544 0.16725393746226122 72.0 
151.0 299.0 3.3088465910520544 0.16725393746226122 72.0 
151.0 300.0 3.3088465910520544 0.16725393746226122 72.0 
151.0 301.0 3.3088465910520544 0.16725393746226122 72.0 
151.0 302.0 3.3088465910520544 0.16725393746226122 72.0 
151.0 303.0 3.3088465910520544 0.16725393746226122 72.0 
151.0 304.0 3.3088465910520544 0.16725393746226122 72.0 
152.0 299.0 3.3088465910520544 0.16725393746226122 72.0 
152.0 300.0 3.3088465910520544 0.16725393746226122 72.0 
152.0 301.0 3.3088465910520544 0.16725393746226122 72.0 
152.0 302.0 3.3088465910520544 0.16725393746226122 72.0 
152.0 303.0 3.3088465910520544 0.16725393746226122 72.0 
152.0 304.0 3.3088465910520544 0.16725393746226122 72.0 
153.0 300.0 3.3088465910520544 0.16725393746226122 72.0 
153.0 301.0 3.3088465910520544 0.16725393746226122 72.0 
153.0 302.0 3.3088465910520544 0.16725393746226122 72.0 
153.0 303.0 3.3088465910520544 0.16725393746226122 72.0 
153.0 304.0 3.3088465910520544 0.16725393746226122 72.0 
153.0 305.0 3.3088465910520544 0.16725393746226122 72.0 
154.0 300.0 3.3088465910520544 0.16725393746226122 72.0 
154.0 301.0 3.3088465910520544 0.16725393746226122 72.0 
154.0 302.0 3.3088465910520544 0.16725393746226122 72.0 
154.0 303.0 3.3088465910520544 0.16725393746226122 72.0 
154.0 304.0 3.3088465910520544 0.16725393746226122 72.0 
154.0 305.0 3.3088465910520544 0.16725393746226122 72.0 
155.0 300.0 3.3088465910520544 0.16725393746226122 72.0 
155.0 301.0 3.3088465910520544 0.16725393746226122 72.0 
155.0 302.0 3.3088465910520544 0.16725393746226122 72.0 
155.0 303.0 3.3088465910520544 0.16725393746226122 72.0 
155.0 304.0 3.3088465910520544 0.16725393746226122 72.0 
155.0 305.0 3.3088465910520544 0.16725393746226122 72.0 
156.0 300.0 3.3088465910520544 0.16725393746226122 72.0 
156.0 301.0 3.3088465910520544 0.16725393746226122 72.0 
156.0 302.0 3.3088465910520544 0.16725393746226122 72.0 
156.0 303.0 3.3088465910520544 0.16725393746226122 72.0 
156.0 304.0 3.3088465910520544 0.16725393746226122 72.0 
156.0 305.0 3.3088465910520544 0.16725393746226122 72.0 
157.0 300.0 3.3088465910520544 0.16725393746226122 72.0 
157.0 301.0 3.3088465910520544 0.16725393746226122 72.0 
157.0 302.0 3.3088465910520544 0.16725393746226122 72.0 
157.0 303.0 3.3088465910520544 0.16725393746226122 72.0 
157.0 304.0 3.3088465910520544 0.16725393746226122 72.0 
157.0 305.0 3.3088465910520544 0.16725393746226122 72.0 
158.0 300.0 3.3088465910520544 0.16725393746226122 72.0 
158.0 301.0 3.3088465910520544 0.16725393746226122 72.0 
158.0 302.0 3.3088465910520544 0.16725393746226122 72.0 
158.0 303.0 3.3088465910520544 0.16725393746226122 72.0 
158.0 304.0 3.3088465910520544 0.16725393746226122 72.0 
158.0 305.0 3.3088465910520544 0.16725393746226122 72.0 
159.0 301.0 3.3088465910520544 0.16725393746226122 72.0 
159.0 302.0 3.3088465910520544 0.16725393746226122 72.0 
159.0 303.0 3.3088465910520544 0.16725393746226122 72.0 
159.0 304.0 3.3088465910520544 0.16725393746226122 72.0 
159.0 305.0 3.3088465910520544 0.16725393746226122 72.0 
159.0 306.0 3.3088465910520544 0.16725393746226122 72.0 
160.0 301.0 3.3088465910520544 0.16725393746226122 72.0 
160.0 302.0 3.3088465910520544 0.16725393746226122 72.0 
160.0 303.0 3.3088465910520544 0.16725393746226122 72.0 
160.0 304.0 3.3088465910520544 0.16725393746226122 72.0 
160.0 305.0 3.3088465910520544 0.16725393746226122 72.0 
160.0 306.0 3.3088465910520544 0.16725393746226122 72.0 
161.0 301.0 3.3088465910520544 0.16725393746226122 72.0 
161.0 302.0 3.3088465910520544 0.16725393746226122 72.0 
161.0 303.0 3.3088465910520544 0.16725393746226122 72.0 
161.0 304.0 3.3088465910520544 0.16725393746226122 72.0 
161.0 305.0 3.3088465910520544 0.16725393746226122 72.0 
161.0 306.0 3.3088465910520544 0.16725393746226122 72.0 
162.0 301.0 3.3088465910520544 0.16725393746226122 72.0 
162.0 302.0 3.3088465910520544 0.16725393746226122 72.0 
162.0 303.0 3.3088465910520544 0.16725393746226122 72.0 
162.0 304.0 3.3088465910520544 0.16725393746226122 72.0 
162.0 305.0 3.3088465910520544 0.16725393746226122 72.0 
162.0 306.0 3.3088465910520544 0.16725393746226122 72.0 
163.0 301.0 3.3088465910520544 0.16725393746226122 72.0 
163.0 302.0 3.3088465910520544 0.16725393746226122 72.0 
163.0 303.0 3.3088465910520544 0.16725393746226122 72.0 
163.0 304.0 3.3088465910520544 0.16725393746226122 72.0 
163.0 305.0 3.3088465910520544 0.16725393746226122 72.0 
163.0 306.0 3.3088465910520544 0.16725393746226122 72.0 
164.0 301.0 3.3088465910520544 0.16725393746226122 72.0 
164.0 302.0 3.3088465910520544 0.16725393746226122 72.0 
164.0 303.0 3.3088465910520544 0.16725393746226122 72.0 
164.0 304.0 3.3088465910520544 0.16725393746226122 72.0 
164.0 305.0 3.3088465910520544 0.16725393746226122 72.0 
164.0 306.0 3.3088465910520544 0.16725393746226122 72.0 
165.0 302.0 3.3088465910520544 0.16725393746226122 72.0 
165.0 303.0 3.3088465910520544 0.16725393746226122 72.0 
165.0 304.0 3.3088465910520544 0.16725393746226122 72.0 
165.0 305.0 3.3088465910520544 0.16725393746226122 72.0 
165.0 306.0 3.3088465910520544 0.16725393746226122 72.0 
165.0 307.0 3.3088465910520544 0.16725393746226122 72.0 
166.0 302.0 3.3088465910520544 0.16725393746226122 72.0 
166.0 303.0 3.3088465910520544 0.16725393746226122 72.0 
166.0 304.0 3.3088465910520544 0.16725393746226122 72.0 
166.0 305.0 3.3088465910520544 0.16725393746226122 72.0 
166.0 306.0 3.3088465910520544 0.16725393746226122 72.0 
166.0 307.0 3.3088465910520544 0.16725393746226122 72.0 
167.0 302.0 3.3088465910520544 0.16725393746226122 72.0 
167.0 303.0 3.3088465910520544 0.16725393746226122 72.0 
167.0 304.0 3.3088465910520544 0.16725393746226122 72.0 
167.0 305.0 3.3088465910520544 0.16725393746226122 72.0 
167.0 306.0 3.3088465910520544 0.16725393746226122 72.0 
167.0 307.0 3.3088465910520544 0.16725393746226122 72.0 
168.0 302.0 3.3088465910520544 0.16725393746226122 72.0 
168.0 303.0 3.3088465910520544 0.16725393746226122 72.0 
168.0 304.0 3.3088465910520544 0.16725393746226122 72.0 
168.0 305.0 3.3088465910520544 0.16725393746226122 72.0 
168.0 306.0 3.3088465910520544 0.16725393746226122 72.0 
168.0 307.0 3.3088465910520544 0.16725393746226122 72.0 
169.0 302.0 3.3088465910520544 0.16725393746226122 72.0 
169.0 303.0 3.3088465910520544 0.16725393746226122 72.0 
169.0 304.0 3.3088465910520544 0.16725393746226122 72.0 
169.0 305.0 3.3088465910520544 0.16725393746226122 72.0 
169.0 306.0 3.3088465910520544 0.16725393746226122 72.0 
169.0 307.0 3.3088465910520544 0.16725393746226122 72.0 
170.0 302.0 3.3088465910520544 0.16725393746226122 72.0 
170.0 303.0 3.3088465910520544 0.16725393746226122 72.0 
170.0 304.0 3.3088465910520544 0.16725393746226122 72.0 
170.0 305.0 3.3088465910520544 0.16725393746226122 72.0 
170.0 306.0 3.3088465910520544 0.16725393746226122 72.0 
170.0 307.0 3.3088465910520544 0.16725393746226122 72.0 
171.0 303.0 3.3088465910520544 0.16725393746226122 72.0 
171.0 304.0 3.3088465910520544 0.16725393746226122 72.0 
171.0 305.0 3.3088465910520544 0.16725393746226122 72.0 
171.0 306.0 3.3088465910520544 0.16725393746226122 72.0 
171.0 307.0 3.3088465910520544 0.16725393746226122 72.0 
171.0 308.0 3.3088465910520544 0.16725393746226122 72.0 
172.0 303.0 3.3088465910520544 0.16725393746226122 72.0 
172.0 304.0 3.3088465910520544 0.16725393746226122 72.0 
172.0 305.0 3.3088465910520544 0.16725393746226122 72.0 
172.0 306.0 3.3088465910520544 0.16725393746226122 72.0 
172.0 307.0 3.3088465910520544 0.16725393746226122 72.0 
172.0 308.0 3.3088465910520544 0.16725393746226122 72.0 
173.0 303.0 3.3088465910520544 0.16725393746226122 72.0 
173.0 304.0 3.3088465910520544 0.16725393746226122 72.0 
173.0 305.0 3.3088465910520544 0.16725393746226122 72.0 
173.0 306.0 3.3088465910520544 0.16725393746226122 72.0 
173.0 307.0 3.3088465910520544 0.16725393746226122 72.0 
173.0 308.0 3.3088465910520544 0.16725393746226122 72.0 
174.0 303.0 3.3088465910520544 0.16725393746226122 72.0 
174.0 304.0 3.3088465910520544 0.16725393746226122 72.0 
174.0 305.0 3.3088465910520544 0.16725393746226122 72.0 
174.0 306.0 3.3088465910520544 0.16725393746226122 72.0 
174.0 307.0 3.3088465910520544 0.16725393746226122 72.0 
174.0 308.0 3.3088465910520544 0.16725393746226122 72.0 
175.0 303.0 3.3088465910520544 0.16725393746226122 72.0 
175.0 304.0 3.3088465910520544 0.16725393746226122 72.0 
175.0 305.0 3.3088465910520544 0.16725393746226122 72.0 
175.0 306.0 3.3088465910520544 0.16725393746226122 72.0 
175.0 307.0 3.3088465910520544 0.16725393746226122 72.0 
175.0 308.0 3.3088465910520544 0.16725393746226122 72.0 
176.0 303.0 3.3088465910520544 0.16725393746226122 72.0 
176.0 304.0 3.3088465910520544 0.16725393746226122 72.0 
176.0 305.0 3.3088465910520544 0.16725393746226122 72.0 
176.0 306.0 3.3088465910520544 0.16725393746226122 72.0 
176.0 307.0 3.3088465910520544 0.16725393746226122 72.0 
176.0 308.0 3.3088465910520544 0.16725393746226122 72.0 
177.0 304.0 3.3088465910520544 0.16725393746226122 72.0 
177.0 305.0 3.3088465910520544 0.16725393746226122 72.0 
177.0 306.0 3.3088465910520544 0.16725393746226122 72.0 
177.0 307.0 3.3088465910520544 0.16725393746226122 72.0 
177.0 308.0 3.3088465910520544 0.16725393746226122 72.0 
177.0 309.0 3.3088465910520544 0.16725393746226122 72.0 
178.0 304.0 3.3088465910520544 0.16725393746226122 72.0 
178.0 305.0 3.3088465910520544 0.16725393746226122 72.0 
178.0 306.0 3.3088465910520544 0.16725393746226122 72.0 
178.0 307.0 3.3088465910520544 0.16725393746226122 72.0 
178.0 308.0 3.3088465910520544 0.16725393746226122 72.0 
178.0 309.0 3.3088465910520544 0.16725393746226122 72.0 
179.0 304.0 3.3088465910520544 0.16725393746226122 72.0 
179.0 305.0 3.3088465910520544 0.16725393746226122 72.0 
179.0 306.0 3.3088465910520544 0.16725393746226122 72.0 
179.0 307.0 3.3088465910520544 0.16725393746226122 72.0 
179.0 308.0 3.3088465910520544 0.16725393746226122 72.0 
179.0 309.0 3.3088465910520544 0.16725393746226122 72.0 
180.0 304.0 3.3088465910520544 0.16725393746226122 72.0 
180.0 305.0 3.3088465910520544 0.16725393746226122 72.0 
180.0 306.0 3.3088465910520544 0.16725393746226122 72.0 
180.0 307.0 3.3088465910520544 0.16725393746226122 72.0 
180.0 308.0 3.3088465910520544 0.16725393746226122 72.0 
180.0 309.0 3.3088465910520544 0.16725393746226122 72.0 
181.0 304.0 3.3088465910520544 0.16725393746226122 72.0 
181.0 305.0 3.3088465910520544 0.16725393746226122 72.0 
181.0 306.0 3.3088465910520544 0.16725393746226122 72.0 
181.0 307.0 3.3088465910520544 0.16725393746226122 72.0 
181.0 308.0 3.3088465910520544 0.16725393746226122 72.0 
181.0 309.0 3.3088465910520544 0.16725393746226122 72.0 
182.0 304.0 3.3088465910520544 0.16725393746226122 72.0 
182.0 305.0 3.3088465910520544 0.16725393746226122 72.0 
182.0 306.0 3.3088465910520544 0.16725393746226122 72.0 
182.0 307.0 3.3088465910520544 0.16725393746226122 72.0 
182.0 308.0 3.3088465910520544 0.16725393746226122 72.0 
182.0 309.0 3.3088465910520544 0.16725393746226122 72.0 
183.0 305.0 3.3088465910520544 0.16725393746226122 72.0 
183.0 306.0 3.3088465910520544 0.16725393746226122 72.0 
183.0 307.0 3.3088465910520544 0.16725393746226122 72.0 
183.0 308.0 3.3088465910520544 0.16725393746226122 72.0 
183.0 309.0 3.3088465910520544 0.16725393746226122 72.0 
183.0 310.0 3.3088465910520544 0.16725393746226122 72.0 
184.0 305.0 3.3088465910520544 0.16725393746226122 72.0 
184.0 306.0 3.3088465910520544 0.16725393746226122 72.0 
184.0 307.0 3.3088465910520544 0.16725393746226122 72.0 
184.0 308.0 3.3088465910520544 0.16725393746226122 72.0 
184.0 309.0 3.3088465910520544 0.16725393746226122 72.0 
184.0 310.0 3.3088465910520544 0.16725393746226122 72.0 
185.0 305.0 3.3088465910520544 0.16725393746226122 72.0 
185.0 306.0 3.3088465910520544 0.16725393746226122 72.0 
185.0 307.0 3.3088465910520544 0.16725393746226122 72.0 
185.0 308.0 3.3088465910520544 0.16725393746226122 72.0 
185.0 309.0 3.3088465910520544 0.16725393746226122 72.0 
185.0 310.0 3.3088465910520544 0.16725393746226122 72.0 
186.0 305.0 3.3088465910520544 0.16725393746226122 72.0 
186.0 306.0 3.3088465910520544 0.16725393746226122 72.0 
186.0 307.0 3.3088465910520544 0.16725393746226122 72.0 
186.0 308.0 3.3088465910520544 0.16725393746226122 72.0 
186.0 309.0 3.3088465910520544 0.16725393746226122 72.0 
186.0 310.0 3.3088465910520544 0.16725393746226122 72.0 
187.0 305.0 3.3088465910520544 0.16725393746226122 72.0 
187.0 306.0 3.3088465910520544 0.16725393746226122 72.0 
187.0 307.0 3.3088465910520544 0.16725393746226122 72.0 
187.0 308.0 3.3088465910520544 0.16725393746226122 72.0 
187.0 309.0 3.3088465910520544 0.16725393746226122 72.0 
187.0 310.0 3.3088465910520544 0.16725393746226122 72.0 
188.0 305.0 3.3088465910520544 0.16725393746226122 72.0 
188.0 306.0 3.3088465910520544 0.16725393746226122 72.0 
188.0 307.0 3.3088465910520544 0.16725393746226122 72.0 
188.0 308.0 3.3088465910520544 0.16725393746226122 72.0 
188.0 309.0 3.3088465910520544 0.16725393746226122 72.0 
188.0 310.0 3.3088465910520544 0.16725393746226122 72.0 
188.0 311.0 3.3088465910520544 0.16725393746226122 72.0 
189.0 306.0 3.3088465910520544 0.16725393746226122 72.0 
189.0 307.0 3.3088465910520544 0.16725393746226122 72.0 
189.0 308.0 3.3088465910520544 0.16725393746226122 72.0 
189.0 309.0 3.3088465910520544 0.16725393746226122 72.0 
189.0 310.0 3.3088465910520544 0.16725393746226122 72.0 
189.0 311.0 3.3088465910520544 0.16725393746226122 72.0 
190.0 306.0 3.3088465910520544 0.16725393746226122 72.0 
190.0 307.0 3.3088465910520544 0.16725393746226122 72.0 
190.0 308.0 3.3088465910520544 0.16725393746226122 72.0 
190.0 309.0 3.3088465910520544 0.16725393746226122 72.0 
190.0 310.0 3.3088465910520544 0.16725393746226122 72.0 
190.0 311.0 3.3088465910520544 0.16725393746226122 72.0 
191.0 306.0 3.3088465910520544 0.16725393746226122 72.0 
191.0 307.0 3.3088465910520544 0.16725393746226122 72.0 
191.0 308.0 3.3088465910520544 0.16725393746226122 72.0 
191.0 309.0 3.3088465910520544 0.16725393746226122 72.0 
191.0 310.0 3.3088465910520544 0.16725393746226122 72.0 
191.0 311.0 3.3088465910520544 0.16725393746226122 72.0 
192.0 306.0 3.3088465910520544 0.16725393746226122 72.0 
192.0 307.0 3.3088465910520544 0.16725393746226122 72.0 
192.0 308.0 3.3088465910520544 0.16725393746226122 72.0 
192.0 309.0 3.3088465910520544 0.16725393746226122 72.0 
192.0 310.0 3.3088465910520544 0.16725393746226122 72.0 
192.0 311.0 3.3088465910520544 0.16725393746226122 72.0 
193.0 306.0 3.3088465910520544 0.16725393746226122 72.0 
193.0 307.0 3.3088465910520544 0.16725393746226122 72.0 
193.0 308.0 3.3088465910520544 0.16725393746226122 72.0 
193.0 309.0 3.3088465910520544 0.16725393746226122 72.0 
193.0 310.0 3.3088465910520544 0.16725393746226122 72.0 
193.0 311.0 3.3088465910520544 0.16725393746226122 72.0 
194.0 306.0 3.3088465910520544 0.16725393746226122 72.0 
194.0 307.0 3.3088465910520544 0.16725393746226122 72.0 
194.0 308.0 3.3088465910520544 0.16725393746226122 72.0 
194.0 309.0 3.3088465910520544 0.16725393746226122 72.0 
194.0 310.0 3.3088465910520544 0.16725393746226122 72.0 
194.0 311.0 3.3088465910520544 0.16725393746226122 72.0 
194.0 312.0 3.3088465910520544 0.16725393746226122 72.0 
195.0 307.0 3.3088465910520544 0.16725393746226122 72.0 
195.0 308.0 3.3088465910520544 0.16725393746226122 72.0 
195.0 309.0 3.3088465910520544 0.16725393746226122 72.0 
195.0 310.0 3.3088465910520544 0.16725393746226122 72.0 
195.0 311.0 3.3088465910520544 0.16725393746226122 72.0 
195.0 312.0 3.3088465910520544 0.16725393746226122 72.0 
196.0 307.0 3.3088465910520544 0.16725393746226122 72.0 
196.0 308.0 3.3088465910520544 0.16725393746226122 72.0 
196.0 309.0 3.3088465910520544 0.16725393746226122 72.0 
196.0 310.0 3.3088465910520544 0.16725393746226122 72.0 
196.0 311.0 3.3088465910520544 0.16725393746226122 72.0 
196.0 312.0 3.3088465910520544 0.16725393746226122 72.0 
197.0 307.0 3.3088465910520544 0.16725393746226122 72.0 
197.0 308.0 3.3088465910520544 0.16725393746226122 72.0 
197.0 309.0 3.3088465910520544 0.16725393746226122 72.0 
197.0 310.0 3.3088465910520544 0.16725393746226122 72.0 
197.0 311.0 3.3088465910520544 0.16725393746226122 72.0 
197.0 312.0 3.3088465910520544 0.16725393746226122 72.0 
198.0 307.0 3.3088465910520544 0.16725393746226122 72.0 
198.0 308.0 3.3088465910520544 0.16725393746226122 72.0 
198.0 309.0 3.3088465910520544 0.16725393746226122 72.0 
198.0 310.0 3.3088465910520544 0.16725393746226122 72.0 
198.0 311.0 3.3088465910520544 0.16725393746226122 72.0 
198.0 312.0 3.3088465910520544 0.16725393746226122 72.0 
199.0 307.0 3.3088465910520544 0.16725393746226122 72.0 
199.0 308.0 3.3088465910520544 0.16725393746226122 72.0 
199.0 309.0 3.3088465910520544 0.16725393746226122 72.0 
199.0 310.0 3.3088465910520544 0.16725393746226122 72.0 
199.0 311.0 3.3088465910520544 0.16725393746226122 72.0 
199.0 312.0 3.3088465910520544 0.16725393746226122 72.0 
200.0 307.0 3.3088465910520544 0.16725393746226122 72.0 
200.0 308.0 3.3088465910520544 0.16725393746226122 72.0 
200.0 309.0 3.3088465910520544 0.16725393746226122 72.0 
200.0 310.0 3.3088465910520544 0.16725393746226122 72.0 
200.0 311.0 3.3088465910520544 0.16725393746226122 72.0 
200.0 312.0 3.3088465910520544 0.16725393746226122 72.0 
200.0 313.0 3.3088465910520544 0.16725393746226122 72.0 
201.0 308.0 3.3088465910520544 0.16725393746226122 72.0 
201.0 309.0 3.3088465910520544 0.16725393746226122 72.0 
201.0 310.0 3.3088465910520544 0.16725393746226122 72.0 
201.0 311.0 3.3088465910520544 0.16725393746226122 72.0 
201.0 312.0 3.3088465910520544 0.16725393746226122 72.0 
201.0 313.0 3.3088465910520544 0.16725393746226122 72.0 
202.0 308.0 3.3088465910520544 0.16725393746226122 72.0 
202.0 309.0 3.3088465910520544 0.16725393746226122 72.0 
202.0 310.0 3.3088465910520544 0.16725393746226122 72.0 
202.0 311.0 3.3088465910520544 0.16725393746226122 72.0 
202.0 312.0 3.3088465910520544 0.16725393746226122 72.0 
202.0 313.0 3.3088465910520544 0.16725393746226122 72.0 
203.0 308.0 3.3088465910520544 0.16725393746226122 72.0 
203.0 309.0 3.3088465910520544 0.16725393746226122 72.0 
203.0 310.0 3.3088465910520544 0.16725393746226122 72.0 
203.0 311.0 3.3088465910520544 0.16725393746226122 72.0 
203.0 312.0 3.3088465910520544 0.16725393746226122 72.0 
203.0 313.0 3.3088465910520544 0.16725393746226122 72.0 
204.0 308.0 3.3088465910520544 0.16725393746226122 72.0 
204.0 309.0 3.3088465910520544 0.16725393746226122 72.0 
204.0 310.0 3.3088465910520544 0.16725393746226122 72.0 
204.0 311.0 3.3088465910520544 0.16725393746226122 72.0 
204.0 312.0 3.3088465910520544 0.16725393746226122 72.0 
204.0 313.0 3.3088465910520544 0.16725393746226122 72.0 
205.0 308.0 3.3088465910520544 0.16725393746226122 72.0 
205.0 309.0 3.3088465910520544 0.16725393746226122 72.0 
205.0 310.0 3.3088465910520544 0.16725393746226122 72.0 
205.0 311.0 3.3088465910520544 0.16725393746226122 72.0 
205.0 312.0 3.3088465910520544 0.16725393746226122 72.0 
205.0 313.0 3.3088465910520544 0.16725393746226122 72.0 
206.0 308.0 3.3088465910520544 0.16725393746226122 72.0 
206.0 309.0 3.3088465910520544 0.16725393746226122 72.0 
206.0 310.0 3.3088465910520544 0.16725393746226122 72.0 
