277.0 343.0 1.825978717415714 4.967571371005507 72.0 
277.0 344.0 1.825978717415714 4.967571371005507 72.0 
277.0 345.0 1.825978717415714 4.967571371005507 72.0 
277.0 346.0 1.825978717415714 4.967571371005507 72.0 
278.0 339.0 1.825978717415714 4.967571371005507 72.0 
278.0 340.0 1.825978717415714 4.967571371005507 72.0 
278.0 341.0 1.825978717415714 4.967571371005507 72.0 
278.0 342.0 1.825978717415714 4.967571371005507 72.0 
278.0 343.0 1.825978717415714 4.967571371005507 72.0 
278.0 344.0 1.825978717415714 4.967571371005507 72.0 
278.0 345.0 1.825978717415714 4.967571371005507 72.0 
278.0 346.0 1.825978717415714 4.967571371005507 72.0 
279.0 336.0 1.825978717415714 4.967571371005507 72.0 
279.0 337.0 1.825978717415714 4.967571371005507 72.0 
279.0 338.0 1.825978717415714 4.967571371005507 72.0 
279.0 339.0 1.825978717415714 4.967571371005507 72.0 
279.0 340.0 1.825978717415714 4.967571371005507 72.0 
279.0 341.0 1.825978717415714 4.967571371005507 72.0 
279.0 342.0 1.825978717415714 4.967571371005507 72.0 
279.0 343.0 1.825978717415714 4.967571371005507 72.0 
279.0 344.0 1.825978717415714 4.967571371005507 72.0 
279.0 345.0 1.825978717415714 4.967571371005507 72.0 
279.0 346.0 1.825978717415714 4.967571371005507 72.0 
280.0 332.0 1.825978717415714 4.967571371005507 72.0 
280.0 333.0 1.825978717415714 4.967571371005507 72.0 
280.0 334.0 1.825978717415714 4.967571371005507 72.0 
280.0 335.0 1.825978717415714 4.967571371005507 72.0 
280.0 336.0 1.825978717415714 4.967571371005507 72.0 
280.0 337.0 1.825978717415714 4.967571371005507 72.0 
280.0 338.0 1.825978717415714 4.967571371005507 72.0 
280.0 339.0 1.825978717415714 4.967571371005507 72.0 
280.0 340.0 1.825978717415714 4.967571371005507 72.0 
280.0 341.0 1.825978717415714 4.967571371005507 72.0 
280.0 342.0 1.825978717415714 4.967571371005507 72.0 
280.0 343.0 1.825978717415714 4.967571371005507 72.0 
280.0 344.0 1.825978717415714 4.967571371005507 72.0 
280.0 345.0 1.825978717415714 4.967571371005507 72.0 
280.0 346.0 1.825978717415714 4.967571371005507 72.0 
280.0 347.0 1.825978717415714 4.967571371005507 72.0 
281.0 328.0 1.825978717415714 4.967571371005507 72.0 
281.0 329.0 1.825978717415714 4.967571371005507 72.0 
281.0 330.0 1.825978717415714 4.967571371005507 72.0 
281.0 331.0 1.825978717415714 4.967571371005507 72.0 
281.0 332.0 1.825978717415714 4.967571371005507 72.0 
281.0 333.0 1.825978717415714 4.967571371005507 72.0 
281.0 334.0 1.825978717415714 4.967571371005507 72.0 
281.0 335.0 1.825978717415714 4.967571371005507 72.0 
281.0 336.0 1.825978717415714 4.967571371005507 72.0 
281.0 337.0 1.825978717415714 4.967571371005507 72.0 
281.0 338.0 1.825978717415714 4.967571371005507 72.0 
281.0 339.0 1.825978717415714 4.967571371005507 72.0 
281.0 340.0 1.825978717415714 4.967571371005507 72.0 
281.0 341.0 1.825978717415714 4.967571371005507 72.0 
281.0 342.0 1.825978717415714 4.967571371005507 72.0 
281.0 343.0 1.825978717415714 4.967571371005507 72.0 
281.0 344.0 1.825978717415714 4.967571371005507 72.0 
281.0 345.0 1.825978717415714 4.967571371005507 72.0 
281.0 346.0 1.825978717415714 4.967571371005507 72.0 
281.0 347.0 1.825978717415714 4.967571371005507 72.0 
282.0 324.0 1.825978717415714 4.967571371005507 72.0 
282.0 325.0 1.825978717415714 4.967571371005507 72.0 
282.0 326.0 1.825978717415714 4.967571371005507 72.0 
282.0 327.0 1.825978717415714 4.967571371005507 72.0 
282.0 328.0 1.825978717415714 4.967571371005507 72.0 
282.0 329.0 1.825978717415714 4.967571371005507 72.0 
282.0 330.0 1.825978717415714 4.967571371005507 72.0 
282.0 331.0 1.825978717415714 4.967571371005507 72.0 
282.0 332.0 1.825978717415714 4.967571371005507 72.0 
282.0 333.0 1.825978717415714 4.967571371005507 72.0 
282.0 334.0 1.825978717415714 4.967571371005507 72.0 
282.0 335.0 1.825978717415714 4.967571371005507 72.0 
282.0 336.0 1.825978717415714 4.967571371005507 72.0 
282.0 337.0 1.825978717415714 4.967571371005507 72.0 
282.0 338.0 1.825978717415714 4.967571371005507 72.0 
282.0 339.0 1.825978717415714 4.967571371005507 72.0 
282.0 340.0 1.825978717415714 4.967571371005507 72.0 
282.0 341.0 1.825978717415714 4.967571371005507 72.0 
282.0 342.0 1.825978717415714 4.967571371005507 72.0 
282.0 343.0 1.825978717415714 4.967571371005507 72.0 
282.0 344.0 1.825978717415714 4.967571371005507 72.0 
282.0 345.0 1.825978717415714 4.967571371005507 72.0 
282.0 346.0 1.825978717415714 4.967571371005507 72.0 
282.0 347.0 1.825978717415714 4.967571371005507 72.0 
283.0 320.0 1.825978717415714 4.967571371005507 72.0 
283.0 321.0 1.825978717415714 4.967571371005507 72.0 
283.0 322.0 1.825978717415714 4.967571371005507 72.0 
283.0 323.0 1.825978717415714 4.967571371005507 72.0 
283.0 324.0 1.825978717415714 4.967571371005507 72.0 
283.0 325.0 1.825978717415714 4.967571371005507 72.0 
283.0 326.0 1.825978717415714 4.967571371005507 72.0 
283.0 327.0 1.825978717415714 4.967571371005507 72.0 
283.0 328.0 1.825978717415714 4.967571371005507 72.0 
283.0 329.0 1.825978717415714 4.967571371005507 72.0 
283.0 330.0 1.825978717415714 4.967571371005507 72.0 
283.0 331.0 1.825978717415714 4.967571371005507 72.0 
283.0 332.0 1.825978717415714 4.967571371005507 72.0 
283.0 333.0 1.825978717415714 4.967571371005507 72.0 
283.0 334.0 1.825978717415714 4.967571371005507 72.0 
283.0 335.0 1.825978717415714 4.967571371005507 72.0 
283.0 336.0 1.825978717415714 4.967571371005507 72.0 
283.0 337.0 1.825978717415714 4.967571371005507 72.0 
283.0 338.0 1.825978717415714 4.967571371005507 72.0 
283.0 339.0 1.825978717415714 4.967571371005507 72.0 
283.0 340.0 1.825978717415714 4.967571371005507 72.0 
283.0 341.0 1.825978717415714 4.967571371005507 72.0 
283.0 342.0 1.825978717415714 4.967571371005507 72.0 
283.0 343.0 1.825978717415714 4.967571371005507 72.0 
284.0 316.0 1.825978717415714 4.967571371005507 72.0 
284.0 317.0 1.825978717415714 4.967571371005507 72.0 
284.0 318.0 1.825978717415714 4.967571371005507 72.0 
284.0 319.0 1.825978717415714 4.967571371005507 72.0 
284.0 320.0 1.825978717415714 4.967571371005507 72.0 
284.0 321.0 1.825978717415714 4.967571371005507 72.0 
284.0 322.0 1.825978717415714 4.967571371005507 72.0 
284.0 323.0 1.825978717415714 4.967571371005507 72.0 
284.0 324.0 1.825978717415714 4.967571371005507 72.0 
284.0 325.0 1.825978717415714 4.967571371005507 72.0 
284.0 326.0 1.825978717415714 4.967571371005507 72.0 
284.0 327.0 1.825978717415714 4.967571371005507 72.0 
284.0 328.0 1.825978717415714 4.967571371005507 72.0 
284.0 329.0 1.825978717415714 4.967571371005507 72.0 
284.0 330.0 1.825978717415714 4.967571371005507 72.0 
284.0 331.0 1.825978717415714 4.967571371005507 72.0 
284.0 332.0 1.825978717415714 4.967571371005507 72.0 
284.0 333.0 1.825978717415714 4.967571371005507 72.0 
284.0 334.0 1.825978717415714 4.967571371005507 72.0 
284.0 335.0 1.825978717415714 4.967571371005507 72.0 
284.0 336.0 1.825978717415714 4.967571371005507 72.0 
284.0 337.0 1.825978717415714 4.967571371005507 72.0 
284.0 338.0 1.825978717415714 4.967571371005507 72.0 
284.0 339.0 1.825978717415714 4.967571371005507 72.0 
285.0 313.0 1.825978717415714 4.967571371005507 72.0 
285.0 314.0 1.825978717415714 4.967571371005507 72.0 
285.0 315.0 1.825978717415714 4.967571371005507 72.0 
285.0 316.0 1.825978717415714 4.967571371005507 72.0 
285.0 317.0 1.825978717415714 4.967571371005507 72.0 
285.0 318.0 1.825978717415714 4.967571371005507 72.0 
285.0 319.0 1.825978717415714 4.967571371005507 72.0 
285.0 320.0 1.825978717415714 4.967571371005507 72.0 
285.0 321.0 1.825978717415714 4.967571371005507 72.0 
285.0 322.0 1.825978717415714 4.967571371005507 72.0 
285.0 323.0 1.825978717415714 4.967571371005507 72.0 
285.0 324.0 1.825978717415714 4.967571371005507 72.0 
285.0 325.0 1.825978717415714 4.967571371005507 72.0 
285.0 326.0 1.825978717415714 4.967571371005507 72.0 
285.0 327.0 1.825978717415714 4.967571371005507 72.0 
285.0 328.0 1.825978717415714 4.967571371005507 72.0 
285.0 329.0 1.825978717415714 4.967571371005507 72.0 
285.0 330.0 1.825978717415714 4.967571371005507 72.0 
285.0 331.0 1.825978717415714 4.967571371005507 72.0 
285.0 332.0 1.825978717415714 4.967571371005507 72.0 
285.0 333.0 1.825978717415714 4.967571371005507 72.0 
285.0 334.0 1.825978717415714 4.967571371005507 72.0 
285.0 335.0 1.825978717415714 4.967571371005507 72.0 
286.0 309.0 1.825978717415714 4.967571371005507 72.0 
286.0 310.0 1.825978717415714 4.967571371005507 72.0 
286.0 311.0 1.825978717415714 4.967571371005507 72.0 
286.0 312.0 1.825978717415714 4.967571371005507 72.0 
286.0 313.0 1.825978717415714 4.967571371005507 72.0 
286.0 314.0 1.825978717415714 4.967571371005507 72.0 
286.0 315.0 1.825978717415714 4.967571371005507 72.0 
286.0 316.0 1.825978717415714 4.967571371005507 72.0 
286.0 317.0 1.825978717415714 4.967571371005507 72.0 
286.0 318.0 1.825978717415714 4.967571371005507 72.0 
286.0 319.0 1.825978717415714 4.967571371005507 72.0 
286.0 320.0 1.825978717415714 4.967571371005507 72.0 
286.0 321.0 1.825978717415714 4.967571371005507 72.0 
286.0 322.0 1.825978717415714 4.967571371005507 72.0 
286.0 323.0 1.825978717415714 4.967571371005507 72.0 
286.0 324.0 1.825978717415714 4.967571371005507 72.0 
286.0 325.0 1.825978717415714 4.967571371005507 72.0 
286.0 326.0 1.825978717415714 4.967571371005507 72.0 
286.0 327.0 1.825978717415714 4.967571371005507 72.0 
286.0 328.0 1.825978717415714 4.967571371005507 72.0 
286.0 329.0 1.825978717415714 4.967571371005507 72.0 
286.0 330.0 1.825978717415714 4.967571371005507 72.0 
286.0 331.0 1.825978717415714 4.967571371005507 72.0 
286.0 332.0 1.825978717415714 4.967571371005507 72.0 
287.0 305.0 1.825978717415714 4.967571371005507 72.0 
287.0 306.0 1.825978717415714 4.967571371005507 72.0 
287.0 307.0 1.825978717415714 4.967571371005507 72.0 
287.0 308.0 1.825978717415714 4.967571371005507 72.0 
287.0 309.0 1.825978717415714 4.967571371005507 72.0 
287.0 310.0 1.825978717415714 4.967571371005507 72.0 
287.0 311.0 1.825978717415714 4.967571371005507 72.0 
287.0 312.0 1.825978717415714 4.967571371005507 72.0 
287.0 313.0 1.825978717415714 4.967571371005507 72.0 
287.0 314.0 1.825978717415714 4.967571371005507 72.0 
287.0 315.0 1.825978717415714 4.967571371005507 72.0 
287.0 316.0 1.825978717415714 4.967571371005507 72.0 
287.0 317.0 1.825978717415714 4.967571371005507 72.0 
287.0 318.0 1.825978717415714 4.967571371005507 72.0 
287.0 319.0 1.825978717415714 4.967571371005507 72.0 
287.0 320.0 1.825978717415714 4.967571371005507 72.0 
287.0 321.0 1.825978717415714 4.967571371005507 72.0 
287.0 322.0 1.825978717415714 4.967571371005507 72.0 
287.0 323.0 1.825978717415714 4.967571371005507 72.0 
287.0 324.0 1.825978717415714 4.967571371005507 72.0 
287.0 325.0 1.825978717415714 4.967571371005507 72.0 
287.0 326.0 1.825978717415714 4.967571371005507 72.0 
287.0 327.0 1.825978717415714 4.967571371005507 72.0 
287.0 328.0 1.825978717415714 4.967571371005507 72.0 
288.0 301.0 1.825978717415714 4.967571371005507 72.0 
288.0 302.0 1.825978717415714 4.967571371005507 72.0 
288.0 303.0 1.825978717415714 4.967571371005507 72.0 
288.0 304.0 1.825978717415714 4.967571371005507 72.0 
288.0 305.0 1.825978717415714 4.967571371005507 72.0 
288.0 306.0 1.825978717415714 4.967571371005507 72.0 
288.0 307.0 1.825978717415714 4.967571371005507 72.0 
288.0 308.0 1.825978717415714 4.967571371005507 72.0 
288.0 309.0 1.825978717415714 4.967571371005507 72.0 
288.0 310.0 1.825978717415714 4.967571371005507 72.0 
288.0 311.0 1.825978717415714 4.967571371005507 72.0 
288.0 312.0 1.825978717415714 4.967571371005507 72.0 
288.0 313.0 1.825978717415714 4.967571371005507 72.0 
288.0 314.0 1.825978717415714 4.967571371005507 72.0 
288.0 315.0 1.825978717415714 4.967571371005507 72.0 
288.0 316.0 1.825978717415714 4.967571371005507 72.0 
288.0 317.0 1.825978717415714 4.967571371005507 72.0 
288.0 318.0 1.825978717415714 4.967571371005507 72.0 
288.0 319.0 1.825978717415714 4.967571371005507 72.0 
288.0 320.0 1.825978717415714 4.967571371005507 72.0 
288.0 321.0 1.825978717415714 4.967571371005507 72.0 
288.0 322.0 1.825978717415714 4.967571371005507 72.0 
288.0 323.0 1.825978717415714 4.967571371005507 72.0 
288.0 324.0 1.825978717415714 4.967571371005507 72.0 
289.0 301.0 1.825978717415714 4.967571371005507 72.0 
289.0 302.0 1.825978717415714 4.967571371005507 72.0 
289.0 303.0 1.825978717415714 4.967571371005507 72.0 
289.0 304.0 1.825978717415714 4.967571371005507 72.0 
289.0 305.0 1.825978717415714 4.967571371005507 72.0 
289.0 306.0 1.825978717415714 4.967571371005507 72.0 
289.0 307.0 1.825978717415714 4.967571371005507 72.0 
289.0 308.0 1.825978717415714 4.967571371005507 72.0 
289.0 309.0 1.825978717415714 4.967571371005507 72.0 
289.0 310.0 1.825978717415714 4.967571371005507 72.0 
289.0 311.0 1.825978717415714 4.967571371005507 72.0 
289.0 312.0 1.825978717415714 4.967571371005507 72.0 
289.0 313.0 1.825978717415714 4.967571371005507 72.0 
289.0 314.0 1.825978717415714 4.967571371005507 72.0 
289.0 315.0 1.825978717415714 4.967571371005507 72.0 
289.0 316.0 1.825978717415714 4.967571371005507 72.0 
289.0 317.0 1.825978717415714 4.967571371005507 72.0 
289.0 318.0 1.825978717415714 4.967571371005507 72.0 
289.0 319.0 1.825978717415714 4.967571371005507 72.0 
289.0 320.0 1.825978717415714 4.967571371005507 72.0 
290.0 301.0 1.825978717415714 4.967571371005507 72.0 
290.0 302.0 1.825978717415714 4.967571371005507 72.0 
290.0 303.0 1.825978717415714 4.967571371005507 72.0 
290.0 304.0 1.825978717415714 4.967571371005507 72.0 
290.0 305.0 1.825978717415714 4.967571371005507 72.0 
290.0 306.0 1.825978717415714 4.967571371005507 72.0 
290.0 307.0 1.825978717415714 4.967571371005507 72.0 
290.0 308.0 1.825978717415714 4.967571371005507 72.0 
290.0 309.0 1.825978717415714 4.967571371005507 72.0 
290.0 310.0 1.825978717415714 4.967571371005507 72.0 
290.0 311.0 1.825978717415714 4.967571371005507 72.0 
290.0 312.0 1.825978717415714 4.967571371005507 72.0 
290.0 313.0 1.825978717415714 4.967571371005507 72.0 
290.0 314.0 1.825978717415714 4.967571371005507 72.0 
290.0 315.0 1.825978717415714 4.967571371005507 72.0 
290.0 316.0 1.825978717415714 4.967571371005507 72.0 
291.0 301.0 1.825978717415714 4.967571371005507 72.0 
291.0 302.0 1.825978717415714 4.967571371005507 72.0 
291.0 303.0 1.825978717415714 4.967571371005507 72.0 
291.0 304.0 1.825978717415714 4.967571371005507 72.0 
291.0 305.0 1.825978717415714 4.967571371005507 72.0 
291.0 306.0 1.825978717415714 4.967571371005507 72.0 
291.0 307.0 1.825978717415714 4.967571371005507 72.0 
291.0 308.0 1.825978717415714 4.967571371005507 72.0 
291.0 309.0 1.825978717415714 4.967571371005507 72.0 
291.0 310.0 1.825978717415714 4.967571371005507 72.0 
291.0 311.0 1.825978717415714 4.967571371005507 72.0 
291.0 312.0 1.825978717415714 4.967571371005507 72.0 
292.0 302.0 1.825978717415714 4.967571371005507 72.0 
292.0 303.0 1.825978717415714 4.967571371005507 72.0 
292.0 304.0 1.825978717415714 4.967571371005507 72.0 
292.0 305.0 1.825978717415714 4.967571371005507 72.0 
292.0 306.0 1.825978717415714 4.967571371005507 72.0 
292.0 307.0 1.825978717415714 4.967571371005507 72.0 
292.0 308.0 1.825978717415714 4.967571371005507 72.0 
292.0 309.0 1.825978717415714 4.967571371005507 72.0 
293.0 302.0 1.825978717415714 4.967571371005507 72.0 
293.0 303.0 1.825978717415714 4.967571371005507 72.0 
293.0 304.0 1.825978717415714 4.967571371005507 72.0 
293.0 305.0 1.825978717415714 4.967571371005507 72.0 
