310.0 283.0 2.1421338066285234 5.2837264602183165 24.0 
311.0 281.0 2.1421338066285234 5.2837264602183165 24.0 
311.0 282.0 2.1421338066285234 5.2837264602183165 24.0 
311.0 283.0 2.1421338066285234 5.2837264602183165 24.0 
311.0 284.0 2.1421338066285234 5.2837264602183165 24.0 
312.0 280.0 2.1421338066285234 5.2837264602183165 24.0 
312.0 281.0 2.1421338066285234 5.2837264602183165 24.0 
312.0 282.0 2.1421338066285234 5.2837264602183165 24.0 
313.0 278.0 2.1421338066285234 5.2837264602183165 24.0 
313.0 279.0 2.1421338066285234 5.2837264602183165 24.0 
313.0 280.0 2.1421338066285234 5.2837264602183165 24.0 
313.0 281.0 2.1421338066285234 5.2837264602183165 24.0 
314.0 276.0 2.1421338066285234 5.2837264602183165 24.0 
314.0 277.0 2.1421338066285234 5.2837264602183165 24.0 
314.0 278.0 2.1421338066285234 5.2837264602183165 24.0 
314.0 279.0 2.1421338066285234 5.2837264602183165 24.0 
315.0 275.0 2.1421338066285234 5.2837264602183165 24.0 
315.0 276.0 2.1421338066285234 5.2837264602183165 24.0 
315.0 277.0 2.1421338066285234 5.2837264602183165 24.0 
315.0 278.0 2.1421338066285234 5.2837264602183165 24.0 
316.0 273.0 2.1421338066285234 5.2837264602183165 24.0 
316.0 274.0 2.1421338066285234 5.2837264602183165 24.0 
316.0 275.0 2.1421338066285234 5.2837264602183165 24.0 
316.0 276.0 2.1421338066285234 5.2837264602183165 24.0 
317.0 272.0 2.1421338066285234 5.2837264602183165 24.0 
317.0 273.0 2.1421338066285234 5.2837264602183165 24.0 
317.0 274.0 2.1421338066285234 5.2837264602183165 24.0 
318.0 270.0 2.1421338066285234 5.2837264602183165 24.0 
318.0 271.0 2.1421338066285234 5.2837264602183165 24.0 
318.0 272.0 2.1421338066285234 5.2837264602183165 24.0 
318.0 273.0 2.1421338066285234 5.2837264602183165 24.0 
319.0 270.0 2.1421338066285234 5.2837264602183165 24.0 
319.0 271.0 2.1421338066285234 5.2837264602183165 24.0 
293.0 274.0 1.7359450042095244 4.8775376577993175 28.0 
293.0 275.0 1.7359450042095244 4.8775376577993175 28.0 
293.0 276.0 1.7359450042095244 4.8775376577993175 28.0 
293.0 277.0 1.7359450042095244 4.8775376577993175 28.0 
293.0 278.0 1.7359450042095244 4.8775376577993175 28.0 
293.0 279.0 1.7359450042095244 4.8775376577993175 28.0 
294.0 268.0 1.7359450042095244 4.8775376577993175 28.0 
294.0 269.0 1.7359450042095244 4.8775376577993175 28.0 
294.0 270.0 1.7359450042095244 4.8775376577993175 28.0 
294.0 271.0 1.7359450042095244 4.8775376577993175 28.0 
294.0 272.0 1.7359450042095244 4.8775376577993175 28.0 
294.0 273.0 1.7359450042095244 4.8775376577993175 28.0 
294.0 274.0 1.7359450042095244 4.8775376577993175 28.0 
294.0 275.0 1.7359450042095244 4.8775376577993175 28.0 
294.0 276.0 1.7359450042095244 4.8775376577993175 28.0 
294.0 277.0 1.7359450042095244 4.8775376577993175 28.0 
294.0 278.0 1.7359450042095244 4.8775376577993175 28.0 
294.0 279.0 1.7359450042095244 4.8775376577993175 28.0 
294.0 280.0 1.7359450042095244 4.8775376577993175 28.0 
295.0 262.0 1.7359450042095244 4.8775376577993175 28.0 
295.0 263.0 1.7359450042095244 4.8775376577993175 28.0 
295.0 264.0 1.7359450042095244 4.8775376577993175 28.0 
295.0 265.0 1.7359450042095244 4.8775376577993175 28.0 
295.0 266.0 1.7359450042095244 4.8775376577993175 28.0 
295.0 267.0 1.7359450042095244 4.8775376577993175 28.0 
295.0 268.0 1.7359450042095244 4.8775376577993175 28.0 
295.0 269.0 1.7359450042095244 4.8775376577993175 28.0 
295.0 270.0 1.7359450042095244 4.8775376577993175 28.0 
295.0 271.0 1.7359450042095244 4.8775376577993175 28.0 
295.0 272.0 1.7359450042095244 4.8775376577993175 28.0 
295.0 273.0 1.7359450042095244 4.8775376577993175 28.0 
295.0 274.0 1.7359450042095244 4.8775376577993175 28.0 
296.0 262.0 1.7359450042095244 4.8775376577993175 28.0 
296.0 263.0 1.7359450042095244 4.8775376577993175 28.0 
296.0 264.0 1.7359450042095244 4.8775376577993175 28.0 
296.0 265.0 1.7359450042095244 4.8775376577993175 28.0 
296.0 266.0 1.7359450042095244 4.8775376577993175 28.0 
296.0 267.0 1.7359450042095244 4.8775376577993175 28.0 
296.0 268.0 1.7359450042095244 4.8775376577993175 28.0 
264 367 2.0344439357957023 16.0 
264 368 2.0344439357957023 16.0 
265 365 2.0344439357957023 16.0 
265 366 2.0344439357957023 16.0 
265 367 2.0344439357957023 16.0 
265 368 2.0344439357957023 16.0 
265 369 2.0344439357957023 16.0 
266 363 2.0344439357957023 16.0 
266 364 2.0344439357957023 16.0 
266 365 2.0344439357957023 16.0 
266 366 2.0344439357957023 16.0 
266 367 2.0344439357957023 16.0 
267 361 2.0344439357957023 16.0 
267 362 2.0344439357957023 16.0 
267 363 2.0344439357957023 16.0 
267 364 2.0344439357957023 16.0 
267 365 2.0344439357957023 16.0 
268 359 2.0344439357957023 16.0 
268 360 2.0344439357957023 16.0 
268 361 2.0344439357957023 16.0 
268 362 2.0344439357957023 16.0 
268 363 2.0344439357957023 16.0 
269 359 2.0344439357957023 16.0 
269 360 2.0344439357957023 16.0 
269 361 2.0344439357957023 16.0 
252 359 5.2117357020648205 20.0 
252 360 5.2117357020648205 20.0 
253 358 5.2117357020648205 20.0 
253 359 5.2117357020648205 20.0 
253 360 5.2117357020648205 20.0 
253 361 5.2117357020648205 20.0 
254 356 5.2117357020648205 20.0 
254 357 5.2117357020648205 20.0 
254 358 5.2117357020648205 20.0 
254 359 5.2117357020648205 20.0 
255 354 5.2117357020648205 20.0 
255 355 5.2117357020648205 20.0 
255 356 5.2117357020648205 20.0 
255 357 5.2117357020648205 20.0 
256 352 5.2117357020648205 20.0 
256 353 5.2117357020648205 20.0 
256 354 5.2117357020648205 20.0 
256 355 5.2117357020648205 20.0 
257 350 5.2117357020648205 20.0 
257 351 5.2117357020648205 20.0 
257 352 5.2117357020648205 20.0 
257 353 5.2117357020648205 20.0 
258 350 5.2117357020648205 20.0 
258 351 5.2117357020648205 20.0 
258 352 5.2117357020648205 20.0 
249 369 4.467410317257825 20.0 
249 370 4.467410317257825 20.0 
249 371 4.467410317257825 20.0 
249 372 4.467410317257825 20.0 
249 373 4.467410317257825 20.0 
250 369 4.467410317257825 20.0 
250 370 4.467410317257825 20.0 
250 371 4.467410317257825 20.0 
250 372 4.467410317257825 20.0 
250 373 4.467410317257825 20.0 
250 374 4.467410317257825 20.0 
250 375 4.467410317257825 20.0 
250 376 4.467410317257825 20.0 
250 377 4.467410317257825 20.0 
251 373 4.467410317257825 20.0 
251 374 4.467410317257825 20.0 
251 375 4.467410317257825 20.0 
251 376 4.467410317257825 20.0 
293 373 4.068887871591405 24.0 
293 374 4.068887871591405 24.0 
294 373 4.068887871591405 24.0 
294 374 4.068887871591405 24.0 
294 375 4.068887871591405 24.0 
294 376 4.068887871591405 24.0 
295 374 4.068887871591405 24.0 
295 375 4.068887871591405 24.0 
295 376 4.068887871591405 24.0 
295 377 4.068887871591405 24.0 
296 376 4.068887871591405 24.0 
296 377 4.068887871591405 24.0 
296 378 4.068887871591405 24.0 
297 377 4.068887871591405 24.0 
297 378 4.068887871591405 24.0 
297 379 4.068887871591405 24.0 
297 380 4.068887871591405 24.0 
298 378 4.068887871591405 24.0 
298 379 4.068887871591405 24.0 
298 380 4.068887871591405 24.0 
298 381 4.068887871591405 24.0 
299 380 4.068887871591405 24.0 
302 382 2.7928216500058856 24.0 
303 382 2.7928216500058856 24.0 
303 383 2.7928216500058856 24.0 
304 382 2.7928216500058856 24.0 
304 383 2.7928216500058856 24.0 
305 381 2.7928216500058856 24.0 
305 382 2.7928216500058856 24.0 
306 381 2.7928216500058856 24.0 
306 382 2.7928216500058856 24.0 
307 381 2.7928216500058856 24.0 
307 382 2.7928216500058856 24.0 
308 380 2.7928216500058856 24.0 
308 381 2.7928216500058856 24.0 
309 380 2.7928216500058856 24.0 
309 381 2.7928216500058856 24.0 
310 380 2.7928216500058856 24.0 
310 381 2.7928216500058856 24.0 
311 379 2.7928216500058856 24.0 
311 380 2.7928216500058856 24.0 
312 379 2.7928216500058856 24.0 
312 380 2.7928216500058856 24.0 
313 379 2.7928216500058856 24.0 
313 380 2.7928216500058856 24.0 
313 367 1.6614562139956426 20.0 
313 368 1.6614562139956426 20.0 
313 369 1.6614562139956426 20.0 
313 370 1.6614562139956426 20.0 
313 371 1.6614562139956426 20.0 
313 372 1.6614562139956426 20.0 
313 373 1.6614562139956426 20.0 
313 374 1.6614562139956426 20.0 
313 375 1.6614562139956426 20.0 
313 376 1.6614562139956426 20.0 
313 377 1.6614562139956426 20.0 
314 367 1.6614562139956426 20.0 
314 368 1.6614562139956426 20.0 
314 369 1.6614562139956426 20.0 
314 370 1.6614562139956426 20.0 
314 371 1.6614562139956426 20.0 
314 372 1.6614562139956426 20.0 
314 373 1.6614562139956426 20.0 
314 374 1.6614562139956426 20.0 
314 375 1.6614562139956426 20.0 
314 376 1.6614562139956426 20.0 
314 377 1.6614562139956426 20.0 
314 378 1.6614562139956426 20.0 
255.0 367.0 2.102520394053701 5.244113047643495 44.0 
256.0 365.0 2.102520394053701 5.244113047643495 44.0 
256.0 366.0 2.102520394053701 5.244113047643495 44.0 
256.0 367.0 2.102520394053701 5.244113047643495 44.0 
256.0 368.0 2.102520394053701 5.244113047643495 44.0 
257.0 364.0 2.102520394053701 5.244113047643495 44.0 
257.0 365.0 2.102520394053701 5.244113047643495 44.0 
257.0 366.0 2.102520394053701 5.244113047643495 44.0 
257.0 367.0 2.102520394053701 5.244113047643495 44.0 
257.0 368.0 2.102520394053701 5.244113047643495 44.0 
258.0 362.0 2.102520394053701 5.244113047643495 44.0 
258.0 363.0 2.102520394053701 5.244113047643495 44.0 
258.0 364.0 2.102520394053701 5.244113047643495 44.0 
258.0 365.0 2.102520394053701 5.244113047643495 44.0 
258.0 366.0 2.102520394053701 5.244113047643495 44.0 
258.0 367.0 2.102520394053701 5.244113047643495 44.0 
258.0 368.0 2.102520394053701 5.244113047643495 44.0 
258.0 369.0 2.102520394053701 5.244113047643495 44.0 
259.0 360.0 2.102520394053701 5.244113047643495 44.0 
259.0 361.0 2.102520394053701 5.244113047643495 44.0 
259.0 362.0 2.102520394053701 5.244113047643495 44.0 
259.0 363.0 2.102520394053701 5.244113047643495 44.0 
259.0 364.0 2.102520394053701 5.244113047643495 44.0 
259.0 365.0 2.102520394053701 5.244113047643495 44.0 
259.0 366.0 2.102520394053701 5.244113047643495 44.0 
259.0 367.0 2.102520394053701 5.244113047643495 44.0 
259.0 368.0 2.102520394053701 5.244113047643495 44.0 
259.0 369.0 2.102520394053701 5.244113047643495 44.0 
259.0 370.0 2.102520394053701 5.244113047643495 44.0 
260.0 358.0 2.102520394053701 5.244113047643495 44.0 
260.0 359.0 2.102520394053701 5.244113047643495 44.0 
260.0 360.0 2.102520394053701 5.244113047643495 44.0 
260.0 361.0 2.102520394053701 5.244113047643495 44.0 
260.0 362.0 2.102520394053701 5.244113047643495 44.0 
260.0 363.0 2.102520394053701 5.244113047643495 44.0 
260.0 364.0 2.102520394053701 5.244113047643495 44.0 
260.0 365.0 2.102520394053701 5.244113047643495 44.0 
260.0 366.0 2.102520394053701 5.244113047643495 44.0 
260.0 367.0 2.102520394053701 5.244113047643495 44.0 
260.0 368.0 2.102520394053701 5.244113047643495 44.0 
260.0 369.0 2.102520394053701 5.244113047643495 44.0 
261.0 357.0 2.102520394053701 5.244113047643495 44.0 
261.0 358.0 2.102520394053701 5.244113047643495 44.0 
261.0 359.0 2.102520394053701 5.244113047643495 44.0 
261.0 360.0 2.102520394053701 5.244113047643495 44.0 
261.0 361.0 2.102520394053701 5.244113047643495 44.0 
261.0 362.0 2.102520394053701 5.244113047643495 44.0 
261.0 363.0 2.102520394053701 5.244113047643495 44.0 
261.0 364.0 2.102520394053701 5.244113047643495 44.0 
261.0 365.0 2.102520394053701 5.244113047643495 44.0 
261.0 366.0 2.102520394053701 5.244113047643495 44.0 
261.0 367.0 2.102520394053701 5.244113047643495 44.0 
261.0 368.0 2.102520394053701 5.244113047643495 44.0 
262.0 355.0 2.102520394053701 5.244113047643495 44.0 
262.0 356.0 2.102520394053701 5.244113047643495 44.0 
262.0 357.0 2.102520394053701 5.244113047643495 44.0 
262.0 358.0 2.102520394053701 5.244113047643495 44.0 
262.0 359.0 2.102520394053701 5.244113047643495 44.0 
262.0 360.0 2.102520394053701 5.244113047643495 44.0 
262.0 361.0 2.102520394053701 5.244113047643495 44.0 
262.0 362.0 2.102520394053701 5.244113047643495 44.0 
262.0 363.0 2.102520394053701 5.244113047643495 44.0 
262.0 364.0 2.102520394053701 5.244113047643495 44.0 
262.0 365.0 2.102520394053701 5.244113047643495 44.0 
262.0 366.0 2.102520394053701 5.244113047643495 44.0 
263.0 353.0 2.102520394053701 5.244113047643495 44.0 
263.0 354.0 2.102520394053701 5.244113047643495 44.0 
263.0 355.0 2.102520394053701 5.244113047643495 44.0 
263.0 356.0 2.102520394053701 5.244113047643495 44.0 
263.0 357.0 2.102520394053701 5.244113047643495 44.0 
263.0 358.0 2.102520394053701 5.244113047643495 44.0 
263.0 359.0 2.102520394053701 5.244113047643495 44.0 
263.0 360.0 2.102520394053701 5.244113047643495 44.0 
263.0 361.0 2.102520394053701 5.244113047643495 44.0 
263.0 362.0 2.102520394053701 5.244113047643495 44.0 
263.0 363.0 2.102520394053701 5.244113047643495 44.0 
263.0 364.0 2.102520394053701 5.244113047643495 44.0 
264.0 352.0 2.102520394053701 5.244113047643495 44.0 
264.0 353.0 2.102520394053701 5.244113047643495 44.0 
264.0 354.0 2.102520394053701 5.244113047643495 44.0 
264.0 355.0 2.102520394053701 5.244113047643495 44.0 
264.0 356.0 2.102520394053701 5.244113047643495 44.0 
264.0 357.0 2.102520394053701 5.244113047643495 44.0 
264.0 358.0 2.102520394053701 5.244113047643495 44.0 
264.0 359.0 2.102520394053701 5.244113047643495 44.0 
264.0 360.0 2.102520394053701 5.244113047643495 44.0 
264.0 361.0 2.102520394053701 5.244113047643495 44.0 
264.0 362.0 2.102520394053701 5.244113047643495 44.0 
264.0 363.0 2.102520394053701 5.244113047643495 44.0 
265.0 351.0 2.102520394053701 5.244113047643495 44.0 
265.0 352.0 2.102520394053701 5.244113047643495 44.0 
265.0 353.0 2.102520394053701 5.244113047643495 44.0 
265.0 354.0 2.102520394053701 5.244113047643495 44.0 
265.0 355.0 2.102520394053701 5.244113047643495 44.0 
265.0 356.0 2.102520394053701 5.244113047643495 44.0 
265.0 357.0 2.102520394053701 5.244113047643495 44.0 
265.0 358.0 2.102520394053701 5.244113047643495 44.0 
265.0 359.0 2.102520394053701 5.244113047643495 44.0 
265.0 360.0 2.102520394053701 5.244113047643495 44.0 
265.0 361.0 2.102520394053701 5.244113047643495 44.0 
266.0 352.0 2.102520394053701 5.244113047643495 44.0 
266.0 353.0 2.102520394053701 5.244113047643495 44.0 
266.0 354.0 2.102520394053701 5.244113047643495 44.0 
266.0 355.0 2.102520394053701 5.244113047643495 44.0 
266.0 356.0 2.102520394053701 5.244113047643495 44.0 
266.0 357.0 2.102520394053701 5.244113047643495 44.0 
266.0 358.0 2.102520394053701 5.244113047643495 44.0 
266.0 359.0 2.102520394053701 5.244113047643495 44.0 
267.0 352.0 2.102520394053701 5.244113047643495 44.0 
267.0 353.0 2.102520394053701 5.244113047643495 44.0 
267.0 354.0 2.102520394053701 5.244113047643495 44.0 
267.0 355.0 2.102520394053701 5.244113047643495 44.0 
267.0 356.0 2.102520394053701 5.244113047643495 44.0 
267.0 357.0 2.102520394053701 5.244113047643495 44.0 
268.0 353.0 2.102520394053701 5.244113047643495 44.0 
268.0 354.0 2.102520394053701 5.244113047643495 44.0 
268.0 355.0 2.102520394053701 5.244113047643495 44.0 
268.0 356.0 2.102520394053701 5.244113047643495 44.0 
269.0 354.0 2.102520394053701 5.244113047643495 44.0 
296.0 358.0 4.375714160997962 1.234121507408169 48.0 
296.0 359.0 4.375714160997962 1.234121507408169 48.0 
296.0 360.0 4.375714160997962 1.234121507408169 48.0 
297.0 358.0 4.375714160997962 1.234121507408169 48.0 
297.0 359.0 4.375714160997962 1.234121507408169 48.0 
297.0 360.0 4.375714160997962 1.234121507408169 48.0 
297.0 361.0 4.375714160997962 1.234121507408169 48.0 
297.0 362.0 4.375714160997962 1.234121507408169 48.0 
297.0 363.0 4.375714160997962 1.234121507408169 48.0 
298.0 357.0 4.375714160997962 1.234121507408169 48.0 
298.0 358.0 4.375714160997962 1.234121507408169 48.0 
298.0 359.0 4.375714160997962 1.234121507408169 48.0 
298.0 360.0 4.375714160997962 1.234121507408169 48.0 
298.0 361.0 4.375714160997962 1.234121507408169 48.0 
298.0 362.0 4.375714160997962 1.234121507408169 48.0 
298.0 363.0 4.375714160997962 1.234121507408169 48.0 
298.0 364.0 4.375714160997962 1.234121507408169 48.0 
298.0 365.0 4.375714160997962 1.234121507408169 48.0 
298.0 366.0 4.375714160997962 1.234121507408169 48.0 
299.0 357.0 4.375714160997962 1.234121507408169 48.0 
299.0 358.0 4.375714160997962 1.234121507408169 48.0 
299.0 359.0 4.375714160997962 1.234121507408169 48.0 
299.0 360.0 4.375714160997962 1.234121507408169 48.0 
299.0 361.0 4.375714160997962 1.234121507408169 48.0 
299.0 362.0 4.375714160997962 1.234121507408169 48.0 
299.0 363.0 4.375714160997962 1.234121507408169 48.0 
299.0 364.0 4.375714160997962 1.234121507408169 48.0 
299.0 365.0 4.375714160997962 1.234121507408169 48.0 
299.0 366.0 4.375714160997962 1.234121507408169 48.0 
299.0 367.0 4.375714160997962 1.234121507408169 48.0 
299.0 368.0 4.375714160997962 1.234121507408169 48.0 
300.0 357.0 4.375714160997962 1.234121507408169 48.0 
300.0 358.0 4.375714160997962 1.234121507408169 48.0 
300.0 359.0 4.375714160997962 1.234121507408169 48.0 
300.0 360.0 4.375714160997962 1.234121507408169 48.0 
300.0 361.0 4.375714160997962 1.234121507408169 48.0 
300.0 362.0 4.375714160997962 1.234121507408169 48.0 
300.0 363.0 4.375714160997962 1.234121507408169 48.0 
300.0 364.0 4.375714160997962 1.234121507408169 48.0 
300.0 365.0 4.375714160997962 1.234121507408169 48.0 
300.0 366.0 4.375714160997962 1.234121507408169 48.0 
300.0 367.0 4.375714160997962 1.234121507408169 48.0 
300.0 368.0 4.375714160997962 1.234121507408169 48.0 
300.0 369.0 4.375714160997962 1.234121507408169 48.0 
300.0 370.0 4.375714160997962 1.234121507408169 48.0 
300.0 371.0 4.375714160997962 1.234121507408169 48.0 
301.0 357.0 4.375714160997962 1.234121507408169 48.0 
301.0 358.0 4.375714160997962 1.234121507408169 48.0 
301.0 359.0 4.375714160997962 1.234121507408169 48.0 
301.0 360.0 4.375714160997962 1.234121507408169 48.0 
301.0 361.0 4.375714160997962 1.234121507408169 48.0 
301.0 362.0 4.375714160997962 1.234121507408169 48.0 
301.0 363.0 4.375714160997962 1.234121507408169 48.0 
301.0 364.0 4.375714160997962 1.234121507408169 48.0 
301.0 365.0 4.375714160997962 1.234121507408169 48.0 
301.0 366.0 4.375714160997962 1.234121507408169 48.0 
301.0 367.0 4.375714160997962 1.234121507408169 48.0 
301.0 368.0 4.375714160997962 1.234121507408169 48.0 
301.0 369.0 4.375714160997962 1.234121507408169 48.0 
301.0 370.0 4.375714160997962 1.234121507408169 48.0 
301.0 371.0 4.375714160997962 1.234121507408169 48.0 
301.0 372.0 4.375714160997962 1.234121507408169 48.0 
301.0 373.0 4.375714160997962 1.234121507408169 48.0 
301.0 374.0 4.375714160997962 1.234121507408169 48.0 
302.0 360.0 4.375714160997962 1.234121507408169 48.0 
302.0 361.0 4.375714160997962 1.234121507408169 48.0 
302.0 362.0 4.375714160997962 1.234121507408169 48.0 
302.0 363.0 4.375714160997962 1.234121507408169 48.0 
302.0 364.0 4.375714160997962 1.234121507408169 48.0 
302.0 365.0 4.375714160997962 1.234121507408169 48.0 
302.0 366.0 4.375714160997962 1.234121507408169 48.0 
302.0 367.0 4.375714160997962 1.234121507408169 48.0 
302.0 368.0 4.375714160997962 1.234121507408169 48.0 
302.0 369.0 4.375714160997962 1.234121507408169 48.0 
302.0 370.0 4.375714160997962 1.234121507408169 48.0 
302.0 371.0 4.375714160997962 1.234121507408169 48.0 
302.0 372.0 4.375714160997962 1.234121507408169 48.0 
302.0 373.0 4.375714160997962 1.234121507408169 48.0 
302.0 374.0 4.375714160997962 1.234121507408169 48.0 
302.0 375.0 4.375714160997962 1.234121507408169 48.0 
302.0 376.0 4.375714160997962 1.234121507408169 48.0 
302.0 377.0 4.375714160997962 1.234121507408169 48.0 
303.0 363.0 4.375714160997962 1.234121507408169 48.0 
303.0 364.0 4.375714160997962 1.234121507408169 48.0 
303.0 365.0 4.375714160997962 1.234121507408169 48.0 
303.0 366.0 4.375714160997962 1.234121507408169 48.0 
303.0 367.0 4.375714160997962 1.234121507408169 48.0 
303.0 368.0 4.375714160997962 1.234121507408169 48.0 
303.0 369.0 4.375714160997962 1.234121507408169 48.0 
303.0 370.0 4.375714160997962 1.234121507408169 48.0 
303.0 371.0 4.375714160997962 1.234121507408169 48.0 
303.0 372.0 4.375714160997962 1.234121507408169 48.0 
303.0 373.0 4.375714160997962 1.234121507408169 48.0 
303.0 374.0 4.375714160997962 1.234121507408169 48.0 
303.0 375.0 4.375714160997962 1.234121507408169 48.0 
303.0 376.0 4.375714160997962 1.234121507408169 48.0 
303.0 377.0 4.375714160997962 1.234121507408169 48.0 
304.0 366.0 4.375714160997962 1.234121507408169 48.0 
304.0 367.0 4.375714160997962 1.234121507408169 48.0 
304.0 368.0 4.375714160997962 1.234121507408169 48.0 
304.0 369.0 4.375714160997962 1.234121507408169 48.0 
304.0 370.0 4.375714160997962 1.234121507408169 48.0 
304.0 371.0 4.375714160997962 1.234121507408169 48.0 
304.0 372.0 4.375714160997962 1.234121507408169 48.0 
304.0 373.0 4.375714160997962 1.234121507408169 48.0 
304.0 374.0 4.375714160997962 1.234121507408169 48.0 
304.0 375.0 4.375714160997962 1.234121507408169 48.0 
304.0 376.0 4.375714160997962 1.234121507408169 48.0 
304.0 377.0 4.375714160997962 1.234121507408169 48.0 
305.0 368.0 4.375714160997962 1.234121507408169 48.0 
305.0 369.0 4.375714160997962 1.234121507408169 48.0 
305.0 370.0 4.375714160997962 1.234121507408169 48.0 
305.0 371.0 4.375714160997962 1.234121507408169 48.0 
305.0 372.0 4.375714160997962 1.234121507408169 48.0 
305.0 373.0 4.375714160997962 1.234121507408169 48.0 
305.0 374.0 4.375714160997962 1.234121507408169 48.0 
305.0 375.0 4.375714160997962 1.234121507408169 48.0 
305.0 376.0 4.375714160997962 1.234121507408169 48.0 
306.0 371.0 4.375714160997962 1.234121507408169 48.0 
306.0 372.0 4.375714160997962 1.234121507408169 48.0 
306.0 373.0 4.375714160997962 1.234121507408169 48.0 
306.0 374.0 4.375714160997962 1.234121507408169 48.0 
306.0 375.0 4.375714160997962 1.234121507408169 48.0 
306.0 376.0 4.375714160997962 1.234121507408169 48.0 
307.0 374.0 4.375714160997962 1.234121507408169 48.0 
307.0 375.0 4.375714160997962 1.234121507408169 48.0 
307.0 376.0 4.375714160997962 1.234121507408169 48.0 
