302.0 261.0 4.237378224119594 1.0957855705298003 36.0 
303.0 260.0 4.237378224119594 1.0957855705298003 36.0 
303.0 261.0 4.237378224119594 1.0957855705298003 36.0 
303.0 262.0 4.237378224119594 1.0957855705298003 36.0 
303.0 263.0 4.237378224119594 1.0957855705298003 36.0 
304.0 259.0 4.237378224119594 1.0957855705298003 36.0 
304.0 260.0 4.237378224119594 1.0957855705298003 36.0 
304.0 261.0 4.237378224119594 1.0957855705298003 36.0 
304.0 262.0 4.237378224119594 1.0957855705298003 36.0 
304.0 263.0 4.237378224119594 1.0957855705298003 36.0 
304.0 264.0 4.237378224119594 1.0957855705298003 36.0 
304.0 265.0 4.237378224119594 1.0957855705298003 36.0 
305.0 259.0 4.237378224119594 1.0957855705298003 36.0 
305.0 260.0 4.237378224119594 1.0957855705298003 36.0 
305.0 261.0 4.237378224119594 1.0957855705298003 36.0 
305.0 262.0 4.237378224119594 1.0957855705298003 36.0 
305.0 263.0 4.237378224119594 1.0957855705298003 36.0 
305.0 264.0 4.237378224119594 1.0957855705298003 36.0 
305.0 265.0 4.237378224119594 1.0957855705298003 36.0 
305.0 266.0 4.237378224119594 1.0957855705298003 36.0 
305.0 267.0 4.237378224119594 1.0957855705298003 36.0 
306.0 258.0 4.237378224119594 1.0957855705298003 36.0 
306.0 259.0 4.237378224119594 1.0957855705298003 36.0 
306.0 260.0 4.237378224119594 1.0957855705298003 36.0 
306.0 261.0 4.237378224119594 1.0957855705298003 36.0 
306.0 262.0 4.237378224119594 1.0957855705298003 36.0 
306.0 263.0 4.237378224119594 1.0957855705298003 36.0 
306.0 264.0 4.237378224119594 1.0957855705298003 36.0 
306.0 265.0 4.237378224119594 1.0957855705298003 36.0 
306.0 266.0 4.237378224119594 1.0957855705298003 36.0 
306.0 267.0 4.237378224119594 1.0957855705298003 36.0 
306.0 268.0 4.237378224119594 1.0957855705298003 36.0 
306.0 269.0 4.237378224119594 1.0957855705298003 36.0 
307.0 259.0 4.237378224119594 1.0957855705298003 36.0 
307.0 260.0 4.237378224119594 1.0957855705298003 36.0 
307.0 261.0 4.237378224119594 1.0957855705298003 36.0 
307.0 262.0 4.237378224119594 1.0957855705298003 36.0 
307.0 263.0 4.237378224119594 1.0957855705298003 36.0 
307.0 264.0 4.237378224119594 1.0957855705298003 36.0 
307.0 265.0 4.237378224119594 1.0957855705298003 36.0 
307.0 266.0 4.237378224119594 1.0957855705298003 36.0 
307.0 267.0 4.237378224119594 1.0957855705298003 36.0 
307.0 268.0 4.237378224119594 1.0957855705298003 36.0 
307.0 269.0 4.237378224119594 1.0957855705298003 36.0 
307.0 270.0 4.237378224119594 1.0957855705298003 36.0 
307.0 271.0 4.237378224119594 1.0957855705298003 36.0 
308.0 261.0 4.237378224119594 1.0957855705298003 36.0 
308.0 262.0 4.237378224119594 1.0957855705298003 36.0 
308.0 263.0 4.237378224119594 1.0957855705298003 36.0 
308.0 264.0 4.237378224119594 1.0957855705298003 36.0 
308.0 265.0 4.237378224119594 1.0957855705298003 36.0 
308.0 266.0 4.237378224119594 1.0957855705298003 36.0 
308.0 267.0 4.237378224119594 1.0957855705298003 36.0 
308.0 268.0 4.237378224119594 1.0957855705298003 36.0 
308.0 269.0 4.237378224119594 1.0957855705298003 36.0 
308.0 270.0 4.237378224119594 1.0957855705298003 36.0 
308.0 271.0 4.237378224119594 1.0957855705298003 36.0 
308.0 272.0 4.237378224119594 1.0957855705298003 36.0 
308.0 273.0 4.237378224119594 1.0957855705298003 36.0 
309.0 263.0 4.237378224119594 1.0957855705298003 36.0 
309.0 264.0 4.237378224119594 1.0957855705298003 36.0 
309.0 265.0 4.237378224119594 1.0957855705298003 36.0 
309.0 266.0 4.237378224119594 1.0957855705298003 36.0 
309.0 267.0 4.237378224119594 1.0957855705298003 36.0 
309.0 268.0 4.237378224119594 1.0957855705298003 36.0 
309.0 269.0 4.237378224119594 1.0957855705298003 36.0 
309.0 270.0 4.237378224119594 1.0957855705298003 36.0 
309.0 271.0 4.237378224119594 1.0957855705298003 36.0 
309.0 272.0 4.237378224119594 1.0957855705298003 36.0 
309.0 273.0 4.237378224119594 1.0957855705298003 36.0 
309.0 274.0 4.237378224119594 1.0957855705298003 36.0 
309.0 275.0 4.237378224119594 1.0957855705298003 36.0 
310.0 265.0 4.237378224119594 1.0957855705298003 36.0 
310.0 266.0 4.237378224119594 1.0957855705298003 36.0 
310.0 267.0 4.237378224119594 1.0957855705298003 36.0 
310.0 268.0 4.237378224119594 1.0957855705298003 36.0 
310.0 269.0 4.237378224119594 1.0957855705298003 36.0 
310.0 270.0 4.237378224119594 1.0957855705298003 36.0 
310.0 271.0 4.237378224119594 1.0957855705298003 36.0 
310.0 272.0 4.237378224119594 1.0957855705298003 36.0 
310.0 273.0 4.237378224119594 1.0957855705298003 36.0 
310.0 274.0 4.237378224119594 1.0957855705298003 36.0 
310.0 275.0 4.237378224119594 1.0957855705298003 36.0 
310.0 276.0 4.237378224119594 1.0957855705298003 36.0 
310.0 277.0 4.237378224119594 1.0957855705298003 36.0 
311.0 267.0 4.237378224119594 1.0957855705298003 36.0 
311.0 268.0 4.237378224119594 1.0957855705298003 36.0 
311.0 269.0 4.237378224119594 1.0957855705298003 36.0 
311.0 270.0 4.237378224119594 1.0957855705298003 36.0 
311.0 271.0 4.237378224119594 1.0957855705298003 36.0 
311.0 272.0 4.237378224119594 1.0957855705298003 36.0 
311.0 273.0 4.237378224119594 1.0957855705298003 36.0 
311.0 274.0 4.237378224119594 1.0957855705298003 36.0 
311.0 275.0 4.237378224119594 1.0957855705298003 36.0 
311.0 276.0 4.237378224119594 1.0957855705298003 36.0 
311.0 277.0 4.237378224119594 1.0957855705298003 36.0 
311.0 278.0 4.237378224119594 1.0957855705298003 36.0 
311.0 279.0 4.237378224119594 1.0957855705298003 36.0 
312.0 268.0 4.237378224119594 1.0957855705298003 36.0 
312.0 269.0 4.237378224119594 1.0957855705298003 36.0 
312.0 270.0 4.237378224119594 1.0957855705298003 36.0 
312.0 271.0 4.237378224119594 1.0957855705298003 36.0 
312.0 272.0 4.237378224119594 1.0957855705298003 36.0 
312.0 273.0 4.237378224119594 1.0957855705298003 36.0 
312.0 274.0 4.237378224119594 1.0957855705298003 36.0 
312.0 275.0 4.237378224119594 1.0957855705298003 36.0 
312.0 276.0 4.237378224119594 1.0957855705298003 36.0 
312.0 277.0 4.237378224119594 1.0957855705298003 36.0 
312.0 278.0 4.237378224119594 1.0957855705298003 36.0 
312.0 279.0 4.237378224119594 1.0957855705298003 36.0 
312.0 280.0 4.237378224119594 1.0957855705298003 36.0 
312.0 281.0 4.237378224119594 1.0957855705298003 36.0 
313.0 270.0 4.237378224119594 1.0957855705298003 36.0 
313.0 271.0 4.237378224119594 1.0957855705298003 36.0 
313.0 272.0 4.237378224119594 1.0957855705298003 36.0 
313.0 273.0 4.237378224119594 1.0957855705298003 36.0 
313.0 274.0 4.237378224119594 1.0957855705298003 36.0 
313.0 275.0 4.237378224119594 1.0957855705298003 36.0 
313.0 276.0 4.237378224119594 1.0957855705298003 36.0 
313.0 277.0 4.237378224119594 1.0957855705298003 36.0 
313.0 278.0 4.237378224119594 1.0957855705298003 36.0 
313.0 279.0 4.237378224119594 1.0957855705298003 36.0 
313.0 280.0 4.237378224119594 1.0957855705298003 36.0 
313.0 281.0 4.237378224119594 1.0957855705298003 36.0 
313.0 282.0 4.237378224119594 1.0957855705298003 36.0 
313.0 283.0 4.237378224119594 1.0957855705298003 36.0 
314.0 272.0 4.237378224119594 1.0957855705298003 36.0 
314.0 273.0 4.237378224119594 1.0957855705298003 36.0 
314.0 274.0 4.237378224119594 1.0957855705298003 36.0 
314.0 275.0 4.237378224119594 1.0957855705298003 36.0 
314.0 276.0 4.237378224119594 1.0957855705298003 36.0 
314.0 277.0 4.237378224119594 1.0957855705298003 36.0 
314.0 278.0 4.237378224119594 1.0957855705298003 36.0 
314.0 279.0 4.237378224119594 1.0957855705298003 36.0 
314.0 280.0 4.237378224119594 1.0957855705298003 36.0 
314.0 281.0 4.237378224119594 1.0957855705298003 36.0 
314.0 282.0 4.237378224119594 1.0957855705298003 36.0 
314.0 283.0 4.237378224119594 1.0957855705298003 36.0 
314.0 284.0 4.237378224119594 1.0957855705298003 36.0 
314.0 285.0 4.237378224119594 1.0957855705298003 36.0 
315.0 274.0 4.237378224119594 1.0957855705298003 36.0 
315.0 275.0 4.237378224119594 1.0957855705298003 36.0 
315.0 276.0 4.237378224119594 1.0957855705298003 36.0 
315.0 277.0 4.237378224119594 1.0957855705298003 36.0 
315.0 278.0 4.237378224119594 1.0957855705298003 36.0 
315.0 279.0 4.237378224119594 1.0957855705298003 36.0 
315.0 280.0 4.237378224119594 1.0957855705298003 36.0 
315.0 281.0 4.237378224119594 1.0957855705298003 36.0 
315.0 282.0 4.237378224119594 1.0957855705298003 36.0 
315.0 283.0 4.237378224119594 1.0957855705298003 36.0 
315.0 284.0 4.237378224119594 1.0957855705298003 36.0 
315.0 285.0 4.237378224119594 1.0957855705298003 36.0 
315.0 286.0 4.237378224119594 1.0957855705298003 36.0 
316.0 276.0 4.237378224119594 1.0957855705298003 36.0 
316.0 277.0 4.237378224119594 1.0957855705298003 36.0 
316.0 278.0 4.237378224119594 1.0957855705298003 36.0 
316.0 279.0 4.237378224119594 1.0957855705298003 36.0 
316.0 280.0 4.237378224119594 1.0957855705298003 36.0 
316.0 281.0 4.237378224119594 1.0957855705298003 36.0 
316.0 282.0 4.237378224119594 1.0957855705298003 36.0 
316.0 283.0 4.237378224119594 1.0957855705298003 36.0 
316.0 284.0 4.237378224119594 1.0957855705298003 36.0 
316.0 285.0 4.237378224119594 1.0957855705298003 36.0 
316.0 286.0 4.237378224119594 1.0957855705298003 36.0 
316.0 287.0 4.237378224119594 1.0957855705298003 36.0 
316.0 288.0 4.237378224119594 1.0957855705298003 36.0 
317.0 278.0 4.237378224119594 1.0957855705298003 36.0 
317.0 279.0 4.237378224119594 1.0957855705298003 36.0 
317.0 280.0 4.237378224119594 1.0957855705298003 36.0 
317.0 281.0 4.237378224119594 1.0957855705298003 36.0 
317.0 282.0 4.237378224119594 1.0957855705298003 36.0 
317.0 283.0 4.237378224119594 1.0957855705298003 36.0 
317.0 284.0 4.237378224119594 1.0957855705298003 36.0 
317.0 285.0 4.237378224119594 1.0957855705298003 36.0 
317.0 286.0 4.237378224119594 1.0957855705298003 36.0 
317.0 287.0 4.237378224119594 1.0957855705298003 36.0 
317.0 288.0 4.237378224119594 1.0957855705298003 36.0 
317.0 289.0 4.237378224119594 1.0957855705298003 36.0 
317.0 290.0 4.237378224119594 1.0957855705298003 36.0 
318.0 280.0 4.237378224119594 1.0957855705298003 36.0 
318.0 281.0 4.237378224119594 1.0957855705298003 36.0 
318.0 282.0 4.237378224119594 1.0957855705298003 36.0 
318.0 283.0 4.237378224119594 1.0957855705298003 36.0 
318.0 284.0 4.237378224119594 1.0957855705298003 36.0 
318.0 285.0 4.237378224119594 1.0957855705298003 36.0 
318.0 286.0 4.237378224119594 1.0957855705298003 36.0 
318.0 287.0 4.237378224119594 1.0957855705298003 36.0 
318.0 288.0 4.237378224119594 1.0957855705298003 36.0 
318.0 289.0 4.237378224119594 1.0957855705298003 36.0 
318.0 290.0 4.237378224119594 1.0957855705298003 36.0 
318.0 291.0 4.237378224119594 1.0957855705298003 36.0 
318.0 292.0 4.237378224119594 1.0957855705298003 36.0 
319.0 282.0 4.237378224119594 1.0957855705298003 36.0 
319.0 283.0 4.237378224119594 1.0957855705298003 36.0 
319.0 284.0 4.237378224119594 1.0957855705298003 36.0 
319.0 285.0 4.237378224119594 1.0957855705298003 36.0 
319.0 286.0 4.237378224119594 1.0957855705298003 36.0 
319.0 287.0 4.237378224119594 1.0957855705298003 36.0 
319.0 288.0 4.237378224119594 1.0957855705298003 36.0 
319.0 289.0 4.237378224119594 1.0957855705298003 36.0 
319.0 290.0 4.237378224119594 1.0957855705298003 36.0 
319.0 291.0 4.237378224119594 1.0957855705298003 36.0 
319.0 292.0 4.237378224119594 1.0957855705298003 36.0 
319.0 293.0 4.237378224119594 1.0957855705298003 36.0 
319.0 294.0 4.237378224119594 1.0957855705298003 36.0 
320.0 284.0 4.237378224119594 1.0957855705298003 36.0 
320.0 285.0 4.237378224119594 1.0957855705298003 36.0 
320.0 286.0 4.237378224119594 1.0957855705298003 36.0 
320.0 287.0 4.237378224119594 1.0957855705298003 36.0 
320.0 288.0 4.237378224119594 1.0957855705298003 36.0 
320.0 289.0 4.237378224119594 1.0957855705298003 36.0 
320.0 290.0 4.237378224119594 1.0957855705298003 36.0 
320.0 291.0 4.237378224119594 1.0957855705298003 36.0 
320.0 292.0 4.237378224119594 1.0957855705298003 36.0 
320.0 293.0 4.237378224119594 1.0957855705298003 36.0 
320.0 294.0 4.237378224119594 1.0957855705298003 36.0 
320.0 295.0 4.237378224119594 1.0957855705298003 36.0 
321.0 286.0 4.237378224119594 1.0957855705298003 36.0 
321.0 287.0 4.237378224119594 1.0957855705298003 36.0 
321.0 288.0 4.237378224119594 1.0957855705298003 36.0 
321.0 289.0 4.237378224119594 1.0957855705298003 36.0 
321.0 290.0 4.237378224119594 1.0957855705298003 36.0 
321.0 291.0 4.237378224119594 1.0957855705298003 36.0 
321.0 292.0 4.237378224119594 1.0957855705298003 36.0 
321.0 293.0 4.237378224119594 1.0957855705298003 36.0 
321.0 294.0 4.237378224119594 1.0957855705298003 36.0 
322.0 288.0 4.237378224119594 1.0957855705298003 36.0 
322.0 289.0 4.237378224119594 1.0957855705298003 36.0 
322.0 290.0 4.237378224119594 1.0957855705298003 36.0 
322.0 291.0 4.237378224119594 1.0957855705298003 36.0 
322.0 292.0 4.237378224119594 1.0957855705298003 36.0 
322.0 293.0 4.237378224119594 1.0957855705298003 36.0 
323.0 290.0 4.237378224119594 1.0957855705298003 36.0 
323.0 291.0 4.237378224119594 1.0957855705298003 36.0 
323.0 292.0 4.237378224119594 1.0957855705298003 36.0 
323.0 293.0 4.237378224119594 1.0957855705298003 36.0 
324.0 292.0 4.237378224119594 1.0957855705298003 36.0 
