283 282 32.0 
283 283 32.0 
283 284 32.0 
283 285 32.0 
283 286 32.0 
284 282 32.0 
284 283 32.0 
284 284 32.0 
284 285 32.0 
284 286 32.0 
285 282 32.0 
285 283 32.0 
285 284 32.0 
285 285 32.0 
285 286 32.0 
286 282 32.0 
286 283 32.0 
286 284 32.0 
286 285 32.0 
286 286 32.0 
287 282 32.0 
287 283 32.0 
287 284 32.0 
287 285 32.0 
287 286 32.0 
294.0 288.0 3.274144185886467 0.13255153229667366 40.0 
294.0 289.0 3.274144185886467 0.13255153229667366 40.0 
294.0 290.0 3.274144185886467 0.13255153229667366 40.0 
294.0 291.0 3.274144185886467 0.13255153229667366 40.0 
295.0 286.0 3.274144185886467 0.13255153229667366 40.0 
295.0 287.0 3.274144185886467 0.13255153229667366 40.0 
295.0 288.0 3.274144185886467 0.13255153229667366 40.0 
295.0 289.0 3.274144185886467 0.13255153229667366 40.0 
295.0 290.0 3.274144185886467 0.13255153229667366 40.0 
295.0 291.0 3.274144185886467 0.13255153229667366 40.0 
296.0 286.0 3.274144185886467 0.13255153229667366 40.0 
296.0 287.0 3.274144185886467 0.13255153229667366 40.0 
296.0 288.0 3.274144185886467 0.13255153229667366 40.0 
296.0 289.0 3.274144185886467 0.13255153229667366 40.0 
296.0 290.0 3.274144185886467 0.13255153229667366 40.0 
296.0 291.0 3.274144185886467 0.13255153229667366 40.0 
297.0 286.0 3.274144185886467 0.13255153229667366 40.0 
297.0 287.0 3.274144185886467 0.13255153229667366 40.0 
297.0 288.0 3.274144185886467 0.13255153229667366 40.0 
297.0 289.0 3.274144185886467 0.13255153229667366 40.0 
297.0 290.0 3.274144185886467 0.13255153229667366 40.0 
297.0 291.0 3.274144185886467 0.13255153229667366 40.0 
298.0 286.0 3.274144185886467 0.13255153229667366 40.0 
298.0 287.0 3.274144185886467 0.13255153229667366 40.0 
298.0 288.0 3.274144185886467 0.13255153229667366 40.0 
298.0 289.0 3.274144185886467 0.13255153229667366 40.0 
298.0 290.0 3.274144185886467 0.13255153229667366 40.0 
298.0 291.0 3.274144185886467 0.13255153229667366 40.0 
299.0 286.0 3.274144185886467 0.13255153229667366 40.0 
299.0 287.0 3.274144185886467 0.13255153229667366 40.0 
299.0 288.0 3.274144185886467 0.13255153229667366 40.0 
299.0 289.0 3.274144185886467 0.13255153229667366 40.0 
299.0 290.0 3.274144185886467 0.13255153229667366 40.0 
299.0 291.0 3.274144185886467 0.13255153229667366 40.0 
300.0 286.0 3.274144185886467 0.13255153229667366 40.0 
300.0 287.0 3.274144185886467 0.13255153229667366 40.0 
300.0 288.0 3.274144185886467 0.13255153229667366 40.0 
300.0 289.0 3.274144185886467 0.13255153229667366 40.0 
300.0 290.0 3.274144185886467 0.13255153229667366 40.0 
300.0 291.0 3.274144185886467 0.13255153229667366 40.0 
301.0 286.0 3.274144185886467 0.13255153229667366 40.0 
301.0 287.0 3.274144185886467 0.13255153229667366 40.0 
301.0 288.0 3.274144185886467 0.13255153229667366 40.0 
301.0 289.0 3.274144185886467 0.13255153229667366 40.0 
301.0 290.0 3.274144185886467 0.13255153229667366 40.0 
301.0 291.0 3.274144185886467 0.13255153229667366 40.0 
302.0 287.0 3.274144185886467 0.13255153229667366 40.0 
302.0 288.0 3.274144185886467 0.13255153229667366 40.0 
302.0 289.0 3.274144185886467 0.13255153229667366 40.0 
302.0 290.0 3.274144185886467 0.13255153229667366 40.0 
302.0 291.0 3.274144185886467 0.13255153229667366 40.0 
302.0 292.0 3.274144185886467 0.13255153229667366 40.0 
303.0 287.0 3.274144185886467 0.13255153229667366 40.0 
303.0 288.0 3.274144185886467 0.13255153229667366 40.0 
303.0 289.0 3.274144185886467 0.13255153229667366 40.0 
303.0 290.0 3.274144185886467 0.13255153229667366 40.0 
303.0 291.0 3.274144185886467 0.13255153229667366 40.0 
303.0 292.0 3.274144185886467 0.13255153229667366 40.0 
304.0 287.0 3.274144185886467 0.13255153229667366 40.0 
304.0 288.0 3.274144185886467 0.13255153229667366 40.0 
304.0 289.0 3.274144185886467 0.13255153229667366 40.0 
304.0 290.0 3.274144185886467 0.13255153229667366 40.0 
304.0 291.0 3.274144185886467 0.13255153229667366 40.0 
304.0 292.0 3.274144185886467 0.13255153229667366 40.0 
305.0 287.0 3.274144185886467 0.13255153229667366 40.0 
305.0 288.0 3.274144185886467 0.13255153229667366 40.0 
305.0 289.0 3.274144185886467 0.13255153229667366 40.0 
305.0 290.0 3.274144185886467 0.13255153229667366 40.0 
305.0 291.0 3.274144185886467 0.13255153229667366 40.0 
305.0 292.0 3.274144185886467 0.13255153229667366 40.0 
306.0 287.0 3.274144185886467 0.13255153229667366 40.0 
306.0 288.0 3.274144185886467 0.13255153229667366 40.0 
306.0 289.0 3.274144185886467 0.13255153229667366 40.0 
306.0 290.0 3.274144185886467 0.13255153229667366 40.0 
306.0 291.0 3.274144185886467 0.13255153229667366 40.0 
306.0 292.0 3.274144185886467 0.13255153229667366 40.0 
307.0 287.0 3.274144185886467 0.13255153229667366 40.0 
307.0 288.0 3.274144185886467 0.13255153229667366 40.0 
307.0 289.0 3.274144185886467 0.13255153229667366 40.0 
307.0 290.0 3.274144185886467 0.13255153229667366 40.0 
307.0 291.0 3.274144185886467 0.13255153229667366 40.0 
307.0 292.0 3.274144185886467 0.13255153229667366 40.0 
308.0 287.0 3.274144185886467 0.13255153229667366 40.0 
308.0 288.0 3.274144185886467 0.13255153229667366 40.0 
308.0 289.0 3.274144185886467 0.13255153229667366 40.0 
308.0 290.0 3.274144185886467 0.13255153229667366 40.0 
308.0 291.0 3.274144185886467 0.13255153229667366 40.0 
308.0 292.0 3.274144185886467 0.13255153229667366 40.0 
309.0 287.0 3.274144185886467 0.13255153229667366 40.0 
309.0 288.0 3.274144185886467 0.13255153229667366 40.0 
309.0 289.0 3.274144185886467 0.13255153229667366 40.0 
309.0 290.0 3.274144185886467 0.13255153229667366 40.0 
309.0 291.0 3.274144185886467 0.13255153229667366 40.0 
309.0 292.0 3.274144185886467 0.13255153229667366 40.0 
309.0 293.0 3.274144185886467 0.13255153229667366 40.0 
310.0 288.0 3.274144185886467 0.13255153229667366 40.0 
310.0 289.0 3.274144185886467 0.13255153229667366 40.0 
310.0 290.0 3.274144185886467 0.13255153229667366 40.0 
310.0 291.0 3.274144185886467 0.13255153229667366 40.0 
310.0 292.0 3.274144185886467 0.13255153229667366 40.0 
310.0 293.0 3.274144185886467 0.13255153229667366 40.0 
311.0 288.0 3.274144185886467 0.13255153229667366 40.0 
311.0 289.0 3.274144185886467 0.13255153229667366 40.0 
311.0 290.0 3.274144185886467 0.13255153229667366 40.0 
311.0 291.0 3.274144185886467 0.13255153229667366 40.0 
311.0 292.0 3.274144185886467 0.13255153229667366 40.0 
311.0 293.0 3.274144185886467 0.13255153229667366 40.0 
312.0 288.0 3.274144185886467 0.13255153229667366 40.0 
312.0 289.0 3.274144185886467 0.13255153229667366 40.0 
312.0 290.0 3.274144185886467 0.13255153229667366 40.0 
312.0 291.0 3.274144185886467 0.13255153229667366 40.0 
312.0 292.0 3.274144185886467 0.13255153229667366 40.0 
312.0 293.0 3.274144185886467 0.13255153229667366 40.0 
313.0 288.0 3.274144185886467 0.13255153229667366 40.0 
313.0 289.0 3.274144185886467 0.13255153229667366 40.0 
313.0 290.0 3.274144185886467 0.13255153229667366 40.0 
313.0 291.0 3.274144185886467 0.13255153229667366 40.0 
313.0 292.0 3.274144185886467 0.13255153229667366 40.0 
313.0 293.0 3.274144185886467 0.13255153229667366 40.0 
314.0 288.0 3.274144185886467 0.13255153229667366 40.0 
314.0 289.0 3.274144185886467 0.13255153229667366 40.0 
314.0 290.0 3.274144185886467 0.13255153229667366 40.0 
314.0 291.0 3.274144185886467 0.13255153229667366 40.0 
314.0 292.0 3.274144185886467 0.13255153229667366 40.0 
314.0 293.0 3.274144185886467 0.13255153229667366 40.0 
315.0 288.0 3.274144185886467 0.13255153229667366 40.0 
315.0 289.0 3.274144185886467 0.13255153229667366 40.0 
315.0 290.0 3.274144185886467 0.13255153229667366 40.0 
315.0 291.0 3.274144185886467 0.13255153229667366 40.0 
315.0 292.0 3.274144185886467 0.13255153229667366 40.0 
315.0 293.0 3.274144185886467 0.13255153229667366 40.0 
316.0 288.0 3.274144185886467 0.13255153229667366 40.0 
316.0 289.0 3.274144185886467 0.13255153229667366 40.0 
316.0 290.0 3.274144185886467 0.13255153229667366 40.0 
316.0 291.0 3.274144185886467 0.13255153229667366 40.0 
316.0 292.0 3.274144185886467 0.13255153229667366 40.0 
316.0 293.0 3.274144185886467 0.13255153229667366 40.0 
317.0 289.0 3.274144185886467 0.13255153229667366 40.0 
317.0 290.0 3.274144185886467 0.13255153229667366 40.0 
317.0 291.0 3.274144185886467 0.13255153229667366 40.0 
317.0 292.0 3.274144185886467 0.13255153229667366 40.0 
317.0 293.0 3.274144185886467 0.13255153229667366 40.0 
317.0 294.0 3.274144185886467 0.13255153229667366 40.0 
318.0 289.0 3.274144185886467 0.13255153229667366 40.0 
318.0 290.0 3.274144185886467 0.13255153229667366 40.0 
318.0 291.0 3.274144185886467 0.13255153229667366 40.0 
318.0 292.0 3.274144185886467 0.13255153229667366 40.0 
318.0 293.0 3.274144185886467 0.13255153229667366 40.0 
318.0 294.0 3.274144185886467 0.13255153229667366 40.0 
319.0 289.0 3.274144185886467 0.13255153229667366 40.0 
319.0 290.0 3.274144185886467 0.13255153229667366 40.0 
319.0 291.0 3.274144185886467 0.13255153229667366 40.0 
319.0 292.0 3.274144185886467 0.13255153229667366 40.0 
319.0 293.0 3.274144185886467 0.13255153229667366 40.0 
319.0 294.0 3.274144185886467 0.13255153229667366 40.0 
320.0 289.0 3.274144185886467 0.13255153229667366 40.0 
320.0 290.0 3.274144185886467 0.13255153229667366 40.0 
320.0 291.0 3.274144185886467 0.13255153229667366 40.0 
320.0 292.0 3.274144185886467 0.13255153229667366 40.0 
320.0 293.0 3.274144185886467 0.13255153229667366 40.0 
320.0 294.0 3.274144185886467 0.13255153229667366 40.0 
321.0 289.0 3.274144185886467 0.13255153229667366 40.0 
321.0 290.0 3.274144185886467 0.13255153229667366 40.0 
321.0 291.0 3.274144185886467 0.13255153229667366 40.0 
321.0 292.0 3.274144185886467 0.13255153229667366 40.0 
321.0 293.0 3.274144185886467 0.13255153229667366 40.0 
321.0 294.0 3.274144185886467 0.13255153229667366 40.0 
322.0 289.0 3.274144185886467 0.13255153229667366 40.0 
322.0 290.0 3.274144185886467 0.13255153229667366 40.0 
322.0 291.0 3.274144185886467 0.13255153229667366 40.0 
322.0 292.0 3.274144185886467 0.13255153229667366 40.0 
322.0 293.0 3.274144185886467 0.13255153229667366 40.0 
322.0 294.0 3.274144185886467 0.13255153229667366 40.0 
323.0 289.0 3.274144185886467 0.13255153229667366 40.0 
323.0 290.0 3.274144185886467 0.13255153229667366 40.0 
323.0 291.0 3.274144185886467 0.13255153229667366 40.0 
323.0 292.0 3.274144185886467 0.13255153229667366 40.0 
323.0 293.0 3.274144185886467 0.13255153229667366 40.0 
323.0 294.0 3.274144185886467 0.13255153229667366 40.0 
324.0 289.0 3.274144185886467 0.13255153229667366 40.0 
324.0 290.0 3.274144185886467 0.13255153229667366 40.0 
324.0 291.0 3.274144185886467 0.13255153229667366 40.0 
