174 306 32.0 
174 307 32.0 
174 308 32.0 
174 309 32.0 
174 310 32.0 
175 306 32.0 
175 307 32.0 
175 308 32.0 
175 309 32.0 
175 310 32.0 
176 306 32.0 
176 307 32.0 
176 308 32.0 
176 309 32.0 
176 310 32.0 
177 306 32.0 
177 307 32.0 
177 308 32.0 
177 309 32.0 
177 310 32.0 
178 306 32.0 
178 307 32.0 
178 308 32.0 
178 309 32.0 
178 310 32.0 
192.0 309.0 3.245692591699392 0.10409993810959922 40.0 
192.0 310.0 3.245692591699392 0.10409993810959922 40.0 
192.0 311.0 3.245692591699392 0.10409993810959922 40.0 
192.0 312.0 3.245692591699392 0.10409993810959922 40.0 
193.0 307.0 3.245692591699392 0.10409993810959922 40.0 
193.0 308.0 3.245692591699392 0.10409993810959922 40.0 
193.0 309.0 3.245692591699392 0.10409993810959922 40.0 
193.0 310.0 3.245692591699392 0.10409993810959922 40.0 
193.0 311.0 3.245692591699392 0.10409993810959922 40.0 
193.0 312.0 3.245692591699392 0.10409993810959922 40.0 
194.0 307.0 3.245692591699392 0.10409993810959922 40.0 
194.0 308.0 3.245692591699392 0.10409993810959922 40.0 
194.0 309.0 3.245692591699392 0.10409993810959922 40.0 
194.0 310.0 3.245692591699392 0.10409993810959922 40.0 
194.0 311.0 3.245692591699392 0.10409993810959922 40.0 
194.0 312.0 3.245692591699392 0.10409993810959922 40.0 
195.0 307.0 3.245692591699392 0.10409993810959922 40.0 
195.0 308.0 3.245692591699392 0.10409993810959922 40.0 
195.0 309.0 3.245692591699392 0.10409993810959922 40.0 
195.0 310.0 3.245692591699392 0.10409993810959922 40.0 
195.0 311.0 3.245692591699392 0.10409993810959922 40.0 
195.0 312.0 3.245692591699392 0.10409993810959922 40.0 
196.0 307.0 3.245692591699392 0.10409993810959922 40.0 
196.0 308.0 3.245692591699392 0.10409993810959922 40.0 
196.0 309.0 3.245692591699392 0.10409993810959922 40.0 
196.0 310.0 3.245692591699392 0.10409993810959922 40.0 
196.0 311.0 3.245692591699392 0.10409993810959922 40.0 
196.0 312.0 3.245692591699392 0.10409993810959922 40.0 
197.0 307.0 3.245692591699392 0.10409993810959922 40.0 
197.0 308.0 3.245692591699392 0.10409993810959922 40.0 
197.0 309.0 3.245692591699392 0.10409993810959922 40.0 
197.0 310.0 3.245692591699392 0.10409993810959922 40.0 
197.0 311.0 3.245692591699392 0.10409993810959922 40.0 
197.0 312.0 3.245692591699392 0.10409993810959922 40.0 
198.0 307.0 3.245692591699392 0.10409993810959922 40.0 
198.0 308.0 3.245692591699392 0.10409993810959922 40.0 
198.0 309.0 3.245692591699392 0.10409993810959922 40.0 
198.0 310.0 3.245692591699392 0.10409993810959922 40.0 
198.0 311.0 3.245692591699392 0.10409993810959922 40.0 
198.0 312.0 3.245692591699392 0.10409993810959922 40.0 
199.0 307.0 3.245692591699392 0.10409993810959922 40.0 
199.0 308.0 3.245692591699392 0.10409993810959922 40.0 
199.0 309.0 3.245692591699392 0.10409993810959922 40.0 
199.0 310.0 3.245692591699392 0.10409993810959922 40.0 
199.0 311.0 3.245692591699392 0.10409993810959922 40.0 
199.0 312.0 3.245692591699392 0.10409993810959922 40.0 
200.0 307.0 3.245692591699392 0.10409993810959922 40.0 
200.0 308.0 3.245692591699392 0.10409993810959922 40.0 
200.0 309.0 3.245692591699392 0.10409993810959922 40.0 
200.0 310.0 3.245692591699392 0.10409993810959922 40.0 
200.0 311.0 3.245692591699392 0.10409993810959922 40.0 
200.0 312.0 3.245692591699392 0.10409993810959922 40.0 
201.0 307.0 3.245692591699392 0.10409993810959922 40.0 
201.0 308.0 3.245692591699392 0.10409993810959922 40.0 
201.0 309.0 3.245692591699392 0.10409993810959922 40.0 
201.0 310.0 3.245692591699392 0.10409993810959922 40.0 
201.0 311.0 3.245692591699392 0.10409993810959922 40.0 
201.0 312.0 3.245692591699392 0.10409993810959922 40.0 
202.0 308.0 3.245692591699392 0.10409993810959922 40.0 
202.0 309.0 3.245692591699392 0.10409993810959922 40.0 
202.0 310.0 3.245692591699392 0.10409993810959922 40.0 
202.0 311.0 3.245692591699392 0.10409993810959922 40.0 
202.0 312.0 3.245692591699392 0.10409993810959922 40.0 
202.0 313.0 3.245692591699392 0.10409993810959922 40.0 
203.0 308.0 3.245692591699392 0.10409993810959922 40.0 
203.0 309.0 3.245692591699392 0.10409993810959922 40.0 
203.0 310.0 3.245692591699392 0.10409993810959922 40.0 
203.0 311.0 3.245692591699392 0.10409993810959922 40.0 
203.0 312.0 3.245692591699392 0.10409993810959922 40.0 
203.0 313.0 3.245692591699392 0.10409993810959922 40.0 
204.0 308.0 3.245692591699392 0.10409993810959922 40.0 
204.0 309.0 3.245692591699392 0.10409993810959922 40.0 
204.0 310.0 3.245692591699392 0.10409993810959922 40.0 
204.0 311.0 3.245692591699392 0.10409993810959922 40.0 
204.0 312.0 3.245692591699392 0.10409993810959922 40.0 
204.0 313.0 3.245692591699392 0.10409993810959922 40.0 
205.0 308.0 3.245692591699392 0.10409993810959922 40.0 
205.0 309.0 3.245692591699392 0.10409993810959922 40.0 
205.0 310.0 3.245692591699392 0.10409993810959922 40.0 
205.0 311.0 3.245692591699392 0.10409993810959922 40.0 
205.0 312.0 3.245692591699392 0.10409993810959922 40.0 
205.0 313.0 3.245692591699392 0.10409993810959922 40.0 
206.0 308.0 3.245692591699392 0.10409993810959922 40.0 
206.0 309.0 3.245692591699392 0.10409993810959922 40.0 
206.0 310.0 3.245692591699392 0.10409993810959922 40.0 
206.0 311.0 3.245692591699392 0.10409993810959922 40.0 
206.0 312.0 3.245692591699392 0.10409993810959922 40.0 
206.0 313.0 3.245692591699392 0.10409993810959922 40.0 
207.0 308.0 3.245692591699392 0.10409993810959922 40.0 
207.0 309.0 3.245692591699392 0.10409993810959922 40.0 
207.0 310.0 3.245692591699392 0.10409993810959922 40.0 
207.0 311.0 3.245692591699392 0.10409993810959922 40.0 
207.0 312.0 3.245692591699392 0.10409993810959922 40.0 
207.0 313.0 3.245692591699392 0.10409993810959922 40.0 
208.0 308.0 3.245692591699392 0.10409993810959922 40.0 
208.0 309.0 3.245692591699392 0.10409993810959922 40.0 
208.0 310.0 3.245692591699392 0.10409993810959922 40.0 
208.0 311.0 3.245692591699392 0.10409993810959922 40.0 
208.0 312.0 3.245692591699392 0.10409993810959922 40.0 
208.0 313.0 3.245692591699392 0.10409993810959922 40.0 
209.0 308.0 3.245692591699392 0.10409993810959922 40.0 
209.0 309.0 3.245692591699392 0.10409993810959922 40.0 
209.0 310.0 3.245692591699392 0.10409993810959922 40.0 
209.0 311.0 3.245692591699392 0.10409993810959922 40.0 
209.0 312.0 3.245692591699392 0.10409993810959922 40.0 
209.0 313.0 3.245692591699392 0.10409993810959922 40.0 
210.0 308.0 3.245692591699392 0.10409993810959922 40.0 
210.0 309.0 3.245692591699392 0.10409993810959922 40.0 
210.0 310.0 3.245692591699392 0.10409993810959922 40.0 
210.0 311.0 3.245692591699392 0.10409993810959922 40.0 
210.0 312.0 3.245692591699392 0.10409993810959922 40.0 
210.0 313.0 3.245692591699392 0.10409993810959922 40.0 
211.0 308.0 3.245692591699392 0.10409993810959922 40.0 
211.0 309.0 3.245692591699392 0.10409993810959922 40.0 
211.0 310.0 3.245692591699392 0.10409993810959922 40.0 
211.0 311.0 3.245692591699392 0.10409993810959922 40.0 
211.0 312.0 3.245692591699392 0.10409993810959922 40.0 
211.0 313.0 3.245692591699392 0.10409993810959922 40.0 
211.0 314.0 3.245692591699392 0.10409993810959922 40.0 
212.0 309.0 3.245692591699392 0.10409993810959922 40.0 
212.0 310.0 3.245692591699392 0.10409993810959922 40.0 
212.0 311.0 3.245692591699392 0.10409993810959922 40.0 
212.0 312.0 3.245692591699392 0.10409993810959922 40.0 
212.0 313.0 3.245692591699392 0.10409993810959922 40.0 
212.0 314.0 3.245692591699392 0.10409993810959922 40.0 
213.0 309.0 3.245692591699392 0.10409993810959922 40.0 
213.0 310.0 3.245692591699392 0.10409993810959922 40.0 
213.0 311.0 3.245692591699392 0.10409993810959922 40.0 
213.0 312.0 3.245692591699392 0.10409993810959922 40.0 
213.0 313.0 3.245692591699392 0.10409993810959922 40.0 
213.0 314.0 3.245692591699392 0.10409993810959922 40.0 
214.0 309.0 3.245692591699392 0.10409993810959922 40.0 
214.0 310.0 3.245692591699392 0.10409993810959922 40.0 
214.0 311.0 3.245692591699392 0.10409993810959922 40.0 
214.0 312.0 3.245692591699392 0.10409993810959922 40.0 
214.0 313.0 3.245692591699392 0.10409993810959922 40.0 
214.0 314.0 3.245692591699392 0.10409993810959922 40.0 
215.0 309.0 3.245692591699392 0.10409993810959922 40.0 
215.0 310.0 3.245692591699392 0.10409993810959922 40.0 
215.0 311.0 3.245692591699392 0.10409993810959922 40.0 
215.0 312.0 3.245692591699392 0.10409993810959922 40.0 
215.0 313.0 3.245692591699392 0.10409993810959922 40.0 
215.0 314.0 3.245692591699392 0.10409993810959922 40.0 
216.0 309.0 3.245692591699392 0.10409993810959922 40.0 
216.0 310.0 3.245692591699392 0.10409993810959922 40.0 
216.0 311.0 3.245692591699392 0.10409993810959922 40.0 
216.0 312.0 3.245692591699392 0.10409993810959922 40.0 
216.0 313.0 3.245692591699392 0.10409993810959922 40.0 
216.0 314.0 3.245692591699392 0.10409993810959922 40.0 
217.0 309.0 3.245692591699392 0.10409993810959922 40.0 
217.0 310.0 3.245692591699392 0.10409993810959922 40.0 
217.0 311.0 3.245692591699392 0.10409993810959922 40.0 
217.0 312.0 3.245692591699392 0.10409993810959922 40.0 
217.0 313.0 3.245692591699392 0.10409993810959922 40.0 
217.0 314.0 3.245692591699392 0.10409993810959922 40.0 
218.0 309.0 3.245692591699392 0.10409993810959922 40.0 
218.0 310.0 3.245692591699392 0.10409993810959922 40.0 
218.0 311.0 3.245692591699392 0.10409993810959922 40.0 
218.0 312.0 3.245692591699392 0.10409993810959922 40.0 
218.0 313.0 3.245692591699392 0.10409993810959922 40.0 
218.0 314.0 3.245692591699392 0.10409993810959922 40.0 
219.0 309.0 3.245692591699392 0.10409993810959922 40.0 
219.0 310.0 3.245692591699392 0.10409993810959922 40.0 
219.0 311.0 3.245692591699392 0.10409993810959922 40.0 
219.0 312.0 3.245692591699392 0.10409993810959922 40.0 
219.0 313.0 3.245692591699392 0.10409993810959922 40.0 
219.0 314.0 3.245692591699392 0.10409993810959922 40.0 
220.0 309.0 3.245692591699392 0.10409993810959922 40.0 
220.0 310.0 3.245692591699392 0.10409993810959922 40.0 
220.0 311.0 3.245692591699392 0.10409993810959922 40.0 
220.0 312.0 3.245692591699392 0.10409993810959922 40.0 
220.0 313.0 3.245692591699392 0.10409993810959922 40.0 
220.0 314.0 3.245692591699392 0.10409993810959922 40.0 
221.0 310.0 3.245692591699392 0.10409993810959922 40.0 
221.0 311.0 3.245692591699392 0.10409993810959922 40.0 
221.0 312.0 3.245692591699392 0.10409993810959922 40.0 
221.0 313.0 3.245692591699392 0.10409993810959922 40.0 
221.0 314.0 3.245692591699392 0.10409993810959922 40.0 
221.0 315.0 3.245692591699392 0.10409993810959922 40.0 
222.0 310.0 3.245692591699392 0.10409993810959922 40.0 
222.0 311.0 3.245692591699392 0.10409993810959922 40.0 
222.0 312.0 3.245692591699392 0.10409993810959922 40.0 
222.0 313.0 3.245692591699392 0.10409993810959922 40.0 
222.0 314.0 3.245692591699392 0.10409993810959922 40.0 
222.0 315.0 3.245692591699392 0.10409993810959922 40.0 
223.0 310.0 3.245692591699392 0.10409993810959922 40.0 
223.0 311.0 3.245692591699392 0.10409993810959922 40.0 
223.0 312.0 3.245692591699392 0.10409993810959922 40.0 
223.0 313.0 3.245692591699392 0.10409993810959922 40.0 
223.0 314.0 3.245692591699392 0.10409993810959922 40.0 
223.0 315.0 3.245692591699392 0.10409993810959922 40.0 
224.0 310.0 3.245692591699392 0.10409993810959922 40.0 
224.0 311.0 3.245692591699392 0.10409993810959922 40.0 
224.0 312.0 3.245692591699392 0.10409993810959922 40.0 
224.0 313.0 3.245692591699392 0.10409993810959922 40.0 
224.0 314.0 3.245692591699392 0.10409993810959922 40.0 
224.0 315.0 3.245692591699392 0.10409993810959922 40.0 
225.0 310.0 3.245692591699392 0.10409993810959922 40.0 
225.0 311.0 3.245692591699392 0.10409993810959922 40.0 
225.0 312.0 3.245692591699392 0.10409993810959922 40.0 
225.0 313.0 3.245692591699392 0.10409993810959922 40.0 
225.0 314.0 3.245692591699392 0.10409993810959922 40.0 
225.0 315.0 3.245692591699392 0.10409993810959922 40.0 
226.0 310.0 3.245692591699392 0.10409993810959922 40.0 
226.0 311.0 3.245692591699392 0.10409993810959922 40.0 
226.0 312.0 3.245692591699392 0.10409993810959922 40.0 
226.0 313.0 3.245692591699392 0.10409993810959922 40.0 
226.0 314.0 3.245692591699392 0.10409993810959922 40.0 
226.0 315.0 3.245692591699392 0.10409993810959922 40.0 
227.0 310.0 3.245692591699392 0.10409993810959922 40.0 
227.0 311.0 3.245692591699392 0.10409993810959922 40.0 
227.0 312.0 3.245692591699392 0.10409993810959922 40.0 
227.0 313.0 3.245692591699392 0.10409993810959922 40.0 
227.0 314.0 3.245692591699392 0.10409993810959922 40.0 
227.0 315.0 3.245692591699392 0.10409993810959922 40.0 
228.0 310.0 3.245692591699392 0.10409993810959922 40.0 
228.0 311.0 3.245692591699392 0.10409993810959922 40.0 
228.0 312.0 3.245692591699392 0.10409993810959922 40.0 
228.0 313.0 3.245692591699392 0.10409993810959922 40.0 
228.0 314.0 3.245692591699392 0.10409993810959922 40.0 
228.0 315.0 3.245692591699392 0.10409993810959922 40.0 
229.0 310.0 3.245692591699392 0.10409993810959922 40.0 
229.0 311.0 3.245692591699392 0.10409993810959922 40.0 
229.0 312.0 3.245692591699392 0.10409993810959922 40.0 
229.0 313.0 3.245692591699392 0.10409993810959922 40.0 
229.0 314.0 3.245692591699392 0.10409993810959922 40.0 
229.0 315.0 3.245692591699392 0.10409993810959922 40.0 
230.0 310.0 3.245692591699392 0.10409993810959922 40.0 
230.0 311.0 3.245692591699392 0.10409993810959922 40.0 
230.0 312.0 3.245692591699392 0.10409993810959922 40.0 
230.0 313.0 3.245692591699392 0.10409993810959922 40.0 
230.0 314.0 3.245692591699392 0.10409993810959922 40.0 
230.0 315.0 3.245692591699392 0.10409993810959922 40.0 
231.0 311.0 3.245692591699392 0.10409993810959922 40.0 
231.0 312.0 3.245692591699392 0.10409993810959922 40.0 
231.0 313.0 3.245692591699392 0.10409993810959922 40.0 
231.0 314.0 3.245692591699392 0.10409993810959922 40.0 
231.0 315.0 3.245692591699392 0.10409993810959922 40.0 
231.0 316.0 3.245692591699392 0.10409993810959922 40.0 
232.0 311.0 3.245692591699392 0.10409993810959922 40.0 
232.0 312.0 3.245692591699392 0.10409993810959922 40.0 
232.0 313.0 3.245692591699392 0.10409993810959922 40.0 
232.0 314.0 3.245692591699392 0.10409993810959922 40.0 
232.0 315.0 3.245692591699392 0.10409993810959922 40.0 
232.0 316.0 3.245692591699392 0.10409993810959922 40.0 
233.0 311.0 3.245692591699392 0.10409993810959922 40.0 
233.0 312.0 3.245692591699392 0.10409993810959922 40.0 
233.0 313.0 3.245692591699392 0.10409993810959922 40.0 
233.0 314.0 3.245692591699392 0.10409993810959922 40.0 
233.0 315.0 3.245692591699392 0.10409993810959922 40.0 
233.0 316.0 3.245692591699392 0.10409993810959922 40.0 
234.0 311.0 3.245692591699392 0.10409993810959922 40.0 
234.0 312.0 3.245692591699392 0.10409993810959922 40.0 
234.0 313.0 3.245692591699392 0.10409993810959922 40.0 
234.0 314.0 3.245692591699392 0.10409993810959922 40.0 
234.0 315.0 3.245692591699392 0.10409993810959922 40.0 
234.0 316.0 3.245692591699392 0.10409993810959922 40.0 
235.0 311.0 3.245692591699392 0.10409993810959922 40.0 
235.0 312.0 3.245692591699392 0.10409993810959922 40.0 
235.0 313.0 3.245692591699392 0.10409993810959922 40.0 
235.0 314.0 3.245692591699392 0.10409993810959922 40.0 
235.0 315.0 3.245692591699392 0.10409993810959922 40.0 
235.0 316.0 3.245692591699392 0.10409993810959922 40.0 
236.0 311.0 3.245692591699392 0.10409993810959922 40.0 
236.0 312.0 3.245692591699392 0.10409993810959922 40.0 
236.0 313.0 3.245692591699392 0.10409993810959922 40.0 
236.0 314.0 3.245692591699392 0.10409993810959922 40.0 
236.0 315.0 3.245692591699392 0.10409993810959922 40.0 
236.0 316.0 3.245692591699392 0.10409993810959922 40.0 
237.0 311.0 3.245692591699392 0.10409993810959922 40.0 
237.0 312.0 3.245692591699392 0.10409993810959922 40.0 
237.0 313.0 3.245692591699392 0.10409993810959922 40.0 
237.0 314.0 3.245692591699392 0.10409993810959922 40.0 
237.0 315.0 3.245692591699392 0.10409993810959922 40.0 
237.0 316.0 3.245692591699392 0.10409993810959922 40.0 
238.0 311.0 3.245692591699392 0.10409993810959922 40.0 
238.0 312.0 3.245692591699392 0.10409993810959922 40.0 
238.0 313.0 3.245692591699392 0.10409993810959922 40.0 
238.0 314.0 3.245692591699392 0.10409993810959922 40.0 
238.0 315.0 3.245692591699392 0.10409993810959922 40.0 
238.0 316.0 3.245692591699392 0.10409993810959922 40.0 
239.0 311.0 3.245692591699392 0.10409993810959922 40.0 
239.0 312.0 3.245692591699392 0.10409993810959922 40.0 
239.0 313.0 3.245692591699392 0.10409993810959922 40.0 
239.0 314.0 3.245692591699392 0.10409993810959922 40.0 
239.0 315.0 3.245692591699392 0.10409993810959922 40.0 
239.0 316.0 3.245692591699392 0.10409993810959922 40.0 
240.0 311.0 3.245692591699392 0.10409993810959922 40.0 
240.0 312.0 3.245692591699392 0.10409993810959922 40.0 
240.0 313.0 3.245692591699392 0.10409993810959922 40.0 
240.0 314.0 3.245692591699392 0.10409993810959922 40.0 
240.0 315.0 3.245692591699392 0.10409993810959922 40.0 
240.0 316.0 3.245692591699392 0.10409993810959922 40.0 
240.0 317.0 3.245692591699392 0.10409993810959922 40.0 
241.0 312.0 3.245692591699392 0.10409993810959922 40.0 
241.0 313.0 3.245692591699392 0.10409993810959922 40.0 
241.0 314.0 3.245692591699392 0.10409993810959922 40.0 
241.0 315.0 3.245692591699392 0.10409993810959922 40.0 
241.0 316.0 3.245692591699392 0.10409993810959922 40.0 
241.0 317.0 3.245692591699392 0.10409993810959922 40.0 
242.0 312.0 3.245692591699392 0.10409993810959922 40.0 
242.0 313.0 3.245692591699392 0.10409993810959922 40.0 
242.0 314.0 3.245692591699392 0.10409993810959922 40.0 
242.0 315.0 3.245692591699392 0.10409993810959922 40.0 
242.0 316.0 3.245692591699392 0.10409993810959922 40.0 
242.0 317.0 3.245692591699392 0.10409993810959922 40.0 
243.0 312.0 3.245692591699392 0.10409993810959922 40.0 
243.0 313.0 3.245692591699392 0.10409993810959922 40.0 
243.0 314.0 3.245692591699392 0.10409993810959922 40.0 
243.0 315.0 3.245692591699392 0.10409993810959922 40.0 
243.0 316.0 3.245692591699392 0.10409993810959922 40.0 
243.0 317.0 3.245692591699392 0.10409993810959922 40.0 
244.0 312.0 3.245692591699392 0.10409993810959922 40.0 
244.0 313.0 3.245692591699392 0.10409993810959922 40.0 
244.0 314.0 3.245692591699392 0.10409993810959922 40.0 
244.0 315.0 3.245692591699392 0.10409993810959922 40.0 
244.0 316.0 3.245692591699392 0.10409993810959922 40.0 
244.0 317.0 3.245692591699392 0.10409993810959922 40.0 
245.0 312.0 3.245692591699392 0.10409993810959922 40.0 
245.0 313.0 3.245692591699392 0.10409993810959922 40.0 
245.0 314.0 3.245692591699392 0.10409993810959922 40.0 
245.0 315.0 3.245692591699392 0.10409993810959922 40.0 
245.0 316.0 3.245692591699392 0.10409993810959922 40.0 
245.0 317.0 3.245692591699392 0.10409993810959922 40.0 
246.0 312.0 3.245692591699392 0.10409993810959922 40.0 
246.0 313.0 3.245692591699392 0.10409993810959922 40.0 
246.0 314.0 3.245692591699392 0.10409993810959922 40.0 
246.0 315.0 3.245692591699392 0.10409993810959922 40.0 
246.0 316.0 3.245692591699392 0.10409993810959922 40.0 
246.0 317.0 3.245692591699392 0.10409993810959922 40.0 
247.0 312.0 3.245692591699392 0.10409993810959922 40.0 
247.0 313.0 3.245692591699392 0.10409993810959922 40.0 
247.0 314.0 3.245692591699392 0.10409993810959922 40.0 
247.0 315.0 3.245692591699392 0.10409993810959922 40.0 
247.0 316.0 3.245692591699392 0.10409993810959922 40.0 
247.0 317.0 3.245692591699392 0.10409993810959922 40.0 
248.0 312.0 3.245692591699392 0.10409993810959922 40.0 
248.0 313.0 3.245692591699392 0.10409993810959922 40.0 
248.0 314.0 3.245692591699392 0.10409993810959922 40.0 
248.0 315.0 3.245692591699392 0.10409993810959922 40.0 
248.0 316.0 3.245692591699392 0.10409993810959922 40.0 
248.0 317.0 3.245692591699392 0.10409993810959922 40.0 
249.0 312.0 3.245692591699392 0.10409993810959922 40.0 
249.0 313.0 3.245692591699392 0.10409993810959922 40.0 
249.0 314.0 3.245692591699392 0.10409993810959922 40.0 
249.0 315.0 3.245692591699392 0.10409993810959922 40.0 
249.0 316.0 3.245692591699392 0.10409993810959922 40.0 
249.0 317.0 3.245692591699392 0.10409993810959922 40.0 
250.0 313.0 3.245692591699392 0.10409993810959922 40.0 
250.0 314.0 3.245692591699392 0.10409993810959922 40.0 
250.0 315.0 3.245692591699392 0.10409993810959922 40.0 
250.0 316.0 3.245692591699392 0.10409993810959922 40.0 
250.0 317.0 3.245692591699392 0.10409993810959922 40.0 
250.0 318.0 3.245692591699392 0.10409993810959922 40.0 
251.0 313.0 3.245692591699392 0.10409993810959922 40.0 
251.0 314.0 3.245692591699392 0.10409993810959922 40.0 
251.0 315.0 3.245692591699392 0.10409993810959922 40.0 
251.0 316.0 3.245692591699392 0.10409993810959922 40.0 
251.0 317.0 3.245692591699392 0.10409993810959922 40.0 
251.0 318.0 3.245692591699392 0.10409993810959922 40.0 
252.0 313.0 3.245692591699392 0.10409993810959922 40.0 
252.0 314.0 3.245692591699392 0.10409993810959922 40.0 
252.0 315.0 3.245692591699392 0.10409993810959922 40.0 
252.0 316.0 3.245692591699392 0.10409993810959922 40.0 
252.0 317.0 3.245692591699392 0.10409993810959922 40.0 
252.0 318.0 3.245692591699392 0.10409993810959922 40.0 
253.0 313.0 3.245692591699392 0.10409993810959922 40.0 
253.0 314.0 3.245692591699392 0.10409993810959922 40.0 
253.0 315.0 3.245692591699392 0.10409993810959922 40.0 
253.0 316.0 3.245692591699392 0.10409993810959922 40.0 
253.0 317.0 3.245692591699392 0.10409993810959922 40.0 
253.0 318.0 3.245692591699392 0.10409993810959922 40.0 
254.0 313.0 3.245692591699392 0.10409993810959922 40.0 
254.0 314.0 3.245692591699392 0.10409993810959922 40.0 
254.0 315.0 3.245692591699392 0.10409993810959922 40.0 
254.0 316.0 3.245692591699392 0.10409993810959922 40.0 
254.0 317.0 3.245692591699392 0.10409993810959922 40.0 
254.0 318.0 3.245692591699392 0.10409993810959922 40.0 
255.0 313.0 3.245692591699392 0.10409993810959922 40.0 
255.0 314.0 3.245692591699392 0.10409993810959922 40.0 
255.0 315.0 3.245692591699392 0.10409993810959922 40.0 
255.0 316.0 3.245692591699392 0.10409993810959922 40.0 
255.0 317.0 3.245692591699392 0.10409993810959922 40.0 
255.0 318.0 3.245692591699392 0.10409993810959922 40.0 
256.0 313.0 3.245692591699392 0.10409993810959922 40.0 
256.0 314.0 3.245692591699392 0.10409993810959922 40.0 
256.0 315.0 3.245692591699392 0.10409993810959922 40.0 
256.0 316.0 3.245692591699392 0.10409993810959922 40.0 
256.0 317.0 3.245692591699392 0.10409993810959922 40.0 
256.0 318.0 3.245692591699392 0.10409993810959922 40.0 
257.0 313.0 3.245692591699392 0.10409993810959922 40.0 
257.0 314.0 3.245692591699392 0.10409993810959922 40.0 
257.0 315.0 3.245692591699392 0.10409993810959922 40.0 
257.0 316.0 3.245692591699392 0.10409993810959922 40.0 
257.0 317.0 3.245692591699392 0.10409993810959922 40.0 
257.0 318.0 3.245692591699392 0.10409993810959922 40.0 
258.0 313.0 3.245692591699392 0.10409993810959922 40.0 
258.0 314.0 3.245692591699392 0.10409993810959922 40.0 
258.0 315.0 3.245692591699392 0.10409993810959922 40.0 
258.0 316.0 3.245692591699392 0.10409993810959922 40.0 
258.0 317.0 3.245692591699392 0.10409993810959922 40.0 
258.0 318.0 3.245692591699392 0.10409993810959922 40.0 
259.0 313.0 3.245692591699392 0.10409993810959922 40.0 
259.0 314.0 3.245692591699392 0.10409993810959922 40.0 
259.0 315.0 3.245692591699392 0.10409993810959922 40.0 
