243.0 318.0 2.926777253188135 6.068369906777928 56.0 
243.0 319.0 2.926777253188135 6.068369906777928 56.0 
243.0 320.0 2.926777253188135 6.068369906777928 56.0 
244.0 318.0 2.926777253188135 6.068369906777928 56.0 
244.0 319.0 2.926777253188135 6.068369906777928 56.0 
244.0 320.0 2.926777253188135 6.068369906777928 56.0 
244.0 321.0 2.926777253188135 6.068369906777928 56.0 
244.0 322.0 2.926777253188135 6.068369906777928 56.0 
244.0 323.0 2.926777253188135 6.068369906777928 56.0 
245.0 318.0 2.926777253188135 6.068369906777928 56.0 
245.0 319.0 2.926777253188135 6.068369906777928 56.0 
245.0 320.0 2.926777253188135 6.068369906777928 56.0 
245.0 321.0 2.926777253188135 6.068369906777928 56.0 
245.0 322.0 2.926777253188135 6.068369906777928 56.0 
245.0 323.0 2.926777253188135 6.068369906777928 56.0 
246.0 318.0 2.926777253188135 6.068369906777928 56.0 
246.0 319.0 2.926777253188135 6.068369906777928 56.0 
246.0 320.0 2.926777253188135 6.068369906777928 56.0 
246.0 321.0 2.926777253188135 6.068369906777928 56.0 
246.0 322.0 2.926777253188135 6.068369906777928 56.0 
246.0 323.0 2.926777253188135 6.068369906777928 56.0 
247.0 318.0 2.926777253188135 6.068369906777928 56.0 
247.0 319.0 2.926777253188135 6.068369906777928 56.0 
247.0 320.0 2.926777253188135 6.068369906777928 56.0 
247.0 321.0 2.926777253188135 6.068369906777928 56.0 
247.0 322.0 2.926777253188135 6.068369906777928 56.0 
247.0 323.0 2.926777253188135 6.068369906777928 56.0 
248.0 317.0 2.926777253188135 6.068369906777928 56.0 
248.0 318.0 2.926777253188135 6.068369906777928 56.0 
248.0 319.0 2.926777253188135 6.068369906777928 56.0 
248.0 320.0 2.926777253188135 6.068369906777928 56.0 
248.0 321.0 2.926777253188135 6.068369906777928 56.0 
248.0 322.0 2.926777253188135 6.068369906777928 56.0 
249.0 317.0 2.926777253188135 6.068369906777928 56.0 
249.0 318.0 2.926777253188135 6.068369906777928 56.0 
249.0 319.0 2.926777253188135 6.068369906777928 56.0 
249.0 320.0 2.926777253188135 6.068369906777928 56.0 
249.0 321.0 2.926777253188135 6.068369906777928 56.0 
249.0 322.0 2.926777253188135 6.068369906777928 56.0 
250.0 317.0 2.926777253188135 6.068369906777928 56.0 
250.0 318.0 2.926777253188135 6.068369906777928 56.0 
250.0 319.0 2.926777253188135 6.068369906777928 56.0 
250.0 320.0 2.926777253188135 6.068369906777928 56.0 
250.0 321.0 2.926777253188135 6.068369906777928 56.0 
250.0 322.0 2.926777253188135 6.068369906777928 56.0 
251.0 317.0 2.926777253188135 6.068369906777928 56.0 
251.0 318.0 2.926777253188135 6.068369906777928 56.0 
251.0 319.0 2.926777253188135 6.068369906777928 56.0 
251.0 320.0 2.926777253188135 6.068369906777928 56.0 
251.0 321.0 2.926777253188135 6.068369906777928 56.0 
251.0 322.0 2.926777253188135 6.068369906777928 56.0 
252.0 316.0 2.926777253188135 6.068369906777928 56.0 
252.0 317.0 2.926777253188135 6.068369906777928 56.0 
252.0 318.0 2.926777253188135 6.068369906777928 56.0 
252.0 319.0 2.926777253188135 6.068369906777928 56.0 
252.0 320.0 2.926777253188135 6.068369906777928 56.0 
252.0 321.0 2.926777253188135 6.068369906777928 56.0 
252.0 322.0 2.926777253188135 6.068369906777928 56.0 
253.0 316.0 2.926777253188135 6.068369906777928 56.0 
253.0 317.0 2.926777253188135 6.068369906777928 56.0 
253.0 318.0 2.926777253188135 6.068369906777928 56.0 
253.0 319.0 2.926777253188135 6.068369906777928 56.0 
253.0 320.0 2.926777253188135 6.068369906777928 56.0 
253.0 321.0 2.926777253188135 6.068369906777928 56.0 
254.0 316.0 2.926777253188135 6.068369906777928 56.0 
254.0 317.0 2.926777253188135 6.068369906777928 56.0 
254.0 318.0 2.926777253188135 6.068369906777928 56.0 
254.0 319.0 2.926777253188135 6.068369906777928 56.0 
254.0 320.0 2.926777253188135 6.068369906777928 56.0 
254.0 321.0 2.926777253188135 6.068369906777928 56.0 
255.0 316.0 2.926777253188135 6.068369906777928 56.0 
255.0 317.0 2.926777253188135 6.068369906777928 56.0 
255.0 318.0 2.926777253188135 6.068369906777928 56.0 
255.0 319.0 2.926777253188135 6.068369906777928 56.0 
255.0 320.0 2.926777253188135 6.068369906777928 56.0 
255.0 321.0 2.926777253188135 6.068369906777928 56.0 
256.0 316.0 2.926777253188135 6.068369906777928 56.0 
256.0 317.0 2.926777253188135 6.068369906777928 56.0 
256.0 318.0 2.926777253188135 6.068369906777928 56.0 
256.0 319.0 2.926777253188135 6.068369906777928 56.0 
256.0 320.0 2.926777253188135 6.068369906777928 56.0 
256.0 321.0 2.926777253188135 6.068369906777928 56.0 
257.0 315.0 2.926777253188135 6.068369906777928 56.0 
257.0 316.0 2.926777253188135 6.068369906777928 56.0 
257.0 317.0 2.926777253188135 6.068369906777928 56.0 
257.0 318.0 2.926777253188135 6.068369906777928 56.0 
257.0 319.0 2.926777253188135 6.068369906777928 56.0 
257.0 320.0 2.926777253188135 6.068369906777928 56.0 
257.0 321.0 2.926777253188135 6.068369906777928 56.0 
258.0 315.0 2.926777253188135 6.068369906777928 56.0 
258.0 316.0 2.926777253188135 6.068369906777928 56.0 
258.0 317.0 2.926777253188135 6.068369906777928 56.0 
258.0 318.0 2.926777253188135 6.068369906777928 56.0 
258.0 319.0 2.926777253188135 6.068369906777928 56.0 
258.0 320.0 2.926777253188135 6.068369906777928 56.0 
259.0 315.0 2.926777253188135 6.068369906777928 56.0 
259.0 316.0 2.926777253188135 6.068369906777928 56.0 
259.0 317.0 2.926777253188135 6.068369906777928 56.0 
259.0 318.0 2.926777253188135 6.068369906777928 56.0 
259.0 319.0 2.926777253188135 6.068369906777928 56.0 
259.0 320.0 2.926777253188135 6.068369906777928 56.0 
260.0 315.0 2.926777253188135 6.068369906777928 56.0 
260.0 316.0 2.926777253188135 6.068369906777928 56.0 
260.0 317.0 2.926777253188135 6.068369906777928 56.0 
260.0 318.0 2.926777253188135 6.068369906777928 56.0 
260.0 319.0 2.926777253188135 6.068369906777928 56.0 
260.0 320.0 2.926777253188135 6.068369906777928 56.0 
261.0 315.0 2.926777253188135 6.068369906777928 56.0 
261.0 316.0 2.926777253188135 6.068369906777928 56.0 
261.0 317.0 2.926777253188135 6.068369906777928 56.0 
261.0 318.0 2.926777253188135 6.068369906777928 56.0 
261.0 319.0 2.926777253188135 6.068369906777928 56.0 
261.0 320.0 2.926777253188135 6.068369906777928 56.0 
262.0 314.0 2.926777253188135 6.068369906777928 56.0 
262.0 315.0 2.926777253188135 6.068369906777928 56.0 
262.0 316.0 2.926777253188135 6.068369906777928 56.0 
262.0 317.0 2.926777253188135 6.068369906777928 56.0 
262.0 318.0 2.926777253188135 6.068369906777928 56.0 
262.0 319.0 2.926777253188135 6.068369906777928 56.0 
263.0 314.0 2.926777253188135 6.068369906777928 56.0 
263.0 315.0 2.926777253188135 6.068369906777928 56.0 
263.0 316.0 2.926777253188135 6.068369906777928 56.0 
263.0 317.0 2.926777253188135 6.068369906777928 56.0 
263.0 318.0 2.926777253188135 6.068369906777928 56.0 
263.0 319.0 2.926777253188135 6.068369906777928 56.0 
264.0 314.0 2.926777253188135 6.068369906777928 56.0 
264.0 315.0 2.926777253188135 6.068369906777928 56.0 
264.0 316.0 2.926777253188135 6.068369906777928 56.0 
264.0 317.0 2.926777253188135 6.068369906777928 56.0 
264.0 318.0 2.926777253188135 6.068369906777928 56.0 
264.0 319.0 2.926777253188135 6.068369906777928 56.0 
265.0 314.0 2.926777253188135 6.068369906777928 56.0 
265.0 315.0 2.926777253188135 6.068369906777928 56.0 
265.0 316.0 2.926777253188135 6.068369906777928 56.0 
265.0 317.0 2.926777253188135 6.068369906777928 56.0 
265.0 318.0 2.926777253188135 6.068369906777928 56.0 
265.0 319.0 2.926777253188135 6.068369906777928 56.0 
266.0 313.0 2.926777253188135 6.068369906777928 56.0 
266.0 314.0 2.926777253188135 6.068369906777928 56.0 
266.0 315.0 2.926777253188135 6.068369906777928 56.0 
266.0 316.0 2.926777253188135 6.068369906777928 56.0 
266.0 317.0 2.926777253188135 6.068369906777928 56.0 
266.0 318.0 2.926777253188135 6.068369906777928 56.0 
266.0 319.0 2.926777253188135 6.068369906777928 56.0 
267.0 313.0 2.926777253188135 6.068369906777928 56.0 
267.0 314.0 2.926777253188135 6.068369906777928 56.0 
267.0 315.0 2.926777253188135 6.068369906777928 56.0 
267.0 316.0 2.926777253188135 6.068369906777928 56.0 
267.0 317.0 2.926777253188135 6.068369906777928 56.0 
267.0 318.0 2.926777253188135 6.068369906777928 56.0 
268.0 313.0 2.926777253188135 6.068369906777928 56.0 
268.0 314.0 2.926777253188135 6.068369906777928 56.0 
268.0 315.0 2.926777253188135 6.068369906777928 56.0 
268.0 316.0 2.926777253188135 6.068369906777928 56.0 
268.0 317.0 2.926777253188135 6.068369906777928 56.0 
268.0 318.0 2.926777253188135 6.068369906777928 56.0 
269.0 313.0 2.926777253188135 6.068369906777928 56.0 
269.0 314.0 2.926777253188135 6.068369906777928 56.0 
269.0 315.0 2.926777253188135 6.068369906777928 56.0 
269.0 316.0 2.926777253188135 6.068369906777928 56.0 
269.0 317.0 2.926777253188135 6.068369906777928 56.0 
269.0 318.0 2.926777253188135 6.068369906777928 56.0 
270.0 313.0 2.926777253188135 6.068369906777928 56.0 
270.0 314.0 2.926777253188135 6.068369906777928 56.0 
270.0 315.0 2.926777253188135 6.068369906777928 56.0 
270.0 316.0 2.926777253188135 6.068369906777928 56.0 
270.0 317.0 2.926777253188135 6.068369906777928 56.0 
270.0 318.0 2.926777253188135 6.068369906777928 56.0 
271.0 312.0 2.926777253188135 6.068369906777928 56.0 
271.0 313.0 2.926777253188135 6.068369906777928 56.0 
271.0 314.0 2.926777253188135 6.068369906777928 56.0 
271.0 315.0 2.926777253188135 6.068369906777928 56.0 
271.0 316.0 2.926777253188135 6.068369906777928 56.0 
271.0 317.0 2.926777253188135 6.068369906777928 56.0 
272.0 312.0 2.926777253188135 6.068369906777928 56.0 
272.0 313.0 2.926777253188135 6.068369906777928 56.0 
272.0 314.0 2.926777253188135 6.068369906777928 56.0 
272.0 315.0 2.926777253188135 6.068369906777928 56.0 
272.0 316.0 2.926777253188135 6.068369906777928 56.0 
272.0 317.0 2.926777253188135 6.068369906777928 56.0 
273.0 312.0 2.926777253188135 6.068369906777928 56.0 
273.0 313.0 2.926777253188135 6.068369906777928 56.0 
273.0 314.0 2.926777253188135 6.068369906777928 56.0 
273.0 315.0 2.926777253188135 6.068369906777928 56.0 
273.0 316.0 2.926777253188135 6.068369906777928 56.0 
273.0 317.0 2.926777253188135 6.068369906777928 56.0 
274.0 312.0 2.926777253188135 6.068369906777928 56.0 
274.0 313.0 2.926777253188135 6.068369906777928 56.0 
274.0 314.0 2.926777253188135 6.068369906777928 56.0 
274.0 315.0 2.926777253188135 6.068369906777928 56.0 
274.0 316.0 2.926777253188135 6.068369906777928 56.0 
274.0 317.0 2.926777253188135 6.068369906777928 56.0 
275.0 311.0 2.926777253188135 6.068369906777928 56.0 
275.0 312.0 2.926777253188135 6.068369906777928 56.0 
275.0 313.0 2.926777253188135 6.068369906777928 56.0 
275.0 314.0 2.926777253188135 6.068369906777928 56.0 
275.0 315.0 2.926777253188135 6.068369906777928 56.0 
275.0 316.0 2.926777253188135 6.068369906777928 56.0 
275.0 317.0 2.926777253188135 6.068369906777928 56.0 
276.0 311.0 2.926777253188135 6.068369906777928 56.0 
276.0 312.0 2.926777253188135 6.068369906777928 56.0 
276.0 313.0 2.926777253188135 6.068369906777928 56.0 
276.0 314.0 2.926777253188135 6.068369906777928 56.0 
276.0 315.0 2.926777253188135 6.068369906777928 56.0 
276.0 316.0 2.926777253188135 6.068369906777928 56.0 
277.0 311.0 2.926777253188135 6.068369906777928 56.0 
277.0 312.0 2.926777253188135 6.068369906777928 56.0 
277.0 313.0 2.926777253188135 6.068369906777928 56.0 
277.0 314.0 2.926777253188135 6.068369906777928 56.0 
277.0 315.0 2.926777253188135 6.068369906777928 56.0 
277.0 316.0 2.926777253188135 6.068369906777928 56.0 
278.0 311.0 2.926777253188135 6.068369906777928 56.0 
278.0 312.0 2.926777253188135 6.068369906777928 56.0 
278.0 313.0 2.926777253188135 6.068369906777928 56.0 
278.0 314.0 2.926777253188135 6.068369906777928 56.0 
278.0 315.0 2.926777253188135 6.068369906777928 56.0 
278.0 316.0 2.926777253188135 6.068369906777928 56.0 
279.0 311.0 2.926777253188135 6.068369906777928 56.0 
279.0 312.0 2.926777253188135 6.068369906777928 56.0 
279.0 313.0 2.926777253188135 6.068369906777928 56.0 
279.0 314.0 2.926777253188135 6.068369906777928 56.0 
279.0 315.0 2.926777253188135 6.068369906777928 56.0 
279.0 316.0 2.926777253188135 6.068369906777928 56.0 
280.0 310.0 2.926777253188135 6.068369906777928 56.0 
280.0 311.0 2.926777253188135 6.068369906777928 56.0 
280.0 312.0 2.926777253188135 6.068369906777928 56.0 
280.0 313.0 2.926777253188135 6.068369906777928 56.0 
280.0 314.0 2.926777253188135 6.068369906777928 56.0 
280.0 315.0 2.926777253188135 6.068369906777928 56.0 
281.0 310.0 2.926777253188135 6.068369906777928 56.0 
281.0 311.0 2.926777253188135 6.068369906777928 56.0 
281.0 312.0 2.926777253188135 6.068369906777928 56.0 
281.0 313.0 2.926777253188135 6.068369906777928 56.0 
281.0 314.0 2.926777253188135 6.068369906777928 56.0 
281.0 315.0 2.926777253188135 6.068369906777928 56.0 
282.0 310.0 2.926777253188135 6.068369906777928 56.0 
282.0 311.0 2.926777253188135 6.068369906777928 56.0 
282.0 312.0 2.926777253188135 6.068369906777928 56.0 
282.0 313.0 2.926777253188135 6.068369906777928 56.0 
282.0 314.0 2.926777253188135 6.068369906777928 56.0 
282.0 315.0 2.926777253188135 6.068369906777928 56.0 
283.0 310.0 2.926777253188135 6.068369906777928 56.0 
283.0 311.0 2.926777253188135 6.068369906777928 56.0 
283.0 312.0 2.926777253188135 6.068369906777928 56.0 
283.0 313.0 2.926777253188135 6.068369906777928 56.0 
283.0 314.0 2.926777253188135 6.068369906777928 56.0 
283.0 315.0 2.926777253188135 6.068369906777928 56.0 
284.0 309.0 2.926777253188135 6.068369906777928 56.0 
284.0 310.0 2.926777253188135 6.068369906777928 56.0 
284.0 311.0 2.926777253188135 6.068369906777928 56.0 
284.0 312.0 2.926777253188135 6.068369906777928 56.0 
284.0 313.0 2.926777253188135 6.068369906777928 56.0 
284.0 314.0 2.926777253188135 6.068369906777928 56.0 
284.0 315.0 2.926777253188135 6.068369906777928 56.0 
285.0 309.0 2.926777253188135 6.068369906777928 56.0 
285.0 310.0 2.926777253188135 6.068369906777928 56.0 
285.0 311.0 2.926777253188135 6.068369906777928 56.0 
285.0 312.0 2.926777253188135 6.068369906777928 56.0 
285.0 313.0 2.926777253188135 6.068369906777928 56.0 
285.0 314.0 2.926777253188135 6.068369906777928 56.0 
286.0 309.0 2.926777253188135 6.068369906777928 56.0 
286.0 310.0 2.926777253188135 6.068369906777928 56.0 
286.0 311.0 2.926777253188135 6.068369906777928 56.0 
286.0 312.0 2.926777253188135 6.068369906777928 56.0 
286.0 313.0 2.926777253188135 6.068369906777928 56.0 
286.0 314.0 2.926777253188135 6.068369906777928 56.0 
287.0 309.0 2.926777253188135 6.068369906777928 56.0 
287.0 310.0 2.926777253188135 6.068369906777928 56.0 
287.0 311.0 2.926777253188135 6.068369906777928 56.0 
287.0 312.0 2.926777253188135 6.068369906777928 56.0 
287.0 313.0 2.926777253188135 6.068369906777928 56.0 
287.0 314.0 2.926777253188135 6.068369906777928 56.0 
288.0 309.0 2.926777253188135 6.068369906777928 56.0 
288.0 310.0 2.926777253188135 6.068369906777928 56.0 
288.0 311.0 2.926777253188135 6.068369906777928 56.0 
288.0 312.0 2.926777253188135 6.068369906777928 56.0 
288.0 313.0 2.926777253188135 6.068369906777928 56.0 
288.0 314.0 2.926777253188135 6.068369906777928 56.0 
289.0 308.0 2.926777253188135 6.068369906777928 56.0 
289.0 309.0 2.926777253188135 6.068369906777928 56.0 
289.0 310.0 2.926777253188135 6.068369906777928 56.0 
289.0 311.0 2.926777253188135 6.068369906777928 56.0 
289.0 312.0 2.926777253188135 6.068369906777928 56.0 
289.0 313.0 2.926777253188135 6.068369906777928 56.0 
289.0 314.0 2.926777253188135 6.068369906777928 56.0 
290.0 308.0 2.926777253188135 6.068369906777928 56.0 
290.0 309.0 2.926777253188135 6.068369906777928 56.0 
290.0 310.0 2.926777253188135 6.068369906777928 56.0 
290.0 311.0 2.926777253188135 6.068369906777928 56.0 
290.0 312.0 2.926777253188135 6.068369906777928 56.0 
290.0 313.0 2.926777253188135 6.068369906777928 56.0 
291.0 308.0 2.926777253188135 6.068369906777928 56.0 
291.0 309.0 2.926777253188135 6.068369906777928 56.0 
291.0 310.0 2.926777253188135 6.068369906777928 56.0 
291.0 311.0 2.926777253188135 6.068369906777928 56.0 
291.0 312.0 2.926777253188135 6.068369906777928 56.0 
291.0 313.0 2.926777253188135 6.068369906777928 56.0 
292.0 308.0 2.926777253188135 6.068369906777928 56.0 
292.0 309.0 2.926777253188135 6.068369906777928 56.0 
292.0 310.0 2.926777253188135 6.068369906777928 56.0 
292.0 311.0 2.926777253188135 6.068369906777928 56.0 
292.0 312.0 2.926777253188135 6.068369906777928 56.0 
292.0 313.0 2.926777253188135 6.068369906777928 56.0 
293.0 308.0 2.926777253188135 6.068369906777928 56.0 
293.0 309.0 2.926777253188135 6.068369906777928 56.0 
293.0 310.0 2.926777253188135 6.068369906777928 56.0 
293.0 311.0 2.926777253188135 6.068369906777928 56.0 
293.0 312.0 2.926777253188135 6.068369906777928 56.0 
293.0 313.0 2.926777253188135 6.068369906777928 56.0 
294.0 307.0 2.926777253188135 6.068369906777928 56.0 
294.0 308.0 2.926777253188135 6.068369906777928 56.0 
294.0 309.0 2.926777253188135 6.068369906777928 56.0 
294.0 310.0 2.926777253188135 6.068369906777928 56.0 
294.0 311.0 2.926777253188135 6.068369906777928 56.0 
294.0 312.0 2.926777253188135 6.068369906777928 56.0 
295.0 307.0 2.926777253188135 6.068369906777928 56.0 
295.0 308.0 2.926777253188135 6.068369906777928 56.0 
295.0 309.0 2.926777253188135 6.068369906777928 56.0 
295.0 310.0 2.926777253188135 6.068369906777928 56.0 
295.0 311.0 2.926777253188135 6.068369906777928 56.0 
295.0 312.0 2.926777253188135 6.068369906777928 56.0 
296.0 307.0 2.926777253188135 6.068369906777928 56.0 
296.0 308.0 2.926777253188135 6.068369906777928 56.0 
296.0 309.0 2.926777253188135 6.068369906777928 56.0 
296.0 310.0 2.926777253188135 6.068369906777928 56.0 
296.0 311.0 2.926777253188135 6.068369906777928 56.0 
296.0 312.0 2.926777253188135 6.068369906777928 56.0 
297.0 307.0 2.926777253188135 6.068369906777928 56.0 
297.0 308.0 2.926777253188135 6.068369906777928 56.0 
297.0 309.0 2.926777253188135 6.068369906777928 56.0 
297.0 310.0 2.926777253188135 6.068369906777928 56.0 
297.0 311.0 2.926777253188135 6.068369906777928 56.0 
297.0 312.0 2.926777253188135 6.068369906777928 56.0 
298.0 306.0 2.926777253188135 6.068369906777928 56.0 
298.0 307.0 2.926777253188135 6.068369906777928 56.0 
298.0 308.0 2.926777253188135 6.068369906777928 56.0 
298.0 309.0 2.926777253188135 6.068369906777928 56.0 
298.0 310.0 2.926777253188135 6.068369906777928 56.0 
298.0 311.0 2.926777253188135 6.068369906777928 56.0 
298.0 312.0 2.926777253188135 6.068369906777928 56.0 
299.0 306.0 2.926777253188135 6.068369906777928 56.0 
299.0 307.0 2.926777253188135 6.068369906777928 56.0 
299.0 308.0 2.926777253188135 6.068369906777928 56.0 
299.0 309.0 2.926777253188135 6.068369906777928 56.0 
299.0 310.0 2.926777253188135 6.068369906777928 56.0 
299.0 311.0 2.926777253188135 6.068369906777928 56.0 
300.0 306.0 2.926777253188135 6.068369906777928 56.0 
300.0 307.0 2.926777253188135 6.068369906777928 56.0 
300.0 308.0 2.926777253188135 6.068369906777928 56.0 
300.0 309.0 2.926777253188135 6.068369906777928 56.0 
300.0 310.0 2.926777253188135 6.068369906777928 56.0 
300.0 311.0 2.926777253188135 6.068369906777928 56.0 
301.0 306.0 2.926777253188135 6.068369906777928 56.0 
301.0 307.0 2.926777253188135 6.068369906777928 56.0 
301.0 308.0 2.926777253188135 6.068369906777928 56.0 
301.0 309.0 2.926777253188135 6.068369906777928 56.0 
301.0 310.0 2.926777253188135 6.068369906777928 56.0 
301.0 311.0 2.926777253188135 6.068369906777928 56.0 
302.0 306.0 2.926777253188135 6.068369906777928 56.0 
302.0 307.0 2.926777253188135 6.068369906777928 56.0 
302.0 308.0 2.926777253188135 6.068369906777928 56.0 
302.0 309.0 2.926777253188135 6.068369906777928 56.0 
302.0 310.0 2.926777253188135 6.068369906777928 56.0 
302.0 311.0 2.926777253188135 6.068369906777928 56.0 
303.0 305.0 2.926777253188135 6.068369906777928 56.0 
303.0 306.0 2.926777253188135 6.068369906777928 56.0 
303.0 307.0 2.926777253188135 6.068369906777928 56.0 
303.0 308.0 2.926777253188135 6.068369906777928 56.0 
303.0 309.0 2.926777253188135 6.068369906777928 56.0 
303.0 310.0 2.926777253188135 6.068369906777928 56.0 
304.0 305.0 2.926777253188135 6.068369906777928 56.0 
304.0 306.0 2.926777253188135 6.068369906777928 56.0 
304.0 307.0 2.926777253188135 6.068369906777928 56.0 
304.0 308.0 2.926777253188135 6.068369906777928 56.0 
304.0 309.0 2.926777253188135 6.068369906777928 56.0 
304.0 310.0 2.926777253188135 6.068369906777928 56.0 
305.0 305.0 2.926777253188135 6.068369906777928 56.0 
305.0 306.0 2.926777253188135 6.068369906777928 56.0 
305.0 307.0 2.926777253188135 6.068369906777928 56.0 
305.0 308.0 2.926777253188135 6.068369906777928 56.0 
305.0 309.0 2.926777253188135 6.068369906777928 56.0 
305.0 310.0 2.926777253188135 6.068369906777928 56.0 
306.0 305.0 2.926777253188135 6.068369906777928 56.0 
306.0 306.0 2.926777253188135 6.068369906777928 56.0 
306.0 307.0 2.926777253188135 6.068369906777928 56.0 
306.0 308.0 2.926777253188135 6.068369906777928 56.0 
306.0 309.0 2.926777253188135 6.068369906777928 56.0 
306.0 310.0 2.926777253188135 6.068369906777928 56.0 
307.0 304.0 2.926777253188135 6.068369906777928 56.0 
307.0 305.0 2.926777253188135 6.068369906777928 56.0 
307.0 306.0 2.926777253188135 6.068369906777928 56.0 
307.0 307.0 2.926777253188135 6.068369906777928 56.0 
307.0 308.0 2.926777253188135 6.068369906777928 56.0 
307.0 309.0 2.926777253188135 6.068369906777928 56.0 
307.0 310.0 2.926777253188135 6.068369906777928 56.0 
308.0 304.0 2.926777253188135 6.068369906777928 56.0 
308.0 305.0 2.926777253188135 6.068369906777928 56.0 
308.0 306.0 2.926777253188135 6.068369906777928 56.0 
308.0 307.0 2.926777253188135 6.068369906777928 56.0 
308.0 308.0 2.926777253188135 6.068369906777928 56.0 
308.0 309.0 2.926777253188135 6.068369906777928 56.0 
309.0 304.0 2.926777253188135 6.068369906777928 56.0 
309.0 305.0 2.926777253188135 6.068369906777928 56.0 
309.0 306.0 2.926777253188135 6.068369906777928 56.0 
309.0 307.0 2.926777253188135 6.068369906777928 56.0 
309.0 308.0 2.926777253188135 6.068369906777928 56.0 
309.0 309.0 2.926777253188135 6.068369906777928 56.0 
310.0 304.0 2.926777253188135 6.068369906777928 56.0 
310.0 305.0 2.926777253188135 6.068369906777928 56.0 
310.0 306.0 2.926777253188135 6.068369906777928 56.0 
310.0 307.0 2.926777253188135 6.068369906777928 56.0 
310.0 308.0 2.926777253188135 6.068369906777928 56.0 
310.0 309.0 2.926777253188135 6.068369906777928 56.0 
311.0 304.0 2.926777253188135 6.068369906777928 56.0 
311.0 305.0 2.926777253188135 6.068369906777928 56.0 
311.0 306.0 2.926777253188135 6.068369906777928 56.0 
311.0 307.0 2.926777253188135 6.068369906777928 56.0 
311.0 308.0 2.926777253188135 6.068369906777928 56.0 
311.0 309.0 2.926777253188135 6.068369906777928 56.0 
312.0 303.0 2.926777253188135 6.068369906777928 56.0 
312.0 304.0 2.926777253188135 6.068369906777928 56.0 
312.0 305.0 2.926777253188135 6.068369906777928 56.0 
312.0 306.0 2.926777253188135 6.068369906777928 56.0 
312.0 307.0 2.926777253188135 6.068369906777928 56.0 
312.0 308.0 2.926777253188135 6.068369906777928 56.0 
312.0 309.0 2.926777253188135 6.068369906777928 56.0 
313.0 303.0 2.926777253188135 6.068369906777928 56.0 
313.0 304.0 2.926777253188135 6.068369906777928 56.0 
313.0 305.0 2.926777253188135 6.068369906777928 56.0 
313.0 306.0 2.926777253188135 6.068369906777928 56.0 
313.0 307.0 2.926777253188135 6.068369906777928 56.0 
313.0 308.0 2.926777253188135 6.068369906777928 56.0 
314.0 303.0 2.926777253188135 6.068369906777928 56.0 
314.0 304.0 2.926777253188135 6.068369906777928 56.0 
314.0 305.0 2.926777253188135 6.068369906777928 56.0 
314.0 306.0 2.926777253188135 6.068369906777928 56.0 
314.0 307.0 2.926777253188135 6.068369906777928 56.0 
314.0 308.0 2.926777253188135 6.068369906777928 56.0 
315.0 303.0 2.926777253188135 6.068369906777928 56.0 
315.0 304.0 2.926777253188135 6.068369906777928 56.0 
315.0 305.0 2.926777253188135 6.068369906777928 56.0 
315.0 306.0 2.926777253188135 6.068369906777928 56.0 
315.0 307.0 2.926777253188135 6.068369906777928 56.0 
315.0 308.0 2.926777253188135 6.068369906777928 56.0 
316.0 303.0 2.926777253188135 6.068369906777928 56.0 
316.0 304.0 2.926777253188135 6.068369906777928 56.0 
316.0 305.0 2.926777253188135 6.068369906777928 56.0 
316.0 306.0 2.926777253188135 6.068369906777928 56.0 
316.0 307.0 2.926777253188135 6.068369906777928 56.0 
316.0 308.0 2.926777253188135 6.068369906777928 56.0 
317.0 302.0 2.926777253188135 6.068369906777928 56.0 
317.0 303.0 2.926777253188135 6.068369906777928 56.0 
317.0 304.0 2.926777253188135 6.068369906777928 56.0 
317.0 305.0 2.926777253188135 6.068369906777928 56.0 
317.0 306.0 2.926777253188135 6.068369906777928 56.0 
317.0 307.0 2.926777253188135 6.068369906777928 56.0 
318.0 302.0 2.926777253188135 6.068369906777928 56.0 
318.0 303.0 2.926777253188135 6.068369906777928 56.0 
318.0 304.0 2.926777253188135 6.068369906777928 56.0 
318.0 305.0 2.926777253188135 6.068369906777928 56.0 
318.0 306.0 2.926777253188135 6.068369906777928 56.0 
318.0 307.0 2.926777253188135 6.068369906777928 56.0 
319.0 302.0 2.926777253188135 6.068369906777928 56.0 
319.0 303.0 2.926777253188135 6.068369906777928 56.0 
319.0 304.0 2.926777253188135 6.068369906777928 56.0 
319.0 305.0 2.926777253188135 6.068369906777928 56.0 
319.0 306.0 2.926777253188135 6.068369906777928 56.0 
319.0 307.0 2.926777253188135 6.068369906777928 56.0 
320.0 302.0 2.926777253188135 6.068369906777928 56.0 
320.0 303.0 2.926777253188135 6.068369906777928 56.0 
320.0 304.0 2.926777253188135 6.068369906777928 56.0 
320.0 305.0 2.926777253188135 6.068369906777928 56.0 
320.0 306.0 2.926777253188135 6.068369906777928 56.0 
320.0 307.0 2.926777253188135 6.068369906777928 56.0 
321.0 301.0 2.926777253188135 6.068369906777928 56.0 
321.0 302.0 2.926777253188135 6.068369906777928 56.0 
321.0 303.0 2.926777253188135 6.068369906777928 56.0 
321.0 304.0 2.926777253188135 6.068369906777928 56.0 
321.0 305.0 2.926777253188135 6.068369906777928 56.0 
321.0 306.0 2.926777253188135 6.068369906777928 56.0 
321.0 307.0 2.926777253188135 6.068369906777928 56.0 
322.0 301.0 2.926777253188135 6.068369906777928 56.0 
322.0 302.0 2.926777253188135 6.068369906777928 56.0 
322.0 303.0 2.926777253188135 6.068369906777928 56.0 
322.0 304.0 2.926777253188135 6.068369906777928 56.0 
322.0 305.0 2.926777253188135 6.068369906777928 56.0 
322.0 306.0 2.926777253188135 6.068369906777928 56.0 
323.0 301.0 2.926777253188135 6.068369906777928 56.0 
323.0 302.0 2.926777253188135 6.068369906777928 56.0 
323.0 303.0 2.926777253188135 6.068369906777928 56.0 
323.0 304.0 2.926777253188135 6.068369906777928 56.0 
323.0 305.0 2.926777253188135 6.068369906777928 56.0 
323.0 306.0 2.926777253188135 6.068369906777928 56.0 
324.0 301.0 2.926777253188135 6.068369906777928 56.0 
324.0 302.0 2.926777253188135 6.068369906777928 56.0 
324.0 303.0 2.926777253188135 6.068369906777928 56.0 
324.0 304.0 2.926777253188135 6.068369906777928 56.0 
324.0 305.0 2.926777253188135 6.068369906777928 56.0 
324.0 306.0 2.926777253188135 6.068369906777928 56.0 
325.0 301.0 2.926777253188135 6.068369906777928 56.0 
325.0 302.0 2.926777253188135 6.068369906777928 56.0 
325.0 303.0 2.926777253188135 6.068369906777928 56.0 
325.0 304.0 2.926777253188135 6.068369906777928 56.0 
325.0 305.0 2.926777253188135 6.068369906777928 56.0 
325.0 306.0 2.926777253188135 6.068369906777928 56.0 
326.0 300.0 2.926777253188135 6.068369906777928 56.0 
326.0 301.0 2.926777253188135 6.068369906777928 56.0 
326.0 302.0 2.926777253188135 6.068369906777928 56.0 
326.0 303.0 2.926777253188135 6.068369906777928 56.0 
326.0 304.0 2.926777253188135 6.068369906777928 56.0 
326.0 305.0 2.926777253188135 6.068369906777928 56.0 
327.0 300.0 2.926777253188135 6.068369906777928 56.0 
327.0 301.0 2.926777253188135 6.068369906777928 56.0 
327.0 302.0 2.926777253188135 6.068369906777928 56.0 
327.0 303.0 2.926777253188135 6.068369906777928 56.0 
327.0 304.0 2.926777253188135 6.068369906777928 56.0 
327.0 305.0 2.926777253188135 6.068369906777928 56.0 
328.0 300.0 2.926777253188135 6.068369906777928 56.0 
328.0 301.0 2.926777253188135 6.068369906777928 56.0 
328.0 302.0 2.926777253188135 6.068369906777928 56.0 
328.0 303.0 2.926777253188135 6.068369906777928 56.0 
328.0 304.0 2.926777253188135 6.068369906777928 56.0 
328.0 305.0 2.926777253188135 6.068369906777928 56.0 
329.0 300.0 2.926777253188135 6.068369906777928 56.0 
329.0 301.0 2.926777253188135 6.068369906777928 56.0 
329.0 302.0 2.926777253188135 6.068369906777928 56.0 
329.0 303.0 2.926777253188135 6.068369906777928 56.0 
329.0 304.0 2.926777253188135 6.068369906777928 56.0 
329.0 305.0 2.926777253188135 6.068369906777928 56.0 
330.0 299.0 2.926777253188135 6.068369906777928 56.0 
330.0 300.0 2.926777253188135 6.068369906777928 56.0 
330.0 301.0 2.926777253188135 6.068369906777928 56.0 
330.0 302.0 2.926777253188135 6.068369906777928 56.0 
330.0 303.0 2.926777253188135 6.068369906777928 56.0 
330.0 304.0 2.926777253188135 6.068369906777928 56.0 
330.0 305.0 2.926777253188135 6.068369906777928 56.0 
331.0 299.0 2.926777253188135 6.068369906777928 56.0 
331.0 300.0 2.926777253188135 6.068369906777928 56.0 
331.0 301.0 2.926777253188135 6.068369906777928 56.0 
331.0 302.0 2.926777253188135 6.068369906777928 56.0 
331.0 303.0 2.926777253188135 6.068369906777928 56.0 
331.0 304.0 2.926777253188135 6.068369906777928 56.0 
332.0 299.0 2.926777253188135 6.068369906777928 56.0 
332.0 300.0 2.926777253188135 6.068369906777928 56.0 
332.0 301.0 2.926777253188135 6.068369906777928 56.0 
332.0 302.0 2.926777253188135 6.068369906777928 56.0 
332.0 303.0 2.926777253188135 6.068369906777928 56.0 
332.0 304.0 2.926777253188135 6.068369906777928 56.0 
333.0 299.0 2.926777253188135 6.068369906777928 56.0 
333.0 300.0 2.926777253188135 6.068369906777928 56.0 
333.0 301.0 2.926777253188135 6.068369906777928 56.0 
333.0 302.0 2.926777253188135 6.068369906777928 56.0 
333.0 303.0 2.926777253188135 6.068369906777928 56.0 
333.0 304.0 2.926777253188135 6.068369906777928 56.0 
334.0 299.0 2.926777253188135 6.068369906777928 56.0 
334.0 300.0 2.926777253188135 6.068369906777928 56.0 
334.0 301.0 2.926777253188135 6.068369906777928 56.0 
334.0 302.0 2.926777253188135 6.068369906777928 56.0 
334.0 303.0 2.926777253188135 6.068369906777928 56.0 
334.0 304.0 2.926777253188135 6.068369906777928 56.0 
335.0 298.0 2.926777253188135 6.068369906777928 56.0 
335.0 299.0 2.926777253188135 6.068369906777928 56.0 
335.0 300.0 2.926777253188135 6.068369906777928 56.0 
335.0 301.0 2.926777253188135 6.068369906777928 56.0 
335.0 302.0 2.926777253188135 6.068369906777928 56.0 
335.0 303.0 2.926777253188135 6.068369906777928 56.0 
336.0 298.0 2.926777253188135 6.068369906777928 56.0 
336.0 299.0 2.926777253188135 6.068369906777928 56.0 
336.0 300.0 2.926777253188135 6.068369906777928 56.0 
336.0 301.0 2.926777253188135 6.068369906777928 56.0 
336.0 302.0 2.926777253188135 6.068369906777928 56.0 
336.0 303.0 2.926777253188135 6.068369906777928 56.0 
337.0 298.0 2.926777253188135 6.068369906777928 56.0 
337.0 299.0 2.926777253188135 6.068369906777928 56.0 
337.0 300.0 2.926777253188135 6.068369906777928 56.0 
337.0 301.0 2.926777253188135 6.068369906777928 56.0 
337.0 302.0 2.926777253188135 6.068369906777928 56.0 
337.0 303.0 2.926777253188135 6.068369906777928 56.0 
338.0 298.0 2.926777253188135 6.068369906777928 56.0 
338.0 299.0 2.926777253188135 6.068369906777928 56.0 
338.0 300.0 2.926777253188135 6.068369906777928 56.0 
338.0 301.0 2.926777253188135 6.068369906777928 56.0 
338.0 302.0 2.926777253188135 6.068369906777928 56.0 
338.0 303.0 2.926777253188135 6.068369906777928 56.0 
339.0 297.0 2.926777253188135 6.068369906777928 56.0 
339.0 298.0 2.926777253188135 6.068369906777928 56.0 
339.0 299.0 2.926777253188135 6.068369906777928 56.0 
339.0 300.0 2.926777253188135 6.068369906777928 56.0 
339.0 301.0 2.926777253188135 6.068369906777928 56.0 
339.0 302.0 2.926777253188135 6.068369906777928 56.0 
339.0 303.0 2.926777253188135 6.068369906777928 56.0 
340.0 297.0 2.926777253188135 6.068369906777928 56.0 
340.0 298.0 2.926777253188135 6.068369906777928 56.0 
340.0 299.0 2.926777253188135 6.068369906777928 56.0 
340.0 300.0 2.926777253188135 6.068369906777928 56.0 
340.0 301.0 2.926777253188135 6.068369906777928 56.0 
340.0 302.0 2.926777253188135 6.068369906777928 56.0 
341.0 297.0 2.926777253188135 6.068369906777928 56.0 
341.0 298.0 2.926777253188135 6.068369906777928 56.0 
341.0 299.0 2.926777253188135 6.068369906777928 56.0 
341.0 300.0 2.926777253188135 6.068369906777928 56.0 
341.0 301.0 2.926777253188135 6.068369906777928 56.0 
341.0 302.0 2.926777253188135 6.068369906777928 56.0 
342.0 297.0 2.926777253188135 6.068369906777928 56.0 
342.0 298.0 2.926777253188135 6.068369906777928 56.0 
342.0 299.0 2.926777253188135 6.068369906777928 56.0 
342.0 300.0 2.926777253188135 6.068369906777928 56.0 
342.0 301.0 2.926777253188135 6.068369906777928 56.0 
342.0 302.0 2.926777253188135 6.068369906777928 56.0 
343.0 297.0 2.926777253188135 6.068369906777928 56.0 
343.0 298.0 2.926777253188135 6.068369906777928 56.0 
343.0 299.0 2.926777253188135 6.068369906777928 56.0 
343.0 300.0 2.926777253188135 6.068369906777928 56.0 
343.0 301.0 2.926777253188135 6.068369906777928 56.0 
343.0 302.0 2.926777253188135 6.068369906777928 56.0 
344.0 296.0 2.926777253188135 6.068369906777928 56.0 
344.0 297.0 2.926777253188135 6.068369906777928 56.0 
344.0 298.0 2.926777253188135 6.068369906777928 56.0 
344.0 299.0 2.926777253188135 6.068369906777928 56.0 
344.0 300.0 2.926777253188135 6.068369906777928 56.0 
344.0 301.0 2.926777253188135 6.068369906777928 56.0 
344.0 302.0 2.926777253188135 6.068369906777928 56.0 
345.0 296.0 2.926777253188135 6.068369906777928 56.0 
345.0 297.0 2.926777253188135 6.068369906777928 56.0 
345.0 298.0 2.926777253188135 6.068369906777928 56.0 
345.0 299.0 2.926777253188135 6.068369906777928 56.0 
345.0 300.0 2.926777253188135 6.068369906777928 56.0 
345.0 301.0 2.926777253188135 6.068369906777928 56.0 
346.0 296.0 2.926777253188135 6.068369906777928 56.0 
346.0 297.0 2.926777253188135 6.068369906777928 56.0 
346.0 298.0 2.926777253188135 6.068369906777928 56.0 
346.0 299.0 2.926777253188135 6.068369906777928 56.0 
346.0 300.0 2.926777253188135 6.068369906777928 56.0 
346.0 301.0 2.926777253188135 6.068369906777928 56.0 
347.0 296.0 2.926777253188135 6.068369906777928 56.0 
347.0 297.0 2.926777253188135 6.068369906777928 56.0 
347.0 298.0 2.926777253188135 6.068369906777928 56.0 
347.0 299.0 2.926777253188135 6.068369906777928 56.0 
347.0 300.0 2.926777253188135 6.068369906777928 56.0 
347.0 301.0 2.926777253188135 6.068369906777928 56.0 
348.0 296.0 2.926777253188135 6.068369906777928 56.0 
348.0 297.0 2.926777253188135 6.068369906777928 56.0 
348.0 298.0 2.926777253188135 6.068369906777928 56.0 
348.0 299.0 2.926777253188135 6.068369906777928 56.0 
348.0 300.0 2.926777253188135 6.068369906777928 56.0 
348.0 301.0 2.926777253188135 6.068369906777928 56.0 
349.0 295.0 2.926777253188135 6.068369906777928 56.0 
349.0 296.0 2.926777253188135 6.068369906777928 56.0 
349.0 297.0 2.926777253188135 6.068369906777928 56.0 
349.0 298.0 2.926777253188135 6.068369906777928 56.0 
349.0 299.0 2.926777253188135 6.068369906777928 56.0 
349.0 300.0 2.926777253188135 6.068369906777928 56.0 
350.0 295.0 2.926777253188135 6.068369906777928 56.0 
350.0 296.0 2.926777253188135 6.068369906777928 56.0 
350.0 297.0 2.926777253188135 6.068369906777928 56.0 
350.0 298.0 2.926777253188135 6.068369906777928 56.0 
350.0 299.0 2.926777253188135 6.068369906777928 56.0 
350.0 300.0 2.926777253188135 6.068369906777928 56.0 
351.0 295.0 2.926777253188135 6.068369906777928 56.0 
351.0 296.0 2.926777253188135 6.068369906777928 56.0 
351.0 297.0 2.926777253188135 6.068369906777928 56.0 
351.0 298.0 2.926777253188135 6.068369906777928 56.0 
351.0 299.0 2.926777253188135 6.068369906777928 56.0 
351.0 300.0 2.926777253188135 6.068369906777928 56.0 
352.0 295.0 2.926777253188135 6.068369906777928 56.0 
352.0 296.0 2.926777253188135 6.068369906777928 56.0 
352.0 297.0 2.926777253188135 6.068369906777928 56.0 
352.0 298.0 2.926777253188135 6.068369906777928 56.0 
352.0 299.0 2.926777253188135 6.068369906777928 56.0 
352.0 300.0 2.926777253188135 6.068369906777928 56.0 
353.0 297.0 2.926777253188135 6.068369906777928 56.0 
353.0 298.0 2.926777253188135 6.068369906777928 56.0 
353.0 299.0 2.926777253188135 6.068369906777928 56.0 
353.0 300.0 2.926777253188135 6.068369906777928 56.0 
