272.0 313.0 2.1842563923685994 5.3258490459583925 44.0 
273.0 312.0 2.1842563923685994 5.3258490459583925 44.0 
273.0 313.0 2.1842563923685994 5.3258490459583925 44.0 
273.0 314.0 2.1842563923685994 5.3258490459583925 44.0 
274.0 310.0 2.1842563923685994 5.3258490459583925 44.0 
274.0 311.0 2.1842563923685994 5.3258490459583925 44.0 
274.0 312.0 2.1842563923685994 5.3258490459583925 44.0 
274.0 313.0 2.1842563923685994 5.3258490459583925 44.0 
274.0 314.0 2.1842563923685994 5.3258490459583925 44.0 
275.0 309.0 2.1842563923685994 5.3258490459583925 44.0 
275.0 310.0 2.1842563923685994 5.3258490459583925 44.0 
275.0 311.0 2.1842563923685994 5.3258490459583925 44.0 
275.0 312.0 2.1842563923685994 5.3258490459583925 44.0 
275.0 313.0 2.1842563923685994 5.3258490459583925 44.0 
275.0 314.0 2.1842563923685994 5.3258490459583925 44.0 
275.0 315.0 2.1842563923685994 5.3258490459583925 44.0 
276.0 307.0 2.1842563923685994 5.3258490459583925 44.0 
276.0 308.0 2.1842563923685994 5.3258490459583925 44.0 
276.0 309.0 2.1842563923685994 5.3258490459583925 44.0 
276.0 310.0 2.1842563923685994 5.3258490459583925 44.0 
276.0 311.0 2.1842563923685994 5.3258490459583925 44.0 
276.0 312.0 2.1842563923685994 5.3258490459583925 44.0 
276.0 313.0 2.1842563923685994 5.3258490459583925 44.0 
276.0 314.0 2.1842563923685994 5.3258490459583925 44.0 
276.0 315.0 2.1842563923685994 5.3258490459583925 44.0 
276.0 316.0 2.1842563923685994 5.3258490459583925 44.0 
277.0 306.0 2.1842563923685994 5.3258490459583925 44.0 
277.0 307.0 2.1842563923685994 5.3258490459583925 44.0 
277.0 308.0 2.1842563923685994 5.3258490459583925 44.0 
277.0 309.0 2.1842563923685994 5.3258490459583925 44.0 
277.0 310.0 2.1842563923685994 5.3258490459583925 44.0 
277.0 311.0 2.1842563923685994 5.3258490459583925 44.0 
277.0 312.0 2.1842563923685994 5.3258490459583925 44.0 
277.0 313.0 2.1842563923685994 5.3258490459583925 44.0 
277.0 314.0 2.1842563923685994 5.3258490459583925 44.0 
277.0 315.0 2.1842563923685994 5.3258490459583925 44.0 
278.0 305.0 2.1842563923685994 5.3258490459583925 44.0 
278.0 306.0 2.1842563923685994 5.3258490459583925 44.0 
278.0 307.0 2.1842563923685994 5.3258490459583925 44.0 
278.0 308.0 2.1842563923685994 5.3258490459583925 44.0 
278.0 309.0 2.1842563923685994 5.3258490459583925 44.0 
278.0 310.0 2.1842563923685994 5.3258490459583925 44.0 
278.0 311.0 2.1842563923685994 5.3258490459583925 44.0 
278.0 312.0 2.1842563923685994 5.3258490459583925 44.0 
278.0 313.0 2.1842563923685994 5.3258490459583925 44.0 
278.0 314.0 2.1842563923685994 5.3258490459583925 44.0 
279.0 303.0 2.1842563923685994 5.3258490459583925 44.0 
279.0 304.0 2.1842563923685994 5.3258490459583925 44.0 
279.0 305.0 2.1842563923685994 5.3258490459583925 44.0 
279.0 306.0 2.1842563923685994 5.3258490459583925 44.0 
279.0 307.0 2.1842563923685994 5.3258490459583925 44.0 
279.0 308.0 2.1842563923685994 5.3258490459583925 44.0 
279.0 309.0 2.1842563923685994 5.3258490459583925 44.0 
279.0 310.0 2.1842563923685994 5.3258490459583925 44.0 
279.0 311.0 2.1842563923685994 5.3258490459583925 44.0 
279.0 312.0 2.1842563923685994 5.3258490459583925 44.0 
279.0 313.0 2.1842563923685994 5.3258490459583925 44.0 
280.0 302.0 2.1842563923685994 5.3258490459583925 44.0 
280.0 303.0 2.1842563923685994 5.3258490459583925 44.0 
280.0 304.0 2.1842563923685994 5.3258490459583925 44.0 
280.0 305.0 2.1842563923685994 5.3258490459583925 44.0 
280.0 306.0 2.1842563923685994 5.3258490459583925 44.0 
280.0 307.0 2.1842563923685994 5.3258490459583925 44.0 
280.0 308.0 2.1842563923685994 5.3258490459583925 44.0 
280.0 309.0 2.1842563923685994 5.3258490459583925 44.0 
280.0 310.0 2.1842563923685994 5.3258490459583925 44.0 
280.0 311.0 2.1842563923685994 5.3258490459583925 44.0 
281.0 300.0 2.1842563923685994 5.3258490459583925 44.0 
281.0 301.0 2.1842563923685994 5.3258490459583925 44.0 
281.0 302.0 2.1842563923685994 5.3258490459583925 44.0 
281.0 303.0 2.1842563923685994 5.3258490459583925 44.0 
281.0 304.0 2.1842563923685994 5.3258490459583925 44.0 
281.0 305.0 2.1842563923685994 5.3258490459583925 44.0 
281.0 306.0 2.1842563923685994 5.3258490459583925 44.0 
281.0 307.0 2.1842563923685994 5.3258490459583925 44.0 
281.0 308.0 2.1842563923685994 5.3258490459583925 44.0 
281.0 309.0 2.1842563923685994 5.3258490459583925 44.0 
281.0 310.0 2.1842563923685994 5.3258490459583925 44.0 
282.0 299.0 2.1842563923685994 5.3258490459583925 44.0 
282.0 300.0 2.1842563923685994 5.3258490459583925 44.0 
282.0 301.0 2.1842563923685994 5.3258490459583925 44.0 
282.0 302.0 2.1842563923685994 5.3258490459583925 44.0 
282.0 303.0 2.1842563923685994 5.3258490459583925 44.0 
282.0 304.0 2.1842563923685994 5.3258490459583925 44.0 
282.0 305.0 2.1842563923685994 5.3258490459583925 44.0 
282.0 306.0 2.1842563923685994 5.3258490459583925 44.0 
282.0 307.0 2.1842563923685994 5.3258490459583925 44.0 
282.0 308.0 2.1842563923685994 5.3258490459583925 44.0 
283.0 298.0 2.1842563923685994 5.3258490459583925 44.0 
283.0 299.0 2.1842563923685994 5.3258490459583925 44.0 
283.0 300.0 2.1842563923685994 5.3258490459583925 44.0 
283.0 301.0 2.1842563923685994 5.3258490459583925 44.0 
283.0 302.0 2.1842563923685994 5.3258490459583925 44.0 
283.0 303.0 2.1842563923685994 5.3258490459583925 44.0 
283.0 304.0 2.1842563923685994 5.3258490459583925 44.0 
283.0 305.0 2.1842563923685994 5.3258490459583925 44.0 
283.0 306.0 2.1842563923685994 5.3258490459583925 44.0 
283.0 307.0 2.1842563923685994 5.3258490459583925 44.0 
284.0 296.0 2.1842563923685994 5.3258490459583925 44.0 
284.0 297.0 2.1842563923685994 5.3258490459583925 44.0 
284.0 298.0 2.1842563923685994 5.3258490459583925 44.0 
284.0 299.0 2.1842563923685994 5.3258490459583925 44.0 
284.0 300.0 2.1842563923685994 5.3258490459583925 44.0 
284.0 301.0 2.1842563923685994 5.3258490459583925 44.0 
284.0 302.0 2.1842563923685994 5.3258490459583925 44.0 
284.0 303.0 2.1842563923685994 5.3258490459583925 44.0 
284.0 304.0 2.1842563923685994 5.3258490459583925 44.0 
284.0 305.0 2.1842563923685994 5.3258490459583925 44.0 
284.0 306.0 2.1842563923685994 5.3258490459583925 44.0 
285.0 295.0 2.1842563923685994 5.3258490459583925 44.0 
285.0 296.0 2.1842563923685994 5.3258490459583925 44.0 
285.0 297.0 2.1842563923685994 5.3258490459583925 44.0 
285.0 298.0 2.1842563923685994 5.3258490459583925 44.0 
285.0 299.0 2.1842563923685994 5.3258490459583925 44.0 
285.0 300.0 2.1842563923685994 5.3258490459583925 44.0 
285.0 301.0 2.1842563923685994 5.3258490459583925 44.0 
285.0 302.0 2.1842563923685994 5.3258490459583925 44.0 
285.0 303.0 2.1842563923685994 5.3258490459583925 44.0 
285.0 304.0 2.1842563923685994 5.3258490459583925 44.0 
286.0 293.0 2.1842563923685994 5.3258490459583925 44.0 
286.0 294.0 2.1842563923685994 5.3258490459583925 44.0 
286.0 295.0 2.1842563923685994 5.3258490459583925 44.0 
286.0 296.0 2.1842563923685994 5.3258490459583925 44.0 
286.0 297.0 2.1842563923685994 5.3258490459583925 44.0 
286.0 298.0 2.1842563923685994 5.3258490459583925 44.0 
286.0 299.0 2.1842563923685994 5.3258490459583925 44.0 
286.0 300.0 2.1842563923685994 5.3258490459583925 44.0 
286.0 301.0 2.1842563923685994 5.3258490459583925 44.0 
286.0 302.0 2.1842563923685994 5.3258490459583925 44.0 
286.0 303.0 2.1842563923685994 5.3258490459583925 44.0 
287.0 292.0 2.1842563923685994 5.3258490459583925 44.0 
287.0 293.0 2.1842563923685994 5.3258490459583925 44.0 
287.0 294.0 2.1842563923685994 5.3258490459583925 44.0 
287.0 295.0 2.1842563923685994 5.3258490459583925 44.0 
287.0 296.0 2.1842563923685994 5.3258490459583925 44.0 
287.0 297.0 2.1842563923685994 5.3258490459583925 44.0 
287.0 298.0 2.1842563923685994 5.3258490459583925 44.0 
287.0 299.0 2.1842563923685994 5.3258490459583925 44.0 
287.0 300.0 2.1842563923685994 5.3258490459583925 44.0 
287.0 301.0 2.1842563923685994 5.3258490459583925 44.0 
288.0 290.0 2.1842563923685994 5.3258490459583925 44.0 
288.0 291.0 2.1842563923685994 5.3258490459583925 44.0 
288.0 292.0 2.1842563923685994 5.3258490459583925 44.0 
288.0 293.0 2.1842563923685994 5.3258490459583925 44.0 
288.0 294.0 2.1842563923685994 5.3258490459583925 44.0 
288.0 295.0 2.1842563923685994 5.3258490459583925 44.0 
288.0 296.0 2.1842563923685994 5.3258490459583925 44.0 
288.0 297.0 2.1842563923685994 5.3258490459583925 44.0 
288.0 298.0 2.1842563923685994 5.3258490459583925 44.0 
288.0 299.0 2.1842563923685994 5.3258490459583925 44.0 
288.0 300.0 2.1842563923685994 5.3258490459583925 44.0 
289.0 289.0 2.1842563923685994 5.3258490459583925 44.0 
289.0 290.0 2.1842563923685994 5.3258490459583925 44.0 
289.0 291.0 2.1842563923685994 5.3258490459583925 44.0 
289.0 292.0 2.1842563923685994 5.3258490459583925 44.0 
289.0 293.0 2.1842563923685994 5.3258490459583925 44.0 
289.0 294.0 2.1842563923685994 5.3258490459583925 44.0 
289.0 295.0 2.1842563923685994 5.3258490459583925 44.0 
289.0 296.0 2.1842563923685994 5.3258490459583925 44.0 
289.0 297.0 2.1842563923685994 5.3258490459583925 44.0 
289.0 298.0 2.1842563923685994 5.3258490459583925 44.0 
290.0 288.0 2.1842563923685994 5.3258490459583925 44.0 
290.0 289.0 2.1842563923685994 5.3258490459583925 44.0 
290.0 290.0 2.1842563923685994 5.3258490459583925 44.0 
290.0 291.0 2.1842563923685994 5.3258490459583925 44.0 
290.0 292.0 2.1842563923685994 5.3258490459583925 44.0 
290.0 293.0 2.1842563923685994 5.3258490459583925 44.0 
290.0 294.0 2.1842563923685994 5.3258490459583925 44.0 
290.0 295.0 2.1842563923685994 5.3258490459583925 44.0 
290.0 296.0 2.1842563923685994 5.3258490459583925 44.0 
290.0 297.0 2.1842563923685994 5.3258490459583925 44.0 
291.0 286.0 2.1842563923685994 5.3258490459583925 44.0 
291.0 287.0 2.1842563923685994 5.3258490459583925 44.0 
291.0 288.0 2.1842563923685994 5.3258490459583925 44.0 
291.0 289.0 2.1842563923685994 5.3258490459583925 44.0 
291.0 290.0 2.1842563923685994 5.3258490459583925 44.0 
291.0 291.0 2.1842563923685994 5.3258490459583925 44.0 
291.0 292.0 2.1842563923685994 5.3258490459583925 44.0 
291.0 293.0 2.1842563923685994 5.3258490459583925 44.0 
291.0 294.0 2.1842563923685994 5.3258490459583925 44.0 
291.0 295.0 2.1842563923685994 5.3258490459583925 44.0 
291.0 296.0 2.1842563923685994 5.3258490459583925 44.0 
292.0 285.0 2.1842563923685994 5.3258490459583925 44.0 
292.0 286.0 2.1842563923685994 5.3258490459583925 44.0 
292.0 287.0 2.1842563923685994 5.3258490459583925 44.0 
292.0 288.0 2.1842563923685994 5.3258490459583925 44.0 
292.0 289.0 2.1842563923685994 5.3258490459583925 44.0 
292.0 290.0 2.1842563923685994 5.3258490459583925 44.0 
292.0 291.0 2.1842563923685994 5.3258490459583925 44.0 
292.0 292.0 2.1842563923685994 5.3258490459583925 44.0 
292.0 293.0 2.1842563923685994 5.3258490459583925 44.0 
292.0 294.0 2.1842563923685994 5.3258490459583925 44.0 
293.0 283.0 2.1842563923685994 5.3258490459583925 44.0 
293.0 284.0 2.1842563923685994 5.3258490459583925 44.0 
293.0 285.0 2.1842563923685994 5.3258490459583925 44.0 
293.0 286.0 2.1842563923685994 5.3258490459583925 44.0 
293.0 287.0 2.1842563923685994 5.3258490459583925 44.0 
293.0 288.0 2.1842563923685994 5.3258490459583925 44.0 
293.0 289.0 2.1842563923685994 5.3258490459583925 44.0 
293.0 290.0 2.1842563923685994 5.3258490459583925 44.0 
293.0 291.0 2.1842563923685994 5.3258490459583925 44.0 
293.0 292.0 2.1842563923685994 5.3258490459583925 44.0 
293.0 293.0 2.1842563923685994 5.3258490459583925 44.0 
294.0 282.0 2.1842563923685994 5.3258490459583925 44.0 
294.0 283.0 2.1842563923685994 5.3258490459583925 44.0 
294.0 284.0 2.1842563923685994 5.3258490459583925 44.0 
294.0 285.0 2.1842563923685994 5.3258490459583925 44.0 
294.0 286.0 2.1842563923685994 5.3258490459583925 44.0 
294.0 287.0 2.1842563923685994 5.3258490459583925 44.0 
294.0 288.0 2.1842563923685994 5.3258490459583925 44.0 
294.0 289.0 2.1842563923685994 5.3258490459583925 44.0 
294.0 290.0 2.1842563923685994 5.3258490459583925 44.0 
294.0 291.0 2.1842563923685994 5.3258490459583925 44.0 
295.0 280.0 2.1842563923685994 5.3258490459583925 44.0 
295.0 281.0 2.1842563923685994 5.3258490459583925 44.0 
295.0 282.0 2.1842563923685994 5.3258490459583925 44.0 
295.0 283.0 2.1842563923685994 5.3258490459583925 44.0 
295.0 284.0 2.1842563923685994 5.3258490459583925 44.0 
295.0 285.0 2.1842563923685994 5.3258490459583925 44.0 
295.0 286.0 2.1842563923685994 5.3258490459583925 44.0 
295.0 287.0 2.1842563923685994 5.3258490459583925 44.0 
295.0 288.0 2.1842563923685994 5.3258490459583925 44.0 
295.0 289.0 2.1842563923685994 5.3258490459583925 44.0 
295.0 290.0 2.1842563923685994 5.3258490459583925 44.0 
296.0 279.0 2.1842563923685994 5.3258490459583925 44.0 
296.0 280.0 2.1842563923685994 5.3258490459583925 44.0 
296.0 281.0 2.1842563923685994 5.3258490459583925 44.0 
296.0 282.0 2.1842563923685994 5.3258490459583925 44.0 
296.0 283.0 2.1842563923685994 5.3258490459583925 44.0 
296.0 284.0 2.1842563923685994 5.3258490459583925 44.0 
296.0 285.0 2.1842563923685994 5.3258490459583925 44.0 
296.0 286.0 2.1842563923685994 5.3258490459583925 44.0 
296.0 287.0 2.1842563923685994 5.3258490459583925 44.0 
296.0 288.0 2.1842563923685994 5.3258490459583925 44.0 
297.0 278.0 2.1842563923685994 5.3258490459583925 44.0 
297.0 279.0 2.1842563923685994 5.3258490459583925 44.0 
297.0 280.0 2.1842563923685994 5.3258490459583925 44.0 
297.0 281.0 2.1842563923685994 5.3258490459583925 44.0 
297.0 282.0 2.1842563923685994 5.3258490459583925 44.0 
297.0 283.0 2.1842563923685994 5.3258490459583925 44.0 
297.0 284.0 2.1842563923685994 5.3258490459583925 44.0 
297.0 285.0 2.1842563923685994 5.3258490459583925 44.0 
297.0 286.0 2.1842563923685994 5.3258490459583925 44.0 
297.0 287.0 2.1842563923685994 5.3258490459583925 44.0 
298.0 276.0 2.1842563923685994 5.3258490459583925 44.0 
298.0 277.0 2.1842563923685994 5.3258490459583925 44.0 
298.0 278.0 2.1842563923685994 5.3258490459583925 44.0 
298.0 279.0 2.1842563923685994 5.3258490459583925 44.0 
298.0 280.0 2.1842563923685994 5.3258490459583925 44.0 
298.0 281.0 2.1842563923685994 5.3258490459583925 44.0 
298.0 282.0 2.1842563923685994 5.3258490459583925 44.0 
298.0 283.0 2.1842563923685994 5.3258490459583925 44.0 
298.0 284.0 2.1842563923685994 5.3258490459583925 44.0 
298.0 285.0 2.1842563923685994 5.3258490459583925 44.0 
298.0 286.0 2.1842563923685994 5.3258490459583925 44.0 
299.0 275.0 2.1842563923685994 5.3258490459583925 44.0 
299.0 276.0 2.1842563923685994 5.3258490459583925 44.0 
299.0 277.0 2.1842563923685994 5.3258490459583925 44.0 
299.0 278.0 2.1842563923685994 5.3258490459583925 44.0 
299.0 279.0 2.1842563923685994 5.3258490459583925 44.0 
299.0 280.0 2.1842563923685994 5.3258490459583925 44.0 
299.0 281.0 2.1842563923685994 5.3258490459583925 44.0 
299.0 282.0 2.1842563923685994 5.3258490459583925 44.0 
299.0 283.0 2.1842563923685994 5.3258490459583925 44.0 
299.0 284.0 2.1842563923685994 5.3258490459583925 44.0 
300.0 273.0 2.1842563923685994 5.3258490459583925 44.0 
300.0 274.0 2.1842563923685994 5.3258490459583925 44.0 
300.0 275.0 2.1842563923685994 5.3258490459583925 44.0 
300.0 276.0 2.1842563923685994 5.3258490459583925 44.0 
300.0 277.0 2.1842563923685994 5.3258490459583925 44.0 
300.0 278.0 2.1842563923685994 5.3258490459583925 44.0 
300.0 279.0 2.1842563923685994 5.3258490459583925 44.0 
300.0 280.0 2.1842563923685994 5.3258490459583925 44.0 
300.0 281.0 2.1842563923685994 5.3258490459583925 44.0 
300.0 282.0 2.1842563923685994 5.3258490459583925 44.0 
300.0 283.0 2.1842563923685994 5.3258490459583925 44.0 
301.0 272.0 2.1842563923685994 5.3258490459583925 44.0 
301.0 273.0 2.1842563923685994 5.3258490459583925 44.0 
301.0 274.0 2.1842563923685994 5.3258490459583925 44.0 
301.0 275.0 2.1842563923685994 5.3258490459583925 44.0 
301.0 276.0 2.1842563923685994 5.3258490459583925 44.0 
301.0 277.0 2.1842563923685994 5.3258490459583925 44.0 
301.0 278.0 2.1842563923685994 5.3258490459583925 44.0 
301.0 279.0 2.1842563923685994 5.3258490459583925 44.0 
301.0 280.0 2.1842563923685994 5.3258490459583925 44.0 
301.0 281.0 2.1842563923685994 5.3258490459583925 44.0 
302.0 271.0 2.1842563923685994 5.3258490459583925 44.0 
302.0 272.0 2.1842563923685994 5.3258490459583925 44.0 
302.0 273.0 2.1842563923685994 5.3258490459583925 44.0 
302.0 274.0 2.1842563923685994 5.3258490459583925 44.0 
302.0 275.0 2.1842563923685994 5.3258490459583925 44.0 
302.0 276.0 2.1842563923685994 5.3258490459583925 44.0 
302.0 277.0 2.1842563923685994 5.3258490459583925 44.0 
302.0 278.0 2.1842563923685994 5.3258490459583925 44.0 
302.0 279.0 2.1842563923685994 5.3258490459583925 44.0 
302.0 280.0 2.1842563923685994 5.3258490459583925 44.0 
303.0 269.0 2.1842563923685994 5.3258490459583925 44.0 
303.0 270.0 2.1842563923685994 5.3258490459583925 44.0 
303.0 271.0 2.1842563923685994 5.3258490459583925 44.0 
303.0 272.0 2.1842563923685994 5.3258490459583925 44.0 
303.0 273.0 2.1842563923685994 5.3258490459583925 44.0 
303.0 274.0 2.1842563923685994 5.3258490459583925 44.0 
303.0 275.0 2.1842563923685994 5.3258490459583925 44.0 
303.0 276.0 2.1842563923685994 5.3258490459583925 44.0 
303.0 277.0 2.1842563923685994 5.3258490459583925 44.0 
303.0 278.0 2.1842563923685994 5.3258490459583925 44.0 
303.0 279.0 2.1842563923685994 5.3258490459583925 44.0 
304.0 268.0 2.1842563923685994 5.3258490459583925 44.0 
304.0 269.0 2.1842563923685994 5.3258490459583925 44.0 
304.0 270.0 2.1842563923685994 5.3258490459583925 44.0 
304.0 271.0 2.1842563923685994 5.3258490459583925 44.0 
304.0 272.0 2.1842563923685994 5.3258490459583925 44.0 
304.0 273.0 2.1842563923685994 5.3258490459583925 44.0 
304.0 274.0 2.1842563923685994 5.3258490459583925 44.0 
304.0 275.0 2.1842563923685994 5.3258490459583925 44.0 
304.0 276.0 2.1842563923685994 5.3258490459583925 44.0 
304.0 277.0 2.1842563923685994 5.3258490459583925 44.0 
305.0 266.0 2.1842563923685994 5.3258490459583925 44.0 
305.0 267.0 2.1842563923685994 5.3258490459583925 44.0 
305.0 268.0 2.1842563923685994 5.3258490459583925 44.0 
305.0 269.0 2.1842563923685994 5.3258490459583925 44.0 
305.0 270.0 2.1842563923685994 5.3258490459583925 44.0 
305.0 271.0 2.1842563923685994 5.3258490459583925 44.0 
305.0 272.0 2.1842563923685994 5.3258490459583925 44.0 
305.0 273.0 2.1842563923685994 5.3258490459583925 44.0 
305.0 274.0 2.1842563923685994 5.3258490459583925 44.0 
305.0 275.0 2.1842563923685994 5.3258490459583925 44.0 
305.0 276.0 2.1842563923685994 5.3258490459583925 44.0 
306.0 265.0 2.1842563923685994 5.3258490459583925 44.0 
306.0 266.0 2.1842563923685994 5.3258490459583925 44.0 
306.0 267.0 2.1842563923685994 5.3258490459583925 44.0 
306.0 268.0 2.1842563923685994 5.3258490459583925 44.0 
306.0 269.0 2.1842563923685994 5.3258490459583925 44.0 
306.0 270.0 2.1842563923685994 5.3258490459583925 44.0 
306.0 271.0 2.1842563923685994 5.3258490459583925 44.0 
306.0 272.0 2.1842563923685994 5.3258490459583925 44.0 
306.0 273.0 2.1842563923685994 5.3258490459583925 44.0 
306.0 274.0 2.1842563923685994 5.3258490459583925 44.0 
307.0 263.0 2.1842563923685994 5.3258490459583925 44.0 
307.0 264.0 2.1842563923685994 5.3258490459583925 44.0 
307.0 265.0 2.1842563923685994 5.3258490459583925 44.0 
307.0 266.0 2.1842563923685994 5.3258490459583925 44.0 
307.0 267.0 2.1842563923685994 5.3258490459583925 44.0 
307.0 268.0 2.1842563923685994 5.3258490459583925 44.0 
307.0 269.0 2.1842563923685994 5.3258490459583925 44.0 
307.0 270.0 2.1842563923685994 5.3258490459583925 44.0 
307.0 271.0 2.1842563923685994 5.3258490459583925 44.0 
307.0 272.0 2.1842563923685994 5.3258490459583925 44.0 
307.0 273.0 2.1842563923685994 5.3258490459583925 44.0 
308.0 262.0 2.1842563923685994 5.3258490459583925 44.0 
308.0 263.0 2.1842563923685994 5.3258490459583925 44.0 
308.0 264.0 2.1842563923685994 5.3258490459583925 44.0 
308.0 265.0 2.1842563923685994 5.3258490459583925 44.0 
308.0 266.0 2.1842563923685994 5.3258490459583925 44.0 
308.0 267.0 2.1842563923685994 5.3258490459583925 44.0 
308.0 268.0 2.1842563923685994 5.3258490459583925 44.0 
308.0 269.0 2.1842563923685994 5.3258490459583925 44.0 
308.0 270.0 2.1842563923685994 5.3258490459583925 44.0 
308.0 271.0 2.1842563923685994 5.3258490459583925 44.0 
309.0 261.0 2.1842563923685994 5.3258490459583925 44.0 
309.0 262.0 2.1842563923685994 5.3258490459583925 44.0 
309.0 263.0 2.1842563923685994 5.3258490459583925 44.0 
309.0 264.0 2.1842563923685994 5.3258490459583925 44.0 
309.0 265.0 2.1842563923685994 5.3258490459583925 44.0 
309.0 266.0 2.1842563923685994 5.3258490459583925 44.0 
309.0 267.0 2.1842563923685994 5.3258490459583925 44.0 
309.0 268.0 2.1842563923685994 5.3258490459583925 44.0 
309.0 269.0 2.1842563923685994 5.3258490459583925 44.0 
309.0 270.0 2.1842563923685994 5.3258490459583925 44.0 
310.0 259.0 2.1842563923685994 5.3258490459583925 44.0 
310.0 260.0 2.1842563923685994 5.3258490459583925 44.0 
310.0 261.0 2.1842563923685994 5.3258490459583925 44.0 
310.0 262.0 2.1842563923685994 5.3258490459583925 44.0 
310.0 263.0 2.1842563923685994 5.3258490459583925 44.0 
310.0 264.0 2.1842563923685994 5.3258490459583925 44.0 
310.0 265.0 2.1842563923685994 5.3258490459583925 44.0 
310.0 266.0 2.1842563923685994 5.3258490459583925 44.0 
310.0 267.0 2.1842563923685994 5.3258490459583925 44.0 
310.0 268.0 2.1842563923685994 5.3258490459583925 44.0 
310.0 269.0 2.1842563923685994 5.3258490459583925 44.0 
311.0 258.0 2.1842563923685994 5.3258490459583925 44.0 
311.0 259.0 2.1842563923685994 5.3258490459583925 44.0 
311.0 260.0 2.1842563923685994 5.3258490459583925 44.0 
311.0 261.0 2.1842563923685994 5.3258490459583925 44.0 
311.0 262.0 2.1842563923685994 5.3258490459583925 44.0 
311.0 263.0 2.1842563923685994 5.3258490459583925 44.0 
311.0 264.0 2.1842563923685994 5.3258490459583925 44.0 
311.0 265.0 2.1842563923685994 5.3258490459583925 44.0 
311.0 266.0 2.1842563923685994 5.3258490459583925 44.0 
311.0 267.0 2.1842563923685994 5.3258490459583925 44.0 
312.0 256.0 2.1842563923685994 5.3258490459583925 44.0 
312.0 257.0 2.1842563923685994 5.3258490459583925 44.0 
312.0 258.0 2.1842563923685994 5.3258490459583925 44.0 
312.0 259.0 2.1842563923685994 5.3258490459583925 44.0 
312.0 260.0 2.1842563923685994 5.3258490459583925 44.0 
312.0 261.0 2.1842563923685994 5.3258490459583925 44.0 
312.0 262.0 2.1842563923685994 5.3258490459583925 44.0 
312.0 263.0 2.1842563923685994 5.3258490459583925 44.0 
312.0 264.0 2.1842563923685994 5.3258490459583925 44.0 
312.0 265.0 2.1842563923685994 5.3258490459583925 44.0 
312.0 266.0 2.1842563923685994 5.3258490459583925 44.0 
313.0 255.0 2.1842563923685994 5.3258490459583925 44.0 
313.0 256.0 2.1842563923685994 5.3258490459583925 44.0 
313.0 257.0 2.1842563923685994 5.3258490459583925 44.0 
313.0 258.0 2.1842563923685994 5.3258490459583925 44.0 
313.0 259.0 2.1842563923685994 5.3258490459583925 44.0 
313.0 260.0 2.1842563923685994 5.3258490459583925 44.0 
313.0 261.0 2.1842563923685994 5.3258490459583925 44.0 
313.0 262.0 2.1842563923685994 5.3258490459583925 44.0 
313.0 263.0 2.1842563923685994 5.3258490459583925 44.0 
313.0 264.0 2.1842563923685994 5.3258490459583925 44.0 
314.0 253.0 2.1842563923685994 5.3258490459583925 44.0 
314.0 254.0 2.1842563923685994 5.3258490459583925 44.0 
314.0 255.0 2.1842563923685994 5.3258490459583925 44.0 
314.0 256.0 2.1842563923685994 5.3258490459583925 44.0 
314.0 257.0 2.1842563923685994 5.3258490459583925 44.0 
314.0 258.0 2.1842563923685994 5.3258490459583925 44.0 
314.0 259.0 2.1842563923685994 5.3258490459583925 44.0 
314.0 260.0 2.1842563923685994 5.3258490459583925 44.0 
314.0 261.0 2.1842563923685994 5.3258490459583925 44.0 
314.0 262.0 2.1842563923685994 5.3258490459583925 44.0 
314.0 263.0 2.1842563923685994 5.3258490459583925 44.0 
315.0 252.0 2.1842563923685994 5.3258490459583925 44.0 
315.0 253.0 2.1842563923685994 5.3258490459583925 44.0 
315.0 254.0 2.1842563923685994 5.3258490459583925 44.0 
315.0 255.0 2.1842563923685994 5.3258490459583925 44.0 
315.0 256.0 2.1842563923685994 5.3258490459583925 44.0 
315.0 257.0 2.1842563923685994 5.3258490459583925 44.0 
315.0 258.0 2.1842563923685994 5.3258490459583925 44.0 
315.0 259.0 2.1842563923685994 5.3258490459583925 44.0 
315.0 260.0 2.1842563923685994 5.3258490459583925 44.0 
315.0 261.0 2.1842563923685994 5.3258490459583925 44.0 
316.0 251.0 2.1842563923685994 5.3258490459583925 44.0 
316.0 252.0 2.1842563923685994 5.3258490459583925 44.0 
316.0 253.0 2.1842563923685994 5.3258490459583925 44.0 
316.0 254.0 2.1842563923685994 5.3258490459583925 44.0 
316.0 255.0 2.1842563923685994 5.3258490459583925 44.0 
316.0 256.0 2.1842563923685994 5.3258490459583925 44.0 
316.0 257.0 2.1842563923685994 5.3258490459583925 44.0 
316.0 258.0 2.1842563923685994 5.3258490459583925 44.0 
316.0 259.0 2.1842563923685994 5.3258490459583925 44.0 
316.0 260.0 2.1842563923685994 5.3258490459583925 44.0 
317.0 249.0 2.1842563923685994 5.3258490459583925 44.0 
317.0 250.0 2.1842563923685994 5.3258490459583925 44.0 
317.0 251.0 2.1842563923685994 5.3258490459583925 44.0 
317.0 252.0 2.1842563923685994 5.3258490459583925 44.0 
317.0 253.0 2.1842563923685994 5.3258490459583925 44.0 
317.0 254.0 2.1842563923685994 5.3258490459583925 44.0 
317.0 255.0 2.1842563923685994 5.3258490459583925 44.0 
317.0 256.0 2.1842563923685994 5.3258490459583925 44.0 
317.0 257.0 2.1842563923685994 5.3258490459583925 44.0 
317.0 258.0 2.1842563923685994 5.3258490459583925 44.0 
317.0 259.0 2.1842563923685994 5.3258490459583925 44.0 
318.0 248.0 2.1842563923685994 5.3258490459583925 44.0 
318.0 249.0 2.1842563923685994 5.3258490459583925 44.0 
318.0 250.0 2.1842563923685994 5.3258490459583925 44.0 
318.0 251.0 2.1842563923685994 5.3258490459583925 44.0 
318.0 252.0 2.1842563923685994 5.3258490459583925 44.0 
318.0 253.0 2.1842563923685994 5.3258490459583925 44.0 
318.0 254.0 2.1842563923685994 5.3258490459583925 44.0 
318.0 255.0 2.1842563923685994 5.3258490459583925 44.0 
318.0 256.0 2.1842563923685994 5.3258490459583925 44.0 
318.0 257.0 2.1842563923685994 5.3258490459583925 44.0 
319.0 246.0 2.1842563923685994 5.3258490459583925 44.0 
319.0 247.0 2.1842563923685994 5.3258490459583925 44.0 
319.0 248.0 2.1842563923685994 5.3258490459583925 44.0 
319.0 249.0 2.1842563923685994 5.3258490459583925 44.0 
319.0 250.0 2.1842563923685994 5.3258490459583925 44.0 
319.0 251.0 2.1842563923685994 5.3258490459583925 44.0 
319.0 252.0 2.1842563923685994 5.3258490459583925 44.0 
319.0 253.0 2.1842563923685994 5.3258490459583925 44.0 
319.0 254.0 2.1842563923685994 5.3258490459583925 44.0 
319.0 255.0 2.1842563923685994 5.3258490459583925 44.0 
319.0 256.0 2.1842563923685994 5.3258490459583925 44.0 
320.0 245.0 2.1842563923685994 5.3258490459583925 44.0 
320.0 246.0 2.1842563923685994 5.3258490459583925 44.0 
320.0 247.0 2.1842563923685994 5.3258490459583925 44.0 
320.0 248.0 2.1842563923685994 5.3258490459583925 44.0 
320.0 249.0 2.1842563923685994 5.3258490459583925 44.0 
320.0 250.0 2.1842563923685994 5.3258490459583925 44.0 
320.0 251.0 2.1842563923685994 5.3258490459583925 44.0 
320.0 252.0 2.1842563923685994 5.3258490459583925 44.0 
320.0 253.0 2.1842563923685994 5.3258490459583925 44.0 
320.0 254.0 2.1842563923685994 5.3258490459583925 44.0 
321.0 244.0 2.1842563923685994 5.3258490459583925 44.0 
321.0 245.0 2.1842563923685994 5.3258490459583925 44.0 
321.0 246.0 2.1842563923685994 5.3258490459583925 44.0 
321.0 247.0 2.1842563923685994 5.3258490459583925 44.0 
321.0 248.0 2.1842563923685994 5.3258490459583925 44.0 
321.0 249.0 2.1842563923685994 5.3258490459583925 44.0 
321.0 250.0 2.1842563923685994 5.3258490459583925 44.0 
321.0 251.0 2.1842563923685994 5.3258490459583925 44.0 
321.0 252.0 2.1842563923685994 5.3258490459583925 44.0 
321.0 253.0 2.1842563923685994 5.3258490459583925 44.0 
322.0 242.0 2.1842563923685994 5.3258490459583925 44.0 
322.0 243.0 2.1842563923685994 5.3258490459583925 44.0 
322.0 244.0 2.1842563923685994 5.3258490459583925 44.0 
322.0 245.0 2.1842563923685994 5.3258490459583925 44.0 
322.0 246.0 2.1842563923685994 5.3258490459583925 44.0 
322.0 247.0 2.1842563923685994 5.3258490459583925 44.0 
322.0 248.0 2.1842563923685994 5.3258490459583925 44.0 
322.0 249.0 2.1842563923685994 5.3258490459583925 44.0 
322.0 250.0 2.1842563923685994 5.3258490459583925 44.0 
322.0 251.0 2.1842563923685994 5.3258490459583925 44.0 
322.0 252.0 2.1842563923685994 5.3258490459583925 44.0 
323.0 241.0 2.1842563923685994 5.3258490459583925 44.0 
323.0 242.0 2.1842563923685994 5.3258490459583925 44.0 
323.0 243.0 2.1842563923685994 5.3258490459583925 44.0 
323.0 244.0 2.1842563923685994 5.3258490459583925 44.0 
323.0 245.0 2.1842563923685994 5.3258490459583925 44.0 
323.0 246.0 2.1842563923685994 5.3258490459583925 44.0 
323.0 247.0 2.1842563923685994 5.3258490459583925 44.0 
323.0 248.0 2.1842563923685994 5.3258490459583925 44.0 
323.0 249.0 2.1842563923685994 5.3258490459583925 44.0 
323.0 250.0 2.1842563923685994 5.3258490459583925 44.0 
324.0 239.0 2.1842563923685994 5.3258490459583925 44.0 
324.0 240.0 2.1842563923685994 5.3258490459583925 44.0 
324.0 241.0 2.1842563923685994 5.3258490459583925 44.0 
324.0 242.0 2.1842563923685994 5.3258490459583925 44.0 
324.0 243.0 2.1842563923685994 5.3258490459583925 44.0 
324.0 244.0 2.1842563923685994 5.3258490459583925 44.0 
324.0 245.0 2.1842563923685994 5.3258490459583925 44.0 
324.0 246.0 2.1842563923685994 5.3258490459583925 44.0 
324.0 247.0 2.1842563923685994 5.3258490459583925 44.0 
324.0 248.0 2.1842563923685994 5.3258490459583925 44.0 
324.0 249.0 2.1842563923685994 5.3258490459583925 44.0 
325.0 238.0 2.1842563923685994 5.3258490459583925 44.0 
325.0 239.0 2.1842563923685994 5.3258490459583925 44.0 
325.0 240.0 2.1842563923685994 5.3258490459583925 44.0 
325.0 241.0 2.1842563923685994 5.3258490459583925 44.0 
325.0 242.0 2.1842563923685994 5.3258490459583925 44.0 
325.0 243.0 2.1842563923685994 5.3258490459583925 44.0 
325.0 244.0 2.1842563923685994 5.3258490459583925 44.0 
325.0 245.0 2.1842563923685994 5.3258490459583925 44.0 
325.0 246.0 2.1842563923685994 5.3258490459583925 44.0 
325.0 247.0 2.1842563923685994 5.3258490459583925 44.0 
326.0 236.0 2.1842563923685994 5.3258490459583925 44.0 
326.0 237.0 2.1842563923685994 5.3258490459583925 44.0 
326.0 238.0 2.1842563923685994 5.3258490459583925 44.0 
326.0 239.0 2.1842563923685994 5.3258490459583925 44.0 
326.0 240.0 2.1842563923685994 5.3258490459583925 44.0 
326.0 241.0 2.1842563923685994 5.3258490459583925 44.0 
326.0 242.0 2.1842563923685994 5.3258490459583925 44.0 
326.0 243.0 2.1842563923685994 5.3258490459583925 44.0 
326.0 244.0 2.1842563923685994 5.3258490459583925 44.0 
326.0 245.0 2.1842563923685994 5.3258490459583925 44.0 
326.0 246.0 2.1842563923685994 5.3258490459583925 44.0 
327.0 235.0 2.1842563923685994 5.3258490459583925 44.0 
327.0 236.0 2.1842563923685994 5.3258490459583925 44.0 
327.0 237.0 2.1842563923685994 5.3258490459583925 44.0 
327.0 238.0 2.1842563923685994 5.3258490459583925 44.0 
327.0 239.0 2.1842563923685994 5.3258490459583925 44.0 
327.0 240.0 2.1842563923685994 5.3258490459583925 44.0 
327.0 241.0 2.1842563923685994 5.3258490459583925 44.0 
327.0 242.0 2.1842563923685994 5.3258490459583925 44.0 
327.0 243.0 2.1842563923685994 5.3258490459583925 44.0 
327.0 244.0 2.1842563923685994 5.3258490459583925 44.0 
328.0 234.0 2.1842563923685994 5.3258490459583925 44.0 
328.0 235.0 2.1842563923685994 5.3258490459583925 44.0 
328.0 236.0 2.1842563923685994 5.3258490459583925 44.0 
328.0 237.0 2.1842563923685994 5.3258490459583925 44.0 
328.0 238.0 2.1842563923685994 5.3258490459583925 44.0 
328.0 239.0 2.1842563923685994 5.3258490459583925 44.0 
328.0 240.0 2.1842563923685994 5.3258490459583925 44.0 
328.0 241.0 2.1842563923685994 5.3258490459583925 44.0 
328.0 242.0 2.1842563923685994 5.3258490459583925 44.0 
328.0 243.0 2.1842563923685994 5.3258490459583925 44.0 
329.0 232.0 2.1842563923685994 5.3258490459583925 44.0 
329.0 233.0 2.1842563923685994 5.3258490459583925 44.0 
329.0 234.0 2.1842563923685994 5.3258490459583925 44.0 
329.0 235.0 2.1842563923685994 5.3258490459583925 44.0 
329.0 236.0 2.1842563923685994 5.3258490459583925 44.0 
329.0 237.0 2.1842563923685994 5.3258490459583925 44.0 
329.0 238.0 2.1842563923685994 5.3258490459583925 44.0 
329.0 239.0 2.1842563923685994 5.3258490459583925 44.0 
329.0 240.0 2.1842563923685994 5.3258490459583925 44.0 
329.0 241.0 2.1842563923685994 5.3258490459583925 44.0 
329.0 242.0 2.1842563923685994 5.3258490459583925 44.0 
330.0 231.0 2.1842563923685994 5.3258490459583925 44.0 
330.0 232.0 2.1842563923685994 5.3258490459583925 44.0 
330.0 233.0 2.1842563923685994 5.3258490459583925 44.0 
330.0 234.0 2.1842563923685994 5.3258490459583925 44.0 
330.0 235.0 2.1842563923685994 5.3258490459583925 44.0 
330.0 236.0 2.1842563923685994 5.3258490459583925 44.0 
330.0 237.0 2.1842563923685994 5.3258490459583925 44.0 
330.0 238.0 2.1842563923685994 5.3258490459583925 44.0 
330.0 239.0 2.1842563923685994 5.3258490459583925 44.0 
330.0 240.0 2.1842563923685994 5.3258490459583925 44.0 
331.0 229.0 2.1842563923685994 5.3258490459583925 44.0 
331.0 230.0 2.1842563923685994 5.3258490459583925 44.0 
331.0 231.0 2.1842563923685994 5.3258490459583925 44.0 
331.0 232.0 2.1842563923685994 5.3258490459583925 44.0 
331.0 233.0 2.1842563923685994 5.3258490459583925 44.0 
331.0 234.0 2.1842563923685994 5.3258490459583925 44.0 
331.0 235.0 2.1842563923685994 5.3258490459583925 44.0 
331.0 236.0 2.1842563923685994 5.3258490459583925 44.0 
331.0 237.0 2.1842563923685994 5.3258490459583925 44.0 
331.0 238.0 2.1842563923685994 5.3258490459583925 44.0 
331.0 239.0 2.1842563923685994 5.3258490459583925 44.0 
332.0 228.0 2.1842563923685994 5.3258490459583925 44.0 
332.0 229.0 2.1842563923685994 5.3258490459583925 44.0 
332.0 230.0 2.1842563923685994 5.3258490459583925 44.0 
332.0 231.0 2.1842563923685994 5.3258490459583925 44.0 
332.0 232.0 2.1842563923685994 5.3258490459583925 44.0 
332.0 233.0 2.1842563923685994 5.3258490459583925 44.0 
332.0 234.0 2.1842563923685994 5.3258490459583925 44.0 
332.0 235.0 2.1842563923685994 5.3258490459583925 44.0 
332.0 236.0 2.1842563923685994 5.3258490459583925 44.0 
332.0 237.0 2.1842563923685994 5.3258490459583925 44.0 
333.0 226.0 2.1842563923685994 5.3258490459583925 44.0 
333.0 227.0 2.1842563923685994 5.3258490459583925 44.0 
333.0 228.0 2.1842563923685994 5.3258490459583925 44.0 
333.0 229.0 2.1842563923685994 5.3258490459583925 44.0 
333.0 230.0 2.1842563923685994 5.3258490459583925 44.0 
333.0 231.0 2.1842563923685994 5.3258490459583925 44.0 
333.0 232.0 2.1842563923685994 5.3258490459583925 44.0 
333.0 233.0 2.1842563923685994 5.3258490459583925 44.0 
333.0 234.0 2.1842563923685994 5.3258490459583925 44.0 
333.0 235.0 2.1842563923685994 5.3258490459583925 44.0 
333.0 236.0 2.1842563923685994 5.3258490459583925 44.0 
334.0 225.0 2.1842563923685994 5.3258490459583925 44.0 
334.0 226.0 2.1842563923685994 5.3258490459583925 44.0 
334.0 227.0 2.1842563923685994 5.3258490459583925 44.0 
334.0 228.0 2.1842563923685994 5.3258490459583925 44.0 
334.0 229.0 2.1842563923685994 5.3258490459583925 44.0 
334.0 230.0 2.1842563923685994 5.3258490459583925 44.0 
334.0 231.0 2.1842563923685994 5.3258490459583925 44.0 
334.0 232.0 2.1842563923685994 5.3258490459583925 44.0 
334.0 233.0 2.1842563923685994 5.3258490459583925 44.0 
334.0 234.0 2.1842563923685994 5.3258490459583925 44.0 
335.0 224.0 2.1842563923685994 5.3258490459583925 44.0 
335.0 225.0 2.1842563923685994 5.3258490459583925 44.0 
335.0 226.0 2.1842563923685994 5.3258490459583925 44.0 
335.0 227.0 2.1842563923685994 5.3258490459583925 44.0 
335.0 228.0 2.1842563923685994 5.3258490459583925 44.0 
335.0 229.0 2.1842563923685994 5.3258490459583925 44.0 
335.0 230.0 2.1842563923685994 5.3258490459583925 44.0 
335.0 231.0 2.1842563923685994 5.3258490459583925 44.0 
335.0 232.0 2.1842563923685994 5.3258490459583925 44.0 
335.0 233.0 2.1842563923685994 5.3258490459583925 44.0 
336.0 222.0 2.1842563923685994 5.3258490459583925 44.0 
336.0 223.0 2.1842563923685994 5.3258490459583925 44.0 
336.0 224.0 2.1842563923685994 5.3258490459583925 44.0 
336.0 225.0 2.1842563923685994 5.3258490459583925 44.0 
336.0 226.0 2.1842563923685994 5.3258490459583925 44.0 
336.0 227.0 2.1842563923685994 5.3258490459583925 44.0 
336.0 228.0 2.1842563923685994 5.3258490459583925 44.0 
336.0 229.0 2.1842563923685994 5.3258490459583925 44.0 
336.0 230.0 2.1842563923685994 5.3258490459583925 44.0 
336.0 231.0 2.1842563923685994 5.3258490459583925 44.0 
336.0 232.0 2.1842563923685994 5.3258490459583925 44.0 
337.0 221.0 2.1842563923685994 5.3258490459583925 44.0 
337.0 222.0 2.1842563923685994 5.3258490459583925 44.0 
337.0 223.0 2.1842563923685994 5.3258490459583925 44.0 
337.0 224.0 2.1842563923685994 5.3258490459583925 44.0 
337.0 225.0 2.1842563923685994 5.3258490459583925 44.0 
337.0 226.0 2.1842563923685994 5.3258490459583925 44.0 
337.0 227.0 2.1842563923685994 5.3258490459583925 44.0 
337.0 228.0 2.1842563923685994 5.3258490459583925 44.0 
337.0 229.0 2.1842563923685994 5.3258490459583925 44.0 
337.0 230.0 2.1842563923685994 5.3258490459583925 44.0 
338.0 219.0 2.1842563923685994 5.3258490459583925 44.0 
338.0 220.0 2.1842563923685994 5.3258490459583925 44.0 
338.0 221.0 2.1842563923685994 5.3258490459583925 44.0 
338.0 222.0 2.1842563923685994 5.3258490459583925 44.0 
338.0 223.0 2.1842563923685994 5.3258490459583925 44.0 
338.0 224.0 2.1842563923685994 5.3258490459583925 44.0 
338.0 225.0 2.1842563923685994 5.3258490459583925 44.0 
338.0 226.0 2.1842563923685994 5.3258490459583925 44.0 
338.0 227.0 2.1842563923685994 5.3258490459583925 44.0 
338.0 228.0 2.1842563923685994 5.3258490459583925 44.0 
338.0 229.0 2.1842563923685994 5.3258490459583925 44.0 
339.0 218.0 2.1842563923685994 5.3258490459583925 44.0 
339.0 219.0 2.1842563923685994 5.3258490459583925 44.0 
339.0 220.0 2.1842563923685994 5.3258490459583925 44.0 
339.0 221.0 2.1842563923685994 5.3258490459583925 44.0 
339.0 222.0 2.1842563923685994 5.3258490459583925 44.0 
339.0 223.0 2.1842563923685994 5.3258490459583925 44.0 
339.0 224.0 2.1842563923685994 5.3258490459583925 44.0 
339.0 225.0 2.1842563923685994 5.3258490459583925 44.0 
339.0 226.0 2.1842563923685994 5.3258490459583925 44.0 
339.0 227.0 2.1842563923685994 5.3258490459583925 44.0 
340.0 217.0 2.1842563923685994 5.3258490459583925 44.0 
340.0 218.0 2.1842563923685994 5.3258490459583925 44.0 
340.0 219.0 2.1842563923685994 5.3258490459583925 44.0 
340.0 220.0 2.1842563923685994 5.3258490459583925 44.0 
340.0 221.0 2.1842563923685994 5.3258490459583925 44.0 
340.0 222.0 2.1842563923685994 5.3258490459583925 44.0 
340.0 223.0 2.1842563923685994 5.3258490459583925 44.0 
340.0 224.0 2.1842563923685994 5.3258490459583925 44.0 
340.0 225.0 2.1842563923685994 5.3258490459583925 44.0 
340.0 226.0 2.1842563923685994 5.3258490459583925 44.0 
341.0 216.0 2.1842563923685994 5.3258490459583925 44.0 
341.0 217.0 2.1842563923685994 5.3258490459583925 44.0 
341.0 218.0 2.1842563923685994 5.3258490459583925 44.0 
341.0 219.0 2.1842563923685994 5.3258490459583925 44.0 
341.0 220.0 2.1842563923685994 5.3258490459583925 44.0 
341.0 221.0 2.1842563923685994 5.3258490459583925 44.0 
341.0 222.0 2.1842563923685994 5.3258490459583925 44.0 
341.0 223.0 2.1842563923685994 5.3258490459583925 44.0 
341.0 224.0 2.1842563923685994 5.3258490459583925 44.0 
341.0 225.0 2.1842563923685994 5.3258490459583925 44.0 
342.0 217.0 2.1842563923685994 5.3258490459583925 44.0 
342.0 218.0 2.1842563923685994 5.3258490459583925 44.0 
342.0 219.0 2.1842563923685994 5.3258490459583925 44.0 
342.0 220.0 2.1842563923685994 5.3258490459583925 44.0 
342.0 221.0 2.1842563923685994 5.3258490459583925 44.0 
342.0 222.0 2.1842563923685994 5.3258490459583925 44.0 
342.0 223.0 2.1842563923685994 5.3258490459583925 44.0 
343.0 217.0 2.1842563923685994 5.3258490459583925 44.0 
343.0 218.0 2.1842563923685994 5.3258490459583925 44.0 
343.0 219.0 2.1842563923685994 5.3258490459583925 44.0 
343.0 220.0 2.1842563923685994 5.3258490459583925 44.0 
343.0 221.0 2.1842563923685994 5.3258490459583925 44.0 
343.0 222.0 2.1842563923685994 5.3258490459583925 44.0 
344.0 218.0 2.1842563923685994 5.3258490459583925 44.0 
344.0 219.0 2.1842563923685994 5.3258490459583925 44.0 
344.0 220.0 2.1842563923685994 5.3258490459583925 44.0 
345.0 219.0 2.1842563923685994 5.3258490459583925 44.0 
