275.0 233.0 4.0329751749768405 0.8913825213870483 24.0 
275.0 234.0 4.0329751749768405 0.8913825213870483 24.0 
276.0 233.0 4.0329751749768405 0.8913825213870483 24.0 
276.0 234.0 4.0329751749768405 0.8913825213870483 24.0 
276.0 235.0 4.0329751749768405 0.8913825213870483 24.0 
277.0 234.0 4.0329751749768405 0.8913825213870483 24.0 
277.0 235.0 4.0329751749768405 0.8913825213870483 24.0 
277.0 236.0 4.0329751749768405 0.8913825213870483 24.0 
277.0 237.0 4.0329751749768405 0.8913825213870483 24.0 
278.0 236.0 4.0329751749768405 0.8913825213870483 24.0 
278.0 237.0 4.0329751749768405 0.8913825213870483 24.0 
278.0 238.0 4.0329751749768405 0.8913825213870483 24.0 
279.0 237.0 4.0329751749768405 0.8913825213870483 24.0 
279.0 238.0 4.0329751749768405 0.8913825213870483 24.0 
279.0 239.0 4.0329751749768405 0.8913825213870483 24.0 
280.0 238.0 4.0329751749768405 0.8913825213870483 24.0 
280.0 239.0 4.0329751749768405 0.8913825213870483 24.0 
280.0 240.0 4.0329751749768405 0.8913825213870483 24.0 
281.0 239.0 4.0329751749768405 0.8913825213870483 24.0 
281.0 240.0 4.0329751749768405 0.8913825213870483 24.0 
281.0 241.0 4.0329751749768405 0.8913825213870483 24.0 
281.0 242.0 4.0329751749768405 0.8913825213870483 24.0 
282.0 241.0 4.0329751749768405 0.8913825213870483 24.0 
282.0 242.0 4.0329751749768405 0.8913825213870483 24.0 
282.0 243.0 4.0329751749768405 0.8913825213870483 24.0 
283.0 242.0 4.0329751749768405 0.8913825213870483 24.0 
283.0 243.0 4.0329751749768405 0.8913825213870483 24.0 
283.0 244.0 4.0329751749768405 0.8913825213870483 24.0 
284.0 243.0 4.0329751749768405 0.8913825213870483 24.0 
284.0 244.0 4.0329751749768405 0.8913825213870483 24.0 
284.0 245.0 4.0329751749768405 0.8913825213870483 24.0 
285.0 244.0 4.0329751749768405 0.8913825213870483 24.0 
285.0 245.0 4.0329751749768405 0.8913825213870483 24.0 
285.0 246.0 4.0329751749768405 0.8913825213870483 24.0 
286.0 246.0 4.0329751749768405 0.8913825213870483 24.0 
286.0 247.0 4.0329751749768405 0.8913825213870483 24.0 
286.0 248.0 4.0329751749768405 0.8913825213870483 24.0 
287.0 247.0 4.0329751749768405 0.8913825213870483 24.0 
287.0 248.0 4.0329751749768405 0.8913825213870483 24.0 
287.0 249.0 4.0329751749768405 0.8913825213870483 24.0 
288.0 248.0 4.0329751749768405 0.8913825213870483 24.0 
288.0 249.0 4.0329751749768405 0.8913825213870483 24.0 
288.0 250.0 4.0329751749768405 0.8913825213870483 24.0 
289.0 249.0 4.0329751749768405 0.8913825213870483 24.0 
289.0 250.0 4.0329751749768405 0.8913825213870483 24.0 
289.0 251.0 4.0329751749768405 0.8913825213870483 24.0 
290.0 250.0 4.0329751749768405 0.8913825213870483 24.0 
290.0 251.0 4.0329751749768405 0.8913825213870483 24.0 
290.0 252.0 4.0329751749768405 0.8913825213870483 24.0 
290.0 253.0 4.0329751749768405 0.8913825213870483 24.0 
291.0 252.0 4.0329751749768405 0.8913825213870483 24.0 
291.0 253.0 4.0329751749768405 0.8913825213870483 24.0 
291.0 254.0 4.0329751749768405 0.8913825213870483 24.0 
292.0 253.0 4.0329751749768405 0.8913825213870483 24.0 
292.0 254.0 4.0329751749768405 0.8913825213870483 24.0 
292.0 255.0 4.0329751749768405 0.8913825213870483 24.0 
293.0 254.0 4.0329751749768405 0.8913825213870483 24.0 
293.0 255.0 4.0329751749768405 0.8913825213870483 24.0 
293.0 256.0 4.0329751749768405 0.8913825213870483 24.0 
294.0 255.0 4.0329751749768405 0.8913825213870483 24.0 
294.0 256.0 4.0329751749768405 0.8913825213870483 24.0 
294.0 257.0 4.0329751749768405 0.8913825213870483 24.0 
294.0 258.0 4.0329751749768405 0.8913825213870483 24.0 
295.0 257.0 4.0329751749768405 0.8913825213870483 24.0 
295.0 258.0 4.0329751749768405 0.8913825213870483 24.0 
295.0 259.0 4.0329751749768405 0.8913825213870483 24.0 
296.0 258.0 4.0329751749768405 0.8913825213870483 24.0 
298.0 259.0 4.321781936687003 1.18018928309721 24.0 
298.0 260.0 4.321781936687003 1.18018928309721 24.0 
298.0 261.0 4.321781936687003 1.18018928309721 24.0 
299.0 259.0 4.321781936687003 1.18018928309721 24.0 
299.0 260.0 4.321781936687003 1.18018928309721 24.0 
299.0 261.0 4.321781936687003 1.18018928309721 24.0 
299.0 262.0 4.321781936687003 1.18018928309721 24.0 
299.0 263.0 4.321781936687003 1.18018928309721 24.0 
299.0 264.0 4.321781936687003 1.18018928309721 24.0 
300.0 262.0 4.321781936687003 1.18018928309721 24.0 
300.0 263.0 4.321781936687003 1.18018928309721 24.0 
300.0 264.0 4.321781936687003 1.18018928309721 24.0 
300.0 265.0 4.321781936687003 1.18018928309721 24.0 
300.0 266.0 4.321781936687003 1.18018928309721 24.0 
301.0 264.0 4.321781936687003 1.18018928309721 24.0 
301.0 265.0 4.321781936687003 1.18018928309721 24.0 
301.0 266.0 4.321781936687003 1.18018928309721 24.0 
301.0 267.0 4.321781936687003 1.18018928309721 24.0 
301.0 268.0 4.321781936687003 1.18018928309721 24.0 
302.0 267.0 4.321781936687003 1.18018928309721 24.0 
302.0 268.0 4.321781936687003 1.18018928309721 24.0 
302.0 269.0 4.321781936687003 1.18018928309721 24.0 
302.0 270.0 4.321781936687003 1.18018928309721 24.0 
302.0 271.0 4.321781936687003 1.18018928309721 24.0 
303.0 269.0 4.321781936687003 1.18018928309721 24.0 
303.0 270.0 4.321781936687003 1.18018928309721 24.0 
303.0 271.0 4.321781936687003 1.18018928309721 24.0 
303.0 272.0 4.321781936687003 1.18018928309721 24.0 
303.0 273.0 4.321781936687003 1.18018928309721 24.0 
304.0 271.0 4.321781936687003 1.18018928309721 24.0 
304.0 272.0 4.321781936687003 1.18018928309721 24.0 
304.0 273.0 4.321781936687003 1.18018928309721 24.0 
304.0 274.0 4.321781936687003 1.18018928309721 24.0 
304.0 275.0 4.321781936687003 1.18018928309721 24.0 
304.0 276.0 4.321781936687003 1.18018928309721 24.0 
305.0 274.0 4.321781936687003 1.18018928309721 24.0 
305.0 275.0 4.321781936687003 1.18018928309721 24.0 
303.0 287.0 1.670464979286058 4.812057632875851 24.0 
303.0 288.0 1.670464979286058 4.812057632875851 24.0 
303.0 289.0 1.670464979286058 4.812057632875851 24.0 
303.0 290.0 1.670464979286058 4.812057632875851 24.0 
303.0 291.0 1.670464979286058 4.812057632875851 24.0 
303.0 292.0 1.670464979286058 4.812057632875851 24.0 
303.0 293.0 1.670464979286058 4.812057632875851 24.0 
303.0 294.0 1.670464979286058 4.812057632875851 24.0 
303.0 295.0 1.670464979286058 4.812057632875851 24.0 
303.0 296.0 1.670464979286058 4.812057632875851 24.0 
304.0 277.0 1.670464979286058 4.812057632875851 24.0 
304.0 278.0 1.670464979286058 4.812057632875851 24.0 
304.0 279.0 1.670464979286058 4.812057632875851 24.0 
304.0 280.0 1.670464979286058 4.812057632875851 24.0 
304.0 281.0 1.670464979286058 4.812057632875851 24.0 
304.0 282.0 1.670464979286058 4.812057632875851 24.0 
304.0 283.0 1.670464979286058 4.812057632875851 24.0 
304.0 284.0 1.670464979286058 4.812057632875851 24.0 
304.0 285.0 1.670464979286058 4.812057632875851 24.0 
304.0 286.0 1.670464979286058 4.812057632875851 24.0 
304.0 287.0 1.670464979286058 4.812057632875851 24.0 
304.0 288.0 1.670464979286058 4.812057632875851 24.0 
304.0 289.0 1.670464979286058 4.812057632875851 24.0 
304.0 290.0 1.670464979286058 4.812057632875851 24.0 
304.0 291.0 1.670464979286058 4.812057632875851 24.0 
304.0 292.0 1.670464979286058 4.812057632875851 24.0 
304.0 293.0 1.670464979286058 4.812057632875851 24.0 
304.0 294.0 1.670464979286058 4.812057632875851 24.0 
304.0 295.0 1.670464979286058 4.812057632875851 24.0 
304.0 296.0 1.670464979286058 4.812057632875851 24.0 
304.0 297.0 1.670464979286058 4.812057632875851 24.0 
305.0 277.0 1.670464979286058 4.812057632875851 24.0 
305.0 278.0 1.670464979286058 4.812057632875851 24.0 
305.0 279.0 1.670464979286058 4.812057632875851 24.0 
305.0 280.0 1.670464979286058 4.812057632875851 24.0 
305.0 281.0 1.670464979286058 4.812057632875851 24.0 
305.0 282.0 1.670464979286058 4.812057632875851 24.0 
305.0 283.0 1.670464979286058 4.812057632875851 24.0 
305.0 284.0 1.670464979286058 4.812057632875851 24.0 
305.0 285.0 1.670464979286058 4.812057632875851 24.0 
305.0 286.0 1.670464979286058 4.812057632875851 24.0 
305.0 287.0 1.670464979286058 4.812057632875851 24.0 
270.0 331.0 2.311448258737729 5.453040912327522 24.0 
271.0 330.0 2.311448258737729 5.453040912327522 24.0 
271.0 331.0 2.311448258737729 5.453040912327522 24.0 
271.0 332.0 2.311448258737729 5.453040912327522 24.0 
272.0 329.0 2.311448258737729 5.453040912327522 24.0 
272.0 330.0 2.311448258737729 5.453040912327522 24.0 
272.0 331.0 2.311448258737729 5.453040912327522 24.0 
273.0 328.0 2.311448258737729 5.453040912327522 24.0 
273.0 329.0 2.311448258737729 5.453040912327522 24.0 
273.0 330.0 2.311448258737729 5.453040912327522 24.0 
274.0 327.0 2.311448258737729 5.453040912327522 24.0 
274.0 328.0 2.311448258737729 5.453040912327522 24.0 
274.0 329.0 2.311448258737729 5.453040912327522 24.0 
275.0 326.0 2.311448258737729 5.453040912327522 24.0 
275.0 327.0 2.311448258737729 5.453040912327522 24.0 
275.0 328.0 2.311448258737729 5.453040912327522 24.0 
276.0 324.0 2.311448258737729 5.453040912327522 24.0 
276.0 325.0 2.311448258737729 5.453040912327522 24.0 
276.0 326.0 2.311448258737729 5.453040912327522 24.0 
277.0 323.0 2.311448258737729 5.453040912327522 24.0 
277.0 324.0 2.311448258737729 5.453040912327522 24.0 
277.0 325.0 2.311448258737729 5.453040912327522 24.0 
278.0 322.0 2.311448258737729 5.453040912327522 24.0 
278.0 323.0 2.311448258737729 5.453040912327522 24.0 
278.0 324.0 2.311448258737729 5.453040912327522 24.0 
279.0 321.0 2.311448258737729 5.453040912327522 24.0 
279.0 322.0 2.311448258737729 5.453040912327522 24.0 
279.0 323.0 2.311448258737729 5.453040912327522 24.0 
280.0 320.0 2.311448258737729 5.453040912327522 24.0 
280.0 321.0 2.311448258737729 5.453040912327522 24.0 
280.0 322.0 2.311448258737729 5.453040912327522 24.0 
281.0 319.0 2.311448258737729 5.453040912327522 24.0 
281.0 320.0 2.311448258737729 5.453040912327522 24.0 
281.0 321.0 2.311448258737729 5.453040912327522 24.0 
282.0 318.0 2.311448258737729 5.453040912327522 24.0 
282.0 319.0 2.311448258737729 5.453040912327522 24.0 
282.0 320.0 2.311448258737729 5.453040912327522 24.0 
283.0 317.0 2.311448258737729 5.453040912327522 24.0 
283.0 318.0 2.311448258737729 5.453040912327522 24.0 
283.0 319.0 2.311448258737729 5.453040912327522 24.0 
284.0 316.0 2.311448258737729 5.453040912327522 24.0 
284.0 317.0 2.311448258737729 5.453040912327522 24.0 
284.0 318.0 2.311448258737729 5.453040912327522 24.0 
285.0 315.0 2.311448258737729 5.453040912327522 24.0 
285.0 316.0 2.311448258737729 5.453040912327522 24.0 
285.0 317.0 2.311448258737729 5.453040912327522 24.0 
286.0 314.0 2.311448258737729 5.453040912327522 24.0 
286.0 315.0 2.311448258737729 5.453040912327522 24.0 
287.0 312.0 2.311448258737729 5.453040912327522 24.0 
287.0 313.0 2.311448258737729 5.453040912327522 24.0 
287.0 314.0 2.311448258737729 5.453040912327522 24.0 
288.0 311.0 2.311448258737729 5.453040912327522 24.0 
288.0 312.0 2.311448258737729 5.453040912327522 24.0 
288.0 313.0 2.311448258737729 5.453040912327522 24.0 
289.0 310.0 2.311448258737729 5.453040912327522 24.0 
289.0 311.0 2.311448258737729 5.453040912327522 24.0 
289.0 312.0 2.311448258737729 5.453040912327522 24.0 
290.0 309.0 2.311448258737729 5.453040912327522 24.0 
290.0 310.0 2.311448258737729 5.453040912327522 24.0 
290.0 311.0 2.311448258737729 5.453040912327522 24.0 
291.0 308.0 2.311448258737729 5.453040912327522 24.0 
291.0 309.0 2.311448258737729 5.453040912327522 24.0 
291.0 310.0 2.311448258737729 5.453040912327522 24.0 
292.0 307.0 2.311448258737729 5.453040912327522 24.0 
292.0 308.0 2.311448258737729 5.453040912327522 24.0 
292.0 309.0 2.311448258737729 5.453040912327522 24.0 
293.0 306.0 2.311448258737729 5.453040912327522 24.0 
293.0 307.0 2.311448258737729 5.453040912327522 24.0 
293.0 308.0 2.311448258737729 5.453040912327522 24.0 
294.0 305.0 2.311448258737729 5.453040912327522 24.0 
294.0 306.0 2.311448258737729 5.453040912327522 24.0 
294.0 307.0 2.311448258737729 5.453040912327522 24.0 
295.0 304.0 2.311448258737729 5.453040912327522 24.0 
295.0 305.0 2.311448258737729 5.453040912327522 24.0 
295.0 306.0 2.311448258737729 5.453040912327522 24.0 
296.0 303.0 2.311448258737729 5.453040912327522 24.0 
296.0 304.0 2.311448258737729 5.453040912327522 24.0 
296.0 305.0 2.311448258737729 5.453040912327522 24.0 
297.0 301.0 2.311448258737729 5.453040912327522 24.0 
297.0 302.0 2.311448258737729 5.453040912327522 24.0 
297.0 303.0 2.311448258737729 5.453040912327522 24.0 
298.0 300.0 2.311448258737729 5.453040912327522 24.0 
298.0 301.0 2.311448258737729 5.453040912327522 24.0 
298.0 302.0 2.311448258737729 5.453040912327522 24.0 
299.0 299.0 2.311448258737729 5.453040912327522 24.0 
299.0 300.0 2.311448258737729 5.453040912327522 24.0 
299.0 301.0 2.311448258737729 5.453040912327522 24.0 
300.0 298.0 2.311448258737729 5.453040912327522 24.0 
300.0 299.0 2.311448258737729 5.453040912327522 24.0 
300.0 300.0 2.311448258737729 5.453040912327522 24.0 
301.0 297.0 2.311448258737729 5.453040912327522 24.0 
301.0 298.0 2.311448258737729 5.453040912327522 24.0 
301.0 299.0 2.311448258737729 5.453040912327522 24.0 
302.0 297.0 2.311448258737729 5.453040912327522 24.0 
302.0 298.0 2.311448258737729 5.453040912327522 24.0 
252.0 343.0 2.5535900500422257 5.695182703632018 24.0 
253.0 343.0 2.5535900500422257 5.695182703632018 24.0 
253.0 344.0 2.5535900500422257 5.695182703632018 24.0 
254.0 342.0 2.5535900500422257 5.695182703632018 24.0 
254.0 343.0 2.5535900500422257 5.695182703632018 24.0 
255.0 341.0 2.5535900500422257 5.695182703632018 24.0 
255.0 342.0 2.5535900500422257 5.695182703632018 24.0 
255.0 343.0 2.5535900500422257 5.695182703632018 24.0 
256.0 341.0 2.5535900500422257 5.695182703632018 24.0 
256.0 342.0 2.5535900500422257 5.695182703632018 24.0 
257.0 340.0 2.5535900500422257 5.695182703632018 24.0 
257.0 341.0 2.5535900500422257 5.695182703632018 24.0 
258.0 339.0 2.5535900500422257 5.695182703632018 24.0 
258.0 340.0 2.5535900500422257 5.695182703632018 24.0 
258.0 341.0 2.5535900500422257 5.695182703632018 24.0 
259.0 339.0 2.5535900500422257 5.695182703632018 24.0 
259.0 340.0 2.5535900500422257 5.695182703632018 24.0 
260.0 338.0 2.5535900500422257 5.695182703632018 24.0 
260.0 339.0 2.5535900500422257 5.695182703632018 24.0 
261.0 337.0 2.5535900500422257 5.695182703632018 24.0 
261.0 338.0 2.5535900500422257 5.695182703632018 24.0 
261.0 339.0 2.5535900500422257 5.695182703632018 24.0 
262.0 337.0 2.5535900500422257 5.695182703632018 24.0 
262.0 338.0 2.5535900500422257 5.695182703632018 24.0 
263.0 336.0 2.5535900500422257 5.695182703632018 24.0 
263.0 337.0 2.5535900500422257 5.695182703632018 24.0 
264.0 335.0 2.5535900500422257 5.695182703632018 24.0 
264.0 336.0 2.5535900500422257 5.695182703632018 24.0 
264.0 337.0 2.5535900500422257 5.695182703632018 24.0 
265.0 335.0 2.5535900500422257 5.695182703632018 24.0 
265.0 336.0 2.5535900500422257 5.695182703632018 24.0 
266.0 334.0 2.5535900500422257 5.695182703632018 24.0 
266.0 335.0 2.5535900500422257 5.695182703632018 24.0 
267.0 333.0 2.5535900500422257 5.695182703632018 24.0 
267.0 334.0 2.5535900500422257 5.695182703632018 24.0 
267.0 335.0 2.5535900500422257 5.695182703632018 24.0 
268.0 333.0 2.5535900500422257 5.695182703632018 24.0 
268.0 334.0 2.5535900500422257 5.695182703632018 24.0 
269.0 332.0 2.5535900500422257 5.695182703632018 24.0 
269.0 333.0 2.5535900500422257 5.695182703632018 24.0 
270.0 332.0 2.5535900500422257 5.695182703632018 24.0 
270.0 333.0 2.5535900500422257 5.695182703632018 24.0 
244.0 345.0 2.7828219833192205 5.924414636909014 24.0 
245.0 345.0 2.7828219833192205 5.924414636909014 24.0 
245.0 346.0 2.7828219833192205 5.924414636909014 24.0 
246.0 345.0 2.7828219833192205 5.924414636909014 24.0 
246.0 346.0 2.7828219833192205 5.924414636909014 24.0 
247.0 344.0 2.7828219833192205 5.924414636909014 24.0 
247.0 345.0 2.7828219833192205 5.924414636909014 24.0 
248.0 344.0 2.7828219833192205 5.924414636909014 24.0 
248.0 345.0 2.7828219833192205 5.924414636909014 24.0 
249.0 344.0 2.7828219833192205 5.924414636909014 24.0 
249.0 345.0 2.7828219833192205 5.924414636909014 24.0 
250.0 343.0 2.7828219833192205 5.924414636909014 24.0 
250.0 344.0 2.7828219833192205 5.924414636909014 24.0 
251.0 343.0 2.7828219833192205 5.924414636909014 24.0 
251.0 344.0 2.7828219833192205 5.924414636909014 24.0 
252.0 343.0 2.7828219833192205 5.924414636909014 24.0 
252.0 344.0 2.7828219833192205 5.924414636909014 24.0 
235.0 342.0 3.536383773289554 0.3947911196997611 24.0 
235.0 343.0 3.536383773289554 0.3947911196997611 24.0 
236.0 342.0 3.536383773289554 0.3947911196997611 24.0 
236.0 343.0 3.536383773289554 0.3947911196997611 24.0 
237.0 342.0 3.536383773289554 0.3947911196997611 24.0 
237.0 343.0 3.536383773289554 0.3947911196997611 24.0 
238.0 343.0 3.536383773289554 0.3947911196997611 24.0 
238.0 344.0 3.536383773289554 0.3947911196997611 24.0 
239.0 343.0 3.536383773289554 0.3947911196997611 24.0 
239.0 344.0 3.536383773289554 0.3947911196997611 24.0 
240.0 343.0 3.536383773289554 0.3947911196997611 24.0 
240.0 344.0 3.536383773289554 0.3947911196997611 24.0 
240.0 345.0 3.536383773289554 0.3947911196997611 24.0 
241.0 344.0 3.536383773289554 0.3947911196997611 24.0 
241.0 345.0 3.536383773289554 0.3947911196997611 24.0 
242.0 344.0 3.536383773289554 0.3947911196997611 24.0 
242.0 345.0 3.536383773289554 0.3947911196997611 24.0 
243.0 345.0 3.536383773289554 0.3947911196997611 24.0 
243.0 346.0 3.536383773289554 0.3947911196997611 24.0 
244.0 345.0 3.536383773289554 0.3947911196997611 24.0 
244.0 346.0 3.536383773289554 0.3947911196997611 24.0 
245.0 346.0 3.536383773289554 0.3947911196997611 24.0 
245.0 347.0 3.536383773289554 0.3947911196997611 24.0 
246.0 346.0 3.536383773289554 0.3947911196997611 24.0 
246.0 347.0 3.536383773289554 0.3947911196997611 24.0 
247.0 346.0 3.536383773289554 0.3947911196997611 24.0 
223.0 330.0 3.9704417123787716 0.8288490587889786 24.0 
223.0 331.0 3.9704417123787716 0.8288490587889786 24.0 
224.0 330.0 3.9704417123787716 0.8288490587889786 24.0 
224.0 331.0 3.9704417123787716 0.8288490587889786 24.0 
224.0 332.0 3.9704417123787716 0.8288490587889786 24.0 
225.0 331.0 3.9704417123787716 0.8288490587889786 24.0 
225.0 332.0 3.9704417123787716 0.8288490587889786 24.0 
225.0 333.0 3.9704417123787716 0.8288490587889786 24.0 
226.0 332.0 3.9704417123787716 0.8288490587889786 24.0 
226.0 333.0 3.9704417123787716 0.8288490587889786 24.0 
226.0 334.0 3.9704417123787716 0.8288490587889786 24.0 
227.0 333.0 3.9704417123787716 0.8288490587889786 24.0 
227.0 334.0 3.9704417123787716 0.8288490587889786 24.0 
227.0 335.0 3.9704417123787716 0.8288490587889786 24.0 
228.0 334.0 3.9704417123787716 0.8288490587889786 24.0 
228.0 335.0 3.9704417123787716 0.8288490587889786 24.0 
228.0 336.0 3.9704417123787716 0.8288490587889786 24.0 
229.0 336.0 3.9704417123787716 0.8288490587889786 24.0 
229.0 337.0 3.9704417123787716 0.8288490587889786 24.0 
229.0 338.0 3.9704417123787716 0.8288490587889786 24.0 
230.0 337.0 3.9704417123787716 0.8288490587889786 24.0 
230.0 338.0 3.9704417123787716 0.8288490587889786 24.0 
230.0 339.0 3.9704417123787716 0.8288490587889786 24.0 
231.0 338.0 3.9704417123787716 0.8288490587889786 24.0 
231.0 339.0 3.9704417123787716 0.8288490587889786 24.0 
231.0 340.0 3.9704417123787716 0.8288490587889786 24.0 
232.0 339.0 3.9704417123787716 0.8288490587889786 24.0 
232.0 340.0 3.9704417123787716 0.8288490587889786 24.0 
232.0 341.0 3.9704417123787716 0.8288490587889786 24.0 
233.0 340.0 3.9704417123787716 0.8288490587889786 24.0 
233.0 341.0 3.9704417123787716 0.8288490587889786 24.0 
233.0 342.0 3.9704417123787716 0.8288490587889786 24.0 
234.0 341.0 3.9704417123787716 0.8288490587889786 24.0 
239.0 343.0 3.141592653589793 0.0 24.0 
239.0 344.0 3.141592653589793 0.0 24.0 
240.0 343.0 3.141592653589793 0.0 24.0 
240.0 344.0 3.141592653589793 0.0 24.0 
241.0 343.0 3.141592653589793 0.0 24.0 
241.0 344.0 3.141592653589793 0.0 24.0 
242.0 343.0 3.141592653589793 0.0 24.0 
242.0 344.0 3.141592653589793 0.0 24.0 
243.0 343.0 3.141592653589793 0.0 24.0 
243.0 344.0 3.141592653589793 0.0 24.0 
244.0 343.0 3.141592653589793 0.0 24.0 
244.0 344.0 3.141592653589793 0.0 24.0 
245.0 343.0 3.141592653589793 0.0 24.0 
245.0 344.0 3.141592653589793 0.0 24.0 
246.0 343.0 3.141592653589793 0.0 24.0 
246.0 344.0 3.141592653589793 0.0 24.0 
247.0 343.0 3.141592653589793 0.0 24.0 
247.0 344.0 3.141592653589793 0.0 24.0 
248.0 343.0 3.141592653589793 0.0 24.0 
248.0 344.0 3.141592653589793 0.0 24.0 
249.0 343.0 3.141592653589793 0.0 24.0 
249.0 344.0 3.141592653589793 0.0 24.0 
250.0 343.0 3.141592653589793 0.0 24.0 
250.0 344.0 3.141592653589793 0.0 24.0 
251.0 343.0 3.141592653589793 0.0 24.0 
251.0 344.0 3.141592653589793 0.0 24.0 
252.0 343.0 3.141592653589793 0.0 24.0 
252.0 344.0 3.141592653589793 0.0 24.0 
253.0 343.0 3.141592653589793 0.0 24.0 
253.0 344.0 3.141592653589793 0.0 24.0 
214.0 315.0 4.180664913125885 1.0390722595360922 24.0 
214.0 316.0 4.180664913125885 1.0390722595360922 24.0 
215.0 315.0 4.180664913125885 1.0390722595360922 24.0 
215.0 316.0 4.180664913125885 1.0390722595360922 24.0 
215.0 317.0 4.180664913125885 1.0390722595360922 24.0 
215.0 318.0 4.180664913125885 1.0390722595360922 24.0 
216.0 317.0 4.180664913125885 1.0390722595360922 24.0 
216.0 318.0 4.180664913125885 1.0390722595360922 24.0 
216.0 319.0 4.180664913125885 1.0390722595360922 24.0 
216.0 320.0 4.180664913125885 1.0390722595360922 24.0 
217.0 319.0 4.180664913125885 1.0390722595360922 24.0 
217.0 320.0 4.180664913125885 1.0390722595360922 24.0 
217.0 321.0 4.180664913125885 1.0390722595360922 24.0 
217.0 322.0 4.180664913125885 1.0390722595360922 24.0 
218.0 320.0 4.180664913125885 1.0390722595360922 24.0 
218.0 321.0 4.180664913125885 1.0390722595360922 24.0 
218.0 322.0 4.180664913125885 1.0390722595360922 24.0 
218.0 323.0 4.180664913125885 1.0390722595360922 24.0 
219.0 322.0 4.180664913125885 1.0390722595360922 24.0 
219.0 323.0 4.180664913125885 1.0390722595360922 24.0 
219.0 324.0 4.180664913125885 1.0390722595360922 24.0 
219.0 325.0 4.180664913125885 1.0390722595360922 24.0 
220.0 324.0 4.180664913125885 1.0390722595360922 24.0 
220.0 325.0 4.180664913125885 1.0390722595360922 24.0 
220.0 326.0 4.180664913125885 1.0390722595360922 24.0 
220.0 327.0 4.180664913125885 1.0390722595360922 24.0 
221.0 325.0 4.180664913125885 1.0390722595360922 24.0 
221.0 326.0 4.180664913125885 1.0390722595360922 24.0 
221.0 327.0 4.180664913125885 1.0390722595360922 24.0 
221.0 328.0 4.180664913125885 1.0390722595360922 24.0 
222.0 327.0 4.180664913125885 1.0390722595360922 24.0 
222.0 328.0 4.180664913125885 1.0390722595360922 24.0 
222.0 329.0 4.180664913125885 1.0390722595360922 24.0 
222.0 330.0 4.180664913125885 1.0390722595360922 24.0 
223.0 329.0 4.180664913125885 1.0390722595360922 24.0 
223.0 330.0 4.180664913125885 1.0390722595360922 24.0 
223.0 331.0 4.180664913125885 1.0390722595360922 24.0 
223.0 332.0 4.180664913125885 1.0390722595360922 24.0 
224.0 331.0 4.180664913125885 1.0390722595360922 24.0 
205.0 299.0 4.2254897485734215 1.0838970949836286 24.0 
205.0 300.0 4.2254897485734215 1.0838970949836286 24.0 
205.0 301.0 4.2254897485734215 1.0838970949836286 24.0 
206.0 299.0 4.2254897485734215 1.0838970949836286 24.0 
206.0 300.0 4.2254897485734215 1.0838970949836286 24.0 
206.0 301.0 4.2254897485734215 1.0838970949836286 24.0 
206.0 302.0 4.2254897485734215 1.0838970949836286 24.0 
206.0 303.0 4.2254897485734215 1.0838970949836286 24.0 
207.0 301.0 4.2254897485734215 1.0838970949836286 24.0 
207.0 302.0 4.2254897485734215 1.0838970949836286 24.0 
207.0 303.0 4.2254897485734215 1.0838970949836286 24.0 
207.0 304.0 4.2254897485734215 1.0838970949836286 24.0 
208.0 303.0 4.2254897485734215 1.0838970949836286 24.0 
208.0 304.0 4.2254897485734215 1.0838970949836286 24.0 
208.0 305.0 4.2254897485734215 1.0838970949836286 24.0 
208.0 306.0 4.2254897485734215 1.0838970949836286 24.0 
209.0 305.0 4.2254897485734215 1.0838970949836286 24.0 
209.0 306.0 4.2254897485734215 1.0838970949836286 24.0 
209.0 307.0 4.2254897485734215 1.0838970949836286 24.0 
209.0 308.0 4.2254897485734215 1.0838970949836286 24.0 
210.0 307.0 4.2254897485734215 1.0838970949836286 24.0 
210.0 308.0 4.2254897485734215 1.0838970949836286 24.0 
210.0 309.0 4.2254897485734215 1.0838970949836286 24.0 
210.0 310.0 4.2254897485734215 1.0838970949836286 24.0 
211.0 309.0 4.2254897485734215 1.0838970949836286 24.0 
211.0 310.0 4.2254897485734215 1.0838970949836286 24.0 
211.0 311.0 4.2254897485734215 1.0838970949836286 24.0 
211.0 312.0 4.2254897485734215 1.0838970949836286 24.0 
212.0 311.0 4.2254897485734215 1.0838970949836286 24.0 
212.0 312.0 4.2254897485734215 1.0838970949836286 24.0 
212.0 313.0 4.2254897485734215 1.0838970949836286 24.0 
212.0 314.0 4.2254897485734215 1.0838970949836286 24.0 
213.0 312.0 4.2254897485734215 1.0838970949836286 24.0 
213.0 313.0 4.2254897485734215 1.0838970949836286 24.0 
213.0 314.0 4.2254897485734215 1.0838970949836286 24.0 
213.0 315.0 4.2254897485734215 1.0838970949836286 24.0 
213.0 316.0 4.2254897485734215 1.0838970949836286 24.0 
214.0 314.0 4.2254897485734215 1.0838970949836286 24.0 
214.0 315.0 4.2254897485734215 1.0838970949836286 24.0 
202.0 290.0 4.420932185906823 1.2793395323170298 24.0 
202.0 291.0 4.420932185906823 1.2793395323170298 24.0 
202.0 292.0 4.420932185906823 1.2793395323170298 24.0 
202.0 293.0 4.420932185906823 1.2793395323170298 24.0 
203.0 290.0 4.420932185906823 1.2793395323170298 24.0 
203.0 291.0 4.420932185906823 1.2793395323170298 24.0 
203.0 292.0 4.420932185906823 1.2793395323170298 24.0 
203.0 293.0 4.420932185906823 1.2793395323170298 24.0 
203.0 294.0 4.420932185906823 1.2793395323170298 24.0 
203.0 295.0 4.420932185906823 1.2793395323170298 24.0 
203.0 296.0 4.420932185906823 1.2793395323170298 24.0 
204.0 294.0 4.420932185906823 1.2793395323170298 24.0 
204.0 295.0 4.420932185906823 1.2793395323170298 24.0 
204.0 296.0 4.420932185906823 1.2793395323170298 24.0 
204.0 297.0 4.420932185906823 1.2793395323170298 24.0 
204.0 298.0 4.420932185906823 1.2793395323170298 24.0 
204.0 299.0 4.420932185906823 1.2793395323170298 24.0 
204.0 300.0 4.420932185906823 1.2793395323170298 24.0 
205.0 297.0 4.420932185906823 1.2793395323170298 24.0 
205.0 298.0 4.420932185906823 1.2793395323170298 24.0 
205.0 299.0 4.420932185906823 1.2793395323170298 24.0 
202.0 281.0 1.6539375586833382 4.795530212273131 24.0 
202.0 282.0 1.6539375586833382 4.795530212273131 24.0 
202.0 283.0 1.6539375586833382 4.795530212273131 24.0 
202.0 284.0 1.6539375586833382 4.795530212273131 24.0 
202.0 285.0 1.6539375586833382 4.795530212273131 24.0 
202.0 286.0 1.6539375586833382 4.795530212273131 24.0 
202.0 287.0 1.6539375586833382 4.795530212273131 24.0 
202.0 288.0 1.6539375586833382 4.795530212273131 24.0 
202.0 289.0 1.6539375586833382 4.795530212273131 24.0 
202.0 290.0 1.6539375586833382 4.795530212273131 24.0 
202.0 291.0 1.6539375586833382 4.795530212273131 24.0 
202.0 292.0 1.6539375586833382 4.795530212273131 24.0 
203.0 281.0 1.6539375586833382 4.795530212273131 24.0 
203.0 282.0 1.6539375586833382 4.795530212273131 24.0 
203.0 283.0 1.6539375586833382 4.795530212273131 24.0 
203.0 284.0 1.6539375586833382 4.795530212273131 24.0 
203.0 285.0 1.6539375586833382 4.795530212273131 24.0 
203.0 286.0 1.6539375586833382 4.795530212273131 24.0 
203.0 287.0 1.6539375586833382 4.795530212273131 24.0 
203.0 288.0 1.6539375586833382 4.795530212273131 24.0 
203.0 289.0 1.6539375586833382 4.795530212273131 24.0 
203.0 290.0 1.6539375586833382 4.795530212273131 24.0 
203.0 291.0 1.6539375586833382 4.795530212273131 24.0 
203.0 292.0 1.6539375586833382 4.795530212273131 24.0 
203.0 293.0 1.6539375586833382 4.795530212273131 24.0 
203.0 279.0 2.104504518434158 5.246097172023951 24.0 
204.0 277.0 2.104504518434158 5.246097172023951 24.0 
204.0 278.0 2.104504518434158 5.246097172023951 24.0 
204.0 279.0 2.104504518434158 5.246097172023951 24.0 
204.0 280.0 2.104504518434158 5.246097172023951 24.0 
205.0 275.0 2.104504518434158 5.246097172023951 24.0 
205.0 276.0 2.104504518434158 5.246097172023951 24.0 
205.0 277.0 2.104504518434158 5.246097172023951 24.0 
205.0 278.0 2.104504518434158 5.246097172023951 24.0 
206.0 273.0 2.104504518434158 5.246097172023951 24.0 
206.0 274.0 2.104504518434158 5.246097172023951 24.0 
206.0 275.0 2.104504518434158 5.246097172023951 24.0 
206.0 276.0 2.104504518434158 5.246097172023951 24.0 
207.0 272.0 2.104504518434158 5.246097172023951 24.0 
207.0 273.0 2.104504518434158 5.246097172023951 24.0 
207.0 274.0 2.104504518434158 5.246097172023951 24.0 
207.0 275.0 2.104504518434158 5.246097172023951 24.0 
208.0 270.0 2.104504518434158 5.246097172023951 24.0 
208.0 271.0 2.104504518434158 5.246097172023951 24.0 
208.0 272.0 2.104504518434158 5.246097172023951 24.0 
208.0 273.0 2.104504518434158 5.246097172023951 24.0 
209.0 268.0 2.104504518434158 5.246097172023951 24.0 
209.0 269.0 2.104504518434158 5.246097172023951 24.0 
209.0 270.0 2.104504518434158 5.246097172023951 24.0 
209.0 271.0 2.104504518434158 5.246097172023951 24.0 
210.0 267.0 2.104504518434158 5.246097172023951 24.0 
210.0 268.0 2.104504518434158 5.246097172023951 24.0 
210.0 269.0 2.104504518434158 5.246097172023951 24.0 
210.0 270.0 2.104504518434158 5.246097172023951 24.0 
211.0 265.0 2.104504518434158 5.246097172023951 24.0 
211.0 266.0 2.104504518434158 5.246097172023951 24.0 
211.0 267.0 2.104504518434158 5.246097172023951 24.0 
211.0 268.0 2.104504518434158 5.246097172023951 24.0 
212.0 263.0 2.104504518434158 5.246097172023951 24.0 
212.0 264.0 2.104504518434158 5.246097172023951 24.0 
212.0 265.0 2.104504518434158 5.246097172023951 24.0 
212.0 266.0 2.104504518434158 5.246097172023951 24.0 
213.0 262.0 2.104504518434158 5.246097172023951 24.0 
213.0 263.0 2.104504518434158 5.246097172023951 24.0 
213.0 264.0 2.104504518434158 5.246097172023951 24.0 
213.0 265.0 2.104504518434158 5.246097172023951 24.0 
214.0 260.0 2.104504518434158 5.246097172023951 24.0 
214.0 261.0 2.104504518434158 5.246097172023951 24.0 
214.0 262.0 2.104504518434158 5.246097172023951 24.0 
214.0 263.0 2.104504518434158 5.246097172023951 24.0 
215.0 258.0 2.104504518434158 5.246097172023951 24.0 
215.0 259.0 2.104504518434158 5.246097172023951 24.0 
215.0 260.0 2.104504518434158 5.246097172023951 24.0 
215.0 261.0 2.104504518434158 5.246097172023951 24.0 
216.0 258.0 2.104504518434158 5.246097172023951 24.0 
216.0 259.0 2.104504518434158 5.246097172023951 24.0 
216.0 258.0 2.2794225989225665 5.42101525251236 24.0 
217.0 257.0 2.2794225989225665 5.42101525251236 24.0 
217.0 258.0 2.2794225989225665 5.42101525251236 24.0 
217.0 259.0 2.2794225989225665 5.42101525251236 24.0 
218.0 256.0 2.2794225989225665 5.42101525251236 24.0 
218.0 257.0 2.2794225989225665 5.42101525251236 24.0 
218.0 258.0 2.2794225989225665 5.42101525251236 24.0 
219.0 254.0 2.2794225989225665 5.42101525251236 24.0 
219.0 255.0 2.2794225989225665 5.42101525251236 24.0 
219.0 256.0 2.2794225989225665 5.42101525251236 24.0 
219.0 257.0 2.2794225989225665 5.42101525251236 24.0 
220.0 253.0 2.2794225989225665 5.42101525251236 24.0 
220.0 254.0 2.2794225989225665 5.42101525251236 24.0 
220.0 255.0 2.2794225989225665 5.42101525251236 24.0 
221.0 252.0 2.2794225989225665 5.42101525251236 24.0 
221.0 253.0 2.2794225989225665 5.42101525251236 24.0 
221.0 254.0 2.2794225989225665 5.42101525251236 24.0 
222.0 251.0 2.2794225989225665 5.42101525251236 24.0 
222.0 252.0 2.2794225989225665 5.42101525251236 24.0 
222.0 253.0 2.2794225989225665 5.42101525251236 24.0 
223.0 250.0 2.2794225989225665 5.42101525251236 24.0 
223.0 251.0 2.2794225989225665 5.42101525251236 24.0 
223.0 252.0 2.2794225989225665 5.42101525251236 24.0 
224.0 249.0 2.2794225989225665 5.42101525251236 24.0 
224.0 250.0 2.2794225989225665 5.42101525251236 24.0 
224.0 251.0 2.2794225989225665 5.42101525251236 24.0 
225.0 247.0 2.2794225989225665 5.42101525251236 24.0 
225.0 248.0 2.2794225989225665 5.42101525251236 24.0 
225.0 249.0 2.2794225989225665 5.42101525251236 24.0 
225.0 250.0 2.2794225989225665 5.42101525251236 24.0 
226.0 246.0 2.2794225989225665 5.42101525251236 24.0 
226.0 247.0 2.2794225989225665 5.42101525251236 24.0 
226.0 248.0 2.2794225989225665 5.42101525251236 24.0 
227.0 245.0 2.2794225989225665 5.42101525251236 24.0 
227.0 246.0 2.2794225989225665 5.42101525251236 24.0 
227.0 247.0 2.2794225989225665 5.42101525251236 24.0 
228.0 244.0 2.2794225989225665 5.42101525251236 24.0 
228.0 245.0 2.2794225989225665 5.42101525251236 24.0 
228.0 246.0 2.2794225989225665 5.42101525251236 24.0 
229.0 243.0 2.2794225989225665 5.42101525251236 24.0 
229.0 244.0 2.2794225989225665 5.42101525251236 24.0 
229.0 245.0 2.2794225989225665 5.42101525251236 24.0 
230.0 242.0 2.2794225989225665 5.42101525251236 24.0 
230.0 243.0 2.2794225989225665 5.42101525251236 24.0 
230.0 244.0 2.2794225989225665 5.42101525251236 24.0 
231.0 240.0 2.2794225989225665 5.42101525251236 24.0 
231.0 241.0 2.2794225989225665 5.42101525251236 24.0 
231.0 242.0 2.2794225989225665 5.42101525251236 24.0 
231.0 243.0 2.2794225989225665 5.42101525251236 24.0 
232.0 239.0 2.2794225989225665 5.42101525251236 24.0 
232.0 240.0 2.2794225989225665 5.42101525251236 24.0 
232.0 241.0 2.2794225989225665 5.42101525251236 24.0 
233.0 238.0 2.2794225989225665 5.42101525251236 24.0 
233.0 239.0 2.2794225989225665 5.42101525251236 24.0 
233.0 240.0 2.2794225989225665 5.42101525251236 24.0 
234.0 238.0 2.2794225989225665 5.42101525251236 24.0 
234.0 239.0 2.2794225989225665 5.42101525251236 24.0 
233.0 237.0 2.466851711366241 5.608444364956034 24.0 
234.0 236.0 2.466851711366241 5.608444364956034 24.0 
234.0 237.0 2.466851711366241 5.608444364956034 24.0 
234.0 238.0 2.466851711366241 5.608444364956034 24.0 
235.0 236.0 2.466851711366241 5.608444364956034 24.0 
235.0 237.0 2.466851711366241 5.608444364956034 24.0 
236.0 235.0 2.466851711366241 5.608444364956034 24.0 
236.0 236.0 2.466851711366241 5.608444364956034 24.0 
237.0 234.0 2.466851711366241 5.608444364956034 24.0 
237.0 235.0 2.466851711366241 5.608444364956034 24.0 
237.0 236.0 2.466851711366241 5.608444364956034 24.0 
238.0 233.0 2.466851711366241 5.608444364956034 24.0 
238.0 234.0 2.466851711366241 5.608444364956034 24.0 
238.0 235.0 2.466851711366241 5.608444364956034 24.0 
239.0 232.0 2.466851711366241 5.608444364956034 24.0 
239.0 233.0 2.466851711366241 5.608444364956034 24.0 
239.0 234.0 2.466851711366241 5.608444364956034 24.0 
240.0 232.0 2.466851711366241 5.608444364956034 24.0 
240.0 233.0 2.466851711366241 5.608444364956034 24.0 
241.0 231.0 2.466851711366241 5.608444364956034 24.0 
241.0 232.0 2.466851711366241 5.608444364956034 24.0 
242.0 230.0 2.466851711366241 5.608444364956034 24.0 
242.0 231.0 2.466851711366241 5.608444364956034 24.0 
242.0 232.0 2.466851711366241 5.608444364956034 24.0 
243.0 229.0 2.466851711366241 5.608444364956034 24.0 
243.0 230.0 2.466851711366241 5.608444364956034 24.0 
243.0 231.0 2.466851711366241 5.608444364956034 24.0 
244.0 228.0 2.466851711366241 5.608444364956034 24.0 
244.0 229.0 2.466851711366241 5.608444364956034 24.0 
244.0 230.0 2.466851711366241 5.608444364956034 24.0 
245.0 228.0 2.466851711366241 5.608444364956034 24.0 
245.0 229.0 2.466851711366241 5.608444364956034 24.0 
246.0 227.0 2.466851711366241 5.608444364956034 24.0 
246.0 228.0 2.466851711366241 5.608444364956034 24.0 
247.0 226.0 2.466851711366241 5.608444364956034 24.0 
247.0 227.0 2.466851711366241 5.608444364956034 24.0 
247.0 228.0 2.466851711366241 5.608444364956034 24.0 
248.0 226.0 2.466851711366241 5.608444364956034 24.0 
248.0 227.0 2.466851711366241 5.608444364956034 24.0 
247.0 227.0 2.875340604438868 6.01693325802866 24.0 
248.0 227.0 2.875340604438868 6.01693325802866 24.0 
248.0 228.0 2.875340604438868 6.01693325802866 24.0 
249.0 227.0 2.875340604438868 6.01693325802866 24.0 
249.0 228.0 2.875340604438868 6.01693325802866 24.0 
250.0 227.0 2.875340604438868 6.01693325802866 24.0 
250.0 228.0 2.875340604438868 6.01693325802866 24.0 
251.0 226.0 2.875340604438868 6.01693325802866 24.0 
251.0 227.0 2.875340604438868 6.01693325802866 24.0 
252.0 226.0 2.875340604438868 6.01693325802866 24.0 
252.0 227.0 2.875340604438868 6.01693325802866 24.0 
253.0 226.0 2.875340604438868 6.01693325802866 24.0 
253.0 227.0 2.875340604438868 6.01693325802866 24.0 
254.0 226.0 2.875340604438868 6.01693325802866 24.0 
254.0 227.0 2.875340604438868 6.01693325802866 24.0 
255.0 225.0 2.875340604438868 6.01693325802866 24.0 
255.0 226.0 2.875340604438868 6.01693325802866 24.0 
256.0 225.0 2.875340604438868 6.01693325802866 24.0 
256.0 226.0 2.875340604438868 6.01693325802866 24.0 
257.0 225.0 2.875340604438868 6.01693325802866 24.0 
257.0 226.0 2.875340604438868 6.01693325802866 24.0 
258.0 225.0 2.875340604438868 6.01693325802866 24.0 
258.0 226.0 2.875340604438868 6.01693325802866 24.0 
260.0 225.0 3.5003633238603644 0.35877067027057125 24.0 
260.0 226.0 3.5003633238603644 0.35877067027057125 24.0 
261.0 225.0 3.5003633238603644 0.35877067027057125 24.0 
261.0 226.0 3.5003633238603644 0.35877067027057125 24.0 
262.0 225.0 3.5003633238603644 0.35877067027057125 24.0 
262.0 226.0 3.5003633238603644 0.35877067027057125 24.0 
263.0 226.0 3.5003633238603644 0.35877067027057125 24.0 
263.0 227.0 3.5003633238603644 0.35877067027057125 24.0 
264.0 226.0 3.5003633238603644 0.35877067027057125 24.0 
264.0 227.0 3.5003633238603644 0.35877067027057125 24.0 
265.0 226.0 3.5003633238603644 0.35877067027057125 24.0 
265.0 227.0 3.5003633238603644 0.35877067027057125 24.0 
266.0 227.0 3.5003633238603644 0.35877067027057125 24.0 
266.0 228.0 3.5003633238603644 0.35877067027057125 24.0 
267.0 227.0 3.5003633238603644 0.35877067027057125 24.0 
267.0 228.0 3.5003633238603644 0.35877067027057125 24.0 
268.0 227.0 3.5003633238603644 0.35877067027057125 24.0 
268.0 228.0 3.5003633238603644 0.35877067027057125 24.0 
268.0 229.0 3.5003633238603644 0.35877067027057125 24.0 
269.0 228.0 3.5003633238603644 0.35877067027057125 24.0 
269.0 229.0 3.5003633238603644 0.35877067027057125 24.0 
270.0 228.0 3.5003633238603644 0.35877067027057125 24.0 
270.0 229.0 3.5003633238603644 0.35877067027057125 24.0 
271.0 229.0 3.5003633238603644 0.35877067027057125 24.0 
271.0 230.0 3.5003633238603644 0.35877067027057125 24.0 
272.0 229.0 3.5003633238603644 0.35877067027057125 24.0 
272.0 230.0 3.5003633238603644 0.35877067027057125 24.0 
273.0 229.0 3.5003633238603644 0.35877067027057125 24.0 
273.0 230.0 3.5003633238603644 0.35877067027057125 24.0 
274.0 230.0 3.5003633238603644 0.35877067027057125 24.0 
274.0 231.0 3.5003633238603644 0.35877067027057125 24.0 
275.0 230.0 3.5003633238603644 0.35877067027057125 24.0 
275.0 231.0 3.5003633238603644 0.35877067027057125 24.0 
276.0 230.0 3.5003633238603644 0.35877067027057125 24.0 
