220.0 314.0 2.9955803958785174 6.137173049468312 64.0 
220.0 315.0 2.9955803958785174 6.137173049468312 64.0 
220.0 316.0 2.9955803958785174 6.137173049468312 64.0 
221.0 314.0 2.9955803958785174 6.137173049468312 64.0 
221.0 315.0 2.9955803958785174 6.137173049468312 64.0 
221.0 316.0 2.9955803958785174 6.137173049468312 64.0 
221.0 317.0 2.9955803958785174 6.137173049468312 64.0 
221.0 318.0 2.9955803958785174 6.137173049468312 64.0 
221.0 319.0 2.9955803958785174 6.137173049468312 64.0 
222.0 314.0 2.9955803958785174 6.137173049468312 64.0 
222.0 315.0 2.9955803958785174 6.137173049468312 64.0 
222.0 316.0 2.9955803958785174 6.137173049468312 64.0 
222.0 317.0 2.9955803958785174 6.137173049468312 64.0 
222.0 318.0 2.9955803958785174 6.137173049468312 64.0 
222.0 319.0 2.9955803958785174 6.137173049468312 64.0 
223.0 314.0 2.9955803958785174 6.137173049468312 64.0 
223.0 315.0 2.9955803958785174 6.137173049468312 64.0 
223.0 316.0 2.9955803958785174 6.137173049468312 64.0 
223.0 317.0 2.9955803958785174 6.137173049468312 64.0 
223.0 318.0 2.9955803958785174 6.137173049468312 64.0 
223.0 319.0 2.9955803958785174 6.137173049468312 64.0 
224.0 314.0 2.9955803958785174 6.137173049468312 64.0 
224.0 315.0 2.9955803958785174 6.137173049468312 64.0 
224.0 316.0 2.9955803958785174 6.137173049468312 64.0 
224.0 317.0 2.9955803958785174 6.137173049468312 64.0 
224.0 318.0 2.9955803958785174 6.137173049468312 64.0 
224.0 319.0 2.9955803958785174 6.137173049468312 64.0 
225.0 314.0 2.9955803958785174 6.137173049468312 64.0 
225.0 315.0 2.9955803958785174 6.137173049468312 64.0 
225.0 316.0 2.9955803958785174 6.137173049468312 64.0 
225.0 317.0 2.9955803958785174 6.137173049468312 64.0 
225.0 318.0 2.9955803958785174 6.137173049468312 64.0 
225.0 319.0 2.9955803958785174 6.137173049468312 64.0 
226.0 314.0 2.9955803958785174 6.137173049468312 64.0 
226.0 315.0 2.9955803958785174 6.137173049468312 64.0 
226.0 316.0 2.9955803958785174 6.137173049468312 64.0 
226.0 317.0 2.9955803958785174 6.137173049468312 64.0 
226.0 318.0 2.9955803958785174 6.137173049468312 64.0 
226.0 319.0 2.9955803958785174 6.137173049468312 64.0 
227.0 313.0 2.9955803958785174 6.137173049468312 64.0 
227.0 314.0 2.9955803958785174 6.137173049468312 64.0 
227.0 315.0 2.9955803958785174 6.137173049468312 64.0 
227.0 316.0 2.9955803958785174 6.137173049468312 64.0 
227.0 317.0 2.9955803958785174 6.137173049468312 64.0 
227.0 318.0 2.9955803958785174 6.137173049468312 64.0 
227.0 319.0 2.9955803958785174 6.137173049468312 64.0 
228.0 313.0 2.9955803958785174 6.137173049468312 64.0 
228.0 314.0 2.9955803958785174 6.137173049468312 64.0 
228.0 315.0 2.9955803958785174 6.137173049468312 64.0 
228.0 316.0 2.9955803958785174 6.137173049468312 64.0 
228.0 317.0 2.9955803958785174 6.137173049468312 64.0 
228.0 318.0 2.9955803958785174 6.137173049468312 64.0 
229.0 313.0 2.9955803958785174 6.137173049468312 64.0 
229.0 314.0 2.9955803958785174 6.137173049468312 64.0 
229.0 315.0 2.9955803958785174 6.137173049468312 64.0 
229.0 316.0 2.9955803958785174 6.137173049468312 64.0 
229.0 317.0 2.9955803958785174 6.137173049468312 64.0 
229.0 318.0 2.9955803958785174 6.137173049468312 64.0 
230.0 313.0 2.9955803958785174 6.137173049468312 64.0 
230.0 314.0 2.9955803958785174 6.137173049468312 64.0 
230.0 315.0 2.9955803958785174 6.137173049468312 64.0 
230.0 316.0 2.9955803958785174 6.137173049468312 64.0 
230.0 317.0 2.9955803958785174 6.137173049468312 64.0 
230.0 318.0 2.9955803958785174 6.137173049468312 64.0 
231.0 313.0 2.9955803958785174 6.137173049468312 64.0 
231.0 314.0 2.9955803958785174 6.137173049468312 64.0 
231.0 315.0 2.9955803958785174 6.137173049468312 64.0 
231.0 316.0 2.9955803958785174 6.137173049468312 64.0 
231.0 317.0 2.9955803958785174 6.137173049468312 64.0 
231.0 318.0 2.9955803958785174 6.137173049468312 64.0 
232.0 313.0 2.9955803958785174 6.137173049468312 64.0 
232.0 314.0 2.9955803958785174 6.137173049468312 64.0 
232.0 315.0 2.9955803958785174 6.137173049468312 64.0 
232.0 316.0 2.9955803958785174 6.137173049468312 64.0 
232.0 317.0 2.9955803958785174 6.137173049468312 64.0 
232.0 318.0 2.9955803958785174 6.137173049468312 64.0 
233.0 313.0 2.9955803958785174 6.137173049468312 64.0 
233.0 314.0 2.9955803958785174 6.137173049468312 64.0 
233.0 315.0 2.9955803958785174 6.137173049468312 64.0 
233.0 316.0 2.9955803958785174 6.137173049468312 64.0 
233.0 317.0 2.9955803958785174 6.137173049468312 64.0 
233.0 318.0 2.9955803958785174 6.137173049468312 64.0 
234.0 312.0 2.9955803958785174 6.137173049468312 64.0 
234.0 313.0 2.9955803958785174 6.137173049468312 64.0 
234.0 314.0 2.9955803958785174 6.137173049468312 64.0 
234.0 315.0 2.9955803958785174 6.137173049468312 64.0 
234.0 316.0 2.9955803958785174 6.137173049468312 64.0 
234.0 317.0 2.9955803958785174 6.137173049468312 64.0 
235.0 312.0 2.9955803958785174 6.137173049468312 64.0 
235.0 313.0 2.9955803958785174 6.137173049468312 64.0 
235.0 314.0 2.9955803958785174 6.137173049468312 64.0 
235.0 315.0 2.9955803958785174 6.137173049468312 64.0 
235.0 316.0 2.9955803958785174 6.137173049468312 64.0 
235.0 317.0 2.9955803958785174 6.137173049468312 64.0 
236.0 312.0 2.9955803958785174 6.137173049468312 64.0 
236.0 313.0 2.9955803958785174 6.137173049468312 64.0 
236.0 314.0 2.9955803958785174 6.137173049468312 64.0 
236.0 315.0 2.9955803958785174 6.137173049468312 64.0 
236.0 316.0 2.9955803958785174 6.137173049468312 64.0 
236.0 317.0 2.9955803958785174 6.137173049468312 64.0 
237.0 312.0 2.9955803958785174 6.137173049468312 64.0 
237.0 313.0 2.9955803958785174 6.137173049468312 64.0 
237.0 314.0 2.9955803958785174 6.137173049468312 64.0 
237.0 315.0 2.9955803958785174 6.137173049468312 64.0 
237.0 316.0 2.9955803958785174 6.137173049468312 64.0 
237.0 317.0 2.9955803958785174 6.137173049468312 64.0 
238.0 312.0 2.9955803958785174 6.137173049468312 64.0 
238.0 313.0 2.9955803958785174 6.137173049468312 64.0 
238.0 314.0 2.9955803958785174 6.137173049468312 64.0 
238.0 315.0 2.9955803958785174 6.137173049468312 64.0 
238.0 316.0 2.9955803958785174 6.137173049468312 64.0 
238.0 317.0 2.9955803958785174 6.137173049468312 64.0 
239.0 312.0 2.9955803958785174 6.137173049468312 64.0 
239.0 313.0 2.9955803958785174 6.137173049468312 64.0 
239.0 314.0 2.9955803958785174 6.137173049468312 64.0 
239.0 315.0 2.9955803958785174 6.137173049468312 64.0 
239.0 316.0 2.9955803958785174 6.137173049468312 64.0 
239.0 317.0 2.9955803958785174 6.137173049468312 64.0 
240.0 312.0 2.9955803958785174 6.137173049468312 64.0 
240.0 313.0 2.9955803958785174 6.137173049468312 64.0 
240.0 314.0 2.9955803958785174 6.137173049468312 64.0 
240.0 315.0 2.9955803958785174 6.137173049468312 64.0 
240.0 316.0 2.9955803958785174 6.137173049468312 64.0 
240.0 317.0 2.9955803958785174 6.137173049468312 64.0 
241.0 311.0 2.9955803958785174 6.137173049468312 64.0 
241.0 312.0 2.9955803958785174 6.137173049468312 64.0 
241.0 313.0 2.9955803958785174 6.137173049468312 64.0 
241.0 314.0 2.9955803958785174 6.137173049468312 64.0 
241.0 315.0 2.9955803958785174 6.137173049468312 64.0 
241.0 316.0 2.9955803958785174 6.137173049468312 64.0 
242.0 311.0 2.9955803958785174 6.137173049468312 64.0 
242.0 312.0 2.9955803958785174 6.137173049468312 64.0 
242.0 313.0 2.9955803958785174 6.137173049468312 64.0 
242.0 314.0 2.9955803958785174 6.137173049468312 64.0 
242.0 315.0 2.9955803958785174 6.137173049468312 64.0 
242.0 316.0 2.9955803958785174 6.137173049468312 64.0 
243.0 311.0 2.9955803958785174 6.137173049468312 64.0 
243.0 312.0 2.9955803958785174 6.137173049468312 64.0 
243.0 313.0 2.9955803958785174 6.137173049468312 64.0 
243.0 314.0 2.9955803958785174 6.137173049468312 64.0 
243.0 315.0 2.9955803958785174 6.137173049468312 64.0 
243.0 316.0 2.9955803958785174 6.137173049468312 64.0 
244.0 311.0 2.9955803958785174 6.137173049468312 64.0 
244.0 312.0 2.9955803958785174 6.137173049468312 64.0 
244.0 313.0 2.9955803958785174 6.137173049468312 64.0 
244.0 314.0 2.9955803958785174 6.137173049468312 64.0 
244.0 315.0 2.9955803958785174 6.137173049468312 64.0 
244.0 316.0 2.9955803958785174 6.137173049468312 64.0 
245.0 311.0 2.9955803958785174 6.137173049468312 64.0 
245.0 312.0 2.9955803958785174 6.137173049468312 64.0 
245.0 313.0 2.9955803958785174 6.137173049468312 64.0 
245.0 314.0 2.9955803958785174 6.137173049468312 64.0 
245.0 315.0 2.9955803958785174 6.137173049468312 64.0 
245.0 316.0 2.9955803958785174 6.137173049468312 64.0 
246.0 311.0 2.9955803958785174 6.137173049468312 64.0 
246.0 312.0 2.9955803958785174 6.137173049468312 64.0 
246.0 313.0 2.9955803958785174 6.137173049468312 64.0 
246.0 314.0 2.9955803958785174 6.137173049468312 64.0 
246.0 315.0 2.9955803958785174 6.137173049468312 64.0 
246.0 316.0 2.9955803958785174 6.137173049468312 64.0 
247.0 310.0 2.9955803958785174 6.137173049468312 64.0 
247.0 311.0 2.9955803958785174 6.137173049468312 64.0 
247.0 312.0 2.9955803958785174 6.137173049468312 64.0 
247.0 313.0 2.9955803958785174 6.137173049468312 64.0 
247.0 314.0 2.9955803958785174 6.137173049468312 64.0 
247.0 315.0 2.9955803958785174 6.137173049468312 64.0 
247.0 316.0 2.9955803958785174 6.137173049468312 64.0 
248.0 310.0 2.9955803958785174 6.137173049468312 64.0 
248.0 311.0 2.9955803958785174 6.137173049468312 64.0 
248.0 312.0 2.9955803958785174 6.137173049468312 64.0 
248.0 313.0 2.9955803958785174 6.137173049468312 64.0 
248.0 314.0 2.9955803958785174 6.137173049468312 64.0 
248.0 315.0 2.9955803958785174 6.137173049468312 64.0 
249.0 310.0 2.9955803958785174 6.137173049468312 64.0 
249.0 311.0 2.9955803958785174 6.137173049468312 64.0 
249.0 312.0 2.9955803958785174 6.137173049468312 64.0 
249.0 313.0 2.9955803958785174 6.137173049468312 64.0 
249.0 314.0 2.9955803958785174 6.137173049468312 64.0 
249.0 315.0 2.9955803958785174 6.137173049468312 64.0 
250.0 310.0 2.9955803958785174 6.137173049468312 64.0 
250.0 311.0 2.9955803958785174 6.137173049468312 64.0 
250.0 312.0 2.9955803958785174 6.137173049468312 64.0 
250.0 313.0 2.9955803958785174 6.137173049468312 64.0 
250.0 314.0 2.9955803958785174 6.137173049468312 64.0 
250.0 315.0 2.9955803958785174 6.137173049468312 64.0 
251.0 310.0 2.9955803958785174 6.137173049468312 64.0 
251.0 311.0 2.9955803958785174 6.137173049468312 64.0 
251.0 312.0 2.9955803958785174 6.137173049468312 64.0 
251.0 313.0 2.9955803958785174 6.137173049468312 64.0 
251.0 314.0 2.9955803958785174 6.137173049468312 64.0 
251.0 315.0 2.9955803958785174 6.137173049468312 64.0 
252.0 310.0 2.9955803958785174 6.137173049468312 64.0 
252.0 311.0 2.9955803958785174 6.137173049468312 64.0 
252.0 312.0 2.9955803958785174 6.137173049468312 64.0 
252.0 313.0 2.9955803958785174 6.137173049468312 64.0 
252.0 314.0 2.9955803958785174 6.137173049468312 64.0 
252.0 315.0 2.9955803958785174 6.137173049468312 64.0 
253.0 310.0 2.9955803958785174 6.137173049468312 64.0 
253.0 311.0 2.9955803958785174 6.137173049468312 64.0 
253.0 312.0 2.9955803958785174 6.137173049468312 64.0 
253.0 313.0 2.9955803958785174 6.137173049468312 64.0 
253.0 314.0 2.9955803958785174 6.137173049468312 64.0 
253.0 315.0 2.9955803958785174 6.137173049468312 64.0 
254.0 309.0 2.9955803958785174 6.137173049468312 64.0 
254.0 310.0 2.9955803958785174 6.137173049468312 64.0 
254.0 311.0 2.9955803958785174 6.137173049468312 64.0 
254.0 312.0 2.9955803958785174 6.137173049468312 64.0 
254.0 313.0 2.9955803958785174 6.137173049468312 64.0 
254.0 314.0 2.9955803958785174 6.137173049468312 64.0 
254.0 315.0 2.9955803958785174 6.137173049468312 64.0 
255.0 309.0 2.9955803958785174 6.137173049468312 64.0 
255.0 310.0 2.9955803958785174 6.137173049468312 64.0 
255.0 311.0 2.9955803958785174 6.137173049468312 64.0 
255.0 312.0 2.9955803958785174 6.137173049468312 64.0 
255.0 313.0 2.9955803958785174 6.137173049468312 64.0 
255.0 314.0 2.9955803958785174 6.137173049468312 64.0 
256.0 309.0 2.9955803958785174 6.137173049468312 64.0 
256.0 310.0 2.9955803958785174 6.137173049468312 64.0 
256.0 311.0 2.9955803958785174 6.137173049468312 64.0 
256.0 312.0 2.9955803958785174 6.137173049468312 64.0 
256.0 313.0 2.9955803958785174 6.137173049468312 64.0 
256.0 314.0 2.9955803958785174 6.137173049468312 64.0 
257.0 309.0 2.9955803958785174 6.137173049468312 64.0 
257.0 310.0 2.9955803958785174 6.137173049468312 64.0 
257.0 311.0 2.9955803958785174 6.137173049468312 64.0 
257.0 312.0 2.9955803958785174 6.137173049468312 64.0 
257.0 313.0 2.9955803958785174 6.137173049468312 64.0 
257.0 314.0 2.9955803958785174 6.137173049468312 64.0 
258.0 309.0 2.9955803958785174 6.137173049468312 64.0 
258.0 310.0 2.9955803958785174 6.137173049468312 64.0 
258.0 311.0 2.9955803958785174 6.137173049468312 64.0 
258.0 312.0 2.9955803958785174 6.137173049468312 64.0 
258.0 313.0 2.9955803958785174 6.137173049468312 64.0 
258.0 314.0 2.9955803958785174 6.137173049468312 64.0 
259.0 309.0 2.9955803958785174 6.137173049468312 64.0 
259.0 310.0 2.9955803958785174 6.137173049468312 64.0 
259.0 311.0 2.9955803958785174 6.137173049468312 64.0 
259.0 312.0 2.9955803958785174 6.137173049468312 64.0 
259.0 313.0 2.9955803958785174 6.137173049468312 64.0 
259.0 314.0 2.9955803958785174 6.137173049468312 64.0 
260.0 309.0 2.9955803958785174 6.137173049468312 64.0 
260.0 310.0 2.9955803958785174 6.137173049468312 64.0 
260.0 311.0 2.9955803958785174 6.137173049468312 64.0 
260.0 312.0 2.9955803958785174 6.137173049468312 64.0 
260.0 313.0 2.9955803958785174 6.137173049468312 64.0 
260.0 314.0 2.9955803958785174 6.137173049468312 64.0 
261.0 308.0 2.9955803958785174 6.137173049468312 64.0 
261.0 309.0 2.9955803958785174 6.137173049468312 64.0 
261.0 310.0 2.9955803958785174 6.137173049468312 64.0 
261.0 311.0 2.9955803958785174 6.137173049468312 64.0 
261.0 312.0 2.9955803958785174 6.137173049468312 64.0 
261.0 313.0 2.9955803958785174 6.137173049468312 64.0 
261.0 314.0 2.9955803958785174 6.137173049468312 64.0 
262.0 308.0 2.9955803958785174 6.137173049468312 64.0 
262.0 309.0 2.9955803958785174 6.137173049468312 64.0 
262.0 310.0 2.9955803958785174 6.137173049468312 64.0 
262.0 311.0 2.9955803958785174 6.137173049468312 64.0 
262.0 312.0 2.9955803958785174 6.137173049468312 64.0 
262.0 313.0 2.9955803958785174 6.137173049468312 64.0 
263.0 308.0 2.9955803958785174 6.137173049468312 64.0 
263.0 309.0 2.9955803958785174 6.137173049468312 64.0 
263.0 310.0 2.9955803958785174 6.137173049468312 64.0 
263.0 311.0 2.9955803958785174 6.137173049468312 64.0 
263.0 312.0 2.9955803958785174 6.137173049468312 64.0 
263.0 313.0 2.9955803958785174 6.137173049468312 64.0 
264.0 308.0 2.9955803958785174 6.137173049468312 64.0 
264.0 309.0 2.9955803958785174 6.137173049468312 64.0 
264.0 310.0 2.9955803958785174 6.137173049468312 64.0 
264.0 311.0 2.9955803958785174 6.137173049468312 64.0 
264.0 312.0 2.9955803958785174 6.137173049468312 64.0 
264.0 313.0 2.9955803958785174 6.137173049468312 64.0 
265.0 308.0 2.9955803958785174 6.137173049468312 64.0 
265.0 309.0 2.9955803958785174 6.137173049468312 64.0 
265.0 310.0 2.9955803958785174 6.137173049468312 64.0 
265.0 311.0 2.9955803958785174 6.137173049468312 64.0 
265.0 312.0 2.9955803958785174 6.137173049468312 64.0 
265.0 313.0 2.9955803958785174 6.137173049468312 64.0 
266.0 308.0 2.9955803958785174 6.137173049468312 64.0 
266.0 309.0 2.9955803958785174 6.137173049468312 64.0 
266.0 310.0 2.9955803958785174 6.137173049468312 64.0 
266.0 311.0 2.9955803958785174 6.137173049468312 64.0 
266.0 312.0 2.9955803958785174 6.137173049468312 64.0 
266.0 313.0 2.9955803958785174 6.137173049468312 64.0 
267.0 308.0 2.9955803958785174 6.137173049468312 64.0 
267.0 309.0 2.9955803958785174 6.137173049468312 64.0 
267.0 310.0 2.9955803958785174 6.137173049468312 64.0 
267.0 311.0 2.9955803958785174 6.137173049468312 64.0 
267.0 312.0 2.9955803958785174 6.137173049468312 64.0 
267.0 313.0 2.9955803958785174 6.137173049468312 64.0 
268.0 307.0 2.9955803958785174 6.137173049468312 64.0 
268.0 308.0 2.9955803958785174 6.137173049468312 64.0 
268.0 309.0 2.9955803958785174 6.137173049468312 64.0 
268.0 310.0 2.9955803958785174 6.137173049468312 64.0 
268.0 311.0 2.9955803958785174 6.137173049468312 64.0 
268.0 312.0 2.9955803958785174 6.137173049468312 64.0 
269.0 307.0 2.9955803958785174 6.137173049468312 64.0 
269.0 308.0 2.9955803958785174 6.137173049468312 64.0 
269.0 309.0 2.9955803958785174 6.137173049468312 64.0 
269.0 310.0 2.9955803958785174 6.137173049468312 64.0 
269.0 311.0 2.9955803958785174 6.137173049468312 64.0 
269.0 312.0 2.9955803958785174 6.137173049468312 64.0 
270.0 307.0 2.9955803958785174 6.137173049468312 64.0 
270.0 308.0 2.9955803958785174 6.137173049468312 64.0 
270.0 309.0 2.9955803958785174 6.137173049468312 64.0 
270.0 310.0 2.9955803958785174 6.137173049468312 64.0 
270.0 311.0 2.9955803958785174 6.137173049468312 64.0 
270.0 312.0 2.9955803958785174 6.137173049468312 64.0 
271.0 307.0 2.9955803958785174 6.137173049468312 64.0 
271.0 308.0 2.9955803958785174 6.137173049468312 64.0 
271.0 309.0 2.9955803958785174 6.137173049468312 64.0 
271.0 310.0 2.9955803958785174 6.137173049468312 64.0 
271.0 311.0 2.9955803958785174 6.137173049468312 64.0 
271.0 312.0 2.9955803958785174 6.137173049468312 64.0 
272.0 307.0 2.9955803958785174 6.137173049468312 64.0 
272.0 308.0 2.9955803958785174 6.137173049468312 64.0 
272.0 309.0 2.9955803958785174 6.137173049468312 64.0 
272.0 310.0 2.9955803958785174 6.137173049468312 64.0 
272.0 311.0 2.9955803958785174 6.137173049468312 64.0 
272.0 312.0 2.9955803958785174 6.137173049468312 64.0 
273.0 307.0 2.9955803958785174 6.137173049468312 64.0 
273.0 308.0 2.9955803958785174 6.137173049468312 64.0 
273.0 309.0 2.9955803958785174 6.137173049468312 64.0 
273.0 310.0 2.9955803958785174 6.137173049468312 64.0 
273.0 311.0 2.9955803958785174 6.137173049468312 64.0 
273.0 312.0 2.9955803958785174 6.137173049468312 64.0 
274.0 307.0 2.9955803958785174 6.137173049468312 64.0 
274.0 308.0 2.9955803958785174 6.137173049468312 64.0 
274.0 309.0 2.9955803958785174 6.137173049468312 64.0 
274.0 310.0 2.9955803958785174 6.137173049468312 64.0 
274.0 311.0 2.9955803958785174 6.137173049468312 64.0 
274.0 312.0 2.9955803958785174 6.137173049468312 64.0 
275.0 306.0 2.9955803958785174 6.137173049468312 64.0 
275.0 307.0 2.9955803958785174 6.137173049468312 64.0 
275.0 308.0 2.9955803958785174 6.137173049468312 64.0 
275.0 309.0 2.9955803958785174 6.137173049468312 64.0 
275.0 310.0 2.9955803958785174 6.137173049468312 64.0 
275.0 311.0 2.9955803958785174 6.137173049468312 64.0 
276.0 306.0 2.9955803958785174 6.137173049468312 64.0 
276.0 307.0 2.9955803958785174 6.137173049468312 64.0 
276.0 308.0 2.9955803958785174 6.137173049468312 64.0 
276.0 309.0 2.9955803958785174 6.137173049468312 64.0 
276.0 310.0 2.9955803958785174 6.137173049468312 64.0 
276.0 311.0 2.9955803958785174 6.137173049468312 64.0 
277.0 306.0 2.9955803958785174 6.137173049468312 64.0 
277.0 307.0 2.9955803958785174 6.137173049468312 64.0 
277.0 308.0 2.9955803958785174 6.137173049468312 64.0 
277.0 309.0 2.9955803958785174 6.137173049468312 64.0 
277.0 310.0 2.9955803958785174 6.137173049468312 64.0 
277.0 311.0 2.9955803958785174 6.137173049468312 64.0 
278.0 306.0 2.9955803958785174 6.137173049468312 64.0 
278.0 307.0 2.9955803958785174 6.137173049468312 64.0 
278.0 308.0 2.9955803958785174 6.137173049468312 64.0 
278.0 309.0 2.9955803958785174 6.137173049468312 64.0 
278.0 310.0 2.9955803958785174 6.137173049468312 64.0 
278.0 311.0 2.9955803958785174 6.137173049468312 64.0 
279.0 306.0 2.9955803958785174 6.137173049468312 64.0 
279.0 307.0 2.9955803958785174 6.137173049468312 64.0 
279.0 308.0 2.9955803958785174 6.137173049468312 64.0 
279.0 309.0 2.9955803958785174 6.137173049468312 64.0 
279.0 310.0 2.9955803958785174 6.137173049468312 64.0 
279.0 311.0 2.9955803958785174 6.137173049468312 64.0 
280.0 306.0 2.9955803958785174 6.137173049468312 64.0 
280.0 307.0 2.9955803958785174 6.137173049468312 64.0 
280.0 308.0 2.9955803958785174 6.137173049468312 64.0 
280.0 309.0 2.9955803958785174 6.137173049468312 64.0 
280.0 310.0 2.9955803958785174 6.137173049468312 64.0 
280.0 311.0 2.9955803958785174 6.137173049468312 64.0 
281.0 305.0 2.9955803958785174 6.137173049468312 64.0 
281.0 306.0 2.9955803958785174 6.137173049468312 64.0 
281.0 307.0 2.9955803958785174 6.137173049468312 64.0 
281.0 308.0 2.9955803958785174 6.137173049468312 64.0 
281.0 309.0 2.9955803958785174 6.137173049468312 64.0 
281.0 310.0 2.9955803958785174 6.137173049468312 64.0 
281.0 311.0 2.9955803958785174 6.137173049468312 64.0 
282.0 305.0 2.9955803958785174 6.137173049468312 64.0 
282.0 306.0 2.9955803958785174 6.137173049468312 64.0 
282.0 307.0 2.9955803958785174 6.137173049468312 64.0 
282.0 308.0 2.9955803958785174 6.137173049468312 64.0 
282.0 309.0 2.9955803958785174 6.137173049468312 64.0 
282.0 310.0 2.9955803958785174 6.137173049468312 64.0 
283.0 305.0 2.9955803958785174 6.137173049468312 64.0 
283.0 306.0 2.9955803958785174 6.137173049468312 64.0 
283.0 307.0 2.9955803958785174 6.137173049468312 64.0 
283.0 308.0 2.9955803958785174 6.137173049468312 64.0 
283.0 309.0 2.9955803958785174 6.137173049468312 64.0 
283.0 310.0 2.9955803958785174 6.137173049468312 64.0 
284.0 305.0 2.9955803958785174 6.137173049468312 64.0 
284.0 306.0 2.9955803958785174 6.137173049468312 64.0 
284.0 307.0 2.9955803958785174 6.137173049468312 64.0 
284.0 308.0 2.9955803958785174 6.137173049468312 64.0 
284.0 309.0 2.9955803958785174 6.137173049468312 64.0 
284.0 310.0 2.9955803958785174 6.137173049468312 64.0 
285.0 305.0 2.9955803958785174 6.137173049468312 64.0 
285.0 306.0 2.9955803958785174 6.137173049468312 64.0 
285.0 307.0 2.9955803958785174 6.137173049468312 64.0 
285.0 308.0 2.9955803958785174 6.137173049468312 64.0 
285.0 309.0 2.9955803958785174 6.137173049468312 64.0 
285.0 310.0 2.9955803958785174 6.137173049468312 64.0 
286.0 305.0 2.9955803958785174 6.137173049468312 64.0 
286.0 306.0 2.9955803958785174 6.137173049468312 64.0 
286.0 307.0 2.9955803958785174 6.137173049468312 64.0 
286.0 308.0 2.9955803958785174 6.137173049468312 64.0 
286.0 309.0 2.9955803958785174 6.137173049468312 64.0 
286.0 310.0 2.9955803958785174 6.137173049468312 64.0 
287.0 305.0 2.9955803958785174 6.137173049468312 64.0 
287.0 306.0 2.9955803958785174 6.137173049468312 64.0 
287.0 307.0 2.9955803958785174 6.137173049468312 64.0 
287.0 308.0 2.9955803958785174 6.137173049468312 64.0 
287.0 309.0 2.9955803958785174 6.137173049468312 64.0 
287.0 310.0 2.9955803958785174 6.137173049468312 64.0 
288.0 307.0 2.9955803958785174 6.137173049468312 64.0 
288.0 308.0 2.9955803958785174 6.137173049468312 64.0 
288.0 309.0 2.9955803958785174 6.137173049468312 64.0 
288.0 310.0 2.9955803958785174 6.137173049468312 64.0 
