164.0 350.0 2.9252519922165026 6.066844645806295 64.0 
164.0 351.0 2.9252519922165026 6.066844645806295 64.0 
164.0 352.0 2.9252519922165026 6.066844645806295 64.0 
165.0 350.0 2.9252519922165026 6.066844645806295 64.0 
165.0 351.0 2.9252519922165026 6.066844645806295 64.0 
165.0 352.0 2.9252519922165026 6.066844645806295 64.0 
165.0 353.0 2.9252519922165026 6.066844645806295 64.0 
165.0 354.0 2.9252519922165026 6.066844645806295 64.0 
165.0 355.0 2.9252519922165026 6.066844645806295 64.0 
166.0 350.0 2.9252519922165026 6.066844645806295 64.0 
166.0 351.0 2.9252519922165026 6.066844645806295 64.0 
166.0 352.0 2.9252519922165026 6.066844645806295 64.0 
166.0 353.0 2.9252519922165026 6.066844645806295 64.0 
166.0 354.0 2.9252519922165026 6.066844645806295 64.0 
166.0 355.0 2.9252519922165026 6.066844645806295 64.0 
167.0 350.0 2.9252519922165026 6.066844645806295 64.0 
167.0 351.0 2.9252519922165026 6.066844645806295 64.0 
167.0 352.0 2.9252519922165026 6.066844645806295 64.0 
167.0 353.0 2.9252519922165026 6.066844645806295 64.0 
167.0 354.0 2.9252519922165026 6.066844645806295 64.0 
167.0 355.0 2.9252519922165026 6.066844645806295 64.0 
168.0 350.0 2.9252519922165026 6.066844645806295 64.0 
168.0 351.0 2.9252519922165026 6.066844645806295 64.0 
168.0 352.0 2.9252519922165026 6.066844645806295 64.0 
168.0 353.0 2.9252519922165026 6.066844645806295 64.0 
168.0 354.0 2.9252519922165026 6.066844645806295 64.0 
168.0 355.0 2.9252519922165026 6.066844645806295 64.0 
169.0 349.0 2.9252519922165026 6.066844645806295 64.0 
169.0 350.0 2.9252519922165026 6.066844645806295 64.0 
169.0 351.0 2.9252519922165026 6.066844645806295 64.0 
169.0 352.0 2.9252519922165026 6.066844645806295 64.0 
169.0 353.0 2.9252519922165026 6.066844645806295 64.0 
169.0 354.0 2.9252519922165026 6.066844645806295 64.0 
170.0 349.0 2.9252519922165026 6.066844645806295 64.0 
170.0 350.0 2.9252519922165026 6.066844645806295 64.0 
170.0 351.0 2.9252519922165026 6.066844645806295 64.0 
170.0 352.0 2.9252519922165026 6.066844645806295 64.0 
170.0 353.0 2.9252519922165026 6.066844645806295 64.0 
170.0 354.0 2.9252519922165026 6.066844645806295 64.0 
171.0 349.0 2.9252519922165026 6.066844645806295 64.0 
171.0 350.0 2.9252519922165026 6.066844645806295 64.0 
171.0 351.0 2.9252519922165026 6.066844645806295 64.0 
171.0 352.0 2.9252519922165026 6.066844645806295 64.0 
171.0 353.0 2.9252519922165026 6.066844645806295 64.0 
171.0 354.0 2.9252519922165026 6.066844645806295 64.0 
172.0 349.0 2.9252519922165026 6.066844645806295 64.0 
172.0 350.0 2.9252519922165026 6.066844645806295 64.0 
172.0 351.0 2.9252519922165026 6.066844645806295 64.0 
172.0 352.0 2.9252519922165026 6.066844645806295 64.0 
172.0 353.0 2.9252519922165026 6.066844645806295 64.0 
172.0 354.0 2.9252519922165026 6.066844645806295 64.0 
173.0 348.0 2.9252519922165026 6.066844645806295 64.0 
173.0 349.0 2.9252519922165026 6.066844645806295 64.0 
173.0 350.0 2.9252519922165026 6.066844645806295 64.0 
173.0 351.0 2.9252519922165026 6.066844645806295 64.0 
173.0 352.0 2.9252519922165026 6.066844645806295 64.0 
173.0 353.0 2.9252519922165026 6.066844645806295 64.0 
173.0 354.0 2.9252519922165026 6.066844645806295 64.0 
174.0 348.0 2.9252519922165026 6.066844645806295 64.0 
174.0 349.0 2.9252519922165026 6.066844645806295 64.0 
174.0 350.0 2.9252519922165026 6.066844645806295 64.0 
174.0 351.0 2.9252519922165026 6.066844645806295 64.0 
174.0 352.0 2.9252519922165026 6.066844645806295 64.0 
174.0 353.0 2.9252519922165026 6.066844645806295 64.0 
175.0 348.0 2.9252519922165026 6.066844645806295 64.0 
175.0 349.0 2.9252519922165026 6.066844645806295 64.0 
175.0 350.0 2.9252519922165026 6.066844645806295 64.0 
175.0 351.0 2.9252519922165026 6.066844645806295 64.0 
175.0 352.0 2.9252519922165026 6.066844645806295 64.0 
175.0 353.0 2.9252519922165026 6.066844645806295 64.0 
176.0 348.0 2.9252519922165026 6.066844645806295 64.0 
176.0 349.0 2.9252519922165026 6.066844645806295 64.0 
176.0 350.0 2.9252519922165026 6.066844645806295 64.0 
176.0 351.0 2.9252519922165026 6.066844645806295 64.0 
176.0 352.0 2.9252519922165026 6.066844645806295 64.0 
176.0 353.0 2.9252519922165026 6.066844645806295 64.0 
177.0 348.0 2.9252519922165026 6.066844645806295 64.0 
177.0 349.0 2.9252519922165026 6.066844645806295 64.0 
177.0 350.0 2.9252519922165026 6.066844645806295 64.0 
177.0 351.0 2.9252519922165026 6.066844645806295 64.0 
177.0 352.0 2.9252519922165026 6.066844645806295 64.0 
177.0 353.0 2.9252519922165026 6.066844645806295 64.0 
178.0 347.0 2.9252519922165026 6.066844645806295 64.0 
178.0 348.0 2.9252519922165026 6.066844645806295 64.0 
178.0 349.0 2.9252519922165026 6.066844645806295 64.0 
178.0 350.0 2.9252519922165026 6.066844645806295 64.0 
178.0 351.0 2.9252519922165026 6.066844645806295 64.0 
178.0 352.0 2.9252519922165026 6.066844645806295 64.0 
179.0 347.0 2.9252519922165026 6.066844645806295 64.0 
179.0 348.0 2.9252519922165026 6.066844645806295 64.0 
179.0 349.0 2.9252519922165026 6.066844645806295 64.0 
179.0 350.0 2.9252519922165026 6.066844645806295 64.0 
179.0 351.0 2.9252519922165026 6.066844645806295 64.0 
179.0 352.0 2.9252519922165026 6.066844645806295 64.0 
180.0 347.0 2.9252519922165026 6.066844645806295 64.0 
180.0 348.0 2.9252519922165026 6.066844645806295 64.0 
180.0 349.0 2.9252519922165026 6.066844645806295 64.0 
180.0 350.0 2.9252519922165026 6.066844645806295 64.0 
180.0 351.0 2.9252519922165026 6.066844645806295 64.0 
180.0 352.0 2.9252519922165026 6.066844645806295 64.0 
181.0 347.0 2.9252519922165026 6.066844645806295 64.0 
181.0 348.0 2.9252519922165026 6.066844645806295 64.0 
181.0 349.0 2.9252519922165026 6.066844645806295 64.0 
181.0 350.0 2.9252519922165026 6.066844645806295 64.0 
181.0 351.0 2.9252519922165026 6.066844645806295 64.0 
181.0 352.0 2.9252519922165026 6.066844645806295 64.0 
182.0 346.0 2.9252519922165026 6.066844645806295 64.0 
182.0 347.0 2.9252519922165026 6.066844645806295 64.0 
182.0 348.0 2.9252519922165026 6.066844645806295 64.0 
182.0 349.0 2.9252519922165026 6.066844645806295 64.0 
182.0 350.0 2.9252519922165026 6.066844645806295 64.0 
182.0 351.0 2.9252519922165026 6.066844645806295 64.0 
182.0 352.0 2.9252519922165026 6.066844645806295 64.0 
183.0 346.0 2.9252519922165026 6.066844645806295 64.0 
183.0 347.0 2.9252519922165026 6.066844645806295 64.0 
183.0 348.0 2.9252519922165026 6.066844645806295 64.0 
183.0 349.0 2.9252519922165026 6.066844645806295 64.0 
183.0 350.0 2.9252519922165026 6.066844645806295 64.0 
183.0 351.0 2.9252519922165026 6.066844645806295 64.0 
184.0 346.0 2.9252519922165026 6.066844645806295 64.0 
184.0 347.0 2.9252519922165026 6.066844645806295 64.0 
184.0 348.0 2.9252519922165026 6.066844645806295 64.0 
184.0 349.0 2.9252519922165026 6.066844645806295 64.0 
184.0 350.0 2.9252519922165026 6.066844645806295 64.0 
184.0 351.0 2.9252519922165026 6.066844645806295 64.0 
185.0 346.0 2.9252519922165026 6.066844645806295 64.0 
185.0 347.0 2.9252519922165026 6.066844645806295 64.0 
185.0 348.0 2.9252519922165026 6.066844645806295 64.0 
185.0 349.0 2.9252519922165026 6.066844645806295 64.0 
185.0 350.0 2.9252519922165026 6.066844645806295 64.0 
185.0 351.0 2.9252519922165026 6.066844645806295 64.0 
186.0 346.0 2.9252519922165026 6.066844645806295 64.0 
186.0 347.0 2.9252519922165026 6.066844645806295 64.0 
186.0 348.0 2.9252519922165026 6.066844645806295 64.0 
186.0 349.0 2.9252519922165026 6.066844645806295 64.0 
186.0 350.0 2.9252519922165026 6.066844645806295 64.0 
186.0 351.0 2.9252519922165026 6.066844645806295 64.0 
187.0 345.0 2.9252519922165026 6.066844645806295 64.0 
187.0 346.0 2.9252519922165026 6.066844645806295 64.0 
187.0 347.0 2.9252519922165026 6.066844645806295 64.0 
187.0 348.0 2.9252519922165026 6.066844645806295 64.0 
187.0 349.0 2.9252519922165026 6.066844645806295 64.0 
187.0 350.0 2.9252519922165026 6.066844645806295 64.0 
187.0 351.0 2.9252519922165026 6.066844645806295 64.0 
188.0 345.0 2.9252519922165026 6.066844645806295 64.0 
188.0 346.0 2.9252519922165026 6.066844645806295 64.0 
188.0 347.0 2.9252519922165026 6.066844645806295 64.0 
188.0 348.0 2.9252519922165026 6.066844645806295 64.0 
188.0 349.0 2.9252519922165026 6.066844645806295 64.0 
188.0 350.0 2.9252519922165026 6.066844645806295 64.0 
189.0 345.0 2.9252519922165026 6.066844645806295 64.0 
189.0 346.0 2.9252519922165026 6.066844645806295 64.0 
189.0 347.0 2.9252519922165026 6.066844645806295 64.0 
189.0 348.0 2.9252519922165026 6.066844645806295 64.0 
189.0 349.0 2.9252519922165026 6.066844645806295 64.0 
189.0 350.0 2.9252519922165026 6.066844645806295 64.0 
190.0 345.0 2.9252519922165026 6.066844645806295 64.0 
190.0 346.0 2.9252519922165026 6.066844645806295 64.0 
190.0 347.0 2.9252519922165026 6.066844645806295 64.0 
190.0 348.0 2.9252519922165026 6.066844645806295 64.0 
190.0 349.0 2.9252519922165026 6.066844645806295 64.0 
190.0 350.0 2.9252519922165026 6.066844645806295 64.0 
191.0 344.0 2.9252519922165026 6.066844645806295 64.0 
191.0 345.0 2.9252519922165026 6.066844645806295 64.0 
191.0 346.0 2.9252519922165026 6.066844645806295 64.0 
191.0 347.0 2.9252519922165026 6.066844645806295 64.0 
191.0 348.0 2.9252519922165026 6.066844645806295 64.0 
191.0 349.0 2.9252519922165026 6.066844645806295 64.0 
191.0 350.0 2.9252519922165026 6.066844645806295 64.0 
192.0 344.0 2.9252519922165026 6.066844645806295 64.0 
192.0 345.0 2.9252519922165026 6.066844645806295 64.0 
192.0 346.0 2.9252519922165026 6.066844645806295 64.0 
192.0 347.0 2.9252519922165026 6.066844645806295 64.0 
192.0 348.0 2.9252519922165026 6.066844645806295 64.0 
192.0 349.0 2.9252519922165026 6.066844645806295 64.0 
193.0 344.0 2.9252519922165026 6.066844645806295 64.0 
193.0 345.0 2.9252519922165026 6.066844645806295 64.0 
193.0 346.0 2.9252519922165026 6.066844645806295 64.0 
193.0 347.0 2.9252519922165026 6.066844645806295 64.0 
193.0 348.0 2.9252519922165026 6.066844645806295 64.0 
193.0 349.0 2.9252519922165026 6.066844645806295 64.0 
194.0 344.0 2.9252519922165026 6.066844645806295 64.0 
194.0 345.0 2.9252519922165026 6.066844645806295 64.0 
194.0 346.0 2.9252519922165026 6.066844645806295 64.0 
194.0 347.0 2.9252519922165026 6.066844645806295 64.0 
194.0 348.0 2.9252519922165026 6.066844645806295 64.0 
194.0 349.0 2.9252519922165026 6.066844645806295 64.0 
195.0 344.0 2.9252519922165026 6.066844645806295 64.0 
195.0 345.0 2.9252519922165026 6.066844645806295 64.0 
195.0 346.0 2.9252519922165026 6.066844645806295 64.0 
195.0 347.0 2.9252519922165026 6.066844645806295 64.0 
195.0 348.0 2.9252519922165026 6.066844645806295 64.0 
195.0 349.0 2.9252519922165026 6.066844645806295 64.0 
196.0 343.0 2.9252519922165026 6.066844645806295 64.0 
196.0 344.0 2.9252519922165026 6.066844645806295 64.0 
196.0 345.0 2.9252519922165026 6.066844645806295 64.0 
196.0 346.0 2.9252519922165026 6.066844645806295 64.0 
196.0 347.0 2.9252519922165026 6.066844645806295 64.0 
196.0 348.0 2.9252519922165026 6.066844645806295 64.0 
196.0 349.0 2.9252519922165026 6.066844645806295 64.0 
197.0 343.0 2.9252519922165026 6.066844645806295 64.0 
197.0 344.0 2.9252519922165026 6.066844645806295 64.0 
197.0 345.0 2.9252519922165026 6.066844645806295 64.0 
197.0 346.0 2.9252519922165026 6.066844645806295 64.0 
197.0 347.0 2.9252519922165026 6.066844645806295 64.0 
197.0 348.0 2.9252519922165026 6.066844645806295 64.0 
198.0 343.0 2.9252519922165026 6.066844645806295 64.0 
198.0 344.0 2.9252519922165026 6.066844645806295 64.0 
198.0 345.0 2.9252519922165026 6.066844645806295 64.0 
198.0 346.0 2.9252519922165026 6.066844645806295 64.0 
198.0 347.0 2.9252519922165026 6.066844645806295 64.0 
198.0 348.0 2.9252519922165026 6.066844645806295 64.0 
199.0 343.0 2.9252519922165026 6.066844645806295 64.0 
199.0 344.0 2.9252519922165026 6.066844645806295 64.0 
199.0 345.0 2.9252519922165026 6.066844645806295 64.0 
199.0 346.0 2.9252519922165026 6.066844645806295 64.0 
199.0 347.0 2.9252519922165026 6.066844645806295 64.0 
199.0 348.0 2.9252519922165026 6.066844645806295 64.0 
200.0 343.0 2.9252519922165026 6.066844645806295 64.0 
200.0 344.0 2.9252519922165026 6.066844645806295 64.0 
200.0 345.0 2.9252519922165026 6.066844645806295 64.0 
200.0 346.0 2.9252519922165026 6.066844645806295 64.0 
200.0 347.0 2.9252519922165026 6.066844645806295 64.0 
200.0 348.0 2.9252519922165026 6.066844645806295 64.0 
201.0 342.0 2.9252519922165026 6.066844645806295 64.0 
201.0 343.0 2.9252519922165026 6.066844645806295 64.0 
201.0 344.0 2.9252519922165026 6.066844645806295 64.0 
201.0 345.0 2.9252519922165026 6.066844645806295 64.0 
201.0 346.0 2.9252519922165026 6.066844645806295 64.0 
201.0 347.0 2.9252519922165026 6.066844645806295 64.0 
202.0 342.0 2.9252519922165026 6.066844645806295 64.0 
202.0 343.0 2.9252519922165026 6.066844645806295 64.0 
202.0 344.0 2.9252519922165026 6.066844645806295 64.0 
202.0 345.0 2.9252519922165026 6.066844645806295 64.0 
202.0 346.0 2.9252519922165026 6.066844645806295 64.0 
202.0 347.0 2.9252519922165026 6.066844645806295 64.0 
203.0 342.0 2.9252519922165026 6.066844645806295 64.0 
203.0 343.0 2.9252519922165026 6.066844645806295 64.0 
203.0 344.0 2.9252519922165026 6.066844645806295 64.0 
203.0 345.0 2.9252519922165026 6.066844645806295 64.0 
203.0 346.0 2.9252519922165026 6.066844645806295 64.0 
203.0 347.0 2.9252519922165026 6.066844645806295 64.0 
204.0 342.0 2.9252519922165026 6.066844645806295 64.0 
204.0 343.0 2.9252519922165026 6.066844645806295 64.0 
204.0 344.0 2.9252519922165026 6.066844645806295 64.0 
204.0 345.0 2.9252519922165026 6.066844645806295 64.0 
204.0 346.0 2.9252519922165026 6.066844645806295 64.0 
204.0 347.0 2.9252519922165026 6.066844645806295 64.0 
205.0 341.0 2.9252519922165026 6.066844645806295 64.0 
205.0 342.0 2.9252519922165026 6.066844645806295 64.0 
205.0 343.0 2.9252519922165026 6.066844645806295 64.0 
205.0 344.0 2.9252519922165026 6.066844645806295 64.0 
205.0 345.0 2.9252519922165026 6.066844645806295 64.0 
205.0 346.0 2.9252519922165026 6.066844645806295 64.0 
205.0 347.0 2.9252519922165026 6.066844645806295 64.0 
206.0 341.0 2.9252519922165026 6.066844645806295 64.0 
206.0 342.0 2.9252519922165026 6.066844645806295 64.0 
206.0 343.0 2.9252519922165026 6.066844645806295 64.0 
206.0 344.0 2.9252519922165026 6.066844645806295 64.0 
206.0 345.0 2.9252519922165026 6.066844645806295 64.0 
206.0 346.0 2.9252519922165026 6.066844645806295 64.0 
207.0 341.0 2.9252519922165026 6.066844645806295 64.0 
207.0 342.0 2.9252519922165026 6.066844645806295 64.0 
207.0 343.0 2.9252519922165026 6.066844645806295 64.0 
207.0 344.0 2.9252519922165026 6.066844645806295 64.0 
207.0 345.0 2.9252519922165026 6.066844645806295 64.0 
207.0 346.0 2.9252519922165026 6.066844645806295 64.0 
208.0 341.0 2.9252519922165026 6.066844645806295 64.0 
208.0 342.0 2.9252519922165026 6.066844645806295 64.0 
208.0 343.0 2.9252519922165026 6.066844645806295 64.0 
208.0 344.0 2.9252519922165026 6.066844645806295 64.0 
208.0 345.0 2.9252519922165026 6.066844645806295 64.0 
208.0 346.0 2.9252519922165026 6.066844645806295 64.0 
209.0 341.0 2.9252519922165026 6.066844645806295 64.0 
209.0 342.0 2.9252519922165026 6.066844645806295 64.0 
209.0 343.0 2.9252519922165026 6.066844645806295 64.0 
209.0 344.0 2.9252519922165026 6.066844645806295 64.0 
209.0 345.0 2.9252519922165026 6.066844645806295 64.0 
209.0 346.0 2.9252519922165026 6.066844645806295 64.0 
210.0 340.0 2.9252519922165026 6.066844645806295 64.0 
210.0 341.0 2.9252519922165026 6.066844645806295 64.0 
210.0 342.0 2.9252519922165026 6.066844645806295 64.0 
210.0 343.0 2.9252519922165026 6.066844645806295 64.0 
210.0 344.0 2.9252519922165026 6.066844645806295 64.0 
210.0 345.0 2.9252519922165026 6.066844645806295 64.0 
211.0 340.0 2.9252519922165026 6.066844645806295 64.0 
211.0 341.0 2.9252519922165026 6.066844645806295 64.0 
211.0 342.0 2.9252519922165026 6.066844645806295 64.0 
211.0 343.0 2.9252519922165026 6.066844645806295 64.0 
211.0 344.0 2.9252519922165026 6.066844645806295 64.0 
211.0 345.0 2.9252519922165026 6.066844645806295 64.0 
212.0 340.0 2.9252519922165026 6.066844645806295 64.0 
212.0 341.0 2.9252519922165026 6.066844645806295 64.0 
212.0 342.0 2.9252519922165026 6.066844645806295 64.0 
212.0 343.0 2.9252519922165026 6.066844645806295 64.0 
212.0 344.0 2.9252519922165026 6.066844645806295 64.0 
212.0 345.0 2.9252519922165026 6.066844645806295 64.0 
213.0 340.0 2.9252519922165026 6.066844645806295 64.0 
213.0 341.0 2.9252519922165026 6.066844645806295 64.0 
213.0 342.0 2.9252519922165026 6.066844645806295 64.0 
213.0 343.0 2.9252519922165026 6.066844645806295 64.0 
213.0 344.0 2.9252519922165026 6.066844645806295 64.0 
213.0 345.0 2.9252519922165026 6.066844645806295 64.0 
214.0 339.0 2.9252519922165026 6.066844645806295 64.0 
214.0 340.0 2.9252519922165026 6.066844645806295 64.0 
214.0 341.0 2.9252519922165026 6.066844645806295 64.0 
214.0 342.0 2.9252519922165026 6.066844645806295 64.0 
214.0 343.0 2.9252519922165026 6.066844645806295 64.0 
214.0 344.0 2.9252519922165026 6.066844645806295 64.0 
214.0 345.0 2.9252519922165026 6.066844645806295 64.0 
215.0 339.0 2.9252519922165026 6.066844645806295 64.0 
215.0 340.0 2.9252519922165026 6.066844645806295 64.0 
215.0 341.0 2.9252519922165026 6.066844645806295 64.0 
215.0 342.0 2.9252519922165026 6.066844645806295 64.0 
215.0 343.0 2.9252519922165026 6.066844645806295 64.0 
215.0 344.0 2.9252519922165026 6.066844645806295 64.0 
216.0 339.0 2.9252519922165026 6.066844645806295 64.0 
216.0 340.0 2.9252519922165026 6.066844645806295 64.0 
216.0 341.0 2.9252519922165026 6.066844645806295 64.0 
216.0 342.0 2.9252519922165026 6.066844645806295 64.0 
216.0 343.0 2.9252519922165026 6.066844645806295 64.0 
216.0 344.0 2.9252519922165026 6.066844645806295 64.0 
217.0 339.0 2.9252519922165026 6.066844645806295 64.0 
217.0 340.0 2.9252519922165026 6.066844645806295 64.0 
217.0 341.0 2.9252519922165026 6.066844645806295 64.0 
217.0 342.0 2.9252519922165026 6.066844645806295 64.0 
217.0 343.0 2.9252519922165026 6.066844645806295 64.0 
217.0 344.0 2.9252519922165026 6.066844645806295 64.0 
218.0 339.0 2.9252519922165026 6.066844645806295 64.0 
218.0 340.0 2.9252519922165026 6.066844645806295 64.0 
218.0 341.0 2.9252519922165026 6.066844645806295 64.0 
218.0 342.0 2.9252519922165026 6.066844645806295 64.0 
218.0 343.0 2.9252519922165026 6.066844645806295 64.0 
218.0 344.0 2.9252519922165026 6.066844645806295 64.0 
219.0 338.0 2.9252519922165026 6.066844645806295 64.0 
219.0 339.0 2.9252519922165026 6.066844645806295 64.0 
219.0 340.0 2.9252519922165026 6.066844645806295 64.0 
219.0 341.0 2.9252519922165026 6.066844645806295 64.0 
219.0 342.0 2.9252519922165026 6.066844645806295 64.0 
219.0 343.0 2.9252519922165026 6.066844645806295 64.0 
220.0 338.0 2.9252519922165026 6.066844645806295 64.0 
220.0 339.0 2.9252519922165026 6.066844645806295 64.0 
220.0 340.0 2.9252519922165026 6.066844645806295 64.0 
220.0 341.0 2.9252519922165026 6.066844645806295 64.0 
220.0 342.0 2.9252519922165026 6.066844645806295 64.0 
220.0 343.0 2.9252519922165026 6.066844645806295 64.0 
221.0 338.0 2.9252519922165026 6.066844645806295 64.0 
221.0 339.0 2.9252519922165026 6.066844645806295 64.0 
221.0 340.0 2.9252519922165026 6.066844645806295 64.0 
221.0 341.0 2.9252519922165026 6.066844645806295 64.0 
221.0 342.0 2.9252519922165026 6.066844645806295 64.0 
221.0 343.0 2.9252519922165026 6.066844645806295 64.0 
222.0 338.0 2.9252519922165026 6.066844645806295 64.0 
222.0 339.0 2.9252519922165026 6.066844645806295 64.0 
222.0 340.0 2.9252519922165026 6.066844645806295 64.0 
222.0 341.0 2.9252519922165026 6.066844645806295 64.0 
222.0 342.0 2.9252519922165026 6.066844645806295 64.0 
222.0 343.0 2.9252519922165026 6.066844645806295 64.0 
223.0 337.0 2.9252519922165026 6.066844645806295 64.0 
223.0 338.0 2.9252519922165026 6.066844645806295 64.0 
223.0 339.0 2.9252519922165026 6.066844645806295 64.0 
223.0 340.0 2.9252519922165026 6.066844645806295 64.0 
223.0 341.0 2.9252519922165026 6.066844645806295 64.0 
223.0 342.0 2.9252519922165026 6.066844645806295 64.0 
223.0 343.0 2.9252519922165026 6.066844645806295 64.0 
224.0 337.0 2.9252519922165026 6.066844645806295 64.0 
224.0 338.0 2.9252519922165026 6.066844645806295 64.0 
224.0 339.0 2.9252519922165026 6.066844645806295 64.0 
224.0 340.0 2.9252519922165026 6.066844645806295 64.0 
224.0 341.0 2.9252519922165026 6.066844645806295 64.0 
224.0 342.0 2.9252519922165026 6.066844645806295 64.0 
225.0 337.0 2.9252519922165026 6.066844645806295 64.0 
225.0 338.0 2.9252519922165026 6.066844645806295 64.0 
225.0 339.0 2.9252519922165026 6.066844645806295 64.0 
225.0 340.0 2.9252519922165026 6.066844645806295 64.0 
225.0 341.0 2.9252519922165026 6.066844645806295 64.0 
225.0 342.0 2.9252519922165026 6.066844645806295 64.0 
226.0 337.0 2.9252519922165026 6.066844645806295 64.0 
226.0 338.0 2.9252519922165026 6.066844645806295 64.0 
226.0 339.0 2.9252519922165026 6.066844645806295 64.0 
226.0 340.0 2.9252519922165026 6.066844645806295 64.0 
226.0 341.0 2.9252519922165026 6.066844645806295 64.0 
226.0 342.0 2.9252519922165026 6.066844645806295 64.0 
227.0 337.0 2.9252519922165026 6.066844645806295 64.0 
227.0 338.0 2.9252519922165026 6.066844645806295 64.0 
227.0 339.0 2.9252519922165026 6.066844645806295 64.0 
227.0 340.0 2.9252519922165026 6.066844645806295 64.0 
227.0 341.0 2.9252519922165026 6.066844645806295 64.0 
227.0 342.0 2.9252519922165026 6.066844645806295 64.0 
228.0 336.0 2.9252519922165026 6.066844645806295 64.0 
228.0 337.0 2.9252519922165026 6.066844645806295 64.0 
228.0 338.0 2.9252519922165026 6.066844645806295 64.0 
228.0 339.0 2.9252519922165026 6.066844645806295 64.0 
228.0 340.0 2.9252519922165026 6.066844645806295 64.0 
228.0 341.0 2.9252519922165026 6.066844645806295 64.0 
228.0 342.0 2.9252519922165026 6.066844645806295 64.0 
229.0 336.0 2.9252519922165026 6.066844645806295 64.0 
229.0 337.0 2.9252519922165026 6.066844645806295 64.0 
229.0 338.0 2.9252519922165026 6.066844645806295 64.0 
229.0 339.0 2.9252519922165026 6.066844645806295 64.0 
229.0 340.0 2.9252519922165026 6.066844645806295 64.0 
229.0 341.0 2.9252519922165026 6.066844645806295 64.0 
230.0 336.0 2.9252519922165026 6.066844645806295 64.0 
230.0 337.0 2.9252519922165026 6.066844645806295 64.0 
230.0 338.0 2.9252519922165026 6.066844645806295 64.0 
230.0 339.0 2.9252519922165026 6.066844645806295 64.0 
230.0 340.0 2.9252519922165026 6.066844645806295 64.0 
230.0 341.0 2.9252519922165026 6.066844645806295 64.0 
231.0 336.0 2.9252519922165026 6.066844645806295 64.0 
231.0 337.0 2.9252519922165026 6.066844645806295 64.0 
231.0 338.0 2.9252519922165026 6.066844645806295 64.0 
231.0 339.0 2.9252519922165026 6.066844645806295 64.0 
231.0 340.0 2.9252519922165026 6.066844645806295 64.0 
231.0 341.0 2.9252519922165026 6.066844645806295 64.0 
232.0 335.0 2.9252519922165026 6.066844645806295 64.0 
232.0 336.0 2.9252519922165026 6.066844645806295 64.0 
232.0 337.0 2.9252519922165026 6.066844645806295 64.0 
232.0 338.0 2.9252519922165026 6.066844645806295 64.0 
232.0 339.0 2.9252519922165026 6.066844645806295 64.0 
232.0 340.0 2.9252519922165026 6.066844645806295 64.0 
232.0 341.0 2.9252519922165026 6.066844645806295 64.0 
233.0 335.0 2.9252519922165026 6.066844645806295 64.0 
233.0 336.0 2.9252519922165026 6.066844645806295 64.0 
233.0 337.0 2.9252519922165026 6.066844645806295 64.0 
233.0 338.0 2.9252519922165026 6.066844645806295 64.0 
233.0 339.0 2.9252519922165026 6.066844645806295 64.0 
233.0 340.0 2.9252519922165026 6.066844645806295 64.0 
234.0 335.0 2.9252519922165026 6.066844645806295 64.0 
234.0 336.0 2.9252519922165026 6.066844645806295 64.0 
234.0 337.0 2.9252519922165026 6.066844645806295 64.0 
234.0 338.0 2.9252519922165026 6.066844645806295 64.0 
234.0 339.0 2.9252519922165026 6.066844645806295 64.0 
234.0 340.0 2.9252519922165026 6.066844645806295 64.0 
235.0 335.0 2.9252519922165026 6.066844645806295 64.0 
235.0 336.0 2.9252519922165026 6.066844645806295 64.0 
235.0 337.0 2.9252519922165026 6.066844645806295 64.0 
235.0 338.0 2.9252519922165026 6.066844645806295 64.0 
235.0 339.0 2.9252519922165026 6.066844645806295 64.0 
235.0 340.0 2.9252519922165026 6.066844645806295 64.0 
236.0 335.0 2.9252519922165026 6.066844645806295 64.0 
236.0 336.0 2.9252519922165026 6.066844645806295 64.0 
236.0 337.0 2.9252519922165026 6.066844645806295 64.0 
236.0 338.0 2.9252519922165026 6.066844645806295 64.0 
236.0 339.0 2.9252519922165026 6.066844645806295 64.0 
236.0 340.0 2.9252519922165026 6.066844645806295 64.0 
237.0 334.0 2.9252519922165026 6.066844645806295 64.0 
237.0 335.0 2.9252519922165026 6.066844645806295 64.0 
237.0 336.0 2.9252519922165026 6.066844645806295 64.0 
237.0 337.0 2.9252519922165026 6.066844645806295 64.0 
237.0 338.0 2.9252519922165026 6.066844645806295 64.0 
237.0 339.0 2.9252519922165026 6.066844645806295 64.0 
237.0 340.0 2.9252519922165026 6.066844645806295 64.0 
238.0 334.0 2.9252519922165026 6.066844645806295 64.0 
238.0 335.0 2.9252519922165026 6.066844645806295 64.0 
238.0 336.0 2.9252519922165026 6.066844645806295 64.0 
238.0 337.0 2.9252519922165026 6.066844645806295 64.0 
238.0 338.0 2.9252519922165026 6.066844645806295 64.0 
238.0 339.0 2.9252519922165026 6.066844645806295 64.0 
239.0 334.0 2.9252519922165026 6.066844645806295 64.0 
239.0 335.0 2.9252519922165026 6.066844645806295 64.0 
239.0 336.0 2.9252519922165026 6.066844645806295 64.0 
239.0 337.0 2.9252519922165026 6.066844645806295 64.0 
239.0 338.0 2.9252519922165026 6.066844645806295 64.0 
239.0 339.0 2.9252519922165026 6.066844645806295 64.0 
240.0 334.0 2.9252519922165026 6.066844645806295 64.0 
240.0 335.0 2.9252519922165026 6.066844645806295 64.0 
240.0 336.0 2.9252519922165026 6.066844645806295 64.0 
240.0 337.0 2.9252519922165026 6.066844645806295 64.0 
240.0 338.0 2.9252519922165026 6.066844645806295 64.0 
240.0 339.0 2.9252519922165026 6.066844645806295 64.0 
241.0 334.0 2.9252519922165026 6.066844645806295 64.0 
241.0 335.0 2.9252519922165026 6.066844645806295 64.0 
241.0 336.0 2.9252519922165026 6.066844645806295 64.0 
241.0 337.0 2.9252519922165026 6.066844645806295 64.0 
241.0 338.0 2.9252519922165026 6.066844645806295 64.0 
241.0 339.0 2.9252519922165026 6.066844645806295 64.0 
242.0 333.0 2.9252519922165026 6.066844645806295 64.0 
242.0 334.0 2.9252519922165026 6.066844645806295 64.0 
242.0 335.0 2.9252519922165026 6.066844645806295 64.0 
242.0 336.0 2.9252519922165026 6.066844645806295 64.0 
242.0 337.0 2.9252519922165026 6.066844645806295 64.0 
242.0 338.0 2.9252519922165026 6.066844645806295 64.0 
243.0 333.0 2.9252519922165026 6.066844645806295 64.0 
243.0 334.0 2.9252519922165026 6.066844645806295 64.0 
243.0 335.0 2.9252519922165026 6.066844645806295 64.0 
243.0 336.0 2.9252519922165026 6.066844645806295 64.0 
243.0 337.0 2.9252519922165026 6.066844645806295 64.0 
243.0 338.0 2.9252519922165026 6.066844645806295 64.0 
244.0 333.0 2.9252519922165026 6.066844645806295 64.0 
244.0 334.0 2.9252519922165026 6.066844645806295 64.0 
244.0 335.0 2.9252519922165026 6.066844645806295 64.0 
244.0 336.0 2.9252519922165026 6.066844645806295 64.0 
244.0 337.0 2.9252519922165026 6.066844645806295 64.0 
244.0 338.0 2.9252519922165026 6.066844645806295 64.0 
245.0 333.0 2.9252519922165026 6.066844645806295 64.0 
245.0 334.0 2.9252519922165026 6.066844645806295 64.0 
245.0 335.0 2.9252519922165026 6.066844645806295 64.0 
245.0 336.0 2.9252519922165026 6.066844645806295 64.0 
245.0 337.0 2.9252519922165026 6.066844645806295 64.0 
245.0 338.0 2.9252519922165026 6.066844645806295 64.0 
246.0 332.0 2.9252519922165026 6.066844645806295 64.0 
246.0 333.0 2.9252519922165026 6.066844645806295 64.0 
246.0 334.0 2.9252519922165026 6.066844645806295 64.0 
246.0 335.0 2.9252519922165026 6.066844645806295 64.0 
246.0 336.0 2.9252519922165026 6.066844645806295 64.0 
246.0 337.0 2.9252519922165026 6.066844645806295 64.0 
246.0 338.0 2.9252519922165026 6.066844645806295 64.0 
247.0 332.0 2.9252519922165026 6.066844645806295 64.0 
247.0 333.0 2.9252519922165026 6.066844645806295 64.0 
247.0 334.0 2.9252519922165026 6.066844645806295 64.0 
247.0 335.0 2.9252519922165026 6.066844645806295 64.0 
247.0 336.0 2.9252519922165026 6.066844645806295 64.0 
247.0 337.0 2.9252519922165026 6.066844645806295 64.0 
248.0 332.0 2.9252519922165026 6.066844645806295 64.0 
248.0 333.0 2.9252519922165026 6.066844645806295 64.0 
248.0 334.0 2.9252519922165026 6.066844645806295 64.0 
248.0 335.0 2.9252519922165026 6.066844645806295 64.0 
248.0 336.0 2.9252519922165026 6.066844645806295 64.0 
248.0 337.0 2.9252519922165026 6.066844645806295 64.0 
249.0 332.0 2.9252519922165026 6.066844645806295 64.0 
249.0 333.0 2.9252519922165026 6.066844645806295 64.0 
249.0 334.0 2.9252519922165026 6.066844645806295 64.0 
249.0 335.0 2.9252519922165026 6.066844645806295 64.0 
249.0 336.0 2.9252519922165026 6.066844645806295 64.0 
249.0 337.0 2.9252519922165026 6.066844645806295 64.0 
250.0 332.0 2.9252519922165026 6.066844645806295 64.0 
250.0 333.0 2.9252519922165026 6.066844645806295 64.0 
250.0 334.0 2.9252519922165026 6.066844645806295 64.0 
250.0 335.0 2.9252519922165026 6.066844645806295 64.0 
250.0 336.0 2.9252519922165026 6.066844645806295 64.0 
250.0 337.0 2.9252519922165026 6.066844645806295 64.0 
251.0 331.0 2.9252519922165026 6.066844645806295 64.0 
251.0 332.0 2.9252519922165026 6.066844645806295 64.0 
251.0 333.0 2.9252519922165026 6.066844645806295 64.0 
251.0 334.0 2.9252519922165026 6.066844645806295 64.0 
251.0 335.0 2.9252519922165026 6.066844645806295 64.0 
251.0 336.0 2.9252519922165026 6.066844645806295 64.0 
252.0 331.0 2.9252519922165026 6.066844645806295 64.0 
252.0 332.0 2.9252519922165026 6.066844645806295 64.0 
252.0 333.0 2.9252519922165026 6.066844645806295 64.0 
252.0 334.0 2.9252519922165026 6.066844645806295 64.0 
252.0 335.0 2.9252519922165026 6.066844645806295 64.0 
252.0 336.0 2.9252519922165026 6.066844645806295 64.0 
253.0 331.0 2.9252519922165026 6.066844645806295 64.0 
253.0 332.0 2.9252519922165026 6.066844645806295 64.0 
253.0 333.0 2.9252519922165026 6.066844645806295 64.0 
253.0 334.0 2.9252519922165026 6.066844645806295 64.0 
253.0 335.0 2.9252519922165026 6.066844645806295 64.0 
253.0 336.0 2.9252519922165026 6.066844645806295 64.0 
254.0 331.0 2.9252519922165026 6.066844645806295 64.0 
254.0 332.0 2.9252519922165026 6.066844645806295 64.0 
254.0 333.0 2.9252519922165026 6.066844645806295 64.0 
254.0 334.0 2.9252519922165026 6.066844645806295 64.0 
254.0 335.0 2.9252519922165026 6.066844645806295 64.0 
254.0 336.0 2.9252519922165026 6.066844645806295 64.0 
255.0 333.0 2.9252519922165026 6.066844645806295 64.0 
255.0 334.0 2.9252519922165026 6.066844645806295 64.0 
255.0 335.0 2.9252519922165026 6.066844645806295 64.0 
255.0 336.0 2.9252519922165026 6.066844645806295 64.0 
264.0 328.0 3.0771658141642404 6.218758467754033 72.0 
264.0 329.0 3.0771658141642404 6.218758467754033 72.0 
264.0 330.0 3.0771658141642404 6.218758467754033 72.0 
265.0 328.0 3.0771658141642404 6.218758467754033 72.0 
265.0 329.0 3.0771658141642404 6.218758467754033 72.0 
265.0 330.0 3.0771658141642404 6.218758467754033 72.0 
265.0 331.0 3.0771658141642404 6.218758467754033 72.0 
265.0 332.0 3.0771658141642404 6.218758467754033 72.0 
265.0 333.0 3.0771658141642404 6.218758467754033 72.0 
266.0 328.0 3.0771658141642404 6.218758467754033 72.0 
266.0 329.0 3.0771658141642404 6.218758467754033 72.0 
266.0 330.0 3.0771658141642404 6.218758467754033 72.0 
266.0 331.0 3.0771658141642404 6.218758467754033 72.0 
266.0 332.0 3.0771658141642404 6.218758467754033 72.0 
266.0 333.0 3.0771658141642404 6.218758467754033 72.0 
267.0 328.0 3.0771658141642404 6.218758467754033 72.0 
267.0 329.0 3.0771658141642404 6.218758467754033 72.0 
267.0 330.0 3.0771658141642404 6.218758467754033 72.0 
267.0 331.0 3.0771658141642404 6.218758467754033 72.0 
267.0 332.0 3.0771658141642404 6.218758467754033 72.0 
267.0 333.0 3.0771658141642404 6.218758467754033 72.0 
268.0 328.0 3.0771658141642404 6.218758467754033 72.0 
268.0 329.0 3.0771658141642404 6.218758467754033 72.0 
268.0 330.0 3.0771658141642404 6.218758467754033 72.0 
268.0 331.0 3.0771658141642404 6.218758467754033 72.0 
268.0 332.0 3.0771658141642404 6.218758467754033 72.0 
268.0 333.0 3.0771658141642404 6.218758467754033 72.0 
269.0 328.0 3.0771658141642404 6.218758467754033 72.0 
269.0 329.0 3.0771658141642404 6.218758467754033 72.0 
269.0 330.0 3.0771658141642404 6.218758467754033 72.0 
269.0 331.0 3.0771658141642404 6.218758467754033 72.0 
269.0 332.0 3.0771658141642404 6.218758467754033 72.0 
269.0 333.0 3.0771658141642404 6.218758467754033 72.0 
270.0 328.0 3.0771658141642404 6.218758467754033 72.0 
270.0 329.0 3.0771658141642404 6.218758467754033 72.0 
270.0 330.0 3.0771658141642404 6.218758467754033 72.0 
270.0 331.0 3.0771658141642404 6.218758467754033 72.0 
270.0 332.0 3.0771658141642404 6.218758467754033 72.0 
270.0 333.0 3.0771658141642404 6.218758467754033 72.0 
271.0 328.0 3.0771658141642404 6.218758467754033 72.0 
271.0 329.0 3.0771658141642404 6.218758467754033 72.0 
271.0 330.0 3.0771658141642404 6.218758467754033 72.0 
271.0 331.0 3.0771658141642404 6.218758467754033 72.0 
271.0 332.0 3.0771658141642404 6.218758467754033 72.0 
271.0 333.0 3.0771658141642404 6.218758467754033 72.0 
272.0 328.0 3.0771658141642404 6.218758467754033 72.0 
272.0 329.0 3.0771658141642404 6.218758467754033 72.0 
272.0 330.0 3.0771658141642404 6.218758467754033 72.0 
272.0 331.0 3.0771658141642404 6.218758467754033 72.0 
272.0 332.0 3.0771658141642404 6.218758467754033 72.0 
272.0 333.0 3.0771658141642404 6.218758467754033 72.0 
273.0 328.0 3.0771658141642404 6.218758467754033 72.0 
273.0 329.0 3.0771658141642404 6.218758467754033 72.0 
273.0 330.0 3.0771658141642404 6.218758467754033 72.0 
273.0 331.0 3.0771658141642404 6.218758467754033 72.0 
273.0 332.0 3.0771658141642404 6.218758467754033 72.0 
273.0 333.0 3.0771658141642404 6.218758467754033 72.0 
274.0 328.0 3.0771658141642404 6.218758467754033 72.0 
274.0 329.0 3.0771658141642404 6.218758467754033 72.0 
274.0 330.0 3.0771658141642404 6.218758467754033 72.0 
274.0 331.0 3.0771658141642404 6.218758467754033 72.0 
274.0 332.0 3.0771658141642404 6.218758467754033 72.0 
274.0 333.0 3.0771658141642404 6.218758467754033 72.0 
275.0 328.0 3.0771658141642404 6.218758467754033 72.0 
275.0 329.0 3.0771658141642404 6.218758467754033 72.0 
275.0 330.0 3.0771658141642404 6.218758467754033 72.0 
275.0 331.0 3.0771658141642404 6.218758467754033 72.0 
275.0 332.0 3.0771658141642404 6.218758467754033 72.0 
275.0 333.0 3.0771658141642404 6.218758467754033 72.0 
276.0 328.0 3.0771658141642404 6.218758467754033 72.0 
276.0 329.0 3.0771658141642404 6.218758467754033 72.0 
276.0 330.0 3.0771658141642404 6.218758467754033 72.0 
276.0 331.0 3.0771658141642404 6.218758467754033 72.0 
276.0 332.0 3.0771658141642404 6.218758467754033 72.0 
276.0 333.0 3.0771658141642404 6.218758467754033 72.0 
277.0 328.0 3.0771658141642404 6.218758467754033 72.0 
277.0 329.0 3.0771658141642404 6.218758467754033 72.0 
277.0 330.0 3.0771658141642404 6.218758467754033 72.0 
277.0 331.0 3.0771658141642404 6.218758467754033 72.0 
277.0 332.0 3.0771658141642404 6.218758467754033 72.0 
277.0 333.0 3.0771658141642404 6.218758467754033 72.0 
278.0 328.0 3.0771658141642404 6.218758467754033 72.0 
278.0 329.0 3.0771658141642404 6.218758467754033 72.0 
278.0 330.0 3.0771658141642404 6.218758467754033 72.0 
278.0 331.0 3.0771658141642404 6.218758467754033 72.0 
278.0 332.0 3.0771658141642404 6.218758467754033 72.0 
278.0 333.0 3.0771658141642404 6.218758467754033 72.0 
279.0 328.0 3.0771658141642404 6.218758467754033 72.0 
279.0 329.0 3.0771658141642404 6.218758467754033 72.0 
279.0 330.0 3.0771658141642404 6.218758467754033 72.0 
279.0 331.0 3.0771658141642404 6.218758467754033 72.0 
279.0 332.0 3.0771658141642404 6.218758467754033 72.0 
279.0 333.0 3.0771658141642404 6.218758467754033 72.0 
280.0 327.0 3.0771658141642404 6.218758467754033 72.0 
280.0 328.0 3.0771658141642404 6.218758467754033 72.0 
280.0 329.0 3.0771658141642404 6.218758467754033 72.0 
280.0 330.0 3.0771658141642404 6.218758467754033 72.0 
280.0 331.0 3.0771658141642404 6.218758467754033 72.0 
280.0 332.0 3.0771658141642404 6.218758467754033 72.0 
281.0 327.0 3.0771658141642404 6.218758467754033 72.0 
281.0 328.0 3.0771658141642404 6.218758467754033 72.0 
281.0 329.0 3.0771658141642404 6.218758467754033 72.0 
281.0 330.0 3.0771658141642404 6.218758467754033 72.0 
281.0 331.0 3.0771658141642404 6.218758467754033 72.0 
281.0 332.0 3.0771658141642404 6.218758467754033 72.0 
282.0 327.0 3.0771658141642404 6.218758467754033 72.0 
282.0 328.0 3.0771658141642404 6.218758467754033 72.0 
282.0 329.0 3.0771658141642404 6.218758467754033 72.0 
282.0 330.0 3.0771658141642404 6.218758467754033 72.0 
282.0 331.0 3.0771658141642404 6.218758467754033 72.0 
282.0 332.0 3.0771658141642404 6.218758467754033 72.0 
283.0 327.0 3.0771658141642404 6.218758467754033 72.0 
283.0 328.0 3.0771658141642404 6.218758467754033 72.0 
283.0 329.0 3.0771658141642404 6.218758467754033 72.0 
283.0 330.0 3.0771658141642404 6.218758467754033 72.0 
283.0 331.0 3.0771658141642404 6.218758467754033 72.0 
283.0 332.0 3.0771658141642404 6.218758467754033 72.0 
284.0 327.0 3.0771658141642404 6.218758467754033 72.0 
284.0 328.0 3.0771658141642404 6.218758467754033 72.0 
284.0 329.0 3.0771658141642404 6.218758467754033 72.0 
284.0 330.0 3.0771658141642404 6.218758467754033 72.0 
284.0 331.0 3.0771658141642404 6.218758467754033 72.0 
284.0 332.0 3.0771658141642404 6.218758467754033 72.0 
285.0 327.0 3.0771658141642404 6.218758467754033 72.0 
285.0 328.0 3.0771658141642404 6.218758467754033 72.0 
285.0 329.0 3.0771658141642404 6.218758467754033 72.0 
285.0 330.0 3.0771658141642404 6.218758467754033 72.0 
285.0 331.0 3.0771658141642404 6.218758467754033 72.0 
285.0 332.0 3.0771658141642404 6.218758467754033 72.0 
286.0 327.0 3.0771658141642404 6.218758467754033 72.0 
286.0 328.0 3.0771658141642404 6.218758467754033 72.0 
286.0 329.0 3.0771658141642404 6.218758467754033 72.0 
286.0 330.0 3.0771658141642404 6.218758467754033 72.0 
286.0 331.0 3.0771658141642404 6.218758467754033 72.0 
286.0 332.0 3.0771658141642404 6.218758467754033 72.0 
287.0 327.0 3.0771658141642404 6.218758467754033 72.0 
287.0 328.0 3.0771658141642404 6.218758467754033 72.0 
287.0 329.0 3.0771658141642404 6.218758467754033 72.0 
287.0 330.0 3.0771658141642404 6.218758467754033 72.0 
287.0 331.0 3.0771658141642404 6.218758467754033 72.0 
287.0 332.0 3.0771658141642404 6.218758467754033 72.0 
288.0 327.0 3.0771658141642404 6.218758467754033 72.0 
288.0 328.0 3.0771658141642404 6.218758467754033 72.0 
288.0 329.0 3.0771658141642404 6.218758467754033 72.0 
288.0 330.0 3.0771658141642404 6.218758467754033 72.0 
288.0 331.0 3.0771658141642404 6.218758467754033 72.0 
288.0 332.0 3.0771658141642404 6.218758467754033 72.0 
289.0 327.0 3.0771658141642404 6.218758467754033 72.0 
289.0 328.0 3.0771658141642404 6.218758467754033 72.0 
289.0 329.0 3.0771658141642404 6.218758467754033 72.0 
289.0 330.0 3.0771658141642404 6.218758467754033 72.0 
289.0 331.0 3.0771658141642404 6.218758467754033 72.0 
289.0 332.0 3.0771658141642404 6.218758467754033 72.0 
290.0 327.0 3.0771658141642404 6.218758467754033 72.0 
290.0 328.0 3.0771658141642404 6.218758467754033 72.0 
290.0 329.0 3.0771658141642404 6.218758467754033 72.0 
290.0 330.0 3.0771658141642404 6.218758467754033 72.0 
290.0 331.0 3.0771658141642404 6.218758467754033 72.0 
290.0 332.0 3.0771658141642404 6.218758467754033 72.0 
291.0 327.0 3.0771658141642404 6.218758467754033 72.0 
291.0 328.0 3.0771658141642404 6.218758467754033 72.0 
291.0 329.0 3.0771658141642404 6.218758467754033 72.0 
291.0 330.0 3.0771658141642404 6.218758467754033 72.0 
291.0 331.0 3.0771658141642404 6.218758467754033 72.0 
291.0 332.0 3.0771658141642404 6.218758467754033 72.0 
292.0 327.0 3.0771658141642404 6.218758467754033 72.0 
292.0 328.0 3.0771658141642404 6.218758467754033 72.0 
292.0 329.0 3.0771658141642404 6.218758467754033 72.0 
292.0 330.0 3.0771658141642404 6.218758467754033 72.0 
292.0 331.0 3.0771658141642404 6.218758467754033 72.0 
292.0 332.0 3.0771658141642404 6.218758467754033 72.0 
293.0 327.0 3.0771658141642404 6.218758467754033 72.0 
293.0 328.0 3.0771658141642404 6.218758467754033 72.0 
293.0 329.0 3.0771658141642404 6.218758467754033 72.0 
293.0 330.0 3.0771658141642404 6.218758467754033 72.0 
293.0 331.0 3.0771658141642404 6.218758467754033 72.0 
293.0 332.0 3.0771658141642404 6.218758467754033 72.0 
294.0 327.0 3.0771658141642404 6.218758467754033 72.0 
294.0 328.0 3.0771658141642404 6.218758467754033 72.0 
294.0 329.0 3.0771658141642404 6.218758467754033 72.0 
294.0 330.0 3.0771658141642404 6.218758467754033 72.0 
294.0 331.0 3.0771658141642404 6.218758467754033 72.0 
294.0 332.0 3.0771658141642404 6.218758467754033 72.0 
295.0 329.0 3.0771658141642404 6.218758467754033 72.0 
295.0 330.0 3.0771658141642404 6.218758467754033 72.0 
295.0 331.0 3.0771658141642404 6.218758467754033 72.0 
295.0 332.0 3.0771658141642404 6.218758467754033 72.0 
