248.0 276.0 4.533595925581768 1.392003271991975 40.0 
248.0 277.0 4.533595925581768 1.392003271991975 40.0 
248.0 278.0 4.533595925581768 1.392003271991975 40.0 
248.0 279.0 4.533595925581768 1.392003271991975 40.0 
248.0 280.0 4.533595925581768 1.392003271991975 40.0 
249.0 276.0 4.533595925581768 1.392003271991975 40.0 
249.0 277.0 4.533595925581768 1.392003271991975 40.0 
249.0 278.0 4.533595925581768 1.392003271991975 40.0 
249.0 279.0 4.533595925581768 1.392003271991975 40.0 
249.0 280.0 4.533595925581768 1.392003271991975 40.0 
249.0 281.0 4.533595925581768 1.392003271991975 40.0 
249.0 282.0 4.533595925581768 1.392003271991975 40.0 
249.0 283.0 4.533595925581768 1.392003271991975 40.0 
249.0 284.0 4.533595925581768 1.392003271991975 40.0 
249.0 285.0 4.533595925581768 1.392003271991975 40.0 
249.0 286.0 4.533595925581768 1.392003271991975 40.0 
250.0 275.0 4.533595925581768 1.392003271991975 40.0 
250.0 276.0 4.533595925581768 1.392003271991975 40.0 
250.0 277.0 4.533595925581768 1.392003271991975 40.0 
250.0 278.0 4.533595925581768 1.392003271991975 40.0 
250.0 279.0 4.533595925581768 1.392003271991975 40.0 
250.0 280.0 4.533595925581768 1.392003271991975 40.0 
250.0 281.0 4.533595925581768 1.392003271991975 40.0 
250.0 282.0 4.533595925581768 1.392003271991975 40.0 
250.0 283.0 4.533595925581768 1.392003271991975 40.0 
250.0 284.0 4.533595925581768 1.392003271991975 40.0 
250.0 285.0 4.533595925581768 1.392003271991975 40.0 
250.0 286.0 4.533595925581768 1.392003271991975 40.0 
250.0 287.0 4.533595925581768 1.392003271991975 40.0 
250.0 288.0 4.533595925581768 1.392003271991975 40.0 
250.0 289.0 4.533595925581768 1.392003271991975 40.0 
250.0 290.0 4.533595925581768 1.392003271991975 40.0 
250.0 291.0 4.533595925581768 1.392003271991975 40.0 
251.0 275.0 4.533595925581768 1.392003271991975 40.0 
251.0 276.0 4.533595925581768 1.392003271991975 40.0 
251.0 277.0 4.533595925581768 1.392003271991975 40.0 
251.0 278.0 4.533595925581768 1.392003271991975 40.0 
251.0 279.0 4.533595925581768 1.392003271991975 40.0 
251.0 280.0 4.533595925581768 1.392003271991975 40.0 
251.0 281.0 4.533595925581768 1.392003271991975 40.0 
251.0 282.0 4.533595925581768 1.392003271991975 40.0 
251.0 283.0 4.533595925581768 1.392003271991975 40.0 
251.0 284.0 4.533595925581768 1.392003271991975 40.0 
251.0 285.0 4.533595925581768 1.392003271991975 40.0 
251.0 286.0 4.533595925581768 1.392003271991975 40.0 
251.0 287.0 4.533595925581768 1.392003271991975 40.0 
251.0 288.0 4.533595925581768 1.392003271991975 40.0 
251.0 289.0 4.533595925581768 1.392003271991975 40.0 
251.0 290.0 4.533595925581768 1.392003271991975 40.0 
251.0 291.0 4.533595925581768 1.392003271991975 40.0 
251.0 292.0 4.533595925581768 1.392003271991975 40.0 
251.0 293.0 4.533595925581768 1.392003271991975 40.0 
251.0 294.0 4.533595925581768 1.392003271991975 40.0 
251.0 295.0 4.533595925581768 1.392003271991975 40.0 
251.0 296.0 4.533595925581768 1.392003271991975 40.0 
251.0 297.0 4.533595925581768 1.392003271991975 40.0 
252.0 275.0 4.533595925581768 1.392003271991975 40.0 
252.0 276.0 4.533595925581768 1.392003271991975 40.0 
252.0 277.0 4.533595925581768 1.392003271991975 40.0 
252.0 278.0 4.533595925581768 1.392003271991975 40.0 
252.0 279.0 4.533595925581768 1.392003271991975 40.0 
252.0 280.0 4.533595925581768 1.392003271991975 40.0 
252.0 281.0 4.533595925581768 1.392003271991975 40.0 
252.0 282.0 4.533595925581768 1.392003271991975 40.0 
252.0 283.0 4.533595925581768 1.392003271991975 40.0 
252.0 284.0 4.533595925581768 1.392003271991975 40.0 
252.0 285.0 4.533595925581768 1.392003271991975 40.0 
252.0 286.0 4.533595925581768 1.392003271991975 40.0 
252.0 287.0 4.533595925581768 1.392003271991975 40.0 
252.0 288.0 4.533595925581768 1.392003271991975 40.0 
252.0 289.0 4.533595925581768 1.392003271991975 40.0 
252.0 290.0 4.533595925581768 1.392003271991975 40.0 
252.0 291.0 4.533595925581768 1.392003271991975 40.0 
252.0 292.0 4.533595925581768 1.392003271991975 40.0 
252.0 293.0 4.533595925581768 1.392003271991975 40.0 
252.0 294.0 4.533595925581768 1.392003271991975 40.0 
252.0 295.0 4.533595925581768 1.392003271991975 40.0 
252.0 296.0 4.533595925581768 1.392003271991975 40.0 
252.0 297.0 4.533595925581768 1.392003271991975 40.0 
252.0 298.0 4.533595925581768 1.392003271991975 40.0 
252.0 299.0 4.533595925581768 1.392003271991975 40.0 
252.0 300.0 4.533595925581768 1.392003271991975 40.0 
252.0 301.0 4.533595925581768 1.392003271991975 40.0 
252.0 302.0 4.533595925581768 1.392003271991975 40.0 
253.0 275.0 4.533595925581768 1.392003271991975 40.0 
253.0 276.0 4.533595925581768 1.392003271991975 40.0 
253.0 277.0 4.533595925581768 1.392003271991975 40.0 
253.0 278.0 4.533595925581768 1.392003271991975 40.0 
253.0 279.0 4.533595925581768 1.392003271991975 40.0 
253.0 280.0 4.533595925581768 1.392003271991975 40.0 
253.0 281.0 4.533595925581768 1.392003271991975 40.0 
253.0 282.0 4.533595925581768 1.392003271991975 40.0 
253.0 283.0 4.533595925581768 1.392003271991975 40.0 
253.0 284.0 4.533595925581768 1.392003271991975 40.0 
253.0 285.0 4.533595925581768 1.392003271991975 40.0 
253.0 286.0 4.533595925581768 1.392003271991975 40.0 
253.0 287.0 4.533595925581768 1.392003271991975 40.0 
253.0 288.0 4.533595925581768 1.392003271991975 40.0 
253.0 289.0 4.533595925581768 1.392003271991975 40.0 
253.0 290.0 4.533595925581768 1.392003271991975 40.0 
253.0 291.0 4.533595925581768 1.392003271991975 40.0 
253.0 292.0 4.533595925581768 1.392003271991975 40.0 
253.0 293.0 4.533595925581768 1.392003271991975 40.0 
253.0 294.0 4.533595925581768 1.392003271991975 40.0 
253.0 295.0 4.533595925581768 1.392003271991975 40.0 
253.0 296.0 4.533595925581768 1.392003271991975 40.0 
253.0 297.0 4.533595925581768 1.392003271991975 40.0 
253.0 298.0 4.533595925581768 1.392003271991975 40.0 
253.0 299.0 4.533595925581768 1.392003271991975 40.0 
253.0 300.0 4.533595925581768 1.392003271991975 40.0 
253.0 301.0 4.533595925581768 1.392003271991975 40.0 
253.0 302.0 4.533595925581768 1.392003271991975 40.0 
253.0 303.0 4.533595925581768 1.392003271991975 40.0 
253.0 304.0 4.533595925581768 1.392003271991975 40.0 
253.0 305.0 4.533595925581768 1.392003271991975 40.0 
253.0 306.0 4.533595925581768 1.392003271991975 40.0 
253.0 307.0 4.533595925581768 1.392003271991975 40.0 
253.0 308.0 4.533595925581768 1.392003271991975 40.0 
254.0 281.0 4.533595925581768 1.392003271991975 40.0 
254.0 282.0 4.533595925581768 1.392003271991975 40.0 
254.0 283.0 4.533595925581768 1.392003271991975 40.0 
254.0 284.0 4.533595925581768 1.392003271991975 40.0 
254.0 285.0 4.533595925581768 1.392003271991975 40.0 
254.0 286.0 4.533595925581768 1.392003271991975 40.0 
254.0 287.0 4.533595925581768 1.392003271991975 40.0 
254.0 288.0 4.533595925581768 1.392003271991975 40.0 
254.0 289.0 4.533595925581768 1.392003271991975 40.0 
254.0 290.0 4.533595925581768 1.392003271991975 40.0 
254.0 291.0 4.533595925581768 1.392003271991975 40.0 
254.0 292.0 4.533595925581768 1.392003271991975 40.0 
254.0 293.0 4.533595925581768 1.392003271991975 40.0 
254.0 294.0 4.533595925581768 1.392003271991975 40.0 
254.0 295.0 4.533595925581768 1.392003271991975 40.0 
254.0 296.0 4.533595925581768 1.392003271991975 40.0 
254.0 297.0 4.533595925581768 1.392003271991975 40.0 
254.0 298.0 4.533595925581768 1.392003271991975 40.0 
254.0 299.0 4.533595925581768 1.392003271991975 40.0 
254.0 300.0 4.533595925581768 1.392003271991975 40.0 
254.0 301.0 4.533595925581768 1.392003271991975 40.0 
254.0 302.0 4.533595925581768 1.392003271991975 40.0 
254.0 303.0 4.533595925581768 1.392003271991975 40.0 
254.0 304.0 4.533595925581768 1.392003271991975 40.0 
254.0 305.0 4.533595925581768 1.392003271991975 40.0 
254.0 306.0 4.533595925581768 1.392003271991975 40.0 
254.0 307.0 4.533595925581768 1.392003271991975 40.0 
254.0 308.0 4.533595925581768 1.392003271991975 40.0 
254.0 309.0 4.533595925581768 1.392003271991975 40.0 
254.0 310.0 4.533595925581768 1.392003271991975 40.0 
254.0 311.0 4.533595925581768 1.392003271991975 40.0 
254.0 312.0 4.533595925581768 1.392003271991975 40.0 
254.0 313.0 4.533595925581768 1.392003271991975 40.0 
254.0 314.0 4.533595925581768 1.392003271991975 40.0 
255.0 286.0 4.533595925581768 1.392003271991975 40.0 
255.0 287.0 4.533595925581768 1.392003271991975 40.0 
255.0 288.0 4.533595925581768 1.392003271991975 40.0 
255.0 289.0 4.533595925581768 1.392003271991975 40.0 
255.0 290.0 4.533595925581768 1.392003271991975 40.0 
255.0 291.0 4.533595925581768 1.392003271991975 40.0 
255.0 292.0 4.533595925581768 1.392003271991975 40.0 
255.0 293.0 4.533595925581768 1.392003271991975 40.0 
255.0 294.0 4.533595925581768 1.392003271991975 40.0 
255.0 295.0 4.533595925581768 1.392003271991975 40.0 
255.0 296.0 4.533595925581768 1.392003271991975 40.0 
255.0 297.0 4.533595925581768 1.392003271991975 40.0 
255.0 298.0 4.533595925581768 1.392003271991975 40.0 
255.0 299.0 4.533595925581768 1.392003271991975 40.0 
255.0 300.0 4.533595925581768 1.392003271991975 40.0 
255.0 301.0 4.533595925581768 1.392003271991975 40.0 
255.0 302.0 4.533595925581768 1.392003271991975 40.0 
255.0 303.0 4.533595925581768 1.392003271991975 40.0 
255.0 304.0 4.533595925581768 1.392003271991975 40.0 
255.0 305.0 4.533595925581768 1.392003271991975 40.0 
255.0 306.0 4.533595925581768 1.392003271991975 40.0 
255.0 307.0 4.533595925581768 1.392003271991975 40.0 
255.0 308.0 4.533595925581768 1.392003271991975 40.0 
255.0 309.0 4.533595925581768 1.392003271991975 40.0 
255.0 310.0 4.533595925581768 1.392003271991975 40.0 
255.0 311.0 4.533595925581768 1.392003271991975 40.0 
255.0 312.0 4.533595925581768 1.392003271991975 40.0 
255.0 313.0 4.533595925581768 1.392003271991975 40.0 
255.0 314.0 4.533595925581768 1.392003271991975 40.0 
255.0 315.0 4.533595925581768 1.392003271991975 40.0 
255.0 316.0 4.533595925581768 1.392003271991975 40.0 
255.0 317.0 4.533595925581768 1.392003271991975 40.0 
255.0 318.0 4.533595925581768 1.392003271991975 40.0 
255.0 319.0 4.533595925581768 1.392003271991975 40.0 
256.0 292.0 4.533595925581768 1.392003271991975 40.0 
256.0 293.0 4.533595925581768 1.392003271991975 40.0 
256.0 294.0 4.533595925581768 1.392003271991975 40.0 
256.0 295.0 4.533595925581768 1.392003271991975 40.0 
256.0 296.0 4.533595925581768 1.392003271991975 40.0 
256.0 297.0 4.533595925581768 1.392003271991975 40.0 
256.0 298.0 4.533595925581768 1.392003271991975 40.0 
256.0 299.0 4.533595925581768 1.392003271991975 40.0 
256.0 300.0 4.533595925581768 1.392003271991975 40.0 
256.0 301.0 4.533595925581768 1.392003271991975 40.0 
256.0 302.0 4.533595925581768 1.392003271991975 40.0 
256.0 303.0 4.533595925581768 1.392003271991975 40.0 
256.0 304.0 4.533595925581768 1.392003271991975 40.0 
256.0 305.0 4.533595925581768 1.392003271991975 40.0 
256.0 306.0 4.533595925581768 1.392003271991975 40.0 
256.0 307.0 4.533595925581768 1.392003271991975 40.0 
256.0 308.0 4.533595925581768 1.392003271991975 40.0 
256.0 309.0 4.533595925581768 1.392003271991975 40.0 
256.0 310.0 4.533595925581768 1.392003271991975 40.0 
256.0 311.0 4.533595925581768 1.392003271991975 40.0 
256.0 312.0 4.533595925581768 1.392003271991975 40.0 
256.0 313.0 4.533595925581768 1.392003271991975 40.0 
256.0 314.0 4.533595925581768 1.392003271991975 40.0 
256.0 315.0 4.533595925581768 1.392003271991975 40.0 
256.0 316.0 4.533595925581768 1.392003271991975 40.0 
256.0 317.0 4.533595925581768 1.392003271991975 40.0 
256.0 318.0 4.533595925581768 1.392003271991975 40.0 
256.0 319.0 4.533595925581768 1.392003271991975 40.0 
256.0 320.0 4.533595925581768 1.392003271991975 40.0 
256.0 321.0 4.533595925581768 1.392003271991975 40.0 
256.0 322.0 4.533595925581768 1.392003271991975 40.0 
256.0 323.0 4.533595925581768 1.392003271991975 40.0 
256.0 324.0 4.533595925581768 1.392003271991975 40.0 
256.0 325.0 4.533595925581768 1.392003271991975 40.0 
257.0 297.0 4.533595925581768 1.392003271991975 40.0 
257.0 298.0 4.533595925581768 1.392003271991975 40.0 
257.0 299.0 4.533595925581768 1.392003271991975 40.0 
257.0 300.0 4.533595925581768 1.392003271991975 40.0 
257.0 301.0 4.533595925581768 1.392003271991975 40.0 
257.0 302.0 4.533595925581768 1.392003271991975 40.0 
257.0 303.0 4.533595925581768 1.392003271991975 40.0 
257.0 304.0 4.533595925581768 1.392003271991975 40.0 
257.0 305.0 4.533595925581768 1.392003271991975 40.0 
257.0 306.0 4.533595925581768 1.392003271991975 40.0 
257.0 307.0 4.533595925581768 1.392003271991975 40.0 
257.0 308.0 4.533595925581768 1.392003271991975 40.0 
257.0 309.0 4.533595925581768 1.392003271991975 40.0 
257.0 310.0 4.533595925581768 1.392003271991975 40.0 
257.0 311.0 4.533595925581768 1.392003271991975 40.0 
257.0 312.0 4.533595925581768 1.392003271991975 40.0 
257.0 313.0 4.533595925581768 1.392003271991975 40.0 
257.0 314.0 4.533595925581768 1.392003271991975 40.0 
257.0 315.0 4.533595925581768 1.392003271991975 40.0 
257.0 316.0 4.533595925581768 1.392003271991975 40.0 
257.0 317.0 4.533595925581768 1.392003271991975 40.0 
257.0 318.0 4.533595925581768 1.392003271991975 40.0 
257.0 319.0 4.533595925581768 1.392003271991975 40.0 
257.0 320.0 4.533595925581768 1.392003271991975 40.0 
257.0 321.0 4.533595925581768 1.392003271991975 40.0 
257.0 322.0 4.533595925581768 1.392003271991975 40.0 
257.0 323.0 4.533595925581768 1.392003271991975 40.0 
257.0 324.0 4.533595925581768 1.392003271991975 40.0 
257.0 325.0 4.533595925581768 1.392003271991975 40.0 
257.0 326.0 4.533595925581768 1.392003271991975 40.0 
257.0 327.0 4.533595925581768 1.392003271991975 40.0 
257.0 328.0 4.533595925581768 1.392003271991975 40.0 
257.0 329.0 4.533595925581768 1.392003271991975 40.0 
257.0 330.0 4.533595925581768 1.392003271991975 40.0 
258.0 303.0 4.533595925581768 1.392003271991975 40.0 
258.0 304.0 4.533595925581768 1.392003271991975 40.0 
258.0 305.0 4.533595925581768 1.392003271991975 40.0 
258.0 306.0 4.533595925581768 1.392003271991975 40.0 
258.0 307.0 4.533595925581768 1.392003271991975 40.0 
258.0 308.0 4.533595925581768 1.392003271991975 40.0 
258.0 309.0 4.533595925581768 1.392003271991975 40.0 
258.0 310.0 4.533595925581768 1.392003271991975 40.0 
258.0 311.0 4.533595925581768 1.392003271991975 40.0 
258.0 312.0 4.533595925581768 1.392003271991975 40.0 
258.0 313.0 4.533595925581768 1.392003271991975 40.0 
258.0 314.0 4.533595925581768 1.392003271991975 40.0 
258.0 315.0 4.533595925581768 1.392003271991975 40.0 
258.0 316.0 4.533595925581768 1.392003271991975 40.0 
258.0 317.0 4.533595925581768 1.392003271991975 40.0 
258.0 318.0 4.533595925581768 1.392003271991975 40.0 
258.0 319.0 4.533595925581768 1.392003271991975 40.0 
258.0 320.0 4.533595925581768 1.392003271991975 40.0 
258.0 321.0 4.533595925581768 1.392003271991975 40.0 
258.0 322.0 4.533595925581768 1.392003271991975 40.0 
258.0 323.0 4.533595925581768 1.392003271991975 40.0 
258.0 324.0 4.533595925581768 1.392003271991975 40.0 
258.0 325.0 4.533595925581768 1.392003271991975 40.0 
258.0 326.0 4.533595925581768 1.392003271991975 40.0 
258.0 327.0 4.533595925581768 1.392003271991975 40.0 
258.0 328.0 4.533595925581768 1.392003271991975 40.0 
258.0 329.0 4.533595925581768 1.392003271991975 40.0 
258.0 330.0 4.533595925581768 1.392003271991975 40.0 
258.0 331.0 4.533595925581768 1.392003271991975 40.0 
258.0 332.0 4.533595925581768 1.392003271991975 40.0 
258.0 333.0 4.533595925581768 1.392003271991975 40.0 
258.0 334.0 4.533595925581768 1.392003271991975 40.0 
258.0 335.0 4.533595925581768 1.392003271991975 40.0 
258.0 336.0 4.533595925581768 1.392003271991975 40.0 
259.0 308.0 4.533595925581768 1.392003271991975 40.0 
259.0 309.0 4.533595925581768 1.392003271991975 40.0 
259.0 310.0 4.533595925581768 1.392003271991975 40.0 
259.0 311.0 4.533595925581768 1.392003271991975 40.0 
259.0 312.0 4.533595925581768 1.392003271991975 40.0 
259.0 313.0 4.533595925581768 1.392003271991975 40.0 
259.0 314.0 4.533595925581768 1.392003271991975 40.0 
259.0 315.0 4.533595925581768 1.392003271991975 40.0 
259.0 316.0 4.533595925581768 1.392003271991975 40.0 
259.0 317.0 4.533595925581768 1.392003271991975 40.0 
259.0 318.0 4.533595925581768 1.392003271991975 40.0 
259.0 319.0 4.533595925581768 1.392003271991975 40.0 
259.0 320.0 4.533595925581768 1.392003271991975 40.0 
259.0 321.0 4.533595925581768 1.392003271991975 40.0 
259.0 322.0 4.533595925581768 1.392003271991975 40.0 
259.0 323.0 4.533595925581768 1.392003271991975 40.0 
259.0 324.0 4.533595925581768 1.392003271991975 40.0 
259.0 325.0 4.533595925581768 1.392003271991975 40.0 
259.0 326.0 4.533595925581768 1.392003271991975 40.0 
259.0 327.0 4.533595925581768 1.392003271991975 40.0 
259.0 328.0 4.533595925581768 1.392003271991975 40.0 
259.0 329.0 4.533595925581768 1.392003271991975 40.0 
259.0 330.0 4.533595925581768 1.392003271991975 40.0 
259.0 331.0 4.533595925581768 1.392003271991975 40.0 
259.0 332.0 4.533595925581768 1.392003271991975 40.0 
259.0 333.0 4.533595925581768 1.392003271991975 40.0 
259.0 334.0 4.533595925581768 1.392003271991975 40.0 
259.0 335.0 4.533595925581768 1.392003271991975 40.0 
259.0 336.0 4.533595925581768 1.392003271991975 40.0 
259.0 337.0 4.533595925581768 1.392003271991975 40.0 
259.0 338.0 4.533595925581768 1.392003271991975 40.0 
259.0 339.0 4.533595925581768 1.392003271991975 40.0 
259.0 340.0 4.533595925581768 1.392003271991975 40.0 
259.0 341.0 4.533595925581768 1.392003271991975 40.0 
260.0 314.0 4.533595925581768 1.392003271991975 40.0 
260.0 315.0 4.533595925581768 1.392003271991975 40.0 
260.0 316.0 4.533595925581768 1.392003271991975 40.0 
260.0 317.0 4.533595925581768 1.392003271991975 40.0 
260.0 318.0 4.533595925581768 1.392003271991975 40.0 
260.0 319.0 4.533595925581768 1.392003271991975 40.0 
260.0 320.0 4.533595925581768 1.392003271991975 40.0 
260.0 321.0 4.533595925581768 1.392003271991975 40.0 
260.0 322.0 4.533595925581768 1.392003271991975 40.0 
260.0 323.0 4.533595925581768 1.392003271991975 40.0 
260.0 324.0 4.533595925581768 1.392003271991975 40.0 
260.0 325.0 4.533595925581768 1.392003271991975 40.0 
260.0 326.0 4.533595925581768 1.392003271991975 40.0 
260.0 327.0 4.533595925581768 1.392003271991975 40.0 
260.0 328.0 4.533595925581768 1.392003271991975 40.0 
260.0 329.0 4.533595925581768 1.392003271991975 40.0 
260.0 330.0 4.533595925581768 1.392003271991975 40.0 
260.0 331.0 4.533595925581768 1.392003271991975 40.0 
260.0 332.0 4.533595925581768 1.392003271991975 40.0 
260.0 333.0 4.533595925581768 1.392003271991975 40.0 
260.0 334.0 4.533595925581768 1.392003271991975 40.0 
260.0 335.0 4.533595925581768 1.392003271991975 40.0 
260.0 336.0 4.533595925581768 1.392003271991975 40.0 
260.0 337.0 4.533595925581768 1.392003271991975 40.0 
260.0 338.0 4.533595925581768 1.392003271991975 40.0 
260.0 339.0 4.533595925581768 1.392003271991975 40.0 
260.0 340.0 4.533595925581768 1.392003271991975 40.0 
260.0 341.0 4.533595925581768 1.392003271991975 40.0 
260.0 342.0 4.533595925581768 1.392003271991975 40.0 
260.0 343.0 4.533595925581768 1.392003271991975 40.0 
260.0 344.0 4.533595925581768 1.392003271991975 40.0 
260.0 345.0 4.533595925581768 1.392003271991975 40.0 
260.0 346.0 4.533595925581768 1.392003271991975 40.0 
260.0 347.0 4.533595925581768 1.392003271991975 40.0 
261.0 319.0 4.533595925581768 1.392003271991975 40.0 
261.0 320.0 4.533595925581768 1.392003271991975 40.0 
261.0 321.0 4.533595925581768 1.392003271991975 40.0 
261.0 322.0 4.533595925581768 1.392003271991975 40.0 
261.0 323.0 4.533595925581768 1.392003271991975 40.0 
261.0 324.0 4.533595925581768 1.392003271991975 40.0 
261.0 325.0 4.533595925581768 1.392003271991975 40.0 
261.0 326.0 4.533595925581768 1.392003271991975 40.0 
261.0 327.0 4.533595925581768 1.392003271991975 40.0 
261.0 328.0 4.533595925581768 1.392003271991975 40.0 
261.0 329.0 4.533595925581768 1.392003271991975 40.0 
261.0 330.0 4.533595925581768 1.392003271991975 40.0 
261.0 331.0 4.533595925581768 1.392003271991975 40.0 
261.0 332.0 4.533595925581768 1.392003271991975 40.0 
261.0 333.0 4.533595925581768 1.392003271991975 40.0 
261.0 334.0 4.533595925581768 1.392003271991975 40.0 
261.0 335.0 4.533595925581768 1.392003271991975 40.0 
261.0 336.0 4.533595925581768 1.392003271991975 40.0 
261.0 337.0 4.533595925581768 1.392003271991975 40.0 
261.0 338.0 4.533595925581768 1.392003271991975 40.0 
261.0 339.0 4.533595925581768 1.392003271991975 40.0 
261.0 340.0 4.533595925581768 1.392003271991975 40.0 
261.0 341.0 4.533595925581768 1.392003271991975 40.0 
261.0 342.0 4.533595925581768 1.392003271991975 40.0 
261.0 343.0 4.533595925581768 1.392003271991975 40.0 
261.0 344.0 4.533595925581768 1.392003271991975 40.0 
261.0 345.0 4.533595925581768 1.392003271991975 40.0 
261.0 346.0 4.533595925581768 1.392003271991975 40.0 
261.0 347.0 4.533595925581768 1.392003271991975 40.0 
261.0 348.0 4.533595925581768 1.392003271991975 40.0 
261.0 349.0 4.533595925581768 1.392003271991975 40.0 
261.0 350.0 4.533595925581768 1.392003271991975 40.0 
261.0 351.0 4.533595925581768 1.392003271991975 40.0 
261.0 352.0 4.533595925581768 1.392003271991975 40.0 
262.0 325.0 4.533595925581768 1.392003271991975 40.0 
262.0 326.0 4.533595925581768 1.392003271991975 40.0 
262.0 327.0 4.533595925581768 1.392003271991975 40.0 
262.0 328.0 4.533595925581768 1.392003271991975 40.0 
262.0 329.0 4.533595925581768 1.392003271991975 40.0 
262.0 330.0 4.533595925581768 1.392003271991975 40.0 
262.0 331.0 4.533595925581768 1.392003271991975 40.0 
262.0 332.0 4.533595925581768 1.392003271991975 40.0 
262.0 333.0 4.533595925581768 1.392003271991975 40.0 
262.0 334.0 4.533595925581768 1.392003271991975 40.0 
262.0 335.0 4.533595925581768 1.392003271991975 40.0 
262.0 336.0 4.533595925581768 1.392003271991975 40.0 
262.0 337.0 4.533595925581768 1.392003271991975 40.0 
262.0 338.0 4.533595925581768 1.392003271991975 40.0 
262.0 339.0 4.533595925581768 1.392003271991975 40.0 
262.0 340.0 4.533595925581768 1.392003271991975 40.0 
262.0 341.0 4.533595925581768 1.392003271991975 40.0 
262.0 342.0 4.533595925581768 1.392003271991975 40.0 
262.0 343.0 4.533595925581768 1.392003271991975 40.0 
262.0 344.0 4.533595925581768 1.392003271991975 40.0 
262.0 345.0 4.533595925581768 1.392003271991975 40.0 
262.0 346.0 4.533595925581768 1.392003271991975 40.0 
262.0 347.0 4.533595925581768 1.392003271991975 40.0 
262.0 348.0 4.533595925581768 1.392003271991975 40.0 
262.0 349.0 4.533595925581768 1.392003271991975 40.0 
262.0 350.0 4.533595925581768 1.392003271991975 40.0 
262.0 351.0 4.533595925581768 1.392003271991975 40.0 
262.0 352.0 4.533595925581768 1.392003271991975 40.0 
262.0 353.0 4.533595925581768 1.392003271991975 40.0 
262.0 354.0 4.533595925581768 1.392003271991975 40.0 
262.0 355.0 4.533595925581768 1.392003271991975 40.0 
262.0 356.0 4.533595925581768 1.392003271991975 40.0 
262.0 357.0 4.533595925581768 1.392003271991975 40.0 
262.0 358.0 4.533595925581768 1.392003271991975 40.0 
263.0 331.0 4.533595925581768 1.392003271991975 40.0 
263.0 332.0 4.533595925581768 1.392003271991975 40.0 
263.0 333.0 4.533595925581768 1.392003271991975 40.0 
263.0 334.0 4.533595925581768 1.392003271991975 40.0 
263.0 335.0 4.533595925581768 1.392003271991975 40.0 
263.0 336.0 4.533595925581768 1.392003271991975 40.0 
263.0 337.0 4.533595925581768 1.392003271991975 40.0 
263.0 338.0 4.533595925581768 1.392003271991975 40.0 
263.0 339.0 4.533595925581768 1.392003271991975 40.0 
263.0 340.0 4.533595925581768 1.392003271991975 40.0 
263.0 341.0 4.533595925581768 1.392003271991975 40.0 
263.0 342.0 4.533595925581768 1.392003271991975 40.0 
263.0 343.0 4.533595925581768 1.392003271991975 40.0 
263.0 344.0 4.533595925581768 1.392003271991975 40.0 
263.0 345.0 4.533595925581768 1.392003271991975 40.0 
263.0 346.0 4.533595925581768 1.392003271991975 40.0 
263.0 347.0 4.533595925581768 1.392003271991975 40.0 
263.0 348.0 4.533595925581768 1.392003271991975 40.0 
263.0 349.0 4.533595925581768 1.392003271991975 40.0 
263.0 350.0 4.533595925581768 1.392003271991975 40.0 
263.0 351.0 4.533595925581768 1.392003271991975 40.0 
263.0 352.0 4.533595925581768 1.392003271991975 40.0 
263.0 353.0 4.533595925581768 1.392003271991975 40.0 
263.0 354.0 4.533595925581768 1.392003271991975 40.0 
263.0 355.0 4.533595925581768 1.392003271991975 40.0 
263.0 356.0 4.533595925581768 1.392003271991975 40.0 
263.0 357.0 4.533595925581768 1.392003271991975 40.0 
263.0 358.0 4.533595925581768 1.392003271991975 40.0 
264.0 336.0 4.533595925581768 1.392003271991975 40.0 
264.0 337.0 4.533595925581768 1.392003271991975 40.0 
264.0 338.0 4.533595925581768 1.392003271991975 40.0 
264.0 339.0 4.533595925581768 1.392003271991975 40.0 
264.0 340.0 4.533595925581768 1.392003271991975 40.0 
264.0 341.0 4.533595925581768 1.392003271991975 40.0 
264.0 342.0 4.533595925581768 1.392003271991975 40.0 
264.0 343.0 4.533595925581768 1.392003271991975 40.0 
264.0 344.0 4.533595925581768 1.392003271991975 40.0 
264.0 345.0 4.533595925581768 1.392003271991975 40.0 
264.0 346.0 4.533595925581768 1.392003271991975 40.0 
264.0 347.0 4.533595925581768 1.392003271991975 40.0 
264.0 348.0 4.533595925581768 1.392003271991975 40.0 
264.0 349.0 4.533595925581768 1.392003271991975 40.0 
264.0 350.0 4.533595925581768 1.392003271991975 40.0 
264.0 351.0 4.533595925581768 1.392003271991975 40.0 
264.0 352.0 4.533595925581768 1.392003271991975 40.0 
264.0 353.0 4.533595925581768 1.392003271991975 40.0 
264.0 354.0 4.533595925581768 1.392003271991975 40.0 
264.0 355.0 4.533595925581768 1.392003271991975 40.0 
264.0 356.0 4.533595925581768 1.392003271991975 40.0 
264.0 357.0 4.533595925581768 1.392003271991975 40.0 
264.0 358.0 4.533595925581768 1.392003271991975 40.0 
265.0 342.0 4.533595925581768 1.392003271991975 40.0 
265.0 343.0 4.533595925581768 1.392003271991975 40.0 
265.0 344.0 4.533595925581768 1.392003271991975 40.0 
265.0 345.0 4.533595925581768 1.392003271991975 40.0 
265.0 346.0 4.533595925581768 1.392003271991975 40.0 
265.0 347.0 4.533595925581768 1.392003271991975 40.0 
265.0 348.0 4.533595925581768 1.392003271991975 40.0 
265.0 349.0 4.533595925581768 1.392003271991975 40.0 
265.0 350.0 4.533595925581768 1.392003271991975 40.0 
265.0 351.0 4.533595925581768 1.392003271991975 40.0 
265.0 352.0 4.533595925581768 1.392003271991975 40.0 
265.0 353.0 4.533595925581768 1.392003271991975 40.0 
265.0 354.0 4.533595925581768 1.392003271991975 40.0 
265.0 355.0 4.533595925581768 1.392003271991975 40.0 
265.0 356.0 4.533595925581768 1.392003271991975 40.0 
265.0 357.0 4.533595925581768 1.392003271991975 40.0 
266.0 347.0 4.533595925581768 1.392003271991975 40.0 
266.0 348.0 4.533595925581768 1.392003271991975 40.0 
266.0 349.0 4.533595925581768 1.392003271991975 40.0 
266.0 350.0 4.533595925581768 1.392003271991975 40.0 
266.0 351.0 4.533595925581768 1.392003271991975 40.0 
266.0 352.0 4.533595925581768 1.392003271991975 40.0 
266.0 353.0 4.533595925581768 1.392003271991975 40.0 
266.0 354.0 4.533595925581768 1.392003271991975 40.0 
266.0 355.0 4.533595925581768 1.392003271991975 40.0 
266.0 356.0 4.533595925581768 1.392003271991975 40.0 
266.0 357.0 4.533595925581768 1.392003271991975 40.0 
267.0 353.0 4.533595925581768 1.392003271991975 40.0 
267.0 354.0 4.533595925581768 1.392003271991975 40.0 
267.0 355.0 4.533595925581768 1.392003271991975 40.0 
267.0 356.0 4.533595925581768 1.392003271991975 40.0 
267.0 357.0 4.533595925581768 1.392003271991975 40.0 
251.0 273.0 1.7942729279355285 4.935865581525322 44.0 
251.0 274.0 1.7942729279355285 4.935865581525322 44.0 
251.0 275.0 1.7942729279355285 4.935865581525322 44.0 
251.0 276.0 1.7942729279355285 4.935865581525322 44.0 
252.0 268.0 1.7942729279355285 4.935865581525322 44.0 
252.0 269.0 1.7942729279355285 4.935865581525322 44.0 
252.0 270.0 1.7942729279355285 4.935865581525322 44.0 
252.0 271.0 1.7942729279355285 4.935865581525322 44.0 
252.0 272.0 1.7942729279355285 4.935865581525322 44.0 
252.0 273.0 1.7942729279355285 4.935865581525322 44.0 
252.0 274.0 1.7942729279355285 4.935865581525322 44.0 
252.0 275.0 1.7942729279355285 4.935865581525322 44.0 
252.0 276.0 1.7942729279355285 4.935865581525322 44.0 
253.0 264.0 1.7942729279355285 4.935865581525322 44.0 
253.0 265.0 1.7942729279355285 4.935865581525322 44.0 
253.0 266.0 1.7942729279355285 4.935865581525322 44.0 
253.0 267.0 1.7942729279355285 4.935865581525322 44.0 
253.0 268.0 1.7942729279355285 4.935865581525322 44.0 
253.0 269.0 1.7942729279355285 4.935865581525322 44.0 
253.0 270.0 1.7942729279355285 4.935865581525322 44.0 
253.0 271.0 1.7942729279355285 4.935865581525322 44.0 
253.0 272.0 1.7942729279355285 4.935865581525322 44.0 
253.0 273.0 1.7942729279355285 4.935865581525322 44.0 
253.0 274.0 1.7942729279355285 4.935865581525322 44.0 
253.0 275.0 1.7942729279355285 4.935865581525322 44.0 
253.0 276.0 1.7942729279355285 4.935865581525322 44.0 
254.0 260.0 1.7942729279355285 4.935865581525322 44.0 
254.0 261.0 1.7942729279355285 4.935865581525322 44.0 
254.0 262.0 1.7942729279355285 4.935865581525322 44.0 
254.0 263.0 1.7942729279355285 4.935865581525322 44.0 
254.0 264.0 1.7942729279355285 4.935865581525322 44.0 
254.0 265.0 1.7942729279355285 4.935865581525322 44.0 
254.0 266.0 1.7942729279355285 4.935865581525322 44.0 
254.0 267.0 1.7942729279355285 4.935865581525322 44.0 
254.0 268.0 1.7942729279355285 4.935865581525322 44.0 
254.0 269.0 1.7942729279355285 4.935865581525322 44.0 
254.0 270.0 1.7942729279355285 4.935865581525322 44.0 
254.0 271.0 1.7942729279355285 4.935865581525322 44.0 
254.0 272.0 1.7942729279355285 4.935865581525322 44.0 
254.0 273.0 1.7942729279355285 4.935865581525322 44.0 
254.0 274.0 1.7942729279355285 4.935865581525322 44.0 
254.0 275.0 1.7942729279355285 4.935865581525322 44.0 
254.0 276.0 1.7942729279355285 4.935865581525322 44.0 
254.0 277.0 1.7942729279355285 4.935865581525322 44.0 
255.0 255.0 1.7942729279355285 4.935865581525322 44.0 
255.0 256.0 1.7942729279355285 4.935865581525322 44.0 
255.0 257.0 1.7942729279355285 4.935865581525322 44.0 
255.0 258.0 1.7942729279355285 4.935865581525322 44.0 
255.0 259.0 1.7942729279355285 4.935865581525322 44.0 
255.0 260.0 1.7942729279355285 4.935865581525322 44.0 
255.0 261.0 1.7942729279355285 4.935865581525322 44.0 
255.0 262.0 1.7942729279355285 4.935865581525322 44.0 
255.0 263.0 1.7942729279355285 4.935865581525322 44.0 
255.0 264.0 1.7942729279355285 4.935865581525322 44.0 
255.0 265.0 1.7942729279355285 4.935865581525322 44.0 
255.0 266.0 1.7942729279355285 4.935865581525322 44.0 
255.0 267.0 1.7942729279355285 4.935865581525322 44.0 
255.0 268.0 1.7942729279355285 4.935865581525322 44.0 
255.0 269.0 1.7942729279355285 4.935865581525322 44.0 
255.0 270.0 1.7942729279355285 4.935865581525322 44.0 
255.0 271.0 1.7942729279355285 4.935865581525322 44.0 
255.0 272.0 1.7942729279355285 4.935865581525322 44.0 
255.0 273.0 1.7942729279355285 4.935865581525322 44.0 
255.0 274.0 1.7942729279355285 4.935865581525322 44.0 
255.0 275.0 1.7942729279355285 4.935865581525322 44.0 
255.0 276.0 1.7942729279355285 4.935865581525322 44.0 
255.0 277.0 1.7942729279355285 4.935865581525322 44.0 
256.0 255.0 1.7942729279355285 4.935865581525322 44.0 
256.0 256.0 1.7942729279355285 4.935865581525322 44.0 
256.0 257.0 1.7942729279355285 4.935865581525322 44.0 
256.0 258.0 1.7942729279355285 4.935865581525322 44.0 
256.0 259.0 1.7942729279355285 4.935865581525322 44.0 
256.0 260.0 1.7942729279355285 4.935865581525322 44.0 
256.0 261.0 1.7942729279355285 4.935865581525322 44.0 
256.0 262.0 1.7942729279355285 4.935865581525322 44.0 
256.0 263.0 1.7942729279355285 4.935865581525322 44.0 
256.0 264.0 1.7942729279355285 4.935865581525322 44.0 
256.0 265.0 1.7942729279355285 4.935865581525322 44.0 
256.0 266.0 1.7942729279355285 4.935865581525322 44.0 
256.0 267.0 1.7942729279355285 4.935865581525322 44.0 
256.0 268.0 1.7942729279355285 4.935865581525322 44.0 
256.0 269.0 1.7942729279355285 4.935865581525322 44.0 
256.0 270.0 1.7942729279355285 4.935865581525322 44.0 
256.0 271.0 1.7942729279355285 4.935865581525322 44.0 
256.0 272.0 1.7942729279355285 4.935865581525322 44.0 
256.0 273.0 1.7942729279355285 4.935865581525322 44.0 
256.0 274.0 1.7942729279355285 4.935865581525322 44.0 
256.0 275.0 1.7942729279355285 4.935865581525322 44.0 
256.0 276.0 1.7942729279355285 4.935865581525322 44.0 
256.0 277.0 1.7942729279355285 4.935865581525322 44.0 
257.0 255.0 1.7942729279355285 4.935865581525322 44.0 
257.0 256.0 1.7942729279355285 4.935865581525322 44.0 
257.0 257.0 1.7942729279355285 4.935865581525322 44.0 
257.0 258.0 1.7942729279355285 4.935865581525322 44.0 
257.0 259.0 1.7942729279355285 4.935865581525322 44.0 
257.0 260.0 1.7942729279355285 4.935865581525322 44.0 
257.0 261.0 1.7942729279355285 4.935865581525322 44.0 
257.0 262.0 1.7942729279355285 4.935865581525322 44.0 
257.0 263.0 1.7942729279355285 4.935865581525322 44.0 
257.0 264.0 1.7942729279355285 4.935865581525322 44.0 
257.0 265.0 1.7942729279355285 4.935865581525322 44.0 
257.0 266.0 1.7942729279355285 4.935865581525322 44.0 
257.0 267.0 1.7942729279355285 4.935865581525322 44.0 
257.0 268.0 1.7942729279355285 4.935865581525322 44.0 
257.0 269.0 1.7942729279355285 4.935865581525322 44.0 
257.0 270.0 1.7942729279355285 4.935865581525322 44.0 
257.0 271.0 1.7942729279355285 4.935865581525322 44.0 
257.0 272.0 1.7942729279355285 4.935865581525322 44.0 
258.0 255.0 1.7942729279355285 4.935865581525322 44.0 
258.0 256.0 1.7942729279355285 4.935865581525322 44.0 
258.0 257.0 1.7942729279355285 4.935865581525322 44.0 
258.0 258.0 1.7942729279355285 4.935865581525322 44.0 
258.0 259.0 1.7942729279355285 4.935865581525322 44.0 
258.0 260.0 1.7942729279355285 4.935865581525322 44.0 
258.0 261.0 1.7942729279355285 4.935865581525322 44.0 
258.0 262.0 1.7942729279355285 4.935865581525322 44.0 
258.0 263.0 1.7942729279355285 4.935865581525322 44.0 
258.0 264.0 1.7942729279355285 4.935865581525322 44.0 
258.0 265.0 1.7942729279355285 4.935865581525322 44.0 
258.0 266.0 1.7942729279355285 4.935865581525322 44.0 
258.0 267.0 1.7942729279355285 4.935865581525322 44.0 
258.0 268.0 1.7942729279355285 4.935865581525322 44.0 
259.0 256.0 1.7942729279355285 4.935865581525322 44.0 
259.0 257.0 1.7942729279355285 4.935865581525322 44.0 
259.0 258.0 1.7942729279355285 4.935865581525322 44.0 
259.0 259.0 1.7942729279355285 4.935865581525322 44.0 
259.0 260.0 1.7942729279355285 4.935865581525322 44.0 
259.0 261.0 1.7942729279355285 4.935865581525322 44.0 
259.0 262.0 1.7942729279355285 4.935865581525322 44.0 
259.0 263.0 1.7942729279355285 4.935865581525322 44.0 
259.0 264.0 1.7942729279355285 4.935865581525322 44.0 
260.0 256.0 1.7942729279355285 4.935865581525322 44.0 
260.0 257.0 1.7942729279355285 4.935865581525322 44.0 
260.0 258.0 1.7942729279355285 4.935865581525322 44.0 
260.0 259.0 1.7942729279355285 4.935865581525322 44.0 
