280 263 0.4636476090008061 40.0 
280 264 0.4636476090008061 40.0 
280 265 0.4636476090008061 40.0 
280 266 0.4636476090008061 40.0 
281 261 0.4636476090008061 40.0 
281 262 0.4636476090008061 40.0 
281 263 0.4636476090008061 40.0 
281 264 0.4636476090008061 40.0 
281 265 0.4636476090008061 40.0 
281 266 0.4636476090008061 40.0 
282 261 0.4636476090008061 40.0 
282 262 0.4636476090008061 40.0 
282 263 0.4636476090008061 40.0 
282 264 0.4636476090008061 40.0 
282 265 0.4636476090008061 40.0 
282 266 0.4636476090008061 40.0 
282 267 0.4636476090008061 40.0 
283 262 0.4636476090008061 40.0 
283 263 0.4636476090008061 40.0 
283 264 0.4636476090008061 40.0 
283 265 0.4636476090008061 40.0 
283 266 0.4636476090008061 40.0 
283 267 0.4636476090008061 40.0 
284 262 0.4636476090008061 40.0 
284 263 0.4636476090008061 40.0 
284 264 0.4636476090008061 40.0 
284 265 0.4636476090008061 40.0 
284 266 0.4636476090008061 40.0 
284 267 0.4636476090008061 40.0 
284 268 0.4636476090008061 40.0 
285 263 0.4636476090008061 40.0 
285 264 0.4636476090008061 40.0 
285 265 0.4636476090008061 40.0 
285 266 0.4636476090008061 40.0 
285 267 0.4636476090008061 40.0 
285 268 0.4636476090008061 40.0 
286 263 0.4636476090008061 40.0 
286 264 0.4636476090008061 40.0 
286 265 0.4636476090008061 40.0 
286 266 0.4636476090008061 40.0 
286 267 0.4636476090008061 40.0 
286 268 0.4636476090008061 40.0 
286 269 0.4636476090008061 40.0 
287 264 0.4636476090008061 40.0 
287 265 0.4636476090008061 40.0 
287 266 0.4636476090008061 40.0 
287 267 0.4636476090008061 40.0 
287 268 0.4636476090008061 40.0 
287 269 0.4636476090008061 40.0 
288 264 0.4636476090008061 40.0 
288 265 0.4636476090008061 40.0 
288 266 0.4636476090008061 40.0 
288 267 0.4636476090008061 40.0 
288 268 0.4636476090008061 40.0 
288 269 0.4636476090008061 40.0 
288 270 0.4636476090008061 40.0 
289 265 0.4636476090008061 40.0 
289 266 0.4636476090008061 40.0 
289 267 0.4636476090008061 40.0 
289 268 0.4636476090008061 40.0 
289 269 0.4636476090008061 40.0 
289 270 0.4636476090008061 40.0 
290 265 0.4636476090008061 40.0 
290 266 0.4636476090008061 40.0 
290 267 0.4636476090008061 40.0 
260 288 5.034139534781331 32.0 
261 285 5.034139534781331 32.0 
261 286 5.034139534781331 32.0 
261 287 5.034139534781331 32.0 
261 288 5.034139534781331 32.0 
262 282 5.034139534781331 32.0 
262 283 5.034139534781331 32.0 
262 284 5.034139534781331 32.0 
262 285 5.034139534781331 32.0 
262 286 5.034139534781331 32.0 
262 287 5.034139534781331 32.0 
262 288 5.034139534781331 32.0 
262 289 5.034139534781331 32.0 
263 279 5.034139534781331 32.0 
263 280 5.034139534781331 32.0 
263 281 5.034139534781331 32.0 
263 282 5.034139534781331 32.0 
263 283 5.034139534781331 32.0 
263 284 5.034139534781331 32.0 
263 285 5.034139534781331 32.0 
263 286 5.034139534781331 32.0 
263 287 5.034139534781331 32.0 
264 276 5.034139534781331 32.0 
264 277 5.034139534781331 32.0 
264 278 5.034139534781331 32.0 
264 279 5.034139534781331 32.0 
264 280 5.034139534781331 32.0 
264 281 5.034139534781331 32.0 
264 282 5.034139534781331 32.0 
264 283 5.034139534781331 32.0 
264 284 5.034139534781331 32.0 
265 274 5.034139534781331 32.0 
265 275 5.034139534781331 32.0 
265 276 5.034139534781331 32.0 
265 277 5.034139534781331 32.0 
265 278 5.034139534781331 32.0 
265 279 5.034139534781331 32.0 
265 280 5.034139534781331 32.0 
265 281 5.034139534781331 32.0 
266 274 5.034139534781331 32.0 
266 275 5.034139534781331 32.0 
266 276 5.034139534781331 32.0 
266 277 5.034139534781331 32.0 
266 278 5.034139534781331 32.0 
267 275 5.034139534781331 32.0 
288 288 1.446441332248136 28.0 
288 289 1.446441332248136 28.0 
288 290 1.446441332248136 28.0 
288 291 1.446441332248136 28.0 
289 287 1.446441332248136 28.0 
289 288 1.446441332248136 28.0 
289 289 1.446441332248136 28.0 
289 290 1.446441332248136 28.0 
289 291 1.446441332248136 28.0 
289 292 1.446441332248136 28.0 
289 293 1.446441332248136 28.0 
289 294 1.446441332248136 28.0 
289 295 1.446441332248136 28.0 
290 287 1.446441332248136 28.0 
290 288 1.446441332248136 28.0 
290 289 1.446441332248136 28.0 
290 290 1.446441332248136 28.0 
290 291 1.446441332248136 28.0 
290 292 1.446441332248136 28.0 
290 293 1.446441332248136 28.0 
290 294 1.446441332248136 28.0 
291 291 1.446441332248136 28.0 
291 292 1.446441332248136 28.0 
291 293 1.446441332248136 28.0 
291 294 1.446441332248136 28.0 
