261.0 238.0 4.420932185906823 1.2793395323170298 32.0 
262.0 237.0 4.420932185906823 1.2793395323170298 32.0 
262.0 238.0 4.420932185906823 1.2793395323170298 32.0 
262.0 239.0 4.420932185906823 1.2793395323170298 32.0 
262.0 240.0 4.420932185906823 1.2793395323170298 32.0 
262.0 241.0 4.420932185906823 1.2793395323170298 32.0 
262.0 242.0 4.420932185906823 1.2793395323170298 32.0 
263.0 237.0 4.420932185906823 1.2793395323170298 32.0 
263.0 238.0 4.420932185906823 1.2793395323170298 32.0 
263.0 239.0 4.420932185906823 1.2793395323170298 32.0 
263.0 240.0 4.420932185906823 1.2793395323170298 32.0 
263.0 241.0 4.420932185906823 1.2793395323170298 32.0 
263.0 242.0 4.420932185906823 1.2793395323170298 32.0 
263.0 243.0 4.420932185906823 1.2793395323170298 32.0 
263.0 244.0 4.420932185906823 1.2793395323170298 32.0 
263.0 245.0 4.420932185906823 1.2793395323170298 32.0 
264.0 239.0 4.420932185906823 1.2793395323170298 32.0 
264.0 240.0 4.420932185906823 1.2793395323170298 32.0 
264.0 241.0 4.420932185906823 1.2793395323170298 32.0 
264.0 242.0 4.420932185906823 1.2793395323170298 32.0 
264.0 243.0 4.420932185906823 1.2793395323170298 32.0 
264.0 244.0 4.420932185906823 1.2793395323170298 32.0 
264.0 245.0 4.420932185906823 1.2793395323170298 32.0 
264.0 246.0 4.420932185906823 1.2793395323170298 32.0 
264.0 247.0 4.420932185906823 1.2793395323170298 32.0 
264.0 248.0 4.420932185906823 1.2793395323170298 32.0 
265.0 242.0 4.420932185906823 1.2793395323170298 32.0 
265.0 243.0 4.420932185906823 1.2793395323170298 32.0 
265.0 244.0 4.420932185906823 1.2793395323170298 32.0 
265.0 245.0 4.420932185906823 1.2793395323170298 32.0 
265.0 246.0 4.420932185906823 1.2793395323170298 32.0 
265.0 247.0 4.420932185906823 1.2793395323170298 32.0 
265.0 248.0 4.420932185906823 1.2793395323170298 32.0 
265.0 249.0 4.420932185906823 1.2793395323170298 32.0 
265.0 250.0 4.420932185906823 1.2793395323170298 32.0 
265.0 251.0 4.420932185906823 1.2793395323170298 32.0 
265.0 252.0 4.420932185906823 1.2793395323170298 32.0 
266.0 246.0 4.420932185906823 1.2793395323170298 32.0 
266.0 247.0 4.420932185906823 1.2793395323170298 32.0 
266.0 248.0 4.420932185906823 1.2793395323170298 32.0 
266.0 249.0 4.420932185906823 1.2793395323170298 32.0 
266.0 250.0 4.420932185906823 1.2793395323170298 32.0 
266.0 251.0 4.420932185906823 1.2793395323170298 32.0 
266.0 252.0 4.420932185906823 1.2793395323170298 32.0 
266.0 253.0 4.420932185906823 1.2793395323170298 32.0 
266.0 254.0 4.420932185906823 1.2793395323170298 32.0 
266.0 255.0 4.420932185906823 1.2793395323170298 32.0 
267.0 249.0 4.420932185906823 1.2793395323170298 32.0 
267.0 250.0 4.420932185906823 1.2793395323170298 32.0 
267.0 251.0 4.420932185906823 1.2793395323170298 32.0 
267.0 252.0 4.420932185906823 1.2793395323170298 32.0 
267.0 253.0 4.420932185906823 1.2793395323170298 32.0 
267.0 254.0 4.420932185906823 1.2793395323170298 32.0 
267.0 255.0 4.420932185906823 1.2793395323170298 32.0 
267.0 256.0 4.420932185906823 1.2793395323170298 32.0 
267.0 257.0 4.420932185906823 1.2793395323170298 32.0 
268.0 252.0 4.420932185906823 1.2793395323170298 32.0 
268.0 253.0 4.420932185906823 1.2793395323170298 32.0 
268.0 254.0 4.420932185906823 1.2793395323170298 32.0 
268.0 255.0 4.420932185906823 1.2793395323170298 32.0 
268.0 256.0 4.420932185906823 1.2793395323170298 32.0 
269.0 256.0 4.420932185906823 1.2793395323170298 32.0 
293.0 254.0 2.134112588286864 5.275705241876658 32.0 
294.0 253.0 2.134112588286864 5.275705241876658 32.0 
294.0 254.0 2.134112588286864 5.275705241876658 32.0 
295.0 251.0 2.134112588286864 5.275705241876658 32.0 
295.0 252.0 2.134112588286864 5.275705241876658 32.0 
295.0 253.0 2.134112588286864 5.275705241876658 32.0 
295.0 254.0 2.134112588286864 5.275705241876658 32.0 
295.0 255.0 2.134112588286864 5.275705241876658 32.0 
296.0 250.0 2.134112588286864 5.275705241876658 32.0 
296.0 251.0 2.134112588286864 5.275705241876658 32.0 
296.0 252.0 2.134112588286864 5.275705241876658 32.0 
296.0 253.0 2.134112588286864 5.275705241876658 32.0 
296.0 254.0 2.134112588286864 5.275705241876658 32.0 
297.0 248.0 2.134112588286864 5.275705241876658 32.0 
297.0 249.0 2.134112588286864 5.275705241876658 32.0 
297.0 250.0 2.134112588286864 5.275705241876658 32.0 
297.0 251.0 2.134112588286864 5.275705241876658 32.0 
297.0 252.0 2.134112588286864 5.275705241876658 32.0 
297.0 253.0 2.134112588286864 5.275705241876658 32.0 
298.0 246.0 2.134112588286864 5.275705241876658 32.0 
298.0 247.0 2.134112588286864 5.275705241876658 32.0 
298.0 248.0 2.134112588286864 5.275705241876658 32.0 
298.0 249.0 2.134112588286864 5.275705241876658 32.0 
298.0 250.0 2.134112588286864 5.275705241876658 32.0 
298.0 251.0 2.134112588286864 5.275705241876658 32.0 
299.0 245.0 2.134112588286864 5.275705241876658 32.0 
299.0 246.0 2.134112588286864 5.275705241876658 32.0 
299.0 247.0 2.134112588286864 5.275705241876658 32.0 
299.0 248.0 2.134112588286864 5.275705241876658 32.0 
299.0 249.0 2.134112588286864 5.275705241876658 32.0 
300.0 243.0 2.134112588286864 5.275705241876658 32.0 
300.0 244.0 2.134112588286864 5.275705241876658 32.0 
300.0 245.0 2.134112588286864 5.275705241876658 32.0 
300.0 246.0 2.134112588286864 5.275705241876658 32.0 
300.0 247.0 2.134112588286864 5.275705241876658 32.0 
300.0 248.0 2.134112588286864 5.275705241876658 32.0 
301.0 242.0 2.134112588286864 5.275705241876658 32.0 
301.0 243.0 2.134112588286864 5.275705241876658 32.0 
301.0 244.0 2.134112588286864 5.275705241876658 32.0 
301.0 245.0 2.134112588286864 5.275705241876658 32.0 
301.0 246.0 2.134112588286864 5.275705241876658 32.0 
302.0 240.0 2.134112588286864 5.275705241876658 32.0 
302.0 241.0 2.134112588286864 5.275705241876658 32.0 
302.0 242.0 2.134112588286864 5.275705241876658 32.0 
302.0 243.0 2.134112588286864 5.275705241876658 32.0 
302.0 244.0 2.134112588286864 5.275705241876658 32.0 
302.0 245.0 2.134112588286864 5.275705241876658 32.0 
303.0 238.0 2.134112588286864 5.275705241876658 32.0 
303.0 239.0 2.134112588286864 5.275705241876658 32.0 
303.0 240.0 2.134112588286864 5.275705241876658 32.0 
303.0 241.0 2.134112588286864 5.275705241876658 32.0 
303.0 242.0 2.134112588286864 5.275705241876658 32.0 
303.0 243.0 2.134112588286864 5.275705241876658 32.0 
304.0 237.0 2.134112588286864 5.275705241876658 32.0 
304.0 238.0 2.134112588286864 5.275705241876658 32.0 
304.0 239.0 2.134112588286864 5.275705241876658 32.0 
304.0 240.0 2.134112588286864 5.275705241876658 32.0 
304.0 241.0 2.134112588286864 5.275705241876658 32.0 
305.0 236.0 2.134112588286864 5.275705241876658 32.0 
305.0 237.0 2.134112588286864 5.275705241876658 32.0 
305.0 238.0 2.134112588286864 5.275705241876658 32.0 
305.0 239.0 2.134112588286864 5.275705241876658 32.0 
305.0 240.0 2.134112588286864 5.275705241876658 32.0 
306.0 236.0 2.134112588286864 5.275705241876658 32.0 
306.0 237.0 2.134112588286864 5.275705241876658 32.0 
306.0 238.0 2.134112588286864 5.275705241876658 32.0 
307.0 237.0 2.134112588286864 5.275705241876658 32.0 
244 336 5.0928953574970555 20.0 
244 337 5.0928953574970555 20.0 
245 333 5.0928953574970555 20.0 
245 334 5.0928953574970555 20.0 
245 335 5.0928953574970555 20.0 
245 336 5.0928953574970555 20.0 
245 337 5.0928953574970555 20.0 
245 338 5.0928953574970555 20.0 
246 331 5.0928953574970555 20.0 
246 332 5.0928953574970555 20.0 
246 333 5.0928953574970555 20.0 
246 334 5.0928953574970555 20.0 
246 335 5.0928953574970555 20.0 
247 328 5.0928953574970555 20.0 
247 329 5.0928953574970555 20.0 
247 330 5.0928953574970555 20.0 
247 331 5.0928953574970555 20.0 
247 332 5.0928953574970555 20.0 
247 333 5.0928953574970555 20.0 
248 326 5.0928953574970555 20.0 
248 327 5.0928953574970555 20.0 
248 328 5.0928953574970555 20.0 
248 329 5.0928953574970555 20.0 
248 330 5.0928953574970555 20.0 
249 323 5.0928953574970555 20.0 
249 324 5.0928953574970555 20.0 
249 325 5.0928953574970555 20.0 
249 326 5.0928953574970555 20.0 
249 327 5.0928953574970555 20.0 
249 328 5.0928953574970555 20.0 
250 323 5.0928953574970555 20.0 
250 324 5.0928953574970555 20.0 
250 325 5.0928953574970555 20.0 
257 344 1.9295669970654679 16.0 
257 345 1.9295669970654679 16.0 
258 341 1.9295669970654679 16.0 
258 342 1.9295669970654679 16.0 
258 343 1.9295669970654679 16.0 
258 344 1.9295669970654679 16.0 
258 345 1.9295669970654679 16.0 
258 346 1.9295669970654679 16.0 
259 338 1.9295669970654679 16.0 
259 339 1.9295669970654679 16.0 
259 340 1.9295669970654679 16.0 
259 341 1.9295669970654679 16.0 
259 342 1.9295669970654679 16.0 
259 343 1.9295669970654679 16.0 
260 336 1.9295669970654679 16.0 
260 337 1.9295669970654679 16.0 
260 338 1.9295669970654679 16.0 
260 339 1.9295669970654679 16.0 
260 340 1.9295669970654679 16.0 
261 333 1.9295669970654679 16.0 
261 334 1.9295669970654679 16.0 
261 335 1.9295669970654679 16.0 
261 336 1.9295669970654679 16.0 
261 337 1.9295669970654679 16.0 
261 338 1.9295669970654679 16.0 
262 330 1.9295669970654679 16.0 
262 331 1.9295669970654679 16.0 
262 332 1.9295669970654679 16.0 
262 333 1.9295669970654679 16.0 
262 334 1.9295669970654679 16.0 
262 335 1.9295669970654679 16.0 
263 330 1.9295669970654679 16.0 
263 331 1.9295669970654679 16.0 
263 332 1.9295669970654679 16.0 
321 315 0.7853981633974483 20.0 
321 316 0.7853981633974483 20.0 
322 315 0.7853981633974483 20.0 
322 316 0.7853981633974483 20.0 
322 317 0.7853981633974483 20.0 
323 316 0.7853981633974483 20.0 
323 317 0.7853981633974483 20.0 
323 318 0.7853981633974483 20.0 
324 317 0.7853981633974483 20.0 
324 318 0.7853981633974483 20.0 
324 319 0.7853981633974483 20.0 
325 318 0.7853981633974483 20.0 
325 319 0.7853981633974483 20.0 
325 320 0.7853981633974483 20.0 
326 319 0.7853981633974483 20.0 
323 331 2.2455372690184507 20.0 
324 330 2.2455372690184507 20.0 
324 331 2.2455372690184507 20.0 
324 332 2.2455372690184507 20.0 
325 328 2.2455372690184507 20.0 
325 329 2.2455372690184507 20.0 
325 330 2.2455372690184507 20.0 
325 331 2.2455372690184507 20.0 
326 327 2.2455372690184507 20.0 
326 328 2.2455372690184507 20.0 
326 329 2.2455372690184507 20.0 
327 327 2.2455372690184507 20.0 
327 328 2.2455372690184507 20.0 
249.0 341.0 1.9010936816241517 5.042686335213945 40.0 
249.0 342.0 1.9010936816241517 5.042686335213945 40.0 
249.0 343.0 1.9010936816241517 5.042686335213945 40.0 
250.0 338.0 1.9010936816241517 5.042686335213945 40.0 
250.0 339.0 1.9010936816241517 5.042686335213945 40.0 
250.0 340.0 1.9010936816241517 5.042686335213945 40.0 
250.0 341.0 1.9010936816241517 5.042686335213945 40.0 
250.0 342.0 1.9010936816241517 5.042686335213945 40.0 
250.0 343.0 1.9010936816241517 5.042686335213945 40.0 
251.0 335.0 1.9010936816241517 5.042686335213945 40.0 
251.0 336.0 1.9010936816241517 5.042686335213945 40.0 
251.0 337.0 1.9010936816241517 5.042686335213945 40.0 
251.0 338.0 1.9010936816241517 5.042686335213945 40.0 
251.0 339.0 1.9010936816241517 5.042686335213945 40.0 
251.0 340.0 1.9010936816241517 5.042686335213945 40.0 
251.0 341.0 1.9010936816241517 5.042686335213945 40.0 
251.0 342.0 1.9010936816241517 5.042686335213945 40.0 
251.0 343.0 1.9010936816241517 5.042686335213945 40.0 
252.0 332.0 1.9010936816241517 5.042686335213945 40.0 
252.0 333.0 1.9010936816241517 5.042686335213945 40.0 
252.0 334.0 1.9010936816241517 5.042686335213945 40.0 
252.0 335.0 1.9010936816241517 5.042686335213945 40.0 
252.0 336.0 1.9010936816241517 5.042686335213945 40.0 
252.0 337.0 1.9010936816241517 5.042686335213945 40.0 
252.0 338.0 1.9010936816241517 5.042686335213945 40.0 
252.0 339.0 1.9010936816241517 5.042686335213945 40.0 
252.0 340.0 1.9010936816241517 5.042686335213945 40.0 
252.0 341.0 1.9010936816241517 5.042686335213945 40.0 
252.0 342.0 1.9010936816241517 5.042686335213945 40.0 
252.0 343.0 1.9010936816241517 5.042686335213945 40.0 
252.0 344.0 1.9010936816241517 5.042686335213945 40.0 
253.0 329.0 1.9010936816241517 5.042686335213945 40.0 
253.0 330.0 1.9010936816241517 5.042686335213945 40.0 
253.0 331.0 1.9010936816241517 5.042686335213945 40.0 
253.0 332.0 1.9010936816241517 5.042686335213945 40.0 
253.0 333.0 1.9010936816241517 5.042686335213945 40.0 
253.0 334.0 1.9010936816241517 5.042686335213945 40.0 
253.0 335.0 1.9010936816241517 5.042686335213945 40.0 
253.0 336.0 1.9010936816241517 5.042686335213945 40.0 
253.0 337.0 1.9010936816241517 5.042686335213945 40.0 
253.0 338.0 1.9010936816241517 5.042686335213945 40.0 
253.0 339.0 1.9010936816241517 5.042686335213945 40.0 
253.0 340.0 1.9010936816241517 5.042686335213945 40.0 
253.0 341.0 1.9010936816241517 5.042686335213945 40.0 
253.0 342.0 1.9010936816241517 5.042686335213945 40.0 
253.0 343.0 1.9010936816241517 5.042686335213945 40.0 
253.0 344.0 1.9010936816241517 5.042686335213945 40.0 
254.0 327.0 1.9010936816241517 5.042686335213945 40.0 
254.0 328.0 1.9010936816241517 5.042686335213945 40.0 
254.0 329.0 1.9010936816241517 5.042686335213945 40.0 
254.0 330.0 1.9010936816241517 5.042686335213945 40.0 
254.0 331.0 1.9010936816241517 5.042686335213945 40.0 
254.0 332.0 1.9010936816241517 5.042686335213945 40.0 
254.0 333.0 1.9010936816241517 5.042686335213945 40.0 
254.0 334.0 1.9010936816241517 5.042686335213945 40.0 
254.0 335.0 1.9010936816241517 5.042686335213945 40.0 
254.0 336.0 1.9010936816241517 5.042686335213945 40.0 
254.0 337.0 1.9010936816241517 5.042686335213945 40.0 
254.0 338.0 1.9010936816241517 5.042686335213945 40.0 
254.0 339.0 1.9010936816241517 5.042686335213945 40.0 
254.0 340.0 1.9010936816241517 5.042686335213945 40.0 
254.0 341.0 1.9010936816241517 5.042686335213945 40.0 
254.0 342.0 1.9010936816241517 5.042686335213945 40.0 
254.0 343.0 1.9010936816241517 5.042686335213945 40.0 
254.0 344.0 1.9010936816241517 5.042686335213945 40.0 
255.0 324.0 1.9010936816241517 5.042686335213945 40.0 
255.0 325.0 1.9010936816241517 5.042686335213945 40.0 
255.0 326.0 1.9010936816241517 5.042686335213945 40.0 
255.0 327.0 1.9010936816241517 5.042686335213945 40.0 
255.0 328.0 1.9010936816241517 5.042686335213945 40.0 
255.0 329.0 1.9010936816241517 5.042686335213945 40.0 
255.0 330.0 1.9010936816241517 5.042686335213945 40.0 
255.0 331.0 1.9010936816241517 5.042686335213945 40.0 
255.0 332.0 1.9010936816241517 5.042686335213945 40.0 
255.0 333.0 1.9010936816241517 5.042686335213945 40.0 
255.0 334.0 1.9010936816241517 5.042686335213945 40.0 
255.0 335.0 1.9010936816241517 5.042686335213945 40.0 
255.0 336.0 1.9010936816241517 5.042686335213945 40.0 
255.0 337.0 1.9010936816241517 5.042686335213945 40.0 
255.0 338.0 1.9010936816241517 5.042686335213945 40.0 
255.0 339.0 1.9010936816241517 5.042686335213945 40.0 
255.0 340.0 1.9010936816241517 5.042686335213945 40.0 
255.0 341.0 1.9010936816241517 5.042686335213945 40.0 
256.0 321.0 1.9010936816241517 5.042686335213945 40.0 
256.0 322.0 1.9010936816241517 5.042686335213945 40.0 
256.0 323.0 1.9010936816241517 5.042686335213945 40.0 
256.0 324.0 1.9010936816241517 5.042686335213945 40.0 
256.0 325.0 1.9010936816241517 5.042686335213945 40.0 
256.0 326.0 1.9010936816241517 5.042686335213945 40.0 
256.0 327.0 1.9010936816241517 5.042686335213945 40.0 
256.0 328.0 1.9010936816241517 5.042686335213945 40.0 
256.0 329.0 1.9010936816241517 5.042686335213945 40.0 
256.0 330.0 1.9010936816241517 5.042686335213945 40.0 
256.0 331.0 1.9010936816241517 5.042686335213945 40.0 
256.0 332.0 1.9010936816241517 5.042686335213945 40.0 
256.0 333.0 1.9010936816241517 5.042686335213945 40.0 
256.0 334.0 1.9010936816241517 5.042686335213945 40.0 
256.0 335.0 1.9010936816241517 5.042686335213945 40.0 
256.0 336.0 1.9010936816241517 5.042686335213945 40.0 
256.0 337.0 1.9010936816241517 5.042686335213945 40.0 
256.0 338.0 1.9010936816241517 5.042686335213945 40.0 
257.0 318.0 1.9010936816241517 5.042686335213945 40.0 
257.0 319.0 1.9010936816241517 5.042686335213945 40.0 
257.0 320.0 1.9010936816241517 5.042686335213945 40.0 
257.0 321.0 1.9010936816241517 5.042686335213945 40.0 
257.0 322.0 1.9010936816241517 5.042686335213945 40.0 
257.0 323.0 1.9010936816241517 5.042686335213945 40.0 
257.0 324.0 1.9010936816241517 5.042686335213945 40.0 
257.0 325.0 1.9010936816241517 5.042686335213945 40.0 
257.0 326.0 1.9010936816241517 5.042686335213945 40.0 
257.0 327.0 1.9010936816241517 5.042686335213945 40.0 
257.0 328.0 1.9010936816241517 5.042686335213945 40.0 
257.0 329.0 1.9010936816241517 5.042686335213945 40.0 
257.0 330.0 1.9010936816241517 5.042686335213945 40.0 
257.0 331.0 1.9010936816241517 5.042686335213945 40.0 
257.0 332.0 1.9010936816241517 5.042686335213945 40.0 
257.0 333.0 1.9010936816241517 5.042686335213945 40.0 
257.0 334.0 1.9010936816241517 5.042686335213945 40.0 
257.0 335.0 1.9010936816241517 5.042686335213945 40.0 
258.0 315.0 1.9010936816241517 5.042686335213945 40.0 
258.0 316.0 1.9010936816241517 5.042686335213945 40.0 
258.0 317.0 1.9010936816241517 5.042686335213945 40.0 
258.0 318.0 1.9010936816241517 5.042686335213945 40.0 
258.0 319.0 1.9010936816241517 5.042686335213945 40.0 
258.0 320.0 1.9010936816241517 5.042686335213945 40.0 
258.0 321.0 1.9010936816241517 5.042686335213945 40.0 
258.0 322.0 1.9010936816241517 5.042686335213945 40.0 
258.0 323.0 1.9010936816241517 5.042686335213945 40.0 
258.0 324.0 1.9010936816241517 5.042686335213945 40.0 
258.0 325.0 1.9010936816241517 5.042686335213945 40.0 
258.0 326.0 1.9010936816241517 5.042686335213945 40.0 
258.0 327.0 1.9010936816241517 5.042686335213945 40.0 
258.0 328.0 1.9010936816241517 5.042686335213945 40.0 
258.0 329.0 1.9010936816241517 5.042686335213945 40.0 
258.0 330.0 1.9010936816241517 5.042686335213945 40.0 
258.0 331.0 1.9010936816241517 5.042686335213945 40.0 
258.0 332.0 1.9010936816241517 5.042686335213945 40.0 
259.0 312.0 1.9010936816241517 5.042686335213945 40.0 
259.0 313.0 1.9010936816241517 5.042686335213945 40.0 
259.0 314.0 1.9010936816241517 5.042686335213945 40.0 
259.0 315.0 1.9010936816241517 5.042686335213945 40.0 
259.0 316.0 1.9010936816241517 5.042686335213945 40.0 
259.0 317.0 1.9010936816241517 5.042686335213945 40.0 
259.0 318.0 1.9010936816241517 5.042686335213945 40.0 
259.0 319.0 1.9010936816241517 5.042686335213945 40.0 
259.0 320.0 1.9010936816241517 5.042686335213945 40.0 
259.0 321.0 1.9010936816241517 5.042686335213945 40.0 
259.0 322.0 1.9010936816241517 5.042686335213945 40.0 
259.0 323.0 1.9010936816241517 5.042686335213945 40.0 
259.0 324.0 1.9010936816241517 5.042686335213945 40.0 
259.0 325.0 1.9010936816241517 5.042686335213945 40.0 
259.0 326.0 1.9010936816241517 5.042686335213945 40.0 
259.0 327.0 1.9010936816241517 5.042686335213945 40.0 
259.0 328.0 1.9010936816241517 5.042686335213945 40.0 
259.0 329.0 1.9010936816241517 5.042686335213945 40.0 
260.0 309.0 1.9010936816241517 5.042686335213945 40.0 
260.0 310.0 1.9010936816241517 5.042686335213945 40.0 
260.0 311.0 1.9010936816241517 5.042686335213945 40.0 
260.0 312.0 1.9010936816241517 5.042686335213945 40.0 
260.0 313.0 1.9010936816241517 5.042686335213945 40.0 
260.0 314.0 1.9010936816241517 5.042686335213945 40.0 
260.0 315.0 1.9010936816241517 5.042686335213945 40.0 
260.0 316.0 1.9010936816241517 5.042686335213945 40.0 
260.0 317.0 1.9010936816241517 5.042686335213945 40.0 
260.0 318.0 1.9010936816241517 5.042686335213945 40.0 
260.0 319.0 1.9010936816241517 5.042686335213945 40.0 
260.0 320.0 1.9010936816241517 5.042686335213945 40.0 
260.0 321.0 1.9010936816241517 5.042686335213945 40.0 
260.0 322.0 1.9010936816241517 5.042686335213945 40.0 
260.0 323.0 1.9010936816241517 5.042686335213945 40.0 
260.0 324.0 1.9010936816241517 5.042686335213945 40.0 
260.0 325.0 1.9010936816241517 5.042686335213945 40.0 
260.0 326.0 1.9010936816241517 5.042686335213945 40.0 
261.0 309.0 1.9010936816241517 5.042686335213945 40.0 
261.0 310.0 1.9010936816241517 5.042686335213945 40.0 
261.0 311.0 1.9010936816241517 5.042686335213945 40.0 
261.0 312.0 1.9010936816241517 5.042686335213945 40.0 
261.0 313.0 1.9010936816241517 5.042686335213945 40.0 
261.0 314.0 1.9010936816241517 5.042686335213945 40.0 
261.0 315.0 1.9010936816241517 5.042686335213945 40.0 
261.0 316.0 1.9010936816241517 5.042686335213945 40.0 
261.0 317.0 1.9010936816241517 5.042686335213945 40.0 
261.0 318.0 1.9010936816241517 5.042686335213945 40.0 
261.0 319.0 1.9010936816241517 5.042686335213945 40.0 
261.0 320.0 1.9010936816241517 5.042686335213945 40.0 
261.0 321.0 1.9010936816241517 5.042686335213945 40.0 
261.0 322.0 1.9010936816241517 5.042686335213945 40.0 
261.0 323.0 1.9010936816241517 5.042686335213945 40.0 
261.0 324.0 1.9010936816241517 5.042686335213945 40.0 
262.0 309.0 1.9010936816241517 5.042686335213945 40.0 
262.0 310.0 1.9010936816241517 5.042686335213945 40.0 
262.0 311.0 1.9010936816241517 5.042686335213945 40.0 
262.0 312.0 1.9010936816241517 5.042686335213945 40.0 
262.0 313.0 1.9010936816241517 5.042686335213945 40.0 
262.0 314.0 1.9010936816241517 5.042686335213945 40.0 
262.0 315.0 1.9010936816241517 5.042686335213945 40.0 
262.0 316.0 1.9010936816241517 5.042686335213945 40.0 
262.0 317.0 1.9010936816241517 5.042686335213945 40.0 
262.0 318.0 1.9010936816241517 5.042686335213945 40.0 
262.0 319.0 1.9010936816241517 5.042686335213945 40.0 
262.0 320.0 1.9010936816241517 5.042686335213945 40.0 
262.0 321.0 1.9010936816241517 5.042686335213945 40.0 
263.0 309.0 1.9010936816241517 5.042686335213945 40.0 
263.0 310.0 1.9010936816241517 5.042686335213945 40.0 
263.0 311.0 1.9010936816241517 5.042686335213945 40.0 
263.0 312.0 1.9010936816241517 5.042686335213945 40.0 
263.0 313.0 1.9010936816241517 5.042686335213945 40.0 
263.0 314.0 1.9010936816241517 5.042686335213945 40.0 
263.0 315.0 1.9010936816241517 5.042686335213945 40.0 
263.0 316.0 1.9010936816241517 5.042686335213945 40.0 
263.0 317.0 1.9010936816241517 5.042686335213945 40.0 
263.0 318.0 1.9010936816241517 5.042686335213945 40.0 
264.0 310.0 1.9010936816241517 5.042686335213945 40.0 
264.0 311.0 1.9010936816241517 5.042686335213945 40.0 
264.0 312.0 1.9010936816241517 5.042686335213945 40.0 
264.0 313.0 1.9010936816241517 5.042686335213945 40.0 
264.0 314.0 1.9010936816241517 5.042686335213945 40.0 
264.0 315.0 1.9010936816241517 5.042686335213945 40.0 
265.0 310.0 1.9010936816241517 5.042686335213945 40.0 
265.0 311.0 1.9010936816241517 5.042686335213945 40.0 
265.0 312.0 1.9010936816241517 5.042686335213945 40.0 
298.0 312.0 3.9269908169872414 0.7853981633974483 44.0 
299.0 311.0 3.9269908169872414 0.7853981633974483 44.0 
299.0 312.0 3.9269908169872414 0.7853981633974483 44.0 
299.0 313.0 3.9269908169872414 0.7853981633974483 44.0 
300.0 310.0 3.9269908169872414 0.7853981633974483 44.0 
300.0 311.0 3.9269908169872414 0.7853981633974483 44.0 
300.0 312.0 3.9269908169872414 0.7853981633974483 44.0 
300.0 313.0 3.9269908169872414 0.7853981633974483 44.0 
300.0 314.0 3.9269908169872414 0.7853981633974483 44.0 
301.0 309.0 3.9269908169872414 0.7853981633974483 44.0 
301.0 310.0 3.9269908169872414 0.7853981633974483 44.0 
301.0 311.0 3.9269908169872414 0.7853981633974483 44.0 
301.0 312.0 3.9269908169872414 0.7853981633974483 44.0 
301.0 313.0 3.9269908169872414 0.7853981633974483 44.0 
301.0 314.0 3.9269908169872414 0.7853981633974483 44.0 
301.0 315.0 3.9269908169872414 0.7853981633974483 44.0 
302.0 308.0 3.9269908169872414 0.7853981633974483 44.0 
302.0 309.0 3.9269908169872414 0.7853981633974483 44.0 
302.0 310.0 3.9269908169872414 0.7853981633974483 44.0 
302.0 311.0 3.9269908169872414 0.7853981633974483 44.0 
302.0 312.0 3.9269908169872414 0.7853981633974483 44.0 
302.0 313.0 3.9269908169872414 0.7853981633974483 44.0 
302.0 314.0 3.9269908169872414 0.7853981633974483 44.0 
302.0 315.0 3.9269908169872414 0.7853981633974483 44.0 
302.0 316.0 3.9269908169872414 0.7853981633974483 44.0 
303.0 309.0 3.9269908169872414 0.7853981633974483 44.0 
303.0 310.0 3.9269908169872414 0.7853981633974483 44.0 
303.0 311.0 3.9269908169872414 0.7853981633974483 44.0 
303.0 312.0 3.9269908169872414 0.7853981633974483 44.0 
303.0 313.0 3.9269908169872414 0.7853981633974483 44.0 
303.0 314.0 3.9269908169872414 0.7853981633974483 44.0 
303.0 315.0 3.9269908169872414 0.7853981633974483 44.0 
303.0 316.0 3.9269908169872414 0.7853981633974483 44.0 
303.0 317.0 3.9269908169872414 0.7853981633974483 44.0 
304.0 310.0 3.9269908169872414 0.7853981633974483 44.0 
304.0 311.0 3.9269908169872414 0.7853981633974483 44.0 
304.0 312.0 3.9269908169872414 0.7853981633974483 44.0 
304.0 313.0 3.9269908169872414 0.7853981633974483 44.0 
304.0 314.0 3.9269908169872414 0.7853981633974483 44.0 
304.0 315.0 3.9269908169872414 0.7853981633974483 44.0 
304.0 316.0 3.9269908169872414 0.7853981633974483 44.0 
304.0 317.0 3.9269908169872414 0.7853981633974483 44.0 
304.0 318.0 3.9269908169872414 0.7853981633974483 44.0 
305.0 311.0 3.9269908169872414 0.7853981633974483 44.0 
305.0 312.0 3.9269908169872414 0.7853981633974483 44.0 
305.0 313.0 3.9269908169872414 0.7853981633974483 44.0 
305.0 314.0 3.9269908169872414 0.7853981633974483 44.0 
305.0 315.0 3.9269908169872414 0.7853981633974483 44.0 
305.0 316.0 3.9269908169872414 0.7853981633974483 44.0 
305.0 317.0 3.9269908169872414 0.7853981633974483 44.0 
305.0 318.0 3.9269908169872414 0.7853981633974483 44.0 
305.0 319.0 3.9269908169872414 0.7853981633974483 44.0 
306.0 312.0 3.9269908169872414 0.7853981633974483 44.0 
306.0 313.0 3.9269908169872414 0.7853981633974483 44.0 
306.0 314.0 3.9269908169872414 0.7853981633974483 44.0 
306.0 315.0 3.9269908169872414 0.7853981633974483 44.0 
306.0 316.0 3.9269908169872414 0.7853981633974483 44.0 
306.0 317.0 3.9269908169872414 0.7853981633974483 44.0 
306.0 318.0 3.9269908169872414 0.7853981633974483 44.0 
306.0 319.0 3.9269908169872414 0.7853981633974483 44.0 
306.0 320.0 3.9269908169872414 0.7853981633974483 44.0 
307.0 313.0 3.9269908169872414 0.7853981633974483 44.0 
307.0 314.0 3.9269908169872414 0.7853981633974483 44.0 
307.0 315.0 3.9269908169872414 0.7853981633974483 44.0 
307.0 316.0 3.9269908169872414 0.7853981633974483 44.0 
307.0 317.0 3.9269908169872414 0.7853981633974483 44.0 
307.0 318.0 3.9269908169872414 0.7853981633974483 44.0 
307.0 319.0 3.9269908169872414 0.7853981633974483 44.0 
307.0 320.0 3.9269908169872414 0.7853981633974483 44.0 
307.0 321.0 3.9269908169872414 0.7853981633974483 44.0 
308.0 314.0 3.9269908169872414 0.7853981633974483 44.0 
308.0 315.0 3.9269908169872414 0.7853981633974483 44.0 
308.0 316.0 3.9269908169872414 0.7853981633974483 44.0 
308.0 317.0 3.9269908169872414 0.7853981633974483 44.0 
308.0 318.0 3.9269908169872414 0.7853981633974483 44.0 
308.0 319.0 3.9269908169872414 0.7853981633974483 44.0 
308.0 320.0 3.9269908169872414 0.7853981633974483 44.0 
308.0 321.0 3.9269908169872414 0.7853981633974483 44.0 
308.0 322.0 3.9269908169872414 0.7853981633974483 44.0 
309.0 315.0 3.9269908169872414 0.7853981633974483 44.0 
309.0 316.0 3.9269908169872414 0.7853981633974483 44.0 
309.0 317.0 3.9269908169872414 0.7853981633974483 44.0 
309.0 318.0 3.9269908169872414 0.7853981633974483 44.0 
309.0 319.0 3.9269908169872414 0.7853981633974483 44.0 
309.0 320.0 3.9269908169872414 0.7853981633974483 44.0 
309.0 321.0 3.9269908169872414 0.7853981633974483 44.0 
309.0 322.0 3.9269908169872414 0.7853981633974483 44.0 
309.0 323.0 3.9269908169872414 0.7853981633974483 44.0 
310.0 316.0 3.9269908169872414 0.7853981633974483 44.0 
310.0 317.0 3.9269908169872414 0.7853981633974483 44.0 
310.0 318.0 3.9269908169872414 0.7853981633974483 44.0 
310.0 319.0 3.9269908169872414 0.7853981633974483 44.0 
310.0 320.0 3.9269908169872414 0.7853981633974483 44.0 
310.0 321.0 3.9269908169872414 0.7853981633974483 44.0 
310.0 322.0 3.9269908169872414 0.7853981633974483 44.0 
310.0 323.0 3.9269908169872414 0.7853981633974483 44.0 
310.0 324.0 3.9269908169872414 0.7853981633974483 44.0 
311.0 317.0 3.9269908169872414 0.7853981633974483 44.0 
311.0 318.0 3.9269908169872414 0.7853981633974483 44.0 
311.0 319.0 3.9269908169872414 0.7853981633974483 44.0 
311.0 320.0 3.9269908169872414 0.7853981633974483 44.0 
311.0 321.0 3.9269908169872414 0.7853981633974483 44.0 
311.0 322.0 3.9269908169872414 0.7853981633974483 44.0 
311.0 323.0 3.9269908169872414 0.7853981633974483 44.0 
311.0 324.0 3.9269908169872414 0.7853981633974483 44.0 
311.0 325.0 3.9269908169872414 0.7853981633974483 44.0 
312.0 318.0 3.9269908169872414 0.7853981633974483 44.0 
312.0 319.0 3.9269908169872414 0.7853981633974483 44.0 
312.0 320.0 3.9269908169872414 0.7853981633974483 44.0 
312.0 321.0 3.9269908169872414 0.7853981633974483 44.0 
312.0 322.0 3.9269908169872414 0.7853981633974483 44.0 
312.0 323.0 3.9269908169872414 0.7853981633974483 44.0 
312.0 324.0 3.9269908169872414 0.7853981633974483 44.0 
312.0 325.0 3.9269908169872414 0.7853981633974483 44.0 
312.0 326.0 3.9269908169872414 0.7853981633974483 44.0 
313.0 319.0 3.9269908169872414 0.7853981633974483 44.0 
313.0 320.0 3.9269908169872414 0.7853981633974483 44.0 
313.0 321.0 3.9269908169872414 0.7853981633974483 44.0 
313.0 322.0 3.9269908169872414 0.7853981633974483 44.0 
313.0 323.0 3.9269908169872414 0.7853981633974483 44.0 
313.0 324.0 3.9269908169872414 0.7853981633974483 44.0 
313.0 325.0 3.9269908169872414 0.7853981633974483 44.0 
313.0 326.0 3.9269908169872414 0.7853981633974483 44.0 
313.0 327.0 3.9269908169872414 0.7853981633974483 44.0 
314.0 320.0 3.9269908169872414 0.7853981633974483 44.0 
314.0 321.0 3.9269908169872414 0.7853981633974483 44.0 
314.0 322.0 3.9269908169872414 0.7853981633974483 44.0 
314.0 323.0 3.9269908169872414 0.7853981633974483 44.0 
314.0 324.0 3.9269908169872414 0.7853981633974483 44.0 
314.0 325.0 3.9269908169872414 0.7853981633974483 44.0 
314.0 326.0 3.9269908169872414 0.7853981633974483 44.0 
314.0 327.0 3.9269908169872414 0.7853981633974483 44.0 
315.0 321.0 3.9269908169872414 0.7853981633974483 44.0 
315.0 322.0 3.9269908169872414 0.7853981633974483 44.0 
315.0 323.0 3.9269908169872414 0.7853981633974483 44.0 
315.0 324.0 3.9269908169872414 0.7853981633974483 44.0 
315.0 325.0 3.9269908169872414 0.7853981633974483 44.0 
315.0 326.0 3.9269908169872414 0.7853981633974483 44.0 
316.0 322.0 3.9269908169872414 0.7853981633974483 44.0 
316.0 323.0 3.9269908169872414 0.7853981633974483 44.0 
316.0 324.0 3.9269908169872414 0.7853981633974483 44.0 
316.0 325.0 3.9269908169872414 0.7853981633974483 44.0 
317.0 323.0 3.9269908169872414 0.7853981633974483 44.0 
317.0 324.0 3.9269908169872414 0.7853981633974483 44.0 
