317.0 303.0 4.59751237496779 1.455919721377997 40.0 
317.0 304.0 4.59751237496779 1.455919721377997 40.0 
317.0 305.0 4.59751237496779 1.455919721377997 40.0 
317.0 306.0 4.59751237496779 1.455919721377997 40.0 
317.0 307.0 4.59751237496779 1.455919721377997 40.0 
317.0 308.0 4.59751237496779 1.455919721377997 40.0 
317.0 309.0 4.59751237496779 1.455919721377997 40.0 
317.0 310.0 4.59751237496779 1.455919721377997 40.0 
318.0 303.0 4.59751237496779 1.455919721377997 40.0 
318.0 304.0 4.59751237496779 1.455919721377997 40.0 
318.0 305.0 4.59751237496779 1.455919721377997 40.0 
318.0 306.0 4.59751237496779 1.455919721377997 40.0 
318.0 307.0 4.59751237496779 1.455919721377997 40.0 
318.0 308.0 4.59751237496779 1.455919721377997 40.0 
318.0 309.0 4.59751237496779 1.455919721377997 40.0 
318.0 310.0 4.59751237496779 1.455919721377997 40.0 
318.0 311.0 4.59751237496779 1.455919721377997 40.0 
318.0 312.0 4.59751237496779 1.455919721377997 40.0 
318.0 313.0 4.59751237496779 1.455919721377997 40.0 
318.0 314.0 4.59751237496779 1.455919721377997 40.0 
318.0 315.0 4.59751237496779 1.455919721377997 40.0 
318.0 316.0 4.59751237496779 1.455919721377997 40.0 
318.0 317.0 4.59751237496779 1.455919721377997 40.0 
318.0 318.0 4.59751237496779 1.455919721377997 40.0 
318.0 319.0 4.59751237496779 1.455919721377997 40.0 
319.0 302.0 4.59751237496779 1.455919721377997 40.0 
319.0 303.0 4.59751237496779 1.455919721377997 40.0 
319.0 304.0 4.59751237496779 1.455919721377997 40.0 
319.0 305.0 4.59751237496779 1.455919721377997 40.0 
319.0 306.0 4.59751237496779 1.455919721377997 40.0 
319.0 307.0 4.59751237496779 1.455919721377997 40.0 
319.0 308.0 4.59751237496779 1.455919721377997 40.0 
319.0 309.0 4.59751237496779 1.455919721377997 40.0 
319.0 310.0 4.59751237496779 1.455919721377997 40.0 
319.0 311.0 4.59751237496779 1.455919721377997 40.0 
319.0 312.0 4.59751237496779 1.455919721377997 40.0 
319.0 313.0 4.59751237496779 1.455919721377997 40.0 
319.0 314.0 4.59751237496779 1.455919721377997 40.0 
319.0 315.0 4.59751237496779 1.455919721377997 40.0 
319.0 316.0 4.59751237496779 1.455919721377997 40.0 
319.0 317.0 4.59751237496779 1.455919721377997 40.0 
319.0 318.0 4.59751237496779 1.455919721377997 40.0 
319.0 319.0 4.59751237496779 1.455919721377997 40.0 
319.0 320.0 4.59751237496779 1.455919721377997 40.0 
319.0 321.0 4.59751237496779 1.455919721377997 40.0 
319.0 322.0 4.59751237496779 1.455919721377997 40.0 
319.0 323.0 4.59751237496779 1.455919721377997 40.0 
319.0 324.0 4.59751237496779 1.455919721377997 40.0 
319.0 325.0 4.59751237496779 1.455919721377997 40.0 
319.0 326.0 4.59751237496779 1.455919721377997 40.0 
319.0 327.0 4.59751237496779 1.455919721377997 40.0 
319.0 328.0 4.59751237496779 1.455919721377997 40.0 
320.0 302.0 4.59751237496779 1.455919721377997 40.0 
320.0 303.0 4.59751237496779 1.455919721377997 40.0 
320.0 304.0 4.59751237496779 1.455919721377997 40.0 
320.0 305.0 4.59751237496779 1.455919721377997 40.0 
320.0 306.0 4.59751237496779 1.455919721377997 40.0 
320.0 307.0 4.59751237496779 1.455919721377997 40.0 
320.0 308.0 4.59751237496779 1.455919721377997 40.0 
320.0 309.0 4.59751237496779 1.455919721377997 40.0 
320.0 310.0 4.59751237496779 1.455919721377997 40.0 
320.0 311.0 4.59751237496779 1.455919721377997 40.0 
320.0 312.0 4.59751237496779 1.455919721377997 40.0 
320.0 313.0 4.59751237496779 1.455919721377997 40.0 
320.0 314.0 4.59751237496779 1.455919721377997 40.0 
320.0 315.0 4.59751237496779 1.455919721377997 40.0 
320.0 316.0 4.59751237496779 1.455919721377997 40.0 
320.0 317.0 4.59751237496779 1.455919721377997 40.0 
320.0 318.0 4.59751237496779 1.455919721377997 40.0 
320.0 319.0 4.59751237496779 1.455919721377997 40.0 
320.0 320.0 4.59751237496779 1.455919721377997 40.0 
320.0 321.0 4.59751237496779 1.455919721377997 40.0 
320.0 322.0 4.59751237496779 1.455919721377997 40.0 
320.0 323.0 4.59751237496779 1.455919721377997 40.0 
320.0 324.0 4.59751237496779 1.455919721377997 40.0 
320.0 325.0 4.59751237496779 1.455919721377997 40.0 
320.0 326.0 4.59751237496779 1.455919721377997 40.0 
320.0 327.0 4.59751237496779 1.455919721377997 40.0 
320.0 328.0 4.59751237496779 1.455919721377997 40.0 
321.0 302.0 4.59751237496779 1.455919721377997 40.0 
321.0 303.0 4.59751237496779 1.455919721377997 40.0 
321.0 304.0 4.59751237496779 1.455919721377997 40.0 
321.0 305.0 4.59751237496779 1.455919721377997 40.0 
321.0 306.0 4.59751237496779 1.455919721377997 40.0 
321.0 307.0 4.59751237496779 1.455919721377997 40.0 
321.0 308.0 4.59751237496779 1.455919721377997 40.0 
321.0 309.0 4.59751237496779 1.455919721377997 40.0 
321.0 310.0 4.59751237496779 1.455919721377997 40.0 
321.0 311.0 4.59751237496779 1.455919721377997 40.0 
321.0 312.0 4.59751237496779 1.455919721377997 40.0 
321.0 313.0 4.59751237496779 1.455919721377997 40.0 
321.0 314.0 4.59751237496779 1.455919721377997 40.0 
321.0 315.0 4.59751237496779 1.455919721377997 40.0 
321.0 316.0 4.59751237496779 1.455919721377997 40.0 
321.0 317.0 4.59751237496779 1.455919721377997 40.0 
321.0 318.0 4.59751237496779 1.455919721377997 40.0 
321.0 319.0 4.59751237496779 1.455919721377997 40.0 
321.0 320.0 4.59751237496779 1.455919721377997 40.0 
321.0 321.0 4.59751237496779 1.455919721377997 40.0 
321.0 322.0 4.59751237496779 1.455919721377997 40.0 
321.0 323.0 4.59751237496779 1.455919721377997 40.0 
321.0 324.0 4.59751237496779 1.455919721377997 40.0 
321.0 325.0 4.59751237496779 1.455919721377997 40.0 
321.0 326.0 4.59751237496779 1.455919721377997 40.0 
321.0 327.0 4.59751237496779 1.455919721377997 40.0 
321.0 328.0 4.59751237496779 1.455919721377997 40.0 
322.0 302.0 4.59751237496779 1.455919721377997 40.0 
322.0 303.0 4.59751237496779 1.455919721377997 40.0 
322.0 304.0 4.59751237496779 1.455919721377997 40.0 
322.0 305.0 4.59751237496779 1.455919721377997 40.0 
322.0 306.0 4.59751237496779 1.455919721377997 40.0 
322.0 307.0 4.59751237496779 1.455919721377997 40.0 
322.0 308.0 4.59751237496779 1.455919721377997 40.0 
322.0 309.0 4.59751237496779 1.455919721377997 40.0 
322.0 310.0 4.59751237496779 1.455919721377997 40.0 
322.0 311.0 4.59751237496779 1.455919721377997 40.0 
322.0 312.0 4.59751237496779 1.455919721377997 40.0 
322.0 313.0 4.59751237496779 1.455919721377997 40.0 
322.0 314.0 4.59751237496779 1.455919721377997 40.0 
322.0 315.0 4.59751237496779 1.455919721377997 40.0 
322.0 316.0 4.59751237496779 1.455919721377997 40.0 
322.0 317.0 4.59751237496779 1.455919721377997 40.0 
322.0 318.0 4.59751237496779 1.455919721377997 40.0 
322.0 319.0 4.59751237496779 1.455919721377997 40.0 
322.0 320.0 4.59751237496779 1.455919721377997 40.0 
322.0 321.0 4.59751237496779 1.455919721377997 40.0 
322.0 322.0 4.59751237496779 1.455919721377997 40.0 
322.0 323.0 4.59751237496779 1.455919721377997 40.0 
322.0 324.0 4.59751237496779 1.455919721377997 40.0 
322.0 325.0 4.59751237496779 1.455919721377997 40.0 
322.0 326.0 4.59751237496779 1.455919721377997 40.0 
322.0 327.0 4.59751237496779 1.455919721377997 40.0 
323.0 311.0 4.59751237496779 1.455919721377997 40.0 
323.0 312.0 4.59751237496779 1.455919721377997 40.0 
323.0 313.0 4.59751237496779 1.455919721377997 40.0 
323.0 314.0 4.59751237496779 1.455919721377997 40.0 
323.0 315.0 4.59751237496779 1.455919721377997 40.0 
323.0 316.0 4.59751237496779 1.455919721377997 40.0 
323.0 317.0 4.59751237496779 1.455919721377997 40.0 
323.0 318.0 4.59751237496779 1.455919721377997 40.0 
323.0 319.0 4.59751237496779 1.455919721377997 40.0 
323.0 320.0 4.59751237496779 1.455919721377997 40.0 
323.0 321.0 4.59751237496779 1.455919721377997 40.0 
323.0 322.0 4.59751237496779 1.455919721377997 40.0 
323.0 323.0 4.59751237496779 1.455919721377997 40.0 
323.0 324.0 4.59751237496779 1.455919721377997 40.0 
323.0 325.0 4.59751237496779 1.455919721377997 40.0 
323.0 326.0 4.59751237496779 1.455919721377997 40.0 
323.0 327.0 4.59751237496779 1.455919721377997 40.0 
324.0 320.0 4.59751237496779 1.455919721377997 40.0 
324.0 321.0 4.59751237496779 1.455919721377997 40.0 
324.0 322.0 4.59751237496779 1.455919721377997 40.0 
324.0 323.0 4.59751237496779 1.455919721377997 40.0 
324.0 324.0 4.59751237496779 1.455919721377997 40.0 
324.0 325.0 4.59751237496779 1.455919721377997 40.0 
324.0 326.0 4.59751237496779 1.455919721377997 40.0 
324.0 327.0 4.59751237496779 1.455919721377997 40.0 
319 340 1.7234456551901631 36.0 
319 341 1.7234456551901631 36.0 
319 342 1.7234456551901631 36.0 
319 343 1.7234456551901631 36.0 
319 344 1.7234456551901631 36.0 
319 345 1.7234456551901631 36.0 
320 333 1.7234456551901631 36.0 
320 334 1.7234456551901631 36.0 
320 335 1.7234456551901631 36.0 
320 336 1.7234456551901631 36.0 
320 337 1.7234456551901631 36.0 
320 338 1.7234456551901631 36.0 
320 339 1.7234456551901631 36.0 
320 340 1.7234456551901631 36.0 
320 341 1.7234456551901631 36.0 
320 342 1.7234456551901631 36.0 
320 343 1.7234456551901631 36.0 
320 344 1.7234456551901631 36.0 
320 345 1.7234456551901631 36.0 
320 346 1.7234456551901631 36.0 
321 333 1.7234456551901631 36.0 
321 334 1.7234456551901631 36.0 
321 335 1.7234456551901631 36.0 
321 336 1.7234456551901631 36.0 
321 337 1.7234456551901631 36.0 
321 338 1.7234456551901631 36.0 
321 339 1.7234456551901631 36.0 
301 360 2.8555412118724757 40.0 
302 360 2.8555412118724757 40.0 
302 361 2.8555412118724757 40.0 
303 360 2.8555412118724757 40.0 
303 361 2.8555412118724757 40.0 
304 360 2.8555412118724757 40.0 
304 361 2.8555412118724757 40.0 
305 359 2.8555412118724757 40.0 
305 360 2.8555412118724757 40.0 
306 359 2.8555412118724757 40.0 
306 360 2.8555412118724757 40.0 
307 359 2.8555412118724757 40.0 
307 360 2.8555412118724757 40.0 
308 358 2.8555412118724757 40.0 
308 359 2.8555412118724757 40.0 
309 358 2.8555412118724757 40.0 
309 359 2.8555412118724757 40.0 
310 358 2.8555412118724757 40.0 
310 359 2.8555412118724757 40.0 
311 358 2.8555412118724757 40.0 
311 359 2.8555412118724757 40.0 
312 357 2.8555412118724757 40.0 
312 358 2.8555412118724757 40.0 
313 357 2.8555412118724757 40.0 
313 358 2.8555412118724757 40.0 
314 357 2.8555412118724757 40.0 
314 358 2.8555412118724757 40.0 
315 356 2.8555412118724757 40.0 
315 357 2.8555412118724757 40.0 
316 356 2.8555412118724757 40.0 
316 357 2.8555412118724757 40.0 
317 356 2.8555412118724757 40.0 
317 357 2.8555412118724757 40.0 
318 356 2.8555412118724757 40.0 
318 357 2.8555412118724757 40.0 
309 289 0.9272952180016122 32.0 
309 290 0.9272952180016122 32.0 
310 289 0.9272952180016122 32.0 
310 290 0.9272952180016122 32.0 
310 291 0.9272952180016122 32.0 
310 292 0.9272952180016122 32.0 
311 290 0.9272952180016122 32.0 
311 291 0.9272952180016122 32.0 
311 292 0.9272952180016122 32.0 
311 293 0.9272952180016122 32.0 
312 292 0.9272952180016122 32.0 
312 293 0.9272952180016122 32.0 
312 294 0.9272952180016122 32.0 
313 293 0.9272952180016122 32.0 
313 294 0.9272952180016122 32.0 
313 295 0.9272952180016122 32.0 
313 296 0.9272952180016122 32.0 
314 294 0.9272952180016122 32.0 
314 295 0.9272952180016122 32.0 
314 296 0.9272952180016122 32.0 
314 297 0.9272952180016122 32.0 
315 296 0.9272952180016122 32.0 
315 297 0.9272952180016122 32.0 
315 298 0.9272952180016122 32.0 
316 297 0.9272952180016122 32.0 
316 298 0.9272952180016122 32.0 
316 299 0.9272952180016122 32.0 
316 300 0.9272952180016122 32.0 
317 298 0.9272952180016122 32.0 
317 299 0.9272952180016122 32.0 
317 300 0.9272952180016122 32.0 
317 301 0.9272952180016122 32.0 
318 300 0.9272952180016122 32.0 
292 294 6.05209463998369 32.0 
293 294 6.05209463998369 32.0 
293 295 6.05209463998369 32.0 
294 294 6.05209463998369 32.0 
294 295 6.05209463998369 32.0 
295 294 6.05209463998369 32.0 
295 295 6.05209463998369 32.0 
296 294 6.05209463998369 32.0 
296 295 6.05209463998369 32.0 
297 293 6.05209463998369 32.0 
297 294 6.05209463998369 32.0 
298 293 6.05209463998369 32.0 
298 294 6.05209463998369 32.0 
299 293 6.05209463998369 32.0 
299 294 6.05209463998369 32.0 
300 293 6.05209463998369 32.0 
300 294 6.05209463998369 32.0 
301 292 6.05209463998369 32.0 
301 293 6.05209463998369 32.0 
302 292 6.05209463998369 32.0 
302 293 6.05209463998369 32.0 
303 292 6.05209463998369 32.0 
303 293 6.05209463998369 32.0 
304 292 6.05209463998369 32.0 
304 293 6.05209463998369 32.0 
305 291 6.05209463998369 32.0 
305 292 6.05209463998369 32.0 
306 291 6.05209463998369 32.0 
306 292 6.05209463998369 32.0 
307 291 6.05209463998369 32.0 
307 292 6.05209463998369 32.0 
308 291 6.05209463998369 32.0 
308 292 6.05209463998369 32.0 
309 291 6.05209463998369 32.0 
309 292 6.05209463998369 32.0 
271.0 305.0 2.5829933382462316 5.724585991836024 32.0 
272.0 305.0 2.5829933382462316 5.724585991836024 32.0 
272.0 306.0 2.5829933382462316 5.724585991836024 32.0 
273.0 304.0 2.5829933382462316 5.724585991836024 32.0 
273.0 305.0 2.5829933382462316 5.724585991836024 32.0 
274.0 303.0 2.5829933382462316 5.724585991836024 32.0 
274.0 304.0 2.5829933382462316 5.724585991836024 32.0 
274.0 305.0 2.5829933382462316 5.724585991836024 32.0 
275.0 303.0 2.5829933382462316 5.724585991836024 32.0 
275.0 304.0 2.5829933382462316 5.724585991836024 32.0 
276.0 302.0 2.5829933382462316 5.724585991836024 32.0 
276.0 303.0 2.5829933382462316 5.724585991836024 32.0 
276.0 304.0 2.5829933382462316 5.724585991836024 32.0 
277.0 302.0 2.5829933382462316 5.724585991836024 32.0 
277.0 303.0 2.5829933382462316 5.724585991836024 32.0 
278.0 301.0 2.5829933382462316 5.724585991836024 32.0 
278.0 302.0 2.5829933382462316 5.724585991836024 32.0 
279.0 300.0 2.5829933382462316 5.724585991836024 32.0 
279.0 301.0 2.5829933382462316 5.724585991836024 32.0 
279.0 302.0 2.5829933382462316 5.724585991836024 32.0 
280.0 300.0 2.5829933382462316 5.724585991836024 32.0 
280.0 301.0 2.5829933382462316 5.724585991836024 32.0 
281.0 299.0 2.5829933382462316 5.724585991836024 32.0 
281.0 300.0 2.5829933382462316 5.724585991836024 32.0 
282.0 298.0 2.5829933382462316 5.724585991836024 32.0 
282.0 299.0 2.5829933382462316 5.724585991836024 32.0 
282.0 300.0 2.5829933382462316 5.724585991836024 32.0 
283.0 298.0 2.5829933382462316 5.724585991836024 32.0 
283.0 299.0 2.5829933382462316 5.724585991836024 32.0 
284.0 297.0 2.5829933382462316 5.724585991836024 32.0 
284.0 298.0 2.5829933382462316 5.724585991836024 32.0 
284.0 299.0 2.5829933382462316 5.724585991836024 32.0 
285.0 297.0 2.5829933382462316 5.724585991836024 32.0 
285.0 298.0 2.5829933382462316 5.724585991836024 32.0 
286.0 296.0 2.5829933382462316 5.724585991836024 32.0 
286.0 297.0 2.5829933382462316 5.724585991836024 32.0 
287.0 296.0 2.5829933382462316 5.724585991836024 32.0 
287.0 297.0 2.5829933382462316 5.724585991836024 32.0 
206.0 346.0 2.914793805535907 6.0563864591257 104.0 
206.0 347.0 2.914793805535907 6.0563864591257 104.0 
206.0 348.0 2.914793805535907 6.0563864591257 104.0 
207.0 346.0 2.914793805535907 6.0563864591257 104.0 
207.0 347.0 2.914793805535907 6.0563864591257 104.0 
207.0 348.0 2.914793805535907 6.0563864591257 104.0 
207.0 349.0 2.914793805535907 6.0563864591257 104.0 
207.0 350.0 2.914793805535907 6.0563864591257 104.0 
207.0 351.0 2.914793805535907 6.0563864591257 104.0 
208.0 346.0 2.914793805535907 6.0563864591257 104.0 
208.0 347.0 2.914793805535907 6.0563864591257 104.0 
208.0 348.0 2.914793805535907 6.0563864591257 104.0 
208.0 349.0 2.914793805535907 6.0563864591257 104.0 
208.0 350.0 2.914793805535907 6.0563864591257 104.0 
208.0 351.0 2.914793805535907 6.0563864591257 104.0 
209.0 346.0 2.914793805535907 6.0563864591257 104.0 
209.0 347.0 2.914793805535907 6.0563864591257 104.0 
209.0 348.0 2.914793805535907 6.0563864591257 104.0 
209.0 349.0 2.914793805535907 6.0563864591257 104.0 
209.0 350.0 2.914793805535907 6.0563864591257 104.0 
209.0 351.0 2.914793805535907 6.0563864591257 104.0 
210.0 345.0 2.914793805535907 6.0563864591257 104.0 
210.0 346.0 2.914793805535907 6.0563864591257 104.0 
210.0 347.0 2.914793805535907 6.0563864591257 104.0 
210.0 348.0 2.914793805535907 6.0563864591257 104.0 
210.0 349.0 2.914793805535907 6.0563864591257 104.0 
210.0 350.0 2.914793805535907 6.0563864591257 104.0 
210.0 351.0 2.914793805535907 6.0563864591257 104.0 
211.0 345.0 2.914793805535907 6.0563864591257 104.0 
211.0 346.0 2.914793805535907 6.0563864591257 104.0 
211.0 347.0 2.914793805535907 6.0563864591257 104.0 
211.0 348.0 2.914793805535907 6.0563864591257 104.0 
211.0 349.0 2.914793805535907 6.0563864591257 104.0 
211.0 350.0 2.914793805535907 6.0563864591257 104.0 
212.0 345.0 2.914793805535907 6.0563864591257 104.0 
212.0 346.0 2.914793805535907 6.0563864591257 104.0 
212.0 347.0 2.914793805535907 6.0563864591257 104.0 
212.0 348.0 2.914793805535907 6.0563864591257 104.0 
212.0 349.0 2.914793805535907 6.0563864591257 104.0 
212.0 350.0 2.914793805535907 6.0563864591257 104.0 
213.0 345.0 2.914793805535907 6.0563864591257 104.0 
213.0 346.0 2.914793805535907 6.0563864591257 104.0 
213.0 347.0 2.914793805535907 6.0563864591257 104.0 
213.0 348.0 2.914793805535907 6.0563864591257 104.0 
213.0 349.0 2.914793805535907 6.0563864591257 104.0 
213.0 350.0 2.914793805535907 6.0563864591257 104.0 
214.0 345.0 2.914793805535907 6.0563864591257 104.0 
214.0 346.0 2.914793805535907 6.0563864591257 104.0 
214.0 347.0 2.914793805535907 6.0563864591257 104.0 
214.0 348.0 2.914793805535907 6.0563864591257 104.0 
214.0 349.0 2.914793805535907 6.0563864591257 104.0 
214.0 350.0 2.914793805535907 6.0563864591257 104.0 
215.0 344.0 2.914793805535907 6.0563864591257 104.0 
215.0 345.0 2.914793805535907 6.0563864591257 104.0 
215.0 346.0 2.914793805535907 6.0563864591257 104.0 
215.0 347.0 2.914793805535907 6.0563864591257 104.0 
215.0 348.0 2.914793805535907 6.0563864591257 104.0 
215.0 349.0 2.914793805535907 6.0563864591257 104.0 
215.0 350.0 2.914793805535907 6.0563864591257 104.0 
216.0 344.0 2.914793805535907 6.0563864591257 104.0 
216.0 345.0 2.914793805535907 6.0563864591257 104.0 
216.0 346.0 2.914793805535907 6.0563864591257 104.0 
216.0 347.0 2.914793805535907 6.0563864591257 104.0 
216.0 348.0 2.914793805535907 6.0563864591257 104.0 
216.0 349.0 2.914793805535907 6.0563864591257 104.0 
217.0 344.0 2.914793805535907 6.0563864591257 104.0 
217.0 345.0 2.914793805535907 6.0563864591257 104.0 
217.0 346.0 2.914793805535907 6.0563864591257 104.0 
217.0 347.0 2.914793805535907 6.0563864591257 104.0 
217.0 348.0 2.914793805535907 6.0563864591257 104.0 
217.0 349.0 2.914793805535907 6.0563864591257 104.0 
218.0 344.0 2.914793805535907 6.0563864591257 104.0 
218.0 345.0 2.914793805535907 6.0563864591257 104.0 
218.0 346.0 2.914793805535907 6.0563864591257 104.0 
218.0 347.0 2.914793805535907 6.0563864591257 104.0 
218.0 348.0 2.914793805535907 6.0563864591257 104.0 
218.0 349.0 2.914793805535907 6.0563864591257 104.0 
219.0 343.0 2.914793805535907 6.0563864591257 104.0 
219.0 344.0 2.914793805535907 6.0563864591257 104.0 
219.0 345.0 2.914793805535907 6.0563864591257 104.0 
219.0 346.0 2.914793805535907 6.0563864591257 104.0 
219.0 347.0 2.914793805535907 6.0563864591257 104.0 
219.0 348.0 2.914793805535907 6.0563864591257 104.0 
219.0 349.0 2.914793805535907 6.0563864591257 104.0 
220.0 343.0 2.914793805535907 6.0563864591257 104.0 
220.0 344.0 2.914793805535907 6.0563864591257 104.0 
220.0 345.0 2.914793805535907 6.0563864591257 104.0 
220.0 346.0 2.914793805535907 6.0563864591257 104.0 
220.0 347.0 2.914793805535907 6.0563864591257 104.0 
220.0 348.0 2.914793805535907 6.0563864591257 104.0 
221.0 343.0 2.914793805535907 6.0563864591257 104.0 
221.0 344.0 2.914793805535907 6.0563864591257 104.0 
221.0 345.0 2.914793805535907 6.0563864591257 104.0 
221.0 346.0 2.914793805535907 6.0563864591257 104.0 
221.0 347.0 2.914793805535907 6.0563864591257 104.0 
221.0 348.0 2.914793805535907 6.0563864591257 104.0 
222.0 343.0 2.914793805535907 6.0563864591257 104.0 
222.0 344.0 2.914793805535907 6.0563864591257 104.0 
222.0 345.0 2.914793805535907 6.0563864591257 104.0 
222.0 346.0 2.914793805535907 6.0563864591257 104.0 
222.0 347.0 2.914793805535907 6.0563864591257 104.0 
222.0 348.0 2.914793805535907 6.0563864591257 104.0 
223.0 342.0 2.914793805535907 6.0563864591257 104.0 
223.0 343.0 2.914793805535907 6.0563864591257 104.0 
223.0 344.0 2.914793805535907 6.0563864591257 104.0 
223.0 345.0 2.914793805535907 6.0563864591257 104.0 
223.0 346.0 2.914793805535907 6.0563864591257 104.0 
223.0 347.0 2.914793805535907 6.0563864591257 104.0 
223.0 348.0 2.914793805535907 6.0563864591257 104.0 
224.0 342.0 2.914793805535907 6.0563864591257 104.0 
224.0 343.0 2.914793805535907 6.0563864591257 104.0 
224.0 344.0 2.914793805535907 6.0563864591257 104.0 
224.0 345.0 2.914793805535907 6.0563864591257 104.0 
224.0 346.0 2.914793805535907 6.0563864591257 104.0 
224.0 347.0 2.914793805535907 6.0563864591257 104.0 
225.0 342.0 2.914793805535907 6.0563864591257 104.0 
225.0 343.0 2.914793805535907 6.0563864591257 104.0 
225.0 344.0 2.914793805535907 6.0563864591257 104.0 
225.0 345.0 2.914793805535907 6.0563864591257 104.0 
225.0 346.0 2.914793805535907 6.0563864591257 104.0 
225.0 347.0 2.914793805535907 6.0563864591257 104.0 
226.0 342.0 2.914793805535907 6.0563864591257 104.0 
226.0 343.0 2.914793805535907 6.0563864591257 104.0 
226.0 344.0 2.914793805535907 6.0563864591257 104.0 
226.0 345.0 2.914793805535907 6.0563864591257 104.0 
226.0 346.0 2.914793805535907 6.0563864591257 104.0 
226.0 347.0 2.914793805535907 6.0563864591257 104.0 
227.0 342.0 2.914793805535907 6.0563864591257 104.0 
227.0 343.0 2.914793805535907 6.0563864591257 104.0 
227.0 344.0 2.914793805535907 6.0563864591257 104.0 
227.0 345.0 2.914793805535907 6.0563864591257 104.0 
227.0 346.0 2.914793805535907 6.0563864591257 104.0 
227.0 347.0 2.914793805535907 6.0563864591257 104.0 
228.0 341.0 2.914793805535907 6.0563864591257 104.0 
228.0 342.0 2.914793805535907 6.0563864591257 104.0 
228.0 343.0 2.914793805535907 6.0563864591257 104.0 
228.0 344.0 2.914793805535907 6.0563864591257 104.0 
228.0 345.0 2.914793805535907 6.0563864591257 104.0 
228.0 346.0 2.914793805535907 6.0563864591257 104.0 
228.0 347.0 2.914793805535907 6.0563864591257 104.0 
229.0 341.0 2.914793805535907 6.0563864591257 104.0 
229.0 342.0 2.914793805535907 6.0563864591257 104.0 
229.0 343.0 2.914793805535907 6.0563864591257 104.0 
229.0 344.0 2.914793805535907 6.0563864591257 104.0 
229.0 345.0 2.914793805535907 6.0563864591257 104.0 
229.0 346.0 2.914793805535907 6.0563864591257 104.0 
230.0 341.0 2.914793805535907 6.0563864591257 104.0 
230.0 342.0 2.914793805535907 6.0563864591257 104.0 
230.0 343.0 2.914793805535907 6.0563864591257 104.0 
230.0 344.0 2.914793805535907 6.0563864591257 104.0 
230.0 345.0 2.914793805535907 6.0563864591257 104.0 
230.0 346.0 2.914793805535907 6.0563864591257 104.0 
231.0 341.0 2.914793805535907 6.0563864591257 104.0 
231.0 342.0 2.914793805535907 6.0563864591257 104.0 
231.0 343.0 2.914793805535907 6.0563864591257 104.0 
231.0 344.0 2.914793805535907 6.0563864591257 104.0 
231.0 345.0 2.914793805535907 6.0563864591257 104.0 
231.0 346.0 2.914793805535907 6.0563864591257 104.0 
232.0 340.0 2.914793805535907 6.0563864591257 104.0 
232.0 341.0 2.914793805535907 6.0563864591257 104.0 
232.0 342.0 2.914793805535907 6.0563864591257 104.0 
232.0 343.0 2.914793805535907 6.0563864591257 104.0 
232.0 344.0 2.914793805535907 6.0563864591257 104.0 
232.0 345.0 2.914793805535907 6.0563864591257 104.0 
232.0 346.0 2.914793805535907 6.0563864591257 104.0 
233.0 340.0 2.914793805535907 6.0563864591257 104.0 
233.0 341.0 2.914793805535907 6.0563864591257 104.0 
233.0 342.0 2.914793805535907 6.0563864591257 104.0 
233.0 343.0 2.914793805535907 6.0563864591257 104.0 
233.0 344.0 2.914793805535907 6.0563864591257 104.0 
233.0 345.0 2.914793805535907 6.0563864591257 104.0 
234.0 340.0 2.914793805535907 6.0563864591257 104.0 
234.0 341.0 2.914793805535907 6.0563864591257 104.0 
234.0 342.0 2.914793805535907 6.0563864591257 104.0 
234.0 343.0 2.914793805535907 6.0563864591257 104.0 
234.0 344.0 2.914793805535907 6.0563864591257 104.0 
234.0 345.0 2.914793805535907 6.0563864591257 104.0 
235.0 340.0 2.914793805535907 6.0563864591257 104.0 
235.0 341.0 2.914793805535907 6.0563864591257 104.0 
235.0 342.0 2.914793805535907 6.0563864591257 104.0 
235.0 343.0 2.914793805535907 6.0563864591257 104.0 
235.0 344.0 2.914793805535907 6.0563864591257 104.0 
235.0 345.0 2.914793805535907 6.0563864591257 104.0 
236.0 339.0 2.914793805535907 6.0563864591257 104.0 
236.0 340.0 2.914793805535907 6.0563864591257 104.0 
236.0 341.0 2.914793805535907 6.0563864591257 104.0 
236.0 342.0 2.914793805535907 6.0563864591257 104.0 
236.0 343.0 2.914793805535907 6.0563864591257 104.0 
236.0 344.0 2.914793805535907 6.0563864591257 104.0 
236.0 345.0 2.914793805535907 6.0563864591257 104.0 
237.0 339.0 2.914793805535907 6.0563864591257 104.0 
237.0 340.0 2.914793805535907 6.0563864591257 104.0 
237.0 341.0 2.914793805535907 6.0563864591257 104.0 
237.0 342.0 2.914793805535907 6.0563864591257 104.0 
237.0 343.0 2.914793805535907 6.0563864591257 104.0 
237.0 344.0 2.914793805535907 6.0563864591257 104.0 
238.0 339.0 2.914793805535907 6.0563864591257 104.0 
238.0 340.0 2.914793805535907 6.0563864591257 104.0 
238.0 341.0 2.914793805535907 6.0563864591257 104.0 
238.0 342.0 2.914793805535907 6.0563864591257 104.0 
238.0 343.0 2.914793805535907 6.0563864591257 104.0 
238.0 344.0 2.914793805535907 6.0563864591257 104.0 
239.0 339.0 2.914793805535907 6.0563864591257 104.0 
239.0 340.0 2.914793805535907 6.0563864591257 104.0 
239.0 341.0 2.914793805535907 6.0563864591257 104.0 
239.0 342.0 2.914793805535907 6.0563864591257 104.0 
239.0 343.0 2.914793805535907 6.0563864591257 104.0 
239.0 344.0 2.914793805535907 6.0563864591257 104.0 
240.0 339.0 2.914793805535907 6.0563864591257 104.0 
240.0 340.0 2.914793805535907 6.0563864591257 104.0 
240.0 341.0 2.914793805535907 6.0563864591257 104.0 
240.0 342.0 2.914793805535907 6.0563864591257 104.0 
240.0 343.0 2.914793805535907 6.0563864591257 104.0 
240.0 344.0 2.914793805535907 6.0563864591257 104.0 
241.0 338.0 2.914793805535907 6.0563864591257 104.0 
241.0 339.0 2.914793805535907 6.0563864591257 104.0 
241.0 340.0 2.914793805535907 6.0563864591257 104.0 
241.0 341.0 2.914793805535907 6.0563864591257 104.0 
241.0 342.0 2.914793805535907 6.0563864591257 104.0 
241.0 343.0 2.914793805535907 6.0563864591257 104.0 
241.0 344.0 2.914793805535907 6.0563864591257 104.0 
242.0 338.0 2.914793805535907 6.0563864591257 104.0 
242.0 339.0 2.914793805535907 6.0563864591257 104.0 
242.0 340.0 2.914793805535907 6.0563864591257 104.0 
242.0 341.0 2.914793805535907 6.0563864591257 104.0 
242.0 342.0 2.914793805535907 6.0563864591257 104.0 
242.0 343.0 2.914793805535907 6.0563864591257 104.0 
243.0 338.0 2.914793805535907 6.0563864591257 104.0 
243.0 339.0 2.914793805535907 6.0563864591257 104.0 
243.0 340.0 2.914793805535907 6.0563864591257 104.0 
243.0 341.0 2.914793805535907 6.0563864591257 104.0 
243.0 342.0 2.914793805535907 6.0563864591257 104.0 
243.0 343.0 2.914793805535907 6.0563864591257 104.0 
244.0 338.0 2.914793805535907 6.0563864591257 104.0 
244.0 339.0 2.914793805535907 6.0563864591257 104.0 
244.0 340.0 2.914793805535907 6.0563864591257 104.0 
244.0 341.0 2.914793805535907 6.0563864591257 104.0 
244.0 342.0 2.914793805535907 6.0563864591257 104.0 
244.0 343.0 2.914793805535907 6.0563864591257 104.0 
245.0 337.0 2.914793805535907 6.0563864591257 104.0 
245.0 338.0 2.914793805535907 6.0563864591257 104.0 
245.0 339.0 2.914793805535907 6.0563864591257 104.0 
245.0 340.0 2.914793805535907 6.0563864591257 104.0 
245.0 341.0 2.914793805535907 6.0563864591257 104.0 
245.0 342.0 2.914793805535907 6.0563864591257 104.0 
245.0 343.0 2.914793805535907 6.0563864591257 104.0 
246.0 337.0 2.914793805535907 6.0563864591257 104.0 
246.0 338.0 2.914793805535907 6.0563864591257 104.0 
246.0 339.0 2.914793805535907 6.0563864591257 104.0 
246.0 340.0 2.914793805535907 6.0563864591257 104.0 
246.0 341.0 2.914793805535907 6.0563864591257 104.0 
246.0 342.0 2.914793805535907 6.0563864591257 104.0 
247.0 337.0 2.914793805535907 6.0563864591257 104.0 
247.0 338.0 2.914793805535907 6.0563864591257 104.0 
247.0 339.0 2.914793805535907 6.0563864591257 104.0 
247.0 340.0 2.914793805535907 6.0563864591257 104.0 
247.0 341.0 2.914793805535907 6.0563864591257 104.0 
247.0 342.0 2.914793805535907 6.0563864591257 104.0 
248.0 337.0 2.914793805535907 6.0563864591257 104.0 
248.0 338.0 2.914793805535907 6.0563864591257 104.0 
248.0 339.0 2.914793805535907 6.0563864591257 104.0 
248.0 340.0 2.914793805535907 6.0563864591257 104.0 
248.0 341.0 2.914793805535907 6.0563864591257 104.0 
248.0 342.0 2.914793805535907 6.0563864591257 104.0 
249.0 336.0 2.914793805535907 6.0563864591257 104.0 
249.0 337.0 2.914793805535907 6.0563864591257 104.0 
249.0 338.0 2.914793805535907 6.0563864591257 104.0 
249.0 339.0 2.914793805535907 6.0563864591257 104.0 
249.0 340.0 2.914793805535907 6.0563864591257 104.0 
249.0 341.0 2.914793805535907 6.0563864591257 104.0 
249.0 342.0 2.914793805535907 6.0563864591257 104.0 
250.0 336.0 2.914793805535907 6.0563864591257 104.0 
250.0 337.0 2.914793805535907 6.0563864591257 104.0 
250.0 338.0 2.914793805535907 6.0563864591257 104.0 
250.0 339.0 2.914793805535907 6.0563864591257 104.0 
250.0 340.0 2.914793805535907 6.0563864591257 104.0 
250.0 341.0 2.914793805535907 6.0563864591257 104.0 
251.0 336.0 2.914793805535907 6.0563864591257 104.0 
251.0 337.0 2.914793805535907 6.0563864591257 104.0 
251.0 338.0 2.914793805535907 6.0563864591257 104.0 
251.0 339.0 2.914793805535907 6.0563864591257 104.0 
251.0 340.0 2.914793805535907 6.0563864591257 104.0 
251.0 341.0 2.914793805535907 6.0563864591257 104.0 
252.0 336.0 2.914793805535907 6.0563864591257 104.0 
252.0 337.0 2.914793805535907 6.0563864591257 104.0 
252.0 338.0 2.914793805535907 6.0563864591257 104.0 
252.0 339.0 2.914793805535907 6.0563864591257 104.0 
252.0 340.0 2.914793805535907 6.0563864591257 104.0 
252.0 341.0 2.914793805535907 6.0563864591257 104.0 
253.0 336.0 2.914793805535907 6.0563864591257 104.0 
253.0 337.0 2.914793805535907 6.0563864591257 104.0 
253.0 338.0 2.914793805535907 6.0563864591257 104.0 
253.0 339.0 2.914793805535907 6.0563864591257 104.0 
253.0 340.0 2.914793805535907 6.0563864591257 104.0 
253.0 341.0 2.914793805535907 6.0563864591257 104.0 
254.0 335.0 2.914793805535907 6.0563864591257 104.0 
254.0 336.0 2.914793805535907 6.0563864591257 104.0 
254.0 337.0 2.914793805535907 6.0563864591257 104.0 
254.0 338.0 2.914793805535907 6.0563864591257 104.0 
254.0 339.0 2.914793805535907 6.0563864591257 104.0 
254.0 340.0 2.914793805535907 6.0563864591257 104.0 
254.0 341.0 2.914793805535907 6.0563864591257 104.0 
255.0 335.0 2.914793805535907 6.0563864591257 104.0 
255.0 336.0 2.914793805535907 6.0563864591257 104.0 
255.0 337.0 2.914793805535907 6.0563864591257 104.0 
255.0 338.0 2.914793805535907 6.0563864591257 104.0 
255.0 339.0 2.914793805535907 6.0563864591257 104.0 
255.0 340.0 2.914793805535907 6.0563864591257 104.0 
256.0 335.0 2.914793805535907 6.0563864591257 104.0 
256.0 336.0 2.914793805535907 6.0563864591257 104.0 
256.0 337.0 2.914793805535907 6.0563864591257 104.0 
256.0 338.0 2.914793805535907 6.0563864591257 104.0 
256.0 339.0 2.914793805535907 6.0563864591257 104.0 
256.0 340.0 2.914793805535907 6.0563864591257 104.0 
257.0 335.0 2.914793805535907 6.0563864591257 104.0 
257.0 336.0 2.914793805535907 6.0563864591257 104.0 
257.0 337.0 2.914793805535907 6.0563864591257 104.0 
257.0 338.0 2.914793805535907 6.0563864591257 104.0 
257.0 339.0 2.914793805535907 6.0563864591257 104.0 
257.0 340.0 2.914793805535907 6.0563864591257 104.0 
258.0 334.0 2.914793805535907 6.0563864591257 104.0 
258.0 335.0 2.914793805535907 6.0563864591257 104.0 
258.0 336.0 2.914793805535907 6.0563864591257 104.0 
258.0 337.0 2.914793805535907 6.0563864591257 104.0 
258.0 338.0 2.914793805535907 6.0563864591257 104.0 
258.0 339.0 2.914793805535907 6.0563864591257 104.0 
258.0 340.0 2.914793805535907 6.0563864591257 104.0 
259.0 334.0 2.914793805535907 6.0563864591257 104.0 
259.0 335.0 2.914793805535907 6.0563864591257 104.0 
259.0 336.0 2.914793805535907 6.0563864591257 104.0 
259.0 337.0 2.914793805535907 6.0563864591257 104.0 
259.0 338.0 2.914793805535907 6.0563864591257 104.0 
259.0 339.0 2.914793805535907 6.0563864591257 104.0 
260.0 334.0 2.914793805535907 6.0563864591257 104.0 
260.0 335.0 2.914793805535907 6.0563864591257 104.0 
260.0 336.0 2.914793805535907 6.0563864591257 104.0 
260.0 337.0 2.914793805535907 6.0563864591257 104.0 
260.0 338.0 2.914793805535907 6.0563864591257 104.0 
260.0 339.0 2.914793805535907 6.0563864591257 104.0 
261.0 334.0 2.914793805535907 6.0563864591257 104.0 
261.0 335.0 2.914793805535907 6.0563864591257 104.0 
261.0 336.0 2.914793805535907 6.0563864591257 104.0 
261.0 337.0 2.914793805535907 6.0563864591257 104.0 
261.0 338.0 2.914793805535907 6.0563864591257 104.0 
261.0 339.0 2.914793805535907 6.0563864591257 104.0 
262.0 333.0 2.914793805535907 6.0563864591257 104.0 
262.0 334.0 2.914793805535907 6.0563864591257 104.0 
262.0 335.0 2.914793805535907 6.0563864591257 104.0 
262.0 336.0 2.914793805535907 6.0563864591257 104.0 
262.0 337.0 2.914793805535907 6.0563864591257 104.0 
262.0 338.0 2.914793805535907 6.0563864591257 104.0 
262.0 339.0 2.914793805535907 6.0563864591257 104.0 
263.0 333.0 2.914793805535907 6.0563864591257 104.0 
263.0 334.0 2.914793805535907 6.0563864591257 104.0 
263.0 335.0 2.914793805535907 6.0563864591257 104.0 
263.0 336.0 2.914793805535907 6.0563864591257 104.0 
263.0 337.0 2.914793805535907 6.0563864591257 104.0 
263.0 338.0 2.914793805535907 6.0563864591257 104.0 
264.0 333.0 2.914793805535907 6.0563864591257 104.0 
264.0 334.0 2.914793805535907 6.0563864591257 104.0 
264.0 335.0 2.914793805535907 6.0563864591257 104.0 
264.0 336.0 2.914793805535907 6.0563864591257 104.0 
264.0 337.0 2.914793805535907 6.0563864591257 104.0 
264.0 338.0 2.914793805535907 6.0563864591257 104.0 
265.0 333.0 2.914793805535907 6.0563864591257 104.0 
265.0 334.0 2.914793805535907 6.0563864591257 104.0 
265.0 335.0 2.914793805535907 6.0563864591257 104.0 
265.0 336.0 2.914793805535907 6.0563864591257 104.0 
265.0 337.0 2.914793805535907 6.0563864591257 104.0 
265.0 338.0 2.914793805535907 6.0563864591257 104.0 
266.0 333.0 2.914793805535907 6.0563864591257 104.0 
266.0 334.0 2.914793805535907 6.0563864591257 104.0 
266.0 335.0 2.914793805535907 6.0563864591257 104.0 
266.0 336.0 2.914793805535907 6.0563864591257 104.0 
266.0 337.0 2.914793805535907 6.0563864591257 104.0 
266.0 338.0 2.914793805535907 6.0563864591257 104.0 
267.0 332.0 2.914793805535907 6.0563864591257 104.0 
267.0 333.0 2.914793805535907 6.0563864591257 104.0 
267.0 334.0 2.914793805535907 6.0563864591257 104.0 
267.0 335.0 2.914793805535907 6.0563864591257 104.0 
267.0 336.0 2.914793805535907 6.0563864591257 104.0 
267.0 337.0 2.914793805535907 6.0563864591257 104.0 
267.0 338.0 2.914793805535907 6.0563864591257 104.0 
268.0 332.0 2.914793805535907 6.0563864591257 104.0 
268.0 333.0 2.914793805535907 6.0563864591257 104.0 
268.0 334.0 2.914793805535907 6.0563864591257 104.0 
268.0 335.0 2.914793805535907 6.0563864591257 104.0 
268.0 336.0 2.914793805535907 6.0563864591257 104.0 
268.0 337.0 2.914793805535907 6.0563864591257 104.0 
269.0 332.0 2.914793805535907 6.0563864591257 104.0 
269.0 333.0 2.914793805535907 6.0563864591257 104.0 
269.0 334.0 2.914793805535907 6.0563864591257 104.0 
269.0 335.0 2.914793805535907 6.0563864591257 104.0 
269.0 336.0 2.914793805535907 6.0563864591257 104.0 
269.0 337.0 2.914793805535907 6.0563864591257 104.0 
270.0 332.0 2.914793805535907 6.0563864591257 104.0 
270.0 333.0 2.914793805535907 6.0563864591257 104.0 
270.0 334.0 2.914793805535907 6.0563864591257 104.0 
270.0 335.0 2.914793805535907 6.0563864591257 104.0 
270.0 336.0 2.914793805535907 6.0563864591257 104.0 
270.0 337.0 2.914793805535907 6.0563864591257 104.0 
271.0 334.0 2.914793805535907 6.0563864591257 104.0 
271.0 335.0 2.914793805535907 6.0563864591257 104.0 
271.0 336.0 2.914793805535907 6.0563864591257 104.0 
271.0 337.0 2.914793805535907 6.0563864591257 104.0 
