320.0 231.0 3.258701398156656 0.11710874456686313 28.0 
320.0 232.0 3.258701398156656 0.11710874456686313 28.0 
321.0 230.0 3.258701398156656 0.11710874456686313 28.0 
321.0 231.0 3.258701398156656 0.11710874456686313 28.0 
321.0 232.0 3.258701398156656 0.11710874456686313 28.0 
322.0 230.0 3.258701398156656 0.11710874456686313 28.0 
322.0 231.0 3.258701398156656 0.11710874456686313 28.0 
322.0 232.0 3.258701398156656 0.11710874456686313 28.0 
323.0 230.0 3.258701398156656 0.11710874456686313 28.0 
323.0 231.0 3.258701398156656 0.11710874456686313 28.0 
323.0 232.0 3.258701398156656 0.11710874456686313 28.0 
324.0 230.0 3.258701398156656 0.11710874456686313 28.0 
324.0 231.0 3.258701398156656 0.11710874456686313 28.0 
324.0 232.0 3.258701398156656 0.11710874456686313 28.0 
325.0 231.0 3.258701398156656 0.11710874456686313 28.0 
325.0 232.0 3.258701398156656 0.11710874456686313 28.0 
325.0 233.0 3.258701398156656 0.11710874456686313 28.0 
326.0 231.0 3.258701398156656 0.11710874456686313 28.0 
326.0 232.0 3.258701398156656 0.11710874456686313 28.0 
326.0 233.0 3.258701398156656 0.11710874456686313 28.0 
327.0 231.0 3.258701398156656 0.11710874456686313 28.0 
327.0 232.0 3.258701398156656 0.11710874456686313 28.0 
327.0 233.0 3.258701398156656 0.11710874456686313 28.0 
328.0 231.0 3.258701398156656 0.11710874456686313 28.0 
328.0 232.0 3.258701398156656 0.11710874456686313 28.0 
328.0 233.0 3.258701398156656 0.11710874456686313 28.0 
329.0 231.0 3.258701398156656 0.11710874456686313 28.0 
329.0 232.0 3.258701398156656 0.11710874456686313 28.0 
329.0 233.0 3.258701398156656 0.11710874456686313 28.0 
330.0 231.0 3.258701398156656 0.11710874456686313 28.0 
330.0 232.0 3.258701398156656 0.11710874456686313 28.0 
330.0 233.0 3.258701398156656 0.11710874456686313 28.0 
331.0 231.0 3.258701398156656 0.11710874456686313 28.0 
331.0 232.0 3.258701398156656 0.11710874456686313 28.0 
331.0 233.0 3.258701398156656 0.11710874456686313 28.0 
332.0 231.0 3.258701398156656 0.11710874456686313 28.0 
332.0 232.0 3.258701398156656 0.11710874456686313 28.0 
332.0 233.0 3.258701398156656 0.11710874456686313 28.0 
333.0 232.0 3.258701398156656 0.11710874456686313 28.0 
333.0 233.0 3.258701398156656 0.11710874456686313 28.0 
333.0 234.0 3.258701398156656 0.11710874456686313 28.0 
334.0 232.0 3.258701398156656 0.11710874456686313 28.0 
334.0 233.0 3.258701398156656 0.11710874456686313 28.0 
334.0 234.0 3.258701398156656 0.11710874456686313 28.0 
335.0 232.0 3.258701398156656 0.11710874456686313 28.0 
335.0 233.0 3.258701398156656 0.11710874456686313 28.0 
335.0 234.0 3.258701398156656 0.11710874456686313 28.0 
336.0 232.0 3.258701398156656 0.11710874456686313 28.0 
336.0 233.0 3.258701398156656 0.11710874456686313 28.0 
336.0 234.0 3.258701398156656 0.11710874456686313 28.0 
337.0 232.0 3.258701398156656 0.11710874456686313 28.0 
299.0 241.0 2.6387494426619313 5.780342096251724 32.0 
300.0 240.0 2.6387494426619313 5.780342096251724 32.0 
300.0 241.0 2.6387494426619313 5.780342096251724 32.0 
300.0 242.0 2.6387494426619313 5.780342096251724 32.0 
300.0 243.0 2.6387494426619313 5.780342096251724 32.0 
301.0 240.0 2.6387494426619313 5.780342096251724 32.0 
301.0 241.0 2.6387494426619313 5.780342096251724 32.0 
301.0 242.0 2.6387494426619313 5.780342096251724 32.0 
302.0 239.0 2.6387494426619313 5.780342096251724 32.0 
302.0 240.0 2.6387494426619313 5.780342096251724 32.0 
302.0 241.0 2.6387494426619313 5.780342096251724 32.0 
302.0 242.0 2.6387494426619313 5.780342096251724 32.0 
303.0 239.0 2.6387494426619313 5.780342096251724 32.0 
303.0 240.0 2.6387494426619313 5.780342096251724 32.0 
303.0 241.0 2.6387494426619313 5.780342096251724 32.0 
304.0 238.0 2.6387494426619313 5.780342096251724 32.0 
304.0 239.0 2.6387494426619313 5.780342096251724 32.0 
304.0 240.0 2.6387494426619313 5.780342096251724 32.0 
305.0 237.0 2.6387494426619313 5.780342096251724 32.0 
305.0 238.0 2.6387494426619313 5.780342096251724 32.0 
305.0 239.0 2.6387494426619313 5.780342096251724 32.0 
305.0 240.0 2.6387494426619313 5.780342096251724 32.0 
306.0 237.0 2.6387494426619313 5.780342096251724 32.0 
306.0 238.0 2.6387494426619313 5.780342096251724 32.0 
306.0 239.0 2.6387494426619313 5.780342096251724 32.0 
307.0 236.0 2.6387494426619313 5.780342096251724 32.0 
307.0 237.0 2.6387494426619313 5.780342096251724 32.0 
307.0 238.0 2.6387494426619313 5.780342096251724 32.0 
307.0 239.0 2.6387494426619313 5.780342096251724 32.0 
308.0 236.0 2.6387494426619313 5.780342096251724 32.0 
308.0 237.0 2.6387494426619313 5.780342096251724 32.0 
308.0 238.0 2.6387494426619313 5.780342096251724 32.0 
309.0 235.0 2.6387494426619313 5.780342096251724 32.0 
309.0 236.0 2.6387494426619313 5.780342096251724 32.0 
309.0 237.0 2.6387494426619313 5.780342096251724 32.0 
309.0 238.0 2.6387494426619313 5.780342096251724 32.0 
310.0 235.0 2.6387494426619313 5.780342096251724 32.0 
310.0 236.0 2.6387494426619313 5.780342096251724 32.0 
310.0 237.0 2.6387494426619313 5.780342096251724 32.0 
311.0 234.0 2.6387494426619313 5.780342096251724 32.0 
311.0 235.0 2.6387494426619313 5.780342096251724 32.0 
311.0 236.0 2.6387494426619313 5.780342096251724 32.0 
311.0 237.0 2.6387494426619313 5.780342096251724 32.0 
312.0 234.0 2.6387494426619313 5.780342096251724 32.0 
312.0 235.0 2.6387494426619313 5.780342096251724 32.0 
312.0 236.0 2.6387494426619313 5.780342096251724 32.0 
313.0 233.0 2.6387494426619313 5.780342096251724 32.0 
313.0 234.0 2.6387494426619313 5.780342096251724 32.0 
313.0 235.0 2.6387494426619313 5.780342096251724 32.0 
313.0 236.0 2.6387494426619313 5.780342096251724 32.0 
314.0 233.0 2.6387494426619313 5.780342096251724 32.0 
314.0 234.0 2.6387494426619313 5.780342096251724 32.0 
314.0 235.0 2.6387494426619313 5.780342096251724 32.0 
315.0 232.0 2.6387494426619313 5.780342096251724 32.0 
315.0 233.0 2.6387494426619313 5.780342096251724 32.0 
315.0 234.0 2.6387494426619313 5.780342096251724 32.0 
316.0 231.0 2.6387494426619313 5.780342096251724 32.0 
316.0 232.0 2.6387494426619313 5.780342096251724 32.0 
316.0 233.0 2.6387494426619313 5.780342096251724 32.0 
316.0 234.0 2.6387494426619313 5.780342096251724 32.0 
317.0 231.0 2.6387494426619313 5.780342096251724 32.0 
317.0 232.0 2.6387494426619313 5.780342096251724 32.0 
317.0 233.0 2.6387494426619313 5.780342096251724 32.0 
318.0 230.0 2.6387494426619313 5.780342096251724 32.0 
318.0 231.0 2.6387494426619313 5.780342096251724 32.0 
318.0 232.0 2.6387494426619313 5.780342096251724 32.0 
318.0 233.0 2.6387494426619313 5.780342096251724 32.0 
319.0 231.0 2.6387494426619313 5.780342096251724 32.0 
319.0 232.0 2.6387494426619313 5.780342096251724 32.0 
297.0 245.0 4.626578715688186 1.4849860620983935 32.0 
297.0 246.0 4.626578715688186 1.4849860620983935 32.0 
297.0 247.0 4.626578715688186 1.4849860620983935 32.0 
297.0 248.0 4.626578715688186 1.4849860620983935 32.0 
297.0 249.0 4.626578715688186 1.4849860620983935 32.0 
298.0 244.0 4.626578715688186 1.4849860620983935 32.0 
298.0 245.0 4.626578715688186 1.4849860620983935 32.0 
298.0 246.0 4.626578715688186 1.4849860620983935 32.0 
298.0 247.0 4.626578715688186 1.4849860620983935 32.0 
298.0 248.0 4.626578715688186 1.4849860620983935 32.0 
298.0 249.0 4.626578715688186 1.4849860620983935 32.0 
298.0 250.0 4.626578715688186 1.4849860620983935 32.0 
298.0 251.0 4.626578715688186 1.4849860620983935 32.0 
298.0 252.0 4.626578715688186 1.4849860620983935 32.0 
298.0 253.0 4.626578715688186 1.4849860620983935 32.0 
298.0 254.0 4.626578715688186 1.4849860620983935 32.0 
298.0 255.0 4.626578715688186 1.4849860620983935 32.0 
298.0 256.0 4.626578715688186 1.4849860620983935 32.0 
298.0 257.0 4.626578715688186 1.4849860620983935 32.0 
298.0 258.0 4.626578715688186 1.4849860620983935 32.0 
298.0 259.0 4.626578715688186 1.4849860620983935 32.0 
298.0 260.0 4.626578715688186 1.4849860620983935 32.0 
298.0 261.0 4.626578715688186 1.4849860620983935 32.0 
299.0 244.0 4.626578715688186 1.4849860620983935 32.0 
299.0 245.0 4.626578715688186 1.4849860620983935 32.0 
299.0 246.0 4.626578715688186 1.4849860620983935 32.0 
299.0 247.0 4.626578715688186 1.4849860620983935 32.0 
299.0 248.0 4.626578715688186 1.4849860620983935 32.0 
299.0 249.0 4.626578715688186 1.4849860620983935 32.0 
299.0 250.0 4.626578715688186 1.4849860620983935 32.0 
299.0 251.0 4.626578715688186 1.4849860620983935 32.0 
299.0 252.0 4.626578715688186 1.4849860620983935 32.0 
299.0 253.0 4.626578715688186 1.4849860620983935 32.0 
299.0 254.0 4.626578715688186 1.4849860620983935 32.0 
299.0 255.0 4.626578715688186 1.4849860620983935 32.0 
299.0 256.0 4.626578715688186 1.4849860620983935 32.0 
299.0 257.0 4.626578715688186 1.4849860620983935 32.0 
299.0 258.0 4.626578715688186 1.4849860620983935 32.0 
299.0 259.0 4.626578715688186 1.4849860620983935 32.0 
299.0 260.0 4.626578715688186 1.4849860620983935 32.0 
299.0 261.0 4.626578715688186 1.4849860620983935 32.0 
299.0 262.0 4.626578715688186 1.4849860620983935 32.0 
299.0 263.0 4.626578715688186 1.4849860620983935 32.0 
299.0 264.0 4.626578715688186 1.4849860620983935 32.0 
299.0 265.0 4.626578715688186 1.4849860620983935 32.0 
299.0 266.0 4.626578715688186 1.4849860620983935 32.0 
299.0 267.0 4.626578715688186 1.4849860620983935 32.0 
299.0 268.0 4.626578715688186 1.4849860620983935 32.0 
299.0 269.0 4.626578715688186 1.4849860620983935 32.0 
299.0 270.0 4.626578715688186 1.4849860620983935 32.0 
299.0 271.0 4.626578715688186 1.4849860620983935 32.0 
299.0 272.0 4.626578715688186 1.4849860620983935 32.0 
299.0 273.0 4.626578715688186 1.4849860620983935 32.0 
300.0 250.0 4.626578715688186 1.4849860620983935 32.0 
300.0 251.0 4.626578715688186 1.4849860620983935 32.0 
300.0 252.0 4.626578715688186 1.4849860620983935 32.0 
300.0 253.0 4.626578715688186 1.4849860620983935 32.0 
300.0 254.0 4.626578715688186 1.4849860620983935 32.0 
300.0 255.0 4.626578715688186 1.4849860620983935 32.0 
300.0 256.0 4.626578715688186 1.4849860620983935 32.0 
300.0 257.0 4.626578715688186 1.4849860620983935 32.0 
300.0 258.0 4.626578715688186 1.4849860620983935 32.0 
300.0 259.0 4.626578715688186 1.4849860620983935 32.0 
300.0 260.0 4.626578715688186 1.4849860620983935 32.0 
300.0 261.0 4.626578715688186 1.4849860620983935 32.0 
300.0 262.0 4.626578715688186 1.4849860620983935 32.0 
300.0 263.0 4.626578715688186 1.4849860620983935 32.0 
300.0 264.0 4.626578715688186 1.4849860620983935 32.0 
300.0 265.0 4.626578715688186 1.4849860620983935 32.0 
300.0 266.0 4.626578715688186 1.4849860620983935 32.0 
300.0 267.0 4.626578715688186 1.4849860620983935 32.0 
300.0 268.0 4.626578715688186 1.4849860620983935 32.0 
300.0 269.0 4.626578715688186 1.4849860620983935 32.0 
300.0 270.0 4.626578715688186 1.4849860620983935 32.0 
300.0 271.0 4.626578715688186 1.4849860620983935 32.0 
300.0 272.0 4.626578715688186 1.4849860620983935 32.0 
300.0 273.0 4.626578715688186 1.4849860620983935 32.0 
300.0 274.0 4.626578715688186 1.4849860620983935 32.0 
300.0 275.0 4.626578715688186 1.4849860620983935 32.0 
300.0 276.0 4.626578715688186 1.4849860620983935 32.0 
300.0 277.0 4.626578715688186 1.4849860620983935 32.0 
300.0 278.0 4.626578715688186 1.4849860620983935 32.0 
300.0 279.0 4.626578715688186 1.4849860620983935 32.0 
300.0 280.0 4.626578715688186 1.4849860620983935 32.0 
300.0 281.0 4.626578715688186 1.4849860620983935 32.0 
300.0 282.0 4.626578715688186 1.4849860620983935 32.0 
300.0 283.0 4.626578715688186 1.4849860620983935 32.0 
300.0 284.0 4.626578715688186 1.4849860620983935 32.0 
301.0 262.0 4.626578715688186 1.4849860620983935 32.0 
301.0 263.0 4.626578715688186 1.4849860620983935 32.0 
301.0 264.0 4.626578715688186 1.4849860620983935 32.0 
301.0 265.0 4.626578715688186 1.4849860620983935 32.0 
301.0 266.0 4.626578715688186 1.4849860620983935 32.0 
301.0 267.0 4.626578715688186 1.4849860620983935 32.0 
301.0 268.0 4.626578715688186 1.4849860620983935 32.0 
301.0 269.0 4.626578715688186 1.4849860620983935 32.0 
301.0 270.0 4.626578715688186 1.4849860620983935 32.0 
301.0 271.0 4.626578715688186 1.4849860620983935 32.0 
301.0 272.0 4.626578715688186 1.4849860620983935 32.0 
301.0 273.0 4.626578715688186 1.4849860620983935 32.0 
301.0 274.0 4.626578715688186 1.4849860620983935 32.0 
301.0 275.0 4.626578715688186 1.4849860620983935 32.0 
301.0 276.0 4.626578715688186 1.4849860620983935 32.0 
301.0 277.0 4.626578715688186 1.4849860620983935 32.0 
301.0 278.0 4.626578715688186 1.4849860620983935 32.0 
301.0 279.0 4.626578715688186 1.4849860620983935 32.0 
301.0 280.0 4.626578715688186 1.4849860620983935 32.0 
301.0 281.0 4.626578715688186 1.4849860620983935 32.0 
301.0 282.0 4.626578715688186 1.4849860620983935 32.0 
301.0 283.0 4.626578715688186 1.4849860620983935 32.0 
301.0 284.0 4.626578715688186 1.4849860620983935 32.0 
301.0 285.0 4.626578715688186 1.4849860620983935 32.0 
301.0 286.0 4.626578715688186 1.4849860620983935 32.0 
301.0 287.0 4.626578715688186 1.4849860620983935 32.0 
301.0 288.0 4.626578715688186 1.4849860620983935 32.0 
301.0 289.0 4.626578715688186 1.4849860620983935 32.0 
301.0 290.0 4.626578715688186 1.4849860620983935 32.0 
301.0 291.0 4.626578715688186 1.4849860620983935 32.0 
301.0 292.0 4.626578715688186 1.4849860620983935 32.0 
301.0 293.0 4.626578715688186 1.4849860620983935 32.0 
301.0 294.0 4.626578715688186 1.4849860620983935 32.0 
301.0 295.0 4.626578715688186 1.4849860620983935 32.0 
301.0 296.0 4.626578715688186 1.4849860620983935 32.0 
302.0 273.0 4.626578715688186 1.4849860620983935 32.0 
302.0 274.0 4.626578715688186 1.4849860620983935 32.0 
302.0 275.0 4.626578715688186 1.4849860620983935 32.0 
302.0 276.0 4.626578715688186 1.4849860620983935 32.0 
302.0 277.0 4.626578715688186 1.4849860620983935 32.0 
302.0 278.0 4.626578715688186 1.4849860620983935 32.0 
302.0 279.0 4.626578715688186 1.4849860620983935 32.0 
302.0 280.0 4.626578715688186 1.4849860620983935 32.0 
302.0 281.0 4.626578715688186 1.4849860620983935 32.0 
302.0 282.0 4.626578715688186 1.4849860620983935 32.0 
302.0 283.0 4.626578715688186 1.4849860620983935 32.0 
302.0 284.0 4.626578715688186 1.4849860620983935 32.0 
302.0 285.0 4.626578715688186 1.4849860620983935 32.0 
302.0 286.0 4.626578715688186 1.4849860620983935 32.0 
302.0 287.0 4.626578715688186 1.4849860620983935 32.0 
302.0 288.0 4.626578715688186 1.4849860620983935 32.0 
302.0 289.0 4.626578715688186 1.4849860620983935 32.0 
302.0 290.0 4.626578715688186 1.4849860620983935 32.0 
302.0 291.0 4.626578715688186 1.4849860620983935 32.0 
302.0 292.0 4.626578715688186 1.4849860620983935 32.0 
302.0 293.0 4.626578715688186 1.4849860620983935 32.0 
302.0 294.0 4.626578715688186 1.4849860620983935 32.0 
302.0 295.0 4.626578715688186 1.4849860620983935 32.0 
302.0 296.0 4.626578715688186 1.4849860620983935 32.0 
302.0 297.0 4.626578715688186 1.4849860620983935 32.0 
302.0 298.0 4.626578715688186 1.4849860620983935 32.0 
302.0 299.0 4.626578715688186 1.4849860620983935 32.0 
302.0 300.0 4.626578715688186 1.4849860620983935 32.0 
302.0 301.0 4.626578715688186 1.4849860620983935 32.0 
302.0 302.0 4.626578715688186 1.4849860620983935 32.0 
302.0 303.0 4.626578715688186 1.4849860620983935 32.0 
302.0 304.0 4.626578715688186 1.4849860620983935 32.0 
302.0 305.0 4.626578715688186 1.4849860620983935 32.0 
302.0 306.0 4.626578715688186 1.4849860620983935 32.0 
302.0 307.0 4.626578715688186 1.4849860620983935 32.0 
302.0 308.0 4.626578715688186 1.4849860620983935 32.0 
303.0 285.0 4.626578715688186 1.4849860620983935 32.0 
303.0 286.0 4.626578715688186 1.4849860620983935 32.0 
303.0 287.0 4.626578715688186 1.4849860620983935 32.0 
303.0 288.0 4.626578715688186 1.4849860620983935 32.0 
303.0 289.0 4.626578715688186 1.4849860620983935 32.0 
303.0 290.0 4.626578715688186 1.4849860620983935 32.0 
303.0 291.0 4.626578715688186 1.4849860620983935 32.0 
303.0 292.0 4.626578715688186 1.4849860620983935 32.0 
303.0 293.0 4.626578715688186 1.4849860620983935 32.0 
303.0 294.0 4.626578715688186 1.4849860620983935 32.0 
303.0 295.0 4.626578715688186 1.4849860620983935 32.0 
303.0 296.0 4.626578715688186 1.4849860620983935 32.0 
303.0 297.0 4.626578715688186 1.4849860620983935 32.0 
303.0 298.0 4.626578715688186 1.4849860620983935 32.0 
303.0 299.0 4.626578715688186 1.4849860620983935 32.0 
303.0 300.0 4.626578715688186 1.4849860620983935 32.0 
303.0 301.0 4.626578715688186 1.4849860620983935 32.0 
303.0 302.0 4.626578715688186 1.4849860620983935 32.0 
303.0 303.0 4.626578715688186 1.4849860620983935 32.0 
303.0 304.0 4.626578715688186 1.4849860620983935 32.0 
303.0 305.0 4.626578715688186 1.4849860620983935 32.0 
303.0 306.0 4.626578715688186 1.4849860620983935 32.0 
303.0 307.0 4.626578715688186 1.4849860620983935 32.0 
303.0 308.0 4.626578715688186 1.4849860620983935 32.0 
303.0 309.0 4.626578715688186 1.4849860620983935 32.0 
303.0 310.0 4.626578715688186 1.4849860620983935 32.0 
303.0 311.0 4.626578715688186 1.4849860620983935 32.0 
303.0 312.0 4.626578715688186 1.4849860620983935 32.0 
303.0 313.0 4.626578715688186 1.4849860620983935 32.0 
303.0 314.0 4.626578715688186 1.4849860620983935 32.0 
303.0 315.0 4.626578715688186 1.4849860620983935 32.0 
303.0 316.0 4.626578715688186 1.4849860620983935 32.0 
303.0 317.0 4.626578715688186 1.4849860620983935 32.0 
303.0 318.0 4.626578715688186 1.4849860620983935 32.0 
303.0 319.0 4.626578715688186 1.4849860620983935 32.0 
304.0 297.0 4.626578715688186 1.4849860620983935 32.0 
304.0 298.0 4.626578715688186 1.4849860620983935 32.0 
304.0 299.0 4.626578715688186 1.4849860620983935 32.0 
304.0 300.0 4.626578715688186 1.4849860620983935 32.0 
304.0 301.0 4.626578715688186 1.4849860620983935 32.0 
304.0 302.0 4.626578715688186 1.4849860620983935 32.0 
304.0 303.0 4.626578715688186 1.4849860620983935 32.0 
304.0 304.0 4.626578715688186 1.4849860620983935 32.0 
304.0 305.0 4.626578715688186 1.4849860620983935 32.0 
304.0 306.0 4.626578715688186 1.4849860620983935 32.0 
304.0 307.0 4.626578715688186 1.4849860620983935 32.0 
304.0 308.0 4.626578715688186 1.4849860620983935 32.0 
304.0 309.0 4.626578715688186 1.4849860620983935 32.0 
304.0 310.0 4.626578715688186 1.4849860620983935 32.0 
304.0 311.0 4.626578715688186 1.4849860620983935 32.0 
304.0 312.0 4.626578715688186 1.4849860620983935 32.0 
304.0 313.0 4.626578715688186 1.4849860620983935 32.0 
304.0 314.0 4.626578715688186 1.4849860620983935 32.0 
304.0 315.0 4.626578715688186 1.4849860620983935 32.0 
304.0 316.0 4.626578715688186 1.4849860620983935 32.0 
304.0 317.0 4.626578715688186 1.4849860620983935 32.0 
304.0 318.0 4.626578715688186 1.4849860620983935 32.0 
304.0 319.0 4.626578715688186 1.4849860620983935 32.0 
304.0 320.0 4.626578715688186 1.4849860620983935 32.0 
304.0 321.0 4.626578715688186 1.4849860620983935 32.0 
304.0 322.0 4.626578715688186 1.4849860620983935 32.0 
304.0 323.0 4.626578715688186 1.4849860620983935 32.0 
304.0 324.0 4.626578715688186 1.4849860620983935 32.0 
304.0 325.0 4.626578715688186 1.4849860620983935 32.0 
304.0 326.0 4.626578715688186 1.4849860620983935 32.0 
304.0 327.0 4.626578715688186 1.4849860620983935 32.0 
304.0 328.0 4.626578715688186 1.4849860620983935 32.0 
304.0 329.0 4.626578715688186 1.4849860620983935 32.0 
304.0 330.0 4.626578715688186 1.4849860620983935 32.0 
304.0 331.0 4.626578715688186 1.4849860620983935 32.0 
305.0 308.0 4.626578715688186 1.4849860620983935 32.0 
305.0 309.0 4.626578715688186 1.4849860620983935 32.0 
305.0 310.0 4.626578715688186 1.4849860620983935 32.0 
305.0 311.0 4.626578715688186 1.4849860620983935 32.0 
305.0 312.0 4.626578715688186 1.4849860620983935 32.0 
305.0 313.0 4.626578715688186 1.4849860620983935 32.0 
305.0 314.0 4.626578715688186 1.4849860620983935 32.0 
305.0 315.0 4.626578715688186 1.4849860620983935 32.0 
305.0 316.0 4.626578715688186 1.4849860620983935 32.0 
305.0 317.0 4.626578715688186 1.4849860620983935 32.0 
305.0 318.0 4.626578715688186 1.4849860620983935 32.0 
305.0 319.0 4.626578715688186 1.4849860620983935 32.0 
305.0 320.0 4.626578715688186 1.4849860620983935 32.0 
305.0 321.0 4.626578715688186 1.4849860620983935 32.0 
305.0 322.0 4.626578715688186 1.4849860620983935 32.0 
305.0 323.0 4.626578715688186 1.4849860620983935 32.0 
305.0 324.0 4.626578715688186 1.4849860620983935 32.0 
305.0 325.0 4.626578715688186 1.4849860620983935 32.0 
305.0 326.0 4.626578715688186 1.4849860620983935 32.0 
305.0 327.0 4.626578715688186 1.4849860620983935 32.0 
305.0 328.0 4.626578715688186 1.4849860620983935 32.0 
305.0 329.0 4.626578715688186 1.4849860620983935 32.0 
305.0 330.0 4.626578715688186 1.4849860620983935 32.0 
305.0 331.0 4.626578715688186 1.4849860620983935 32.0 
305.0 332.0 4.626578715688186 1.4849860620983935 32.0 
305.0 333.0 4.626578715688186 1.4849860620983935 32.0 
305.0 334.0 4.626578715688186 1.4849860620983935 32.0 
305.0 335.0 4.626578715688186 1.4849860620983935 32.0 
305.0 336.0 4.626578715688186 1.4849860620983935 32.0 
305.0 337.0 4.626578715688186 1.4849860620983935 32.0 
306.0 320.0 4.626578715688186 1.4849860620983935 32.0 
306.0 321.0 4.626578715688186 1.4849860620983935 32.0 
306.0 322.0 4.626578715688186 1.4849860620983935 32.0 
306.0 323.0 4.626578715688186 1.4849860620983935 32.0 
306.0 324.0 4.626578715688186 1.4849860620983935 32.0 
306.0 325.0 4.626578715688186 1.4849860620983935 32.0 
306.0 326.0 4.626578715688186 1.4849860620983935 32.0 
306.0 327.0 4.626578715688186 1.4849860620983935 32.0 
306.0 328.0 4.626578715688186 1.4849860620983935 32.0 
306.0 329.0 4.626578715688186 1.4849860620983935 32.0 
306.0 330.0 4.626578715688186 1.4849860620983935 32.0 
306.0 331.0 4.626578715688186 1.4849860620983935 32.0 
306.0 332.0 4.626578715688186 1.4849860620983935 32.0 
306.0 333.0 4.626578715688186 1.4849860620983935 32.0 
306.0 334.0 4.626578715688186 1.4849860620983935 32.0 
306.0 335.0 4.626578715688186 1.4849860620983935 32.0 
306.0 336.0 4.626578715688186 1.4849860620983935 32.0 
307.0 332.0 4.626578715688186 1.4849860620983935 32.0 
307.0 333.0 4.626578715688186 1.4849860620983935 32.0 
307.0 334.0 4.626578715688186 1.4849860620983935 32.0 
307.0 335.0 4.626578715688186 1.4849860620983935 32.0 
307.0 336.0 4.626578715688186 1.4849860620983935 32.0 
303.0 340.0 3.9958473062882844 0.8542546526984913 32.0 
304.0 339.0 3.9958473062882844 0.8542546526984913 32.0 
304.0 340.0 3.9958473062882844 0.8542546526984913 32.0 
304.0 341.0 3.9958473062882844 0.8542546526984913 32.0 
305.0 339.0 3.9958473062882844 0.8542546526984913 32.0 
305.0 340.0 3.9958473062882844 0.8542546526984913 32.0 
305.0 341.0 3.9958473062882844 0.8542546526984913 32.0 
305.0 342.0 3.9958473062882844 0.8542546526984913 32.0 
306.0 340.0 3.9958473062882844 0.8542546526984913 32.0 
306.0 341.0 3.9958473062882844 0.8542546526984913 32.0 
306.0 342.0 3.9958473062882844 0.8542546526984913 32.0 
306.0 343.0 3.9958473062882844 0.8542546526984913 32.0 
307.0 341.0 3.9958473062882844 0.8542546526984913 32.0 
307.0 342.0 3.9958473062882844 0.8542546526984913 32.0 
307.0 343.0 3.9958473062882844 0.8542546526984913 32.0 
307.0 344.0 3.9958473062882844 0.8542546526984913 32.0 
308.0 342.0 3.9958473062882844 0.8542546526984913 32.0 
308.0 343.0 3.9958473062882844 0.8542546526984913 32.0 
308.0 344.0 3.9958473062882844 0.8542546526984913 32.0 
308.0 345.0 3.9958473062882844 0.8542546526984913 32.0 
309.0 343.0 3.9958473062882844 0.8542546526984913 32.0 
309.0 344.0 3.9958473062882844 0.8542546526984913 32.0 
309.0 345.0 3.9958473062882844 0.8542546526984913 32.0 
309.0 346.0 3.9958473062882844 0.8542546526984913 32.0 
309.0 347.0 3.9958473062882844 0.8542546526984913 32.0 
310.0 344.0 3.9958473062882844 0.8542546526984913 32.0 
310.0 345.0 3.9958473062882844 0.8542546526984913 32.0 
310.0 346.0 3.9958473062882844 0.8542546526984913 32.0 
310.0 347.0 3.9958473062882844 0.8542546526984913 32.0 
310.0 348.0 3.9958473062882844 0.8542546526984913 32.0 
311.0 345.0 3.9958473062882844 0.8542546526984913 32.0 
311.0 346.0 3.9958473062882844 0.8542546526984913 32.0 
311.0 347.0 3.9958473062882844 0.8542546526984913 32.0 
311.0 348.0 3.9958473062882844 0.8542546526984913 32.0 
311.0 349.0 3.9958473062882844 0.8542546526984913 32.0 
312.0 346.0 3.9958473062882844 0.8542546526984913 32.0 
312.0 347.0 3.9958473062882844 0.8542546526984913 32.0 
312.0 348.0 3.9958473062882844 0.8542546526984913 32.0 
312.0 349.0 3.9958473062882844 0.8542546526984913 32.0 
312.0 350.0 3.9958473062882844 0.8542546526984913 32.0 
313.0 348.0 3.9958473062882844 0.8542546526984913 32.0 
313.0 349.0 3.9958473062882844 0.8542546526984913 32.0 
313.0 350.0 3.9958473062882844 0.8542546526984913 32.0 
313.0 351.0 3.9958473062882844 0.8542546526984913 32.0 
314.0 349.0 3.9958473062882844 0.8542546526984913 32.0 
314.0 350.0 3.9958473062882844 0.8542546526984913 32.0 
314.0 351.0 3.9958473062882844 0.8542546526984913 32.0 
314.0 352.0 3.9958473062882844 0.8542546526984913 32.0 
315.0 350.0 3.9958473062882844 0.8542546526984913 32.0 
315.0 351.0 3.9958473062882844 0.8542546526984913 32.0 
315.0 352.0 3.9958473062882844 0.8542546526984913 32.0 
315.0 353.0 3.9958473062882844 0.8542546526984913 32.0 
316.0 351.0 3.9958473062882844 0.8542546526984913 32.0 
316.0 352.0 3.9958473062882844 0.8542546526984913 32.0 
316.0 353.0 3.9958473062882844 0.8542546526984913 32.0 
316.0 354.0 3.9958473062882844 0.8542546526984913 32.0 
316.0 355.0 3.9958473062882844 0.8542546526984913 32.0 
317.0 352.0 3.9958473062882844 0.8542546526984913 32.0 
317.0 353.0 3.9958473062882844 0.8542546526984913 32.0 
317.0 354.0 3.9958473062882844 0.8542546526984913 32.0 
317.0 355.0 3.9958473062882844 0.8542546526984913 32.0 
317.0 356.0 3.9958473062882844 0.8542546526984913 32.0 
318.0 353.0 3.9958473062882844 0.8542546526984913 32.0 
318.0 354.0 3.9958473062882844 0.8542546526984913 32.0 
318.0 355.0 3.9958473062882844 0.8542546526984913 32.0 
318.0 356.0 3.9958473062882844 0.8542546526984913 32.0 
318.0 357.0 3.9958473062882844 0.8542546526984913 32.0 
319.0 354.0 3.9958473062882844 0.8542546526984913 32.0 
319.0 355.0 3.9958473062882844 0.8542546526984913 32.0 
319.0 356.0 3.9958473062882844 0.8542546526984913 32.0 
319.0 357.0 3.9958473062882844 0.8542546526984913 32.0 
319.0 358.0 3.9958473062882844 0.8542546526984913 32.0 
320.0 356.0 3.9958473062882844 0.8542546526984913 32.0 
320.0 357.0 3.9958473062882844 0.8542546526984913 32.0 
320.0 358.0 3.9958473062882844 0.8542546526984913 32.0 
320.0 359.0 3.9958473062882844 0.8542546526984913 32.0 
321.0 357.0 3.9958473062882844 0.8542546526984913 32.0 
321.0 358.0 3.9958473062882844 0.8542546526984913 32.0 
321.0 359.0 3.9958473062882844 0.8542546526984913 32.0 
321.0 360.0 3.9958473062882844 0.8542546526984913 32.0 
322.0 358.0 3.9958473062882844 0.8542546526984913 32.0 
322.0 359.0 3.9958473062882844 0.8542546526984913 32.0 
322.0 360.0 3.9958473062882844 0.8542546526984913 32.0 
322.0 361.0 3.9958473062882844 0.8542546526984913 32.0 
323.0 359.0 3.9958473062882844 0.8542546526984913 32.0 
323.0 360.0 3.9958473062882844 0.8542546526984913 32.0 
323.0 361.0 3.9958473062882844 0.8542546526984913 32.0 
323.0 362.0 3.9958473062882844 0.8542546526984913 32.0 
323.0 363.0 3.9958473062882844 0.8542546526984913 32.0 
324.0 360.0 3.9958473062882844 0.8542546526984913 32.0 
324.0 361.0 3.9958473062882844 0.8542546526984913 32.0 
324.0 362.0 3.9958473062882844 0.8542546526984913 32.0 
324.0 363.0 3.9958473062882844 0.8542546526984913 32.0 
324.0 364.0 3.9958473062882844 0.8542546526984913 32.0 
325.0 361.0 3.9958473062882844 0.8542546526984913 32.0 
325.0 362.0 3.9958473062882844 0.8542546526984913 32.0 
325.0 363.0 3.9958473062882844 0.8542546526984913 32.0 
325.0 364.0 3.9958473062882844 0.8542546526984913 32.0 
325.0 365.0 3.9958473062882844 0.8542546526984913 32.0 
326.0 362.0 3.9958473062882844 0.8542546526984913 32.0 
326.0 363.0 3.9958473062882844 0.8542546526984913 32.0 
326.0 364.0 3.9958473062882844 0.8542546526984913 32.0 
326.0 365.0 3.9958473062882844 0.8542546526984913 32.0 
326.0 366.0 3.9958473062882844 0.8542546526984913 32.0 
327.0 364.0 3.9958473062882844 0.8542546526984913 32.0 
327.0 365.0 3.9958473062882844 0.8542546526984913 32.0 
327.0 366.0 3.9958473062882844 0.8542546526984913 32.0 
327.0 367.0 3.9958473062882844 0.8542546526984913 32.0 
328.0 365.0 3.9958473062882844 0.8542546526984913 32.0 
328.0 366.0 3.9958473062882844 0.8542546526984913 32.0 
328.0 367.0 3.9958473062882844 0.8542546526984913 32.0 
328.0 368.0 3.9958473062882844 0.8542546526984913 32.0 
329.0 366.0 3.9958473062882844 0.8542546526984913 32.0 
329.0 367.0 3.9958473062882844 0.8542546526984913 32.0 
329.0 368.0 3.9958473062882844 0.8542546526984913 32.0 
329.0 369.0 3.9958473062882844 0.8542546526984913 32.0 
330.0 367.0 3.9958473062882844 0.8542546526984913 32.0 
330.0 368.0 3.9958473062882844 0.8542546526984913 32.0 
330.0 369.0 3.9958473062882844 0.8542546526984913 32.0 
330.0 370.0 3.9958473062882844 0.8542546526984913 32.0 
331.0 368.0 3.9958473062882844 0.8542546526984913 32.0 
331.0 369.0 3.9958473062882844 0.8542546526984913 32.0 
332.0 369.0 3.9958473062882844 0.8542546526984913 32.0 
