244.0 362.0 2.087026997406644 5.228619650996436 76.0 
245.0 360.0 2.087026997406644 5.228619650996436 76.0 
245.0 361.0 2.087026997406644 5.228619650996436 76.0 
245.0 362.0 2.087026997406644 5.228619650996436 76.0 
245.0 363.0 2.087026997406644 5.228619650996436 76.0 
246.0 358.0 2.087026997406644 5.228619650996436 76.0 
246.0 359.0 2.087026997406644 5.228619650996436 76.0 
246.0 360.0 2.087026997406644 5.228619650996436 76.0 
246.0 361.0 2.087026997406644 5.228619650996436 76.0 
246.0 362.0 2.087026997406644 5.228619650996436 76.0 
246.0 363.0 2.087026997406644 5.228619650996436 76.0 
247.0 357.0 2.087026997406644 5.228619650996436 76.0 
247.0 358.0 2.087026997406644 5.228619650996436 76.0 
247.0 359.0 2.087026997406644 5.228619650996436 76.0 
247.0 360.0 2.087026997406644 5.228619650996436 76.0 
247.0 361.0 2.087026997406644 5.228619650996436 76.0 
247.0 362.0 2.087026997406644 5.228619650996436 76.0 
247.0 363.0 2.087026997406644 5.228619650996436 76.0 
247.0 364.0 2.087026997406644 5.228619650996436 76.0 
248.0 355.0 2.087026997406644 5.228619650996436 76.0 
248.0 356.0 2.087026997406644 5.228619650996436 76.0 
248.0 357.0 2.087026997406644 5.228619650996436 76.0 
248.0 358.0 2.087026997406644 5.228619650996436 76.0 
248.0 359.0 2.087026997406644 5.228619650996436 76.0 
248.0 360.0 2.087026997406644 5.228619650996436 76.0 
248.0 361.0 2.087026997406644 5.228619650996436 76.0 
248.0 362.0 2.087026997406644 5.228619650996436 76.0 
248.0 363.0 2.087026997406644 5.228619650996436 76.0 
248.0 364.0 2.087026997406644 5.228619650996436 76.0 
248.0 365.0 2.087026997406644 5.228619650996436 76.0 
249.0 353.0 2.087026997406644 5.228619650996436 76.0 
249.0 354.0 2.087026997406644 5.228619650996436 76.0 
249.0 355.0 2.087026997406644 5.228619650996436 76.0 
249.0 356.0 2.087026997406644 5.228619650996436 76.0 
249.0 357.0 2.087026997406644 5.228619650996436 76.0 
249.0 358.0 2.087026997406644 5.228619650996436 76.0 
249.0 359.0 2.087026997406644 5.228619650996436 76.0 
249.0 360.0 2.087026997406644 5.228619650996436 76.0 
249.0 361.0 2.087026997406644 5.228619650996436 76.0 
249.0 362.0 2.087026997406644 5.228619650996436 76.0 
249.0 363.0 2.087026997406644 5.228619650996436 76.0 
249.0 364.0 2.087026997406644 5.228619650996436 76.0 
250.0 351.0 2.087026997406644 5.228619650996436 76.0 
250.0 352.0 2.087026997406644 5.228619650996436 76.0 
250.0 353.0 2.087026997406644 5.228619650996436 76.0 
250.0 354.0 2.087026997406644 5.228619650996436 76.0 
250.0 355.0 2.087026997406644 5.228619650996436 76.0 
250.0 356.0 2.087026997406644 5.228619650996436 76.0 
250.0 357.0 2.087026997406644 5.228619650996436 76.0 
250.0 358.0 2.087026997406644 5.228619650996436 76.0 
250.0 359.0 2.087026997406644 5.228619650996436 76.0 
250.0 360.0 2.087026997406644 5.228619650996436 76.0 
250.0 361.0 2.087026997406644 5.228619650996436 76.0 
250.0 362.0 2.087026997406644 5.228619650996436 76.0 
250.0 363.0 2.087026997406644 5.228619650996436 76.0 
251.0 350.0 2.087026997406644 5.228619650996436 76.0 
251.0 351.0 2.087026997406644 5.228619650996436 76.0 
251.0 352.0 2.087026997406644 5.228619650996436 76.0 
251.0 353.0 2.087026997406644 5.228619650996436 76.0 
251.0 354.0 2.087026997406644 5.228619650996436 76.0 
251.0 355.0 2.087026997406644 5.228619650996436 76.0 
251.0 356.0 2.087026997406644 5.228619650996436 76.0 
251.0 357.0 2.087026997406644 5.228619650996436 76.0 
251.0 358.0 2.087026997406644 5.228619650996436 76.0 
251.0 359.0 2.087026997406644 5.228619650996436 76.0 
251.0 360.0 2.087026997406644 5.228619650996436 76.0 
251.0 361.0 2.087026997406644 5.228619650996436 76.0 
252.0 348.0 2.087026997406644 5.228619650996436 76.0 
252.0 349.0 2.087026997406644 5.228619650996436 76.0 
252.0 350.0 2.087026997406644 5.228619650996436 76.0 
252.0 351.0 2.087026997406644 5.228619650996436 76.0 
252.0 352.0 2.087026997406644 5.228619650996436 76.0 
252.0 353.0 2.087026997406644 5.228619650996436 76.0 
252.0 354.0 2.087026997406644 5.228619650996436 76.0 
252.0 355.0 2.087026997406644 5.228619650996436 76.0 
252.0 356.0 2.087026997406644 5.228619650996436 76.0 
252.0 357.0 2.087026997406644 5.228619650996436 76.0 
252.0 358.0 2.087026997406644 5.228619650996436 76.0 
252.0 359.0 2.087026997406644 5.228619650996436 76.0 
253.0 346.0 2.087026997406644 5.228619650996436 76.0 
253.0 347.0 2.087026997406644 5.228619650996436 76.0 
253.0 348.0 2.087026997406644 5.228619650996436 76.0 
253.0 349.0 2.087026997406644 5.228619650996436 76.0 
253.0 350.0 2.087026997406644 5.228619650996436 76.0 
253.0 351.0 2.087026997406644 5.228619650996436 76.0 
253.0 352.0 2.087026997406644 5.228619650996436 76.0 
253.0 353.0 2.087026997406644 5.228619650996436 76.0 
253.0 354.0 2.087026997406644 5.228619650996436 76.0 
253.0 355.0 2.087026997406644 5.228619650996436 76.0 
253.0 356.0 2.087026997406644 5.228619650996436 76.0 
253.0 357.0 2.087026997406644 5.228619650996436 76.0 
254.0 344.0 2.087026997406644 5.228619650996436 76.0 
254.0 345.0 2.087026997406644 5.228619650996436 76.0 
254.0 346.0 2.087026997406644 5.228619650996436 76.0 
254.0 347.0 2.087026997406644 5.228619650996436 76.0 
254.0 348.0 2.087026997406644 5.228619650996436 76.0 
254.0 349.0 2.087026997406644 5.228619650996436 76.0 
254.0 350.0 2.087026997406644 5.228619650996436 76.0 
254.0 351.0 2.087026997406644 5.228619650996436 76.0 
254.0 352.0 2.087026997406644 5.228619650996436 76.0 
254.0 353.0 2.087026997406644 5.228619650996436 76.0 
254.0 354.0 2.087026997406644 5.228619650996436 76.0 
254.0 355.0 2.087026997406644 5.228619650996436 76.0 
255.0 343.0 2.087026997406644 5.228619650996436 76.0 
255.0 344.0 2.087026997406644 5.228619650996436 76.0 
255.0 345.0 2.087026997406644 5.228619650996436 76.0 
255.0 346.0 2.087026997406644 5.228619650996436 76.0 
255.0 347.0 2.087026997406644 5.228619650996436 76.0 
255.0 348.0 2.087026997406644 5.228619650996436 76.0 
255.0 349.0 2.087026997406644 5.228619650996436 76.0 
255.0 350.0 2.087026997406644 5.228619650996436 76.0 
255.0 351.0 2.087026997406644 5.228619650996436 76.0 
255.0 352.0 2.087026997406644 5.228619650996436 76.0 
255.0 353.0 2.087026997406644 5.228619650996436 76.0 
255.0 354.0 2.087026997406644 5.228619650996436 76.0 
256.0 341.0 2.087026997406644 5.228619650996436 76.0 
256.0 342.0 2.087026997406644 5.228619650996436 76.0 
256.0 343.0 2.087026997406644 5.228619650996436 76.0 
256.0 344.0 2.087026997406644 5.228619650996436 76.0 
256.0 345.0 2.087026997406644 5.228619650996436 76.0 
256.0 346.0 2.087026997406644 5.228619650996436 76.0 
256.0 347.0 2.087026997406644 5.228619650996436 76.0 
256.0 348.0 2.087026997406644 5.228619650996436 76.0 
256.0 349.0 2.087026997406644 5.228619650996436 76.0 
256.0 350.0 2.087026997406644 5.228619650996436 76.0 
256.0 351.0 2.087026997406644 5.228619650996436 76.0 
256.0 352.0 2.087026997406644 5.228619650996436 76.0 
257.0 339.0 2.087026997406644 5.228619650996436 76.0 
257.0 340.0 2.087026997406644 5.228619650996436 76.0 
257.0 341.0 2.087026997406644 5.228619650996436 76.0 
257.0 342.0 2.087026997406644 5.228619650996436 76.0 
257.0 343.0 2.087026997406644 5.228619650996436 76.0 
257.0 344.0 2.087026997406644 5.228619650996436 76.0 
257.0 345.0 2.087026997406644 5.228619650996436 76.0 
257.0 346.0 2.087026997406644 5.228619650996436 76.0 
257.0 347.0 2.087026997406644 5.228619650996436 76.0 
257.0 348.0 2.087026997406644 5.228619650996436 76.0 
257.0 349.0 2.087026997406644 5.228619650996436 76.0 
257.0 350.0 2.087026997406644 5.228619650996436 76.0 
258.0 337.0 2.087026997406644 5.228619650996436 76.0 
258.0 338.0 2.087026997406644 5.228619650996436 76.0 
258.0 339.0 2.087026997406644 5.228619650996436 76.0 
258.0 340.0 2.087026997406644 5.228619650996436 76.0 
258.0 341.0 2.087026997406644 5.228619650996436 76.0 
258.0 342.0 2.087026997406644 5.228619650996436 76.0 
258.0 343.0 2.087026997406644 5.228619650996436 76.0 
258.0 344.0 2.087026997406644 5.228619650996436 76.0 
258.0 345.0 2.087026997406644 5.228619650996436 76.0 
258.0 346.0 2.087026997406644 5.228619650996436 76.0 
258.0 347.0 2.087026997406644 5.228619650996436 76.0 
258.0 348.0 2.087026997406644 5.228619650996436 76.0 
259.0 336.0 2.087026997406644 5.228619650996436 76.0 
259.0 337.0 2.087026997406644 5.228619650996436 76.0 
259.0 338.0 2.087026997406644 5.228619650996436 76.0 
259.0 339.0 2.087026997406644 5.228619650996436 76.0 
259.0 340.0 2.087026997406644 5.228619650996436 76.0 
259.0 341.0 2.087026997406644 5.228619650996436 76.0 
259.0 342.0 2.087026997406644 5.228619650996436 76.0 
259.0 343.0 2.087026997406644 5.228619650996436 76.0 
259.0 344.0 2.087026997406644 5.228619650996436 76.0 
259.0 345.0 2.087026997406644 5.228619650996436 76.0 
259.0 346.0 2.087026997406644 5.228619650996436 76.0 
259.0 347.0 2.087026997406644 5.228619650996436 76.0 
260.0 334.0 2.087026997406644 5.228619650996436 76.0 
260.0 335.0 2.087026997406644 5.228619650996436 76.0 
260.0 336.0 2.087026997406644 5.228619650996436 76.0 
260.0 337.0 2.087026997406644 5.228619650996436 76.0 
260.0 338.0 2.087026997406644 5.228619650996436 76.0 
260.0 339.0 2.087026997406644 5.228619650996436 76.0 
260.0 340.0 2.087026997406644 5.228619650996436 76.0 
260.0 341.0 2.087026997406644 5.228619650996436 76.0 
260.0 342.0 2.087026997406644 5.228619650996436 76.0 
260.0 343.0 2.087026997406644 5.228619650996436 76.0 
260.0 344.0 2.087026997406644 5.228619650996436 76.0 
260.0 345.0 2.087026997406644 5.228619650996436 76.0 
261.0 332.0 2.087026997406644 5.228619650996436 76.0 
261.0 333.0 2.087026997406644 5.228619650996436 76.0 
261.0 334.0 2.087026997406644 5.228619650996436 76.0 
261.0 335.0 2.087026997406644 5.228619650996436 76.0 
261.0 336.0 2.087026997406644 5.228619650996436 76.0 
261.0 337.0 2.087026997406644 5.228619650996436 76.0 
261.0 338.0 2.087026997406644 5.228619650996436 76.0 
261.0 339.0 2.087026997406644 5.228619650996436 76.0 
261.0 340.0 2.087026997406644 5.228619650996436 76.0 
261.0 341.0 2.087026997406644 5.228619650996436 76.0 
261.0 342.0 2.087026997406644 5.228619650996436 76.0 
261.0 343.0 2.087026997406644 5.228619650996436 76.0 
262.0 330.0 2.087026997406644 5.228619650996436 76.0 
262.0 331.0 2.087026997406644 5.228619650996436 76.0 
262.0 332.0 2.087026997406644 5.228619650996436 76.0 
262.0 333.0 2.087026997406644 5.228619650996436 76.0 
262.0 334.0 2.087026997406644 5.228619650996436 76.0 
262.0 335.0 2.087026997406644 5.228619650996436 76.0 
262.0 336.0 2.087026997406644 5.228619650996436 76.0 
262.0 337.0 2.087026997406644 5.228619650996436 76.0 
262.0 338.0 2.087026997406644 5.228619650996436 76.0 
262.0 339.0 2.087026997406644 5.228619650996436 76.0 
262.0 340.0 2.087026997406644 5.228619650996436 76.0 
262.0 341.0 2.087026997406644 5.228619650996436 76.0 
263.0 328.0 2.087026997406644 5.228619650996436 76.0 
263.0 329.0 2.087026997406644 5.228619650996436 76.0 
263.0 330.0 2.087026997406644 5.228619650996436 76.0 
263.0 331.0 2.087026997406644 5.228619650996436 76.0 
263.0 332.0 2.087026997406644 5.228619650996436 76.0 
263.0 333.0 2.087026997406644 5.228619650996436 76.0 
263.0 334.0 2.087026997406644 5.228619650996436 76.0 
263.0 335.0 2.087026997406644 5.228619650996436 76.0 
263.0 336.0 2.087026997406644 5.228619650996436 76.0 
263.0 337.0 2.087026997406644 5.228619650996436 76.0 
263.0 338.0 2.087026997406644 5.228619650996436 76.0 
263.0 339.0 2.087026997406644 5.228619650996436 76.0 
263.0 340.0 2.087026997406644 5.228619650996436 76.0 
264.0 327.0 2.087026997406644 5.228619650996436 76.0 
264.0 328.0 2.087026997406644 5.228619650996436 76.0 
264.0 329.0 2.087026997406644 5.228619650996436 76.0 
264.0 330.0 2.087026997406644 5.228619650996436 76.0 
264.0 331.0 2.087026997406644 5.228619650996436 76.0 
264.0 332.0 2.087026997406644 5.228619650996436 76.0 
264.0 333.0 2.087026997406644 5.228619650996436 76.0 
264.0 334.0 2.087026997406644 5.228619650996436 76.0 
264.0 335.0 2.087026997406644 5.228619650996436 76.0 
264.0 336.0 2.087026997406644 5.228619650996436 76.0 
264.0 337.0 2.087026997406644 5.228619650996436 76.0 
264.0 338.0 2.087026997406644 5.228619650996436 76.0 
265.0 325.0 2.087026997406644 5.228619650996436 76.0 
265.0 326.0 2.087026997406644 5.228619650996436 76.0 
265.0 327.0 2.087026997406644 5.228619650996436 76.0 
265.0 328.0 2.087026997406644 5.228619650996436 76.0 
265.0 329.0 2.087026997406644 5.228619650996436 76.0 
265.0 330.0 2.087026997406644 5.228619650996436 76.0 
265.0 331.0 2.087026997406644 5.228619650996436 76.0 
265.0 332.0 2.087026997406644 5.228619650996436 76.0 
265.0 333.0 2.087026997406644 5.228619650996436 76.0 
265.0 334.0 2.087026997406644 5.228619650996436 76.0 
265.0 335.0 2.087026997406644 5.228619650996436 76.0 
265.0 336.0 2.087026997406644 5.228619650996436 76.0 
266.0 323.0 2.087026997406644 5.228619650996436 76.0 
266.0 324.0 2.087026997406644 5.228619650996436 76.0 
266.0 325.0 2.087026997406644 5.228619650996436 76.0 
266.0 326.0 2.087026997406644 5.228619650996436 76.0 
266.0 327.0 2.087026997406644 5.228619650996436 76.0 
266.0 328.0 2.087026997406644 5.228619650996436 76.0 
266.0 329.0 2.087026997406644 5.228619650996436 76.0 
266.0 330.0 2.087026997406644 5.228619650996436 76.0 
266.0 331.0 2.087026997406644 5.228619650996436 76.0 
266.0 332.0 2.087026997406644 5.228619650996436 76.0 
266.0 333.0 2.087026997406644 5.228619650996436 76.0 
266.0 334.0 2.087026997406644 5.228619650996436 76.0 
267.0 321.0 2.087026997406644 5.228619650996436 76.0 
267.0 322.0 2.087026997406644 5.228619650996436 76.0 
267.0 323.0 2.087026997406644 5.228619650996436 76.0 
267.0 324.0 2.087026997406644 5.228619650996436 76.0 
267.0 325.0 2.087026997406644 5.228619650996436 76.0 
267.0 326.0 2.087026997406644 5.228619650996436 76.0 
267.0 327.0 2.087026997406644 5.228619650996436 76.0 
267.0 328.0 2.087026997406644 5.228619650996436 76.0 
267.0 329.0 2.087026997406644 5.228619650996436 76.0 
267.0 330.0 2.087026997406644 5.228619650996436 76.0 
267.0 331.0 2.087026997406644 5.228619650996436 76.0 
267.0 332.0 2.087026997406644 5.228619650996436 76.0 
267.0 333.0 2.087026997406644 5.228619650996436 76.0 
268.0 320.0 2.087026997406644 5.228619650996436 76.0 
268.0 321.0 2.087026997406644 5.228619650996436 76.0 
268.0 322.0 2.087026997406644 5.228619650996436 76.0 
268.0 323.0 2.087026997406644 5.228619650996436 76.0 
268.0 324.0 2.087026997406644 5.228619650996436 76.0 
268.0 325.0 2.087026997406644 5.228619650996436 76.0 
268.0 326.0 2.087026997406644 5.228619650996436 76.0 
268.0 327.0 2.087026997406644 5.228619650996436 76.0 
268.0 328.0 2.087026997406644 5.228619650996436 76.0 
268.0 329.0 2.087026997406644 5.228619650996436 76.0 
268.0 330.0 2.087026997406644 5.228619650996436 76.0 
268.0 331.0 2.087026997406644 5.228619650996436 76.0 
269.0 318.0 2.087026997406644 5.228619650996436 76.0 
269.0 319.0 2.087026997406644 5.228619650996436 76.0 
269.0 320.0 2.087026997406644 5.228619650996436 76.0 
269.0 321.0 2.087026997406644 5.228619650996436 76.0 
269.0 322.0 2.087026997406644 5.228619650996436 76.0 
269.0 323.0 2.087026997406644 5.228619650996436 76.0 
269.0 324.0 2.087026997406644 5.228619650996436 76.0 
269.0 325.0 2.087026997406644 5.228619650996436 76.0 
269.0 326.0 2.087026997406644 5.228619650996436 76.0 
269.0 327.0 2.087026997406644 5.228619650996436 76.0 
269.0 328.0 2.087026997406644 5.228619650996436 76.0 
269.0 329.0 2.087026997406644 5.228619650996436 76.0 
270.0 316.0 2.087026997406644 5.228619650996436 76.0 
270.0 317.0 2.087026997406644 5.228619650996436 76.0 
270.0 318.0 2.087026997406644 5.228619650996436 76.0 
270.0 319.0 2.087026997406644 5.228619650996436 76.0 
270.0 320.0 2.087026997406644 5.228619650996436 76.0 
270.0 321.0 2.087026997406644 5.228619650996436 76.0 
270.0 322.0 2.087026997406644 5.228619650996436 76.0 
270.0 323.0 2.087026997406644 5.228619650996436 76.0 
270.0 324.0 2.087026997406644 5.228619650996436 76.0 
270.0 325.0 2.087026997406644 5.228619650996436 76.0 
270.0 326.0 2.087026997406644 5.228619650996436 76.0 
270.0 327.0 2.087026997406644 5.228619650996436 76.0 
271.0 314.0 2.087026997406644 5.228619650996436 76.0 
271.0 315.0 2.087026997406644 5.228619650996436 76.0 
271.0 316.0 2.087026997406644 5.228619650996436 76.0 
271.0 317.0 2.087026997406644 5.228619650996436 76.0 
271.0 318.0 2.087026997406644 5.228619650996436 76.0 
271.0 319.0 2.087026997406644 5.228619650996436 76.0 
271.0 320.0 2.087026997406644 5.228619650996436 76.0 
271.0 321.0 2.087026997406644 5.228619650996436 76.0 
271.0 322.0 2.087026997406644 5.228619650996436 76.0 
271.0 323.0 2.087026997406644 5.228619650996436 76.0 
271.0 324.0 2.087026997406644 5.228619650996436 76.0 
271.0 325.0 2.087026997406644 5.228619650996436 76.0 
271.0 326.0 2.087026997406644 5.228619650996436 76.0 
272.0 313.0 2.087026997406644 5.228619650996436 76.0 
272.0 314.0 2.087026997406644 5.228619650996436 76.0 
272.0 315.0 2.087026997406644 5.228619650996436 76.0 
272.0 316.0 2.087026997406644 5.228619650996436 76.0 
272.0 317.0 2.087026997406644 5.228619650996436 76.0 
272.0 318.0 2.087026997406644 5.228619650996436 76.0 
272.0 319.0 2.087026997406644 5.228619650996436 76.0 
272.0 320.0 2.087026997406644 5.228619650996436 76.0 
272.0 321.0 2.087026997406644 5.228619650996436 76.0 
272.0 322.0 2.087026997406644 5.228619650996436 76.0 
272.0 323.0 2.087026997406644 5.228619650996436 76.0 
272.0 324.0 2.087026997406644 5.228619650996436 76.0 
273.0 311.0 2.087026997406644 5.228619650996436 76.0 
273.0 312.0 2.087026997406644 5.228619650996436 76.0 
273.0 313.0 2.087026997406644 5.228619650996436 76.0 
273.0 314.0 2.087026997406644 5.228619650996436 76.0 
273.0 315.0 2.087026997406644 5.228619650996436 76.0 
273.0 316.0 2.087026997406644 5.228619650996436 76.0 
273.0 317.0 2.087026997406644 5.228619650996436 76.0 
273.0 318.0 2.087026997406644 5.228619650996436 76.0 
273.0 319.0 2.087026997406644 5.228619650996436 76.0 
273.0 320.0 2.087026997406644 5.228619650996436 76.0 
273.0 321.0 2.087026997406644 5.228619650996436 76.0 
273.0 322.0 2.087026997406644 5.228619650996436 76.0 
274.0 309.0 2.087026997406644 5.228619650996436 76.0 
274.0 310.0 2.087026997406644 5.228619650996436 76.0 
274.0 311.0 2.087026997406644 5.228619650996436 76.0 
274.0 312.0 2.087026997406644 5.228619650996436 76.0 
274.0 313.0 2.087026997406644 5.228619650996436 76.0 
274.0 314.0 2.087026997406644 5.228619650996436 76.0 
274.0 315.0 2.087026997406644 5.228619650996436 76.0 
274.0 316.0 2.087026997406644 5.228619650996436 76.0 
274.0 317.0 2.087026997406644 5.228619650996436 76.0 
274.0 318.0 2.087026997406644 5.228619650996436 76.0 
274.0 319.0 2.087026997406644 5.228619650996436 76.0 
274.0 320.0 2.087026997406644 5.228619650996436 76.0 
275.0 307.0 2.087026997406644 5.228619650996436 76.0 
275.0 308.0 2.087026997406644 5.228619650996436 76.0 
275.0 309.0 2.087026997406644 5.228619650996436 76.0 
275.0 310.0 2.087026997406644 5.228619650996436 76.0 
275.0 311.0 2.087026997406644 5.228619650996436 76.0 
275.0 312.0 2.087026997406644 5.228619650996436 76.0 
275.0 313.0 2.087026997406644 5.228619650996436 76.0 
275.0 314.0 2.087026997406644 5.228619650996436 76.0 
275.0 315.0 2.087026997406644 5.228619650996436 76.0 
275.0 316.0 2.087026997406644 5.228619650996436 76.0 
275.0 317.0 2.087026997406644 5.228619650996436 76.0 
275.0 318.0 2.087026997406644 5.228619650996436 76.0 
276.0 306.0 2.087026997406644 5.228619650996436 76.0 
276.0 307.0 2.087026997406644 5.228619650996436 76.0 
276.0 308.0 2.087026997406644 5.228619650996436 76.0 
276.0 309.0 2.087026997406644 5.228619650996436 76.0 
276.0 310.0 2.087026997406644 5.228619650996436 76.0 
276.0 311.0 2.087026997406644 5.228619650996436 76.0 
276.0 312.0 2.087026997406644 5.228619650996436 76.0 
276.0 313.0 2.087026997406644 5.228619650996436 76.0 
276.0 314.0 2.087026997406644 5.228619650996436 76.0 
276.0 315.0 2.087026997406644 5.228619650996436 76.0 
276.0 316.0 2.087026997406644 5.228619650996436 76.0 
276.0 317.0 2.087026997406644 5.228619650996436 76.0 
277.0 304.0 2.087026997406644 5.228619650996436 76.0 
277.0 305.0 2.087026997406644 5.228619650996436 76.0 
277.0 306.0 2.087026997406644 5.228619650996436 76.0 
277.0 307.0 2.087026997406644 5.228619650996436 76.0 
277.0 308.0 2.087026997406644 5.228619650996436 76.0 
277.0 309.0 2.087026997406644 5.228619650996436 76.0 
277.0 310.0 2.087026997406644 5.228619650996436 76.0 
277.0 311.0 2.087026997406644 5.228619650996436 76.0 
277.0 312.0 2.087026997406644 5.228619650996436 76.0 
277.0 313.0 2.087026997406644 5.228619650996436 76.0 
277.0 314.0 2.087026997406644 5.228619650996436 76.0 
277.0 315.0 2.087026997406644 5.228619650996436 76.0 
278.0 302.0 2.087026997406644 5.228619650996436 76.0 
278.0 303.0 2.087026997406644 5.228619650996436 76.0 
278.0 304.0 2.087026997406644 5.228619650996436 76.0 
278.0 305.0 2.087026997406644 5.228619650996436 76.0 
278.0 306.0 2.087026997406644 5.228619650996436 76.0 
278.0 307.0 2.087026997406644 5.228619650996436 76.0 
278.0 308.0 2.087026997406644 5.228619650996436 76.0 
278.0 309.0 2.087026997406644 5.228619650996436 76.0 
278.0 310.0 2.087026997406644 5.228619650996436 76.0 
278.0 311.0 2.087026997406644 5.228619650996436 76.0 
278.0 312.0 2.087026997406644 5.228619650996436 76.0 
278.0 313.0 2.087026997406644 5.228619650996436 76.0 
279.0 300.0 2.087026997406644 5.228619650996436 76.0 
279.0 301.0 2.087026997406644 5.228619650996436 76.0 
279.0 302.0 2.087026997406644 5.228619650996436 76.0 
279.0 303.0 2.087026997406644 5.228619650996436 76.0 
279.0 304.0 2.087026997406644 5.228619650996436 76.0 
279.0 305.0 2.087026997406644 5.228619650996436 76.0 
279.0 306.0 2.087026997406644 5.228619650996436 76.0 
279.0 307.0 2.087026997406644 5.228619650996436 76.0 
279.0 308.0 2.087026997406644 5.228619650996436 76.0 
279.0 309.0 2.087026997406644 5.228619650996436 76.0 
279.0 310.0 2.087026997406644 5.228619650996436 76.0 
279.0 311.0 2.087026997406644 5.228619650996436 76.0 
280.0 299.0 2.087026997406644 5.228619650996436 76.0 
280.0 300.0 2.087026997406644 5.228619650996436 76.0 
280.0 301.0 2.087026997406644 5.228619650996436 76.0 
280.0 302.0 2.087026997406644 5.228619650996436 76.0 
280.0 303.0 2.087026997406644 5.228619650996436 76.0 
280.0 304.0 2.087026997406644 5.228619650996436 76.0 
280.0 305.0 2.087026997406644 5.228619650996436 76.0 
280.0 306.0 2.087026997406644 5.228619650996436 76.0 
280.0 307.0 2.087026997406644 5.228619650996436 76.0 
280.0 308.0 2.087026997406644 5.228619650996436 76.0 
280.0 309.0 2.087026997406644 5.228619650996436 76.0 
280.0 310.0 2.087026997406644 5.228619650996436 76.0 
281.0 297.0 2.087026997406644 5.228619650996436 76.0 
281.0 298.0 2.087026997406644 5.228619650996436 76.0 
281.0 299.0 2.087026997406644 5.228619650996436 76.0 
281.0 300.0 2.087026997406644 5.228619650996436 76.0 
281.0 301.0 2.087026997406644 5.228619650996436 76.0 
281.0 302.0 2.087026997406644 5.228619650996436 76.0 
281.0 303.0 2.087026997406644 5.228619650996436 76.0 
281.0 304.0 2.087026997406644 5.228619650996436 76.0 
281.0 305.0 2.087026997406644 5.228619650996436 76.0 
281.0 306.0 2.087026997406644 5.228619650996436 76.0 
281.0 307.0 2.087026997406644 5.228619650996436 76.0 
281.0 308.0 2.087026997406644 5.228619650996436 76.0 
282.0 295.0 2.087026997406644 5.228619650996436 76.0 
282.0 296.0 2.087026997406644 5.228619650996436 76.0 
282.0 297.0 2.087026997406644 5.228619650996436 76.0 
282.0 298.0 2.087026997406644 5.228619650996436 76.0 
282.0 299.0 2.087026997406644 5.228619650996436 76.0 
282.0 300.0 2.087026997406644 5.228619650996436 76.0 
282.0 301.0 2.087026997406644 5.228619650996436 76.0 
282.0 302.0 2.087026997406644 5.228619650996436 76.0 
282.0 303.0 2.087026997406644 5.228619650996436 76.0 
282.0 304.0 2.087026997406644 5.228619650996436 76.0 
282.0 305.0 2.087026997406644 5.228619650996436 76.0 
282.0 306.0 2.087026997406644 5.228619650996436 76.0 
283.0 293.0 2.087026997406644 5.228619650996436 76.0 
283.0 294.0 2.087026997406644 5.228619650996436 76.0 
283.0 295.0 2.087026997406644 5.228619650996436 76.0 
283.0 296.0 2.087026997406644 5.228619650996436 76.0 
283.0 297.0 2.087026997406644 5.228619650996436 76.0 
283.0 298.0 2.087026997406644 5.228619650996436 76.0 
283.0 299.0 2.087026997406644 5.228619650996436 76.0 
283.0 300.0 2.087026997406644 5.228619650996436 76.0 
283.0 301.0 2.087026997406644 5.228619650996436 76.0 
283.0 302.0 2.087026997406644 5.228619650996436 76.0 
283.0 303.0 2.087026997406644 5.228619650996436 76.0 
283.0 304.0 2.087026997406644 5.228619650996436 76.0 
284.0 291.0 2.087026997406644 5.228619650996436 76.0 
284.0 292.0 2.087026997406644 5.228619650996436 76.0 
284.0 293.0 2.087026997406644 5.228619650996436 76.0 
284.0 294.0 2.087026997406644 5.228619650996436 76.0 
284.0 295.0 2.087026997406644 5.228619650996436 76.0 
284.0 296.0 2.087026997406644 5.228619650996436 76.0 
284.0 297.0 2.087026997406644 5.228619650996436 76.0 
284.0 298.0 2.087026997406644 5.228619650996436 76.0 
284.0 299.0 2.087026997406644 5.228619650996436 76.0 
284.0 300.0 2.087026997406644 5.228619650996436 76.0 
284.0 301.0 2.087026997406644 5.228619650996436 76.0 
284.0 302.0 2.087026997406644 5.228619650996436 76.0 
284.0 303.0 2.087026997406644 5.228619650996436 76.0 
285.0 290.0 2.087026997406644 5.228619650996436 76.0 
285.0 291.0 2.087026997406644 5.228619650996436 76.0 
285.0 292.0 2.087026997406644 5.228619650996436 76.0 
285.0 293.0 2.087026997406644 5.228619650996436 76.0 
285.0 294.0 2.087026997406644 5.228619650996436 76.0 
285.0 295.0 2.087026997406644 5.228619650996436 76.0 
285.0 296.0 2.087026997406644 5.228619650996436 76.0 
285.0 297.0 2.087026997406644 5.228619650996436 76.0 
285.0 298.0 2.087026997406644 5.228619650996436 76.0 
285.0 299.0 2.087026997406644 5.228619650996436 76.0 
285.0 300.0 2.087026997406644 5.228619650996436 76.0 
285.0 301.0 2.087026997406644 5.228619650996436 76.0 
286.0 289.0 2.087026997406644 5.228619650996436 76.0 
286.0 290.0 2.087026997406644 5.228619650996436 76.0 
286.0 291.0 2.087026997406644 5.228619650996436 76.0 
286.0 292.0 2.087026997406644 5.228619650996436 76.0 
286.0 293.0 2.087026997406644 5.228619650996436 76.0 
286.0 294.0 2.087026997406644 5.228619650996436 76.0 
286.0 295.0 2.087026997406644 5.228619650996436 76.0 
286.0 296.0 2.087026997406644 5.228619650996436 76.0 
286.0 297.0 2.087026997406644 5.228619650996436 76.0 
286.0 298.0 2.087026997406644 5.228619650996436 76.0 
286.0 299.0 2.087026997406644 5.228619650996436 76.0 
287.0 290.0 2.087026997406644 5.228619650996436 76.0 
287.0 291.0 2.087026997406644 5.228619650996436 76.0 
287.0 292.0 2.087026997406644 5.228619650996436 76.0 
287.0 293.0 2.087026997406644 5.228619650996436 76.0 
287.0 294.0 2.087026997406644 5.228619650996436 76.0 
287.0 295.0 2.087026997406644 5.228619650996436 76.0 
287.0 296.0 2.087026997406644 5.228619650996436 76.0 
287.0 297.0 2.087026997406644 5.228619650996436 76.0 
288.0 290.0 2.087026997406644 5.228619650996436 76.0 
288.0 291.0 2.087026997406644 5.228619650996436 76.0 
288.0 292.0 2.087026997406644 5.228619650996436 76.0 
288.0 293.0 2.087026997406644 5.228619650996436 76.0 
288.0 294.0 2.087026997406644 5.228619650996436 76.0 
288.0 295.0 2.087026997406644 5.228619650996436 76.0 
288.0 296.0 2.087026997406644 5.228619650996436 76.0 
289.0 291.0 2.087026997406644 5.228619650996436 76.0 
289.0 292.0 2.087026997406644 5.228619650996436 76.0 
289.0 293.0 2.087026997406644 5.228619650996436 76.0 
289.0 294.0 2.087026997406644 5.228619650996436 76.0 
290.0 292.0 2.087026997406644 5.228619650996436 76.0 
