309.0 258.0 3.0309354324158964 6.1725280860056895 28.0 
309.0 259.0 3.0309354324158964 6.1725280860056895 28.0 
310.0 258.0 3.0309354324158964 6.1725280860056895 28.0 
310.0 259.0 3.0309354324158964 6.1725280860056895 28.0 
310.0 260.0 3.0309354324158964 6.1725280860056895 28.0 
310.0 261.0 3.0309354324158964 6.1725280860056895 28.0 
311.0 258.0 3.0309354324158964 6.1725280860056895 28.0 
311.0 259.0 3.0309354324158964 6.1725280860056895 28.0 
311.0 260.0 3.0309354324158964 6.1725280860056895 28.0 
311.0 261.0 3.0309354324158964 6.1725280860056895 28.0 
312.0 258.0 3.0309354324158964 6.1725280860056895 28.0 
312.0 259.0 3.0309354324158964 6.1725280860056895 28.0 
312.0 260.0 3.0309354324158964 6.1725280860056895 28.0 
312.0 261.0 3.0309354324158964 6.1725280860056895 28.0 
313.0 258.0 3.0309354324158964 6.1725280860056895 28.0 
313.0 259.0 3.0309354324158964 6.1725280860056895 28.0 
313.0 260.0 3.0309354324158964 6.1725280860056895 28.0 
313.0 261.0 3.0309354324158964 6.1725280860056895 28.0 
314.0 258.0 3.0309354324158964 6.1725280860056895 28.0 
314.0 259.0 3.0309354324158964 6.1725280860056895 28.0 
314.0 260.0 3.0309354324158964 6.1725280860056895 28.0 
314.0 261.0 3.0309354324158964 6.1725280860056895 28.0 
315.0 258.0 3.0309354324158964 6.1725280860056895 28.0 
315.0 259.0 3.0309354324158964 6.1725280860056895 28.0 
315.0 260.0 3.0309354324158964 6.1725280860056895 28.0 
315.0 261.0 3.0309354324158964 6.1725280860056895 28.0 
316.0 258.0 3.0309354324158964 6.1725280860056895 28.0 
316.0 259.0 3.0309354324158964 6.1725280860056895 28.0 
316.0 260.0 3.0309354324158964 6.1725280860056895 28.0 
316.0 261.0 3.0309354324158964 6.1725280860056895 28.0 
317.0 258.0 3.0309354324158964 6.1725280860056895 28.0 
317.0 259.0 3.0309354324158964 6.1725280860056895 28.0 
317.0 260.0 3.0309354324158964 6.1725280860056895 28.0 
317.0 261.0 3.0309354324158964 6.1725280860056895 28.0 
318.0 259.0 3.0309354324158964 6.1725280860056895 28.0 
318.0 260.0 3.0309354324158964 6.1725280860056895 28.0 
318.0 261.0 3.0309354324158964 6.1725280860056895 28.0 
322.0 256.0 3.0828368308740703 6.2244294844638635 32.0 
322.0 257.0 3.0828368308740703 6.2244294844638635 32.0 
323.0 256.0 3.0828368308740703 6.2244294844638635 32.0 
323.0 257.0 3.0828368308740703 6.2244294844638635 32.0 
323.0 258.0 3.0828368308740703 6.2244294844638635 32.0 
323.0 259.0 3.0828368308740703 6.2244294844638635 32.0 
324.0 256.0 3.0828368308740703 6.2244294844638635 32.0 
324.0 257.0 3.0828368308740703 6.2244294844638635 32.0 
324.0 258.0 3.0828368308740703 6.2244294844638635 32.0 
324.0 259.0 3.0828368308740703 6.2244294844638635 32.0 
325.0 256.0 3.0828368308740703 6.2244294844638635 32.0 
325.0 257.0 3.0828368308740703 6.2244294844638635 32.0 
325.0 258.0 3.0828368308740703 6.2244294844638635 32.0 
325.0 259.0 3.0828368308740703 6.2244294844638635 32.0 
326.0 256.0 3.0828368308740703 6.2244294844638635 32.0 
326.0 257.0 3.0828368308740703 6.2244294844638635 32.0 
326.0 258.0 3.0828368308740703 6.2244294844638635 32.0 
326.0 259.0 3.0828368308740703 6.2244294844638635 32.0 
327.0 256.0 3.0828368308740703 6.2244294844638635 32.0 
327.0 257.0 3.0828368308740703 6.2244294844638635 32.0 
327.0 258.0 3.0828368308740703 6.2244294844638635 32.0 
327.0 259.0 3.0828368308740703 6.2244294844638635 32.0 
328.0 256.0 3.0828368308740703 6.2244294844638635 32.0 
328.0 257.0 3.0828368308740703 6.2244294844638635 32.0 
328.0 258.0 3.0828368308740703 6.2244294844638635 32.0 
328.0 259.0 3.0828368308740703 6.2244294844638635 32.0 
329.0 256.0 3.0828368308740703 6.2244294844638635 32.0 
329.0 257.0 3.0828368308740703 6.2244294844638635 32.0 
329.0 258.0 3.0828368308740703 6.2244294844638635 32.0 
329.0 259.0 3.0828368308740703 6.2244294844638635 32.0 
330.0 256.0 3.0828368308740703 6.2244294844638635 32.0 
330.0 257.0 3.0828368308740703 6.2244294844638635 32.0 
330.0 258.0 3.0828368308740703 6.2244294844638635 32.0 
330.0 259.0 3.0828368308740703 6.2244294844638635 32.0 
331.0 256.0 3.0828368308740703 6.2244294844638635 32.0 
331.0 257.0 3.0828368308740703 6.2244294844638635 32.0 
331.0 258.0 3.0828368308740703 6.2244294844638635 32.0 
331.0 259.0 3.0828368308740703 6.2244294844638635 32.0 
332.0 256.0 3.0828368308740703 6.2244294844638635 32.0 
332.0 257.0 3.0828368308740703 6.2244294844638635 32.0 
332.0 258.0 3.0828368308740703 6.2244294844638635 32.0 
332.0 259.0 3.0828368308740703 6.2244294844638635 32.0 
333.0 256.0 3.0828368308740703 6.2244294844638635 32.0 
333.0 257.0 3.0828368308740703 6.2244294844638635 32.0 
333.0 258.0 3.0828368308740703 6.2244294844638635 32.0 
333.0 259.0 3.0828368308740703 6.2244294844638635 32.0 
334.0 256.0 3.0828368308740703 6.2244294844638635 32.0 
334.0 257.0 3.0828368308740703 6.2244294844638635 32.0 
334.0 258.0 3.0828368308740703 6.2244294844638635 32.0 
334.0 259.0 3.0828368308740703 6.2244294844638635 32.0 
335.0 256.0 3.0828368308740703 6.2244294844638635 32.0 
335.0 257.0 3.0828368308740703 6.2244294844638635 32.0 
335.0 258.0 3.0828368308740703 6.2244294844638635 32.0 
335.0 259.0 3.0828368308740703 6.2244294844638635 32.0 
336.0 256.0 3.0828368308740703 6.2244294844638635 32.0 
336.0 257.0 3.0828368308740703 6.2244294844638635 32.0 
336.0 258.0 3.0828368308740703 6.2244294844638635 32.0 
336.0 259.0 3.0828368308740703 6.2244294844638635 32.0 
337.0 256.0 3.0828368308740703 6.2244294844638635 32.0 
337.0 257.0 3.0828368308740703 6.2244294844638635 32.0 
337.0 258.0 3.0828368308740703 6.2244294844638635 32.0 
337.0 259.0 3.0828368308740703 6.2244294844638635 32.0 
338.0 256.0 3.0828368308740703 6.2244294844638635 32.0 
338.0 257.0 3.0828368308740703 6.2244294844638635 32.0 
338.0 258.0 3.0828368308740703 6.2244294844638635 32.0 
338.0 259.0 3.0828368308740703 6.2244294844638635 32.0 
339.0 257.0 3.0828368308740703 6.2244294844638635 32.0 
339.0 258.0 3.0828368308740703 6.2244294844638635 32.0 
339.0 259.0 3.0828368308740703 6.2244294844638635 32.0 
345.0 254.0 3.0419240010986317 6.183516654688424 36.0 
345.0 255.0 3.0419240010986317 6.183516654688424 36.0 
345.0 256.0 3.0419240010986317 6.183516654688424 36.0 
346.0 254.0 3.0419240010986317 6.183516654688424 36.0 
346.0 255.0 3.0419240010986317 6.183516654688424 36.0 
346.0 256.0 3.0419240010986317 6.183516654688424 36.0 
346.0 257.0 3.0419240010986317 6.183516654688424 36.0 
346.0 258.0 3.0419240010986317 6.183516654688424 36.0 
346.0 259.0 3.0419240010986317 6.183516654688424 36.0 
347.0 254.0 3.0419240010986317 6.183516654688424 36.0 
347.0 255.0 3.0419240010986317 6.183516654688424 36.0 
347.0 256.0 3.0419240010986317 6.183516654688424 36.0 
347.0 257.0 3.0419240010986317 6.183516654688424 36.0 
347.0 258.0 3.0419240010986317 6.183516654688424 36.0 
347.0 259.0 3.0419240010986317 6.183516654688424 36.0 
348.0 254.0 3.0419240010986317 6.183516654688424 36.0 
348.0 255.0 3.0419240010986317 6.183516654688424 36.0 
348.0 256.0 3.0419240010986317 6.183516654688424 36.0 
348.0 257.0 3.0419240010986317 6.183516654688424 36.0 
348.0 258.0 3.0419240010986317 6.183516654688424 36.0 
348.0 259.0 3.0419240010986317 6.183516654688424 36.0 
349.0 254.0 3.0419240010986317 6.183516654688424 36.0 
349.0 255.0 3.0419240010986317 6.183516654688424 36.0 
349.0 256.0 3.0419240010986317 6.183516654688424 36.0 
349.0 257.0 3.0419240010986317 6.183516654688424 36.0 
349.0 258.0 3.0419240010986317 6.183516654688424 36.0 
349.0 259.0 3.0419240010986317 6.183516654688424 36.0 
350.0 254.0 3.0419240010986317 6.183516654688424 36.0 
350.0 255.0 3.0419240010986317 6.183516654688424 36.0 
350.0 256.0 3.0419240010986317 6.183516654688424 36.0 
350.0 257.0 3.0419240010986317 6.183516654688424 36.0 
350.0 258.0 3.0419240010986317 6.183516654688424 36.0 
350.0 259.0 3.0419240010986317 6.183516654688424 36.0 
351.0 254.0 3.0419240010986317 6.183516654688424 36.0 
351.0 255.0 3.0419240010986317 6.183516654688424 36.0 
351.0 256.0 3.0419240010986317 6.183516654688424 36.0 
351.0 257.0 3.0419240010986317 6.183516654688424 36.0 
351.0 258.0 3.0419240010986317 6.183516654688424 36.0 
351.0 259.0 3.0419240010986317 6.183516654688424 36.0 
352.0 254.0 3.0419240010986317 6.183516654688424 36.0 
352.0 255.0 3.0419240010986317 6.183516654688424 36.0 
352.0 256.0 3.0419240010986317 6.183516654688424 36.0 
352.0 257.0 3.0419240010986317 6.183516654688424 36.0 
352.0 258.0 3.0419240010986317 6.183516654688424 36.0 
352.0 259.0 3.0419240010986317 6.183516654688424 36.0 
353.0 254.0 3.0419240010986317 6.183516654688424 36.0 
353.0 255.0 3.0419240010986317 6.183516654688424 36.0 
353.0 256.0 3.0419240010986317 6.183516654688424 36.0 
353.0 257.0 3.0419240010986317 6.183516654688424 36.0 
353.0 258.0 3.0419240010986317 6.183516654688424 36.0 
353.0 259.0 3.0419240010986317 6.183516654688424 36.0 
354.0 254.0 3.0419240010986317 6.183516654688424 36.0 
354.0 255.0 3.0419240010986317 6.183516654688424 36.0 
354.0 256.0 3.0419240010986317 6.183516654688424 36.0 
354.0 257.0 3.0419240010986317 6.183516654688424 36.0 
354.0 258.0 3.0419240010986317 6.183516654688424 36.0 
354.0 259.0 3.0419240010986317 6.183516654688424 36.0 
355.0 253.0 3.0419240010986317 6.183516654688424 36.0 
355.0 254.0 3.0419240010986317 6.183516654688424 36.0 
355.0 255.0 3.0419240010986317 6.183516654688424 36.0 
355.0 256.0 3.0419240010986317 6.183516654688424 36.0 
355.0 257.0 3.0419240010986317 6.183516654688424 36.0 
355.0 258.0 3.0419240010986317 6.183516654688424 36.0 
355.0 259.0 3.0419240010986317 6.183516654688424 36.0 
356.0 253.0 3.0419240010986317 6.183516654688424 36.0 
356.0 254.0 3.0419240010986317 6.183516654688424 36.0 
356.0 255.0 3.0419240010986317 6.183516654688424 36.0 
356.0 256.0 3.0419240010986317 6.183516654688424 36.0 
356.0 257.0 3.0419240010986317 6.183516654688424 36.0 
356.0 258.0 3.0419240010986317 6.183516654688424 36.0 
357.0 253.0 3.0419240010986317 6.183516654688424 36.0 
357.0 254.0 3.0419240010986317 6.183516654688424 36.0 
357.0 255.0 3.0419240010986317 6.183516654688424 36.0 
357.0 256.0 3.0419240010986317 6.183516654688424 36.0 
357.0 257.0 3.0419240010986317 6.183516654688424 36.0 
357.0 258.0 3.0419240010986317 6.183516654688424 36.0 
358.0 253.0 3.0419240010986317 6.183516654688424 36.0 
358.0 254.0 3.0419240010986317 6.183516654688424 36.0 
358.0 255.0 3.0419240010986317 6.183516654688424 36.0 
358.0 256.0 3.0419240010986317 6.183516654688424 36.0 
358.0 257.0 3.0419240010986317 6.183516654688424 36.0 
358.0 258.0 3.0419240010986317 6.183516654688424 36.0 
359.0 253.0 3.0419240010986317 6.183516654688424 36.0 
359.0 254.0 3.0419240010986317 6.183516654688424 36.0 
359.0 255.0 3.0419240010986317 6.183516654688424 36.0 
359.0 256.0 3.0419240010986317 6.183516654688424 36.0 
359.0 257.0 3.0419240010986317 6.183516654688424 36.0 
359.0 258.0 3.0419240010986317 6.183516654688424 36.0 
360.0 253.0 3.0419240010986317 6.183516654688424 36.0 
360.0 254.0 3.0419240010986317 6.183516654688424 36.0 
360.0 255.0 3.0419240010986317 6.183516654688424 36.0 
360.0 256.0 3.0419240010986317 6.183516654688424 36.0 
360.0 257.0 3.0419240010986317 6.183516654688424 36.0 
360.0 258.0 3.0419240010986317 6.183516654688424 36.0 
361.0 253.0 3.0419240010986317 6.183516654688424 36.0 
361.0 254.0 3.0419240010986317 6.183516654688424 36.0 
361.0 255.0 3.0419240010986317 6.183516654688424 36.0 
361.0 256.0 3.0419240010986317 6.183516654688424 36.0 
361.0 257.0 3.0419240010986317 6.183516654688424 36.0 
361.0 258.0 3.0419240010986317 6.183516654688424 36.0 
362.0 253.0 3.0419240010986317 6.183516654688424 36.0 
362.0 254.0 3.0419240010986317 6.183516654688424 36.0 
362.0 255.0 3.0419240010986317 6.183516654688424 36.0 
362.0 256.0 3.0419240010986317 6.183516654688424 36.0 
362.0 257.0 3.0419240010986317 6.183516654688424 36.0 
362.0 258.0 3.0419240010986317 6.183516654688424 36.0 
363.0 253.0 3.0419240010986317 6.183516654688424 36.0 
363.0 254.0 3.0419240010986317 6.183516654688424 36.0 
363.0 255.0 3.0419240010986317 6.183516654688424 36.0 
363.0 256.0 3.0419240010986317 6.183516654688424 36.0 
363.0 257.0 3.0419240010986317 6.183516654688424 36.0 
363.0 258.0 3.0419240010986317 6.183516654688424 36.0 
364.0 253.0 3.0419240010986317 6.183516654688424 36.0 
364.0 254.0 3.0419240010986317 6.183516654688424 36.0 
364.0 255.0 3.0419240010986317 6.183516654688424 36.0 
364.0 256.0 3.0419240010986317 6.183516654688424 36.0 
364.0 257.0 3.0419240010986317 6.183516654688424 36.0 
364.0 258.0 3.0419240010986317 6.183516654688424 36.0 
365.0 255.0 3.0419240010986317 6.183516654688424 36.0 
365.0 256.0 3.0419240010986317 6.183516654688424 36.0 
365.0 257.0 3.0419240010986317 6.183516654688424 36.0 
365.0 258.0 3.0419240010986317 6.183516654688424 36.0 
