163.0 258.0 2.907849472720893 6.0494421263106855 68.0 
163.0 259.0 2.907849472720893 6.0494421263106855 68.0 
163.0 260.0 2.907849472720893 6.0494421263106855 68.0 
164.0 258.0 2.907849472720893 6.0494421263106855 68.0 
164.0 259.0 2.907849472720893 6.0494421263106855 68.0 
164.0 260.0 2.907849472720893 6.0494421263106855 68.0 
164.0 261.0 2.907849472720893 6.0494421263106855 68.0 
164.0 262.0 2.907849472720893 6.0494421263106855 68.0 
164.0 263.0 2.907849472720893 6.0494421263106855 68.0 
165.0 258.0 2.907849472720893 6.0494421263106855 68.0 
165.0 259.0 2.907849472720893 6.0494421263106855 68.0 
165.0 260.0 2.907849472720893 6.0494421263106855 68.0 
165.0 261.0 2.907849472720893 6.0494421263106855 68.0 
165.0 262.0 2.907849472720893 6.0494421263106855 68.0 
165.0 263.0 2.907849472720893 6.0494421263106855 68.0 
166.0 258.0 2.907849472720893 6.0494421263106855 68.0 
166.0 259.0 2.907849472720893 6.0494421263106855 68.0 
166.0 260.0 2.907849472720893 6.0494421263106855 68.0 
166.0 261.0 2.907849472720893 6.0494421263106855 68.0 
166.0 262.0 2.907849472720893 6.0494421263106855 68.0 
166.0 263.0 2.907849472720893 6.0494421263106855 68.0 
167.0 257.0 2.907849472720893 6.0494421263106855 68.0 
167.0 258.0 2.907849472720893 6.0494421263106855 68.0 
167.0 259.0 2.907849472720893 6.0494421263106855 68.0 
167.0 260.0 2.907849472720893 6.0494421263106855 68.0 
167.0 261.0 2.907849472720893 6.0494421263106855 68.0 
167.0 262.0 2.907849472720893 6.0494421263106855 68.0 
167.0 263.0 2.907849472720893 6.0494421263106855 68.0 
168.0 257.0 2.907849472720893 6.0494421263106855 68.0 
168.0 258.0 2.907849472720893 6.0494421263106855 68.0 
168.0 259.0 2.907849472720893 6.0494421263106855 68.0 
168.0 260.0 2.907849472720893 6.0494421263106855 68.0 
168.0 261.0 2.907849472720893 6.0494421263106855 68.0 
168.0 262.0 2.907849472720893 6.0494421263106855 68.0 
169.0 257.0 2.907849472720893 6.0494421263106855 68.0 
169.0 258.0 2.907849472720893 6.0494421263106855 68.0 
169.0 259.0 2.907849472720893 6.0494421263106855 68.0 
169.0 260.0 2.907849472720893 6.0494421263106855 68.0 
169.0 261.0 2.907849472720893 6.0494421263106855 68.0 
169.0 262.0 2.907849472720893 6.0494421263106855 68.0 
170.0 257.0 2.907849472720893 6.0494421263106855 68.0 
170.0 258.0 2.907849472720893 6.0494421263106855 68.0 
170.0 259.0 2.907849472720893 6.0494421263106855 68.0 
170.0 260.0 2.907849472720893 6.0494421263106855 68.0 
170.0 261.0 2.907849472720893 6.0494421263106855 68.0 
170.0 262.0 2.907849472720893 6.0494421263106855 68.0 
171.0 257.0 2.907849472720893 6.0494421263106855 68.0 
171.0 258.0 2.907849472720893 6.0494421263106855 68.0 
171.0 259.0 2.907849472720893 6.0494421263106855 68.0 
171.0 260.0 2.907849472720893 6.0494421263106855 68.0 
171.0 261.0 2.907849472720893 6.0494421263106855 68.0 
171.0 262.0 2.907849472720893 6.0494421263106855 68.0 
172.0 256.0 2.907849472720893 6.0494421263106855 68.0 
172.0 257.0 2.907849472720893 6.0494421263106855 68.0 
172.0 258.0 2.907849472720893 6.0494421263106855 68.0 
172.0 259.0 2.907849472720893 6.0494421263106855 68.0 
172.0 260.0 2.907849472720893 6.0494421263106855 68.0 
172.0 261.0 2.907849472720893 6.0494421263106855 68.0 
173.0 256.0 2.907849472720893 6.0494421263106855 68.0 
173.0 257.0 2.907849472720893 6.0494421263106855 68.0 
173.0 258.0 2.907849472720893 6.0494421263106855 68.0 
173.0 259.0 2.907849472720893 6.0494421263106855 68.0 
173.0 260.0 2.907849472720893 6.0494421263106855 68.0 
173.0 261.0 2.907849472720893 6.0494421263106855 68.0 
174.0 256.0 2.907849472720893 6.0494421263106855 68.0 
174.0 257.0 2.907849472720893 6.0494421263106855 68.0 
174.0 258.0 2.907849472720893 6.0494421263106855 68.0 
174.0 259.0 2.907849472720893 6.0494421263106855 68.0 
174.0 260.0 2.907849472720893 6.0494421263106855 68.0 
174.0 261.0 2.907849472720893 6.0494421263106855 68.0 
175.0 256.0 2.907849472720893 6.0494421263106855 68.0 
175.0 257.0 2.907849472720893 6.0494421263106855 68.0 
175.0 258.0 2.907849472720893 6.0494421263106855 68.0 
175.0 259.0 2.907849472720893 6.0494421263106855 68.0 
175.0 260.0 2.907849472720893 6.0494421263106855 68.0 
175.0 261.0 2.907849472720893 6.0494421263106855 68.0 
176.0 255.0 2.907849472720893 6.0494421263106855 68.0 
176.0 256.0 2.907849472720893 6.0494421263106855 68.0 
176.0 257.0 2.907849472720893 6.0494421263106855 68.0 
176.0 258.0 2.907849472720893 6.0494421263106855 68.0 
176.0 259.0 2.907849472720893 6.0494421263106855 68.0 
176.0 260.0 2.907849472720893 6.0494421263106855 68.0 
177.0 255.0 2.907849472720893 6.0494421263106855 68.0 
177.0 256.0 2.907849472720893 6.0494421263106855 68.0 
177.0 257.0 2.907849472720893 6.0494421263106855 68.0 
177.0 258.0 2.907849472720893 6.0494421263106855 68.0 
177.0 259.0 2.907849472720893 6.0494421263106855 68.0 
177.0 260.0 2.907849472720893 6.0494421263106855 68.0 
178.0 255.0 2.907849472720893 6.0494421263106855 68.0 
178.0 256.0 2.907849472720893 6.0494421263106855 68.0 
178.0 257.0 2.907849472720893 6.0494421263106855 68.0 
178.0 258.0 2.907849472720893 6.0494421263106855 68.0 
178.0 259.0 2.907849472720893 6.0494421263106855 68.0 
178.0 260.0 2.907849472720893 6.0494421263106855 68.0 
179.0 255.0 2.907849472720893 6.0494421263106855 68.0 
179.0 256.0 2.907849472720893 6.0494421263106855 68.0 
179.0 257.0 2.907849472720893 6.0494421263106855 68.0 
179.0 258.0 2.907849472720893 6.0494421263106855 68.0 
179.0 259.0 2.907849472720893 6.0494421263106855 68.0 
179.0 260.0 2.907849472720893 6.0494421263106855 68.0 
180.0 254.0 2.907849472720893 6.0494421263106855 68.0 
180.0 255.0 2.907849472720893 6.0494421263106855 68.0 
180.0 256.0 2.907849472720893 6.0494421263106855 68.0 
180.0 257.0 2.907849472720893 6.0494421263106855 68.0 
180.0 258.0 2.907849472720893 6.0494421263106855 68.0 
180.0 259.0 2.907849472720893 6.0494421263106855 68.0 
180.0 260.0 2.907849472720893 6.0494421263106855 68.0 
181.0 254.0 2.907849472720893 6.0494421263106855 68.0 
181.0 255.0 2.907849472720893 6.0494421263106855 68.0 
181.0 256.0 2.907849472720893 6.0494421263106855 68.0 
181.0 257.0 2.907849472720893 6.0494421263106855 68.0 
181.0 258.0 2.907849472720893 6.0494421263106855 68.0 
181.0 259.0 2.907849472720893 6.0494421263106855 68.0 
182.0 254.0 2.907849472720893 6.0494421263106855 68.0 
182.0 255.0 2.907849472720893 6.0494421263106855 68.0 
182.0 256.0 2.907849472720893 6.0494421263106855 68.0 
182.0 257.0 2.907849472720893 6.0494421263106855 68.0 
182.0 258.0 2.907849472720893 6.0494421263106855 68.0 
182.0 259.0 2.907849472720893 6.0494421263106855 68.0 
183.0 254.0 2.907849472720893 6.0494421263106855 68.0 
183.0 255.0 2.907849472720893 6.0494421263106855 68.0 
183.0 256.0 2.907849472720893 6.0494421263106855 68.0 
183.0 257.0 2.907849472720893 6.0494421263106855 68.0 
183.0 258.0 2.907849472720893 6.0494421263106855 68.0 
183.0 259.0 2.907849472720893 6.0494421263106855 68.0 
184.0 253.0 2.907849472720893 6.0494421263106855 68.0 
184.0 254.0 2.907849472720893 6.0494421263106855 68.0 
184.0 255.0 2.907849472720893 6.0494421263106855 68.0 
184.0 256.0 2.907849472720893 6.0494421263106855 68.0 
184.0 257.0 2.907849472720893 6.0494421263106855 68.0 
184.0 258.0 2.907849472720893 6.0494421263106855 68.0 
184.0 259.0 2.907849472720893 6.0494421263106855 68.0 
185.0 253.0 2.907849472720893 6.0494421263106855 68.0 
185.0 254.0 2.907849472720893 6.0494421263106855 68.0 
185.0 255.0 2.907849472720893 6.0494421263106855 68.0 
185.0 256.0 2.907849472720893 6.0494421263106855 68.0 
185.0 257.0 2.907849472720893 6.0494421263106855 68.0 
185.0 258.0 2.907849472720893 6.0494421263106855 68.0 
186.0 253.0 2.907849472720893 6.0494421263106855 68.0 
186.0 254.0 2.907849472720893 6.0494421263106855 68.0 
186.0 255.0 2.907849472720893 6.0494421263106855 68.0 
186.0 256.0 2.907849472720893 6.0494421263106855 68.0 
186.0 257.0 2.907849472720893 6.0494421263106855 68.0 
186.0 258.0 2.907849472720893 6.0494421263106855 68.0 
187.0 253.0 2.907849472720893 6.0494421263106855 68.0 
187.0 254.0 2.907849472720893 6.0494421263106855 68.0 
187.0 255.0 2.907849472720893 6.0494421263106855 68.0 
187.0 256.0 2.907849472720893 6.0494421263106855 68.0 
187.0 257.0 2.907849472720893 6.0494421263106855 68.0 
187.0 258.0 2.907849472720893 6.0494421263106855 68.0 
188.0 252.0 2.907849472720893 6.0494421263106855 68.0 
188.0 253.0 2.907849472720893 6.0494421263106855 68.0 
188.0 254.0 2.907849472720893 6.0494421263106855 68.0 
188.0 255.0 2.907849472720893 6.0494421263106855 68.0 
188.0 256.0 2.907849472720893 6.0494421263106855 68.0 
188.0 257.0 2.907849472720893 6.0494421263106855 68.0 
188.0 258.0 2.907849472720893 6.0494421263106855 68.0 
189.0 252.0 2.907849472720893 6.0494421263106855 68.0 
189.0 253.0 2.907849472720893 6.0494421263106855 68.0 
189.0 254.0 2.907849472720893 6.0494421263106855 68.0 
189.0 255.0 2.907849472720893 6.0494421263106855 68.0 
189.0 256.0 2.907849472720893 6.0494421263106855 68.0 
189.0 257.0 2.907849472720893 6.0494421263106855 68.0 
190.0 252.0 2.907849472720893 6.0494421263106855 68.0 
190.0 253.0 2.907849472720893 6.0494421263106855 68.0 
190.0 254.0 2.907849472720893 6.0494421263106855 68.0 
190.0 255.0 2.907849472720893 6.0494421263106855 68.0 
190.0 256.0 2.907849472720893 6.0494421263106855 68.0 
190.0 257.0 2.907849472720893 6.0494421263106855 68.0 
191.0 252.0 2.907849472720893 6.0494421263106855 68.0 
191.0 253.0 2.907849472720893 6.0494421263106855 68.0 
191.0 254.0 2.907849472720893 6.0494421263106855 68.0 
191.0 255.0 2.907849472720893 6.0494421263106855 68.0 
191.0 256.0 2.907849472720893 6.0494421263106855 68.0 
191.0 257.0 2.907849472720893 6.0494421263106855 68.0 
192.0 252.0 2.907849472720893 6.0494421263106855 68.0 
192.0 253.0 2.907849472720893 6.0494421263106855 68.0 
192.0 254.0 2.907849472720893 6.0494421263106855 68.0 
192.0 255.0 2.907849472720893 6.0494421263106855 68.0 
192.0 256.0 2.907849472720893 6.0494421263106855 68.0 
192.0 257.0 2.907849472720893 6.0494421263106855 68.0 
193.0 251.0 2.907849472720893 6.0494421263106855 68.0 
193.0 252.0 2.907849472720893 6.0494421263106855 68.0 
193.0 253.0 2.907849472720893 6.0494421263106855 68.0 
193.0 254.0 2.907849472720893 6.0494421263106855 68.0 
193.0 255.0 2.907849472720893 6.0494421263106855 68.0 
193.0 256.0 2.907849472720893 6.0494421263106855 68.0 
194.0 251.0 2.907849472720893 6.0494421263106855 68.0 
194.0 252.0 2.907849472720893 6.0494421263106855 68.0 
194.0 253.0 2.907849472720893 6.0494421263106855 68.0 
194.0 254.0 2.907849472720893 6.0494421263106855 68.0 
194.0 255.0 2.907849472720893 6.0494421263106855 68.0 
194.0 256.0 2.907849472720893 6.0494421263106855 68.0 
195.0 251.0 2.907849472720893 6.0494421263106855 68.0 
195.0 252.0 2.907849472720893 6.0494421263106855 68.0 
195.0 253.0 2.907849472720893 6.0494421263106855 68.0 
195.0 254.0 2.907849472720893 6.0494421263106855 68.0 
195.0 255.0 2.907849472720893 6.0494421263106855 68.0 
195.0 256.0 2.907849472720893 6.0494421263106855 68.0 
196.0 251.0 2.907849472720893 6.0494421263106855 68.0 
196.0 252.0 2.907849472720893 6.0494421263106855 68.0 
196.0 253.0 2.907849472720893 6.0494421263106855 68.0 
196.0 254.0 2.907849472720893 6.0494421263106855 68.0 
196.0 255.0 2.907849472720893 6.0494421263106855 68.0 
196.0 256.0 2.907849472720893 6.0494421263106855 68.0 
197.0 250.0 2.907849472720893 6.0494421263106855 68.0 
197.0 251.0 2.907849472720893 6.0494421263106855 68.0 
197.0 252.0 2.907849472720893 6.0494421263106855 68.0 
197.0 253.0 2.907849472720893 6.0494421263106855 68.0 
197.0 254.0 2.907849472720893 6.0494421263106855 68.0 
197.0 255.0 2.907849472720893 6.0494421263106855 68.0 
198.0 250.0 2.907849472720893 6.0494421263106855 68.0 
198.0 251.0 2.907849472720893 6.0494421263106855 68.0 
198.0 252.0 2.907849472720893 6.0494421263106855 68.0 
198.0 253.0 2.907849472720893 6.0494421263106855 68.0 
198.0 254.0 2.907849472720893 6.0494421263106855 68.0 
198.0 255.0 2.907849472720893 6.0494421263106855 68.0 
199.0 250.0 2.907849472720893 6.0494421263106855 68.0 
199.0 251.0 2.907849472720893 6.0494421263106855 68.0 
199.0 252.0 2.907849472720893 6.0494421263106855 68.0 
199.0 253.0 2.907849472720893 6.0494421263106855 68.0 
199.0 254.0 2.907849472720893 6.0494421263106855 68.0 
199.0 255.0 2.907849472720893 6.0494421263106855 68.0 
200.0 250.0 2.907849472720893 6.0494421263106855 68.0 
200.0 251.0 2.907849472720893 6.0494421263106855 68.0 
200.0 252.0 2.907849472720893 6.0494421263106855 68.0 
200.0 253.0 2.907849472720893 6.0494421263106855 68.0 
200.0 254.0 2.907849472720893 6.0494421263106855 68.0 
200.0 255.0 2.907849472720893 6.0494421263106855 68.0 
201.0 249.0 2.907849472720893 6.0494421263106855 68.0 
201.0 250.0 2.907849472720893 6.0494421263106855 68.0 
201.0 251.0 2.907849472720893 6.0494421263106855 68.0 
201.0 252.0 2.907849472720893 6.0494421263106855 68.0 
201.0 253.0 2.907849472720893 6.0494421263106855 68.0 
201.0 254.0 2.907849472720893 6.0494421263106855 68.0 
201.0 255.0 2.907849472720893 6.0494421263106855 68.0 
202.0 249.0 2.907849472720893 6.0494421263106855 68.0 
202.0 250.0 2.907849472720893 6.0494421263106855 68.0 
202.0 251.0 2.907849472720893 6.0494421263106855 68.0 
202.0 252.0 2.907849472720893 6.0494421263106855 68.0 
202.0 253.0 2.907849472720893 6.0494421263106855 68.0 
202.0 254.0 2.907849472720893 6.0494421263106855 68.0 
203.0 249.0 2.907849472720893 6.0494421263106855 68.0 
203.0 250.0 2.907849472720893 6.0494421263106855 68.0 
203.0 251.0 2.907849472720893 6.0494421263106855 68.0 
203.0 252.0 2.907849472720893 6.0494421263106855 68.0 
203.0 253.0 2.907849472720893 6.0494421263106855 68.0 
203.0 254.0 2.907849472720893 6.0494421263106855 68.0 
204.0 249.0 2.907849472720893 6.0494421263106855 68.0 
204.0 250.0 2.907849472720893 6.0494421263106855 68.0 
204.0 251.0 2.907849472720893 6.0494421263106855 68.0 
204.0 252.0 2.907849472720893 6.0494421263106855 68.0 
204.0 253.0 2.907849472720893 6.0494421263106855 68.0 
204.0 254.0 2.907849472720893 6.0494421263106855 68.0 
205.0 248.0 2.907849472720893 6.0494421263106855 68.0 
205.0 249.0 2.907849472720893 6.0494421263106855 68.0 
205.0 250.0 2.907849472720893 6.0494421263106855 68.0 
205.0 251.0 2.907849472720893 6.0494421263106855 68.0 
205.0 252.0 2.907849472720893 6.0494421263106855 68.0 
205.0 253.0 2.907849472720893 6.0494421263106855 68.0 
205.0 254.0 2.907849472720893 6.0494421263106855 68.0 
206.0 248.0 2.907849472720893 6.0494421263106855 68.0 
206.0 249.0 2.907849472720893 6.0494421263106855 68.0 
206.0 250.0 2.907849472720893 6.0494421263106855 68.0 
206.0 251.0 2.907849472720893 6.0494421263106855 68.0 
206.0 252.0 2.907849472720893 6.0494421263106855 68.0 
206.0 253.0 2.907849472720893 6.0494421263106855 68.0 
207.0 248.0 2.907849472720893 6.0494421263106855 68.0 
207.0 249.0 2.907849472720893 6.0494421263106855 68.0 
207.0 250.0 2.907849472720893 6.0494421263106855 68.0 
207.0 251.0 2.907849472720893 6.0494421263106855 68.0 
207.0 252.0 2.907849472720893 6.0494421263106855 68.0 
207.0 253.0 2.907849472720893 6.0494421263106855 68.0 
208.0 248.0 2.907849472720893 6.0494421263106855 68.0 
208.0 249.0 2.907849472720893 6.0494421263106855 68.0 
208.0 250.0 2.907849472720893 6.0494421263106855 68.0 
208.0 251.0 2.907849472720893 6.0494421263106855 68.0 
208.0 252.0 2.907849472720893 6.0494421263106855 68.0 
208.0 253.0 2.907849472720893 6.0494421263106855 68.0 
209.0 247.0 2.907849472720893 6.0494421263106855 68.0 
209.0 248.0 2.907849472720893 6.0494421263106855 68.0 
209.0 249.0 2.907849472720893 6.0494421263106855 68.0 
209.0 250.0 2.907849472720893 6.0494421263106855 68.0 
209.0 251.0 2.907849472720893 6.0494421263106855 68.0 
209.0 252.0 2.907849472720893 6.0494421263106855 68.0 
209.0 253.0 2.907849472720893 6.0494421263106855 68.0 
210.0 247.0 2.907849472720893 6.0494421263106855 68.0 
210.0 248.0 2.907849472720893 6.0494421263106855 68.0 
210.0 249.0 2.907849472720893 6.0494421263106855 68.0 
210.0 250.0 2.907849472720893 6.0494421263106855 68.0 
210.0 251.0 2.907849472720893 6.0494421263106855 68.0 
210.0 252.0 2.907849472720893 6.0494421263106855 68.0 
211.0 247.0 2.907849472720893 6.0494421263106855 68.0 
211.0 248.0 2.907849472720893 6.0494421263106855 68.0 
211.0 249.0 2.907849472720893 6.0494421263106855 68.0 
211.0 250.0 2.907849472720893 6.0494421263106855 68.0 
211.0 251.0 2.907849472720893 6.0494421263106855 68.0 
211.0 252.0 2.907849472720893 6.0494421263106855 68.0 
212.0 247.0 2.907849472720893 6.0494421263106855 68.0 
212.0 248.0 2.907849472720893 6.0494421263106855 68.0 
212.0 249.0 2.907849472720893 6.0494421263106855 68.0 
212.0 250.0 2.907849472720893 6.0494421263106855 68.0 
212.0 251.0 2.907849472720893 6.0494421263106855 68.0 
212.0 252.0 2.907849472720893 6.0494421263106855 68.0 
213.0 247.0 2.907849472720893 6.0494421263106855 68.0 
213.0 248.0 2.907849472720893 6.0494421263106855 68.0 
213.0 249.0 2.907849472720893 6.0494421263106855 68.0 
213.0 250.0 2.907849472720893 6.0494421263106855 68.0 
213.0 251.0 2.907849472720893 6.0494421263106855 68.0 
213.0 252.0 2.907849472720893 6.0494421263106855 68.0 
214.0 246.0 2.907849472720893 6.0494421263106855 68.0 
214.0 247.0 2.907849472720893 6.0494421263106855 68.0 
214.0 248.0 2.907849472720893 6.0494421263106855 68.0 
214.0 249.0 2.907849472720893 6.0494421263106855 68.0 
214.0 250.0 2.907849472720893 6.0494421263106855 68.0 
214.0 251.0 2.907849472720893 6.0494421263106855 68.0 
215.0 246.0 2.907849472720893 6.0494421263106855 68.0 
215.0 247.0 2.907849472720893 6.0494421263106855 68.0 
215.0 248.0 2.907849472720893 6.0494421263106855 68.0 
215.0 249.0 2.907849472720893 6.0494421263106855 68.0 
215.0 250.0 2.907849472720893 6.0494421263106855 68.0 
215.0 251.0 2.907849472720893 6.0494421263106855 68.0 
216.0 246.0 2.907849472720893 6.0494421263106855 68.0 
216.0 247.0 2.907849472720893 6.0494421263106855 68.0 
216.0 248.0 2.907849472720893 6.0494421263106855 68.0 
216.0 249.0 2.907849472720893 6.0494421263106855 68.0 
216.0 250.0 2.907849472720893 6.0494421263106855 68.0 
216.0 251.0 2.907849472720893 6.0494421263106855 68.0 
217.0 246.0 2.907849472720893 6.0494421263106855 68.0 
217.0 247.0 2.907849472720893 6.0494421263106855 68.0 
217.0 248.0 2.907849472720893 6.0494421263106855 68.0 
217.0 249.0 2.907849472720893 6.0494421263106855 68.0 
217.0 250.0 2.907849472720893 6.0494421263106855 68.0 
217.0 251.0 2.907849472720893 6.0494421263106855 68.0 
218.0 245.0 2.907849472720893 6.0494421263106855 68.0 
218.0 246.0 2.907849472720893 6.0494421263106855 68.0 
218.0 247.0 2.907849472720893 6.0494421263106855 68.0 
218.0 248.0 2.907849472720893 6.0494421263106855 68.0 
218.0 249.0 2.907849472720893 6.0494421263106855 68.0 
218.0 250.0 2.907849472720893 6.0494421263106855 68.0 
219.0 245.0 2.907849472720893 6.0494421263106855 68.0 
219.0 246.0 2.907849472720893 6.0494421263106855 68.0 
219.0 247.0 2.907849472720893 6.0494421263106855 68.0 
219.0 248.0 2.907849472720893 6.0494421263106855 68.0 
219.0 249.0 2.907849472720893 6.0494421263106855 68.0 
219.0 250.0 2.907849472720893 6.0494421263106855 68.0 
220.0 245.0 2.907849472720893 6.0494421263106855 68.0 
220.0 246.0 2.907849472720893 6.0494421263106855 68.0 
220.0 247.0 2.907849472720893 6.0494421263106855 68.0 
220.0 248.0 2.907849472720893 6.0494421263106855 68.0 
220.0 249.0 2.907849472720893 6.0494421263106855 68.0 
220.0 250.0 2.907849472720893 6.0494421263106855 68.0 
221.0 245.0 2.907849472720893 6.0494421263106855 68.0 
221.0 246.0 2.907849472720893 6.0494421263106855 68.0 
221.0 247.0 2.907849472720893 6.0494421263106855 68.0 
221.0 248.0 2.907849472720893 6.0494421263106855 68.0 
221.0 249.0 2.907849472720893 6.0494421263106855 68.0 
221.0 250.0 2.907849472720893 6.0494421263106855 68.0 
222.0 244.0 2.907849472720893 6.0494421263106855 68.0 
222.0 245.0 2.907849472720893 6.0494421263106855 68.0 
222.0 246.0 2.907849472720893 6.0494421263106855 68.0 
222.0 247.0 2.907849472720893 6.0494421263106855 68.0 
222.0 248.0 2.907849472720893 6.0494421263106855 68.0 
222.0 249.0 2.907849472720893 6.0494421263106855 68.0 
222.0 250.0 2.907849472720893 6.0494421263106855 68.0 
223.0 244.0 2.907849472720893 6.0494421263106855 68.0 
223.0 245.0 2.907849472720893 6.0494421263106855 68.0 
223.0 246.0 2.907849472720893 6.0494421263106855 68.0 
223.0 247.0 2.907849472720893 6.0494421263106855 68.0 
223.0 248.0 2.907849472720893 6.0494421263106855 68.0 
223.0 249.0 2.907849472720893 6.0494421263106855 68.0 
224.0 244.0 2.907849472720893 6.0494421263106855 68.0 
224.0 245.0 2.907849472720893 6.0494421263106855 68.0 
224.0 246.0 2.907849472720893 6.0494421263106855 68.0 
224.0 247.0 2.907849472720893 6.0494421263106855 68.0 
224.0 248.0 2.907849472720893 6.0494421263106855 68.0 
224.0 249.0 2.907849472720893 6.0494421263106855 68.0 
225.0 244.0 2.907849472720893 6.0494421263106855 68.0 
225.0 245.0 2.907849472720893 6.0494421263106855 68.0 
225.0 246.0 2.907849472720893 6.0494421263106855 68.0 
225.0 247.0 2.907849472720893 6.0494421263106855 68.0 
225.0 248.0 2.907849472720893 6.0494421263106855 68.0 
225.0 249.0 2.907849472720893 6.0494421263106855 68.0 
226.0 243.0 2.907849472720893 6.0494421263106855 68.0 
226.0 244.0 2.907849472720893 6.0494421263106855 68.0 
226.0 245.0 2.907849472720893 6.0494421263106855 68.0 
226.0 246.0 2.907849472720893 6.0494421263106855 68.0 
226.0 247.0 2.907849472720893 6.0494421263106855 68.0 
226.0 248.0 2.907849472720893 6.0494421263106855 68.0 
226.0 249.0 2.907849472720893 6.0494421263106855 68.0 
227.0 243.0 2.907849472720893 6.0494421263106855 68.0 
227.0 244.0 2.907849472720893 6.0494421263106855 68.0 
227.0 245.0 2.907849472720893 6.0494421263106855 68.0 
227.0 246.0 2.907849472720893 6.0494421263106855 68.0 
227.0 247.0 2.907849472720893 6.0494421263106855 68.0 
227.0 248.0 2.907849472720893 6.0494421263106855 68.0 
228.0 243.0 2.907849472720893 6.0494421263106855 68.0 
228.0 244.0 2.907849472720893 6.0494421263106855 68.0 
228.0 245.0 2.907849472720893 6.0494421263106855 68.0 
228.0 246.0 2.907849472720893 6.0494421263106855 68.0 
228.0 247.0 2.907849472720893 6.0494421263106855 68.0 
228.0 248.0 2.907849472720893 6.0494421263106855 68.0 
229.0 243.0 2.907849472720893 6.0494421263106855 68.0 
229.0 244.0 2.907849472720893 6.0494421263106855 68.0 
229.0 245.0 2.907849472720893 6.0494421263106855 68.0 
229.0 246.0 2.907849472720893 6.0494421263106855 68.0 
229.0 247.0 2.907849472720893 6.0494421263106855 68.0 
229.0 248.0 2.907849472720893 6.0494421263106855 68.0 
230.0 242.0 2.907849472720893 6.0494421263106855 68.0 
230.0 243.0 2.907849472720893 6.0494421263106855 68.0 
230.0 244.0 2.907849472720893 6.0494421263106855 68.0 
230.0 245.0 2.907849472720893 6.0494421263106855 68.0 
230.0 246.0 2.907849472720893 6.0494421263106855 68.0 
230.0 247.0 2.907849472720893 6.0494421263106855 68.0 
230.0 248.0 2.907849472720893 6.0494421263106855 68.0 
231.0 242.0 2.907849472720893 6.0494421263106855 68.0 
231.0 243.0 2.907849472720893 6.0494421263106855 68.0 
231.0 244.0 2.907849472720893 6.0494421263106855 68.0 
231.0 245.0 2.907849472720893 6.0494421263106855 68.0 
231.0 246.0 2.907849472720893 6.0494421263106855 68.0 
231.0 247.0 2.907849472720893 6.0494421263106855 68.0 
232.0 242.0 2.907849472720893 6.0494421263106855 68.0 
232.0 243.0 2.907849472720893 6.0494421263106855 68.0 
232.0 244.0 2.907849472720893 6.0494421263106855 68.0 
232.0 245.0 2.907849472720893 6.0494421263106855 68.0 
232.0 246.0 2.907849472720893 6.0494421263106855 68.0 
232.0 247.0 2.907849472720893 6.0494421263106855 68.0 
233.0 242.0 2.907849472720893 6.0494421263106855 68.0 
233.0 243.0 2.907849472720893 6.0494421263106855 68.0 
233.0 244.0 2.907849472720893 6.0494421263106855 68.0 
233.0 245.0 2.907849472720893 6.0494421263106855 68.0 
233.0 246.0 2.907849472720893 6.0494421263106855 68.0 
233.0 247.0 2.907849472720893 6.0494421263106855 68.0 
234.0 242.0 2.907849472720893 6.0494421263106855 68.0 
234.0 243.0 2.907849472720893 6.0494421263106855 68.0 
234.0 244.0 2.907849472720893 6.0494421263106855 68.0 
234.0 245.0 2.907849472720893 6.0494421263106855 68.0 
234.0 246.0 2.907849472720893 6.0494421263106855 68.0 
234.0 247.0 2.907849472720893 6.0494421263106855 68.0 
235.0 241.0 2.907849472720893 6.0494421263106855 68.0 
235.0 242.0 2.907849472720893 6.0494421263106855 68.0 
235.0 243.0 2.907849472720893 6.0494421263106855 68.0 
235.0 244.0 2.907849472720893 6.0494421263106855 68.0 
235.0 245.0 2.907849472720893 6.0494421263106855 68.0 
235.0 246.0 2.907849472720893 6.0494421263106855 68.0 
236.0 241.0 2.907849472720893 6.0494421263106855 68.0 
236.0 242.0 2.907849472720893 6.0494421263106855 68.0 
236.0 243.0 2.907849472720893 6.0494421263106855 68.0 
236.0 244.0 2.907849472720893 6.0494421263106855 68.0 
236.0 245.0 2.907849472720893 6.0494421263106855 68.0 
236.0 246.0 2.907849472720893 6.0494421263106855 68.0 
237.0 241.0 2.907849472720893 6.0494421263106855 68.0 
237.0 242.0 2.907849472720893 6.0494421263106855 68.0 
237.0 243.0 2.907849472720893 6.0494421263106855 68.0 
237.0 244.0 2.907849472720893 6.0494421263106855 68.0 
237.0 245.0 2.907849472720893 6.0494421263106855 68.0 
237.0 246.0 2.907849472720893 6.0494421263106855 68.0 
238.0 241.0 2.907849472720893 6.0494421263106855 68.0 
238.0 242.0 2.907849472720893 6.0494421263106855 68.0 
238.0 243.0 2.907849472720893 6.0494421263106855 68.0 
238.0 244.0 2.907849472720893 6.0494421263106855 68.0 
238.0 245.0 2.907849472720893 6.0494421263106855 68.0 
238.0 246.0 2.907849472720893 6.0494421263106855 68.0 
239.0 240.0 2.907849472720893 6.0494421263106855 68.0 
239.0 241.0 2.907849472720893 6.0494421263106855 68.0 
239.0 242.0 2.907849472720893 6.0494421263106855 68.0 
239.0 243.0 2.907849472720893 6.0494421263106855 68.0 
239.0 244.0 2.907849472720893 6.0494421263106855 68.0 
239.0 245.0 2.907849472720893 6.0494421263106855 68.0 
240.0 240.0 2.907849472720893 6.0494421263106855 68.0 
240.0 241.0 2.907849472720893 6.0494421263106855 68.0 
240.0 242.0 2.907849472720893 6.0494421263106855 68.0 
240.0 243.0 2.907849472720893 6.0494421263106855 68.0 
240.0 244.0 2.907849472720893 6.0494421263106855 68.0 
240.0 245.0 2.907849472720893 6.0494421263106855 68.0 
241.0 240.0 2.907849472720893 6.0494421263106855 68.0 
241.0 241.0 2.907849472720893 6.0494421263106855 68.0 
241.0 242.0 2.907849472720893 6.0494421263106855 68.0 
241.0 243.0 2.907849472720893 6.0494421263106855 68.0 
241.0 244.0 2.907849472720893 6.0494421263106855 68.0 
241.0 245.0 2.907849472720893 6.0494421263106855 68.0 
242.0 240.0 2.907849472720893 6.0494421263106855 68.0 
242.0 241.0 2.907849472720893 6.0494421263106855 68.0 
242.0 242.0 2.907849472720893 6.0494421263106855 68.0 
242.0 243.0 2.907849472720893 6.0494421263106855 68.0 
242.0 244.0 2.907849472720893 6.0494421263106855 68.0 
242.0 245.0 2.907849472720893 6.0494421263106855 68.0 
243.0 239.0 2.907849472720893 6.0494421263106855 68.0 
243.0 240.0 2.907849472720893 6.0494421263106855 68.0 
243.0 241.0 2.907849472720893 6.0494421263106855 68.0 
243.0 242.0 2.907849472720893 6.0494421263106855 68.0 
243.0 243.0 2.907849472720893 6.0494421263106855 68.0 
243.0 244.0 2.907849472720893 6.0494421263106855 68.0 
243.0 245.0 2.907849472720893 6.0494421263106855 68.0 
244.0 239.0 2.907849472720893 6.0494421263106855 68.0 
244.0 240.0 2.907849472720893 6.0494421263106855 68.0 
244.0 241.0 2.907849472720893 6.0494421263106855 68.0 
244.0 242.0 2.907849472720893 6.0494421263106855 68.0 
244.0 243.0 2.907849472720893 6.0494421263106855 68.0 
244.0 244.0 2.907849472720893 6.0494421263106855 68.0 
245.0 239.0 2.907849472720893 6.0494421263106855 68.0 
245.0 240.0 2.907849472720893 6.0494421263106855 68.0 
245.0 241.0 2.907849472720893 6.0494421263106855 68.0 
245.0 242.0 2.907849472720893 6.0494421263106855 68.0 
245.0 243.0 2.907849472720893 6.0494421263106855 68.0 
245.0 244.0 2.907849472720893 6.0494421263106855 68.0 
246.0 239.0 2.907849472720893 6.0494421263106855 68.0 
246.0 240.0 2.907849472720893 6.0494421263106855 68.0 
246.0 241.0 2.907849472720893 6.0494421263106855 68.0 
246.0 242.0 2.907849472720893 6.0494421263106855 68.0 
246.0 243.0 2.907849472720893 6.0494421263106855 68.0 
246.0 244.0 2.907849472720893 6.0494421263106855 68.0 
247.0 241.0 2.907849472720893 6.0494421263106855 68.0 
247.0 242.0 2.907849472720893 6.0494421263106855 68.0 
247.0 243.0 2.907849472720893 6.0494421263106855 68.0 
247.0 244.0 2.907849472720893 6.0494421263106855 68.0 
254.0 243.0 3.487728617159154 0.3461359635693612 68.0 
254.0 244.0 3.487728617159154 0.3461359635693612 68.0 
254.0 245.0 3.487728617159154 0.3461359635693612 68.0 
254.0 246.0 3.487728617159154 0.3461359635693612 68.0 
255.0 241.0 3.487728617159154 0.3461359635693612 68.0 
255.0 242.0 3.487728617159154 0.3461359635693612 68.0 
255.0 243.0 3.487728617159154 0.3461359635693612 68.0 
255.0 244.0 3.487728617159154 0.3461359635693612 68.0 
255.0 245.0 3.487728617159154 0.3461359635693612 68.0 
255.0 246.0 3.487728617159154 0.3461359635693612 68.0 
256.0 241.0 3.487728617159154 0.3461359635693612 68.0 
256.0 242.0 3.487728617159154 0.3461359635693612 68.0 
256.0 243.0 3.487728617159154 0.3461359635693612 68.0 
256.0 244.0 3.487728617159154 0.3461359635693612 68.0 
256.0 245.0 3.487728617159154 0.3461359635693612 68.0 
256.0 246.0 3.487728617159154 0.3461359635693612 68.0 
257.0 241.0 3.487728617159154 0.3461359635693612 68.0 
257.0 242.0 3.487728617159154 0.3461359635693612 68.0 
257.0 243.0 3.487728617159154 0.3461359635693612 68.0 
257.0 244.0 3.487728617159154 0.3461359635693612 68.0 
257.0 245.0 3.487728617159154 0.3461359635693612 68.0 
257.0 246.0 3.487728617159154 0.3461359635693612 68.0 
257.0 247.0 3.487728617159154 0.3461359635693612 68.0 
258.0 242.0 3.487728617159154 0.3461359635693612 68.0 
258.0 243.0 3.487728617159154 0.3461359635693612 68.0 
258.0 244.0 3.487728617159154 0.3461359635693612 68.0 
258.0 245.0 3.487728617159154 0.3461359635693612 68.0 
258.0 246.0 3.487728617159154 0.3461359635693612 68.0 
258.0 247.0 3.487728617159154 0.3461359635693612 68.0 
259.0 242.0 3.487728617159154 0.3461359635693612 68.0 
259.0 243.0 3.487728617159154 0.3461359635693612 68.0 
259.0 244.0 3.487728617159154 0.3461359635693612 68.0 
259.0 245.0 3.487728617159154 0.3461359635693612 68.0 
259.0 246.0 3.487728617159154 0.3461359635693612 68.0 
259.0 247.0 3.487728617159154 0.3461359635693612 68.0 
260.0 242.0 3.487728617159154 0.3461359635693612 68.0 
260.0 243.0 3.487728617159154 0.3461359635693612 68.0 
260.0 244.0 3.487728617159154 0.3461359635693612 68.0 
260.0 245.0 3.487728617159154 0.3461359635693612 68.0 
260.0 246.0 3.487728617159154 0.3461359635693612 68.0 
260.0 247.0 3.487728617159154 0.3461359635693612 68.0 
260.0 248.0 3.487728617159154 0.3461359635693612 68.0 
261.0 243.0 3.487728617159154 0.3461359635693612 68.0 
261.0 244.0 3.487728617159154 0.3461359635693612 68.0 
261.0 245.0 3.487728617159154 0.3461359635693612 68.0 
261.0 246.0 3.487728617159154 0.3461359635693612 68.0 
261.0 247.0 3.487728617159154 0.3461359635693612 68.0 
261.0 248.0 3.487728617159154 0.3461359635693612 68.0 
262.0 243.0 3.487728617159154 0.3461359635693612 68.0 
262.0 244.0 3.487728617159154 0.3461359635693612 68.0 
262.0 245.0 3.487728617159154 0.3461359635693612 68.0 
262.0 246.0 3.487728617159154 0.3461359635693612 68.0 
262.0 247.0 3.487728617159154 0.3461359635693612 68.0 
262.0 248.0 3.487728617159154 0.3461359635693612 68.0 
262.0 249.0 3.487728617159154 0.3461359635693612 68.0 
263.0 244.0 3.487728617159154 0.3461359635693612 68.0 
263.0 245.0 3.487728617159154 0.3461359635693612 68.0 
263.0 246.0 3.487728617159154 0.3461359635693612 68.0 
263.0 247.0 3.487728617159154 0.3461359635693612 68.0 
263.0 248.0 3.487728617159154 0.3461359635693612 68.0 
263.0 249.0 3.487728617159154 0.3461359635693612 68.0 
264.0 244.0 3.487728617159154 0.3461359635693612 68.0 
264.0 245.0 3.487728617159154 0.3461359635693612 68.0 
264.0 246.0 3.487728617159154 0.3461359635693612 68.0 
264.0 247.0 3.487728617159154 0.3461359635693612 68.0 
264.0 248.0 3.487728617159154 0.3461359635693612 68.0 
264.0 249.0 3.487728617159154 0.3461359635693612 68.0 
265.0 244.0 3.487728617159154 0.3461359635693612 68.0 
265.0 245.0 3.487728617159154 0.3461359635693612 68.0 
265.0 246.0 3.487728617159154 0.3461359635693612 68.0 
265.0 247.0 3.487728617159154 0.3461359635693612 68.0 
265.0 248.0 3.487728617159154 0.3461359635693612 68.0 
265.0 249.0 3.487728617159154 0.3461359635693612 68.0 
265.0 250.0 3.487728617159154 0.3461359635693612 68.0 
266.0 245.0 3.487728617159154 0.3461359635693612 68.0 
266.0 246.0 3.487728617159154 0.3461359635693612 68.0 
266.0 247.0 3.487728617159154 0.3461359635693612 68.0 
266.0 248.0 3.487728617159154 0.3461359635693612 68.0 
266.0 249.0 3.487728617159154 0.3461359635693612 68.0 
266.0 250.0 3.487728617159154 0.3461359635693612 68.0 
267.0 245.0 3.487728617159154 0.3461359635693612 68.0 
267.0 246.0 3.487728617159154 0.3461359635693612 68.0 
267.0 247.0 3.487728617159154 0.3461359635693612 68.0 
267.0 248.0 3.487728617159154 0.3461359635693612 68.0 
267.0 249.0 3.487728617159154 0.3461359635693612 68.0 
267.0 250.0 3.487728617159154 0.3461359635693612 68.0 
268.0 245.0 3.487728617159154 0.3461359635693612 68.0 
268.0 246.0 3.487728617159154 0.3461359635693612 68.0 
268.0 247.0 3.487728617159154 0.3461359635693612 68.0 
268.0 248.0 3.487728617159154 0.3461359635693612 68.0 
268.0 249.0 3.487728617159154 0.3461359635693612 68.0 
268.0 250.0 3.487728617159154 0.3461359635693612 68.0 
268.0 251.0 3.487728617159154 0.3461359635693612 68.0 
269.0 246.0 3.487728617159154 0.3461359635693612 68.0 
269.0 247.0 3.487728617159154 0.3461359635693612 68.0 
269.0 248.0 3.487728617159154 0.3461359635693612 68.0 
269.0 249.0 3.487728617159154 0.3461359635693612 68.0 
269.0 250.0 3.487728617159154 0.3461359635693612 68.0 
269.0 251.0 3.487728617159154 0.3461359635693612 68.0 
270.0 246.0 3.487728617159154 0.3461359635693612 68.0 
270.0 247.0 3.487728617159154 0.3461359635693612 68.0 
270.0 248.0 3.487728617159154 0.3461359635693612 68.0 
270.0 249.0 3.487728617159154 0.3461359635693612 68.0 
270.0 250.0 3.487728617159154 0.3461359635693612 68.0 
270.0 251.0 3.487728617159154 0.3461359635693612 68.0 
271.0 246.0 3.487728617159154 0.3461359635693612 68.0 
271.0 247.0 3.487728617159154 0.3461359635693612 68.0 
271.0 248.0 3.487728617159154 0.3461359635693612 68.0 
271.0 249.0 3.487728617159154 0.3461359635693612 68.0 
271.0 250.0 3.487728617159154 0.3461359635693612 68.0 
271.0 251.0 3.487728617159154 0.3461359635693612 68.0 
271.0 252.0 3.487728617159154 0.3461359635693612 68.0 
272.0 247.0 3.487728617159154 0.3461359635693612 68.0 
272.0 248.0 3.487728617159154 0.3461359635693612 68.0 
272.0 249.0 3.487728617159154 0.3461359635693612 68.0 
272.0 250.0 3.487728617159154 0.3461359635693612 68.0 
272.0 251.0 3.487728617159154 0.3461359635693612 68.0 
272.0 252.0 3.487728617159154 0.3461359635693612 68.0 
273.0 247.0 3.487728617159154 0.3461359635693612 68.0 
273.0 248.0 3.487728617159154 0.3461359635693612 68.0 
273.0 249.0 3.487728617159154 0.3461359635693612 68.0 
273.0 250.0 3.487728617159154 0.3461359635693612 68.0 
273.0 251.0 3.487728617159154 0.3461359635693612 68.0 
273.0 252.0 3.487728617159154 0.3461359635693612 68.0 
273.0 253.0 3.487728617159154 0.3461359635693612 68.0 
274.0 248.0 3.487728617159154 0.3461359635693612 68.0 
274.0 249.0 3.487728617159154 0.3461359635693612 68.0 
274.0 250.0 3.487728617159154 0.3461359635693612 68.0 
274.0 251.0 3.487728617159154 0.3461359635693612 68.0 
274.0 252.0 3.487728617159154 0.3461359635693612 68.0 
274.0 253.0 3.487728617159154 0.3461359635693612 68.0 
275.0 248.0 3.487728617159154 0.3461359635693612 68.0 
275.0 249.0 3.487728617159154 0.3461359635693612 68.0 
275.0 250.0 3.487728617159154 0.3461359635693612 68.0 
275.0 251.0 3.487728617159154 0.3461359635693612 68.0 
275.0 252.0 3.487728617159154 0.3461359635693612 68.0 
275.0 253.0 3.487728617159154 0.3461359635693612 68.0 
276.0 248.0 3.487728617159154 0.3461359635693612 68.0 
276.0 249.0 3.487728617159154 0.3461359635693612 68.0 
276.0 250.0 3.487728617159154 0.3461359635693612 68.0 
276.0 251.0 3.487728617159154 0.3461359635693612 68.0 
276.0 252.0 3.487728617159154 0.3461359635693612 68.0 
276.0 253.0 3.487728617159154 0.3461359635693612 68.0 
276.0 254.0 3.487728617159154 0.3461359635693612 68.0 
277.0 249.0 3.487728617159154 0.3461359635693612 68.0 
277.0 250.0 3.487728617159154 0.3461359635693612 68.0 
277.0 251.0 3.487728617159154 0.3461359635693612 68.0 
277.0 252.0 3.487728617159154 0.3461359635693612 68.0 
277.0 253.0 3.487728617159154 0.3461359635693612 68.0 
277.0 254.0 3.487728617159154 0.3461359635693612 68.0 
278.0 249.0 3.487728617159154 0.3461359635693612 68.0 
278.0 250.0 3.487728617159154 0.3461359635693612 68.0 
278.0 251.0 3.487728617159154 0.3461359635693612 68.0 
278.0 252.0 3.487728617159154 0.3461359635693612 68.0 
278.0 253.0 3.487728617159154 0.3461359635693612 68.0 
278.0 254.0 3.487728617159154 0.3461359635693612 68.0 
279.0 249.0 3.487728617159154 0.3461359635693612 68.0 
279.0 250.0 3.487728617159154 0.3461359635693612 68.0 
279.0 251.0 3.487728617159154 0.3461359635693612 68.0 
279.0 252.0 3.487728617159154 0.3461359635693612 68.0 
279.0 253.0 3.487728617159154 0.3461359635693612 68.0 
279.0 254.0 3.487728617159154 0.3461359635693612 68.0 
279.0 255.0 3.487728617159154 0.3461359635693612 68.0 
280.0 250.0 3.487728617159154 0.3461359635693612 68.0 
280.0 251.0 3.487728617159154 0.3461359635693612 68.0 
280.0 252.0 3.487728617159154 0.3461359635693612 68.0 
280.0 253.0 3.487728617159154 0.3461359635693612 68.0 
280.0 254.0 3.487728617159154 0.3461359635693612 68.0 
280.0 255.0 3.487728617159154 0.3461359635693612 68.0 
281.0 250.0 3.487728617159154 0.3461359635693612 68.0 
281.0 251.0 3.487728617159154 0.3461359635693612 68.0 
281.0 252.0 3.487728617159154 0.3461359635693612 68.0 
281.0 253.0 3.487728617159154 0.3461359635693612 68.0 
281.0 254.0 3.487728617159154 0.3461359635693612 68.0 
281.0 255.0 3.487728617159154 0.3461359635693612 68.0 
282.0 250.0 3.487728617159154 0.3461359635693612 68.0 
282.0 251.0 3.487728617159154 0.3461359635693612 68.0 
282.0 252.0 3.487728617159154 0.3461359635693612 68.0 
282.0 253.0 3.487728617159154 0.3461359635693612 68.0 
282.0 254.0 3.487728617159154 0.3461359635693612 68.0 
282.0 255.0 3.487728617159154 0.3461359635693612 68.0 
282.0 256.0 3.487728617159154 0.3461359635693612 68.0 
283.0 251.0 3.487728617159154 0.3461359635693612 68.0 
283.0 252.0 3.487728617159154 0.3461359635693612 68.0 
283.0 253.0 3.487728617159154 0.3461359635693612 68.0 
283.0 254.0 3.487728617159154 0.3461359635693612 68.0 
283.0 255.0 3.487728617159154 0.3461359635693612 68.0 
283.0 256.0 3.487728617159154 0.3461359635693612 68.0 
284.0 251.0 3.487728617159154 0.3461359635693612 68.0 
284.0 252.0 3.487728617159154 0.3461359635693612 68.0 
284.0 253.0 3.487728617159154 0.3461359635693612 68.0 
284.0 254.0 3.487728617159154 0.3461359635693612 68.0 
284.0 255.0 3.487728617159154 0.3461359635693612 68.0 
284.0 256.0 3.487728617159154 0.3461359635693612 68.0 
284.0 257.0 3.487728617159154 0.3461359635693612 68.0 
285.0 251.0 3.487728617159154 0.3461359635693612 68.0 
285.0 252.0 3.487728617159154 0.3461359635693612 68.0 
285.0 253.0 3.487728617159154 0.3461359635693612 68.0 
285.0 254.0 3.487728617159154 0.3461359635693612 68.0 
285.0 255.0 3.487728617159154 0.3461359635693612 68.0 
285.0 256.0 3.487728617159154 0.3461359635693612 68.0 
285.0 257.0 3.487728617159154 0.3461359635693612 68.0 
286.0 252.0 3.487728617159154 0.3461359635693612 68.0 
286.0 253.0 3.487728617159154 0.3461359635693612 68.0 
286.0 254.0 3.487728617159154 0.3461359635693612 68.0 
286.0 255.0 3.487728617159154 0.3461359635693612 68.0 
286.0 256.0 3.487728617159154 0.3461359635693612 68.0 
286.0 257.0 3.487728617159154 0.3461359635693612 68.0 
287.0 252.0 3.487728617159154 0.3461359635693612 68.0 
287.0 253.0 3.487728617159154 0.3461359635693612 68.0 
287.0 254.0 3.487728617159154 0.3461359635693612 68.0 
287.0 255.0 3.487728617159154 0.3461359635693612 68.0 
287.0 256.0 3.487728617159154 0.3461359635693612 68.0 
287.0 257.0 3.487728617159154 0.3461359635693612 68.0 
287.0 258.0 3.487728617159154 0.3461359635693612 68.0 
288.0 253.0 3.487728617159154 0.3461359635693612 68.0 
288.0 254.0 3.487728617159154 0.3461359635693612 68.0 
288.0 255.0 3.487728617159154 0.3461359635693612 68.0 
288.0 256.0 3.487728617159154 0.3461359635693612 68.0 
288.0 257.0 3.487728617159154 0.3461359635693612 68.0 
288.0 258.0 3.487728617159154 0.3461359635693612 68.0 
289.0 253.0 3.487728617159154 0.3461359635693612 68.0 
289.0 254.0 3.487728617159154 0.3461359635693612 68.0 
289.0 255.0 3.487728617159154 0.3461359635693612 68.0 
289.0 256.0 3.487728617159154 0.3461359635693612 68.0 
289.0 257.0 3.487728617159154 0.3461359635693612 68.0 
289.0 258.0 3.487728617159154 0.3461359635693612 68.0 
290.0 253.0 3.487728617159154 0.3461359635693612 68.0 
290.0 254.0 3.487728617159154 0.3461359635693612 68.0 
290.0 255.0 3.487728617159154 0.3461359635693612 68.0 
290.0 256.0 3.487728617159154 0.3461359635693612 68.0 
290.0 257.0 3.487728617159154 0.3461359635693612 68.0 
290.0 258.0 3.487728617159154 0.3461359635693612 68.0 
290.0 259.0 3.487728617159154 0.3461359635693612 68.0 
291.0 254.0 3.487728617159154 0.3461359635693612 68.0 
291.0 255.0 3.487728617159154 0.3461359635693612 68.0 
291.0 256.0 3.487728617159154 0.3461359635693612 68.0 
291.0 257.0 3.487728617159154 0.3461359635693612 68.0 
291.0 258.0 3.487728617159154 0.3461359635693612 68.0 
291.0 259.0 3.487728617159154 0.3461359635693612 68.0 
292.0 254.0 3.487728617159154 0.3461359635693612 68.0 
292.0 255.0 3.487728617159154 0.3461359635693612 68.0 
292.0 256.0 3.487728617159154 0.3461359635693612 68.0 
292.0 257.0 3.487728617159154 0.3461359635693612 68.0 
292.0 258.0 3.487728617159154 0.3461359635693612 68.0 
292.0 259.0 3.487728617159154 0.3461359635693612 68.0 
293.0 254.0 3.487728617159154 0.3461359635693612 68.0 
293.0 255.0 3.487728617159154 0.3461359635693612 68.0 
293.0 256.0 3.487728617159154 0.3461359635693612 68.0 
293.0 257.0 3.487728617159154 0.3461359635693612 68.0 
293.0 258.0 3.487728617159154 0.3461359635693612 68.0 
293.0 259.0 3.487728617159154 0.3461359635693612 68.0 
293.0 260.0 3.487728617159154 0.3461359635693612 68.0 
294.0 255.0 3.487728617159154 0.3461359635693612 68.0 
294.0 256.0 3.487728617159154 0.3461359635693612 68.0 
294.0 257.0 3.487728617159154 0.3461359635693612 68.0 
294.0 258.0 3.487728617159154 0.3461359635693612 68.0 
294.0 259.0 3.487728617159154 0.3461359635693612 68.0 
294.0 260.0 3.487728617159154 0.3461359635693612 68.0 
295.0 255.0 3.487728617159154 0.3461359635693612 68.0 
295.0 256.0 3.487728617159154 0.3461359635693612 68.0 
295.0 257.0 3.487728617159154 0.3461359635693612 68.0 
295.0 258.0 3.487728617159154 0.3461359635693612 68.0 
295.0 259.0 3.487728617159154 0.3461359635693612 68.0 
295.0 260.0 3.487728617159154 0.3461359635693612 68.0 
296.0 255.0 3.487728617159154 0.3461359635693612 68.0 
296.0 256.0 3.487728617159154 0.3461359635693612 68.0 
296.0 257.0 3.487728617159154 0.3461359635693612 68.0 
296.0 258.0 3.487728617159154 0.3461359635693612 68.0 
296.0 259.0 3.487728617159154 0.3461359635693612 68.0 
296.0 260.0 3.487728617159154 0.3461359635693612 68.0 
296.0 261.0 3.487728617159154 0.3461359635693612 68.0 
297.0 256.0 3.487728617159154 0.3461359635693612 68.0 
297.0 257.0 3.487728617159154 0.3461359635693612 68.0 
297.0 258.0 3.487728617159154 0.3461359635693612 68.0 
297.0 259.0 3.487728617159154 0.3461359635693612 68.0 
297.0 260.0 3.487728617159154 0.3461359635693612 68.0 
297.0 261.0 3.487728617159154 0.3461359635693612 68.0 
298.0 256.0 3.487728617159154 0.3461359635693612 68.0 
298.0 257.0 3.487728617159154 0.3461359635693612 68.0 
298.0 258.0 3.487728617159154 0.3461359635693612 68.0 
298.0 259.0 3.487728617159154 0.3461359635693612 68.0 
298.0 260.0 3.487728617159154 0.3461359635693612 68.0 
298.0 261.0 3.487728617159154 0.3461359635693612 68.0 
298.0 262.0 3.487728617159154 0.3461359635693612 68.0 
299.0 257.0 3.487728617159154 0.3461359635693612 68.0 
299.0 258.0 3.487728617159154 0.3461359635693612 68.0 
299.0 259.0 3.487728617159154 0.3461359635693612 68.0 
299.0 260.0 3.487728617159154 0.3461359635693612 68.0 
299.0 261.0 3.487728617159154 0.3461359635693612 68.0 
299.0 262.0 3.487728617159154 0.3461359635693612 68.0 
300.0 257.0 3.487728617159154 0.3461359635693612 68.0 
300.0 258.0 3.487728617159154 0.3461359635693612 68.0 
300.0 259.0 3.487728617159154 0.3461359635693612 68.0 
300.0 260.0 3.487728617159154 0.3461359635693612 68.0 
300.0 261.0 3.487728617159154 0.3461359635693612 68.0 
300.0 262.0 3.487728617159154 0.3461359635693612 68.0 
301.0 257.0 3.487728617159154 0.3461359635693612 68.0 
301.0 258.0 3.487728617159154 0.3461359635693612 68.0 
301.0 259.0 3.487728617159154 0.3461359635693612 68.0 
301.0 260.0 3.487728617159154 0.3461359635693612 68.0 
301.0 261.0 3.487728617159154 0.3461359635693612 68.0 
301.0 262.0 3.487728617159154 0.3461359635693612 68.0 
301.0 263.0 3.487728617159154 0.3461359635693612 68.0 
302.0 258.0 3.487728617159154 0.3461359635693612 68.0 
302.0 259.0 3.487728617159154 0.3461359635693612 68.0 
302.0 260.0 3.487728617159154 0.3461359635693612 68.0 
302.0 261.0 3.487728617159154 0.3461359635693612 68.0 
302.0 262.0 3.487728617159154 0.3461359635693612 68.0 
302.0 263.0 3.487728617159154 0.3461359635693612 68.0 
303.0 258.0 3.487728617159154 0.3461359635693612 68.0 
303.0 259.0 3.487728617159154 0.3461359635693612 68.0 
303.0 260.0 3.487728617159154 0.3461359635693612 68.0 
303.0 261.0 3.487728617159154 0.3461359635693612 68.0 
303.0 262.0 3.487728617159154 0.3461359635693612 68.0 
303.0 263.0 3.487728617159154 0.3461359635693612 68.0 
304.0 258.0 3.487728617159154 0.3461359635693612 68.0 
304.0 259.0 3.487728617159154 0.3461359635693612 68.0 
304.0 260.0 3.487728617159154 0.3461359635693612 68.0 
304.0 261.0 3.487728617159154 0.3461359635693612 68.0 
304.0 262.0 3.487728617159154 0.3461359635693612 68.0 
304.0 263.0 3.487728617159154 0.3461359635693612 68.0 
304.0 264.0 3.487728617159154 0.3461359635693612 68.0 
305.0 259.0 3.487728617159154 0.3461359635693612 68.0 
305.0 260.0 3.487728617159154 0.3461359635693612 68.0 
305.0 261.0 3.487728617159154 0.3461359635693612 68.0 
305.0 262.0 3.487728617159154 0.3461359635693612 68.0 
305.0 263.0 3.487728617159154 0.3461359635693612 68.0 
305.0 264.0 3.487728617159154 0.3461359635693612 68.0 
306.0 259.0 3.487728617159154 0.3461359635693612 68.0 
306.0 260.0 3.487728617159154 0.3461359635693612 68.0 
306.0 261.0 3.487728617159154 0.3461359635693612 68.0 
306.0 262.0 3.487728617159154 0.3461359635693612 68.0 
306.0 263.0 3.487728617159154 0.3461359635693612 68.0 
306.0 264.0 3.487728617159154 0.3461359635693612 68.0 
307.0 259.0 3.487728617159154 0.3461359635693612 68.0 
307.0 260.0 3.487728617159154 0.3461359635693612 68.0 
307.0 261.0 3.487728617159154 0.3461359635693612 68.0 
307.0 262.0 3.487728617159154 0.3461359635693612 68.0 
307.0 263.0 3.487728617159154 0.3461359635693612 68.0 
307.0 264.0 3.487728617159154 0.3461359635693612 68.0 
307.0 265.0 3.487728617159154 0.3461359635693612 68.0 
308.0 260.0 3.487728617159154 0.3461359635693612 68.0 
308.0 261.0 3.487728617159154 0.3461359635693612 68.0 
308.0 262.0 3.487728617159154 0.3461359635693612 68.0 
308.0 263.0 3.487728617159154 0.3461359635693612 68.0 
308.0 264.0 3.487728617159154 0.3461359635693612 68.0 
308.0 265.0 3.487728617159154 0.3461359635693612 68.0 
309.0 260.0 3.487728617159154 0.3461359635693612 68.0 
309.0 261.0 3.487728617159154 0.3461359635693612 68.0 
309.0 262.0 3.487728617159154 0.3461359635693612 68.0 
309.0 263.0 3.487728617159154 0.3461359635693612 68.0 
309.0 264.0 3.487728617159154 0.3461359635693612 68.0 
309.0 265.0 3.487728617159154 0.3461359635693612 68.0 
309.0 266.0 3.487728617159154 0.3461359635693612 68.0 
310.0 261.0 3.487728617159154 0.3461359635693612 68.0 
310.0 262.0 3.487728617159154 0.3461359635693612 68.0 
310.0 263.0 3.487728617159154 0.3461359635693612 68.0 
310.0 264.0 3.487728617159154 0.3461359635693612 68.0 
310.0 265.0 3.487728617159154 0.3461359635693612 68.0 
310.0 266.0 3.487728617159154 0.3461359635693612 68.0 
311.0 261.0 3.487728617159154 0.3461359635693612 68.0 
311.0 262.0 3.487728617159154 0.3461359635693612 68.0 
311.0 263.0 3.487728617159154 0.3461359635693612 68.0 
311.0 264.0 3.487728617159154 0.3461359635693612 68.0 
311.0 265.0 3.487728617159154 0.3461359635693612 68.0 
311.0 266.0 3.487728617159154 0.3461359635693612 68.0 
312.0 261.0 3.487728617159154 0.3461359635693612 68.0 
312.0 262.0 3.487728617159154 0.3461359635693612 68.0 
312.0 263.0 3.487728617159154 0.3461359635693612 68.0 
312.0 264.0 3.487728617159154 0.3461359635693612 68.0 
312.0 265.0 3.487728617159154 0.3461359635693612 68.0 
312.0 266.0 3.487728617159154 0.3461359635693612 68.0 
312.0 267.0 3.487728617159154 0.3461359635693612 68.0 
313.0 262.0 3.487728617159154 0.3461359635693612 68.0 
313.0 263.0 3.487728617159154 0.3461359635693612 68.0 
313.0 264.0 3.487728617159154 0.3461359635693612 68.0 
313.0 265.0 3.487728617159154 0.3461359635693612 68.0 
313.0 266.0 3.487728617159154 0.3461359635693612 68.0 
313.0 267.0 3.487728617159154 0.3461359635693612 68.0 
314.0 262.0 3.487728617159154 0.3461359635693612 68.0 
314.0 263.0 3.487728617159154 0.3461359635693612 68.0 
314.0 264.0 3.487728617159154 0.3461359635693612 68.0 
314.0 265.0 3.487728617159154 0.3461359635693612 68.0 
314.0 266.0 3.487728617159154 0.3461359635693612 68.0 
314.0 267.0 3.487728617159154 0.3461359635693612 68.0 
315.0 262.0 3.487728617159154 0.3461359635693612 68.0 
315.0 263.0 3.487728617159154 0.3461359635693612 68.0 
315.0 264.0 3.487728617159154 0.3461359635693612 68.0 
