273.0 337.0 1.6049710504110926 4.746563704000886 68.0 
273.0 338.0 1.6049710504110926 4.746563704000886 68.0 
273.0 339.0 1.6049710504110926 4.746563704000886 68.0 
273.0 340.0 1.6049710504110926 4.746563704000886 68.0 
273.0 341.0 1.6049710504110926 4.746563704000886 68.0 
273.0 342.0 1.6049710504110926 4.746563704000886 68.0 
273.0 343.0 1.6049710504110926 4.746563704000886 68.0 
273.0 344.0 1.6049710504110926 4.746563704000886 68.0 
273.0 345.0 1.6049710504110926 4.746563704000886 68.0 
273.0 346.0 1.6049710504110926 4.746563704000886 68.0 
273.0 347.0 1.6049710504110926 4.746563704000886 68.0 
273.0 348.0 1.6049710504110926 4.746563704000886 68.0 
273.0 349.0 1.6049710504110926 4.746563704000886 68.0 
273.0 350.0 1.6049710504110926 4.746563704000886 68.0 
273.0 351.0 1.6049710504110926 4.746563704000886 68.0 
273.0 352.0 1.6049710504110926 4.746563704000886 68.0 
273.0 353.0 1.6049710504110926 4.746563704000886 68.0 
273.0 354.0 1.6049710504110926 4.746563704000886 68.0 
273.0 355.0 1.6049710504110926 4.746563704000886 68.0 
273.0 356.0 1.6049710504110926 4.746563704000886 68.0 
273.0 357.0 1.6049710504110926 4.746563704000886 68.0 
273.0 358.0 1.6049710504110926 4.746563704000886 68.0 
273.0 359.0 1.6049710504110926 4.746563704000886 68.0 
273.0 360.0 1.6049710504110926 4.746563704000886 68.0 
273.0 361.0 1.6049710504110926 4.746563704000886 68.0 
273.0 362.0 1.6049710504110926 4.746563704000886 68.0 
273.0 363.0 1.6049710504110926 4.746563704000886 68.0 
273.0 364.0 1.6049710504110926 4.746563704000886 68.0 
273.0 365.0 1.6049710504110926 4.746563704000886 68.0 
274.0 308.0 1.6049710504110926 4.746563704000886 68.0 
274.0 309.0 1.6049710504110926 4.746563704000886 68.0 
274.0 310.0 1.6049710504110926 4.746563704000886 68.0 
274.0 311.0 1.6049710504110926 4.746563704000886 68.0 
274.0 312.0 1.6049710504110926 4.746563704000886 68.0 
274.0 313.0 1.6049710504110926 4.746563704000886 68.0 
274.0 314.0 1.6049710504110926 4.746563704000886 68.0 
274.0 315.0 1.6049710504110926 4.746563704000886 68.0 
274.0 316.0 1.6049710504110926 4.746563704000886 68.0 
274.0 317.0 1.6049710504110926 4.746563704000886 68.0 
274.0 318.0 1.6049710504110926 4.746563704000886 68.0 
274.0 319.0 1.6049710504110926 4.746563704000886 68.0 
274.0 320.0 1.6049710504110926 4.746563704000886 68.0 
274.0 321.0 1.6049710504110926 4.746563704000886 68.0 
274.0 322.0 1.6049710504110926 4.746563704000886 68.0 
274.0 323.0 1.6049710504110926 4.746563704000886 68.0 
274.0 324.0 1.6049710504110926 4.746563704000886 68.0 
274.0 325.0 1.6049710504110926 4.746563704000886 68.0 
274.0 326.0 1.6049710504110926 4.746563704000886 68.0 
274.0 327.0 1.6049710504110926 4.746563704000886 68.0 
274.0 328.0 1.6049710504110926 4.746563704000886 68.0 
274.0 329.0 1.6049710504110926 4.746563704000886 68.0 
274.0 330.0 1.6049710504110926 4.746563704000886 68.0 
274.0 331.0 1.6049710504110926 4.746563704000886 68.0 
274.0 332.0 1.6049710504110926 4.746563704000886 68.0 
274.0 333.0 1.6049710504110926 4.746563704000886 68.0 
274.0 334.0 1.6049710504110926 4.746563704000886 68.0 
274.0 335.0 1.6049710504110926 4.746563704000886 68.0 
274.0 336.0 1.6049710504110926 4.746563704000886 68.0 
274.0 337.0 1.6049710504110926 4.746563704000886 68.0 
274.0 338.0 1.6049710504110926 4.746563704000886 68.0 
274.0 339.0 1.6049710504110926 4.746563704000886 68.0 
274.0 340.0 1.6049710504110926 4.746563704000886 68.0 
274.0 341.0 1.6049710504110926 4.746563704000886 68.0 
274.0 342.0 1.6049710504110926 4.746563704000886 68.0 
274.0 343.0 1.6049710504110926 4.746563704000886 68.0 
274.0 344.0 1.6049710504110926 4.746563704000886 68.0 
274.0 345.0 1.6049710504110926 4.746563704000886 68.0 
274.0 346.0 1.6049710504110926 4.746563704000886 68.0 
274.0 347.0 1.6049710504110926 4.746563704000886 68.0 
274.0 348.0 1.6049710504110926 4.746563704000886 68.0 
274.0 349.0 1.6049710504110926 4.746563704000886 68.0 
274.0 350.0 1.6049710504110926 4.746563704000886 68.0 
274.0 351.0 1.6049710504110926 4.746563704000886 68.0 
274.0 352.0 1.6049710504110926 4.746563704000886 68.0 
274.0 353.0 1.6049710504110926 4.746563704000886 68.0 
274.0 354.0 1.6049710504110926 4.746563704000886 68.0 
274.0 355.0 1.6049710504110926 4.746563704000886 68.0 
274.0 356.0 1.6049710504110926 4.746563704000886 68.0 
274.0 357.0 1.6049710504110926 4.746563704000886 68.0 
274.0 358.0 1.6049710504110926 4.746563704000886 68.0 
274.0 359.0 1.6049710504110926 4.746563704000886 68.0 
274.0 360.0 1.6049710504110926 4.746563704000886 68.0 
274.0 361.0 1.6049710504110926 4.746563704000886 68.0 
274.0 362.0 1.6049710504110926 4.746563704000886 68.0 
274.0 363.0 1.6049710504110926 4.746563704000886 68.0 
274.0 364.0 1.6049710504110926 4.746563704000886 68.0 
274.0 365.0 1.6049710504110926 4.746563704000886 68.0 
275.0 279.0 1.6049710504110926 4.746563704000886 68.0 
275.0 280.0 1.6049710504110926 4.746563704000886 68.0 
275.0 281.0 1.6049710504110926 4.746563704000886 68.0 
275.0 282.0 1.6049710504110926 4.746563704000886 68.0 
275.0 283.0 1.6049710504110926 4.746563704000886 68.0 
275.0 284.0 1.6049710504110926 4.746563704000886 68.0 
275.0 285.0 1.6049710504110926 4.746563704000886 68.0 
275.0 286.0 1.6049710504110926 4.746563704000886 68.0 
275.0 287.0 1.6049710504110926 4.746563704000886 68.0 
275.0 288.0 1.6049710504110926 4.746563704000886 68.0 
275.0 289.0 1.6049710504110926 4.746563704000886 68.0 
275.0 290.0 1.6049710504110926 4.746563704000886 68.0 
275.0 291.0 1.6049710504110926 4.746563704000886 68.0 
275.0 292.0 1.6049710504110926 4.746563704000886 68.0 
275.0 293.0 1.6049710504110926 4.746563704000886 68.0 
275.0 294.0 1.6049710504110926 4.746563704000886 68.0 
275.0 295.0 1.6049710504110926 4.746563704000886 68.0 
275.0 296.0 1.6049710504110926 4.746563704000886 68.0 
275.0 297.0 1.6049710504110926 4.746563704000886 68.0 
275.0 298.0 1.6049710504110926 4.746563704000886 68.0 
275.0 299.0 1.6049710504110926 4.746563704000886 68.0 
275.0 300.0 1.6049710504110926 4.746563704000886 68.0 
275.0 301.0 1.6049710504110926 4.746563704000886 68.0 
275.0 302.0 1.6049710504110926 4.746563704000886 68.0 
275.0 303.0 1.6049710504110926 4.746563704000886 68.0 
275.0 304.0 1.6049710504110926 4.746563704000886 68.0 
275.0 305.0 1.6049710504110926 4.746563704000886 68.0 
275.0 306.0 1.6049710504110926 4.746563704000886 68.0 
275.0 307.0 1.6049710504110926 4.746563704000886 68.0 
275.0 308.0 1.6049710504110926 4.746563704000886 68.0 
275.0 309.0 1.6049710504110926 4.746563704000886 68.0 
275.0 310.0 1.6049710504110926 4.746563704000886 68.0 
275.0 311.0 1.6049710504110926 4.746563704000886 68.0 
275.0 312.0 1.6049710504110926 4.746563704000886 68.0 
275.0 313.0 1.6049710504110926 4.746563704000886 68.0 
275.0 314.0 1.6049710504110926 4.746563704000886 68.0 
275.0 315.0 1.6049710504110926 4.746563704000886 68.0 
275.0 316.0 1.6049710504110926 4.746563704000886 68.0 
275.0 317.0 1.6049710504110926 4.746563704000886 68.0 
275.0 318.0 1.6049710504110926 4.746563704000886 68.0 
275.0 319.0 1.6049710504110926 4.746563704000886 68.0 
275.0 320.0 1.6049710504110926 4.746563704000886 68.0 
275.0 321.0 1.6049710504110926 4.746563704000886 68.0 
275.0 322.0 1.6049710504110926 4.746563704000886 68.0 
275.0 323.0 1.6049710504110926 4.746563704000886 68.0 
275.0 324.0 1.6049710504110926 4.746563704000886 68.0 
275.0 325.0 1.6049710504110926 4.746563704000886 68.0 
275.0 326.0 1.6049710504110926 4.746563704000886 68.0 
275.0 327.0 1.6049710504110926 4.746563704000886 68.0 
275.0 328.0 1.6049710504110926 4.746563704000886 68.0 
275.0 329.0 1.6049710504110926 4.746563704000886 68.0 
275.0 330.0 1.6049710504110926 4.746563704000886 68.0 
275.0 331.0 1.6049710504110926 4.746563704000886 68.0 
275.0 332.0 1.6049710504110926 4.746563704000886 68.0 
275.0 333.0 1.6049710504110926 4.746563704000886 68.0 
275.0 334.0 1.6049710504110926 4.746563704000886 68.0 
275.0 335.0 1.6049710504110926 4.746563704000886 68.0 
275.0 336.0 1.6049710504110926 4.746563704000886 68.0 
275.0 337.0 1.6049710504110926 4.746563704000886 68.0 
275.0 338.0 1.6049710504110926 4.746563704000886 68.0 
275.0 339.0 1.6049710504110926 4.746563704000886 68.0 
275.0 340.0 1.6049710504110926 4.746563704000886 68.0 
275.0 341.0 1.6049710504110926 4.746563704000886 68.0 
275.0 342.0 1.6049710504110926 4.746563704000886 68.0 
275.0 343.0 1.6049710504110926 4.746563704000886 68.0 
275.0 344.0 1.6049710504110926 4.746563704000886 68.0 
275.0 345.0 1.6049710504110926 4.746563704000886 68.0 
275.0 346.0 1.6049710504110926 4.746563704000886 68.0 
275.0 347.0 1.6049710504110926 4.746563704000886 68.0 
275.0 348.0 1.6049710504110926 4.746563704000886 68.0 
275.0 349.0 1.6049710504110926 4.746563704000886 68.0 
275.0 350.0 1.6049710504110926 4.746563704000886 68.0 
275.0 351.0 1.6049710504110926 4.746563704000886 68.0 
275.0 352.0 1.6049710504110926 4.746563704000886 68.0 
275.0 353.0 1.6049710504110926 4.746563704000886 68.0 
275.0 354.0 1.6049710504110926 4.746563704000886 68.0 
275.0 355.0 1.6049710504110926 4.746563704000886 68.0 
275.0 356.0 1.6049710504110926 4.746563704000886 68.0 
275.0 357.0 1.6049710504110926 4.746563704000886 68.0 
275.0 358.0 1.6049710504110926 4.746563704000886 68.0 
275.0 359.0 1.6049710504110926 4.746563704000886 68.0 
275.0 360.0 1.6049710504110926 4.746563704000886 68.0 
275.0 361.0 1.6049710504110926 4.746563704000886 68.0 
275.0 362.0 1.6049710504110926 4.746563704000886 68.0 
275.0 363.0 1.6049710504110926 4.746563704000886 68.0 
275.0 364.0 1.6049710504110926 4.746563704000886 68.0 
275.0 365.0 1.6049710504110926 4.746563704000886 68.0 
276.0 249.0 1.6049710504110926 4.746563704000886 68.0 
276.0 250.0 1.6049710504110926 4.746563704000886 68.0 
276.0 251.0 1.6049710504110926 4.746563704000886 68.0 
276.0 252.0 1.6049710504110926 4.746563704000886 68.0 
276.0 253.0 1.6049710504110926 4.746563704000886 68.0 
276.0 254.0 1.6049710504110926 4.746563704000886 68.0 
276.0 255.0 1.6049710504110926 4.746563704000886 68.0 
276.0 256.0 1.6049710504110926 4.746563704000886 68.0 
276.0 257.0 1.6049710504110926 4.746563704000886 68.0 
276.0 258.0 1.6049710504110926 4.746563704000886 68.0 
276.0 259.0 1.6049710504110926 4.746563704000886 68.0 
276.0 260.0 1.6049710504110926 4.746563704000886 68.0 
276.0 261.0 1.6049710504110926 4.746563704000886 68.0 
276.0 262.0 1.6049710504110926 4.746563704000886 68.0 
276.0 263.0 1.6049710504110926 4.746563704000886 68.0 
276.0 264.0 1.6049710504110926 4.746563704000886 68.0 
276.0 265.0 1.6049710504110926 4.746563704000886 68.0 
276.0 266.0 1.6049710504110926 4.746563704000886 68.0 
276.0 267.0 1.6049710504110926 4.746563704000886 68.0 
276.0 268.0 1.6049710504110926 4.746563704000886 68.0 
276.0 269.0 1.6049710504110926 4.746563704000886 68.0 
276.0 270.0 1.6049710504110926 4.746563704000886 68.0 
276.0 271.0 1.6049710504110926 4.746563704000886 68.0 
276.0 272.0 1.6049710504110926 4.746563704000886 68.0 
276.0 273.0 1.6049710504110926 4.746563704000886 68.0 
276.0 274.0 1.6049710504110926 4.746563704000886 68.0 
276.0 275.0 1.6049710504110926 4.746563704000886 68.0 
276.0 276.0 1.6049710504110926 4.746563704000886 68.0 
276.0 277.0 1.6049710504110926 4.746563704000886 68.0 
276.0 278.0 1.6049710504110926 4.746563704000886 68.0 
276.0 279.0 1.6049710504110926 4.746563704000886 68.0 
276.0 280.0 1.6049710504110926 4.746563704000886 68.0 
276.0 281.0 1.6049710504110926 4.746563704000886 68.0 
276.0 282.0 1.6049710504110926 4.746563704000886 68.0 
276.0 283.0 1.6049710504110926 4.746563704000886 68.0 
276.0 284.0 1.6049710504110926 4.746563704000886 68.0 
276.0 285.0 1.6049710504110926 4.746563704000886 68.0 
276.0 286.0 1.6049710504110926 4.746563704000886 68.0 
276.0 287.0 1.6049710504110926 4.746563704000886 68.0 
276.0 288.0 1.6049710504110926 4.746563704000886 68.0 
276.0 289.0 1.6049710504110926 4.746563704000886 68.0 
276.0 290.0 1.6049710504110926 4.746563704000886 68.0 
276.0 291.0 1.6049710504110926 4.746563704000886 68.0 
276.0 292.0 1.6049710504110926 4.746563704000886 68.0 
276.0 293.0 1.6049710504110926 4.746563704000886 68.0 
276.0 294.0 1.6049710504110926 4.746563704000886 68.0 
276.0 295.0 1.6049710504110926 4.746563704000886 68.0 
276.0 296.0 1.6049710504110926 4.746563704000886 68.0 
276.0 297.0 1.6049710504110926 4.746563704000886 68.0 
276.0 298.0 1.6049710504110926 4.746563704000886 68.0 
276.0 299.0 1.6049710504110926 4.746563704000886 68.0 
276.0 300.0 1.6049710504110926 4.746563704000886 68.0 
276.0 301.0 1.6049710504110926 4.746563704000886 68.0 
276.0 302.0 1.6049710504110926 4.746563704000886 68.0 
276.0 303.0 1.6049710504110926 4.746563704000886 68.0 
276.0 304.0 1.6049710504110926 4.746563704000886 68.0 
276.0 305.0 1.6049710504110926 4.746563704000886 68.0 
276.0 306.0 1.6049710504110926 4.746563704000886 68.0 
276.0 307.0 1.6049710504110926 4.746563704000886 68.0 
276.0 308.0 1.6049710504110926 4.746563704000886 68.0 
276.0 309.0 1.6049710504110926 4.746563704000886 68.0 
276.0 310.0 1.6049710504110926 4.746563704000886 68.0 
276.0 311.0 1.6049710504110926 4.746563704000886 68.0 
276.0 312.0 1.6049710504110926 4.746563704000886 68.0 
276.0 313.0 1.6049710504110926 4.746563704000886 68.0 
276.0 314.0 1.6049710504110926 4.746563704000886 68.0 
276.0 315.0 1.6049710504110926 4.746563704000886 68.0 
276.0 316.0 1.6049710504110926 4.746563704000886 68.0 
276.0 317.0 1.6049710504110926 4.746563704000886 68.0 
276.0 318.0 1.6049710504110926 4.746563704000886 68.0 
276.0 319.0 1.6049710504110926 4.746563704000886 68.0 
276.0 320.0 1.6049710504110926 4.746563704000886 68.0 
276.0 321.0 1.6049710504110926 4.746563704000886 68.0 
276.0 322.0 1.6049710504110926 4.746563704000886 68.0 
276.0 323.0 1.6049710504110926 4.746563704000886 68.0 
276.0 324.0 1.6049710504110926 4.746563704000886 68.0 
276.0 325.0 1.6049710504110926 4.746563704000886 68.0 
276.0 326.0 1.6049710504110926 4.746563704000886 68.0 
276.0 327.0 1.6049710504110926 4.746563704000886 68.0 
276.0 328.0 1.6049710504110926 4.746563704000886 68.0 
276.0 329.0 1.6049710504110926 4.746563704000886 68.0 
276.0 330.0 1.6049710504110926 4.746563704000886 68.0 
276.0 331.0 1.6049710504110926 4.746563704000886 68.0 
276.0 332.0 1.6049710504110926 4.746563704000886 68.0 
276.0 333.0 1.6049710504110926 4.746563704000886 68.0 
276.0 334.0 1.6049710504110926 4.746563704000886 68.0 
276.0 335.0 1.6049710504110926 4.746563704000886 68.0 
276.0 336.0 1.6049710504110926 4.746563704000886 68.0 
276.0 337.0 1.6049710504110926 4.746563704000886 68.0 
276.0 338.0 1.6049710504110926 4.746563704000886 68.0 
276.0 339.0 1.6049710504110926 4.746563704000886 68.0 
276.0 340.0 1.6049710504110926 4.746563704000886 68.0 
276.0 341.0 1.6049710504110926 4.746563704000886 68.0 
276.0 342.0 1.6049710504110926 4.746563704000886 68.0 
276.0 343.0 1.6049710504110926 4.746563704000886 68.0 
276.0 344.0 1.6049710504110926 4.746563704000886 68.0 
276.0 345.0 1.6049710504110926 4.746563704000886 68.0 
276.0 346.0 1.6049710504110926 4.746563704000886 68.0 
276.0 347.0 1.6049710504110926 4.746563704000886 68.0 
276.0 348.0 1.6049710504110926 4.746563704000886 68.0 
276.0 349.0 1.6049710504110926 4.746563704000886 68.0 
276.0 350.0 1.6049710504110926 4.746563704000886 68.0 
276.0 351.0 1.6049710504110926 4.746563704000886 68.0 
276.0 352.0 1.6049710504110926 4.746563704000886 68.0 
276.0 353.0 1.6049710504110926 4.746563704000886 68.0 
276.0 354.0 1.6049710504110926 4.746563704000886 68.0 
276.0 355.0 1.6049710504110926 4.746563704000886 68.0 
276.0 356.0 1.6049710504110926 4.746563704000886 68.0 
276.0 357.0 1.6049710504110926 4.746563704000886 68.0 
276.0 358.0 1.6049710504110926 4.746563704000886 68.0 
276.0 359.0 1.6049710504110926 4.746563704000886 68.0 
276.0 360.0 1.6049710504110926 4.746563704000886 68.0 
276.0 361.0 1.6049710504110926 4.746563704000886 68.0 
276.0 362.0 1.6049710504110926 4.746563704000886 68.0 
276.0 363.0 1.6049710504110926 4.746563704000886 68.0 
276.0 364.0 1.6049710504110926 4.746563704000886 68.0 
276.0 365.0 1.6049710504110926 4.746563704000886 68.0 
276.0 366.0 1.6049710504110926 4.746563704000886 68.0 
277.0 249.0 1.6049710504110926 4.746563704000886 68.0 
277.0 250.0 1.6049710504110926 4.746563704000886 68.0 
277.0 251.0 1.6049710504110926 4.746563704000886 68.0 
277.0 252.0 1.6049710504110926 4.746563704000886 68.0 
277.0 253.0 1.6049710504110926 4.746563704000886 68.0 
277.0 254.0 1.6049710504110926 4.746563704000886 68.0 
277.0 255.0 1.6049710504110926 4.746563704000886 68.0 
277.0 256.0 1.6049710504110926 4.746563704000886 68.0 
277.0 257.0 1.6049710504110926 4.746563704000886 68.0 
277.0 258.0 1.6049710504110926 4.746563704000886 68.0 
277.0 259.0 1.6049710504110926 4.746563704000886 68.0 
277.0 260.0 1.6049710504110926 4.746563704000886 68.0 
277.0 261.0 1.6049710504110926 4.746563704000886 68.0 
277.0 262.0 1.6049710504110926 4.746563704000886 68.0 
277.0 263.0 1.6049710504110926 4.746563704000886 68.0 
277.0 264.0 1.6049710504110926 4.746563704000886 68.0 
277.0 265.0 1.6049710504110926 4.746563704000886 68.0 
277.0 266.0 1.6049710504110926 4.746563704000886 68.0 
277.0 267.0 1.6049710504110926 4.746563704000886 68.0 
277.0 268.0 1.6049710504110926 4.746563704000886 68.0 
277.0 269.0 1.6049710504110926 4.746563704000886 68.0 
277.0 270.0 1.6049710504110926 4.746563704000886 68.0 
277.0 271.0 1.6049710504110926 4.746563704000886 68.0 
277.0 272.0 1.6049710504110926 4.746563704000886 68.0 
277.0 273.0 1.6049710504110926 4.746563704000886 68.0 
277.0 274.0 1.6049710504110926 4.746563704000886 68.0 
277.0 275.0 1.6049710504110926 4.746563704000886 68.0 
277.0 276.0 1.6049710504110926 4.746563704000886 68.0 
277.0 277.0 1.6049710504110926 4.746563704000886 68.0 
277.0 278.0 1.6049710504110926 4.746563704000886 68.0 
277.0 279.0 1.6049710504110926 4.746563704000886 68.0 
277.0 280.0 1.6049710504110926 4.746563704000886 68.0 
277.0 281.0 1.6049710504110926 4.746563704000886 68.0 
277.0 282.0 1.6049710504110926 4.746563704000886 68.0 
277.0 283.0 1.6049710504110926 4.746563704000886 68.0 
277.0 284.0 1.6049710504110926 4.746563704000886 68.0 
277.0 285.0 1.6049710504110926 4.746563704000886 68.0 
277.0 286.0 1.6049710504110926 4.746563704000886 68.0 
277.0 287.0 1.6049710504110926 4.746563704000886 68.0 
277.0 288.0 1.6049710504110926 4.746563704000886 68.0 
277.0 289.0 1.6049710504110926 4.746563704000886 68.0 
277.0 290.0 1.6049710504110926 4.746563704000886 68.0 
277.0 291.0 1.6049710504110926 4.746563704000886 68.0 
277.0 292.0 1.6049710504110926 4.746563704000886 68.0 
277.0 293.0 1.6049710504110926 4.746563704000886 68.0 
277.0 294.0 1.6049710504110926 4.746563704000886 68.0 
277.0 295.0 1.6049710504110926 4.746563704000886 68.0 
277.0 296.0 1.6049710504110926 4.746563704000886 68.0 
277.0 297.0 1.6049710504110926 4.746563704000886 68.0 
277.0 298.0 1.6049710504110926 4.746563704000886 68.0 
277.0 299.0 1.6049710504110926 4.746563704000886 68.0 
277.0 300.0 1.6049710504110926 4.746563704000886 68.0 
277.0 301.0 1.6049710504110926 4.746563704000886 68.0 
277.0 302.0 1.6049710504110926 4.746563704000886 68.0 
277.0 303.0 1.6049710504110926 4.746563704000886 68.0 
277.0 304.0 1.6049710504110926 4.746563704000886 68.0 
277.0 305.0 1.6049710504110926 4.746563704000886 68.0 
277.0 306.0 1.6049710504110926 4.746563704000886 68.0 
277.0 307.0 1.6049710504110926 4.746563704000886 68.0 
277.0 308.0 1.6049710504110926 4.746563704000886 68.0 
277.0 309.0 1.6049710504110926 4.746563704000886 68.0 
277.0 310.0 1.6049710504110926 4.746563704000886 68.0 
277.0 311.0 1.6049710504110926 4.746563704000886 68.0 
277.0 312.0 1.6049710504110926 4.746563704000886 68.0 
277.0 313.0 1.6049710504110926 4.746563704000886 68.0 
277.0 314.0 1.6049710504110926 4.746563704000886 68.0 
277.0 315.0 1.6049710504110926 4.746563704000886 68.0 
277.0 316.0 1.6049710504110926 4.746563704000886 68.0 
277.0 317.0 1.6049710504110926 4.746563704000886 68.0 
277.0 318.0 1.6049710504110926 4.746563704000886 68.0 
277.0 319.0 1.6049710504110926 4.746563704000886 68.0 
277.0 320.0 1.6049710504110926 4.746563704000886 68.0 
277.0 321.0 1.6049710504110926 4.746563704000886 68.0 
277.0 322.0 1.6049710504110926 4.746563704000886 68.0 
277.0 323.0 1.6049710504110926 4.746563704000886 68.0 
277.0 324.0 1.6049710504110926 4.746563704000886 68.0 
277.0 325.0 1.6049710504110926 4.746563704000886 68.0 
277.0 326.0 1.6049710504110926 4.746563704000886 68.0 
277.0 327.0 1.6049710504110926 4.746563704000886 68.0 
277.0 328.0 1.6049710504110926 4.746563704000886 68.0 
277.0 329.0 1.6049710504110926 4.746563704000886 68.0 
277.0 330.0 1.6049710504110926 4.746563704000886 68.0 
277.0 331.0 1.6049710504110926 4.746563704000886 68.0 
277.0 332.0 1.6049710504110926 4.746563704000886 68.0 
277.0 333.0 1.6049710504110926 4.746563704000886 68.0 
277.0 334.0 1.6049710504110926 4.746563704000886 68.0 
277.0 335.0 1.6049710504110926 4.746563704000886 68.0 
277.0 336.0 1.6049710504110926 4.746563704000886 68.0 
277.0 337.0 1.6049710504110926 4.746563704000886 68.0 
277.0 338.0 1.6049710504110926 4.746563704000886 68.0 
277.0 339.0 1.6049710504110926 4.746563704000886 68.0 
277.0 340.0 1.6049710504110926 4.746563704000886 68.0 
277.0 341.0 1.6049710504110926 4.746563704000886 68.0 
277.0 342.0 1.6049710504110926 4.746563704000886 68.0 
277.0 343.0 1.6049710504110926 4.746563704000886 68.0 
277.0 344.0 1.6049710504110926 4.746563704000886 68.0 
277.0 345.0 1.6049710504110926 4.746563704000886 68.0 
277.0 346.0 1.6049710504110926 4.746563704000886 68.0 
277.0 347.0 1.6049710504110926 4.746563704000886 68.0 
277.0 348.0 1.6049710504110926 4.746563704000886 68.0 
277.0 349.0 1.6049710504110926 4.746563704000886 68.0 
277.0 350.0 1.6049710504110926 4.746563704000886 68.0 
277.0 351.0 1.6049710504110926 4.746563704000886 68.0 
277.0 352.0 1.6049710504110926 4.746563704000886 68.0 
277.0 353.0 1.6049710504110926 4.746563704000886 68.0 
277.0 354.0 1.6049710504110926 4.746563704000886 68.0 
277.0 355.0 1.6049710504110926 4.746563704000886 68.0 
277.0 356.0 1.6049710504110926 4.746563704000886 68.0 
277.0 357.0 1.6049710504110926 4.746563704000886 68.0 
277.0 358.0 1.6049710504110926 4.746563704000886 68.0 
277.0 359.0 1.6049710504110926 4.746563704000886 68.0 
277.0 360.0 1.6049710504110926 4.746563704000886 68.0 
277.0 361.0 1.6049710504110926 4.746563704000886 68.0 
277.0 362.0 1.6049710504110926 4.746563704000886 68.0 
277.0 363.0 1.6049710504110926 4.746563704000886 68.0 
277.0 364.0 1.6049710504110926 4.746563704000886 68.0 
277.0 365.0 1.6049710504110926 4.746563704000886 68.0 
277.0 366.0 1.6049710504110926 4.746563704000886 68.0 
278.0 249.0 1.6049710504110926 4.746563704000886 68.0 
278.0 250.0 1.6049710504110926 4.746563704000886 68.0 
278.0 251.0 1.6049710504110926 4.746563704000886 68.0 
278.0 252.0 1.6049710504110926 4.746563704000886 68.0 
278.0 253.0 1.6049710504110926 4.746563704000886 68.0 
278.0 254.0 1.6049710504110926 4.746563704000886 68.0 
278.0 255.0 1.6049710504110926 4.746563704000886 68.0 
278.0 256.0 1.6049710504110926 4.746563704000886 68.0 
278.0 257.0 1.6049710504110926 4.746563704000886 68.0 
278.0 258.0 1.6049710504110926 4.746563704000886 68.0 
278.0 259.0 1.6049710504110926 4.746563704000886 68.0 
278.0 260.0 1.6049710504110926 4.746563704000886 68.0 
278.0 261.0 1.6049710504110926 4.746563704000886 68.0 
278.0 262.0 1.6049710504110926 4.746563704000886 68.0 
278.0 263.0 1.6049710504110926 4.746563704000886 68.0 
278.0 264.0 1.6049710504110926 4.746563704000886 68.0 
278.0 265.0 1.6049710504110926 4.746563704000886 68.0 
278.0 266.0 1.6049710504110926 4.746563704000886 68.0 
278.0 267.0 1.6049710504110926 4.746563704000886 68.0 
278.0 268.0 1.6049710504110926 4.746563704000886 68.0 
278.0 269.0 1.6049710504110926 4.746563704000886 68.0 
278.0 270.0 1.6049710504110926 4.746563704000886 68.0 
278.0 271.0 1.6049710504110926 4.746563704000886 68.0 
278.0 272.0 1.6049710504110926 4.746563704000886 68.0 
278.0 273.0 1.6049710504110926 4.746563704000886 68.0 
278.0 274.0 1.6049710504110926 4.746563704000886 68.0 
278.0 275.0 1.6049710504110926 4.746563704000886 68.0 
278.0 276.0 1.6049710504110926 4.746563704000886 68.0 
278.0 277.0 1.6049710504110926 4.746563704000886 68.0 
278.0 278.0 1.6049710504110926 4.746563704000886 68.0 
278.0 279.0 1.6049710504110926 4.746563704000886 68.0 
278.0 280.0 1.6049710504110926 4.746563704000886 68.0 
278.0 281.0 1.6049710504110926 4.746563704000886 68.0 
278.0 282.0 1.6049710504110926 4.746563704000886 68.0 
278.0 283.0 1.6049710504110926 4.746563704000886 68.0 
278.0 284.0 1.6049710504110926 4.746563704000886 68.0 
278.0 285.0 1.6049710504110926 4.746563704000886 68.0 
278.0 286.0 1.6049710504110926 4.746563704000886 68.0 
278.0 287.0 1.6049710504110926 4.746563704000886 68.0 
278.0 288.0 1.6049710504110926 4.746563704000886 68.0 
278.0 289.0 1.6049710504110926 4.746563704000886 68.0 
278.0 290.0 1.6049710504110926 4.746563704000886 68.0 
278.0 291.0 1.6049710504110926 4.746563704000886 68.0 
278.0 292.0 1.6049710504110926 4.746563704000886 68.0 
278.0 293.0 1.6049710504110926 4.746563704000886 68.0 
278.0 294.0 1.6049710504110926 4.746563704000886 68.0 
278.0 295.0 1.6049710504110926 4.746563704000886 68.0 
278.0 296.0 1.6049710504110926 4.746563704000886 68.0 
278.0 297.0 1.6049710504110926 4.746563704000886 68.0 
278.0 298.0 1.6049710504110926 4.746563704000886 68.0 
278.0 299.0 1.6049710504110926 4.746563704000886 68.0 
278.0 300.0 1.6049710504110926 4.746563704000886 68.0 
278.0 301.0 1.6049710504110926 4.746563704000886 68.0 
278.0 302.0 1.6049710504110926 4.746563704000886 68.0 
278.0 303.0 1.6049710504110926 4.746563704000886 68.0 
278.0 304.0 1.6049710504110926 4.746563704000886 68.0 
278.0 305.0 1.6049710504110926 4.746563704000886 68.0 
278.0 306.0 1.6049710504110926 4.746563704000886 68.0 
278.0 307.0 1.6049710504110926 4.746563704000886 68.0 
278.0 308.0 1.6049710504110926 4.746563704000886 68.0 
278.0 309.0 1.6049710504110926 4.746563704000886 68.0 
278.0 310.0 1.6049710504110926 4.746563704000886 68.0 
278.0 311.0 1.6049710504110926 4.746563704000886 68.0 
278.0 312.0 1.6049710504110926 4.746563704000886 68.0 
278.0 313.0 1.6049710504110926 4.746563704000886 68.0 
278.0 314.0 1.6049710504110926 4.746563704000886 68.0 
278.0 315.0 1.6049710504110926 4.746563704000886 68.0 
278.0 316.0 1.6049710504110926 4.746563704000886 68.0 
278.0 317.0 1.6049710504110926 4.746563704000886 68.0 
278.0 318.0 1.6049710504110926 4.746563704000886 68.0 
278.0 319.0 1.6049710504110926 4.746563704000886 68.0 
278.0 320.0 1.6049710504110926 4.746563704000886 68.0 
278.0 321.0 1.6049710504110926 4.746563704000886 68.0 
278.0 322.0 1.6049710504110926 4.746563704000886 68.0 
278.0 323.0 1.6049710504110926 4.746563704000886 68.0 
278.0 324.0 1.6049710504110926 4.746563704000886 68.0 
278.0 325.0 1.6049710504110926 4.746563704000886 68.0 
278.0 326.0 1.6049710504110926 4.746563704000886 68.0 
278.0 327.0 1.6049710504110926 4.746563704000886 68.0 
278.0 328.0 1.6049710504110926 4.746563704000886 68.0 
278.0 329.0 1.6049710504110926 4.746563704000886 68.0 
278.0 330.0 1.6049710504110926 4.746563704000886 68.0 
278.0 331.0 1.6049710504110926 4.746563704000886 68.0 
278.0 332.0 1.6049710504110926 4.746563704000886 68.0 
278.0 333.0 1.6049710504110926 4.746563704000886 68.0 
278.0 334.0 1.6049710504110926 4.746563704000886 68.0 
278.0 335.0 1.6049710504110926 4.746563704000886 68.0 
278.0 336.0 1.6049710504110926 4.746563704000886 68.0 
278.0 337.0 1.6049710504110926 4.746563704000886 68.0 
278.0 338.0 1.6049710504110926 4.746563704000886 68.0 
278.0 339.0 1.6049710504110926 4.746563704000886 68.0 
278.0 340.0 1.6049710504110926 4.746563704000886 68.0 
278.0 341.0 1.6049710504110926 4.746563704000886 68.0 
278.0 342.0 1.6049710504110926 4.746563704000886 68.0 
278.0 343.0 1.6049710504110926 4.746563704000886 68.0 
278.0 344.0 1.6049710504110926 4.746563704000886 68.0 
278.0 345.0 1.6049710504110926 4.746563704000886 68.0 
278.0 346.0 1.6049710504110926 4.746563704000886 68.0 
278.0 347.0 1.6049710504110926 4.746563704000886 68.0 
278.0 348.0 1.6049710504110926 4.746563704000886 68.0 
278.0 349.0 1.6049710504110926 4.746563704000886 68.0 
278.0 350.0 1.6049710504110926 4.746563704000886 68.0 
278.0 351.0 1.6049710504110926 4.746563704000886 68.0 
278.0 352.0 1.6049710504110926 4.746563704000886 68.0 
278.0 353.0 1.6049710504110926 4.746563704000886 68.0 
278.0 354.0 1.6049710504110926 4.746563704000886 68.0 
278.0 355.0 1.6049710504110926 4.746563704000886 68.0 
278.0 356.0 1.6049710504110926 4.746563704000886 68.0 
278.0 357.0 1.6049710504110926 4.746563704000886 68.0 
278.0 358.0 1.6049710504110926 4.746563704000886 68.0 
278.0 359.0 1.6049710504110926 4.746563704000886 68.0 
278.0 360.0 1.6049710504110926 4.746563704000886 68.0 
278.0 361.0 1.6049710504110926 4.746563704000886 68.0 
278.0 362.0 1.6049710504110926 4.746563704000886 68.0 
278.0 363.0 1.6049710504110926 4.746563704000886 68.0 
278.0 364.0 1.6049710504110926 4.746563704000886 68.0 
278.0 365.0 1.6049710504110926 4.746563704000886 68.0 
278.0 366.0 1.6049710504110926 4.746563704000886 68.0 
279.0 249.0 1.6049710504110926 4.746563704000886 68.0 
279.0 250.0 1.6049710504110926 4.746563704000886 68.0 
279.0 251.0 1.6049710504110926 4.746563704000886 68.0 
279.0 252.0 1.6049710504110926 4.746563704000886 68.0 
279.0 253.0 1.6049710504110926 4.746563704000886 68.0 
279.0 254.0 1.6049710504110926 4.746563704000886 68.0 
279.0 255.0 1.6049710504110926 4.746563704000886 68.0 
279.0 256.0 1.6049710504110926 4.746563704000886 68.0 
279.0 257.0 1.6049710504110926 4.746563704000886 68.0 
279.0 258.0 1.6049710504110926 4.746563704000886 68.0 
279.0 259.0 1.6049710504110926 4.746563704000886 68.0 
279.0 260.0 1.6049710504110926 4.746563704000886 68.0 
279.0 261.0 1.6049710504110926 4.746563704000886 68.0 
279.0 262.0 1.6049710504110926 4.746563704000886 68.0 
279.0 263.0 1.6049710504110926 4.746563704000886 68.0 
279.0 264.0 1.6049710504110926 4.746563704000886 68.0 
279.0 265.0 1.6049710504110926 4.746563704000886 68.0 
279.0 266.0 1.6049710504110926 4.746563704000886 68.0 
279.0 267.0 1.6049710504110926 4.746563704000886 68.0 
279.0 268.0 1.6049710504110926 4.746563704000886 68.0 
279.0 269.0 1.6049710504110926 4.746563704000886 68.0 
279.0 270.0 1.6049710504110926 4.746563704000886 68.0 
279.0 271.0 1.6049710504110926 4.746563704000886 68.0 
279.0 272.0 1.6049710504110926 4.746563704000886 68.0 
279.0 273.0 1.6049710504110926 4.746563704000886 68.0 
279.0 274.0 1.6049710504110926 4.746563704000886 68.0 
279.0 275.0 1.6049710504110926 4.746563704000886 68.0 
279.0 276.0 1.6049710504110926 4.746563704000886 68.0 
279.0 277.0 1.6049710504110926 4.746563704000886 68.0 
279.0 278.0 1.6049710504110926 4.746563704000886 68.0 
279.0 279.0 1.6049710504110926 4.746563704000886 68.0 
279.0 280.0 1.6049710504110926 4.746563704000886 68.0 
279.0 281.0 1.6049710504110926 4.746563704000886 68.0 
279.0 282.0 1.6049710504110926 4.746563704000886 68.0 
279.0 283.0 1.6049710504110926 4.746563704000886 68.0 
279.0 284.0 1.6049710504110926 4.746563704000886 68.0 
279.0 285.0 1.6049710504110926 4.746563704000886 68.0 
279.0 286.0 1.6049710504110926 4.746563704000886 68.0 
279.0 287.0 1.6049710504110926 4.746563704000886 68.0 
279.0 288.0 1.6049710504110926 4.746563704000886 68.0 
279.0 289.0 1.6049710504110926 4.746563704000886 68.0 
279.0 290.0 1.6049710504110926 4.746563704000886 68.0 
279.0 291.0 1.6049710504110926 4.746563704000886 68.0 
279.0 292.0 1.6049710504110926 4.746563704000886 68.0 
279.0 293.0 1.6049710504110926 4.746563704000886 68.0 
279.0 294.0 1.6049710504110926 4.746563704000886 68.0 
279.0 295.0 1.6049710504110926 4.746563704000886 68.0 
279.0 296.0 1.6049710504110926 4.746563704000886 68.0 
279.0 297.0 1.6049710504110926 4.746563704000886 68.0 
279.0 298.0 1.6049710504110926 4.746563704000886 68.0 
279.0 299.0 1.6049710504110926 4.746563704000886 68.0 
279.0 300.0 1.6049710504110926 4.746563704000886 68.0 
279.0 301.0 1.6049710504110926 4.746563704000886 68.0 
279.0 302.0 1.6049710504110926 4.746563704000886 68.0 
279.0 303.0 1.6049710504110926 4.746563704000886 68.0 
279.0 304.0 1.6049710504110926 4.746563704000886 68.0 
279.0 305.0 1.6049710504110926 4.746563704000886 68.0 
279.0 306.0 1.6049710504110926 4.746563704000886 68.0 
279.0 307.0 1.6049710504110926 4.746563704000886 68.0 
279.0 308.0 1.6049710504110926 4.746563704000886 68.0 
279.0 309.0 1.6049710504110926 4.746563704000886 68.0 
279.0 310.0 1.6049710504110926 4.746563704000886 68.0 
279.0 311.0 1.6049710504110926 4.746563704000886 68.0 
279.0 312.0 1.6049710504110926 4.746563704000886 68.0 
279.0 313.0 1.6049710504110926 4.746563704000886 68.0 
279.0 314.0 1.6049710504110926 4.746563704000886 68.0 
279.0 315.0 1.6049710504110926 4.746563704000886 68.0 
279.0 316.0 1.6049710504110926 4.746563704000886 68.0 
279.0 317.0 1.6049710504110926 4.746563704000886 68.0 
279.0 318.0 1.6049710504110926 4.746563704000886 68.0 
279.0 319.0 1.6049710504110926 4.746563704000886 68.0 
279.0 320.0 1.6049710504110926 4.746563704000886 68.0 
279.0 321.0 1.6049710504110926 4.746563704000886 68.0 
279.0 322.0 1.6049710504110926 4.746563704000886 68.0 
279.0 323.0 1.6049710504110926 4.746563704000886 68.0 
279.0 324.0 1.6049710504110926 4.746563704000886 68.0 
279.0 325.0 1.6049710504110926 4.746563704000886 68.0 
279.0 326.0 1.6049710504110926 4.746563704000886 68.0 
279.0 327.0 1.6049710504110926 4.746563704000886 68.0 
279.0 328.0 1.6049710504110926 4.746563704000886 68.0 
279.0 329.0 1.6049710504110926 4.746563704000886 68.0 
279.0 330.0 1.6049710504110926 4.746563704000886 68.0 
279.0 331.0 1.6049710504110926 4.746563704000886 68.0 
279.0 332.0 1.6049710504110926 4.746563704000886 68.0 
279.0 333.0 1.6049710504110926 4.746563704000886 68.0 
279.0 334.0 1.6049710504110926 4.746563704000886 68.0 
279.0 335.0 1.6049710504110926 4.746563704000886 68.0 
279.0 336.0 1.6049710504110926 4.746563704000886 68.0 
280.0 250.0 1.6049710504110926 4.746563704000886 68.0 
280.0 251.0 1.6049710504110926 4.746563704000886 68.0 
280.0 252.0 1.6049710504110926 4.746563704000886 68.0 
280.0 253.0 1.6049710504110926 4.746563704000886 68.0 
280.0 254.0 1.6049710504110926 4.746563704000886 68.0 
280.0 255.0 1.6049710504110926 4.746563704000886 68.0 
280.0 256.0 1.6049710504110926 4.746563704000886 68.0 
280.0 257.0 1.6049710504110926 4.746563704000886 68.0 
280.0 258.0 1.6049710504110926 4.746563704000886 68.0 
280.0 259.0 1.6049710504110926 4.746563704000886 68.0 
280.0 260.0 1.6049710504110926 4.746563704000886 68.0 
280.0 261.0 1.6049710504110926 4.746563704000886 68.0 
280.0 262.0 1.6049710504110926 4.746563704000886 68.0 
280.0 263.0 1.6049710504110926 4.746563704000886 68.0 
280.0 264.0 1.6049710504110926 4.746563704000886 68.0 
280.0 265.0 1.6049710504110926 4.746563704000886 68.0 
280.0 266.0 1.6049710504110926 4.746563704000886 68.0 
280.0 267.0 1.6049710504110926 4.746563704000886 68.0 
280.0 268.0 1.6049710504110926 4.746563704000886 68.0 
280.0 269.0 1.6049710504110926 4.746563704000886 68.0 
280.0 270.0 1.6049710504110926 4.746563704000886 68.0 
280.0 271.0 1.6049710504110926 4.746563704000886 68.0 
280.0 272.0 1.6049710504110926 4.746563704000886 68.0 
280.0 273.0 1.6049710504110926 4.746563704000886 68.0 
280.0 274.0 1.6049710504110926 4.746563704000886 68.0 
280.0 275.0 1.6049710504110926 4.746563704000886 68.0 
280.0 276.0 1.6049710504110926 4.746563704000886 68.0 
280.0 277.0 1.6049710504110926 4.746563704000886 68.0 
280.0 278.0 1.6049710504110926 4.746563704000886 68.0 
280.0 279.0 1.6049710504110926 4.746563704000886 68.0 
280.0 280.0 1.6049710504110926 4.746563704000886 68.0 
280.0 281.0 1.6049710504110926 4.746563704000886 68.0 
280.0 282.0 1.6049710504110926 4.746563704000886 68.0 
280.0 283.0 1.6049710504110926 4.746563704000886 68.0 
280.0 284.0 1.6049710504110926 4.746563704000886 68.0 
280.0 285.0 1.6049710504110926 4.746563704000886 68.0 
280.0 286.0 1.6049710504110926 4.746563704000886 68.0 
280.0 287.0 1.6049710504110926 4.746563704000886 68.0 
280.0 288.0 1.6049710504110926 4.746563704000886 68.0 
280.0 289.0 1.6049710504110926 4.746563704000886 68.0 
280.0 290.0 1.6049710504110926 4.746563704000886 68.0 
280.0 291.0 1.6049710504110926 4.746563704000886 68.0 
280.0 292.0 1.6049710504110926 4.746563704000886 68.0 
280.0 293.0 1.6049710504110926 4.746563704000886 68.0 
280.0 294.0 1.6049710504110926 4.746563704000886 68.0 
280.0 295.0 1.6049710504110926 4.746563704000886 68.0 
280.0 296.0 1.6049710504110926 4.746563704000886 68.0 
280.0 297.0 1.6049710504110926 4.746563704000886 68.0 
280.0 298.0 1.6049710504110926 4.746563704000886 68.0 
280.0 299.0 1.6049710504110926 4.746563704000886 68.0 
280.0 300.0 1.6049710504110926 4.746563704000886 68.0 
280.0 301.0 1.6049710504110926 4.746563704000886 68.0 
280.0 302.0 1.6049710504110926 4.746563704000886 68.0 
280.0 303.0 1.6049710504110926 4.746563704000886 68.0 
280.0 304.0 1.6049710504110926 4.746563704000886 68.0 
280.0 305.0 1.6049710504110926 4.746563704000886 68.0 
280.0 306.0 1.6049710504110926 4.746563704000886 68.0 
280.0 307.0 1.6049710504110926 4.746563704000886 68.0 
281.0 250.0 1.6049710504110926 4.746563704000886 68.0 
281.0 251.0 1.6049710504110926 4.746563704000886 68.0 
281.0 252.0 1.6049710504110926 4.746563704000886 68.0 
281.0 253.0 1.6049710504110926 4.746563704000886 68.0 
281.0 254.0 1.6049710504110926 4.746563704000886 68.0 
281.0 255.0 1.6049710504110926 4.746563704000886 68.0 
281.0 256.0 1.6049710504110926 4.746563704000886 68.0 
281.0 257.0 1.6049710504110926 4.746563704000886 68.0 
281.0 258.0 1.6049710504110926 4.746563704000886 68.0 
281.0 259.0 1.6049710504110926 4.746563704000886 68.0 
281.0 260.0 1.6049710504110926 4.746563704000886 68.0 
281.0 261.0 1.6049710504110926 4.746563704000886 68.0 
281.0 262.0 1.6049710504110926 4.746563704000886 68.0 
281.0 263.0 1.6049710504110926 4.746563704000886 68.0 
281.0 264.0 1.6049710504110926 4.746563704000886 68.0 
281.0 265.0 1.6049710504110926 4.746563704000886 68.0 
281.0 266.0 1.6049710504110926 4.746563704000886 68.0 
281.0 267.0 1.6049710504110926 4.746563704000886 68.0 
281.0 268.0 1.6049710504110926 4.746563704000886 68.0 
281.0 269.0 1.6049710504110926 4.746563704000886 68.0 
281.0 270.0 1.6049710504110926 4.746563704000886 68.0 
281.0 271.0 1.6049710504110926 4.746563704000886 68.0 
281.0 272.0 1.6049710504110926 4.746563704000886 68.0 
281.0 273.0 1.6049710504110926 4.746563704000886 68.0 
281.0 274.0 1.6049710504110926 4.746563704000886 68.0 
281.0 275.0 1.6049710504110926 4.746563704000886 68.0 
281.0 276.0 1.6049710504110926 4.746563704000886 68.0 
281.0 277.0 1.6049710504110926 4.746563704000886 68.0 
281.0 278.0 1.6049710504110926 4.746563704000886 68.0 
