146.0 273.0 4.635617089114911 1.494024435525118 44.0 
146.0 274.0 4.635617089114911 1.494024435525118 44.0 
146.0 275.0 4.635617089114911 1.494024435525118 44.0 
146.0 276.0 4.635617089114911 1.494024435525118 44.0 
146.0 277.0 4.635617089114911 1.494024435525118 44.0 
146.0 278.0 4.635617089114911 1.494024435525118 44.0 
146.0 279.0 4.635617089114911 1.494024435525118 44.0 
146.0 280.0 4.635617089114911 1.494024435525118 44.0 
146.0 281.0 4.635617089114911 1.494024435525118 44.0 
146.0 282.0 4.635617089114911 1.494024435525118 44.0 
146.0 283.0 4.635617089114911 1.494024435525118 44.0 
146.0 284.0 4.635617089114911 1.494024435525118 44.0 
146.0 285.0 4.635617089114911 1.494024435525118 44.0 
147.0 273.0 4.635617089114911 1.494024435525118 44.0 
147.0 274.0 4.635617089114911 1.494024435525118 44.0 
147.0 275.0 4.635617089114911 1.494024435525118 44.0 
147.0 276.0 4.635617089114911 1.494024435525118 44.0 
147.0 277.0 4.635617089114911 1.494024435525118 44.0 
147.0 278.0 4.635617089114911 1.494024435525118 44.0 
147.0 279.0 4.635617089114911 1.494024435525118 44.0 
147.0 280.0 4.635617089114911 1.494024435525118 44.0 
147.0 281.0 4.635617089114911 1.494024435525118 44.0 
147.0 282.0 4.635617089114911 1.494024435525118 44.0 
147.0 283.0 4.635617089114911 1.494024435525118 44.0 
147.0 284.0 4.635617089114911 1.494024435525118 44.0 
147.0 285.0 4.635617089114911 1.494024435525118 44.0 
147.0 286.0 4.635617089114911 1.494024435525118 44.0 
147.0 287.0 4.635617089114911 1.494024435525118 44.0 
147.0 288.0 4.635617089114911 1.494024435525118 44.0 
147.0 289.0 4.635617089114911 1.494024435525118 44.0 
147.0 290.0 4.635617089114911 1.494024435525118 44.0 
147.0 291.0 4.635617089114911 1.494024435525118 44.0 
147.0 292.0 4.635617089114911 1.494024435525118 44.0 
147.0 293.0 4.635617089114911 1.494024435525118 44.0 
147.0 294.0 4.635617089114911 1.494024435525118 44.0 
147.0 295.0 4.635617089114911 1.494024435525118 44.0 
147.0 296.0 4.635617089114911 1.494024435525118 44.0 
147.0 297.0 4.635617089114911 1.494024435525118 44.0 
147.0 298.0 4.635617089114911 1.494024435525118 44.0 
148.0 272.0 4.635617089114911 1.494024435525118 44.0 
148.0 273.0 4.635617089114911 1.494024435525118 44.0 
148.0 274.0 4.635617089114911 1.494024435525118 44.0 
148.0 275.0 4.635617089114911 1.494024435525118 44.0 
148.0 276.0 4.635617089114911 1.494024435525118 44.0 
148.0 277.0 4.635617089114911 1.494024435525118 44.0 
148.0 278.0 4.635617089114911 1.494024435525118 44.0 
148.0 279.0 4.635617089114911 1.494024435525118 44.0 
148.0 280.0 4.635617089114911 1.494024435525118 44.0 
148.0 281.0 4.635617089114911 1.494024435525118 44.0 
148.0 282.0 4.635617089114911 1.494024435525118 44.0 
148.0 283.0 4.635617089114911 1.494024435525118 44.0 
148.0 284.0 4.635617089114911 1.494024435525118 44.0 
148.0 285.0 4.635617089114911 1.494024435525118 44.0 
148.0 286.0 4.635617089114911 1.494024435525118 44.0 
148.0 287.0 4.635617089114911 1.494024435525118 44.0 
148.0 288.0 4.635617089114911 1.494024435525118 44.0 
148.0 289.0 4.635617089114911 1.494024435525118 44.0 
148.0 290.0 4.635617089114911 1.494024435525118 44.0 
148.0 291.0 4.635617089114911 1.494024435525118 44.0 
148.0 292.0 4.635617089114911 1.494024435525118 44.0 
148.0 293.0 4.635617089114911 1.494024435525118 44.0 
148.0 294.0 4.635617089114911 1.494024435525118 44.0 
148.0 295.0 4.635617089114911 1.494024435525118 44.0 
148.0 296.0 4.635617089114911 1.494024435525118 44.0 
148.0 297.0 4.635617089114911 1.494024435525118 44.0 
148.0 298.0 4.635617089114911 1.494024435525118 44.0 
148.0 299.0 4.635617089114911 1.494024435525118 44.0 
148.0 300.0 4.635617089114911 1.494024435525118 44.0 
148.0 301.0 4.635617089114911 1.494024435525118 44.0 
148.0 302.0 4.635617089114911 1.494024435525118 44.0 
148.0 303.0 4.635617089114911 1.494024435525118 44.0 
148.0 304.0 4.635617089114911 1.494024435525118 44.0 
148.0 305.0 4.635617089114911 1.494024435525118 44.0 
148.0 306.0 4.635617089114911 1.494024435525118 44.0 
148.0 307.0 4.635617089114911 1.494024435525118 44.0 
148.0 308.0 4.635617089114911 1.494024435525118 44.0 
148.0 309.0 4.635617089114911 1.494024435525118 44.0 
148.0 310.0 4.635617089114911 1.494024435525118 44.0 
148.0 311.0 4.635617089114911 1.494024435525118 44.0 
149.0 272.0 4.635617089114911 1.494024435525118 44.0 
149.0 273.0 4.635617089114911 1.494024435525118 44.0 
149.0 274.0 4.635617089114911 1.494024435525118 44.0 
149.0 275.0 4.635617089114911 1.494024435525118 44.0 
149.0 276.0 4.635617089114911 1.494024435525118 44.0 
149.0 277.0 4.635617089114911 1.494024435525118 44.0 
149.0 278.0 4.635617089114911 1.494024435525118 44.0 
149.0 279.0 4.635617089114911 1.494024435525118 44.0 
149.0 280.0 4.635617089114911 1.494024435525118 44.0 
149.0 281.0 4.635617089114911 1.494024435525118 44.0 
149.0 282.0 4.635617089114911 1.494024435525118 44.0 
149.0 283.0 4.635617089114911 1.494024435525118 44.0 
149.0 284.0 4.635617089114911 1.494024435525118 44.0 
149.0 285.0 4.635617089114911 1.494024435525118 44.0 
149.0 286.0 4.635617089114911 1.494024435525118 44.0 
149.0 287.0 4.635617089114911 1.494024435525118 44.0 
149.0 288.0 4.635617089114911 1.494024435525118 44.0 
149.0 289.0 4.635617089114911 1.494024435525118 44.0 
149.0 290.0 4.635617089114911 1.494024435525118 44.0 
149.0 291.0 4.635617089114911 1.494024435525118 44.0 
149.0 292.0 4.635617089114911 1.494024435525118 44.0 
149.0 293.0 4.635617089114911 1.494024435525118 44.0 
149.0 294.0 4.635617089114911 1.494024435525118 44.0 
149.0 295.0 4.635617089114911 1.494024435525118 44.0 
149.0 296.0 4.635617089114911 1.494024435525118 44.0 
149.0 297.0 4.635617089114911 1.494024435525118 44.0 
149.0 298.0 4.635617089114911 1.494024435525118 44.0 
149.0 299.0 4.635617089114911 1.494024435525118 44.0 
149.0 300.0 4.635617089114911 1.494024435525118 44.0 
149.0 301.0 4.635617089114911 1.494024435525118 44.0 
149.0 302.0 4.635617089114911 1.494024435525118 44.0 
149.0 303.0 4.635617089114911 1.494024435525118 44.0 
149.0 304.0 4.635617089114911 1.494024435525118 44.0 
149.0 305.0 4.635617089114911 1.494024435525118 44.0 
149.0 306.0 4.635617089114911 1.494024435525118 44.0 
149.0 307.0 4.635617089114911 1.494024435525118 44.0 
149.0 308.0 4.635617089114911 1.494024435525118 44.0 
149.0 309.0 4.635617089114911 1.494024435525118 44.0 
149.0 310.0 4.635617089114911 1.494024435525118 44.0 
149.0 311.0 4.635617089114911 1.494024435525118 44.0 
150.0 272.0 4.635617089114911 1.494024435525118 44.0 
150.0 273.0 4.635617089114911 1.494024435525118 44.0 
150.0 274.0 4.635617089114911 1.494024435525118 44.0 
150.0 275.0 4.635617089114911 1.494024435525118 44.0 
150.0 276.0 4.635617089114911 1.494024435525118 44.0 
150.0 277.0 4.635617089114911 1.494024435525118 44.0 
150.0 278.0 4.635617089114911 1.494024435525118 44.0 
150.0 279.0 4.635617089114911 1.494024435525118 44.0 
150.0 280.0 4.635617089114911 1.494024435525118 44.0 
150.0 281.0 4.635617089114911 1.494024435525118 44.0 
150.0 282.0 4.635617089114911 1.494024435525118 44.0 
150.0 283.0 4.635617089114911 1.494024435525118 44.0 
150.0 284.0 4.635617089114911 1.494024435525118 44.0 
150.0 285.0 4.635617089114911 1.494024435525118 44.0 
150.0 286.0 4.635617089114911 1.494024435525118 44.0 
150.0 287.0 4.635617089114911 1.494024435525118 44.0 
150.0 288.0 4.635617089114911 1.494024435525118 44.0 
150.0 289.0 4.635617089114911 1.494024435525118 44.0 
150.0 290.0 4.635617089114911 1.494024435525118 44.0 
150.0 291.0 4.635617089114911 1.494024435525118 44.0 
150.0 292.0 4.635617089114911 1.494024435525118 44.0 
150.0 293.0 4.635617089114911 1.494024435525118 44.0 
150.0 294.0 4.635617089114911 1.494024435525118 44.0 
150.0 295.0 4.635617089114911 1.494024435525118 44.0 
150.0 296.0 4.635617089114911 1.494024435525118 44.0 
150.0 297.0 4.635617089114911 1.494024435525118 44.0 
150.0 298.0 4.635617089114911 1.494024435525118 44.0 
150.0 299.0 4.635617089114911 1.494024435525118 44.0 
150.0 300.0 4.635617089114911 1.494024435525118 44.0 
150.0 301.0 4.635617089114911 1.494024435525118 44.0 
150.0 302.0 4.635617089114911 1.494024435525118 44.0 
150.0 303.0 4.635617089114911 1.494024435525118 44.0 
150.0 304.0 4.635617089114911 1.494024435525118 44.0 
150.0 305.0 4.635617089114911 1.494024435525118 44.0 
150.0 306.0 4.635617089114911 1.494024435525118 44.0 
150.0 307.0 4.635617089114911 1.494024435525118 44.0 
150.0 308.0 4.635617089114911 1.494024435525118 44.0 
150.0 309.0 4.635617089114911 1.494024435525118 44.0 
150.0 310.0 4.635617089114911 1.494024435525118 44.0 
150.0 311.0 4.635617089114911 1.494024435525118 44.0 
151.0 272.0 4.635617089114911 1.494024435525118 44.0 
151.0 273.0 4.635617089114911 1.494024435525118 44.0 
151.0 274.0 4.635617089114911 1.494024435525118 44.0 
151.0 275.0 4.635617089114911 1.494024435525118 44.0 
151.0 276.0 4.635617089114911 1.494024435525118 44.0 
151.0 277.0 4.635617089114911 1.494024435525118 44.0 
151.0 278.0 4.635617089114911 1.494024435525118 44.0 
151.0 279.0 4.635617089114911 1.494024435525118 44.0 
151.0 280.0 4.635617089114911 1.494024435525118 44.0 
151.0 281.0 4.635617089114911 1.494024435525118 44.0 
151.0 282.0 4.635617089114911 1.494024435525118 44.0 
151.0 283.0 4.635617089114911 1.494024435525118 44.0 
151.0 284.0 4.635617089114911 1.494024435525118 44.0 
151.0 285.0 4.635617089114911 1.494024435525118 44.0 
151.0 286.0 4.635617089114911 1.494024435525118 44.0 
151.0 287.0 4.635617089114911 1.494024435525118 44.0 
151.0 288.0 4.635617089114911 1.494024435525118 44.0 
151.0 289.0 4.635617089114911 1.494024435525118 44.0 
151.0 290.0 4.635617089114911 1.494024435525118 44.0 
151.0 291.0 4.635617089114911 1.494024435525118 44.0 
151.0 292.0 4.635617089114911 1.494024435525118 44.0 
151.0 293.0 4.635617089114911 1.494024435525118 44.0 
151.0 294.0 4.635617089114911 1.494024435525118 44.0 
151.0 295.0 4.635617089114911 1.494024435525118 44.0 
151.0 296.0 4.635617089114911 1.494024435525118 44.0 
151.0 297.0 4.635617089114911 1.494024435525118 44.0 
151.0 298.0 4.635617089114911 1.494024435525118 44.0 
151.0 299.0 4.635617089114911 1.494024435525118 44.0 
151.0 300.0 4.635617089114911 1.494024435525118 44.0 
151.0 301.0 4.635617089114911 1.494024435525118 44.0 
151.0 302.0 4.635617089114911 1.494024435525118 44.0 
151.0 303.0 4.635617089114911 1.494024435525118 44.0 
151.0 304.0 4.635617089114911 1.494024435525118 44.0 
151.0 305.0 4.635617089114911 1.494024435525118 44.0 
151.0 306.0 4.635617089114911 1.494024435525118 44.0 
151.0 307.0 4.635617089114911 1.494024435525118 44.0 
151.0 308.0 4.635617089114911 1.494024435525118 44.0 
151.0 309.0 4.635617089114911 1.494024435525118 44.0 
151.0 310.0 4.635617089114911 1.494024435525118 44.0 
152.0 285.0 4.635617089114911 1.494024435525118 44.0 
152.0 286.0 4.635617089114911 1.494024435525118 44.0 
152.0 287.0 4.635617089114911 1.494024435525118 44.0 
152.0 288.0 4.635617089114911 1.494024435525118 44.0 
152.0 289.0 4.635617089114911 1.494024435525118 44.0 
152.0 290.0 4.635617089114911 1.494024435525118 44.0 
152.0 291.0 4.635617089114911 1.494024435525118 44.0 
152.0 292.0 4.635617089114911 1.494024435525118 44.0 
152.0 293.0 4.635617089114911 1.494024435525118 44.0 
152.0 294.0 4.635617089114911 1.494024435525118 44.0 
152.0 295.0 4.635617089114911 1.494024435525118 44.0 
152.0 296.0 4.635617089114911 1.494024435525118 44.0 
152.0 297.0 4.635617089114911 1.494024435525118 44.0 
152.0 298.0 4.635617089114911 1.494024435525118 44.0 
152.0 299.0 4.635617089114911 1.494024435525118 44.0 
152.0 300.0 4.635617089114911 1.494024435525118 44.0 
152.0 301.0 4.635617089114911 1.494024435525118 44.0 
152.0 302.0 4.635617089114911 1.494024435525118 44.0 
152.0 303.0 4.635617089114911 1.494024435525118 44.0 
152.0 304.0 4.635617089114911 1.494024435525118 44.0 
152.0 305.0 4.635617089114911 1.494024435525118 44.0 
152.0 306.0 4.635617089114911 1.494024435525118 44.0 
152.0 307.0 4.635617089114911 1.494024435525118 44.0 
152.0 308.0 4.635617089114911 1.494024435525118 44.0 
152.0 309.0 4.635617089114911 1.494024435525118 44.0 
152.0 310.0 4.635617089114911 1.494024435525118 44.0 
153.0 298.0 4.635617089114911 1.494024435525118 44.0 
153.0 299.0 4.635617089114911 1.494024435525118 44.0 
153.0 300.0 4.635617089114911 1.494024435525118 44.0 
153.0 301.0 4.635617089114911 1.494024435525118 44.0 
153.0 302.0 4.635617089114911 1.494024435525118 44.0 
153.0 303.0 4.635617089114911 1.494024435525118 44.0 
153.0 304.0 4.635617089114911 1.494024435525118 44.0 
153.0 305.0 4.635617089114911 1.494024435525118 44.0 
153.0 306.0 4.635617089114911 1.494024435525118 44.0 
153.0 307.0 4.635617089114911 1.494024435525118 44.0 
153.0 308.0 4.635617089114911 1.494024435525118 44.0 
153.0 309.0 4.635617089114911 1.494024435525118 44.0 
153.0 310.0 4.635617089114911 1.494024435525118 44.0 
149.0 318.0 3.9269908169872414 0.7853981633974483 40.0 
150.0 317.0 3.9269908169872414 0.7853981633974483 40.0 
150.0 318.0 3.9269908169872414 0.7853981633974483 40.0 
150.0 319.0 3.9269908169872414 0.7853981633974483 40.0 
151.0 316.0 3.9269908169872414 0.7853981633974483 40.0 
151.0 317.0 3.9269908169872414 0.7853981633974483 40.0 
151.0 318.0 3.9269908169872414 0.7853981633974483 40.0 
151.0 319.0 3.9269908169872414 0.7853981633974483 40.0 
151.0 320.0 3.9269908169872414 0.7853981633974483 40.0 
152.0 315.0 3.9269908169872414 0.7853981633974483 40.0 
152.0 316.0 3.9269908169872414 0.7853981633974483 40.0 
152.0 317.0 3.9269908169872414 0.7853981633974483 40.0 
152.0 318.0 3.9269908169872414 0.7853981633974483 40.0 
152.0 319.0 3.9269908169872414 0.7853981633974483 40.0 
152.0 320.0 3.9269908169872414 0.7853981633974483 40.0 
152.0 321.0 3.9269908169872414 0.7853981633974483 40.0 
153.0 314.0 3.9269908169872414 0.7853981633974483 40.0 
153.0 315.0 3.9269908169872414 0.7853981633974483 40.0 
153.0 316.0 3.9269908169872414 0.7853981633974483 40.0 
153.0 317.0 3.9269908169872414 0.7853981633974483 40.0 
153.0 318.0 3.9269908169872414 0.7853981633974483 40.0 
153.0 319.0 3.9269908169872414 0.7853981633974483 40.0 
153.0 320.0 3.9269908169872414 0.7853981633974483 40.0 
153.0 321.0 3.9269908169872414 0.7853981633974483 40.0 
153.0 322.0 3.9269908169872414 0.7853981633974483 40.0 
154.0 315.0 3.9269908169872414 0.7853981633974483 40.0 
154.0 316.0 3.9269908169872414 0.7853981633974483 40.0 
154.0 317.0 3.9269908169872414 0.7853981633974483 40.0 
154.0 318.0 3.9269908169872414 0.7853981633974483 40.0 
154.0 319.0 3.9269908169872414 0.7853981633974483 40.0 
154.0 320.0 3.9269908169872414 0.7853981633974483 40.0 
154.0 321.0 3.9269908169872414 0.7853981633974483 40.0 
154.0 322.0 3.9269908169872414 0.7853981633974483 40.0 
154.0 323.0 3.9269908169872414 0.7853981633974483 40.0 
155.0 316.0 3.9269908169872414 0.7853981633974483 40.0 
155.0 317.0 3.9269908169872414 0.7853981633974483 40.0 
155.0 318.0 3.9269908169872414 0.7853981633974483 40.0 
155.0 319.0 3.9269908169872414 0.7853981633974483 40.0 
155.0 320.0 3.9269908169872414 0.7853981633974483 40.0 
155.0 321.0 3.9269908169872414 0.7853981633974483 40.0 
155.0 322.0 3.9269908169872414 0.7853981633974483 40.0 
155.0 323.0 3.9269908169872414 0.7853981633974483 40.0 
155.0 324.0 3.9269908169872414 0.7853981633974483 40.0 
156.0 317.0 3.9269908169872414 0.7853981633974483 40.0 
156.0 318.0 3.9269908169872414 0.7853981633974483 40.0 
156.0 319.0 3.9269908169872414 0.7853981633974483 40.0 
156.0 320.0 3.9269908169872414 0.7853981633974483 40.0 
156.0 321.0 3.9269908169872414 0.7853981633974483 40.0 
156.0 322.0 3.9269908169872414 0.7853981633974483 40.0 
156.0 323.0 3.9269908169872414 0.7853981633974483 40.0 
156.0 324.0 3.9269908169872414 0.7853981633974483 40.0 
156.0 325.0 3.9269908169872414 0.7853981633974483 40.0 
157.0 318.0 3.9269908169872414 0.7853981633974483 40.0 
157.0 319.0 3.9269908169872414 0.7853981633974483 40.0 
157.0 320.0 3.9269908169872414 0.7853981633974483 40.0 
157.0 321.0 3.9269908169872414 0.7853981633974483 40.0 
157.0 322.0 3.9269908169872414 0.7853981633974483 40.0 
157.0 323.0 3.9269908169872414 0.7853981633974483 40.0 
157.0 324.0 3.9269908169872414 0.7853981633974483 40.0 
157.0 325.0 3.9269908169872414 0.7853981633974483 40.0 
157.0 326.0 3.9269908169872414 0.7853981633974483 40.0 
158.0 319.0 3.9269908169872414 0.7853981633974483 40.0 
158.0 320.0 3.9269908169872414 0.7853981633974483 40.0 
158.0 321.0 3.9269908169872414 0.7853981633974483 40.0 
158.0 322.0 3.9269908169872414 0.7853981633974483 40.0 
158.0 323.0 3.9269908169872414 0.7853981633974483 40.0 
158.0 324.0 3.9269908169872414 0.7853981633974483 40.0 
158.0 325.0 3.9269908169872414 0.7853981633974483 40.0 
158.0 326.0 3.9269908169872414 0.7853981633974483 40.0 
158.0 327.0 3.9269908169872414 0.7853981633974483 40.0 
159.0 320.0 3.9269908169872414 0.7853981633974483 40.0 
159.0 321.0 3.9269908169872414 0.7853981633974483 40.0 
159.0 322.0 3.9269908169872414 0.7853981633974483 40.0 
159.0 323.0 3.9269908169872414 0.7853981633974483 40.0 
159.0 324.0 3.9269908169872414 0.7853981633974483 40.0 
159.0 325.0 3.9269908169872414 0.7853981633974483 40.0 
159.0 326.0 3.9269908169872414 0.7853981633974483 40.0 
159.0 327.0 3.9269908169872414 0.7853981633974483 40.0 
159.0 328.0 3.9269908169872414 0.7853981633974483 40.0 
160.0 321.0 3.9269908169872414 0.7853981633974483 40.0 
160.0 322.0 3.9269908169872414 0.7853981633974483 40.0 
160.0 323.0 3.9269908169872414 0.7853981633974483 40.0 
160.0 324.0 3.9269908169872414 0.7853981633974483 40.0 
160.0 325.0 3.9269908169872414 0.7853981633974483 40.0 
160.0 326.0 3.9269908169872414 0.7853981633974483 40.0 
160.0 327.0 3.9269908169872414 0.7853981633974483 40.0 
160.0 328.0 3.9269908169872414 0.7853981633974483 40.0 
161.0 322.0 3.9269908169872414 0.7853981633974483 40.0 
161.0 323.0 3.9269908169872414 0.7853981633974483 40.0 
161.0 324.0 3.9269908169872414 0.7853981633974483 40.0 
161.0 325.0 3.9269908169872414 0.7853981633974483 40.0 
161.0 326.0 3.9269908169872414 0.7853981633974483 40.0 
161.0 327.0 3.9269908169872414 0.7853981633974483 40.0 
162.0 323.0 3.9269908169872414 0.7853981633974483 40.0 
162.0 324.0 3.9269908169872414 0.7853981633974483 40.0 
162.0 325.0 3.9269908169872414 0.7853981633974483 40.0 
162.0 326.0 3.9269908169872414 0.7853981633974483 40.0 
163.0 324.0 3.9269908169872414 0.7853981633974483 40.0 
163.0 325.0 3.9269908169872414 0.7853981633974483 40.0 
163.0 329.0 4.588033985837929 1.446441332248136 40.0 
163.0 330.0 4.588033985837929 1.446441332248136 40.0 
163.0 331.0 4.588033985837929 1.446441332248136 40.0 
163.0 332.0 4.588033985837929 1.446441332248136 40.0 
163.0 333.0 4.588033985837929 1.446441332248136 40.0 
163.0 334.0 4.588033985837929 1.446441332248136 40.0 
163.0 335.0 4.588033985837929 1.446441332248136 40.0 
163.0 336.0 4.588033985837929 1.446441332248136 40.0 
164.0 329.0 4.588033985837929 1.446441332248136 40.0 
164.0 330.0 4.588033985837929 1.446441332248136 40.0 
164.0 331.0 4.588033985837929 1.446441332248136 40.0 
164.0 332.0 4.588033985837929 1.446441332248136 40.0 
164.0 333.0 4.588033985837929 1.446441332248136 40.0 
164.0 334.0 4.588033985837929 1.446441332248136 40.0 
164.0 335.0 4.588033985837929 1.446441332248136 40.0 
164.0 336.0 4.588033985837929 1.446441332248136 40.0 
164.0 337.0 4.588033985837929 1.446441332248136 40.0 
164.0 338.0 4.588033985837929 1.446441332248136 40.0 
164.0 339.0 4.588033985837929 1.446441332248136 40.0 
164.0 340.0 4.588033985837929 1.446441332248136 40.0 
164.0 341.0 4.588033985837929 1.446441332248136 40.0 
164.0 342.0 4.588033985837929 1.446441332248136 40.0 
164.0 343.0 4.588033985837929 1.446441332248136 40.0 
164.0 344.0 4.588033985837929 1.446441332248136 40.0 
165.0 328.0 4.588033985837929 1.446441332248136 40.0 
165.0 329.0 4.588033985837929 1.446441332248136 40.0 
165.0 330.0 4.588033985837929 1.446441332248136 40.0 
165.0 331.0 4.588033985837929 1.446441332248136 40.0 
165.0 332.0 4.588033985837929 1.446441332248136 40.0 
165.0 333.0 4.588033985837929 1.446441332248136 40.0 
165.0 334.0 4.588033985837929 1.446441332248136 40.0 
165.0 335.0 4.588033985837929 1.446441332248136 40.0 
165.0 336.0 4.588033985837929 1.446441332248136 40.0 
165.0 337.0 4.588033985837929 1.446441332248136 40.0 
165.0 338.0 4.588033985837929 1.446441332248136 40.0 
165.0 339.0 4.588033985837929 1.446441332248136 40.0 
165.0 340.0 4.588033985837929 1.446441332248136 40.0 
165.0 341.0 4.588033985837929 1.446441332248136 40.0 
165.0 342.0 4.588033985837929 1.446441332248136 40.0 
165.0 343.0 4.588033985837929 1.446441332248136 40.0 
165.0 344.0 4.588033985837929 1.446441332248136 40.0 
166.0 328.0 4.588033985837929 1.446441332248136 40.0 
166.0 329.0 4.588033985837929 1.446441332248136 40.0 
166.0 330.0 4.588033985837929 1.446441332248136 40.0 
166.0 331.0 4.588033985837929 1.446441332248136 40.0 
166.0 332.0 4.588033985837929 1.446441332248136 40.0 
166.0 333.0 4.588033985837929 1.446441332248136 40.0 
166.0 334.0 4.588033985837929 1.446441332248136 40.0 
166.0 335.0 4.588033985837929 1.446441332248136 40.0 
166.0 336.0 4.588033985837929 1.446441332248136 40.0 
166.0 337.0 4.588033985837929 1.446441332248136 40.0 
166.0 338.0 4.588033985837929 1.446441332248136 40.0 
166.0 339.0 4.588033985837929 1.446441332248136 40.0 
166.0 340.0 4.588033985837929 1.446441332248136 40.0 
166.0 341.0 4.588033985837929 1.446441332248136 40.0 
166.0 342.0 4.588033985837929 1.446441332248136 40.0 
166.0 343.0 4.588033985837929 1.446441332248136 40.0 
166.0 344.0 4.588033985837929 1.446441332248136 40.0 
167.0 328.0 4.588033985837929 1.446441332248136 40.0 
167.0 329.0 4.588033985837929 1.446441332248136 40.0 
167.0 330.0 4.588033985837929 1.446441332248136 40.0 
167.0 331.0 4.588033985837929 1.446441332248136 40.0 
167.0 332.0 4.588033985837929 1.446441332248136 40.0 
167.0 333.0 4.588033985837929 1.446441332248136 40.0 
167.0 334.0 4.588033985837929 1.446441332248136 40.0 
167.0 335.0 4.588033985837929 1.446441332248136 40.0 
167.0 336.0 4.588033985837929 1.446441332248136 40.0 
167.0 337.0 4.588033985837929 1.446441332248136 40.0 
167.0 338.0 4.588033985837929 1.446441332248136 40.0 
167.0 339.0 4.588033985837929 1.446441332248136 40.0 
167.0 340.0 4.588033985837929 1.446441332248136 40.0 
167.0 341.0 4.588033985837929 1.446441332248136 40.0 
167.0 342.0 4.588033985837929 1.446441332248136 40.0 
167.0 343.0 4.588033985837929 1.446441332248136 40.0 
168.0 328.0 4.588033985837929 1.446441332248136 40.0 
168.0 329.0 4.588033985837929 1.446441332248136 40.0 
168.0 330.0 4.588033985837929 1.446441332248136 40.0 
168.0 331.0 4.588033985837929 1.446441332248136 40.0 
168.0 332.0 4.588033985837929 1.446441332248136 40.0 
168.0 333.0 4.588033985837929 1.446441332248136 40.0 
168.0 334.0 4.588033985837929 1.446441332248136 40.0 
168.0 335.0 4.588033985837929 1.446441332248136 40.0 
168.0 336.0 4.588033985837929 1.446441332248136 40.0 
168.0 337.0 4.588033985837929 1.446441332248136 40.0 
168.0 338.0 4.588033985837929 1.446441332248136 40.0 
168.0 339.0 4.588033985837929 1.446441332248136 40.0 
168.0 340.0 4.588033985837929 1.446441332248136 40.0 
168.0 341.0 4.588033985837929 1.446441332248136 40.0 
168.0 342.0 4.588033985837929 1.446441332248136 40.0 
168.0 343.0 4.588033985837929 1.446441332248136 40.0 
169.0 336.0 4.588033985837929 1.446441332248136 40.0 
169.0 337.0 4.588033985837929 1.446441332248136 40.0 
169.0 338.0 4.588033985837929 1.446441332248136 40.0 
169.0 339.0 4.588033985837929 1.446441332248136 40.0 
169.0 340.0 4.588033985837929 1.446441332248136 40.0 
169.0 341.0 4.588033985837929 1.446441332248136 40.0 
169.0 342.0 4.588033985837929 1.446441332248136 40.0 
169.0 343.0 4.588033985837929 1.446441332248136 40.0 
