285.0 272.0 2.819842099193152 5.961434752782945 24.0 
285.0 273.0 2.819842099193152 5.961434752782945 24.0 
285.0 274.0 2.819842099193152 5.961434752782945 24.0 
286.0 272.0 2.819842099193152 5.961434752782945 24.0 
286.0 273.0 2.819842099193152 5.961434752782945 24.0 
286.0 274.0 2.819842099193152 5.961434752782945 24.0 
286.0 275.0 2.819842099193152 5.961434752782945 24.0 
286.0 276.0 2.819842099193152 5.961434752782945 24.0 
286.0 277.0 2.819842099193152 5.961434752782945 24.0 
287.0 272.0 2.819842099193152 5.961434752782945 24.0 
287.0 273.0 2.819842099193152 5.961434752782945 24.0 
287.0 274.0 2.819842099193152 5.961434752782945 24.0 
287.0 275.0 2.819842099193152 5.961434752782945 24.0 
287.0 276.0 2.819842099193152 5.961434752782945 24.0 
287.0 277.0 2.819842099193152 5.961434752782945 24.0 
288.0 271.0 2.819842099193152 5.961434752782945 24.0 
288.0 272.0 2.819842099193152 5.961434752782945 24.0 
288.0 273.0 2.819842099193152 5.961434752782945 24.0 
288.0 274.0 2.819842099193152 5.961434752782945 24.0 
288.0 275.0 2.819842099193152 5.961434752782945 24.0 
288.0 276.0 2.819842099193152 5.961434752782945 24.0 
288.0 277.0 2.819842099193152 5.961434752782945 24.0 
289.0 271.0 2.819842099193152 5.961434752782945 24.0 
289.0 272.0 2.819842099193152 5.961434752782945 24.0 
289.0 273.0 2.819842099193152 5.961434752782945 24.0 
289.0 274.0 2.819842099193152 5.961434752782945 24.0 
289.0 275.0 2.819842099193152 5.961434752782945 24.0 
289.0 276.0 2.819842099193152 5.961434752782945 24.0 
290.0 271.0 2.819842099193152 5.961434752782945 24.0 
290.0 272.0 2.819842099193152 5.961434752782945 24.0 
290.0 273.0 2.819842099193152 5.961434752782945 24.0 
290.0 274.0 2.819842099193152 5.961434752782945 24.0 
290.0 275.0 2.819842099193152 5.961434752782945 24.0 
290.0 276.0 2.819842099193152 5.961434752782945 24.0 
291.0 270.0 2.819842099193152 5.961434752782945 24.0 
291.0 271.0 2.819842099193152 5.961434752782945 24.0 
291.0 272.0 2.819842099193152 5.961434752782945 24.0 
291.0 273.0 2.819842099193152 5.961434752782945 24.0 
291.0 274.0 2.819842099193152 5.961434752782945 24.0 
291.0 275.0 2.819842099193152 5.961434752782945 24.0 
291.0 276.0 2.819842099193152 5.961434752782945 24.0 
292.0 270.0 2.819842099193152 5.961434752782945 24.0 
292.0 271.0 2.819842099193152 5.961434752782945 24.0 
292.0 272.0 2.819842099193152 5.961434752782945 24.0 
292.0 273.0 2.819842099193152 5.961434752782945 24.0 
292.0 274.0 2.819842099193152 5.961434752782945 24.0 
292.0 275.0 2.819842099193152 5.961434752782945 24.0 
293.0 270.0 2.819842099193152 5.961434752782945 24.0 
293.0 271.0 2.819842099193152 5.961434752782945 24.0 
293.0 272.0 2.819842099193152 5.961434752782945 24.0 
293.0 273.0 2.819842099193152 5.961434752782945 24.0 
293.0 274.0 2.819842099193152 5.961434752782945 24.0 
293.0 275.0 2.819842099193152 5.961434752782945 24.0 
294.0 269.0 2.819842099193152 5.961434752782945 24.0 
294.0 270.0 2.819842099193152 5.961434752782945 24.0 
294.0 271.0 2.819842099193152 5.961434752782945 24.0 
294.0 272.0 2.819842099193152 5.961434752782945 24.0 
294.0 273.0 2.819842099193152 5.961434752782945 24.0 
294.0 274.0 2.819842099193152 5.961434752782945 24.0 
294.0 275.0 2.819842099193152 5.961434752782945 24.0 
295.0 269.0 2.819842099193152 5.961434752782945 24.0 
295.0 270.0 2.819842099193152 5.961434752782945 24.0 
295.0 271.0 2.819842099193152 5.961434752782945 24.0 
295.0 272.0 2.819842099193152 5.961434752782945 24.0 
295.0 273.0 2.819842099193152 5.961434752782945 24.0 
295.0 274.0 2.819842099193152 5.961434752782945 24.0 
296.0 269.0 2.819842099193152 5.961434752782945 24.0 
296.0 270.0 2.819842099193152 5.961434752782945 24.0 
296.0 271.0 2.819842099193152 5.961434752782945 24.0 
296.0 272.0 2.819842099193152 5.961434752782945 24.0 
296.0 273.0 2.819842099193152 5.961434752782945 24.0 
296.0 274.0 2.819842099193152 5.961434752782945 24.0 
297.0 268.0 2.819842099193152 5.961434752782945 24.0 
297.0 269.0 2.819842099193152 5.961434752782945 24.0 
297.0 270.0 2.819842099193152 5.961434752782945 24.0 
297.0 271.0 2.819842099193152 5.961434752782945 24.0 
297.0 272.0 2.819842099193152 5.961434752782945 24.0 
297.0 273.0 2.819842099193152 5.961434752782945 24.0 
297.0 274.0 2.819842099193152 5.961434752782945 24.0 
298.0 268.0 2.819842099193152 5.961434752782945 24.0 
298.0 269.0 2.819842099193152 5.961434752782945 24.0 
298.0 270.0 2.819842099193152 5.961434752782945 24.0 
298.0 271.0 2.819842099193152 5.961434752782945 24.0 
298.0 272.0 2.819842099193152 5.961434752782945 24.0 
298.0 273.0 2.819842099193152 5.961434752782945 24.0 
299.0 268.0 2.819842099193152 5.961434752782945 24.0 
299.0 269.0 2.819842099193152 5.961434752782945 24.0 
299.0 270.0 2.819842099193152 5.961434752782945 24.0 
299.0 271.0 2.819842099193152 5.961434752782945 24.0 
299.0 272.0 2.819842099193152 5.961434752782945 24.0 
299.0 273.0 2.819842099193152 5.961434752782945 24.0 
300.0 267.0 2.819842099193152 5.961434752782945 24.0 
300.0 268.0 2.819842099193152 5.961434752782945 24.0 
300.0 269.0 2.819842099193152 5.961434752782945 24.0 
300.0 270.0 2.819842099193152 5.961434752782945 24.0 
300.0 271.0 2.819842099193152 5.961434752782945 24.0 
300.0 272.0 2.819842099193152 5.961434752782945 24.0 
300.0 273.0 2.819842099193152 5.961434752782945 24.0 
301.0 267.0 2.819842099193152 5.961434752782945 24.0 
301.0 268.0 2.819842099193152 5.961434752782945 24.0 
301.0 269.0 2.819842099193152 5.961434752782945 24.0 
301.0 270.0 2.819842099193152 5.961434752782945 24.0 
301.0 271.0 2.819842099193152 5.961434752782945 24.0 
301.0 272.0 2.819842099193152 5.961434752782945 24.0 
302.0 267.0 2.819842099193152 5.961434752782945 24.0 
302.0 268.0 2.819842099193152 5.961434752782945 24.0 
302.0 269.0 2.819842099193152 5.961434752782945 24.0 
302.0 270.0 2.819842099193152 5.961434752782945 24.0 
302.0 271.0 2.819842099193152 5.961434752782945 24.0 
302.0 272.0 2.819842099193152 5.961434752782945 24.0 
303.0 266.0 2.819842099193152 5.961434752782945 24.0 
303.0 267.0 2.819842099193152 5.961434752782945 24.0 
303.0 268.0 2.819842099193152 5.961434752782945 24.0 
303.0 269.0 2.819842099193152 5.961434752782945 24.0 
303.0 270.0 2.819842099193152 5.961434752782945 24.0 
303.0 271.0 2.819842099193152 5.961434752782945 24.0 
303.0 272.0 2.819842099193152 5.961434752782945 24.0 
304.0 266.0 2.819842099193152 5.961434752782945 24.0 
304.0 267.0 2.819842099193152 5.961434752782945 24.0 
304.0 268.0 2.819842099193152 5.961434752782945 24.0 
304.0 269.0 2.819842099193152 5.961434752782945 24.0 
304.0 270.0 2.819842099193152 5.961434752782945 24.0 
304.0 271.0 2.819842099193152 5.961434752782945 24.0 
305.0 266.0 2.819842099193152 5.961434752782945 24.0 
305.0 267.0 2.819842099193152 5.961434752782945 24.0 
305.0 268.0 2.819842099193152 5.961434752782945 24.0 
305.0 269.0 2.819842099193152 5.961434752782945 24.0 
305.0 270.0 2.819842099193152 5.961434752782945 24.0 
305.0 271.0 2.819842099193152 5.961434752782945 24.0 
306.0 265.0 2.819842099193152 5.961434752782945 24.0 
306.0 266.0 2.819842099193152 5.961434752782945 24.0 
306.0 267.0 2.819842099193152 5.961434752782945 24.0 
306.0 268.0 2.819842099193152 5.961434752782945 24.0 
306.0 269.0 2.819842099193152 5.961434752782945 24.0 
306.0 270.0 2.819842099193152 5.961434752782945 24.0 
306.0 271.0 2.819842099193152 5.961434752782945 24.0 
307.0 265.0 2.819842099193152 5.961434752782945 24.0 
307.0 266.0 2.819842099193152 5.961434752782945 24.0 
307.0 267.0 2.819842099193152 5.961434752782945 24.0 
307.0 268.0 2.819842099193152 5.961434752782945 24.0 
307.0 269.0 2.819842099193152 5.961434752782945 24.0 
307.0 270.0 2.819842099193152 5.961434752782945 24.0 
308.0 265.0 2.819842099193152 5.961434752782945 24.0 
308.0 266.0 2.819842099193152 5.961434752782945 24.0 
308.0 267.0 2.819842099193152 5.961434752782945 24.0 
308.0 268.0 2.819842099193152 5.961434752782945 24.0 
308.0 269.0 2.819842099193152 5.961434752782945 24.0 
308.0 270.0 2.819842099193152 5.961434752782945 24.0 
309.0 264.0 2.819842099193152 5.961434752782945 24.0 
309.0 265.0 2.819842099193152 5.961434752782945 24.0 
309.0 266.0 2.819842099193152 5.961434752782945 24.0 
309.0 267.0 2.819842099193152 5.961434752782945 24.0 
309.0 268.0 2.819842099193152 5.961434752782945 24.0 
309.0 269.0 2.819842099193152 5.961434752782945 24.0 
309.0 270.0 2.819842099193152 5.961434752782945 24.0 
310.0 264.0 2.819842099193152 5.961434752782945 24.0 
310.0 265.0 2.819842099193152 5.961434752782945 24.0 
310.0 266.0 2.819842099193152 5.961434752782945 24.0 
310.0 267.0 2.819842099193152 5.961434752782945 24.0 
310.0 268.0 2.819842099193152 5.961434752782945 24.0 
310.0 269.0 2.819842099193152 5.961434752782945 24.0 
311.0 264.0 2.819842099193152 5.961434752782945 24.0 
311.0 265.0 2.819842099193152 5.961434752782945 24.0 
311.0 266.0 2.819842099193152 5.961434752782945 24.0 
311.0 267.0 2.819842099193152 5.961434752782945 24.0 
311.0 268.0 2.819842099193152 5.961434752782945 24.0 
311.0 269.0 2.819842099193152 5.961434752782945 24.0 
312.0 263.0 2.819842099193152 5.961434752782945 24.0 
312.0 264.0 2.819842099193152 5.961434752782945 24.0 
312.0 265.0 2.819842099193152 5.961434752782945 24.0 
312.0 266.0 2.819842099193152 5.961434752782945 24.0 
312.0 267.0 2.819842099193152 5.961434752782945 24.0 
312.0 268.0 2.819842099193152 5.961434752782945 24.0 
312.0 269.0 2.819842099193152 5.961434752782945 24.0 
313.0 263.0 2.819842099193152 5.961434752782945 24.0 
313.0 264.0 2.819842099193152 5.961434752782945 24.0 
313.0 265.0 2.819842099193152 5.961434752782945 24.0 
313.0 266.0 2.819842099193152 5.961434752782945 24.0 
313.0 267.0 2.819842099193152 5.961434752782945 24.0 
313.0 268.0 2.819842099193152 5.961434752782945 24.0 
314.0 263.0 2.819842099193152 5.961434752782945 24.0 
314.0 264.0 2.819842099193152 5.961434752782945 24.0 
314.0 265.0 2.819842099193152 5.961434752782945 24.0 
314.0 266.0 2.819842099193152 5.961434752782945 24.0 
314.0 267.0 2.819842099193152 5.961434752782945 24.0 
314.0 268.0 2.819842099193152 5.961434752782945 24.0 
315.0 262.0 2.819842099193152 5.961434752782945 24.0 
315.0 263.0 2.819842099193152 5.961434752782945 24.0 
315.0 264.0 2.819842099193152 5.961434752782945 24.0 
315.0 265.0 2.819842099193152 5.961434752782945 24.0 
315.0 266.0 2.819842099193152 5.961434752782945 24.0 
315.0 267.0 2.819842099193152 5.961434752782945 24.0 
315.0 268.0 2.819842099193152 5.961434752782945 24.0 
316.0 262.0 2.819842099193152 5.961434752782945 24.0 
316.0 263.0 2.819842099193152 5.961434752782945 24.0 
316.0 264.0 2.819842099193152 5.961434752782945 24.0 
316.0 265.0 2.819842099193152 5.961434752782945 24.0 
316.0 266.0 2.819842099193152 5.961434752782945 24.0 
316.0 267.0 2.819842099193152 5.961434752782945 24.0 
317.0 262.0 2.819842099193152 5.961434752782945 24.0 
317.0 263.0 2.819842099193152 5.961434752782945 24.0 
317.0 264.0 2.819842099193152 5.961434752782945 24.0 
317.0 265.0 2.819842099193152 5.961434752782945 24.0 
317.0 266.0 2.819842099193152 5.961434752782945 24.0 
317.0 267.0 2.819842099193152 5.961434752782945 24.0 
318.0 261.0 2.819842099193152 5.961434752782945 24.0 
318.0 262.0 2.819842099193152 5.961434752782945 24.0 
318.0 263.0 2.819842099193152 5.961434752782945 24.0 
318.0 264.0 2.819842099193152 5.961434752782945 24.0 
318.0 265.0 2.819842099193152 5.961434752782945 24.0 
318.0 266.0 2.819842099193152 5.961434752782945 24.0 
318.0 267.0 2.819842099193152 5.961434752782945 24.0 
319.0 261.0 2.819842099193152 5.961434752782945 24.0 
319.0 262.0 2.819842099193152 5.961434752782945 24.0 
319.0 263.0 2.819842099193152 5.961434752782945 24.0 
319.0 264.0 2.819842099193152 5.961434752782945 24.0 
319.0 265.0 2.819842099193152 5.961434752782945 24.0 
319.0 266.0 2.819842099193152 5.961434752782945 24.0 
320.0 261.0 2.819842099193152 5.961434752782945 24.0 
320.0 262.0 2.819842099193152 5.961434752782945 24.0 
320.0 263.0 2.819842099193152 5.961434752782945 24.0 
320.0 264.0 2.819842099193152 5.961434752782945 24.0 
320.0 265.0 2.819842099193152 5.961434752782945 24.0 
320.0 266.0 2.819842099193152 5.961434752782945 24.0 
321.0 263.0 2.819842099193152 5.961434752782945 24.0 
321.0 264.0 2.819842099193152 5.961434752782945 24.0 
321.0 265.0 2.819842099193152 5.961434752782945 24.0 
321.0 266.0 2.819842099193152 5.961434752782945 24.0 
287.0 297.0 3.1112988936710173 6.252891547260811 36.0 
287.0 298.0 3.1112988936710173 6.252891547260811 36.0 
287.0 299.0 3.1112988936710173 6.252891547260811 36.0 
288.0 297.0 3.1112988936710173 6.252891547260811 36.0 
288.0 298.0 3.1112988936710173 6.252891547260811 36.0 
288.0 299.0 3.1112988936710173 6.252891547260811 36.0 
288.0 300.0 3.1112988936710173 6.252891547260811 36.0 
288.0 301.0 3.1112988936710173 6.252891547260811 36.0 
288.0 302.0 3.1112988936710173 6.252891547260811 36.0 
289.0 297.0 3.1112988936710173 6.252891547260811 36.0 
289.0 298.0 3.1112988936710173 6.252891547260811 36.0 
289.0 299.0 3.1112988936710173 6.252891547260811 36.0 
289.0 300.0 3.1112988936710173 6.252891547260811 36.0 
289.0 301.0 3.1112988936710173 6.252891547260811 36.0 
289.0 302.0 3.1112988936710173 6.252891547260811 36.0 
290.0 297.0 3.1112988936710173 6.252891547260811 36.0 
290.0 298.0 3.1112988936710173 6.252891547260811 36.0 
290.0 299.0 3.1112988936710173 6.252891547260811 36.0 
290.0 300.0 3.1112988936710173 6.252891547260811 36.0 
290.0 301.0 3.1112988936710173 6.252891547260811 36.0 
290.0 302.0 3.1112988936710173 6.252891547260811 36.0 
291.0 297.0 3.1112988936710173 6.252891547260811 36.0 
291.0 298.0 3.1112988936710173 6.252891547260811 36.0 
291.0 299.0 3.1112988936710173 6.252891547260811 36.0 
291.0 300.0 3.1112988936710173 6.252891547260811 36.0 
291.0 301.0 3.1112988936710173 6.252891547260811 36.0 
291.0 302.0 3.1112988936710173 6.252891547260811 36.0 
292.0 297.0 3.1112988936710173 6.252891547260811 36.0 
292.0 298.0 3.1112988936710173 6.252891547260811 36.0 
292.0 299.0 3.1112988936710173 6.252891547260811 36.0 
292.0 300.0 3.1112988936710173 6.252891547260811 36.0 
292.0 301.0 3.1112988936710173 6.252891547260811 36.0 
292.0 302.0 3.1112988936710173 6.252891547260811 36.0 
293.0 297.0 3.1112988936710173 6.252891547260811 36.0 
293.0 298.0 3.1112988936710173 6.252891547260811 36.0 
293.0 299.0 3.1112988936710173 6.252891547260811 36.0 
293.0 300.0 3.1112988936710173 6.252891547260811 36.0 
293.0 301.0 3.1112988936710173 6.252891547260811 36.0 
293.0 302.0 3.1112988936710173 6.252891547260811 36.0 
294.0 297.0 3.1112988936710173 6.252891547260811 36.0 
294.0 298.0 3.1112988936710173 6.252891547260811 36.0 
294.0 299.0 3.1112988936710173 6.252891547260811 36.0 
294.0 300.0 3.1112988936710173 6.252891547260811 36.0 
294.0 301.0 3.1112988936710173 6.252891547260811 36.0 
294.0 302.0 3.1112988936710173 6.252891547260811 36.0 
295.0 297.0 3.1112988936710173 6.252891547260811 36.0 
295.0 298.0 3.1112988936710173 6.252891547260811 36.0 
295.0 299.0 3.1112988936710173 6.252891547260811 36.0 
295.0 300.0 3.1112988936710173 6.252891547260811 36.0 
295.0 301.0 3.1112988936710173 6.252891547260811 36.0 
295.0 302.0 3.1112988936710173 6.252891547260811 36.0 
296.0 297.0 3.1112988936710173 6.252891547260811 36.0 
296.0 298.0 3.1112988936710173 6.252891547260811 36.0 
296.0 299.0 3.1112988936710173 6.252891547260811 36.0 
296.0 300.0 3.1112988936710173 6.252891547260811 36.0 
296.0 301.0 3.1112988936710173 6.252891547260811 36.0 
296.0 302.0 3.1112988936710173 6.252891547260811 36.0 
297.0 297.0 3.1112988936710173 6.252891547260811 36.0 
297.0 298.0 3.1112988936710173 6.252891547260811 36.0 
297.0 299.0 3.1112988936710173 6.252891547260811 36.0 
297.0 300.0 3.1112988936710173 6.252891547260811 36.0 
297.0 301.0 3.1112988936710173 6.252891547260811 36.0 
297.0 302.0 3.1112988936710173 6.252891547260811 36.0 
298.0 297.0 3.1112988936710173 6.252891547260811 36.0 
298.0 298.0 3.1112988936710173 6.252891547260811 36.0 
298.0 299.0 3.1112988936710173 6.252891547260811 36.0 
298.0 300.0 3.1112988936710173 6.252891547260811 36.0 
298.0 301.0 3.1112988936710173 6.252891547260811 36.0 
298.0 302.0 3.1112988936710173 6.252891547260811 36.0 
299.0 297.0 3.1112988936710173 6.252891547260811 36.0 
299.0 298.0 3.1112988936710173 6.252891547260811 36.0 
299.0 299.0 3.1112988936710173 6.252891547260811 36.0 
299.0 300.0 3.1112988936710173 6.252891547260811 36.0 
299.0 301.0 3.1112988936710173 6.252891547260811 36.0 
299.0 302.0 3.1112988936710173 6.252891547260811 36.0 
300.0 297.0 3.1112988936710173 6.252891547260811 36.0 
300.0 298.0 3.1112988936710173 6.252891547260811 36.0 
300.0 299.0 3.1112988936710173 6.252891547260811 36.0 
300.0 300.0 3.1112988936710173 6.252891547260811 36.0 
300.0 301.0 3.1112988936710173 6.252891547260811 36.0 
300.0 302.0 3.1112988936710173 6.252891547260811 36.0 
301.0 297.0 3.1112988936710173 6.252891547260811 36.0 
301.0 298.0 3.1112988936710173 6.252891547260811 36.0 
301.0 299.0 3.1112988936710173 6.252891547260811 36.0 
301.0 300.0 3.1112988936710173 6.252891547260811 36.0 
301.0 301.0 3.1112988936710173 6.252891547260811 36.0 
301.0 302.0 3.1112988936710173 6.252891547260811 36.0 
302.0 297.0 3.1112988936710173 6.252891547260811 36.0 
302.0 298.0 3.1112988936710173 6.252891547260811 36.0 
302.0 299.0 3.1112988936710173 6.252891547260811 36.0 
302.0 300.0 3.1112988936710173 6.252891547260811 36.0 
302.0 301.0 3.1112988936710173 6.252891547260811 36.0 
302.0 302.0 3.1112988936710173 6.252891547260811 36.0 
303.0 297.0 3.1112988936710173 6.252891547260811 36.0 
303.0 298.0 3.1112988936710173 6.252891547260811 36.0 
303.0 299.0 3.1112988936710173 6.252891547260811 36.0 
303.0 300.0 3.1112988936710173 6.252891547260811 36.0 
303.0 301.0 3.1112988936710173 6.252891547260811 36.0 
303.0 302.0 3.1112988936710173 6.252891547260811 36.0 
304.0 297.0 3.1112988936710173 6.252891547260811 36.0 
304.0 298.0 3.1112988936710173 6.252891547260811 36.0 
304.0 299.0 3.1112988936710173 6.252891547260811 36.0 
304.0 300.0 3.1112988936710173 6.252891547260811 36.0 
304.0 301.0 3.1112988936710173 6.252891547260811 36.0 
304.0 302.0 3.1112988936710173 6.252891547260811 36.0 
305.0 297.0 3.1112988936710173 6.252891547260811 36.0 
305.0 298.0 3.1112988936710173 6.252891547260811 36.0 
305.0 299.0 3.1112988936710173 6.252891547260811 36.0 
305.0 300.0 3.1112988936710173 6.252891547260811 36.0 
305.0 301.0 3.1112988936710173 6.252891547260811 36.0 
305.0 302.0 3.1112988936710173 6.252891547260811 36.0 
306.0 297.0 3.1112988936710173 6.252891547260811 36.0 
306.0 298.0 3.1112988936710173 6.252891547260811 36.0 
306.0 299.0 3.1112988936710173 6.252891547260811 36.0 
306.0 300.0 3.1112988936710173 6.252891547260811 36.0 
306.0 301.0 3.1112988936710173 6.252891547260811 36.0 
306.0 302.0 3.1112988936710173 6.252891547260811 36.0 
307.0 297.0 3.1112988936710173 6.252891547260811 36.0 
307.0 298.0 3.1112988936710173 6.252891547260811 36.0 
307.0 299.0 3.1112988936710173 6.252891547260811 36.0 
307.0 300.0 3.1112988936710173 6.252891547260811 36.0 
307.0 301.0 3.1112988936710173 6.252891547260811 36.0 
307.0 302.0 3.1112988936710173 6.252891547260811 36.0 
308.0 297.0 3.1112988936710173 6.252891547260811 36.0 
308.0 298.0 3.1112988936710173 6.252891547260811 36.0 
308.0 299.0 3.1112988936710173 6.252891547260811 36.0 
308.0 300.0 3.1112988936710173 6.252891547260811 36.0 
308.0 301.0 3.1112988936710173 6.252891547260811 36.0 
308.0 302.0 3.1112988936710173 6.252891547260811 36.0 
309.0 297.0 3.1112988936710173 6.252891547260811 36.0 
309.0 298.0 3.1112988936710173 6.252891547260811 36.0 
309.0 299.0 3.1112988936710173 6.252891547260811 36.0 
309.0 300.0 3.1112988936710173 6.252891547260811 36.0 
309.0 301.0 3.1112988936710173 6.252891547260811 36.0 
309.0 302.0 3.1112988936710173 6.252891547260811 36.0 
310.0 297.0 3.1112988936710173 6.252891547260811 36.0 
310.0 298.0 3.1112988936710173 6.252891547260811 36.0 
310.0 299.0 3.1112988936710173 6.252891547260811 36.0 
310.0 300.0 3.1112988936710173 6.252891547260811 36.0 
310.0 301.0 3.1112988936710173 6.252891547260811 36.0 
310.0 302.0 3.1112988936710173 6.252891547260811 36.0 
311.0 297.0 3.1112988936710173 6.252891547260811 36.0 
311.0 298.0 3.1112988936710173 6.252891547260811 36.0 
311.0 299.0 3.1112988936710173 6.252891547260811 36.0 
311.0 300.0 3.1112988936710173 6.252891547260811 36.0 
311.0 301.0 3.1112988936710173 6.252891547260811 36.0 
311.0 302.0 3.1112988936710173 6.252891547260811 36.0 
312.0 297.0 3.1112988936710173 6.252891547260811 36.0 
312.0 298.0 3.1112988936710173 6.252891547260811 36.0 
312.0 299.0 3.1112988936710173 6.252891547260811 36.0 
312.0 300.0 3.1112988936710173 6.252891547260811 36.0 
312.0 301.0 3.1112988936710173 6.252891547260811 36.0 
312.0 302.0 3.1112988936710173 6.252891547260811 36.0 
313.0 297.0 3.1112988936710173 6.252891547260811 36.0 
313.0 298.0 3.1112988936710173 6.252891547260811 36.0 
313.0 299.0 3.1112988936710173 6.252891547260811 36.0 
313.0 300.0 3.1112988936710173 6.252891547260811 36.0 
313.0 301.0 3.1112988936710173 6.252891547260811 36.0 
313.0 302.0 3.1112988936710173 6.252891547260811 36.0 
314.0 297.0 3.1112988936710173 6.252891547260811 36.0 
314.0 298.0 3.1112988936710173 6.252891547260811 36.0 
314.0 299.0 3.1112988936710173 6.252891547260811 36.0 
314.0 300.0 3.1112988936710173 6.252891547260811 36.0 
314.0 301.0 3.1112988936710173 6.252891547260811 36.0 
314.0 302.0 3.1112988936710173 6.252891547260811 36.0 
315.0 297.0 3.1112988936710173 6.252891547260811 36.0 
315.0 298.0 3.1112988936710173 6.252891547260811 36.0 
315.0 299.0 3.1112988936710173 6.252891547260811 36.0 
315.0 300.0 3.1112988936710173 6.252891547260811 36.0 
315.0 301.0 3.1112988936710173 6.252891547260811 36.0 
315.0 302.0 3.1112988936710173 6.252891547260811 36.0 
316.0 297.0 3.1112988936710173 6.252891547260811 36.0 
316.0 298.0 3.1112988936710173 6.252891547260811 36.0 
316.0 299.0 3.1112988936710173 6.252891547260811 36.0 
316.0 300.0 3.1112988936710173 6.252891547260811 36.0 
316.0 301.0 3.1112988936710173 6.252891547260811 36.0 
316.0 302.0 3.1112988936710173 6.252891547260811 36.0 
317.0 297.0 3.1112988936710173 6.252891547260811 36.0 
317.0 298.0 3.1112988936710173 6.252891547260811 36.0 
317.0 299.0 3.1112988936710173 6.252891547260811 36.0 
317.0 300.0 3.1112988936710173 6.252891547260811 36.0 
317.0 301.0 3.1112988936710173 6.252891547260811 36.0 
317.0 302.0 3.1112988936710173 6.252891547260811 36.0 
318.0 297.0 3.1112988936710173 6.252891547260811 36.0 
318.0 298.0 3.1112988936710173 6.252891547260811 36.0 
318.0 299.0 3.1112988936710173 6.252891547260811 36.0 
318.0 300.0 3.1112988936710173 6.252891547260811 36.0 
318.0 301.0 3.1112988936710173 6.252891547260811 36.0 
318.0 302.0 3.1112988936710173 6.252891547260811 36.0 
319.0 297.0 3.1112988936710173 6.252891547260811 36.0 
319.0 298.0 3.1112988936710173 6.252891547260811 36.0 
319.0 299.0 3.1112988936710173 6.252891547260811 36.0 
319.0 300.0 3.1112988936710173 6.252891547260811 36.0 
319.0 301.0 3.1112988936710173 6.252891547260811 36.0 
319.0 302.0 3.1112988936710173 6.252891547260811 36.0 
320.0 299.0 3.1112988936710173 6.252891547260811 36.0 
320.0 300.0 3.1112988936710173 6.252891547260811 36.0 
320.0 301.0 3.1112988936710173 6.252891547260811 36.0 
320.0 302.0 3.1112988936710173 6.252891547260811 36.0 
251.0 290.0 2.9955803958785188 6.137173049468312 64.0 
251.0 291.0 2.9955803958785188 6.137173049468312 64.0 
251.0 292.0 2.9955803958785188 6.137173049468312 64.0 
252.0 290.0 2.9955803958785188 6.137173049468312 64.0 
252.0 291.0 2.9955803958785188 6.137173049468312 64.0 
252.0 292.0 2.9955803958785188 6.137173049468312 64.0 
252.0 293.0 2.9955803958785188 6.137173049468312 64.0 
252.0 294.0 2.9955803958785188 6.137173049468312 64.0 
252.0 295.0 2.9955803958785188 6.137173049468312 64.0 
253.0 290.0 2.9955803958785188 6.137173049468312 64.0 
253.0 291.0 2.9955803958785188 6.137173049468312 64.0 
253.0 292.0 2.9955803958785188 6.137173049468312 64.0 
253.0 293.0 2.9955803958785188 6.137173049468312 64.0 
253.0 294.0 2.9955803958785188 6.137173049468312 64.0 
253.0 295.0 2.9955803958785188 6.137173049468312 64.0 
254.0 290.0 2.9955803958785188 6.137173049468312 64.0 
254.0 291.0 2.9955803958785188 6.137173049468312 64.0 
254.0 292.0 2.9955803958785188 6.137173049468312 64.0 
254.0 293.0 2.9955803958785188 6.137173049468312 64.0 
254.0 294.0 2.9955803958785188 6.137173049468312 64.0 
254.0 295.0 2.9955803958785188 6.137173049468312 64.0 
255.0 290.0 2.9955803958785188 6.137173049468312 64.0 
255.0 291.0 2.9955803958785188 6.137173049468312 64.0 
255.0 292.0 2.9955803958785188 6.137173049468312 64.0 
255.0 293.0 2.9955803958785188 6.137173049468312 64.0 
255.0 294.0 2.9955803958785188 6.137173049468312 64.0 
255.0 295.0 2.9955803958785188 6.137173049468312 64.0 
256.0 290.0 2.9955803958785188 6.137173049468312 64.0 
256.0 291.0 2.9955803958785188 6.137173049468312 64.0 
256.0 292.0 2.9955803958785188 6.137173049468312 64.0 
256.0 293.0 2.9955803958785188 6.137173049468312 64.0 
256.0 294.0 2.9955803958785188 6.137173049468312 64.0 
256.0 295.0 2.9955803958785188 6.137173049468312 64.0 
257.0 290.0 2.9955803958785188 6.137173049468312 64.0 
257.0 291.0 2.9955803958785188 6.137173049468312 64.0 
257.0 292.0 2.9955803958785188 6.137173049468312 64.0 
257.0 293.0 2.9955803958785188 6.137173049468312 64.0 
257.0 294.0 2.9955803958785188 6.137173049468312 64.0 
257.0 295.0 2.9955803958785188 6.137173049468312 64.0 
258.0 289.0 2.9955803958785188 6.137173049468312 64.0 
258.0 290.0 2.9955803958785188 6.137173049468312 64.0 
258.0 291.0 2.9955803958785188 6.137173049468312 64.0 
258.0 292.0 2.9955803958785188 6.137173049468312 64.0 
258.0 293.0 2.9955803958785188 6.137173049468312 64.0 
258.0 294.0 2.9955803958785188 6.137173049468312 64.0 
258.0 295.0 2.9955803958785188 6.137173049468312 64.0 
259.0 289.0 2.9955803958785188 6.137173049468312 64.0 
259.0 290.0 2.9955803958785188 6.137173049468312 64.0 
259.0 291.0 2.9955803958785188 6.137173049468312 64.0 
259.0 292.0 2.9955803958785188 6.137173049468312 64.0 
259.0 293.0 2.9955803958785188 6.137173049468312 64.0 
259.0 294.0 2.9955803958785188 6.137173049468312 64.0 
260.0 289.0 2.9955803958785188 6.137173049468312 64.0 
260.0 290.0 2.9955803958785188 6.137173049468312 64.0 
260.0 291.0 2.9955803958785188 6.137173049468312 64.0 
260.0 292.0 2.9955803958785188 6.137173049468312 64.0 
260.0 293.0 2.9955803958785188 6.137173049468312 64.0 
260.0 294.0 2.9955803958785188 6.137173049468312 64.0 
261.0 289.0 2.9955803958785188 6.137173049468312 64.0 
261.0 290.0 2.9955803958785188 6.137173049468312 64.0 
261.0 291.0 2.9955803958785188 6.137173049468312 64.0 
261.0 292.0 2.9955803958785188 6.137173049468312 64.0 
261.0 293.0 2.9955803958785188 6.137173049468312 64.0 
261.0 294.0 2.9955803958785188 6.137173049468312 64.0 
262.0 289.0 2.9955803958785188 6.137173049468312 64.0 
262.0 290.0 2.9955803958785188 6.137173049468312 64.0 
262.0 291.0 2.9955803958785188 6.137173049468312 64.0 
262.0 292.0 2.9955803958785188 6.137173049468312 64.0 
262.0 293.0 2.9955803958785188 6.137173049468312 64.0 
262.0 294.0 2.9955803958785188 6.137173049468312 64.0 
263.0 289.0 2.9955803958785188 6.137173049468312 64.0 
263.0 290.0 2.9955803958785188 6.137173049468312 64.0 
263.0 291.0 2.9955803958785188 6.137173049468312 64.0 
263.0 292.0 2.9955803958785188 6.137173049468312 64.0 
263.0 293.0 2.9955803958785188 6.137173049468312 64.0 
263.0 294.0 2.9955803958785188 6.137173049468312 64.0 
264.0 289.0 2.9955803958785188 6.137173049468312 64.0 
264.0 290.0 2.9955803958785188 6.137173049468312 64.0 
264.0 291.0 2.9955803958785188 6.137173049468312 64.0 
264.0 292.0 2.9955803958785188 6.137173049468312 64.0 
264.0 293.0 2.9955803958785188 6.137173049468312 64.0 
264.0 294.0 2.9955803958785188 6.137173049468312 64.0 
265.0 288.0 2.9955803958785188 6.137173049468312 64.0 
265.0 289.0 2.9955803958785188 6.137173049468312 64.0 
265.0 290.0 2.9955803958785188 6.137173049468312 64.0 
265.0 291.0 2.9955803958785188 6.137173049468312 64.0 
265.0 292.0 2.9955803958785188 6.137173049468312 64.0 
265.0 293.0 2.9955803958785188 6.137173049468312 64.0 
266.0 288.0 2.9955803958785188 6.137173049468312 64.0 
266.0 289.0 2.9955803958785188 6.137173049468312 64.0 
266.0 290.0 2.9955803958785188 6.137173049468312 64.0 
266.0 291.0 2.9955803958785188 6.137173049468312 64.0 
266.0 292.0 2.9955803958785188 6.137173049468312 64.0 
266.0 293.0 2.9955803958785188 6.137173049468312 64.0 
267.0 288.0 2.9955803958785188 6.137173049468312 64.0 
267.0 289.0 2.9955803958785188 6.137173049468312 64.0 
267.0 290.0 2.9955803958785188 6.137173049468312 64.0 
267.0 291.0 2.9955803958785188 6.137173049468312 64.0 
267.0 292.0 2.9955803958785188 6.137173049468312 64.0 
267.0 293.0 2.9955803958785188 6.137173049468312 64.0 
268.0 288.0 2.9955803958785188 6.137173049468312 64.0 
268.0 289.0 2.9955803958785188 6.137173049468312 64.0 
268.0 290.0 2.9955803958785188 6.137173049468312 64.0 
268.0 291.0 2.9955803958785188 6.137173049468312 64.0 
268.0 292.0 2.9955803958785188 6.137173049468312 64.0 
268.0 293.0 2.9955803958785188 6.137173049468312 64.0 
269.0 288.0 2.9955803958785188 6.137173049468312 64.0 
269.0 289.0 2.9955803958785188 6.137173049468312 64.0 
269.0 290.0 2.9955803958785188 6.137173049468312 64.0 
269.0 291.0 2.9955803958785188 6.137173049468312 64.0 
269.0 292.0 2.9955803958785188 6.137173049468312 64.0 
269.0 293.0 2.9955803958785188 6.137173049468312 64.0 
270.0 288.0 2.9955803958785188 6.137173049468312 64.0 
270.0 289.0 2.9955803958785188 6.137173049468312 64.0 
270.0 290.0 2.9955803958785188 6.137173049468312 64.0 
270.0 291.0 2.9955803958785188 6.137173049468312 64.0 
270.0 292.0 2.9955803958785188 6.137173049468312 64.0 
270.0 293.0 2.9955803958785188 6.137173049468312 64.0 
271.0 288.0 2.9955803958785188 6.137173049468312 64.0 
271.0 289.0 2.9955803958785188 6.137173049468312 64.0 
271.0 290.0 2.9955803958785188 6.137173049468312 64.0 
271.0 291.0 2.9955803958785188 6.137173049468312 64.0 
271.0 292.0 2.9955803958785188 6.137173049468312 64.0 
271.0 293.0 2.9955803958785188 6.137173049468312 64.0 
272.0 287.0 2.9955803958785188 6.137173049468312 64.0 
272.0 288.0 2.9955803958785188 6.137173049468312 64.0 
272.0 289.0 2.9955803958785188 6.137173049468312 64.0 
272.0 290.0 2.9955803958785188 6.137173049468312 64.0 
272.0 291.0 2.9955803958785188 6.137173049468312 64.0 
272.0 292.0 2.9955803958785188 6.137173049468312 64.0 
273.0 287.0 2.9955803958785188 6.137173049468312 64.0 
273.0 288.0 2.9955803958785188 6.137173049468312 64.0 
273.0 289.0 2.9955803958785188 6.137173049468312 64.0 
273.0 290.0 2.9955803958785188 6.137173049468312 64.0 
273.0 291.0 2.9955803958785188 6.137173049468312 64.0 
273.0 292.0 2.9955803958785188 6.137173049468312 64.0 
274.0 287.0 2.9955803958785188 6.137173049468312 64.0 
274.0 288.0 2.9955803958785188 6.137173049468312 64.0 
274.0 289.0 2.9955803958785188 6.137173049468312 64.0 
274.0 290.0 2.9955803958785188 6.137173049468312 64.0 
274.0 291.0 2.9955803958785188 6.137173049468312 64.0 
274.0 292.0 2.9955803958785188 6.137173049468312 64.0 
275.0 287.0 2.9955803958785188 6.137173049468312 64.0 
275.0 288.0 2.9955803958785188 6.137173049468312 64.0 
275.0 289.0 2.9955803958785188 6.137173049468312 64.0 
275.0 290.0 2.9955803958785188 6.137173049468312 64.0 
275.0 291.0 2.9955803958785188 6.137173049468312 64.0 
275.0 292.0 2.9955803958785188 6.137173049468312 64.0 
276.0 287.0 2.9955803958785188 6.137173049468312 64.0 
276.0 288.0 2.9955803958785188 6.137173049468312 64.0 
276.0 289.0 2.9955803958785188 6.137173049468312 64.0 
276.0 290.0 2.9955803958785188 6.137173049468312 64.0 
276.0 291.0 2.9955803958785188 6.137173049468312 64.0 
276.0 292.0 2.9955803958785188 6.137173049468312 64.0 
277.0 287.0 2.9955803958785188 6.137173049468312 64.0 
277.0 288.0 2.9955803958785188 6.137173049468312 64.0 
277.0 289.0 2.9955803958785188 6.137173049468312 64.0 
277.0 290.0 2.9955803958785188 6.137173049468312 64.0 
277.0 291.0 2.9955803958785188 6.137173049468312 64.0 
277.0 292.0 2.9955803958785188 6.137173049468312 64.0 
278.0 286.0 2.9955803958785188 6.137173049468312 64.0 
278.0 287.0 2.9955803958785188 6.137173049468312 64.0 
278.0 288.0 2.9955803958785188 6.137173049468312 64.0 
278.0 289.0 2.9955803958785188 6.137173049468312 64.0 
278.0 290.0 2.9955803958785188 6.137173049468312 64.0 
278.0 291.0 2.9955803958785188 6.137173049468312 64.0 
278.0 292.0 2.9955803958785188 6.137173049468312 64.0 
279.0 286.0 2.9955803958785188 6.137173049468312 64.0 
279.0 287.0 2.9955803958785188 6.137173049468312 64.0 
279.0 288.0 2.9955803958785188 6.137173049468312 64.0 
279.0 289.0 2.9955803958785188 6.137173049468312 64.0 
279.0 290.0 2.9955803958785188 6.137173049468312 64.0 
279.0 291.0 2.9955803958785188 6.137173049468312 64.0 
280.0 286.0 2.9955803958785188 6.137173049468312 64.0 
280.0 287.0 2.9955803958785188 6.137173049468312 64.0 
280.0 288.0 2.9955803958785188 6.137173049468312 64.0 
280.0 289.0 2.9955803958785188 6.137173049468312 64.0 
280.0 290.0 2.9955803958785188 6.137173049468312 64.0 
280.0 291.0 2.9955803958785188 6.137173049468312 64.0 
281.0 286.0 2.9955803958785188 6.137173049468312 64.0 
281.0 287.0 2.9955803958785188 6.137173049468312 64.0 
281.0 288.0 2.9955803958785188 6.137173049468312 64.0 
281.0 289.0 2.9955803958785188 6.137173049468312 64.0 
281.0 290.0 2.9955803958785188 6.137173049468312 64.0 
281.0 291.0 2.9955803958785188 6.137173049468312 64.0 
282.0 286.0 2.9955803958785188 6.137173049468312 64.0 
282.0 287.0 2.9955803958785188 6.137173049468312 64.0 
282.0 288.0 2.9955803958785188 6.137173049468312 64.0 
282.0 289.0 2.9955803958785188 6.137173049468312 64.0 
282.0 290.0 2.9955803958785188 6.137173049468312 64.0 
282.0 291.0 2.9955803958785188 6.137173049468312 64.0 
283.0 286.0 2.9955803958785188 6.137173049468312 64.0 
283.0 287.0 2.9955803958785188 6.137173049468312 64.0 
283.0 288.0 2.9955803958785188 6.137173049468312 64.0 
283.0 289.0 2.9955803958785188 6.137173049468312 64.0 
283.0 290.0 2.9955803958785188 6.137173049468312 64.0 
283.0 291.0 2.9955803958785188 6.137173049468312 64.0 
284.0 286.0 2.9955803958785188 6.137173049468312 64.0 
284.0 287.0 2.9955803958785188 6.137173049468312 64.0 
284.0 288.0 2.9955803958785188 6.137173049468312 64.0 
284.0 289.0 2.9955803958785188 6.137173049468312 64.0 
284.0 290.0 2.9955803958785188 6.137173049468312 64.0 
284.0 291.0 2.9955803958785188 6.137173049468312 64.0 
285.0 285.0 2.9955803958785188 6.137173049468312 64.0 
285.0 286.0 2.9955803958785188 6.137173049468312 64.0 
285.0 287.0 2.9955803958785188 6.137173049468312 64.0 
285.0 288.0 2.9955803958785188 6.137173049468312 64.0 
285.0 289.0 2.9955803958785188 6.137173049468312 64.0 
285.0 290.0 2.9955803958785188 6.137173049468312 64.0 
285.0 291.0 2.9955803958785188 6.137173049468312 64.0 
286.0 285.0 2.9955803958785188 6.137173049468312 64.0 
286.0 286.0 2.9955803958785188 6.137173049468312 64.0 
286.0 287.0 2.9955803958785188 6.137173049468312 64.0 
286.0 288.0 2.9955803958785188 6.137173049468312 64.0 
286.0 289.0 2.9955803958785188 6.137173049468312 64.0 
286.0 290.0 2.9955803958785188 6.137173049468312 64.0 
287.0 285.0 2.9955803958785188 6.137173049468312 64.0 
287.0 286.0 2.9955803958785188 6.137173049468312 64.0 
287.0 287.0 2.9955803958785188 6.137173049468312 64.0 
287.0 288.0 2.9955803958785188 6.137173049468312 64.0 
287.0 289.0 2.9955803958785188 6.137173049468312 64.0 
287.0 290.0 2.9955803958785188 6.137173049468312 64.0 
288.0 285.0 2.9955803958785188 6.137173049468312 64.0 
288.0 286.0 2.9955803958785188 6.137173049468312 64.0 
288.0 287.0 2.9955803958785188 6.137173049468312 64.0 
288.0 288.0 2.9955803958785188 6.137173049468312 64.0 
288.0 289.0 2.9955803958785188 6.137173049468312 64.0 
288.0 290.0 2.9955803958785188 6.137173049468312 64.0 
289.0 285.0 2.9955803958785188 6.137173049468312 64.0 
289.0 286.0 2.9955803958785188 6.137173049468312 64.0 
289.0 287.0 2.9955803958785188 6.137173049468312 64.0 
289.0 288.0 2.9955803958785188 6.137173049468312 64.0 
289.0 289.0 2.9955803958785188 6.137173049468312 64.0 
289.0 290.0 2.9955803958785188 6.137173049468312 64.0 
290.0 285.0 2.9955803958785188 6.137173049468312 64.0 
290.0 286.0 2.9955803958785188 6.137173049468312 64.0 
290.0 287.0 2.9955803958785188 6.137173049468312 64.0 
290.0 288.0 2.9955803958785188 6.137173049468312 64.0 
290.0 289.0 2.9955803958785188 6.137173049468312 64.0 
290.0 290.0 2.9955803958785188 6.137173049468312 64.0 
291.0 285.0 2.9955803958785188 6.137173049468312 64.0 
291.0 286.0 2.9955803958785188 6.137173049468312 64.0 
291.0 287.0 2.9955803958785188 6.137173049468312 64.0 
291.0 288.0 2.9955803958785188 6.137173049468312 64.0 
291.0 289.0 2.9955803958785188 6.137173049468312 64.0 
291.0 290.0 2.9955803958785188 6.137173049468312 64.0 
292.0 284.0 2.9955803958785188 6.137173049468312 64.0 
292.0 285.0 2.9955803958785188 6.137173049468312 64.0 
292.0 286.0 2.9955803958785188 6.137173049468312 64.0 
292.0 287.0 2.9955803958785188 6.137173049468312 64.0 
292.0 288.0 2.9955803958785188 6.137173049468312 64.0 
292.0 289.0 2.9955803958785188 6.137173049468312 64.0 
292.0 290.0 2.9955803958785188 6.137173049468312 64.0 
293.0 284.0 2.9955803958785188 6.137173049468312 64.0 
293.0 285.0 2.9955803958785188 6.137173049468312 64.0 
293.0 286.0 2.9955803958785188 6.137173049468312 64.0 
293.0 287.0 2.9955803958785188 6.137173049468312 64.0 
293.0 288.0 2.9955803958785188 6.137173049468312 64.0 
293.0 289.0 2.9955803958785188 6.137173049468312 64.0 
294.0 284.0 2.9955803958785188 6.137173049468312 64.0 
294.0 285.0 2.9955803958785188 6.137173049468312 64.0 
294.0 286.0 2.9955803958785188 6.137173049468312 64.0 
294.0 287.0 2.9955803958785188 6.137173049468312 64.0 
294.0 288.0 2.9955803958785188 6.137173049468312 64.0 
294.0 289.0 2.9955803958785188 6.137173049468312 64.0 
295.0 284.0 2.9955803958785188 6.137173049468312 64.0 
295.0 285.0 2.9955803958785188 6.137173049468312 64.0 
295.0 286.0 2.9955803958785188 6.137173049468312 64.0 
295.0 287.0 2.9955803958785188 6.137173049468312 64.0 
295.0 288.0 2.9955803958785188 6.137173049468312 64.0 
295.0 289.0 2.9955803958785188 6.137173049468312 64.0 
296.0 284.0 2.9955803958785188 6.137173049468312 64.0 
296.0 285.0 2.9955803958785188 6.137173049468312 64.0 
296.0 286.0 2.9955803958785188 6.137173049468312 64.0 
296.0 287.0 2.9955803958785188 6.137173049468312 64.0 
296.0 288.0 2.9955803958785188 6.137173049468312 64.0 
296.0 289.0 2.9955803958785188 6.137173049468312 64.0 
297.0 284.0 2.9955803958785188 6.137173049468312 64.0 
297.0 285.0 2.9955803958785188 6.137173049468312 64.0 
297.0 286.0 2.9955803958785188 6.137173049468312 64.0 
297.0 287.0 2.9955803958785188 6.137173049468312 64.0 
297.0 288.0 2.9955803958785188 6.137173049468312 64.0 
297.0 289.0 2.9955803958785188 6.137173049468312 64.0 
298.0 284.0 2.9955803958785188 6.137173049468312 64.0 
298.0 285.0 2.9955803958785188 6.137173049468312 64.0 
298.0 286.0 2.9955803958785188 6.137173049468312 64.0 
298.0 287.0 2.9955803958785188 6.137173049468312 64.0 
298.0 288.0 2.9955803958785188 6.137173049468312 64.0 
298.0 289.0 2.9955803958785188 6.137173049468312 64.0 
299.0 283.0 2.9955803958785188 6.137173049468312 64.0 
299.0 284.0 2.9955803958785188 6.137173049468312 64.0 
299.0 285.0 2.9955803958785188 6.137173049468312 64.0 
299.0 286.0 2.9955803958785188 6.137173049468312 64.0 
299.0 287.0 2.9955803958785188 6.137173049468312 64.0 
299.0 288.0 2.9955803958785188 6.137173049468312 64.0 
300.0 283.0 2.9955803958785188 6.137173049468312 64.0 
300.0 284.0 2.9955803958785188 6.137173049468312 64.0 
300.0 285.0 2.9955803958785188 6.137173049468312 64.0 
300.0 286.0 2.9955803958785188 6.137173049468312 64.0 
300.0 287.0 2.9955803958785188 6.137173049468312 64.0 
300.0 288.0 2.9955803958785188 6.137173049468312 64.0 
301.0 283.0 2.9955803958785188 6.137173049468312 64.0 
301.0 284.0 2.9955803958785188 6.137173049468312 64.0 
301.0 285.0 2.9955803958785188 6.137173049468312 64.0 
301.0 286.0 2.9955803958785188 6.137173049468312 64.0 
301.0 287.0 2.9955803958785188 6.137173049468312 64.0 
301.0 288.0 2.9955803958785188 6.137173049468312 64.0 
302.0 283.0 2.9955803958785188 6.137173049468312 64.0 
302.0 284.0 2.9955803958785188 6.137173049468312 64.0 
302.0 285.0 2.9955803958785188 6.137173049468312 64.0 
302.0 286.0 2.9955803958785188 6.137173049468312 64.0 
302.0 287.0 2.9955803958785188 6.137173049468312 64.0 
302.0 288.0 2.9955803958785188 6.137173049468312 64.0 
303.0 283.0 2.9955803958785188 6.137173049468312 64.0 
303.0 284.0 2.9955803958785188 6.137173049468312 64.0 
303.0 285.0 2.9955803958785188 6.137173049468312 64.0 
303.0 286.0 2.9955803958785188 6.137173049468312 64.0 
303.0 287.0 2.9955803958785188 6.137173049468312 64.0 
303.0 288.0 2.9955803958785188 6.137173049468312 64.0 
304.0 283.0 2.9955803958785188 6.137173049468312 64.0 
304.0 284.0 2.9955803958785188 6.137173049468312 64.0 
304.0 285.0 2.9955803958785188 6.137173049468312 64.0 
304.0 286.0 2.9955803958785188 6.137173049468312 64.0 
304.0 287.0 2.9955803958785188 6.137173049468312 64.0 
304.0 288.0 2.9955803958785188 6.137173049468312 64.0 
305.0 283.0 2.9955803958785188 6.137173049468312 64.0 
305.0 284.0 2.9955803958785188 6.137173049468312 64.0 
305.0 285.0 2.9955803958785188 6.137173049468312 64.0 
305.0 286.0 2.9955803958785188 6.137173049468312 64.0 
305.0 287.0 2.9955803958785188 6.137173049468312 64.0 
305.0 288.0 2.9955803958785188 6.137173049468312 64.0 
306.0 282.0 2.9955803958785188 6.137173049468312 64.0 
306.0 283.0 2.9955803958785188 6.137173049468312 64.0 
306.0 284.0 2.9955803958785188 6.137173049468312 64.0 
306.0 285.0 2.9955803958785188 6.137173049468312 64.0 
306.0 286.0 2.9955803958785188 6.137173049468312 64.0 
306.0 287.0 2.9955803958785188 6.137173049468312 64.0 
307.0 282.0 2.9955803958785188 6.137173049468312 64.0 
307.0 283.0 2.9955803958785188 6.137173049468312 64.0 
307.0 284.0 2.9955803958785188 6.137173049468312 64.0 
307.0 285.0 2.9955803958785188 6.137173049468312 64.0 
307.0 286.0 2.9955803958785188 6.137173049468312 64.0 
307.0 287.0 2.9955803958785188 6.137173049468312 64.0 
308.0 282.0 2.9955803958785188 6.137173049468312 64.0 
308.0 283.0 2.9955803958785188 6.137173049468312 64.0 
308.0 284.0 2.9955803958785188 6.137173049468312 64.0 
308.0 285.0 2.9955803958785188 6.137173049468312 64.0 
308.0 286.0 2.9955803958785188 6.137173049468312 64.0 
308.0 287.0 2.9955803958785188 6.137173049468312 64.0 
309.0 282.0 2.9955803958785188 6.137173049468312 64.0 
309.0 283.0 2.9955803958785188 6.137173049468312 64.0 
309.0 284.0 2.9955803958785188 6.137173049468312 64.0 
309.0 285.0 2.9955803958785188 6.137173049468312 64.0 
309.0 286.0 2.9955803958785188 6.137173049468312 64.0 
309.0 287.0 2.9955803958785188 6.137173049468312 64.0 
310.0 282.0 2.9955803958785188 6.137173049468312 64.0 
310.0 283.0 2.9955803958785188 6.137173049468312 64.0 
310.0 284.0 2.9955803958785188 6.137173049468312 64.0 
310.0 285.0 2.9955803958785188 6.137173049468312 64.0 
310.0 286.0 2.9955803958785188 6.137173049468312 64.0 
310.0 287.0 2.9955803958785188 6.137173049468312 64.0 
311.0 282.0 2.9955803958785188 6.137173049468312 64.0 
311.0 283.0 2.9955803958785188 6.137173049468312 64.0 
311.0 284.0 2.9955803958785188 6.137173049468312 64.0 
311.0 285.0 2.9955803958785188 6.137173049468312 64.0 
311.0 286.0 2.9955803958785188 6.137173049468312 64.0 
311.0 287.0 2.9955803958785188 6.137173049468312 64.0 
312.0 281.0 2.9955803958785188 6.137173049468312 64.0 
312.0 282.0 2.9955803958785188 6.137173049468312 64.0 
312.0 283.0 2.9955803958785188 6.137173049468312 64.0 
312.0 284.0 2.9955803958785188 6.137173049468312 64.0 
312.0 285.0 2.9955803958785188 6.137173049468312 64.0 
312.0 286.0 2.9955803958785188 6.137173049468312 64.0 
312.0 287.0 2.9955803958785188 6.137173049468312 64.0 
313.0 281.0 2.9955803958785188 6.137173049468312 64.0 
313.0 282.0 2.9955803958785188 6.137173049468312 64.0 
313.0 283.0 2.9955803958785188 6.137173049468312 64.0 
313.0 284.0 2.9955803958785188 6.137173049468312 64.0 
313.0 285.0 2.9955803958785188 6.137173049468312 64.0 
313.0 286.0 2.9955803958785188 6.137173049468312 64.0 
314.0 281.0 2.9955803958785188 6.137173049468312 64.0 
314.0 282.0 2.9955803958785188 6.137173049468312 64.0 
314.0 283.0 2.9955803958785188 6.137173049468312 64.0 
314.0 284.0 2.9955803958785188 6.137173049468312 64.0 
314.0 285.0 2.9955803958785188 6.137173049468312 64.0 
314.0 286.0 2.9955803958785188 6.137173049468312 64.0 
315.0 281.0 2.9955803958785188 6.137173049468312 64.0 
315.0 282.0 2.9955803958785188 6.137173049468312 64.0 
315.0 283.0 2.9955803958785188 6.137173049468312 64.0 
315.0 284.0 2.9955803958785188 6.137173049468312 64.0 
315.0 285.0 2.9955803958785188 6.137173049468312 64.0 
315.0 286.0 2.9955803958785188 6.137173049468312 64.0 
316.0 281.0 2.9955803958785188 6.137173049468312 64.0 
316.0 282.0 2.9955803958785188 6.137173049468312 64.0 
316.0 283.0 2.9955803958785188 6.137173049468312 64.0 
316.0 284.0 2.9955803958785188 6.137173049468312 64.0 
316.0 285.0 2.9955803958785188 6.137173049468312 64.0 
316.0 286.0 2.9955803958785188 6.137173049468312 64.0 
317.0 281.0 2.9955803958785188 6.137173049468312 64.0 
317.0 282.0 2.9955803958785188 6.137173049468312 64.0 
317.0 283.0 2.9955803958785188 6.137173049468312 64.0 
317.0 284.0 2.9955803958785188 6.137173049468312 64.0 
317.0 285.0 2.9955803958785188 6.137173049468312 64.0 
317.0 286.0 2.9955803958785188 6.137173049468312 64.0 
318.0 281.0 2.9955803958785188 6.137173049468312 64.0 
318.0 282.0 2.9955803958785188 6.137173049468312 64.0 
318.0 283.0 2.9955803958785188 6.137173049468312 64.0 
318.0 284.0 2.9955803958785188 6.137173049468312 64.0 
318.0 285.0 2.9955803958785188 6.137173049468312 64.0 
318.0 286.0 2.9955803958785188 6.137173049468312 64.0 
319.0 283.0 2.9955803958785188 6.137173049468312 64.0 
319.0 284.0 2.9955803958785188 6.137173049468312 64.0 
319.0 285.0 2.9955803958785188 6.137173049468312 64.0 
319.0 286.0 2.9955803958785188 6.137173049468312 64.0 
