238.0 292.0 2.7744188197715736 5.916011473361366 24.0 
239.0 292.0 2.7744188197715736 5.916011473361366 24.0 
239.0 293.0 2.7744188197715736 5.916011473361366 24.0 
240.0 292.0 2.7744188197715736 5.916011473361366 24.0 
240.0 293.0 2.7744188197715736 5.916011473361366 24.0 
241.0 291.0 2.7744188197715736 5.916011473361366 24.0 
241.0 292.0 2.7744188197715736 5.916011473361366 24.0 
242.0 291.0 2.7744188197715736 5.916011473361366 24.0 
242.0 292.0 2.7744188197715736 5.916011473361366 24.0 
243.0 291.0 2.7744188197715736 5.916011473361366 24.0 
243.0 292.0 2.7744188197715736 5.916011473361366 24.0 
244.0 290.0 2.7744188197715736 5.916011473361366 24.0 
244.0 291.0 2.7744188197715736 5.916011473361366 24.0 
245.0 290.0 2.7744188197715736 5.916011473361366 24.0 
245.0 291.0 2.7744188197715736 5.916011473361366 24.0 
246.0 289.0 2.7744188197715736 5.916011473361366 24.0 
246.0 290.0 2.7744188197715736 5.916011473361366 24.0 
247.0 289.0 2.7744188197715736 5.916011473361366 24.0 
247.0 290.0 2.7744188197715736 5.916011473361366 24.0 
248.0 289.0 2.7744188197715736 5.916011473361366 24.0 
248.0 290.0 2.7744188197715736 5.916011473361366 24.0 
249.0 288.0 2.7744188197715736 5.916011473361366 24.0 
249.0 289.0 2.7744188197715736 5.916011473361366 24.0 
250.0 288.0 2.7744188197715736 5.916011473361366 24.0 
250.0 289.0 2.7744188197715736 5.916011473361366 24.0 
251.0 288.0 2.7744188197715736 5.916011473361366 24.0 
251.0 289.0 2.7744188197715736 5.916011473361366 24.0 
251 287 5.90267893006722 24.0 
252 287 5.90267893006722 24.0 
252 288 5.90267893006722 24.0 
253 287 5.90267893006722 24.0 
253 288 5.90267893006722 24.0 
254 286 5.90267893006722 24.0 
254 287 5.90267893006722 24.0 
255 286 5.90267893006722 24.0 
255 287 5.90267893006722 24.0 
256 285 5.90267893006722 24.0 
256 286 5.90267893006722 24.0 
256 287 5.90267893006722 24.0 
257 285 5.90267893006722 24.0 
257 286 5.90267893006722 24.0 
258 285 5.90267893006722 24.0 
258 286 5.90267893006722 24.0 
259 284 5.90267893006722 24.0 
259 285 5.90267893006722 24.0 
260 284 5.90267893006722 24.0 
260 285 5.90267893006722 24.0 
261 284 5.90267893006722 24.0 
261 285 5.90267893006722 24.0 
255 324 5.034139534781331 36.0 
256 321 5.034139534781331 36.0 
256 322 5.034139534781331 36.0 
256 323 5.034139534781331 36.0 
256 324 5.034139534781331 36.0 
257 318 5.034139534781331 36.0 
257 319 5.034139534781331 36.0 
257 320 5.034139534781331 36.0 
257 321 5.034139534781331 36.0 
257 322 5.034139534781331 36.0 
257 323 5.034139534781331 36.0 
257 324 5.034139534781331 36.0 
257 325 5.034139534781331 36.0 
258 315 5.034139534781331 36.0 
258 316 5.034139534781331 36.0 
258 317 5.034139534781331 36.0 
258 318 5.034139534781331 36.0 
258 319 5.034139534781331 36.0 
258 320 5.034139534781331 36.0 
258 321 5.034139534781331 36.0 
258 322 5.034139534781331 36.0 
258 323 5.034139534781331 36.0 
259 313 5.034139534781331 36.0 
259 314 5.034139534781331 36.0 
259 315 5.034139534781331 36.0 
259 316 5.034139534781331 36.0 
259 317 5.034139534781331 36.0 
259 318 5.034139534781331 36.0 
259 319 5.034139534781331 36.0 
259 320 5.034139534781331 36.0 
260 313 5.034139534781331 36.0 
260 314 5.034139534781331 36.0 
260 315 5.034139534781331 36.0 
260 316 5.034139534781331 36.0 
260 317 5.034139534781331 36.0 
261 314 5.034139534781331 36.0 
