304.0 277.0 3.6052402625905993 0.4636476090008061 40.0 
304.0 278.0 3.6052402625905993 0.4636476090008061 40.0 
304.0 279.0 3.6052402625905993 0.4636476090008061 40.0 
304.0 280.0 3.6052402625905993 0.4636476090008061 40.0 
305.0 275.0 3.6052402625905993 0.4636476090008061 40.0 
305.0 276.0 3.6052402625905993 0.4636476090008061 40.0 
305.0 277.0 3.6052402625905993 0.4636476090008061 40.0 
305.0 278.0 3.6052402625905993 0.4636476090008061 40.0 
305.0 279.0 3.6052402625905993 0.4636476090008061 40.0 
305.0 280.0 3.6052402625905993 0.4636476090008061 40.0 
306.0 275.0 3.6052402625905993 0.4636476090008061 40.0 
306.0 276.0 3.6052402625905993 0.4636476090008061 40.0 
306.0 277.0 3.6052402625905993 0.4636476090008061 40.0 
306.0 278.0 3.6052402625905993 0.4636476090008061 40.0 
306.0 279.0 3.6052402625905993 0.4636476090008061 40.0 
306.0 280.0 3.6052402625905993 0.4636476090008061 40.0 
306.0 281.0 3.6052402625905993 0.4636476090008061 40.0 
307.0 276.0 3.6052402625905993 0.4636476090008061 40.0 
307.0 277.0 3.6052402625905993 0.4636476090008061 40.0 
307.0 278.0 3.6052402625905993 0.4636476090008061 40.0 
307.0 279.0 3.6052402625905993 0.4636476090008061 40.0 
307.0 280.0 3.6052402625905993 0.4636476090008061 40.0 
307.0 281.0 3.6052402625905993 0.4636476090008061 40.0 
308.0 276.0 3.6052402625905993 0.4636476090008061 40.0 
308.0 277.0 3.6052402625905993 0.4636476090008061 40.0 
308.0 278.0 3.6052402625905993 0.4636476090008061 40.0 
308.0 279.0 3.6052402625905993 0.4636476090008061 40.0 
308.0 280.0 3.6052402625905993 0.4636476090008061 40.0 
308.0 281.0 3.6052402625905993 0.4636476090008061 40.0 
308.0 282.0 3.6052402625905993 0.4636476090008061 40.0 
309.0 277.0 3.6052402625905993 0.4636476090008061 40.0 
309.0 278.0 3.6052402625905993 0.4636476090008061 40.0 
309.0 279.0 3.6052402625905993 0.4636476090008061 40.0 
309.0 280.0 3.6052402625905993 0.4636476090008061 40.0 
309.0 281.0 3.6052402625905993 0.4636476090008061 40.0 
309.0 282.0 3.6052402625905993 0.4636476090008061 40.0 
310.0 277.0 3.6052402625905993 0.4636476090008061 40.0 
310.0 278.0 3.6052402625905993 0.4636476090008061 40.0 
310.0 279.0 3.6052402625905993 0.4636476090008061 40.0 
310.0 280.0 3.6052402625905993 0.4636476090008061 40.0 
310.0 281.0 3.6052402625905993 0.4636476090008061 40.0 
310.0 282.0 3.6052402625905993 0.4636476090008061 40.0 
310.0 283.0 3.6052402625905993 0.4636476090008061 40.0 
311.0 278.0 3.6052402625905993 0.4636476090008061 40.0 
311.0 279.0 3.6052402625905993 0.4636476090008061 40.0 
311.0 280.0 3.6052402625905993 0.4636476090008061 40.0 
311.0 281.0 3.6052402625905993 0.4636476090008061 40.0 
311.0 282.0 3.6052402625905993 0.4636476090008061 40.0 
311.0 283.0 3.6052402625905993 0.4636476090008061 40.0 
312.0 278.0 3.6052402625905993 0.4636476090008061 40.0 
312.0 279.0 3.6052402625905993 0.4636476090008061 40.0 
312.0 280.0 3.6052402625905993 0.4636476090008061 40.0 
312.0 281.0 3.6052402625905993 0.4636476090008061 40.0 
312.0 282.0 3.6052402625905993 0.4636476090008061 40.0 
312.0 283.0 3.6052402625905993 0.4636476090008061 40.0 
312.0 284.0 3.6052402625905993 0.4636476090008061 40.0 
313.0 279.0 3.6052402625905993 0.4636476090008061 40.0 
313.0 280.0 3.6052402625905993 0.4636476090008061 40.0 
313.0 281.0 3.6052402625905993 0.4636476090008061 40.0 
313.0 282.0 3.6052402625905993 0.4636476090008061 40.0 
313.0 283.0 3.6052402625905993 0.4636476090008061 40.0 
313.0 284.0 3.6052402625905993 0.4636476090008061 40.0 
314.0 279.0 3.6052402625905993 0.4636476090008061 40.0 
314.0 280.0 3.6052402625905993 0.4636476090008061 40.0 
314.0 281.0 3.6052402625905993 0.4636476090008061 40.0 
314.0 282.0 3.6052402625905993 0.4636476090008061 40.0 
314.0 283.0 3.6052402625905993 0.4636476090008061 40.0 
314.0 284.0 3.6052402625905993 0.4636476090008061 40.0 
314.0 285.0 3.6052402625905993 0.4636476090008061 40.0 
315.0 280.0 3.6052402625905993 0.4636476090008061 40.0 
315.0 281.0 3.6052402625905993 0.4636476090008061 40.0 
315.0 282.0 3.6052402625905993 0.4636476090008061 40.0 
315.0 283.0 3.6052402625905993 0.4636476090008061 40.0 
315.0 284.0 3.6052402625905993 0.4636476090008061 40.0 
315.0 285.0 3.6052402625905993 0.4636476090008061 40.0 
316.0 280.0 3.6052402625905993 0.4636476090008061 40.0 
316.0 281.0 3.6052402625905993 0.4636476090008061 40.0 
316.0 282.0 3.6052402625905993 0.4636476090008061 40.0 
316.0 283.0 3.6052402625905993 0.4636476090008061 40.0 
316.0 284.0 3.6052402625905993 0.4636476090008061 40.0 
316.0 285.0 3.6052402625905993 0.4636476090008061 40.0 
316.0 286.0 3.6052402625905993 0.4636476090008061 40.0 
317.0 281.0 3.6052402625905993 0.4636476090008061 40.0 
317.0 282.0 3.6052402625905993 0.4636476090008061 40.0 
317.0 283.0 3.6052402625905993 0.4636476090008061 40.0 
317.0 284.0 3.6052402625905993 0.4636476090008061 40.0 
317.0 285.0 3.6052402625905993 0.4636476090008061 40.0 
317.0 286.0 3.6052402625905993 0.4636476090008061 40.0 
318.0 281.0 3.6052402625905993 0.4636476090008061 40.0 
318.0 282.0 3.6052402625905993 0.4636476090008061 40.0 
318.0 283.0 3.6052402625905993 0.4636476090008061 40.0 
318.0 284.0 3.6052402625905993 0.4636476090008061 40.0 
318.0 285.0 3.6052402625905993 0.4636476090008061 40.0 
318.0 286.0 3.6052402625905993 0.4636476090008061 40.0 
318.0 287.0 3.6052402625905993 0.4636476090008061 40.0 
319.0 282.0 3.6052402625905993 0.4636476090008061 40.0 
319.0 283.0 3.6052402625905993 0.4636476090008061 40.0 
319.0 284.0 3.6052402625905993 0.4636476090008061 40.0 
319.0 285.0 3.6052402625905993 0.4636476090008061 40.0 
319.0 286.0 3.6052402625905993 0.4636476090008061 40.0 
319.0 287.0 3.6052402625905993 0.4636476090008061 40.0 
320.0 282.0 3.6052402625905993 0.4636476090008061 40.0 
320.0 283.0 3.6052402625905993 0.4636476090008061 40.0 
320.0 284.0 3.6052402625905993 0.4636476090008061 40.0 
320.0 285.0 3.6052402625905993 0.4636476090008061 40.0 
320.0 286.0 3.6052402625905993 0.4636476090008061 40.0 
320.0 287.0 3.6052402625905993 0.4636476090008061 40.0 
320.0 288.0 3.6052402625905993 0.4636476090008061 40.0 
321.0 283.0 3.6052402625905993 0.4636476090008061 40.0 
321.0 284.0 3.6052402625905993 0.4636476090008061 40.0 
321.0 285.0 3.6052402625905993 0.4636476090008061 40.0 
321.0 286.0 3.6052402625905993 0.4636476090008061 40.0 
321.0 287.0 3.6052402625905993 0.4636476090008061 40.0 
321.0 288.0 3.6052402625905993 0.4636476090008061 40.0 
322.0 283.0 3.6052402625905993 0.4636476090008061 40.0 
322.0 284.0 3.6052402625905993 0.4636476090008061 40.0 
322.0 285.0 3.6052402625905993 0.4636476090008061 40.0 
322.0 286.0 3.6052402625905993 0.4636476090008061 40.0 
322.0 287.0 3.6052402625905993 0.4636476090008061 40.0 
322.0 288.0 3.6052402625905993 0.4636476090008061 40.0 
322.0 289.0 3.6052402625905993 0.4636476090008061 40.0 
323.0 284.0 3.6052402625905993 0.4636476090008061 40.0 
323.0 285.0 3.6052402625905993 0.4636476090008061 40.0 
323.0 286.0 3.6052402625905993 0.4636476090008061 40.0 
323.0 287.0 3.6052402625905993 0.4636476090008061 40.0 
323.0 288.0 3.6052402625905993 0.4636476090008061 40.0 
323.0 289.0 3.6052402625905993 0.4636476090008061 40.0 
324.0 284.0 3.6052402625905993 0.4636476090008061 40.0 
324.0 285.0 3.6052402625905993 0.4636476090008061 40.0 
324.0 286.0 3.6052402625905993 0.4636476090008061 40.0 
324.0 287.0 3.6052402625905993 0.4636476090008061 40.0 
324.0 288.0 3.6052402625905993 0.4636476090008061 40.0 
324.0 289.0 3.6052402625905993 0.4636476090008061 40.0 
324.0 290.0 3.6052402625905993 0.4636476090008061 40.0 
325.0 285.0 3.6052402625905993 0.4636476090008061 40.0 
325.0 286.0 3.6052402625905993 0.4636476090008061 40.0 
325.0 287.0 3.6052402625905993 0.4636476090008061 40.0 
325.0 288.0 3.6052402625905993 0.4636476090008061 40.0 
325.0 289.0 3.6052402625905993 0.4636476090008061 40.0 
325.0 290.0 3.6052402625905993 0.4636476090008061 40.0 
326.0 285.0 3.6052402625905993 0.4636476090008061 40.0 
326.0 286.0 3.6052402625905993 0.4636476090008061 40.0 
326.0 287.0 3.6052402625905993 0.4636476090008061 40.0 
326.0 288.0 3.6052402625905993 0.4636476090008061 40.0 
326.0 289.0 3.6052402625905993 0.4636476090008061 40.0 
326.0 290.0 3.6052402625905993 0.4636476090008061 40.0 
326.0 291.0 3.6052402625905993 0.4636476090008061 40.0 
327.0 286.0 3.6052402625905993 0.4636476090008061 40.0 
327.0 287.0 3.6052402625905993 0.4636476090008061 40.0 
327.0 288.0 3.6052402625905993 0.4636476090008061 40.0 
327.0 289.0 3.6052402625905993 0.4636476090008061 40.0 
327.0 290.0 3.6052402625905993 0.4636476090008061 40.0 
327.0 291.0 3.6052402625905993 0.4636476090008061 40.0 
328.0 286.0 3.6052402625905993 0.4636476090008061 40.0 
328.0 287.0 3.6052402625905993 0.4636476090008061 40.0 
328.0 288.0 3.6052402625905993 0.4636476090008061 40.0 
328.0 289.0 3.6052402625905993 0.4636476090008061 40.0 
328.0 290.0 3.6052402625905993 0.4636476090008061 40.0 
328.0 291.0 3.6052402625905993 0.4636476090008061 40.0 
328.0 292.0 3.6052402625905993 0.4636476090008061 40.0 
329.0 287.0 3.6052402625905993 0.4636476090008061 40.0 
329.0 288.0 3.6052402625905993 0.4636476090008061 40.0 
329.0 289.0 3.6052402625905993 0.4636476090008061 40.0 
329.0 290.0 3.6052402625905993 0.4636476090008061 40.0 
329.0 291.0 3.6052402625905993 0.4636476090008061 40.0 
329.0 292.0 3.6052402625905993 0.4636476090008061 40.0 
330.0 287.0 3.6052402625905993 0.4636476090008061 40.0 
330.0 288.0 3.6052402625905993 0.4636476090008061 40.0 
330.0 289.0 3.6052402625905993 0.4636476090008061 40.0 
330.0 290.0 3.6052402625905993 0.4636476090008061 40.0 
330.0 291.0 3.6052402625905993 0.4636476090008061 40.0 
330.0 292.0 3.6052402625905993 0.4636476090008061 40.0 
330.0 293.0 3.6052402625905993 0.4636476090008061 40.0 
331.0 288.0 3.6052402625905993 0.4636476090008061 40.0 
331.0 289.0 3.6052402625905993 0.4636476090008061 40.0 
331.0 290.0 3.6052402625905993 0.4636476090008061 40.0 
331.0 291.0 3.6052402625905993 0.4636476090008061 40.0 
331.0 292.0 3.6052402625905993 0.4636476090008061 40.0 
331.0 293.0 3.6052402625905993 0.4636476090008061 40.0 
332.0 288.0 3.6052402625905993 0.4636476090008061 40.0 
332.0 289.0 3.6052402625905993 0.4636476090008061 40.0 
332.0 290.0 3.6052402625905993 0.4636476090008061 40.0 
332.0 291.0 3.6052402625905993 0.4636476090008061 40.0 
332.0 292.0 3.6052402625905993 0.4636476090008061 40.0 
332.0 293.0 3.6052402625905993 0.4636476090008061 40.0 
332.0 294.0 3.6052402625905993 0.4636476090008061 40.0 
333.0 289.0 3.6052402625905993 0.4636476090008061 40.0 
333.0 290.0 3.6052402625905993 0.4636476090008061 40.0 
333.0 291.0 3.6052402625905993 0.4636476090008061 40.0 
333.0 292.0 3.6052402625905993 0.4636476090008061 40.0 
333.0 293.0 3.6052402625905993 0.4636476090008061 40.0 
333.0 294.0 3.6052402625905993 0.4636476090008061 40.0 
334.0 289.0 3.6052402625905993 0.4636476090008061 40.0 
334.0 290.0 3.6052402625905993 0.4636476090008061 40.0 
334.0 291.0 3.6052402625905993 0.4636476090008061 40.0 
334.0 292.0 3.6052402625905993 0.4636476090008061 40.0 
334.0 293.0 3.6052402625905993 0.4636476090008061 40.0 
334.0 294.0 3.6052402625905993 0.4636476090008061 40.0 
334.0 295.0 3.6052402625905993 0.4636476090008061 40.0 
335.0 290.0 3.6052402625905993 0.4636476090008061 40.0 
335.0 291.0 3.6052402625905993 0.4636476090008061 40.0 
335.0 292.0 3.6052402625905993 0.4636476090008061 40.0 
335.0 293.0 3.6052402625905993 0.4636476090008061 40.0 
335.0 294.0 3.6052402625905993 0.4636476090008061 40.0 
335.0 295.0 3.6052402625905993 0.4636476090008061 40.0 
336.0 290.0 3.6052402625905993 0.4636476090008061 40.0 
336.0 291.0 3.6052402625905993 0.4636476090008061 40.0 
336.0 292.0 3.6052402625905993 0.4636476090008061 40.0 
336.0 293.0 3.6052402625905993 0.4636476090008061 40.0 
336.0 294.0 3.6052402625905993 0.4636476090008061 40.0 
336.0 295.0 3.6052402625905993 0.4636476090008061 40.0 
336.0 296.0 3.6052402625905993 0.4636476090008061 40.0 
337.0 291.0 3.6052402625905993 0.4636476090008061 40.0 
337.0 292.0 3.6052402625905993 0.4636476090008061 40.0 
337.0 293.0 3.6052402625905993 0.4636476090008061 40.0 
337.0 294.0 3.6052402625905993 0.4636476090008061 40.0 
337.0 295.0 3.6052402625905993 0.4636476090008061 40.0 
337.0 296.0 3.6052402625905993 0.4636476090008061 40.0 
338.0 291.0 3.6052402625905993 0.4636476090008061 40.0 
338.0 292.0 3.6052402625905993 0.4636476090008061 40.0 
338.0 293.0 3.6052402625905993 0.4636476090008061 40.0 
