253.0 263.0 4.618075029057508 1.4764823754677152 60.0 
253.0 264.0 4.618075029057508 1.4764823754677152 60.0 
253.0 265.0 4.618075029057508 1.4764823754677152 60.0 
253.0 266.0 4.618075029057508 1.4764823754677152 60.0 
253.0 267.0 4.618075029057508 1.4764823754677152 60.0 
253.0 268.0 4.618075029057508 1.4764823754677152 60.0 
253.0 269.0 4.618075029057508 1.4764823754677152 60.0 
253.0 270.0 4.618075029057508 1.4764823754677152 60.0 
253.0 271.0 4.618075029057508 1.4764823754677152 60.0 
253.0 272.0 4.618075029057508 1.4764823754677152 60.0 
254.0 263.0 4.618075029057508 1.4764823754677152 60.0 
254.0 264.0 4.618075029057508 1.4764823754677152 60.0 
254.0 265.0 4.618075029057508 1.4764823754677152 60.0 
254.0 266.0 4.618075029057508 1.4764823754677152 60.0 
254.0 267.0 4.618075029057508 1.4764823754677152 60.0 
254.0 268.0 4.618075029057508 1.4764823754677152 60.0 
254.0 269.0 4.618075029057508 1.4764823754677152 60.0 
254.0 270.0 4.618075029057508 1.4764823754677152 60.0 
254.0 271.0 4.618075029057508 1.4764823754677152 60.0 
254.0 272.0 4.618075029057508 1.4764823754677152 60.0 
254.0 273.0 4.618075029057508 1.4764823754677152 60.0 
254.0 274.0 4.618075029057508 1.4764823754677152 60.0 
254.0 275.0 4.618075029057508 1.4764823754677152 60.0 
254.0 276.0 4.618075029057508 1.4764823754677152 60.0 
254.0 277.0 4.618075029057508 1.4764823754677152 60.0 
254.0 278.0 4.618075029057508 1.4764823754677152 60.0 
254.0 279.0 4.618075029057508 1.4764823754677152 60.0 
254.0 280.0 4.618075029057508 1.4764823754677152 60.0 
254.0 281.0 4.618075029057508 1.4764823754677152 60.0 
254.0 282.0 4.618075029057508 1.4764823754677152 60.0 
254.0 283.0 4.618075029057508 1.4764823754677152 60.0 
255.0 262.0 4.618075029057508 1.4764823754677152 60.0 
255.0 263.0 4.618075029057508 1.4764823754677152 60.0 
255.0 264.0 4.618075029057508 1.4764823754677152 60.0 
255.0 265.0 4.618075029057508 1.4764823754677152 60.0 
255.0 266.0 4.618075029057508 1.4764823754677152 60.0 
255.0 267.0 4.618075029057508 1.4764823754677152 60.0 
255.0 268.0 4.618075029057508 1.4764823754677152 60.0 
255.0 269.0 4.618075029057508 1.4764823754677152 60.0 
255.0 270.0 4.618075029057508 1.4764823754677152 60.0 
255.0 271.0 4.618075029057508 1.4764823754677152 60.0 
255.0 272.0 4.618075029057508 1.4764823754677152 60.0 
255.0 273.0 4.618075029057508 1.4764823754677152 60.0 
255.0 274.0 4.618075029057508 1.4764823754677152 60.0 
255.0 275.0 4.618075029057508 1.4764823754677152 60.0 
255.0 276.0 4.618075029057508 1.4764823754677152 60.0 
255.0 277.0 4.618075029057508 1.4764823754677152 60.0 
255.0 278.0 4.618075029057508 1.4764823754677152 60.0 
255.0 279.0 4.618075029057508 1.4764823754677152 60.0 
255.0 280.0 4.618075029057508 1.4764823754677152 60.0 
255.0 281.0 4.618075029057508 1.4764823754677152 60.0 
255.0 282.0 4.618075029057508 1.4764823754677152 60.0 
255.0 283.0 4.618075029057508 1.4764823754677152 60.0 
255.0 284.0 4.618075029057508 1.4764823754677152 60.0 
255.0 285.0 4.618075029057508 1.4764823754677152 60.0 
255.0 286.0 4.618075029057508 1.4764823754677152 60.0 
255.0 287.0 4.618075029057508 1.4764823754677152 60.0 
255.0 288.0 4.618075029057508 1.4764823754677152 60.0 
255.0 289.0 4.618075029057508 1.4764823754677152 60.0 
255.0 290.0 4.618075029057508 1.4764823754677152 60.0 
255.0 291.0 4.618075029057508 1.4764823754677152 60.0 
255.0 292.0 4.618075029057508 1.4764823754677152 60.0 
255.0 293.0 4.618075029057508 1.4764823754677152 60.0 
256.0 262.0 4.618075029057508 1.4764823754677152 60.0 
256.0 263.0 4.618075029057508 1.4764823754677152 60.0 
256.0 264.0 4.618075029057508 1.4764823754677152 60.0 
256.0 265.0 4.618075029057508 1.4764823754677152 60.0 
256.0 266.0 4.618075029057508 1.4764823754677152 60.0 
256.0 267.0 4.618075029057508 1.4764823754677152 60.0 
256.0 268.0 4.618075029057508 1.4764823754677152 60.0 
256.0 269.0 4.618075029057508 1.4764823754677152 60.0 
256.0 270.0 4.618075029057508 1.4764823754677152 60.0 
256.0 271.0 4.618075029057508 1.4764823754677152 60.0 
256.0 272.0 4.618075029057508 1.4764823754677152 60.0 
256.0 273.0 4.618075029057508 1.4764823754677152 60.0 
256.0 274.0 4.618075029057508 1.4764823754677152 60.0 
256.0 275.0 4.618075029057508 1.4764823754677152 60.0 
256.0 276.0 4.618075029057508 1.4764823754677152 60.0 
256.0 277.0 4.618075029057508 1.4764823754677152 60.0 
256.0 278.0 4.618075029057508 1.4764823754677152 60.0 
256.0 279.0 4.618075029057508 1.4764823754677152 60.0 
256.0 280.0 4.618075029057508 1.4764823754677152 60.0 
256.0 281.0 4.618075029057508 1.4764823754677152 60.0 
256.0 282.0 4.618075029057508 1.4764823754677152 60.0 
256.0 283.0 4.618075029057508 1.4764823754677152 60.0 
256.0 284.0 4.618075029057508 1.4764823754677152 60.0 
256.0 285.0 4.618075029057508 1.4764823754677152 60.0 
256.0 286.0 4.618075029057508 1.4764823754677152 60.0 
256.0 287.0 4.618075029057508 1.4764823754677152 60.0 
256.0 288.0 4.618075029057508 1.4764823754677152 60.0 
256.0 289.0 4.618075029057508 1.4764823754677152 60.0 
256.0 290.0 4.618075029057508 1.4764823754677152 60.0 
256.0 291.0 4.618075029057508 1.4764823754677152 60.0 
256.0 292.0 4.618075029057508 1.4764823754677152 60.0 
256.0 293.0 4.618075029057508 1.4764823754677152 60.0 
256.0 294.0 4.618075029057508 1.4764823754677152 60.0 
256.0 295.0 4.618075029057508 1.4764823754677152 60.0 
256.0 296.0 4.618075029057508 1.4764823754677152 60.0 
256.0 297.0 4.618075029057508 1.4764823754677152 60.0 
256.0 298.0 4.618075029057508 1.4764823754677152 60.0 
256.0 299.0 4.618075029057508 1.4764823754677152 60.0 
256.0 300.0 4.618075029057508 1.4764823754677152 60.0 
256.0 301.0 4.618075029057508 1.4764823754677152 60.0 
256.0 302.0 4.618075029057508 1.4764823754677152 60.0 
256.0 303.0 4.618075029057508 1.4764823754677152 60.0 
256.0 304.0 4.618075029057508 1.4764823754677152 60.0 
257.0 262.0 4.618075029057508 1.4764823754677152 60.0 
257.0 263.0 4.618075029057508 1.4764823754677152 60.0 
257.0 264.0 4.618075029057508 1.4764823754677152 60.0 
257.0 265.0 4.618075029057508 1.4764823754677152 60.0 
257.0 266.0 4.618075029057508 1.4764823754677152 60.0 
257.0 267.0 4.618075029057508 1.4764823754677152 60.0 
257.0 268.0 4.618075029057508 1.4764823754677152 60.0 
257.0 269.0 4.618075029057508 1.4764823754677152 60.0 
257.0 270.0 4.618075029057508 1.4764823754677152 60.0 
257.0 271.0 4.618075029057508 1.4764823754677152 60.0 
257.0 272.0 4.618075029057508 1.4764823754677152 60.0 
257.0 273.0 4.618075029057508 1.4764823754677152 60.0 
257.0 274.0 4.618075029057508 1.4764823754677152 60.0 
257.0 275.0 4.618075029057508 1.4764823754677152 60.0 
257.0 276.0 4.618075029057508 1.4764823754677152 60.0 
257.0 277.0 4.618075029057508 1.4764823754677152 60.0 
257.0 278.0 4.618075029057508 1.4764823754677152 60.0 
257.0 279.0 4.618075029057508 1.4764823754677152 60.0 
257.0 280.0 4.618075029057508 1.4764823754677152 60.0 
257.0 281.0 4.618075029057508 1.4764823754677152 60.0 
257.0 282.0 4.618075029057508 1.4764823754677152 60.0 
257.0 283.0 4.618075029057508 1.4764823754677152 60.0 
257.0 284.0 4.618075029057508 1.4764823754677152 60.0 
257.0 285.0 4.618075029057508 1.4764823754677152 60.0 
257.0 286.0 4.618075029057508 1.4764823754677152 60.0 
257.0 287.0 4.618075029057508 1.4764823754677152 60.0 
257.0 288.0 4.618075029057508 1.4764823754677152 60.0 
257.0 289.0 4.618075029057508 1.4764823754677152 60.0 
257.0 290.0 4.618075029057508 1.4764823754677152 60.0 
257.0 291.0 4.618075029057508 1.4764823754677152 60.0 
257.0 292.0 4.618075029057508 1.4764823754677152 60.0 
257.0 293.0 4.618075029057508 1.4764823754677152 60.0 
257.0 294.0 4.618075029057508 1.4764823754677152 60.0 
257.0 295.0 4.618075029057508 1.4764823754677152 60.0 
257.0 296.0 4.618075029057508 1.4764823754677152 60.0 
257.0 297.0 4.618075029057508 1.4764823754677152 60.0 
257.0 298.0 4.618075029057508 1.4764823754677152 60.0 
257.0 299.0 4.618075029057508 1.4764823754677152 60.0 
257.0 300.0 4.618075029057508 1.4764823754677152 60.0 
257.0 301.0 4.618075029057508 1.4764823754677152 60.0 
257.0 302.0 4.618075029057508 1.4764823754677152 60.0 
257.0 303.0 4.618075029057508 1.4764823754677152 60.0 
257.0 304.0 4.618075029057508 1.4764823754677152 60.0 
257.0 305.0 4.618075029057508 1.4764823754677152 60.0 
257.0 306.0 4.618075029057508 1.4764823754677152 60.0 
257.0 307.0 4.618075029057508 1.4764823754677152 60.0 
257.0 308.0 4.618075029057508 1.4764823754677152 60.0 
257.0 309.0 4.618075029057508 1.4764823754677152 60.0 
257.0 310.0 4.618075029057508 1.4764823754677152 60.0 
257.0 311.0 4.618075029057508 1.4764823754677152 60.0 
257.0 312.0 4.618075029057508 1.4764823754677152 60.0 
257.0 313.0 4.618075029057508 1.4764823754677152 60.0 
257.0 314.0 4.618075029057508 1.4764823754677152 60.0 
258.0 262.0 4.618075029057508 1.4764823754677152 60.0 
258.0 263.0 4.618075029057508 1.4764823754677152 60.0 
258.0 264.0 4.618075029057508 1.4764823754677152 60.0 
258.0 265.0 4.618075029057508 1.4764823754677152 60.0 
258.0 266.0 4.618075029057508 1.4764823754677152 60.0 
258.0 267.0 4.618075029057508 1.4764823754677152 60.0 
258.0 268.0 4.618075029057508 1.4764823754677152 60.0 
258.0 269.0 4.618075029057508 1.4764823754677152 60.0 
258.0 270.0 4.618075029057508 1.4764823754677152 60.0 
258.0 271.0 4.618075029057508 1.4764823754677152 60.0 
258.0 272.0 4.618075029057508 1.4764823754677152 60.0 
258.0 273.0 4.618075029057508 1.4764823754677152 60.0 
258.0 274.0 4.618075029057508 1.4764823754677152 60.0 
258.0 275.0 4.618075029057508 1.4764823754677152 60.0 
258.0 276.0 4.618075029057508 1.4764823754677152 60.0 
258.0 277.0 4.618075029057508 1.4764823754677152 60.0 
258.0 278.0 4.618075029057508 1.4764823754677152 60.0 
258.0 279.0 4.618075029057508 1.4764823754677152 60.0 
258.0 280.0 4.618075029057508 1.4764823754677152 60.0 
258.0 281.0 4.618075029057508 1.4764823754677152 60.0 
258.0 282.0 4.618075029057508 1.4764823754677152 60.0 
258.0 283.0 4.618075029057508 1.4764823754677152 60.0 
258.0 284.0 4.618075029057508 1.4764823754677152 60.0 
258.0 285.0 4.618075029057508 1.4764823754677152 60.0 
258.0 286.0 4.618075029057508 1.4764823754677152 60.0 
258.0 287.0 4.618075029057508 1.4764823754677152 60.0 
258.0 288.0 4.618075029057508 1.4764823754677152 60.0 
258.0 289.0 4.618075029057508 1.4764823754677152 60.0 
258.0 290.0 4.618075029057508 1.4764823754677152 60.0 
258.0 291.0 4.618075029057508 1.4764823754677152 60.0 
258.0 292.0 4.618075029057508 1.4764823754677152 60.0 
258.0 293.0 4.618075029057508 1.4764823754677152 60.0 
258.0 294.0 4.618075029057508 1.4764823754677152 60.0 
258.0 295.0 4.618075029057508 1.4764823754677152 60.0 
258.0 296.0 4.618075029057508 1.4764823754677152 60.0 
258.0 297.0 4.618075029057508 1.4764823754677152 60.0 
258.0 298.0 4.618075029057508 1.4764823754677152 60.0 
258.0 299.0 4.618075029057508 1.4764823754677152 60.0 
258.0 300.0 4.618075029057508 1.4764823754677152 60.0 
258.0 301.0 4.618075029057508 1.4764823754677152 60.0 
258.0 302.0 4.618075029057508 1.4764823754677152 60.0 
258.0 303.0 4.618075029057508 1.4764823754677152 60.0 
258.0 304.0 4.618075029057508 1.4764823754677152 60.0 
258.0 305.0 4.618075029057508 1.4764823754677152 60.0 
258.0 306.0 4.618075029057508 1.4764823754677152 60.0 
258.0 307.0 4.618075029057508 1.4764823754677152 60.0 
258.0 308.0 4.618075029057508 1.4764823754677152 60.0 
258.0 309.0 4.618075029057508 1.4764823754677152 60.0 
258.0 310.0 4.618075029057508 1.4764823754677152 60.0 
258.0 311.0 4.618075029057508 1.4764823754677152 60.0 
258.0 312.0 4.618075029057508 1.4764823754677152 60.0 
258.0 313.0 4.618075029057508 1.4764823754677152 60.0 
258.0 314.0 4.618075029057508 1.4764823754677152 60.0 
258.0 315.0 4.618075029057508 1.4764823754677152 60.0 
258.0 316.0 4.618075029057508 1.4764823754677152 60.0 
258.0 317.0 4.618075029057508 1.4764823754677152 60.0 
258.0 318.0 4.618075029057508 1.4764823754677152 60.0 
258.0 319.0 4.618075029057508 1.4764823754677152 60.0 
258.0 320.0 4.618075029057508 1.4764823754677152 60.0 
258.0 321.0 4.618075029057508 1.4764823754677152 60.0 
258.0 322.0 4.618075029057508 1.4764823754677152 60.0 
258.0 323.0 4.618075029057508 1.4764823754677152 60.0 
258.0 324.0 4.618075029057508 1.4764823754677152 60.0 
258.0 325.0 4.618075029057508 1.4764823754677152 60.0 
259.0 273.0 4.618075029057508 1.4764823754677152 60.0 
259.0 274.0 4.618075029057508 1.4764823754677152 60.0 
259.0 275.0 4.618075029057508 1.4764823754677152 60.0 
259.0 276.0 4.618075029057508 1.4764823754677152 60.0 
259.0 277.0 4.618075029057508 1.4764823754677152 60.0 
259.0 278.0 4.618075029057508 1.4764823754677152 60.0 
259.0 279.0 4.618075029057508 1.4764823754677152 60.0 
259.0 280.0 4.618075029057508 1.4764823754677152 60.0 
259.0 281.0 4.618075029057508 1.4764823754677152 60.0 
259.0 282.0 4.618075029057508 1.4764823754677152 60.0 
259.0 283.0 4.618075029057508 1.4764823754677152 60.0 
259.0 284.0 4.618075029057508 1.4764823754677152 60.0 
259.0 285.0 4.618075029057508 1.4764823754677152 60.0 
259.0 286.0 4.618075029057508 1.4764823754677152 60.0 
259.0 287.0 4.618075029057508 1.4764823754677152 60.0 
259.0 288.0 4.618075029057508 1.4764823754677152 60.0 
259.0 289.0 4.618075029057508 1.4764823754677152 60.0 
259.0 290.0 4.618075029057508 1.4764823754677152 60.0 
259.0 291.0 4.618075029057508 1.4764823754677152 60.0 
259.0 292.0 4.618075029057508 1.4764823754677152 60.0 
259.0 293.0 4.618075029057508 1.4764823754677152 60.0 
259.0 294.0 4.618075029057508 1.4764823754677152 60.0 
259.0 295.0 4.618075029057508 1.4764823754677152 60.0 
259.0 296.0 4.618075029057508 1.4764823754677152 60.0 
259.0 297.0 4.618075029057508 1.4764823754677152 60.0 
259.0 298.0 4.618075029057508 1.4764823754677152 60.0 
259.0 299.0 4.618075029057508 1.4764823754677152 60.0 
259.0 300.0 4.618075029057508 1.4764823754677152 60.0 
259.0 301.0 4.618075029057508 1.4764823754677152 60.0 
259.0 302.0 4.618075029057508 1.4764823754677152 60.0 
259.0 303.0 4.618075029057508 1.4764823754677152 60.0 
259.0 304.0 4.618075029057508 1.4764823754677152 60.0 
259.0 305.0 4.618075029057508 1.4764823754677152 60.0 
259.0 306.0 4.618075029057508 1.4764823754677152 60.0 
259.0 307.0 4.618075029057508 1.4764823754677152 60.0 
259.0 308.0 4.618075029057508 1.4764823754677152 60.0 
259.0 309.0 4.618075029057508 1.4764823754677152 60.0 
259.0 310.0 4.618075029057508 1.4764823754677152 60.0 
259.0 311.0 4.618075029057508 1.4764823754677152 60.0 
259.0 312.0 4.618075029057508 1.4764823754677152 60.0 
259.0 313.0 4.618075029057508 1.4764823754677152 60.0 
259.0 314.0 4.618075029057508 1.4764823754677152 60.0 
259.0 315.0 4.618075029057508 1.4764823754677152 60.0 
259.0 316.0 4.618075029057508 1.4764823754677152 60.0 
259.0 317.0 4.618075029057508 1.4764823754677152 60.0 
259.0 318.0 4.618075029057508 1.4764823754677152 60.0 
259.0 319.0 4.618075029057508 1.4764823754677152 60.0 
259.0 320.0 4.618075029057508 1.4764823754677152 60.0 
259.0 321.0 4.618075029057508 1.4764823754677152 60.0 
259.0 322.0 4.618075029057508 1.4764823754677152 60.0 
259.0 323.0 4.618075029057508 1.4764823754677152 60.0 
259.0 324.0 4.618075029057508 1.4764823754677152 60.0 
259.0 325.0 4.618075029057508 1.4764823754677152 60.0 
259.0 326.0 4.618075029057508 1.4764823754677152 60.0 
259.0 327.0 4.618075029057508 1.4764823754677152 60.0 
259.0 328.0 4.618075029057508 1.4764823754677152 60.0 
259.0 329.0 4.618075029057508 1.4764823754677152 60.0 
259.0 330.0 4.618075029057508 1.4764823754677152 60.0 
259.0 331.0 4.618075029057508 1.4764823754677152 60.0 
259.0 332.0 4.618075029057508 1.4764823754677152 60.0 
259.0 333.0 4.618075029057508 1.4764823754677152 60.0 
259.0 334.0 4.618075029057508 1.4764823754677152 60.0 
259.0 335.0 4.618075029057508 1.4764823754677152 60.0 
259.0 336.0 4.618075029057508 1.4764823754677152 60.0 
260.0 284.0 4.618075029057508 1.4764823754677152 60.0 
260.0 285.0 4.618075029057508 1.4764823754677152 60.0 
260.0 286.0 4.618075029057508 1.4764823754677152 60.0 
260.0 287.0 4.618075029057508 1.4764823754677152 60.0 
260.0 288.0 4.618075029057508 1.4764823754677152 60.0 
260.0 289.0 4.618075029057508 1.4764823754677152 60.0 
260.0 290.0 4.618075029057508 1.4764823754677152 60.0 
260.0 291.0 4.618075029057508 1.4764823754677152 60.0 
260.0 292.0 4.618075029057508 1.4764823754677152 60.0 
260.0 293.0 4.618075029057508 1.4764823754677152 60.0 
260.0 294.0 4.618075029057508 1.4764823754677152 60.0 
260.0 295.0 4.618075029057508 1.4764823754677152 60.0 
260.0 296.0 4.618075029057508 1.4764823754677152 60.0 
260.0 297.0 4.618075029057508 1.4764823754677152 60.0 
260.0 298.0 4.618075029057508 1.4764823754677152 60.0 
260.0 299.0 4.618075029057508 1.4764823754677152 60.0 
260.0 300.0 4.618075029057508 1.4764823754677152 60.0 
260.0 301.0 4.618075029057508 1.4764823754677152 60.0 
260.0 302.0 4.618075029057508 1.4764823754677152 60.0 
260.0 303.0 4.618075029057508 1.4764823754677152 60.0 
260.0 304.0 4.618075029057508 1.4764823754677152 60.0 
260.0 305.0 4.618075029057508 1.4764823754677152 60.0 
260.0 306.0 4.618075029057508 1.4764823754677152 60.0 
260.0 307.0 4.618075029057508 1.4764823754677152 60.0 
260.0 308.0 4.618075029057508 1.4764823754677152 60.0 
260.0 309.0 4.618075029057508 1.4764823754677152 60.0 
260.0 310.0 4.618075029057508 1.4764823754677152 60.0 
260.0 311.0 4.618075029057508 1.4764823754677152 60.0 
260.0 312.0 4.618075029057508 1.4764823754677152 60.0 
260.0 313.0 4.618075029057508 1.4764823754677152 60.0 
260.0 314.0 4.618075029057508 1.4764823754677152 60.0 
260.0 315.0 4.618075029057508 1.4764823754677152 60.0 
260.0 316.0 4.618075029057508 1.4764823754677152 60.0 
260.0 317.0 4.618075029057508 1.4764823754677152 60.0 
260.0 318.0 4.618075029057508 1.4764823754677152 60.0 
260.0 319.0 4.618075029057508 1.4764823754677152 60.0 
260.0 320.0 4.618075029057508 1.4764823754677152 60.0 
260.0 321.0 4.618075029057508 1.4764823754677152 60.0 
260.0 322.0 4.618075029057508 1.4764823754677152 60.0 
260.0 323.0 4.618075029057508 1.4764823754677152 60.0 
260.0 324.0 4.618075029057508 1.4764823754677152 60.0 
260.0 325.0 4.618075029057508 1.4764823754677152 60.0 
260.0 326.0 4.618075029057508 1.4764823754677152 60.0 
260.0 327.0 4.618075029057508 1.4764823754677152 60.0 
260.0 328.0 4.618075029057508 1.4764823754677152 60.0 
260.0 329.0 4.618075029057508 1.4764823754677152 60.0 
260.0 330.0 4.618075029057508 1.4764823754677152 60.0 
260.0 331.0 4.618075029057508 1.4764823754677152 60.0 
260.0 332.0 4.618075029057508 1.4764823754677152 60.0 
260.0 333.0 4.618075029057508 1.4764823754677152 60.0 
260.0 334.0 4.618075029057508 1.4764823754677152 60.0 
260.0 335.0 4.618075029057508 1.4764823754677152 60.0 
260.0 336.0 4.618075029057508 1.4764823754677152 60.0 
261.0 294.0 4.618075029057508 1.4764823754677152 60.0 
261.0 295.0 4.618075029057508 1.4764823754677152 60.0 
261.0 296.0 4.618075029057508 1.4764823754677152 60.0 
261.0 297.0 4.618075029057508 1.4764823754677152 60.0 
261.0 298.0 4.618075029057508 1.4764823754677152 60.0 
261.0 299.0 4.618075029057508 1.4764823754677152 60.0 
261.0 300.0 4.618075029057508 1.4764823754677152 60.0 
261.0 301.0 4.618075029057508 1.4764823754677152 60.0 
261.0 302.0 4.618075029057508 1.4764823754677152 60.0 
261.0 303.0 4.618075029057508 1.4764823754677152 60.0 
261.0 304.0 4.618075029057508 1.4764823754677152 60.0 
261.0 305.0 4.618075029057508 1.4764823754677152 60.0 
261.0 306.0 4.618075029057508 1.4764823754677152 60.0 
261.0 307.0 4.618075029057508 1.4764823754677152 60.0 
261.0 308.0 4.618075029057508 1.4764823754677152 60.0 
261.0 309.0 4.618075029057508 1.4764823754677152 60.0 
261.0 310.0 4.618075029057508 1.4764823754677152 60.0 
261.0 311.0 4.618075029057508 1.4764823754677152 60.0 
261.0 312.0 4.618075029057508 1.4764823754677152 60.0 
261.0 313.0 4.618075029057508 1.4764823754677152 60.0 
261.0 314.0 4.618075029057508 1.4764823754677152 60.0 
261.0 315.0 4.618075029057508 1.4764823754677152 60.0 
261.0 316.0 4.618075029057508 1.4764823754677152 60.0 
261.0 317.0 4.618075029057508 1.4764823754677152 60.0 
261.0 318.0 4.618075029057508 1.4764823754677152 60.0 
261.0 319.0 4.618075029057508 1.4764823754677152 60.0 
261.0 320.0 4.618075029057508 1.4764823754677152 60.0 
261.0 321.0 4.618075029057508 1.4764823754677152 60.0 
261.0 322.0 4.618075029057508 1.4764823754677152 60.0 
261.0 323.0 4.618075029057508 1.4764823754677152 60.0 
261.0 324.0 4.618075029057508 1.4764823754677152 60.0 
261.0 325.0 4.618075029057508 1.4764823754677152 60.0 
261.0 326.0 4.618075029057508 1.4764823754677152 60.0 
261.0 327.0 4.618075029057508 1.4764823754677152 60.0 
261.0 328.0 4.618075029057508 1.4764823754677152 60.0 
261.0 329.0 4.618075029057508 1.4764823754677152 60.0 
261.0 330.0 4.618075029057508 1.4764823754677152 60.0 
261.0 331.0 4.618075029057508 1.4764823754677152 60.0 
261.0 332.0 4.618075029057508 1.4764823754677152 60.0 
261.0 333.0 4.618075029057508 1.4764823754677152 60.0 
261.0 334.0 4.618075029057508 1.4764823754677152 60.0 
261.0 335.0 4.618075029057508 1.4764823754677152 60.0 
261.0 336.0 4.618075029057508 1.4764823754677152 60.0 
262.0 305.0 4.618075029057508 1.4764823754677152 60.0 
262.0 306.0 4.618075029057508 1.4764823754677152 60.0 
262.0 307.0 4.618075029057508 1.4764823754677152 60.0 
262.0 308.0 4.618075029057508 1.4764823754677152 60.0 
262.0 309.0 4.618075029057508 1.4764823754677152 60.0 
262.0 310.0 4.618075029057508 1.4764823754677152 60.0 
262.0 311.0 4.618075029057508 1.4764823754677152 60.0 
262.0 312.0 4.618075029057508 1.4764823754677152 60.0 
262.0 313.0 4.618075029057508 1.4764823754677152 60.0 
262.0 314.0 4.618075029057508 1.4764823754677152 60.0 
262.0 315.0 4.618075029057508 1.4764823754677152 60.0 
262.0 316.0 4.618075029057508 1.4764823754677152 60.0 
262.0 317.0 4.618075029057508 1.4764823754677152 60.0 
262.0 318.0 4.618075029057508 1.4764823754677152 60.0 
262.0 319.0 4.618075029057508 1.4764823754677152 60.0 
262.0 320.0 4.618075029057508 1.4764823754677152 60.0 
262.0 321.0 4.618075029057508 1.4764823754677152 60.0 
262.0 322.0 4.618075029057508 1.4764823754677152 60.0 
262.0 323.0 4.618075029057508 1.4764823754677152 60.0 
262.0 324.0 4.618075029057508 1.4764823754677152 60.0 
262.0 325.0 4.618075029057508 1.4764823754677152 60.0 
262.0 326.0 4.618075029057508 1.4764823754677152 60.0 
262.0 327.0 4.618075029057508 1.4764823754677152 60.0 
262.0 328.0 4.618075029057508 1.4764823754677152 60.0 
262.0 329.0 4.618075029057508 1.4764823754677152 60.0 
262.0 330.0 4.618075029057508 1.4764823754677152 60.0 
262.0 331.0 4.618075029057508 1.4764823754677152 60.0 
262.0 332.0 4.618075029057508 1.4764823754677152 60.0 
262.0 333.0 4.618075029057508 1.4764823754677152 60.0 
262.0 334.0 4.618075029057508 1.4764823754677152 60.0 
262.0 335.0 4.618075029057508 1.4764823754677152 60.0 
263.0 315.0 4.618075029057508 1.4764823754677152 60.0 
263.0 316.0 4.618075029057508 1.4764823754677152 60.0 
263.0 317.0 4.618075029057508 1.4764823754677152 60.0 
263.0 318.0 4.618075029057508 1.4764823754677152 60.0 
263.0 319.0 4.618075029057508 1.4764823754677152 60.0 
263.0 320.0 4.618075029057508 1.4764823754677152 60.0 
263.0 321.0 4.618075029057508 1.4764823754677152 60.0 
263.0 322.0 4.618075029057508 1.4764823754677152 60.0 
263.0 323.0 4.618075029057508 1.4764823754677152 60.0 
263.0 324.0 4.618075029057508 1.4764823754677152 60.0 
263.0 325.0 4.618075029057508 1.4764823754677152 60.0 
263.0 326.0 4.618075029057508 1.4764823754677152 60.0 
263.0 327.0 4.618075029057508 1.4764823754677152 60.0 
263.0 328.0 4.618075029057508 1.4764823754677152 60.0 
263.0 329.0 4.618075029057508 1.4764823754677152 60.0 
263.0 330.0 4.618075029057508 1.4764823754677152 60.0 
263.0 331.0 4.618075029057508 1.4764823754677152 60.0 
263.0 332.0 4.618075029057508 1.4764823754677152 60.0 
263.0 333.0 4.618075029057508 1.4764823754677152 60.0 
263.0 334.0 4.618075029057508 1.4764823754677152 60.0 
263.0 335.0 4.618075029057508 1.4764823754677152 60.0 
264.0 326.0 4.618075029057508 1.4764823754677152 60.0 
264.0 327.0 4.618075029057508 1.4764823754677152 60.0 
264.0 328.0 4.618075029057508 1.4764823754677152 60.0 
264.0 329.0 4.618075029057508 1.4764823754677152 60.0 
264.0 330.0 4.618075029057508 1.4764823754677152 60.0 
264.0 331.0 4.618075029057508 1.4764823754677152 60.0 
264.0 332.0 4.618075029057508 1.4764823754677152 60.0 
264.0 333.0 4.618075029057508 1.4764823754677152 60.0 
264.0 334.0 4.618075029057508 1.4764823754677152 60.0 
264.0 335.0 4.618075029057508 1.4764823754677152 60.0 
262.0 346.0 4.532535480592211 1.3909428270024176 40.0 
262.0 347.0 4.532535480592211 1.3909428270024176 40.0 
262.0 348.0 4.532535480592211 1.3909428270024176 40.0 
262.0 349.0 4.532535480592211 1.3909428270024176 40.0 
262.0 350.0 4.532535480592211 1.3909428270024176 40.0 
263.0 346.0 4.532535480592211 1.3909428270024176 40.0 
263.0 347.0 4.532535480592211 1.3909428270024176 40.0 
263.0 348.0 4.532535480592211 1.3909428270024176 40.0 
263.0 349.0 4.532535480592211 1.3909428270024176 40.0 
263.0 350.0 4.532535480592211 1.3909428270024176 40.0 
263.0 351.0 4.532535480592211 1.3909428270024176 40.0 
263.0 352.0 4.532535480592211 1.3909428270024176 40.0 
263.0 353.0 4.532535480592211 1.3909428270024176 40.0 
263.0 354.0 4.532535480592211 1.3909428270024176 40.0 
263.0 355.0 4.532535480592211 1.3909428270024176 40.0 
263.0 356.0 4.532535480592211 1.3909428270024176 40.0 
264.0 345.0 4.532535480592211 1.3909428270024176 40.0 
264.0 346.0 4.532535480592211 1.3909428270024176 40.0 
264.0 347.0 4.532535480592211 1.3909428270024176 40.0 
264.0 348.0 4.532535480592211 1.3909428270024176 40.0 
264.0 349.0 4.532535480592211 1.3909428270024176 40.0 
264.0 350.0 4.532535480592211 1.3909428270024176 40.0 
264.0 351.0 4.532535480592211 1.3909428270024176 40.0 
264.0 352.0 4.532535480592211 1.3909428270024176 40.0 
264.0 353.0 4.532535480592211 1.3909428270024176 40.0 
264.0 354.0 4.532535480592211 1.3909428270024176 40.0 
264.0 355.0 4.532535480592211 1.3909428270024176 40.0 
264.0 356.0 4.532535480592211 1.3909428270024176 40.0 
265.0 345.0 4.532535480592211 1.3909428270024176 40.0 
265.0 346.0 4.532535480592211 1.3909428270024176 40.0 
265.0 347.0 4.532535480592211 1.3909428270024176 40.0 
265.0 348.0 4.532535480592211 1.3909428270024176 40.0 
265.0 349.0 4.532535480592211 1.3909428270024176 40.0 
265.0 350.0 4.532535480592211 1.3909428270024176 40.0 
265.0 351.0 4.532535480592211 1.3909428270024176 40.0 
265.0 352.0 4.532535480592211 1.3909428270024176 40.0 
265.0 353.0 4.532535480592211 1.3909428270024176 40.0 
265.0 354.0 4.532535480592211 1.3909428270024176 40.0 
265.0 355.0 4.532535480592211 1.3909428270024176 40.0 
265.0 356.0 4.532535480592211 1.3909428270024176 40.0 
266.0 345.0 4.532535480592211 1.3909428270024176 40.0 
266.0 346.0 4.532535480592211 1.3909428270024176 40.0 
266.0 347.0 4.532535480592211 1.3909428270024176 40.0 
266.0 348.0 4.532535480592211 1.3909428270024176 40.0 
266.0 349.0 4.532535480592211 1.3909428270024176 40.0 
266.0 350.0 4.532535480592211 1.3909428270024176 40.0 
266.0 351.0 4.532535480592211 1.3909428270024176 40.0 
266.0 352.0 4.532535480592211 1.3909428270024176 40.0 
266.0 353.0 4.532535480592211 1.3909428270024176 40.0 
266.0 354.0 4.532535480592211 1.3909428270024176 40.0 
266.0 355.0 4.532535480592211 1.3909428270024176 40.0 
267.0 345.0 4.532535480592211 1.3909428270024176 40.0 
267.0 346.0 4.532535480592211 1.3909428270024176 40.0 
267.0 347.0 4.532535480592211 1.3909428270024176 40.0 
267.0 348.0 4.532535480592211 1.3909428270024176 40.0 
267.0 349.0 4.532535480592211 1.3909428270024176 40.0 
267.0 350.0 4.532535480592211 1.3909428270024176 40.0 
267.0 351.0 4.532535480592211 1.3909428270024176 40.0 
267.0 352.0 4.532535480592211 1.3909428270024176 40.0 
267.0 353.0 4.532535480592211 1.3909428270024176 40.0 
267.0 354.0 4.532535480592211 1.3909428270024176 40.0 
267.0 355.0 4.532535480592211 1.3909428270024176 40.0 
268.0 351.0 4.532535480592211 1.3909428270024176 40.0 
268.0 352.0 4.532535480592211 1.3909428270024176 40.0 
268.0 353.0 4.532535480592211 1.3909428270024176 40.0 
268.0 354.0 4.532535480592211 1.3909428270024176 40.0 
268.0 355.0 4.532535480592211 1.3909428270024176 40.0 
