236.0 311.0 1.6657480331376522 4.807340686727445 28.0 
236.0 312.0 1.6657480331376522 4.807340686727445 28.0 
236.0 313.0 1.6657480331376522 4.807340686727445 28.0 
236.0 314.0 1.6657480331376522 4.807340686727445 28.0 
236.0 315.0 1.6657480331376522 4.807340686727445 28.0 
236.0 316.0 1.6657480331376522 4.807340686727445 28.0 
236.0 317.0 1.6657480331376522 4.807340686727445 28.0 
236.0 318.0 1.6657480331376522 4.807340686727445 28.0 
236.0 319.0 1.6657480331376522 4.807340686727445 28.0 
236.0 320.0 1.6657480331376522 4.807340686727445 28.0 
237.0 300.0 1.6657480331376522 4.807340686727445 28.0 
237.0 301.0 1.6657480331376522 4.807340686727445 28.0 
237.0 302.0 1.6657480331376522 4.807340686727445 28.0 
237.0 303.0 1.6657480331376522 4.807340686727445 28.0 
237.0 304.0 1.6657480331376522 4.807340686727445 28.0 
237.0 305.0 1.6657480331376522 4.807340686727445 28.0 
237.0 306.0 1.6657480331376522 4.807340686727445 28.0 
237.0 307.0 1.6657480331376522 4.807340686727445 28.0 
237.0 308.0 1.6657480331376522 4.807340686727445 28.0 
237.0 309.0 1.6657480331376522 4.807340686727445 28.0 
237.0 310.0 1.6657480331376522 4.807340686727445 28.0 
237.0 311.0 1.6657480331376522 4.807340686727445 28.0 
237.0 312.0 1.6657480331376522 4.807340686727445 28.0 
237.0 313.0 1.6657480331376522 4.807340686727445 28.0 
237.0 314.0 1.6657480331376522 4.807340686727445 28.0 
237.0 315.0 1.6657480331376522 4.807340686727445 28.0 
237.0 316.0 1.6657480331376522 4.807340686727445 28.0 
237.0 317.0 1.6657480331376522 4.807340686727445 28.0 
237.0 318.0 1.6657480331376522 4.807340686727445 28.0 
237.0 319.0 1.6657480331376522 4.807340686727445 28.0 
237.0 320.0 1.6657480331376522 4.807340686727445 28.0 
237.0 321.0 1.6657480331376522 4.807340686727445 28.0 
238.0 300.0 1.6657480331376522 4.807340686727445 28.0 
238.0 301.0 1.6657480331376522 4.807340686727445 28.0 
238.0 302.0 1.6657480331376522 4.807340686727445 28.0 
238.0 303.0 1.6657480331376522 4.807340686727445 28.0 
238.0 304.0 1.6657480331376522 4.807340686727445 28.0 
238.0 305.0 1.6657480331376522 4.807340686727445 28.0 
238.0 306.0 1.6657480331376522 4.807340686727445 28.0 
238.0 307.0 1.6657480331376522 4.807340686727445 28.0 
238.0 308.0 1.6657480331376522 4.807340686727445 28.0 
238.0 309.0 1.6657480331376522 4.807340686727445 28.0 
238.0 310.0 1.6657480331376522 4.807340686727445 28.0 
239 289 4.823046201558586 24.0 
239 290 4.823046201558586 24.0 
239 291 4.823046201558586 24.0 
239 292 4.823046201558586 24.0 
239 293 4.823046201558586 24.0 
239 294 4.823046201558586 24.0 
239 295 4.823046201558586 24.0 
239 296 4.823046201558586 24.0 
239 297 4.823046201558586 24.0 
240 289 4.823046201558586 24.0 
240 290 4.823046201558586 24.0 
240 291 4.823046201558586 24.0 
240 292 4.823046201558586 24.0 
240 293 4.823046201558586 24.0 
240 294 4.823046201558586 24.0 
240 295 4.823046201558586 24.0 
240 296 4.823046201558586 24.0 
240 297 4.823046201558586 24.0 
240 298 4.823046201558586 24.0 
263 308 3.7295952571373605 28.0 
263 309 3.7295952571373605 28.0 
264 308 3.7295952571373605 28.0 
264 309 3.7295952571373605 28.0 
265 309 3.7295952571373605 28.0 
265 310 3.7295952571373605 28.0 
266 309 3.7295952571373605 28.0 
266 310 3.7295952571373605 28.0 
266 311 3.7295952571373605 28.0 
267 310 3.7295952571373605 28.0 
267 311 3.7295952571373605 28.0 
268 311 3.7295952571373605 28.0 
268 312 3.7295952571373605 28.0 
269 311 3.7295952571373605 28.0 
269 312 3.7295952571373605 28.0 
269 313 3.7295952571373605 28.0 
270 312 3.7295952571373605 28.0 
270 313 3.7295952571373605 28.0 
271 313 3.7295952571373605 28.0 
271 314 3.7295952571373605 28.0 
272 313 3.7295952571373605 28.0 
