211.0 333.0 3.328571923508705 0.18697926991891173 32.0 
211.0 334.0 3.328571923508705 0.18697926991891173 32.0 
212.0 333.0 3.328571923508705 0.18697926991891173 32.0 
212.0 334.0 3.328571923508705 0.18697926991891173 32.0 
213.0 333.0 3.328571923508705 0.18697926991891173 32.0 
213.0 334.0 3.328571923508705 0.18697926991891173 32.0 
214.0 333.0 3.328571923508705 0.18697926991891173 32.0 
214.0 334.0 3.328571923508705 0.18697926991891173 32.0 
215.0 333.0 3.328571923508705 0.18697926991891173 32.0 
215.0 334.0 3.328571923508705 0.18697926991891173 32.0 
216.0 333.0 3.328571923508705 0.18697926991891173 32.0 
216.0 334.0 3.328571923508705 0.18697926991891173 32.0 
217.0 334.0 3.328571923508705 0.18697926991891173 32.0 
217.0 335.0 3.328571923508705 0.18697926991891173 32.0 
218.0 334.0 3.328571923508705 0.18697926991891173 32.0 
218.0 335.0 3.328571923508705 0.18697926991891173 32.0 
219.0 334.0 3.328571923508705 0.18697926991891173 32.0 
219.0 335.0 3.328571923508705 0.18697926991891173 32.0 
220.0 334.0 3.328571923508705 0.18697926991891173 32.0 
220.0 335.0 3.328571923508705 0.18697926991891173 32.0 
221.0 334.0 3.328571923508705 0.18697926991891173 32.0 
221.0 335.0 3.328571923508705 0.18697926991891173 32.0 
222.0 335.0 3.328571923508705 0.18697926991891173 32.0 
222.0 336.0 3.328571923508705 0.18697926991891173 32.0 
223.0 335.0 3.328571923508705 0.18697926991891173 32.0 
223.0 336.0 3.328571923508705 0.18697926991891173 32.0 
224.0 335.0 3.328571923508705 0.18697926991891173 32.0 
224.0 336.0 3.328571923508705 0.18697926991891173 32.0 
225.0 335.0 3.328571923508705 0.18697926991891173 32.0 
225.0 336.0 3.328571923508705 0.18697926991891173 32.0 
226.0 335.0 3.328571923508705 0.18697926991891173 32.0 
226.0 336.0 3.328571923508705 0.18697926991891173 32.0 
227.0 336.0 3.328571923508705 0.18697926991891173 32.0 
227.0 337.0 3.328571923508705 0.18697926991891173 32.0 
228.0 336.0 3.328571923508705 0.18697926991891173 32.0 
228.0 337.0 3.328571923508705 0.18697926991891173 32.0 
229.0 336.0 3.328571923508705 0.18697926991891173 32.0 
229.0 337.0 3.328571923508705 0.18697926991891173 32.0 
230.0 336.0 3.328571923508705 0.18697926991891173 32.0 
230.0 337.0 3.328571923508705 0.18697926991891173 32.0 
231.0 336.0 3.328571923508705 0.18697926991891173 32.0 
231.0 337.0 3.328571923508705 0.18697926991891173 32.0 
232.0 336.0 3.328571923508705 0.18697926991891173 32.0 
232.0 337.0 3.328571923508705 0.18697926991891173 32.0 
233.0 337.0 3.328571923508705 0.18697926991891173 32.0 
233.0 338.0 3.328571923508705 0.18697926991891173 32.0 
234.0 337.0 3.328571923508705 0.18697926991891173 32.0 
234.0 338.0 3.328571923508705 0.18697926991891173 32.0 
235.0 337.0 3.328571923508705 0.18697926991891173 32.0 
235.0 338.0 3.328571923508705 0.18697926991891173 32.0 
236.0 337.0 3.328571923508705 0.18697926991891173 32.0 
236.0 338.0 3.328571923508705 0.18697926991891173 32.0 
237.0 337.0 3.328571923508705 0.18697926991891173 32.0 
237.0 338.0 3.328571923508705 0.18697926991891173 32.0 
238.0 338.0 3.328571923508705 0.18697926991891173 32.0 
238.0 339.0 3.328571923508705 0.18697926991891173 32.0 
239.0 338.0 3.328571923508705 0.18697926991891173 32.0 
239.0 339.0 3.328571923508705 0.18697926991891173 32.0 
240.0 338.0 3.328571923508705 0.18697926991891173 32.0 
240.0 339.0 3.328571923508705 0.18697926991891173 32.0 
241.0 338.0 3.328571923508705 0.18697926991891173 32.0 
241.0 339.0 3.328571923508705 0.18697926991891173 32.0 
242.0 338.0 3.328571923508705 0.18697926991891173 32.0 
242.0 339.0 3.328571923508705 0.18697926991891173 32.0 
243.0 339.0 3.328571923508705 0.18697926991891173 32.0 
243.0 340.0 3.328571923508705 0.18697926991891173 32.0 
244.0 339.0 3.328571923508705 0.18697926991891173 32.0 
244.0 340.0 3.328571923508705 0.18697926991891173 32.0 
245.0 339.0 3.328571923508705 0.18697926991891173 32.0 
245.0 340.0 3.328571923508705 0.18697926991891173 32.0 
246.0 339.0 3.328571923508705 0.18697926991891173 32.0 
246.0 340.0 3.328571923508705 0.18697926991891173 32.0 
247.0 339.0 3.328571923508705 0.18697926991891173 32.0 
247.0 340.0 3.328571923508705 0.18697926991891173 32.0 
248.0 339.0 3.328571923508705 0.18697926991891173 32.0 
248.0 340.0 3.328571923508705 0.18697926991891173 32.0 
248.0 341.0 3.328571923508705 0.18697926991891173 32.0 
249.0 340.0 3.328571923508705 0.18697926991891173 32.0 
249.0 341.0 3.328571923508705 0.18697926991891173 32.0 
250.0 340.0 3.328571923508705 0.18697926991891173 32.0 
250.0 341.0 3.328571923508705 0.18697926991891173 32.0 
251.0 340.0 3.328571923508705 0.18697926991891173 32.0 
251.0 341.0 3.328571923508705 0.18697926991891173 32.0 
252.0 340.0 3.328571923508705 0.18697926991891173 32.0 
252.0 341.0 3.328571923508705 0.18697926991891173 32.0 
253.0 340.0 3.328571923508705 0.18697926991891173 32.0 
253.0 341.0 3.328571923508705 0.18697926991891173 32.0 
254.0 341.0 3.328571923508705 0.18697926991891173 32.0 
254.0 342.0 3.328571923508705 0.18697926991891173 32.0 
255.0 341.0 3.328571923508705 0.18697926991891173 32.0 
255.0 342.0 3.328571923508705 0.18697926991891173 32.0 
256.0 341.0 3.328571923508705 0.18697926991891173 32.0 
256.0 342.0 3.328571923508705 0.18697926991891173 32.0 
257.0 341.0 3.328571923508705 0.18697926991891173 32.0 
257.0 342.0 3.328571923508705 0.18697926991891173 32.0 
258.0 341.0 3.328571923508705 0.18697926991891173 32.0 
258.0 342.0 3.328571923508705 0.18697926991891173 32.0 
259.0 342.0 3.328571923508705 0.18697926991891173 32.0 
259.0 343.0 3.328571923508705 0.18697926991891173 32.0 
260.0 342.0 3.328571923508705 0.18697926991891173 32.0 
260.0 343.0 3.328571923508705 0.18697926991891173 32.0 
261.0 342.0 3.328571923508705 0.18697926991891173 32.0 
261.0 343.0 3.328571923508705 0.18697926991891173 32.0 
262.0 342.0 3.328571923508705 0.18697926991891173 32.0 
262.0 343.0 3.328571923508705 0.18697926991891173 32.0 
263.0 342.0 3.328571923508705 0.18697926991891173 32.0 
263.0 343.0 3.328571923508705 0.18697926991891173 32.0 
264.0 343.0 3.328571923508705 0.18697926991891173 32.0 
264.0 344.0 3.328571923508705 0.18697926991891173 32.0 
265.0 343.0 3.328571923508705 0.18697926991891173 32.0 
265.0 344.0 3.328571923508705 0.18697926991891173 32.0 
266.0 343.0 3.328571923508705 0.18697926991891173 32.0 
266.0 344.0 3.328571923508705 0.18697926991891173 32.0 
267.0 343.0 3.328571923508705 0.18697926991891173 32.0 
267.0 344.0 3.328571923508705 0.18697926991891173 32.0 
268.0 343.0 3.328571923508705 0.18697926991891173 32.0 
268.0 344.0 3.328571923508705 0.18697926991891173 32.0 
269.0 343.0 3.328571923508705 0.18697926991891173 32.0 
269.0 344.0 3.328571923508705 0.18697926991891173 32.0 
270.0 344.0 3.328571923508705 0.18697926991891173 32.0 
270.0 345.0 3.328571923508705 0.18697926991891173 32.0 
271.0 344.0 3.328571923508705 0.18697926991891173 32.0 
271.0 345.0 3.328571923508705 0.18697926991891173 32.0 
272.0 344.0 3.328571923508705 0.18697926991891173 32.0 
272.0 345.0 3.328571923508705 0.18697926991891173 32.0 
273.0 344.0 3.328571923508705 0.18697926991891173 32.0 
273.0 345.0 3.328571923508705 0.18697926991891173 32.0 
274.0 344.0 3.328571923508705 0.18697926991891173 32.0 
274.0 345.0 3.328571923508705 0.18697926991891173 32.0 
275.0 345.0 3.328571923508705 0.18697926991891173 32.0 
275.0 346.0 3.328571923508705 0.18697926991891173 32.0 
276.0 345.0 3.328571923508705 0.18697926991891173 32.0 
276.0 346.0 3.328571923508705 0.18697926991891173 32.0 
277.0 345.0 3.328571923508705 0.18697926991891173 32.0 
277.0 346.0 3.328571923508705 0.18697926991891173 32.0 
278.0 345.0 3.328571923508705 0.18697926991891173 32.0 
278.0 346.0 3.328571923508705 0.18697926991891173 32.0 
279.0 345.0 3.328571923508705 0.18697926991891173 32.0 
279.0 346.0 3.328571923508705 0.18697926991891173 32.0 
280.0 346.0 3.328571923508705 0.18697926991891173 32.0 
280.0 347.0 3.328571923508705 0.18697926991891173 32.0 
281.0 346.0 3.328571923508705 0.18697926991891173 32.0 
281.0 347.0 3.328571923508705 0.18697926991891173 32.0 
282.0 346.0 3.328571923508705 0.18697926991891173 32.0 
282.0 347.0 3.328571923508705 0.18697926991891173 32.0 
283.0 346.0 3.328571923508705 0.18697926991891173 32.0 
283.0 347.0 3.328571923508705 0.18697926991891173 32.0 
284.0 346.0 3.328571923508705 0.18697926991891173 32.0 
284.0 347.0 3.328571923508705 0.18697926991891173 32.0 
285.0 346.0 3.328571923508705 0.18697926991891173 32.0 
220.0 305.0 2.9741608751192703 6.115753528709062 28.0 
221.0 305.0 2.9741608751192703 6.115753528709062 28.0 
221.0 306.0 2.9741608751192703 6.115753528709062 28.0 
222.0 305.0 2.9741608751192703 6.115753528709062 28.0 
222.0 306.0 2.9741608751192703 6.115753528709062 28.0 
223.0 305.0 2.9741608751192703 6.115753528709062 28.0 
223.0 306.0 2.9741608751192703 6.115753528709062 28.0 
224.0 305.0 2.9741608751192703 6.115753528709062 28.0 
224.0 306.0 2.9741608751192703 6.115753528709062 28.0 
225.0 305.0 2.9741608751192703 6.115753528709062 28.0 
225.0 306.0 2.9741608751192703 6.115753528709062 28.0 
226.0 304.0 2.9741608751192703 6.115753528709062 28.0 
226.0 305.0 2.9741608751192703 6.115753528709062 28.0 
226.0 306.0 2.9741608751192703 6.115753528709062 28.0 
227.0 304.0 2.9741608751192703 6.115753528709062 28.0 
227.0 305.0 2.9741608751192703 6.115753528709062 28.0 
228.0 304.0 2.9741608751192703 6.115753528709062 28.0 
228.0 305.0 2.9741608751192703 6.115753528709062 28.0 
229.0 304.0 2.9741608751192703 6.115753528709062 28.0 
229.0 305.0 2.9741608751192703 6.115753528709062 28.0 
230.0 304.0 2.9741608751192703 6.115753528709062 28.0 
230.0 305.0 2.9741608751192703 6.115753528709062 28.0 
231.0 304.0 2.9741608751192703 6.115753528709062 28.0 
231.0 305.0 2.9741608751192703 6.115753528709062 28.0 
232.0 303.0 2.9741608751192703 6.115753528709062 28.0 
232.0 304.0 2.9741608751192703 6.115753528709062 28.0 
233.0 303.0 2.9741608751192703 6.115753528709062 28.0 
233.0 304.0 2.9741608751192703 6.115753528709062 28.0 
234.0 303.0 2.9741608751192703 6.115753528709062 28.0 
234.0 304.0 2.9741608751192703 6.115753528709062 28.0 
235.0 303.0 2.9741608751192703 6.115753528709062 28.0 
235.0 304.0 2.9741608751192703 6.115753528709062 28.0 
236.0 303.0 2.9741608751192703 6.115753528709062 28.0 
236.0 304.0 2.9741608751192703 6.115753528709062 28.0 
237.0 303.0 2.9741608751192703 6.115753528709062 28.0 
237.0 304.0 2.9741608751192703 6.115753528709062 28.0 
238.0 302.0 2.9741608751192703 6.115753528709062 28.0 
238.0 303.0 2.9741608751192703 6.115753528709062 28.0 
239.0 302.0 2.9741608751192703 6.115753528709062 28.0 
239.0 303.0 2.9741608751192703 6.115753528709062 28.0 
240.0 302.0 2.9741608751192703 6.115753528709062 28.0 
240.0 303.0 2.9741608751192703 6.115753528709062 28.0 
241.0 302.0 2.9741608751192703 6.115753528709062 28.0 
241.0 303.0 2.9741608751192703 6.115753528709062 28.0 
242.0 302.0 2.9741608751192703 6.115753528709062 28.0 
242.0 303.0 2.9741608751192703 6.115753528709062 28.0 
243.0 302.0 2.9741608751192703 6.115753528709062 28.0 
243.0 303.0 2.9741608751192703 6.115753528709062 28.0 
244.0 301.0 2.9741608751192703 6.115753528709062 28.0 
244.0 302.0 2.9741608751192703 6.115753528709062 28.0 
245.0 301.0 2.9741608751192703 6.115753528709062 28.0 
245.0 302.0 2.9741608751192703 6.115753528709062 28.0 
246.0 301.0 2.9741608751192703 6.115753528709062 28.0 
246.0 302.0 2.9741608751192703 6.115753528709062 28.0 
247.0 301.0 2.9741608751192703 6.115753528709062 28.0 
247.0 302.0 2.9741608751192703 6.115753528709062 28.0 
248.0 301.0 2.9741608751192703 6.115753528709062 28.0 
248.0 302.0 2.9741608751192703 6.115753528709062 28.0 
249.0 301.0 2.9741608751192703 6.115753528709062 28.0 
249.0 302.0 2.9741608751192703 6.115753528709062 28.0 
250.0 300.0 2.9741608751192703 6.115753528709062 28.0 
250.0 301.0 2.9741608751192703 6.115753528709062 28.0 
251.0 300.0 2.9741608751192703 6.115753528709062 28.0 
251.0 301.0 2.9741608751192703 6.115753528709062 28.0 
252.0 300.0 2.9741608751192703 6.115753528709062 28.0 
252.0 301.0 2.9741608751192703 6.115753528709062 28.0 
253.0 300.0 2.9741608751192703 6.115753528709062 28.0 
253.0 301.0 2.9741608751192703 6.115753528709062 28.0 
254.0 300.0 2.9741608751192703 6.115753528709062 28.0 
254.0 301.0 2.9741608751192703 6.115753528709062 28.0 
255.0 300.0 2.9741608751192703 6.115753528709062 28.0 
255.0 301.0 2.9741608751192703 6.115753528709062 28.0 
256.0 299.0 2.9741608751192703 6.115753528709062 28.0 
256.0 300.0 2.9741608751192703 6.115753528709062 28.0 
257.0 299.0 2.9741608751192703 6.115753528709062 28.0 
257.0 300.0 2.9741608751192703 6.115753528709062 28.0 
258.0 299.0 2.9741608751192703 6.115753528709062 28.0 
258.0 300.0 2.9741608751192703 6.115753528709062 28.0 
259.0 299.0 2.9741608751192703 6.115753528709062 28.0 
259.0 300.0 2.9741608751192703 6.115753528709062 28.0 
260.0 299.0 2.9741608751192703 6.115753528709062 28.0 
260.0 300.0 2.9741608751192703 6.115753528709062 28.0 
261.0 299.0 2.9741608751192703 6.115753528709062 28.0 
261.0 300.0 2.9741608751192703 6.115753528709062 28.0 
262.0 298.0 2.9741608751192703 6.115753528709062 28.0 
262.0 299.0 2.9741608751192703 6.115753528709062 28.0 
263.0 298.0 2.9741608751192703 6.115753528709062 28.0 
263.0 299.0 2.9741608751192703 6.115753528709062 28.0 
264.0 298.0 2.9741608751192703 6.115753528709062 28.0 
264.0 299.0 2.9741608751192703 6.115753528709062 28.0 
265.0 298.0 2.9741608751192703 6.115753528709062 28.0 
265.0 299.0 2.9741608751192703 6.115753528709062 28.0 
266.0 298.0 2.9741608751192703 6.115753528709062 28.0 
266.0 299.0 2.9741608751192703 6.115753528709062 28.0 
267.0 298.0 2.9741608751192703 6.115753528709062 28.0 
267.0 299.0 2.9741608751192703 6.115753528709062 28.0 
268.0 297.0 2.9741608751192703 6.115753528709062 28.0 
268.0 298.0 2.9741608751192703 6.115753528709062 28.0 
269.0 297.0 2.9741608751192703 6.115753528709062 28.0 
269.0 298.0 2.9741608751192703 6.115753528709062 28.0 
270.0 297.0 2.9741608751192703 6.115753528709062 28.0 
270.0 298.0 2.9741608751192703 6.115753528709062 28.0 
271.0 297.0 2.9741608751192703 6.115753528709062 28.0 
271.0 298.0 2.9741608751192703 6.115753528709062 28.0 
272.0 297.0 2.9741608751192703 6.115753528709062 28.0 
272.0 298.0 2.9741608751192703 6.115753528709062 28.0 
273.0 297.0 2.9741608751192703 6.115753528709062 28.0 
273.0 298.0 2.9741608751192703 6.115753528709062 28.0 
274.0 296.0 2.9741608751192703 6.115753528709062 28.0 
274.0 297.0 2.9741608751192703 6.115753528709062 28.0 
275.0 296.0 2.9741608751192703 6.115753528709062 28.0 
275.0 297.0 2.9741608751192703 6.115753528709062 28.0 
276.0 296.0 2.9741608751192703 6.115753528709062 28.0 
276.0 297.0 2.9741608751192703 6.115753528709062 28.0 
277.0 296.0 2.9741608751192703 6.115753528709062 28.0 
277.0 297.0 2.9741608751192703 6.115753528709062 28.0 
278.0 296.0 2.9741608751192703 6.115753528709062 28.0 
278.0 297.0 2.9741608751192703 6.115753528709062 28.0 
279.0 296.0 2.9741608751192703 6.115753528709062 28.0 
279.0 297.0 2.9741608751192703 6.115753528709062 28.0 
280.0 295.0 2.9741608751192703 6.115753528709062 28.0 
280.0 296.0 2.9741608751192703 6.115753528709062 28.0 
281.0 295.0 2.9741608751192703 6.115753528709062 28.0 
281.0 296.0 2.9741608751192703 6.115753528709062 28.0 
282.0 295.0 2.9741608751192703 6.115753528709062 28.0 
282.0 296.0 2.9741608751192703 6.115753528709062 28.0 
283.0 295.0 2.9741608751192703 6.115753528709062 28.0 
283.0 296.0 2.9741608751192703 6.115753528709062 28.0 
284.0 295.0 2.9741608751192703 6.115753528709062 28.0 
284.0 296.0 2.9741608751192703 6.115753528709062 28.0 
285.0 294.0 2.9741608751192703 6.115753528709062 28.0 
285.0 295.0 2.9741608751192703 6.115753528709062 28.0 
285.0 296.0 2.9741608751192703 6.115753528709062 28.0 
286.0 294.0 2.9741608751192703 6.115753528709062 28.0 
286.0 295.0 2.9741608751192703 6.115753528709062 28.0 
287.0 294.0 2.9741608751192703 6.115753528709062 28.0 
287.0 295.0 2.9741608751192703 6.115753528709062 28.0 
288.0 294.0 2.9741608751192703 6.115753528709062 28.0 
288.0 295.0 2.9741608751192703 6.115753528709062 28.0 
289.0 294.0 2.9741608751192703 6.115753528709062 28.0 
289.0 295.0 2.9741608751192703 6.115753528709062 28.0 
290.0 294.0 2.9741608751192703 6.115753528709062 28.0 
290.0 295.0 2.9741608751192703 6.115753528709062 28.0 
291.0 294.0 2.9741608751192703 6.115753528709062 28.0 
291.0 295.0 2.9741608751192703 6.115753528709062 28.0 
207.0 309.0 2.914793805535907 6.0563864591257 28.0 
208.0 309.0 2.914793805535907 6.0563864591257 28.0 
208.0 310.0 2.914793805535907 6.0563864591257 28.0 
209.0 309.0 2.914793805535907 6.0563864591257 28.0 
209.0 310.0 2.914793805535907 6.0563864591257 28.0 
210.0 309.0 2.914793805535907 6.0563864591257 28.0 
210.0 310.0 2.914793805535907 6.0563864591257 28.0 
211.0 309.0 2.914793805535907 6.0563864591257 28.0 
211.0 310.0 2.914793805535907 6.0563864591257 28.0 
212.0 308.0 2.914793805535907 6.0563864591257 28.0 
212.0 309.0 2.914793805535907 6.0563864591257 28.0 
213.0 308.0 2.914793805535907 6.0563864591257 28.0 
213.0 309.0 2.914793805535907 6.0563864591257 28.0 
214.0 308.0 2.914793805535907 6.0563864591257 28.0 
214.0 309.0 2.914793805535907 6.0563864591257 28.0 
215.0 308.0 2.914793805535907 6.0563864591257 28.0 
215.0 309.0 2.914793805535907 6.0563864591257 28.0 
216.0 307.0 2.914793805535907 6.0563864591257 28.0 
216.0 308.0 2.914793805535907 6.0563864591257 28.0 
217.0 307.0 2.914793805535907 6.0563864591257 28.0 
217.0 308.0 2.914793805535907 6.0563864591257 28.0 
218.0 307.0 2.914793805535907 6.0563864591257 28.0 
218.0 308.0 2.914793805535907 6.0563864591257 28.0 
219.0 307.0 2.914793805535907 6.0563864591257 28.0 
219.0 308.0 2.914793805535907 6.0563864591257 28.0 
220.0 307.0 2.914793805535907 6.0563864591257 28.0 
220.0 308.0 2.914793805535907 6.0563864591257 28.0 
