250.0 299.0 4.481298313188794 1.3397056595990002 40.0 
250.0 300.0 4.481298313188794 1.3397056595990002 40.0 
250.0 301.0 4.481298313188794 1.3397056595990002 40.0 
250.0 302.0 4.481298313188794 1.3397056595990002 40.0 
251.0 299.0 4.481298313188794 1.3397056595990002 40.0 
251.0 300.0 4.481298313188794 1.3397056595990002 40.0 
251.0 301.0 4.481298313188794 1.3397056595990002 40.0 
251.0 302.0 4.481298313188794 1.3397056595990002 40.0 
251.0 303.0 4.481298313188794 1.3397056595990002 40.0 
251.0 304.0 4.481298313188794 1.3397056595990002 40.0 
251.0 305.0 4.481298313188794 1.3397056595990002 40.0 
251.0 306.0 4.481298313188794 1.3397056595990002 40.0 
252.0 298.0 4.481298313188794 1.3397056595990002 40.0 
252.0 299.0 4.481298313188794 1.3397056595990002 40.0 
252.0 300.0 4.481298313188794 1.3397056595990002 40.0 
252.0 301.0 4.481298313188794 1.3397056595990002 40.0 
252.0 302.0 4.481298313188794 1.3397056595990002 40.0 
252.0 303.0 4.481298313188794 1.3397056595990002 40.0 
252.0 304.0 4.481298313188794 1.3397056595990002 40.0 
252.0 305.0 4.481298313188794 1.3397056595990002 40.0 
252.0 306.0 4.481298313188794 1.3397056595990002 40.0 
252.0 307.0 4.481298313188794 1.3397056595990002 40.0 
252.0 308.0 4.481298313188794 1.3397056595990002 40.0 
252.0 309.0 4.481298313188794 1.3397056595990002 40.0 
252.0 310.0 4.481298313188794 1.3397056595990002 40.0 
252.0 311.0 4.481298313188794 1.3397056595990002 40.0 
253.0 298.0 4.481298313188794 1.3397056595990002 40.0 
253.0 299.0 4.481298313188794 1.3397056595990002 40.0 
253.0 300.0 4.481298313188794 1.3397056595990002 40.0 
253.0 301.0 4.481298313188794 1.3397056595990002 40.0 
253.0 302.0 4.481298313188794 1.3397056595990002 40.0 
253.0 303.0 4.481298313188794 1.3397056595990002 40.0 
253.0 304.0 4.481298313188794 1.3397056595990002 40.0 
253.0 305.0 4.481298313188794 1.3397056595990002 40.0 
253.0 306.0 4.481298313188794 1.3397056595990002 40.0 
253.0 307.0 4.481298313188794 1.3397056595990002 40.0 
253.0 308.0 4.481298313188794 1.3397056595990002 40.0 
253.0 309.0 4.481298313188794 1.3397056595990002 40.0 
253.0 310.0 4.481298313188794 1.3397056595990002 40.0 
253.0 311.0 4.481298313188794 1.3397056595990002 40.0 
253.0 312.0 4.481298313188794 1.3397056595990002 40.0 
253.0 313.0 4.481298313188794 1.3397056595990002 40.0 
253.0 314.0 4.481298313188794 1.3397056595990002 40.0 
253.0 315.0 4.481298313188794 1.3397056595990002 40.0 
254.0 298.0 4.481298313188794 1.3397056595990002 40.0 
254.0 299.0 4.481298313188794 1.3397056595990002 40.0 
254.0 300.0 4.481298313188794 1.3397056595990002 40.0 
254.0 301.0 4.481298313188794 1.3397056595990002 40.0 
254.0 302.0 4.481298313188794 1.3397056595990002 40.0 
254.0 303.0 4.481298313188794 1.3397056595990002 40.0 
254.0 304.0 4.481298313188794 1.3397056595990002 40.0 
254.0 305.0 4.481298313188794 1.3397056595990002 40.0 
254.0 306.0 4.481298313188794 1.3397056595990002 40.0 
254.0 307.0 4.481298313188794 1.3397056595990002 40.0 
254.0 308.0 4.481298313188794 1.3397056595990002 40.0 
254.0 309.0 4.481298313188794 1.3397056595990002 40.0 
254.0 310.0 4.481298313188794 1.3397056595990002 40.0 
254.0 311.0 4.481298313188794 1.3397056595990002 40.0 
254.0 312.0 4.481298313188794 1.3397056595990002 40.0 
254.0 313.0 4.481298313188794 1.3397056595990002 40.0 
254.0 314.0 4.481298313188794 1.3397056595990002 40.0 
254.0 315.0 4.481298313188794 1.3397056595990002 40.0 
254.0 316.0 4.481298313188794 1.3397056595990002 40.0 
254.0 317.0 4.481298313188794 1.3397056595990002 40.0 
254.0 318.0 4.481298313188794 1.3397056595990002 40.0 
254.0 319.0 4.481298313188794 1.3397056595990002 40.0 
255.0 298.0 4.481298313188794 1.3397056595990002 40.0 
255.0 299.0 4.481298313188794 1.3397056595990002 40.0 
255.0 300.0 4.481298313188794 1.3397056595990002 40.0 
255.0 301.0 4.481298313188794 1.3397056595990002 40.0 
255.0 302.0 4.481298313188794 1.3397056595990002 40.0 
255.0 303.0 4.481298313188794 1.3397056595990002 40.0 
255.0 304.0 4.481298313188794 1.3397056595990002 40.0 
255.0 305.0 4.481298313188794 1.3397056595990002 40.0 
255.0 306.0 4.481298313188794 1.3397056595990002 40.0 
255.0 307.0 4.481298313188794 1.3397056595990002 40.0 
255.0 308.0 4.481298313188794 1.3397056595990002 40.0 
255.0 309.0 4.481298313188794 1.3397056595990002 40.0 
255.0 310.0 4.481298313188794 1.3397056595990002 40.0 
255.0 311.0 4.481298313188794 1.3397056595990002 40.0 
255.0 312.0 4.481298313188794 1.3397056595990002 40.0 
255.0 313.0 4.481298313188794 1.3397056595990002 40.0 
255.0 314.0 4.481298313188794 1.3397056595990002 40.0 
255.0 315.0 4.481298313188794 1.3397056595990002 40.0 
255.0 316.0 4.481298313188794 1.3397056595990002 40.0 
255.0 317.0 4.481298313188794 1.3397056595990002 40.0 
255.0 318.0 4.481298313188794 1.3397056595990002 40.0 
255.0 319.0 4.481298313188794 1.3397056595990002 40.0 
255.0 320.0 4.481298313188794 1.3397056595990002 40.0 
255.0 321.0 4.481298313188794 1.3397056595990002 40.0 
255.0 322.0 4.481298313188794 1.3397056595990002 40.0 
255.0 323.0 4.481298313188794 1.3397056595990002 40.0 
256.0 302.0 4.481298313188794 1.3397056595990002 40.0 
256.0 303.0 4.481298313188794 1.3397056595990002 40.0 
256.0 304.0 4.481298313188794 1.3397056595990002 40.0 
256.0 305.0 4.481298313188794 1.3397056595990002 40.0 
256.0 306.0 4.481298313188794 1.3397056595990002 40.0 
256.0 307.0 4.481298313188794 1.3397056595990002 40.0 
256.0 308.0 4.481298313188794 1.3397056595990002 40.0 
256.0 309.0 4.481298313188794 1.3397056595990002 40.0 
256.0 310.0 4.481298313188794 1.3397056595990002 40.0 
256.0 311.0 4.481298313188794 1.3397056595990002 40.0 
256.0 312.0 4.481298313188794 1.3397056595990002 40.0 
256.0 313.0 4.481298313188794 1.3397056595990002 40.0 
256.0 314.0 4.481298313188794 1.3397056595990002 40.0 
256.0 315.0 4.481298313188794 1.3397056595990002 40.0 
256.0 316.0 4.481298313188794 1.3397056595990002 40.0 
256.0 317.0 4.481298313188794 1.3397056595990002 40.0 
256.0 318.0 4.481298313188794 1.3397056595990002 40.0 
256.0 319.0 4.481298313188794 1.3397056595990002 40.0 
256.0 320.0 4.481298313188794 1.3397056595990002 40.0 
256.0 321.0 4.481298313188794 1.3397056595990002 40.0 
256.0 322.0 4.481298313188794 1.3397056595990002 40.0 
256.0 323.0 4.481298313188794 1.3397056595990002 40.0 
256.0 324.0 4.481298313188794 1.3397056595990002 40.0 
256.0 325.0 4.481298313188794 1.3397056595990002 40.0 
256.0 326.0 4.481298313188794 1.3397056595990002 40.0 
256.0 327.0 4.481298313188794 1.3397056595990002 40.0 
256.0 328.0 4.481298313188794 1.3397056595990002 40.0 
257.0 307.0 4.481298313188794 1.3397056595990002 40.0 
257.0 308.0 4.481298313188794 1.3397056595990002 40.0 
257.0 309.0 4.481298313188794 1.3397056595990002 40.0 
257.0 310.0 4.481298313188794 1.3397056595990002 40.0 
257.0 311.0 4.481298313188794 1.3397056595990002 40.0 
257.0 312.0 4.481298313188794 1.3397056595990002 40.0 
257.0 313.0 4.481298313188794 1.3397056595990002 40.0 
257.0 314.0 4.481298313188794 1.3397056595990002 40.0 
257.0 315.0 4.481298313188794 1.3397056595990002 40.0 
257.0 316.0 4.481298313188794 1.3397056595990002 40.0 
257.0 317.0 4.481298313188794 1.3397056595990002 40.0 
257.0 318.0 4.481298313188794 1.3397056595990002 40.0 
257.0 319.0 4.481298313188794 1.3397056595990002 40.0 
257.0 320.0 4.481298313188794 1.3397056595990002 40.0 
257.0 321.0 4.481298313188794 1.3397056595990002 40.0 
257.0 322.0 4.481298313188794 1.3397056595990002 40.0 
257.0 323.0 4.481298313188794 1.3397056595990002 40.0 
257.0 324.0 4.481298313188794 1.3397056595990002 40.0 
257.0 325.0 4.481298313188794 1.3397056595990002 40.0 
257.0 326.0 4.481298313188794 1.3397056595990002 40.0 
257.0 327.0 4.481298313188794 1.3397056595990002 40.0 
257.0 328.0 4.481298313188794 1.3397056595990002 40.0 
257.0 329.0 4.481298313188794 1.3397056595990002 40.0 
257.0 330.0 4.481298313188794 1.3397056595990002 40.0 
257.0 331.0 4.481298313188794 1.3397056595990002 40.0 
257.0 332.0 4.481298313188794 1.3397056595990002 40.0 
258.0 311.0 4.481298313188794 1.3397056595990002 40.0 
258.0 312.0 4.481298313188794 1.3397056595990002 40.0 
258.0 313.0 4.481298313188794 1.3397056595990002 40.0 
258.0 314.0 4.481298313188794 1.3397056595990002 40.0 
258.0 315.0 4.481298313188794 1.3397056595990002 40.0 
258.0 316.0 4.481298313188794 1.3397056595990002 40.0 
258.0 317.0 4.481298313188794 1.3397056595990002 40.0 
258.0 318.0 4.481298313188794 1.3397056595990002 40.0 
258.0 319.0 4.481298313188794 1.3397056595990002 40.0 
258.0 320.0 4.481298313188794 1.3397056595990002 40.0 
258.0 321.0 4.481298313188794 1.3397056595990002 40.0 
258.0 322.0 4.481298313188794 1.3397056595990002 40.0 
258.0 323.0 4.481298313188794 1.3397056595990002 40.0 
258.0 324.0 4.481298313188794 1.3397056595990002 40.0 
258.0 325.0 4.481298313188794 1.3397056595990002 40.0 
258.0 326.0 4.481298313188794 1.3397056595990002 40.0 
258.0 327.0 4.481298313188794 1.3397056595990002 40.0 
258.0 328.0 4.481298313188794 1.3397056595990002 40.0 
258.0 329.0 4.481298313188794 1.3397056595990002 40.0 
258.0 330.0 4.481298313188794 1.3397056595990002 40.0 
258.0 331.0 4.481298313188794 1.3397056595990002 40.0 
258.0 332.0 4.481298313188794 1.3397056595990002 40.0 
258.0 333.0 4.481298313188794 1.3397056595990002 40.0 
258.0 334.0 4.481298313188794 1.3397056595990002 40.0 
258.0 335.0 4.481298313188794 1.3397056595990002 40.0 
258.0 336.0 4.481298313188794 1.3397056595990002 40.0 
259.0 315.0 4.481298313188794 1.3397056595990002 40.0 
259.0 316.0 4.481298313188794 1.3397056595990002 40.0 
259.0 317.0 4.481298313188794 1.3397056595990002 40.0 
259.0 318.0 4.481298313188794 1.3397056595990002 40.0 
259.0 319.0 4.481298313188794 1.3397056595990002 40.0 
259.0 320.0 4.481298313188794 1.3397056595990002 40.0 
259.0 321.0 4.481298313188794 1.3397056595990002 40.0 
259.0 322.0 4.481298313188794 1.3397056595990002 40.0 
259.0 323.0 4.481298313188794 1.3397056595990002 40.0 
259.0 324.0 4.481298313188794 1.3397056595990002 40.0 
259.0 325.0 4.481298313188794 1.3397056595990002 40.0 
259.0 326.0 4.481298313188794 1.3397056595990002 40.0 
259.0 327.0 4.481298313188794 1.3397056595990002 40.0 
259.0 328.0 4.481298313188794 1.3397056595990002 40.0 
259.0 329.0 4.481298313188794 1.3397056595990002 40.0 
259.0 330.0 4.481298313188794 1.3397056595990002 40.0 
259.0 331.0 4.481298313188794 1.3397056595990002 40.0 
259.0 332.0 4.481298313188794 1.3397056595990002 40.0 
259.0 333.0 4.481298313188794 1.3397056595990002 40.0 
259.0 334.0 4.481298313188794 1.3397056595990002 40.0 
259.0 335.0 4.481298313188794 1.3397056595990002 40.0 
259.0 336.0 4.481298313188794 1.3397056595990002 40.0 
259.0 337.0 4.481298313188794 1.3397056595990002 40.0 
259.0 338.0 4.481298313188794 1.3397056595990002 40.0 
259.0 339.0 4.481298313188794 1.3397056595990002 40.0 
259.0 340.0 4.481298313188794 1.3397056595990002 40.0 
260.0 319.0 4.481298313188794 1.3397056595990002 40.0 
260.0 320.0 4.481298313188794 1.3397056595990002 40.0 
260.0 321.0 4.481298313188794 1.3397056595990002 40.0 
260.0 322.0 4.481298313188794 1.3397056595990002 40.0 
260.0 323.0 4.481298313188794 1.3397056595990002 40.0 
260.0 324.0 4.481298313188794 1.3397056595990002 40.0 
260.0 325.0 4.481298313188794 1.3397056595990002 40.0 
260.0 326.0 4.481298313188794 1.3397056595990002 40.0 
260.0 327.0 4.481298313188794 1.3397056595990002 40.0 
260.0 328.0 4.481298313188794 1.3397056595990002 40.0 
260.0 329.0 4.481298313188794 1.3397056595990002 40.0 
260.0 330.0 4.481298313188794 1.3397056595990002 40.0 
260.0 331.0 4.481298313188794 1.3397056595990002 40.0 
260.0 332.0 4.481298313188794 1.3397056595990002 40.0 
260.0 333.0 4.481298313188794 1.3397056595990002 40.0 
260.0 334.0 4.481298313188794 1.3397056595990002 40.0 
260.0 335.0 4.481298313188794 1.3397056595990002 40.0 
260.0 336.0 4.481298313188794 1.3397056595990002 40.0 
260.0 337.0 4.481298313188794 1.3397056595990002 40.0 
260.0 338.0 4.481298313188794 1.3397056595990002 40.0 
260.0 339.0 4.481298313188794 1.3397056595990002 40.0 
260.0 340.0 4.481298313188794 1.3397056595990002 40.0 
260.0 341.0 4.481298313188794 1.3397056595990002 40.0 
260.0 342.0 4.481298313188794 1.3397056595990002 40.0 
260.0 343.0 4.481298313188794 1.3397056595990002 40.0 
260.0 344.0 4.481298313188794 1.3397056595990002 40.0 
260.0 345.0 4.481298313188794 1.3397056595990002 40.0 
261.0 324.0 4.481298313188794 1.3397056595990002 40.0 
261.0 325.0 4.481298313188794 1.3397056595990002 40.0 
261.0 326.0 4.481298313188794 1.3397056595990002 40.0 
261.0 327.0 4.481298313188794 1.3397056595990002 40.0 
261.0 328.0 4.481298313188794 1.3397056595990002 40.0 
261.0 329.0 4.481298313188794 1.3397056595990002 40.0 
261.0 330.0 4.481298313188794 1.3397056595990002 40.0 
261.0 331.0 4.481298313188794 1.3397056595990002 40.0 
261.0 332.0 4.481298313188794 1.3397056595990002 40.0 
261.0 333.0 4.481298313188794 1.3397056595990002 40.0 
261.0 334.0 4.481298313188794 1.3397056595990002 40.0 
261.0 335.0 4.481298313188794 1.3397056595990002 40.0 
261.0 336.0 4.481298313188794 1.3397056595990002 40.0 
261.0 337.0 4.481298313188794 1.3397056595990002 40.0 
261.0 338.0 4.481298313188794 1.3397056595990002 40.0 
261.0 339.0 4.481298313188794 1.3397056595990002 40.0 
261.0 340.0 4.481298313188794 1.3397056595990002 40.0 
261.0 341.0 4.481298313188794 1.3397056595990002 40.0 
261.0 342.0 4.481298313188794 1.3397056595990002 40.0 
261.0 343.0 4.481298313188794 1.3397056595990002 40.0 
261.0 344.0 4.481298313188794 1.3397056595990002 40.0 
261.0 345.0 4.481298313188794 1.3397056595990002 40.0 
261.0 346.0 4.481298313188794 1.3397056595990002 40.0 
261.0 347.0 4.481298313188794 1.3397056595990002 40.0 
261.0 348.0 4.481298313188794 1.3397056595990002 40.0 
261.0 349.0 4.481298313188794 1.3397056595990002 40.0 
262.0 328.0 4.481298313188794 1.3397056595990002 40.0 
262.0 329.0 4.481298313188794 1.3397056595990002 40.0 
262.0 330.0 4.481298313188794 1.3397056595990002 40.0 
262.0 331.0 4.481298313188794 1.3397056595990002 40.0 
262.0 332.0 4.481298313188794 1.3397056595990002 40.0 
262.0 333.0 4.481298313188794 1.3397056595990002 40.0 
262.0 334.0 4.481298313188794 1.3397056595990002 40.0 
262.0 335.0 4.481298313188794 1.3397056595990002 40.0 
262.0 336.0 4.481298313188794 1.3397056595990002 40.0 
262.0 337.0 4.481298313188794 1.3397056595990002 40.0 
262.0 338.0 4.481298313188794 1.3397056595990002 40.0 
262.0 339.0 4.481298313188794 1.3397056595990002 40.0 
262.0 340.0 4.481298313188794 1.3397056595990002 40.0 
262.0 341.0 4.481298313188794 1.3397056595990002 40.0 
262.0 342.0 4.481298313188794 1.3397056595990002 40.0 
262.0 343.0 4.481298313188794 1.3397056595990002 40.0 
262.0 344.0 4.481298313188794 1.3397056595990002 40.0 
262.0 345.0 4.481298313188794 1.3397056595990002 40.0 
262.0 346.0 4.481298313188794 1.3397056595990002 40.0 
262.0 347.0 4.481298313188794 1.3397056595990002 40.0 
262.0 348.0 4.481298313188794 1.3397056595990002 40.0 
262.0 349.0 4.481298313188794 1.3397056595990002 40.0 
262.0 350.0 4.481298313188794 1.3397056595990002 40.0 
262.0 351.0 4.481298313188794 1.3397056595990002 40.0 
262.0 352.0 4.481298313188794 1.3397056595990002 40.0 
262.0 353.0 4.481298313188794 1.3397056595990002 40.0 
263.0 332.0 4.481298313188794 1.3397056595990002 40.0 
263.0 333.0 4.481298313188794 1.3397056595990002 40.0 
263.0 334.0 4.481298313188794 1.3397056595990002 40.0 
263.0 335.0 4.481298313188794 1.3397056595990002 40.0 
263.0 336.0 4.481298313188794 1.3397056595990002 40.0 
263.0 337.0 4.481298313188794 1.3397056595990002 40.0 
263.0 338.0 4.481298313188794 1.3397056595990002 40.0 
263.0 339.0 4.481298313188794 1.3397056595990002 40.0 
263.0 340.0 4.481298313188794 1.3397056595990002 40.0 
263.0 341.0 4.481298313188794 1.3397056595990002 40.0 
263.0 342.0 4.481298313188794 1.3397056595990002 40.0 
263.0 343.0 4.481298313188794 1.3397056595990002 40.0 
263.0 344.0 4.481298313188794 1.3397056595990002 40.0 
263.0 345.0 4.481298313188794 1.3397056595990002 40.0 
263.0 346.0 4.481298313188794 1.3397056595990002 40.0 
263.0 347.0 4.481298313188794 1.3397056595990002 40.0 
263.0 348.0 4.481298313188794 1.3397056595990002 40.0 
263.0 349.0 4.481298313188794 1.3397056595990002 40.0 
263.0 350.0 4.481298313188794 1.3397056595990002 40.0 
263.0 351.0 4.481298313188794 1.3397056595990002 40.0 
263.0 352.0 4.481298313188794 1.3397056595990002 40.0 
263.0 353.0 4.481298313188794 1.3397056595990002 40.0 
263.0 354.0 4.481298313188794 1.3397056595990002 40.0 
263.0 355.0 4.481298313188794 1.3397056595990002 40.0 
263.0 356.0 4.481298313188794 1.3397056595990002 40.0 
263.0 357.0 4.481298313188794 1.3397056595990002 40.0 
264.0 336.0 4.481298313188794 1.3397056595990002 40.0 
264.0 337.0 4.481298313188794 1.3397056595990002 40.0 
264.0 338.0 4.481298313188794 1.3397056595990002 40.0 
264.0 339.0 4.481298313188794 1.3397056595990002 40.0 
264.0 340.0 4.481298313188794 1.3397056595990002 40.0 
264.0 341.0 4.481298313188794 1.3397056595990002 40.0 
264.0 342.0 4.481298313188794 1.3397056595990002 40.0 
264.0 343.0 4.481298313188794 1.3397056595990002 40.0 
264.0 344.0 4.481298313188794 1.3397056595990002 40.0 
264.0 345.0 4.481298313188794 1.3397056595990002 40.0 
264.0 346.0 4.481298313188794 1.3397056595990002 40.0 
264.0 347.0 4.481298313188794 1.3397056595990002 40.0 
264.0 348.0 4.481298313188794 1.3397056595990002 40.0 
264.0 349.0 4.481298313188794 1.3397056595990002 40.0 
264.0 350.0 4.481298313188794 1.3397056595990002 40.0 
264.0 351.0 4.481298313188794 1.3397056595990002 40.0 
264.0 352.0 4.481298313188794 1.3397056595990002 40.0 
264.0 353.0 4.481298313188794 1.3397056595990002 40.0 
264.0 354.0 4.481298313188794 1.3397056595990002 40.0 
264.0 355.0 4.481298313188794 1.3397056595990002 40.0 
264.0 356.0 4.481298313188794 1.3397056595990002 40.0 
264.0 357.0 4.481298313188794 1.3397056595990002 40.0 
264.0 358.0 4.481298313188794 1.3397056595990002 40.0 
264.0 359.0 4.481298313188794 1.3397056595990002 40.0 
264.0 360.0 4.481298313188794 1.3397056595990002 40.0 
264.0 361.0 4.481298313188794 1.3397056595990002 40.0 
264.0 362.0 4.481298313188794 1.3397056595990002 40.0 
265.0 341.0 4.481298313188794 1.3397056595990002 40.0 
265.0 342.0 4.481298313188794 1.3397056595990002 40.0 
265.0 343.0 4.481298313188794 1.3397056595990002 40.0 
265.0 344.0 4.481298313188794 1.3397056595990002 40.0 
265.0 345.0 4.481298313188794 1.3397056595990002 40.0 
265.0 346.0 4.481298313188794 1.3397056595990002 40.0 
265.0 347.0 4.481298313188794 1.3397056595990002 40.0 
265.0 348.0 4.481298313188794 1.3397056595990002 40.0 
265.0 349.0 4.481298313188794 1.3397056595990002 40.0 
265.0 350.0 4.481298313188794 1.3397056595990002 40.0 
265.0 351.0 4.481298313188794 1.3397056595990002 40.0 
265.0 352.0 4.481298313188794 1.3397056595990002 40.0 
265.0 353.0 4.481298313188794 1.3397056595990002 40.0 
265.0 354.0 4.481298313188794 1.3397056595990002 40.0 
265.0 355.0 4.481298313188794 1.3397056595990002 40.0 
265.0 356.0 4.481298313188794 1.3397056595990002 40.0 
265.0 357.0 4.481298313188794 1.3397056595990002 40.0 
265.0 358.0 4.481298313188794 1.3397056595990002 40.0 
265.0 359.0 4.481298313188794 1.3397056595990002 40.0 
265.0 360.0 4.481298313188794 1.3397056595990002 40.0 
265.0 361.0 4.481298313188794 1.3397056595990002 40.0 
265.0 362.0 4.481298313188794 1.3397056595990002 40.0 
265.0 363.0 4.481298313188794 1.3397056595990002 40.0 
265.0 364.0 4.481298313188794 1.3397056595990002 40.0 
265.0 365.0 4.481298313188794 1.3397056595990002 40.0 
265.0 366.0 4.481298313188794 1.3397056595990002 40.0 
266.0 345.0 4.481298313188794 1.3397056595990002 40.0 
266.0 346.0 4.481298313188794 1.3397056595990002 40.0 
266.0 347.0 4.481298313188794 1.3397056595990002 40.0 
266.0 348.0 4.481298313188794 1.3397056595990002 40.0 
266.0 349.0 4.481298313188794 1.3397056595990002 40.0 
266.0 350.0 4.481298313188794 1.3397056595990002 40.0 
266.0 351.0 4.481298313188794 1.3397056595990002 40.0 
266.0 352.0 4.481298313188794 1.3397056595990002 40.0 
266.0 353.0 4.481298313188794 1.3397056595990002 40.0 
266.0 354.0 4.481298313188794 1.3397056595990002 40.0 
266.0 355.0 4.481298313188794 1.3397056595990002 40.0 
266.0 356.0 4.481298313188794 1.3397056595990002 40.0 
266.0 357.0 4.481298313188794 1.3397056595990002 40.0 
266.0 358.0 4.481298313188794 1.3397056595990002 40.0 
266.0 359.0 4.481298313188794 1.3397056595990002 40.0 
266.0 360.0 4.481298313188794 1.3397056595990002 40.0 
266.0 361.0 4.481298313188794 1.3397056595990002 40.0 
266.0 362.0 4.481298313188794 1.3397056595990002 40.0 
266.0 363.0 4.481298313188794 1.3397056595990002 40.0 
266.0 364.0 4.481298313188794 1.3397056595990002 40.0 
266.0 365.0 4.481298313188794 1.3397056595990002 40.0 
266.0 366.0 4.481298313188794 1.3397056595990002 40.0 
266.0 367.0 4.481298313188794 1.3397056595990002 40.0 
266.0 368.0 4.481298313188794 1.3397056595990002 40.0 
266.0 369.0 4.481298313188794 1.3397056595990002 40.0 
266.0 370.0 4.481298313188794 1.3397056595990002 40.0 
267.0 349.0 4.481298313188794 1.3397056595990002 40.0 
267.0 350.0 4.481298313188794 1.3397056595990002 40.0 
267.0 351.0 4.481298313188794 1.3397056595990002 40.0 
267.0 352.0 4.481298313188794 1.3397056595990002 40.0 
267.0 353.0 4.481298313188794 1.3397056595990002 40.0 
267.0 354.0 4.481298313188794 1.3397056595990002 40.0 
267.0 355.0 4.481298313188794 1.3397056595990002 40.0 
267.0 356.0 4.481298313188794 1.3397056595990002 40.0 
267.0 357.0 4.481298313188794 1.3397056595990002 40.0 
267.0 358.0 4.481298313188794 1.3397056595990002 40.0 
267.0 359.0 4.481298313188794 1.3397056595990002 40.0 
267.0 360.0 4.481298313188794 1.3397056595990002 40.0 
267.0 361.0 4.481298313188794 1.3397056595990002 40.0 
267.0 362.0 4.481298313188794 1.3397056595990002 40.0 
267.0 363.0 4.481298313188794 1.3397056595990002 40.0 
267.0 364.0 4.481298313188794 1.3397056595990002 40.0 
267.0 365.0 4.481298313188794 1.3397056595990002 40.0 
267.0 366.0 4.481298313188794 1.3397056595990002 40.0 
267.0 367.0 4.481298313188794 1.3397056595990002 40.0 
267.0 368.0 4.481298313188794 1.3397056595990002 40.0 
267.0 369.0 4.481298313188794 1.3397056595990002 40.0 
267.0 370.0 4.481298313188794 1.3397056595990002 40.0 
267.0 371.0 4.481298313188794 1.3397056595990002 40.0 
267.0 372.0 4.481298313188794 1.3397056595990002 40.0 
267.0 373.0 4.481298313188794 1.3397056595990002 40.0 
267.0 374.0 4.481298313188794 1.3397056595990002 40.0 
268.0 353.0 4.481298313188794 1.3397056595990002 40.0 
268.0 354.0 4.481298313188794 1.3397056595990002 40.0 
268.0 355.0 4.481298313188794 1.3397056595990002 40.0 
268.0 356.0 4.481298313188794 1.3397056595990002 40.0 
268.0 357.0 4.481298313188794 1.3397056595990002 40.0 
268.0 358.0 4.481298313188794 1.3397056595990002 40.0 
268.0 359.0 4.481298313188794 1.3397056595990002 40.0 
268.0 360.0 4.481298313188794 1.3397056595990002 40.0 
268.0 361.0 4.481298313188794 1.3397056595990002 40.0 
268.0 362.0 4.481298313188794 1.3397056595990002 40.0 
268.0 363.0 4.481298313188794 1.3397056595990002 40.0 
268.0 364.0 4.481298313188794 1.3397056595990002 40.0 
268.0 365.0 4.481298313188794 1.3397056595990002 40.0 
268.0 366.0 4.481298313188794 1.3397056595990002 40.0 
268.0 367.0 4.481298313188794 1.3397056595990002 40.0 
268.0 368.0 4.481298313188794 1.3397056595990002 40.0 
268.0 369.0 4.481298313188794 1.3397056595990002 40.0 
268.0 370.0 4.481298313188794 1.3397056595990002 40.0 
268.0 371.0 4.481298313188794 1.3397056595990002 40.0 
268.0 372.0 4.481298313188794 1.3397056595990002 40.0 
268.0 373.0 4.481298313188794 1.3397056595990002 40.0 
268.0 374.0 4.481298313188794 1.3397056595990002 40.0 
268.0 375.0 4.481298313188794 1.3397056595990002 40.0 
268.0 376.0 4.481298313188794 1.3397056595990002 40.0 
268.0 377.0 4.481298313188794 1.3397056595990002 40.0 
268.0 378.0 4.481298313188794 1.3397056595990002 40.0 
268.0 379.0 4.481298313188794 1.3397056595990002 40.0 
269.0 358.0 4.481298313188794 1.3397056595990002 40.0 
269.0 359.0 4.481298313188794 1.3397056595990002 40.0 
269.0 360.0 4.481298313188794 1.3397056595990002 40.0 
269.0 361.0 4.481298313188794 1.3397056595990002 40.0 
269.0 362.0 4.481298313188794 1.3397056595990002 40.0 
269.0 363.0 4.481298313188794 1.3397056595990002 40.0 
269.0 364.0 4.481298313188794 1.3397056595990002 40.0 
269.0 365.0 4.481298313188794 1.3397056595990002 40.0 
269.0 366.0 4.481298313188794 1.3397056595990002 40.0 
269.0 367.0 4.481298313188794 1.3397056595990002 40.0 
269.0 368.0 4.481298313188794 1.3397056595990002 40.0 
269.0 369.0 4.481298313188794 1.3397056595990002 40.0 
269.0 370.0 4.481298313188794 1.3397056595990002 40.0 
269.0 371.0 4.481298313188794 1.3397056595990002 40.0 
269.0 372.0 4.481298313188794 1.3397056595990002 40.0 
269.0 373.0 4.481298313188794 1.3397056595990002 40.0 
269.0 374.0 4.481298313188794 1.3397056595990002 40.0 
269.0 375.0 4.481298313188794 1.3397056595990002 40.0 
269.0 376.0 4.481298313188794 1.3397056595990002 40.0 
269.0 377.0 4.481298313188794 1.3397056595990002 40.0 
269.0 378.0 4.481298313188794 1.3397056595990002 40.0 
269.0 379.0 4.481298313188794 1.3397056595990002 40.0 
269.0 380.0 4.481298313188794 1.3397056595990002 40.0 
269.0 381.0 4.481298313188794 1.3397056595990002 40.0 
269.0 382.0 4.481298313188794 1.3397056595990002 40.0 
269.0 383.0 4.481298313188794 1.3397056595990002 40.0 
270.0 362.0 4.481298313188794 1.3397056595990002 40.0 
270.0 363.0 4.481298313188794 1.3397056595990002 40.0 
270.0 364.0 4.481298313188794 1.3397056595990002 40.0 
270.0 365.0 4.481298313188794 1.3397056595990002 40.0 
270.0 366.0 4.481298313188794 1.3397056595990002 40.0 
270.0 367.0 4.481298313188794 1.3397056595990002 40.0 
270.0 368.0 4.481298313188794 1.3397056595990002 40.0 
270.0 369.0 4.481298313188794 1.3397056595990002 40.0 
270.0 370.0 4.481298313188794 1.3397056595990002 40.0 
270.0 371.0 4.481298313188794 1.3397056595990002 40.0 
270.0 372.0 4.481298313188794 1.3397056595990002 40.0 
270.0 373.0 4.481298313188794 1.3397056595990002 40.0 
270.0 374.0 4.481298313188794 1.3397056595990002 40.0 
270.0 375.0 4.481298313188794 1.3397056595990002 40.0 
270.0 376.0 4.481298313188794 1.3397056595990002 40.0 
270.0 377.0 4.481298313188794 1.3397056595990002 40.0 
270.0 378.0 4.481298313188794 1.3397056595990002 40.0 
270.0 379.0 4.481298313188794 1.3397056595990002 40.0 
270.0 380.0 4.481298313188794 1.3397056595990002 40.0 
270.0 381.0 4.481298313188794 1.3397056595990002 40.0 
270.0 382.0 4.481298313188794 1.3397056595990002 40.0 
270.0 383.0 4.481298313188794 1.3397056595990002 40.0 
271.0 366.0 4.481298313188794 1.3397056595990002 40.0 
271.0 367.0 4.481298313188794 1.3397056595990002 40.0 
271.0 368.0 4.481298313188794 1.3397056595990002 40.0 
271.0 369.0 4.481298313188794 1.3397056595990002 40.0 
271.0 370.0 4.481298313188794 1.3397056595990002 40.0 
271.0 371.0 4.481298313188794 1.3397056595990002 40.0 
271.0 372.0 4.481298313188794 1.3397056595990002 40.0 
271.0 373.0 4.481298313188794 1.3397056595990002 40.0 
271.0 374.0 4.481298313188794 1.3397056595990002 40.0 
271.0 375.0 4.481298313188794 1.3397056595990002 40.0 
271.0 376.0 4.481298313188794 1.3397056595990002 40.0 
271.0 377.0 4.481298313188794 1.3397056595990002 40.0 
271.0 378.0 4.481298313188794 1.3397056595990002 40.0 
271.0 379.0 4.481298313188794 1.3397056595990002 40.0 
271.0 380.0 4.481298313188794 1.3397056595990002 40.0 
271.0 381.0 4.481298313188794 1.3397056595990002 40.0 
271.0 382.0 4.481298313188794 1.3397056595990002 40.0 
271.0 383.0 4.481298313188794 1.3397056595990002 40.0 
272.0 370.0 4.481298313188794 1.3397056595990002 40.0 
272.0 371.0 4.481298313188794 1.3397056595990002 40.0 
272.0 372.0 4.481298313188794 1.3397056595990002 40.0 
272.0 373.0 4.481298313188794 1.3397056595990002 40.0 
272.0 374.0 4.481298313188794 1.3397056595990002 40.0 
272.0 375.0 4.481298313188794 1.3397056595990002 40.0 
272.0 376.0 4.481298313188794 1.3397056595990002 40.0 
272.0 377.0 4.481298313188794 1.3397056595990002 40.0 
272.0 378.0 4.481298313188794 1.3397056595990002 40.0 
272.0 379.0 4.481298313188794 1.3397056595990002 40.0 
272.0 380.0 4.481298313188794 1.3397056595990002 40.0 
272.0 381.0 4.481298313188794 1.3397056595990002 40.0 
272.0 382.0 4.481298313188794 1.3397056595990002 40.0 
273.0 375.0 4.481298313188794 1.3397056595990002 40.0 
273.0 376.0 4.481298313188794 1.3397056595990002 40.0 
273.0 377.0 4.481298313188794 1.3397056595990002 40.0 
273.0 378.0 4.481298313188794 1.3397056595990002 40.0 
273.0 379.0 4.481298313188794 1.3397056595990002 40.0 
273.0 380.0 4.481298313188794 1.3397056595990002 40.0 
273.0 381.0 4.481298313188794 1.3397056595990002 40.0 
273.0 382.0 4.481298313188794 1.3397056595990002 40.0 
274.0 379.0 4.481298313188794 1.3397056595990002 40.0 
274.0 380.0 4.481298313188794 1.3397056595990002 40.0 
274.0 381.0 4.481298313188794 1.3397056595990002 40.0 
274.0 382.0 4.481298313188794 1.3397056595990002 40.0 
250.0 261.0 1.6010900867136724 4.742682740303465 32.0 
250.0 262.0 1.6010900867136724 4.742682740303465 32.0 
250.0 263.0 1.6010900867136724 4.742682740303465 32.0 
250.0 264.0 1.6010900867136724 4.742682740303465 32.0 
250.0 265.0 1.6010900867136724 4.742682740303465 32.0 
250.0 266.0 1.6010900867136724 4.742682740303465 32.0 
250.0 267.0 1.6010900867136724 4.742682740303465 32.0 
250.0 268.0 1.6010900867136724 4.742682740303465 32.0 
250.0 269.0 1.6010900867136724 4.742682740303465 32.0 
250.0 270.0 1.6010900867136724 4.742682740303465 32.0 
250.0 271.0 1.6010900867136724 4.742682740303465 32.0 
250.0 272.0 1.6010900867136724 4.742682740303465 32.0 
250.0 273.0 1.6010900867136724 4.742682740303465 32.0 
250.0 274.0 1.6010900867136724 4.742682740303465 32.0 
250.0 275.0 1.6010900867136724 4.742682740303465 32.0 
250.0 276.0 1.6010900867136724 4.742682740303465 32.0 
250.0 277.0 1.6010900867136724 4.742682740303465 32.0 
250.0 278.0 1.6010900867136724 4.742682740303465 32.0 
250.0 279.0 1.6010900867136724 4.742682740303465 32.0 
250.0 280.0 1.6010900867136724 4.742682740303465 32.0 
250.0 281.0 1.6010900867136724 4.742682740303465 32.0 
250.0 282.0 1.6010900867136724 4.742682740303465 32.0 
250.0 283.0 1.6010900867136724 4.742682740303465 32.0 
250.0 284.0 1.6010900867136724 4.742682740303465 32.0 
250.0 285.0 1.6010900867136724 4.742682740303465 32.0 
250.0 286.0 1.6010900867136724 4.742682740303465 32.0 
250.0 287.0 1.6010900867136724 4.742682740303465 32.0 
250.0 288.0 1.6010900867136724 4.742682740303465 32.0 
250.0 289.0 1.6010900867136724 4.742682740303465 32.0 
250.0 290.0 1.6010900867136724 4.742682740303465 32.0 
250.0 291.0 1.6010900867136724 4.742682740303465 32.0 
250.0 292.0 1.6010900867136724 4.742682740303465 32.0 
250.0 293.0 1.6010900867136724 4.742682740303465 32.0 
251.0 261.0 1.6010900867136724 4.742682740303465 32.0 
251.0 262.0 1.6010900867136724 4.742682740303465 32.0 
251.0 263.0 1.6010900867136724 4.742682740303465 32.0 
251.0 264.0 1.6010900867136724 4.742682740303465 32.0 
251.0 265.0 1.6010900867136724 4.742682740303465 32.0 
251.0 266.0 1.6010900867136724 4.742682740303465 32.0 
251.0 267.0 1.6010900867136724 4.742682740303465 32.0 
251.0 268.0 1.6010900867136724 4.742682740303465 32.0 
251.0 269.0 1.6010900867136724 4.742682740303465 32.0 
251.0 270.0 1.6010900867136724 4.742682740303465 32.0 
251.0 271.0 1.6010900867136724 4.742682740303465 32.0 
251.0 272.0 1.6010900867136724 4.742682740303465 32.0 
251.0 273.0 1.6010900867136724 4.742682740303465 32.0 
251.0 274.0 1.6010900867136724 4.742682740303465 32.0 
251.0 275.0 1.6010900867136724 4.742682740303465 32.0 
251.0 276.0 1.6010900867136724 4.742682740303465 32.0 
251.0 277.0 1.6010900867136724 4.742682740303465 32.0 
251.0 278.0 1.6010900867136724 4.742682740303465 32.0 
251.0 279.0 1.6010900867136724 4.742682740303465 32.0 
251.0 280.0 1.6010900867136724 4.742682740303465 32.0 
251.0 281.0 1.6010900867136724 4.742682740303465 32.0 
251.0 282.0 1.6010900867136724 4.742682740303465 32.0 
251.0 283.0 1.6010900867136724 4.742682740303465 32.0 
251.0 284.0 1.6010900867136724 4.742682740303465 32.0 
251.0 285.0 1.6010900867136724 4.742682740303465 32.0 
251.0 286.0 1.6010900867136724 4.742682740303465 32.0 
251.0 287.0 1.6010900867136724 4.742682740303465 32.0 
251.0 288.0 1.6010900867136724 4.742682740303465 32.0 
251.0 289.0 1.6010900867136724 4.742682740303465 32.0 
251.0 290.0 1.6010900867136724 4.742682740303465 32.0 
251.0 291.0 1.6010900867136724 4.742682740303465 32.0 
251.0 292.0 1.6010900867136724 4.742682740303465 32.0 
251.0 293.0 1.6010900867136724 4.742682740303465 32.0 
252.0 261.0 1.6010900867136724 4.742682740303465 32.0 
252.0 262.0 1.6010900867136724 4.742682740303465 32.0 
252.0 263.0 1.6010900867136724 4.742682740303465 32.0 
252.0 264.0 1.6010900867136724 4.742682740303465 32.0 
252.0 265.0 1.6010900867136724 4.742682740303465 32.0 
252.0 266.0 1.6010900867136724 4.742682740303465 32.0 
252.0 267.0 1.6010900867136724 4.742682740303465 32.0 
252.0 268.0 1.6010900867136724 4.742682740303465 32.0 
252.0 269.0 1.6010900867136724 4.742682740303465 32.0 
252.0 270.0 1.6010900867136724 4.742682740303465 32.0 
252.0 271.0 1.6010900867136724 4.742682740303465 32.0 
252.0 272.0 1.6010900867136724 4.742682740303465 32.0 
252.0 273.0 1.6010900867136724 4.742682740303465 32.0 
252.0 274.0 1.6010900867136724 4.742682740303465 32.0 
252.0 275.0 1.6010900867136724 4.742682740303465 32.0 
252.0 276.0 1.6010900867136724 4.742682740303465 32.0 
252.0 277.0 1.6010900867136724 4.742682740303465 32.0 
252.0 278.0 1.6010900867136724 4.742682740303465 32.0 
252.0 279.0 1.6010900867136724 4.742682740303465 32.0 
252.0 280.0 1.6010900867136724 4.742682740303465 32.0 
252.0 281.0 1.6010900867136724 4.742682740303465 32.0 
252.0 282.0 1.6010900867136724 4.742682740303465 32.0 
252.0 283.0 1.6010900867136724 4.742682740303465 32.0 
252.0 284.0 1.6010900867136724 4.742682740303465 32.0 
252.0 285.0 1.6010900867136724 4.742682740303465 32.0 
252.0 286.0 1.6010900867136724 4.742682740303465 32.0 
252.0 287.0 1.6010900867136724 4.742682740303465 32.0 
252.0 288.0 1.6010900867136724 4.742682740303465 32.0 
252.0 289.0 1.6010900867136724 4.742682740303465 32.0 
252.0 290.0 1.6010900867136724 4.742682740303465 32.0 
252.0 291.0 1.6010900867136724 4.742682740303465 32.0 
252.0 292.0 1.6010900867136724 4.742682740303465 32.0 
252.0 293.0 1.6010900867136724 4.742682740303465 32.0 
252.0 294.0 1.6010900867136724 4.742682740303465 32.0 
253.0 262.0 1.6010900867136724 4.742682740303465 32.0 
253.0 263.0 1.6010900867136724 4.742682740303465 32.0 
253.0 264.0 1.6010900867136724 4.742682740303465 32.0 
253.0 265.0 1.6010900867136724 4.742682740303465 32.0 
253.0 266.0 1.6010900867136724 4.742682740303465 32.0 
253.0 267.0 1.6010900867136724 4.742682740303465 32.0 
253.0 268.0 1.6010900867136724 4.742682740303465 32.0 
253.0 269.0 1.6010900867136724 4.742682740303465 32.0 
253.0 270.0 1.6010900867136724 4.742682740303465 32.0 
253.0 271.0 1.6010900867136724 4.742682740303465 32.0 
253.0 272.0 1.6010900867136724 4.742682740303465 32.0 
253.0 273.0 1.6010900867136724 4.742682740303465 32.0 
253.0 274.0 1.6010900867136724 4.742682740303465 32.0 
253.0 275.0 1.6010900867136724 4.742682740303465 32.0 
253.0 276.0 1.6010900867136724 4.742682740303465 32.0 
253.0 277.0 1.6010900867136724 4.742682740303465 32.0 
253.0 278.0 1.6010900867136724 4.742682740303465 32.0 
253.0 279.0 1.6010900867136724 4.742682740303465 32.0 
253.0 280.0 1.6010900867136724 4.742682740303465 32.0 
253.0 281.0 1.6010900867136724 4.742682740303465 32.0 
253.0 282.0 1.6010900867136724 4.742682740303465 32.0 
253.0 283.0 1.6010900867136724 4.742682740303465 32.0 
253.0 284.0 1.6010900867136724 4.742682740303465 32.0 
253.0 285.0 1.6010900867136724 4.742682740303465 32.0 
253.0 286.0 1.6010900867136724 4.742682740303465 32.0 
253.0 287.0 1.6010900867136724 4.742682740303465 32.0 
253.0 288.0 1.6010900867136724 4.742682740303465 32.0 
253.0 289.0 1.6010900867136724 4.742682740303465 32.0 
253.0 290.0 1.6010900867136724 4.742682740303465 32.0 
253.0 291.0 1.6010900867136724 4.742682740303465 32.0 
253.0 292.0 1.6010900867136724 4.742682740303465 32.0 
253.0 293.0 1.6010900867136724 4.742682740303465 32.0 
253.0 294.0 1.6010900867136724 4.742682740303465 32.0 
238.0 235.0 4.193242866138167 1.051650212548374 44.0 
239.0 234.0 4.193242866138167 1.051650212548374 44.0 
239.0 235.0 4.193242866138167 1.051650212548374 44.0 
239.0 236.0 4.193242866138167 1.051650212548374 44.0 
239.0 237.0 4.193242866138167 1.051650212548374 44.0 
240.0 233.0 4.193242866138167 1.051650212548374 44.0 
240.0 234.0 4.193242866138167 1.051650212548374 44.0 
240.0 235.0 4.193242866138167 1.051650212548374 44.0 
240.0 236.0 4.193242866138167 1.051650212548374 44.0 
240.0 237.0 4.193242866138167 1.051650212548374 44.0 
240.0 238.0 4.193242866138167 1.051650212548374 44.0 
240.0 239.0 4.193242866138167 1.051650212548374 44.0 
241.0 233.0 4.193242866138167 1.051650212548374 44.0 
241.0 234.0 4.193242866138167 1.051650212548374 44.0 
241.0 235.0 4.193242866138167 1.051650212548374 44.0 
241.0 236.0 4.193242866138167 1.051650212548374 44.0 
241.0 237.0 4.193242866138167 1.051650212548374 44.0 
241.0 238.0 4.193242866138167 1.051650212548374 44.0 
241.0 239.0 4.193242866138167 1.051650212548374 44.0 
241.0 240.0 4.193242866138167 1.051650212548374 44.0 
242.0 232.0 4.193242866138167 1.051650212548374 44.0 
242.0 233.0 4.193242866138167 1.051650212548374 44.0 
242.0 234.0 4.193242866138167 1.051650212548374 44.0 
242.0 235.0 4.193242866138167 1.051650212548374 44.0 
242.0 236.0 4.193242866138167 1.051650212548374 44.0 
242.0 237.0 4.193242866138167 1.051650212548374 44.0 
242.0 238.0 4.193242866138167 1.051650212548374 44.0 
242.0 239.0 4.193242866138167 1.051650212548374 44.0 
242.0 240.0 4.193242866138167 1.051650212548374 44.0 
242.0 241.0 4.193242866138167 1.051650212548374 44.0 
242.0 242.0 4.193242866138167 1.051650212548374 44.0 
243.0 233.0 4.193242866138167 1.051650212548374 44.0 
243.0 234.0 4.193242866138167 1.051650212548374 44.0 
243.0 235.0 4.193242866138167 1.051650212548374 44.0 
243.0 236.0 4.193242866138167 1.051650212548374 44.0 
243.0 237.0 4.193242866138167 1.051650212548374 44.0 
243.0 238.0 4.193242866138167 1.051650212548374 44.0 
243.0 239.0 4.193242866138167 1.051650212548374 44.0 
243.0 240.0 4.193242866138167 1.051650212548374 44.0 
243.0 241.0 4.193242866138167 1.051650212548374 44.0 
243.0 242.0 4.193242866138167 1.051650212548374 44.0 
243.0 243.0 4.193242866138167 1.051650212548374 44.0 
243.0 244.0 4.193242866138167 1.051650212548374 44.0 
244.0 234.0 4.193242866138167 1.051650212548374 44.0 
244.0 235.0 4.193242866138167 1.051650212548374 44.0 
244.0 236.0 4.193242866138167 1.051650212548374 44.0 
244.0 237.0 4.193242866138167 1.051650212548374 44.0 
244.0 238.0 4.193242866138167 1.051650212548374 44.0 
244.0 239.0 4.193242866138167 1.051650212548374 44.0 
244.0 240.0 4.193242866138167 1.051650212548374 44.0 
244.0 241.0 4.193242866138167 1.051650212548374 44.0 
244.0 242.0 4.193242866138167 1.051650212548374 44.0 
244.0 243.0 4.193242866138167 1.051650212548374 44.0 
244.0 244.0 4.193242866138167 1.051650212548374 44.0 
244.0 245.0 4.193242866138167 1.051650212548374 44.0 
244.0 246.0 4.193242866138167 1.051650212548374 44.0 
245.0 236.0 4.193242866138167 1.051650212548374 44.0 
245.0 237.0 4.193242866138167 1.051650212548374 44.0 
245.0 238.0 4.193242866138167 1.051650212548374 44.0 
245.0 239.0 4.193242866138167 1.051650212548374 44.0 
245.0 240.0 4.193242866138167 1.051650212548374 44.0 
245.0 241.0 4.193242866138167 1.051650212548374 44.0 
245.0 242.0 4.193242866138167 1.051650212548374 44.0 
245.0 243.0 4.193242866138167 1.051650212548374 44.0 
245.0 244.0 4.193242866138167 1.051650212548374 44.0 
245.0 245.0 4.193242866138167 1.051650212548374 44.0 
245.0 246.0 4.193242866138167 1.051650212548374 44.0 
245.0 247.0 4.193242866138167 1.051650212548374 44.0 
246.0 238.0 4.193242866138167 1.051650212548374 44.0 
246.0 239.0 4.193242866138167 1.051650212548374 44.0 
246.0 240.0 4.193242866138167 1.051650212548374 44.0 
246.0 241.0 4.193242866138167 1.051650212548374 44.0 
246.0 242.0 4.193242866138167 1.051650212548374 44.0 
246.0 243.0 4.193242866138167 1.051650212548374 44.0 
246.0 244.0 4.193242866138167 1.051650212548374 44.0 
246.0 245.0 4.193242866138167 1.051650212548374 44.0 
246.0 246.0 4.193242866138167 1.051650212548374 44.0 
246.0 247.0 4.193242866138167 1.051650212548374 44.0 
246.0 248.0 4.193242866138167 1.051650212548374 44.0 
247.0 240.0 4.193242866138167 1.051650212548374 44.0 
247.0 241.0 4.193242866138167 1.051650212548374 44.0 
247.0 242.0 4.193242866138167 1.051650212548374 44.0 
247.0 243.0 4.193242866138167 1.051650212548374 44.0 
247.0 244.0 4.193242866138167 1.051650212548374 44.0 
247.0 245.0 4.193242866138167 1.051650212548374 44.0 
247.0 246.0 4.193242866138167 1.051650212548374 44.0 
247.0 247.0 4.193242866138167 1.051650212548374 44.0 
248.0 241.0 4.193242866138167 1.051650212548374 44.0 
248.0 242.0 4.193242866138167 1.051650212548374 44.0 
248.0 243.0 4.193242866138167 1.051650212548374 44.0 
248.0 244.0 4.193242866138167 1.051650212548374 44.0 
248.0 245.0 4.193242866138167 1.051650212548374 44.0 
248.0 246.0 4.193242866138167 1.051650212548374 44.0 
249.0 243.0 4.193242866138167 1.051650212548374 44.0 
249.0 244.0 4.193242866138167 1.051650212548374 44.0 
249.0 245.0 4.193242866138167 1.051650212548374 44.0 
249.0 246.0 4.193242866138167 1.051650212548374 44.0 
250.0 245.0 4.193242866138167 1.051650212548374 44.0 
