274.0 256.0 2.9889433251945268 6.130535978784319 24.0 
274.0 257.0 2.9889433251945268 6.130535978784319 24.0 
275.0 256.0 2.9889433251945268 6.130535978784319 24.0 
275.0 257.0 2.9889433251945268 6.130535978784319 24.0 
275.0 258.0 2.9889433251945268 6.130535978784319 24.0 
275.0 259.0 2.9889433251945268 6.130535978784319 24.0 
276.0 256.0 2.9889433251945268 6.130535978784319 24.0 
276.0 257.0 2.9889433251945268 6.130535978784319 24.0 
276.0 258.0 2.9889433251945268 6.130535978784319 24.0 
276.0 259.0 2.9889433251945268 6.130535978784319 24.0 
277.0 256.0 2.9889433251945268 6.130535978784319 24.0 
277.0 257.0 2.9889433251945268 6.130535978784319 24.0 
277.0 258.0 2.9889433251945268 6.130535978784319 24.0 
277.0 259.0 2.9889433251945268 6.130535978784319 24.0 
278.0 256.0 2.9889433251945268 6.130535978784319 24.0 
278.0 257.0 2.9889433251945268 6.130535978784319 24.0 
278.0 258.0 2.9889433251945268 6.130535978784319 24.0 
278.0 259.0 2.9889433251945268 6.130535978784319 24.0 
279.0 256.0 2.9889433251945268 6.130535978784319 24.0 
279.0 257.0 2.9889433251945268 6.130535978784319 24.0 
279.0 258.0 2.9889433251945268 6.130535978784319 24.0 
279.0 259.0 2.9889433251945268 6.130535978784319 24.0 
280.0 256.0 2.9889433251945268 6.130535978784319 24.0 
280.0 257.0 2.9889433251945268 6.130535978784319 24.0 
280.0 258.0 2.9889433251945268 6.130535978784319 24.0 
280.0 259.0 2.9889433251945268 6.130535978784319 24.0 
281.0 255.0 2.9889433251945268 6.130535978784319 24.0 
281.0 256.0 2.9889433251945268 6.130535978784319 24.0 
281.0 257.0 2.9889433251945268 6.130535978784319 24.0 
281.0 258.0 2.9889433251945268 6.130535978784319 24.0 
282.0 255.0 2.9889433251945268 6.130535978784319 24.0 
282.0 256.0 2.9889433251945268 6.130535978784319 24.0 
282.0 257.0 2.9889433251945268 6.130535978784319 24.0 
282.0 258.0 2.9889433251945268 6.130535978784319 24.0 
283.0 255.0 2.9889433251945268 6.130535978784319 24.0 
283.0 256.0 2.9889433251945268 6.130535978784319 24.0 
283.0 257.0 2.9889433251945268 6.130535978784319 24.0 
283.0 258.0 2.9889433251945268 6.130535978784319 24.0 
284.0 255.0 2.9889433251945268 6.130535978784319 24.0 
284.0 256.0 2.9889433251945268 6.130535978784319 24.0 
284.0 257.0 2.9889433251945268 6.130535978784319 24.0 
284.0 258.0 2.9889433251945268 6.130535978784319 24.0 
285.0 255.0 2.9889433251945268 6.130535978784319 24.0 
285.0 256.0 2.9889433251945268 6.130535978784319 24.0 
285.0 257.0 2.9889433251945268 6.130535978784319 24.0 
285.0 258.0 2.9889433251945268 6.130535978784319 24.0 
286.0 255.0 2.9889433251945268 6.130535978784319 24.0 
286.0 256.0 2.9889433251945268 6.130535978784319 24.0 
286.0 257.0 2.9889433251945268 6.130535978784319 24.0 
286.0 258.0 2.9889433251945268 6.130535978784319 24.0 
287.0 254.0 2.9889433251945268 6.130535978784319 24.0 
287.0 255.0 2.9889433251945268 6.130535978784319 24.0 
287.0 256.0 2.9889433251945268 6.130535978784319 24.0 
287.0 257.0 2.9889433251945268 6.130535978784319 24.0 
287.0 258.0 2.9889433251945268 6.130535978784319 24.0 
288.0 254.0 2.9889433251945268 6.130535978784319 24.0 
288.0 255.0 2.9889433251945268 6.130535978784319 24.0 
288.0 256.0 2.9889433251945268 6.130535978784319 24.0 
288.0 257.0 2.9889433251945268 6.130535978784319 24.0 
289.0 254.0 2.9889433251945268 6.130535978784319 24.0 
289.0 255.0 2.9889433251945268 6.130535978784319 24.0 
289.0 256.0 2.9889433251945268 6.130535978784319 24.0 
289.0 257.0 2.9889433251945268 6.130535978784319 24.0 
290.0 254.0 2.9889433251945268 6.130535978784319 24.0 
290.0 255.0 2.9889433251945268 6.130535978784319 24.0 
290.0 256.0 2.9889433251945268 6.130535978784319 24.0 
290.0 257.0 2.9889433251945268 6.130535978784319 24.0 
291.0 254.0 2.9889433251945268 6.130535978784319 24.0 
291.0 255.0 2.9889433251945268 6.130535978784319 24.0 
291.0 256.0 2.9889433251945268 6.130535978784319 24.0 
291.0 257.0 2.9889433251945268 6.130535978784319 24.0 
292.0 254.0 2.9889433251945268 6.130535978784319 24.0 
292.0 255.0 2.9889433251945268 6.130535978784319 24.0 
292.0 256.0 2.9889433251945268 6.130535978784319 24.0 
292.0 257.0 2.9889433251945268 6.130535978784319 24.0 
293.0 254.0 2.9889433251945268 6.130535978784319 24.0 
293.0 255.0 2.9889433251945268 6.130535978784319 24.0 
293.0 256.0 2.9889433251945268 6.130535978784319 24.0 
293.0 257.0 2.9889433251945268 6.130535978784319 24.0 
294.0 253.0 2.9889433251945268 6.130535978784319 24.0 
294.0 254.0 2.9889433251945268 6.130535978784319 24.0 
294.0 255.0 2.9889433251945268 6.130535978784319 24.0 
294.0 256.0 2.9889433251945268 6.130535978784319 24.0 
295.0 253.0 2.9889433251945268 6.130535978784319 24.0 
295.0 254.0 2.9889433251945268 6.130535978784319 24.0 
295.0 255.0 2.9889433251945268 6.130535978784319 24.0 
295.0 256.0 2.9889433251945268 6.130535978784319 24.0 
296.0 253.0 2.9889433251945268 6.130535978784319 24.0 
296.0 254.0 2.9889433251945268 6.130535978784319 24.0 
296.0 255.0 2.9889433251945268 6.130535978784319 24.0 
296.0 256.0 2.9889433251945268 6.130535978784319 24.0 
297.0 253.0 2.9889433251945268 6.130535978784319 24.0 
297.0 254.0 2.9889433251945268 6.130535978784319 24.0 
297.0 255.0 2.9889433251945268 6.130535978784319 24.0 
297.0 256.0 2.9889433251945268 6.130535978784319 24.0 
298.0 253.0 2.9889433251945268 6.130535978784319 24.0 
298.0 254.0 2.9889433251945268 6.130535978784319 24.0 
298.0 255.0 2.9889433251945268 6.130535978784319 24.0 
298.0 256.0 2.9889433251945268 6.130535978784319 24.0 
299.0 253.0 2.9889433251945268 6.130535978784319 24.0 
299.0 254.0 2.9889433251945268 6.130535978784319 24.0 
299.0 255.0 2.9889433251945268 6.130535978784319 24.0 
299.0 256.0 2.9889433251945268 6.130535978784319 24.0 
300.0 252.0 2.9889433251945268 6.130535978784319 24.0 
300.0 253.0 2.9889433251945268 6.130535978784319 24.0 
300.0 254.0 2.9889433251945268 6.130535978784319 24.0 
300.0 255.0 2.9889433251945268 6.130535978784319 24.0 
300.0 256.0 2.9889433251945268 6.130535978784319 24.0 
301.0 252.0 2.9889433251945268 6.130535978784319 24.0 
301.0 253.0 2.9889433251945268 6.130535978784319 24.0 
301.0 254.0 2.9889433251945268 6.130535978784319 24.0 
301.0 255.0 2.9889433251945268 6.130535978784319 24.0 
302.0 252.0 2.9889433251945268 6.130535978784319 24.0 
302.0 253.0 2.9889433251945268 6.130535978784319 24.0 
302.0 254.0 2.9889433251945268 6.130535978784319 24.0 
302.0 255.0 2.9889433251945268 6.130535978784319 24.0 
303.0 252.0 2.9889433251945268 6.130535978784319 24.0 
303.0 253.0 2.9889433251945268 6.130535978784319 24.0 
303.0 254.0 2.9889433251945268 6.130535978784319 24.0 
303.0 255.0 2.9889433251945268 6.130535978784319 24.0 
304.0 252.0 2.9889433251945268 6.130535978784319 24.0 
304.0 253.0 2.9889433251945268 6.130535978784319 24.0 
304.0 254.0 2.9889433251945268 6.130535978784319 24.0 
304.0 255.0 2.9889433251945268 6.130535978784319 24.0 
305.0 252.0 2.9889433251945268 6.130535978784319 24.0 
305.0 253.0 2.9889433251945268 6.130535978784319 24.0 
305.0 254.0 2.9889433251945268 6.130535978784319 24.0 
305.0 255.0 2.9889433251945268 6.130535978784319 24.0 
306.0 252.0 2.9889433251945268 6.130535978784319 24.0 
306.0 253.0 2.9889433251945268 6.130535978784319 24.0 
306.0 254.0 2.9889433251945268 6.130535978784319 24.0 
306.0 255.0 2.9889433251945268 6.130535978784319 24.0 
307.0 251.0 2.9889433251945268 6.130535978784319 24.0 
307.0 252.0 2.9889433251945268 6.130535978784319 24.0 
307.0 253.0 2.9889433251945268 6.130535978784319 24.0 
307.0 254.0 2.9889433251945268 6.130535978784319 24.0 
308.0 251.0 2.9889433251945268 6.130535978784319 24.0 
308.0 252.0 2.9889433251945268 6.130535978784319 24.0 
308.0 253.0 2.9889433251945268 6.130535978784319 24.0 
308.0 254.0 2.9889433251945268 6.130535978784319 24.0 
309.0 251.0 2.9889433251945268 6.130535978784319 24.0 
309.0 252.0 2.9889433251945268 6.130535978784319 24.0 
309.0 253.0 2.9889433251945268 6.130535978784319 24.0 
309.0 254.0 2.9889433251945268 6.130535978784319 24.0 
310.0 251.0 2.9889433251945268 6.130535978784319 24.0 
310.0 252.0 2.9889433251945268 6.130535978784319 24.0 
310.0 253.0 2.9889433251945268 6.130535978784319 24.0 
310.0 254.0 2.9889433251945268 6.130535978784319 24.0 
311.0 251.0 2.9889433251945268 6.130535978784319 24.0 
311.0 252.0 2.9889433251945268 6.130535978784319 24.0 
311.0 253.0 2.9889433251945268 6.130535978784319 24.0 
311.0 254.0 2.9889433251945268 6.130535978784319 24.0 
312.0 251.0 2.9889433251945268 6.130535978784319 24.0 
312.0 252.0 2.9889433251945268 6.130535978784319 24.0 
312.0 253.0 2.9889433251945268 6.130535978784319 24.0 
312.0 254.0 2.9889433251945268 6.130535978784319 24.0 
313.0 250.0 2.9889433251945268 6.130535978784319 24.0 
313.0 251.0 2.9889433251945268 6.130535978784319 24.0 
313.0 252.0 2.9889433251945268 6.130535978784319 24.0 
313.0 253.0 2.9889433251945268 6.130535978784319 24.0 
313.0 254.0 2.9889433251945268 6.130535978784319 24.0 
314.0 250.0 2.9889433251945268 6.130535978784319 24.0 
314.0 251.0 2.9889433251945268 6.130535978784319 24.0 
314.0 252.0 2.9889433251945268 6.130535978784319 24.0 
314.0 253.0 2.9889433251945268 6.130535978784319 24.0 
315.0 250.0 2.9889433251945268 6.130535978784319 24.0 
315.0 251.0 2.9889433251945268 6.130535978784319 24.0 
315.0 252.0 2.9889433251945268 6.130535978784319 24.0 
315.0 253.0 2.9889433251945268 6.130535978784319 24.0 
316.0 250.0 2.9889433251945268 6.130535978784319 24.0 
316.0 251.0 2.9889433251945268 6.130535978784319 24.0 
316.0 252.0 2.9889433251945268 6.130535978784319 24.0 
316.0 253.0 2.9889433251945268 6.130535978784319 24.0 
317.0 250.0 2.9889433251945268 6.130535978784319 24.0 
317.0 251.0 2.9889433251945268 6.130535978784319 24.0 
317.0 252.0 2.9889433251945268 6.130535978784319 24.0 
317.0 253.0 2.9889433251945268 6.130535978784319 24.0 
318.0 250.0 2.9889433251945268 6.130535978784319 24.0 
318.0 251.0 2.9889433251945268 6.130535978784319 24.0 
318.0 252.0 2.9889433251945268 6.130535978784319 24.0 
318.0 253.0 2.9889433251945268 6.130535978784319 24.0 
319.0 250.0 2.9889433251945268 6.130535978784319 24.0 
319.0 251.0 2.9889433251945268 6.130535978784319 24.0 
319.0 252.0 2.9889433251945268 6.130535978784319 24.0 
319.0 253.0 2.9889433251945268 6.130535978784319 24.0 
320.0 249.0 2.9889433251945268 6.130535978784319 24.0 
320.0 250.0 2.9889433251945268 6.130535978784319 24.0 
320.0 251.0 2.9889433251945268 6.130535978784319 24.0 
320.0 252.0 2.9889433251945268 6.130535978784319 24.0 
321.0 249.0 2.9889433251945268 6.130535978784319 24.0 
321.0 250.0 2.9889433251945268 6.130535978784319 24.0 
321.0 251.0 2.9889433251945268 6.130535978784319 24.0 
321.0 252.0 2.9889433251945268 6.130535978784319 24.0 
322.0 249.0 2.9889433251945268 6.130535978784319 24.0 
322.0 250.0 2.9889433251945268 6.130535978784319 24.0 
322.0 251.0 2.9889433251945268 6.130535978784319 24.0 
322.0 252.0 2.9889433251945268 6.130535978784319 24.0 
323.0 249.0 2.9889433251945268 6.130535978784319 24.0 
323.0 250.0 2.9889433251945268 6.130535978784319 24.0 
323.0 251.0 2.9889433251945268 6.130535978784319 24.0 
323.0 252.0 2.9889433251945268 6.130535978784319 24.0 
324.0 249.0 2.9889433251945268 6.130535978784319 24.0 
324.0 250.0 2.9889433251945268 6.130535978784319 24.0 
324.0 251.0 2.9889433251945268 6.130535978784319 24.0 
324.0 252.0 2.9889433251945268 6.130535978784319 24.0 
325.0 249.0 2.9889433251945268 6.130535978784319 24.0 
325.0 250.0 2.9889433251945268 6.130535978784319 24.0 
325.0 251.0 2.9889433251945268 6.130535978784319 24.0 
325.0 252.0 2.9889433251945268 6.130535978784319 24.0 
326.0 250.0 2.9889433251945268 6.130535978784319 24.0 
326.0 251.0 2.9889433251945268 6.130535978784319 24.0 
326.0 252.0 2.9889433251945268 6.130535978784319 24.0 
