249.0 282.0 2.7564351472263207 5.898027800816114 72.0 
249.0 283.0 2.7564351472263207 5.898027800816114 72.0 
249.0 284.0 2.7564351472263207 5.898027800816114 72.0 
250.0 282.0 2.7564351472263207 5.898027800816114 72.0 
250.0 283.0 2.7564351472263207 5.898027800816114 72.0 
250.0 284.0 2.7564351472263207 5.898027800816114 72.0 
250.0 285.0 2.7564351472263207 5.898027800816114 72.0 
250.0 286.0 2.7564351472263207 5.898027800816114 72.0 
250.0 287.0 2.7564351472263207 5.898027800816114 72.0 
251.0 281.0 2.7564351472263207 5.898027800816114 72.0 
251.0 282.0 2.7564351472263207 5.898027800816114 72.0 
251.0 283.0 2.7564351472263207 5.898027800816114 72.0 
251.0 284.0 2.7564351472263207 5.898027800816114 72.0 
251.0 285.0 2.7564351472263207 5.898027800816114 72.0 
251.0 286.0 2.7564351472263207 5.898027800816114 72.0 
251.0 287.0 2.7564351472263207 5.898027800816114 72.0 
252.0 281.0 2.7564351472263207 5.898027800816114 72.0 
252.0 282.0 2.7564351472263207 5.898027800816114 72.0 
252.0 283.0 2.7564351472263207 5.898027800816114 72.0 
252.0 284.0 2.7564351472263207 5.898027800816114 72.0 
252.0 285.0 2.7564351472263207 5.898027800816114 72.0 
252.0 286.0 2.7564351472263207 5.898027800816114 72.0 
252.0 287.0 2.7564351472263207 5.898027800816114 72.0 
253.0 281.0 2.7564351472263207 5.898027800816114 72.0 
253.0 282.0 2.7564351472263207 5.898027800816114 72.0 
253.0 283.0 2.7564351472263207 5.898027800816114 72.0 
253.0 284.0 2.7564351472263207 5.898027800816114 72.0 
253.0 285.0 2.7564351472263207 5.898027800816114 72.0 
253.0 286.0 2.7564351472263207 5.898027800816114 72.0 
254.0 280.0 2.7564351472263207 5.898027800816114 72.0 
254.0 281.0 2.7564351472263207 5.898027800816114 72.0 
254.0 282.0 2.7564351472263207 5.898027800816114 72.0 
254.0 283.0 2.7564351472263207 5.898027800816114 72.0 
254.0 284.0 2.7564351472263207 5.898027800816114 72.0 
254.0 285.0 2.7564351472263207 5.898027800816114 72.0 
254.0 286.0 2.7564351472263207 5.898027800816114 72.0 
255.0 280.0 2.7564351472263207 5.898027800816114 72.0 
255.0 281.0 2.7564351472263207 5.898027800816114 72.0 
255.0 282.0 2.7564351472263207 5.898027800816114 72.0 
255.0 283.0 2.7564351472263207 5.898027800816114 72.0 
255.0 284.0 2.7564351472263207 5.898027800816114 72.0 
255.0 285.0 2.7564351472263207 5.898027800816114 72.0 
256.0 279.0 2.7564351472263207 5.898027800816114 72.0 
256.0 280.0 2.7564351472263207 5.898027800816114 72.0 
256.0 281.0 2.7564351472263207 5.898027800816114 72.0 
256.0 282.0 2.7564351472263207 5.898027800816114 72.0 
256.0 283.0 2.7564351472263207 5.898027800816114 72.0 
256.0 284.0 2.7564351472263207 5.898027800816114 72.0 
256.0 285.0 2.7564351472263207 5.898027800816114 72.0 
257.0 279.0 2.7564351472263207 5.898027800816114 72.0 
257.0 280.0 2.7564351472263207 5.898027800816114 72.0 
257.0 281.0 2.7564351472263207 5.898027800816114 72.0 
257.0 282.0 2.7564351472263207 5.898027800816114 72.0 
257.0 283.0 2.7564351472263207 5.898027800816114 72.0 
257.0 284.0 2.7564351472263207 5.898027800816114 72.0 
258.0 279.0 2.7564351472263207 5.898027800816114 72.0 
258.0 280.0 2.7564351472263207 5.898027800816114 72.0 
258.0 281.0 2.7564351472263207 5.898027800816114 72.0 
258.0 282.0 2.7564351472263207 5.898027800816114 72.0 
258.0 283.0 2.7564351472263207 5.898027800816114 72.0 
258.0 284.0 2.7564351472263207 5.898027800816114 72.0 
259.0 278.0 2.7564351472263207 5.898027800816114 72.0 
259.0 279.0 2.7564351472263207 5.898027800816114 72.0 
259.0 280.0 2.7564351472263207 5.898027800816114 72.0 
259.0 281.0 2.7564351472263207 5.898027800816114 72.0 
259.0 282.0 2.7564351472263207 5.898027800816114 72.0 
259.0 283.0 2.7564351472263207 5.898027800816114 72.0 
259.0 284.0 2.7564351472263207 5.898027800816114 72.0 
260.0 278.0 2.7564351472263207 5.898027800816114 72.0 
260.0 279.0 2.7564351472263207 5.898027800816114 72.0 
260.0 280.0 2.7564351472263207 5.898027800816114 72.0 
260.0 281.0 2.7564351472263207 5.898027800816114 72.0 
260.0 282.0 2.7564351472263207 5.898027800816114 72.0 
260.0 283.0 2.7564351472263207 5.898027800816114 72.0 
261.0 277.0 2.7564351472263207 5.898027800816114 72.0 
261.0 278.0 2.7564351472263207 5.898027800816114 72.0 
261.0 279.0 2.7564351472263207 5.898027800816114 72.0 
261.0 280.0 2.7564351472263207 5.898027800816114 72.0 
261.0 281.0 2.7564351472263207 5.898027800816114 72.0 
261.0 282.0 2.7564351472263207 5.898027800816114 72.0 
261.0 283.0 2.7564351472263207 5.898027800816114 72.0 
262.0 277.0 2.7564351472263207 5.898027800816114 72.0 
262.0 278.0 2.7564351472263207 5.898027800816114 72.0 
262.0 279.0 2.7564351472263207 5.898027800816114 72.0 
262.0 280.0 2.7564351472263207 5.898027800816114 72.0 
262.0 281.0 2.7564351472263207 5.898027800816114 72.0 
262.0 282.0 2.7564351472263207 5.898027800816114 72.0 
263.0 277.0 2.7564351472263207 5.898027800816114 72.0 
263.0 278.0 2.7564351472263207 5.898027800816114 72.0 
263.0 279.0 2.7564351472263207 5.898027800816114 72.0 
263.0 280.0 2.7564351472263207 5.898027800816114 72.0 
263.0 281.0 2.7564351472263207 5.898027800816114 72.0 
263.0 282.0 2.7564351472263207 5.898027800816114 72.0 
264.0 276.0 2.7564351472263207 5.898027800816114 72.0 
264.0 277.0 2.7564351472263207 5.898027800816114 72.0 
264.0 278.0 2.7564351472263207 5.898027800816114 72.0 
264.0 279.0 2.7564351472263207 5.898027800816114 72.0 
264.0 280.0 2.7564351472263207 5.898027800816114 72.0 
264.0 281.0 2.7564351472263207 5.898027800816114 72.0 
264.0 282.0 2.7564351472263207 5.898027800816114 72.0 
265.0 276.0 2.7564351472263207 5.898027800816114 72.0 
265.0 277.0 2.7564351472263207 5.898027800816114 72.0 
265.0 278.0 2.7564351472263207 5.898027800816114 72.0 
265.0 279.0 2.7564351472263207 5.898027800816114 72.0 
265.0 280.0 2.7564351472263207 5.898027800816114 72.0 
265.0 281.0 2.7564351472263207 5.898027800816114 72.0 
266.0 275.0 2.7564351472263207 5.898027800816114 72.0 
266.0 276.0 2.7564351472263207 5.898027800816114 72.0 
266.0 277.0 2.7564351472263207 5.898027800816114 72.0 
266.0 278.0 2.7564351472263207 5.898027800816114 72.0 
266.0 279.0 2.7564351472263207 5.898027800816114 72.0 
266.0 280.0 2.7564351472263207 5.898027800816114 72.0 
266.0 281.0 2.7564351472263207 5.898027800816114 72.0 
267.0 275.0 2.7564351472263207 5.898027800816114 72.0 
267.0 276.0 2.7564351472263207 5.898027800816114 72.0 
267.0 277.0 2.7564351472263207 5.898027800816114 72.0 
267.0 278.0 2.7564351472263207 5.898027800816114 72.0 
267.0 279.0 2.7564351472263207 5.898027800816114 72.0 
267.0 280.0 2.7564351472263207 5.898027800816114 72.0 
268.0 275.0 2.7564351472263207 5.898027800816114 72.0 
268.0 276.0 2.7564351472263207 5.898027800816114 72.0 
268.0 277.0 2.7564351472263207 5.898027800816114 72.0 
268.0 278.0 2.7564351472263207 5.898027800816114 72.0 
268.0 279.0 2.7564351472263207 5.898027800816114 72.0 
268.0 280.0 2.7564351472263207 5.898027800816114 72.0 
269.0 274.0 2.7564351472263207 5.898027800816114 72.0 
269.0 275.0 2.7564351472263207 5.898027800816114 72.0 
269.0 276.0 2.7564351472263207 5.898027800816114 72.0 
269.0 277.0 2.7564351472263207 5.898027800816114 72.0 
269.0 278.0 2.7564351472263207 5.898027800816114 72.0 
269.0 279.0 2.7564351472263207 5.898027800816114 72.0 
269.0 280.0 2.7564351472263207 5.898027800816114 72.0 
270.0 274.0 2.7564351472263207 5.898027800816114 72.0 
270.0 275.0 2.7564351472263207 5.898027800816114 72.0 
270.0 276.0 2.7564351472263207 5.898027800816114 72.0 
270.0 277.0 2.7564351472263207 5.898027800816114 72.0 
270.0 278.0 2.7564351472263207 5.898027800816114 72.0 
270.0 279.0 2.7564351472263207 5.898027800816114 72.0 
271.0 273.0 2.7564351472263207 5.898027800816114 72.0 
271.0 274.0 2.7564351472263207 5.898027800816114 72.0 
271.0 275.0 2.7564351472263207 5.898027800816114 72.0 
271.0 276.0 2.7564351472263207 5.898027800816114 72.0 
271.0 277.0 2.7564351472263207 5.898027800816114 72.0 
271.0 278.0 2.7564351472263207 5.898027800816114 72.0 
271.0 279.0 2.7564351472263207 5.898027800816114 72.0 
272.0 273.0 2.7564351472263207 5.898027800816114 72.0 
272.0 274.0 2.7564351472263207 5.898027800816114 72.0 
272.0 275.0 2.7564351472263207 5.898027800816114 72.0 
272.0 276.0 2.7564351472263207 5.898027800816114 72.0 
272.0 277.0 2.7564351472263207 5.898027800816114 72.0 
272.0 278.0 2.7564351472263207 5.898027800816114 72.0 
273.0 273.0 2.7564351472263207 5.898027800816114 72.0 
273.0 274.0 2.7564351472263207 5.898027800816114 72.0 
273.0 275.0 2.7564351472263207 5.898027800816114 72.0 
273.0 276.0 2.7564351472263207 5.898027800816114 72.0 
273.0 277.0 2.7564351472263207 5.898027800816114 72.0 
273.0 278.0 2.7564351472263207 5.898027800816114 72.0 
274.0 272.0 2.7564351472263207 5.898027800816114 72.0 
274.0 273.0 2.7564351472263207 5.898027800816114 72.0 
274.0 274.0 2.7564351472263207 5.898027800816114 72.0 
274.0 275.0 2.7564351472263207 5.898027800816114 72.0 
274.0 276.0 2.7564351472263207 5.898027800816114 72.0 
274.0 277.0 2.7564351472263207 5.898027800816114 72.0 
274.0 278.0 2.7564351472263207 5.898027800816114 72.0 
275.0 272.0 2.7564351472263207 5.898027800816114 72.0 
275.0 273.0 2.7564351472263207 5.898027800816114 72.0 
275.0 274.0 2.7564351472263207 5.898027800816114 72.0 
275.0 275.0 2.7564351472263207 5.898027800816114 72.0 
275.0 276.0 2.7564351472263207 5.898027800816114 72.0 
275.0 277.0 2.7564351472263207 5.898027800816114 72.0 
276.0 271.0 2.7564351472263207 5.898027800816114 72.0 
276.0 272.0 2.7564351472263207 5.898027800816114 72.0 
276.0 273.0 2.7564351472263207 5.898027800816114 72.0 
276.0 274.0 2.7564351472263207 5.898027800816114 72.0 
276.0 275.0 2.7564351472263207 5.898027800816114 72.0 
276.0 276.0 2.7564351472263207 5.898027800816114 72.0 
276.0 277.0 2.7564351472263207 5.898027800816114 72.0 
277.0 271.0 2.7564351472263207 5.898027800816114 72.0 
277.0 272.0 2.7564351472263207 5.898027800816114 72.0 
277.0 273.0 2.7564351472263207 5.898027800816114 72.0 
277.0 274.0 2.7564351472263207 5.898027800816114 72.0 
277.0 275.0 2.7564351472263207 5.898027800816114 72.0 
277.0 276.0 2.7564351472263207 5.898027800816114 72.0 
278.0 271.0 2.7564351472263207 5.898027800816114 72.0 
278.0 272.0 2.7564351472263207 5.898027800816114 72.0 
278.0 273.0 2.7564351472263207 5.898027800816114 72.0 
278.0 274.0 2.7564351472263207 5.898027800816114 72.0 
278.0 275.0 2.7564351472263207 5.898027800816114 72.0 
278.0 276.0 2.7564351472263207 5.898027800816114 72.0 
279.0 270.0 2.7564351472263207 5.898027800816114 72.0 
279.0 271.0 2.7564351472263207 5.898027800816114 72.0 
279.0 272.0 2.7564351472263207 5.898027800816114 72.0 
279.0 273.0 2.7564351472263207 5.898027800816114 72.0 
279.0 274.0 2.7564351472263207 5.898027800816114 72.0 
279.0 275.0 2.7564351472263207 5.898027800816114 72.0 
279.0 276.0 2.7564351472263207 5.898027800816114 72.0 
280.0 270.0 2.7564351472263207 5.898027800816114 72.0 
280.0 271.0 2.7564351472263207 5.898027800816114 72.0 
280.0 272.0 2.7564351472263207 5.898027800816114 72.0 
280.0 273.0 2.7564351472263207 5.898027800816114 72.0 
280.0 274.0 2.7564351472263207 5.898027800816114 72.0 
280.0 275.0 2.7564351472263207 5.898027800816114 72.0 
281.0 269.0 2.7564351472263207 5.898027800816114 72.0 
281.0 270.0 2.7564351472263207 5.898027800816114 72.0 
281.0 271.0 2.7564351472263207 5.898027800816114 72.0 
281.0 272.0 2.7564351472263207 5.898027800816114 72.0 
281.0 273.0 2.7564351472263207 5.898027800816114 72.0 
281.0 274.0 2.7564351472263207 5.898027800816114 72.0 
281.0 275.0 2.7564351472263207 5.898027800816114 72.0 
282.0 269.0 2.7564351472263207 5.898027800816114 72.0 
282.0 270.0 2.7564351472263207 5.898027800816114 72.0 
282.0 271.0 2.7564351472263207 5.898027800816114 72.0 
282.0 272.0 2.7564351472263207 5.898027800816114 72.0 
282.0 273.0 2.7564351472263207 5.898027800816114 72.0 
282.0 274.0 2.7564351472263207 5.898027800816114 72.0 
283.0 268.0 2.7564351472263207 5.898027800816114 72.0 
283.0 269.0 2.7564351472263207 5.898027800816114 72.0 
283.0 270.0 2.7564351472263207 5.898027800816114 72.0 
283.0 271.0 2.7564351472263207 5.898027800816114 72.0 
283.0 272.0 2.7564351472263207 5.898027800816114 72.0 
283.0 273.0 2.7564351472263207 5.898027800816114 72.0 
283.0 274.0 2.7564351472263207 5.898027800816114 72.0 
284.0 268.0 2.7564351472263207 5.898027800816114 72.0 
284.0 269.0 2.7564351472263207 5.898027800816114 72.0 
284.0 270.0 2.7564351472263207 5.898027800816114 72.0 
284.0 271.0 2.7564351472263207 5.898027800816114 72.0 
284.0 272.0 2.7564351472263207 5.898027800816114 72.0 
284.0 273.0 2.7564351472263207 5.898027800816114 72.0 
284.0 274.0 2.7564351472263207 5.898027800816114 72.0 
285.0 268.0 2.7564351472263207 5.898027800816114 72.0 
285.0 269.0 2.7564351472263207 5.898027800816114 72.0 
285.0 270.0 2.7564351472263207 5.898027800816114 72.0 
285.0 271.0 2.7564351472263207 5.898027800816114 72.0 
285.0 272.0 2.7564351472263207 5.898027800816114 72.0 
285.0 273.0 2.7564351472263207 5.898027800816114 72.0 
286.0 270.0 2.7564351472263207 5.898027800816114 72.0 
286.0 271.0 2.7564351472263207 5.898027800816114 72.0 
286.0 272.0 2.7564351472263207 5.898027800816114 72.0 
286.0 273.0 2.7564351472263207 5.898027800816114 72.0 
291.0 262.0 3.1215953196166417 6.263187973206435 48.0 
291.0 263.0 3.1215953196166417 6.263187973206435 48.0 
291.0 264.0 3.1215953196166417 6.263187973206435 48.0 
292.0 262.0 3.1215953196166417 6.263187973206435 48.0 
292.0 263.0 3.1215953196166417 6.263187973206435 48.0 
292.0 264.0 3.1215953196166417 6.263187973206435 48.0 
292.0 265.0 3.1215953196166417 6.263187973206435 48.0 
292.0 266.0 3.1215953196166417 6.263187973206435 48.0 
292.0 267.0 3.1215953196166417 6.263187973206435 48.0 
293.0 262.0 3.1215953196166417 6.263187973206435 48.0 
293.0 263.0 3.1215953196166417 6.263187973206435 48.0 
293.0 264.0 3.1215953196166417 6.263187973206435 48.0 
293.0 265.0 3.1215953196166417 6.263187973206435 48.0 
293.0 266.0 3.1215953196166417 6.263187973206435 48.0 
293.0 267.0 3.1215953196166417 6.263187973206435 48.0 
294.0 262.0 3.1215953196166417 6.263187973206435 48.0 
294.0 263.0 3.1215953196166417 6.263187973206435 48.0 
294.0 264.0 3.1215953196166417 6.263187973206435 48.0 
294.0 265.0 3.1215953196166417 6.263187973206435 48.0 
294.0 266.0 3.1215953196166417 6.263187973206435 48.0 
294.0 267.0 3.1215953196166417 6.263187973206435 48.0 
295.0 262.0 3.1215953196166417 6.263187973206435 48.0 
295.0 263.0 3.1215953196166417 6.263187973206435 48.0 
295.0 264.0 3.1215953196166417 6.263187973206435 48.0 
295.0 265.0 3.1215953196166417 6.263187973206435 48.0 
295.0 266.0 3.1215953196166417 6.263187973206435 48.0 
295.0 267.0 3.1215953196166417 6.263187973206435 48.0 
296.0 262.0 3.1215953196166417 6.263187973206435 48.0 
296.0 263.0 3.1215953196166417 6.263187973206435 48.0 
296.0 264.0 3.1215953196166417 6.263187973206435 48.0 
296.0 265.0 3.1215953196166417 6.263187973206435 48.0 
296.0 266.0 3.1215953196166417 6.263187973206435 48.0 
296.0 267.0 3.1215953196166417 6.263187973206435 48.0 
297.0 262.0 3.1215953196166417 6.263187973206435 48.0 
297.0 263.0 3.1215953196166417 6.263187973206435 48.0 
297.0 264.0 3.1215953196166417 6.263187973206435 48.0 
297.0 265.0 3.1215953196166417 6.263187973206435 48.0 
297.0 266.0 3.1215953196166417 6.263187973206435 48.0 
297.0 267.0 3.1215953196166417 6.263187973206435 48.0 
298.0 262.0 3.1215953196166417 6.263187973206435 48.0 
298.0 263.0 3.1215953196166417 6.263187973206435 48.0 
298.0 264.0 3.1215953196166417 6.263187973206435 48.0 
298.0 265.0 3.1215953196166417 6.263187973206435 48.0 
298.0 266.0 3.1215953196166417 6.263187973206435 48.0 
298.0 267.0 3.1215953196166417 6.263187973206435 48.0 
299.0 262.0 3.1215953196166417 6.263187973206435 48.0 
299.0 263.0 3.1215953196166417 6.263187973206435 48.0 
299.0 264.0 3.1215953196166417 6.263187973206435 48.0 
299.0 265.0 3.1215953196166417 6.263187973206435 48.0 
299.0 266.0 3.1215953196166417 6.263187973206435 48.0 
299.0 267.0 3.1215953196166417 6.263187973206435 48.0 
300.0 262.0 3.1215953196166417 6.263187973206435 48.0 
300.0 263.0 3.1215953196166417 6.263187973206435 48.0 
300.0 264.0 3.1215953196166417 6.263187973206435 48.0 
300.0 265.0 3.1215953196166417 6.263187973206435 48.0 
300.0 266.0 3.1215953196166417 6.263187973206435 48.0 
300.0 267.0 3.1215953196166417 6.263187973206435 48.0 
301.0 262.0 3.1215953196166417 6.263187973206435 48.0 
301.0 263.0 3.1215953196166417 6.263187973206435 48.0 
301.0 264.0 3.1215953196166417 6.263187973206435 48.0 
301.0 265.0 3.1215953196166417 6.263187973206435 48.0 
301.0 266.0 3.1215953196166417 6.263187973206435 48.0 
301.0 267.0 3.1215953196166417 6.263187973206435 48.0 
302.0 262.0 3.1215953196166417 6.263187973206435 48.0 
302.0 263.0 3.1215953196166417 6.263187973206435 48.0 
302.0 264.0 3.1215953196166417 6.263187973206435 48.0 
302.0 265.0 3.1215953196166417 6.263187973206435 48.0 
302.0 266.0 3.1215953196166417 6.263187973206435 48.0 
302.0 267.0 3.1215953196166417 6.263187973206435 48.0 
303.0 262.0 3.1215953196166417 6.263187973206435 48.0 
303.0 263.0 3.1215953196166417 6.263187973206435 48.0 
303.0 264.0 3.1215953196166417 6.263187973206435 48.0 
303.0 265.0 3.1215953196166417 6.263187973206435 48.0 
303.0 266.0 3.1215953196166417 6.263187973206435 48.0 
303.0 267.0 3.1215953196166417 6.263187973206435 48.0 
304.0 262.0 3.1215953196166417 6.263187973206435 48.0 
304.0 263.0 3.1215953196166417 6.263187973206435 48.0 
304.0 264.0 3.1215953196166417 6.263187973206435 48.0 
304.0 265.0 3.1215953196166417 6.263187973206435 48.0 
304.0 266.0 3.1215953196166417 6.263187973206435 48.0 
304.0 267.0 3.1215953196166417 6.263187973206435 48.0 
305.0 262.0 3.1215953196166417 6.263187973206435 48.0 
305.0 263.0 3.1215953196166417 6.263187973206435 48.0 
305.0 264.0 3.1215953196166417 6.263187973206435 48.0 
305.0 265.0 3.1215953196166417 6.263187973206435 48.0 
305.0 266.0 3.1215953196166417 6.263187973206435 48.0 
305.0 267.0 3.1215953196166417 6.263187973206435 48.0 
306.0 262.0 3.1215953196166417 6.263187973206435 48.0 
306.0 263.0 3.1215953196166417 6.263187973206435 48.0 
306.0 264.0 3.1215953196166417 6.263187973206435 48.0 
306.0 265.0 3.1215953196166417 6.263187973206435 48.0 
306.0 266.0 3.1215953196166417 6.263187973206435 48.0 
306.0 267.0 3.1215953196166417 6.263187973206435 48.0 
307.0 262.0 3.1215953196166417 6.263187973206435 48.0 
307.0 263.0 3.1215953196166417 6.263187973206435 48.0 
307.0 264.0 3.1215953196166417 6.263187973206435 48.0 
307.0 265.0 3.1215953196166417 6.263187973206435 48.0 
307.0 266.0 3.1215953196166417 6.263187973206435 48.0 
307.0 267.0 3.1215953196166417 6.263187973206435 48.0 
308.0 262.0 3.1215953196166417 6.263187973206435 48.0 
308.0 263.0 3.1215953196166417 6.263187973206435 48.0 
308.0 264.0 3.1215953196166417 6.263187973206435 48.0 
308.0 265.0 3.1215953196166417 6.263187973206435 48.0 
308.0 266.0 3.1215953196166417 6.263187973206435 48.0 
308.0 267.0 3.1215953196166417 6.263187973206435 48.0 
309.0 262.0 3.1215953196166417 6.263187973206435 48.0 
309.0 263.0 3.1215953196166417 6.263187973206435 48.0 
309.0 264.0 3.1215953196166417 6.263187973206435 48.0 
309.0 265.0 3.1215953196166417 6.263187973206435 48.0 
309.0 266.0 3.1215953196166417 6.263187973206435 48.0 
309.0 267.0 3.1215953196166417 6.263187973206435 48.0 
310.0 262.0 3.1215953196166417 6.263187973206435 48.0 
310.0 263.0 3.1215953196166417 6.263187973206435 48.0 
310.0 264.0 3.1215953196166417 6.263187973206435 48.0 
310.0 265.0 3.1215953196166417 6.263187973206435 48.0 
310.0 266.0 3.1215953196166417 6.263187973206435 48.0 
310.0 267.0 3.1215953196166417 6.263187973206435 48.0 
311.0 262.0 3.1215953196166417 6.263187973206435 48.0 
311.0 263.0 3.1215953196166417 6.263187973206435 48.0 
311.0 264.0 3.1215953196166417 6.263187973206435 48.0 
311.0 265.0 3.1215953196166417 6.263187973206435 48.0 
311.0 266.0 3.1215953196166417 6.263187973206435 48.0 
311.0 267.0 3.1215953196166417 6.263187973206435 48.0 
312.0 262.0 3.1215953196166417 6.263187973206435 48.0 
312.0 263.0 3.1215953196166417 6.263187973206435 48.0 
312.0 264.0 3.1215953196166417 6.263187973206435 48.0 
312.0 265.0 3.1215953196166417 6.263187973206435 48.0 
312.0 266.0 3.1215953196166417 6.263187973206435 48.0 
312.0 267.0 3.1215953196166417 6.263187973206435 48.0 
313.0 262.0 3.1215953196166417 6.263187973206435 48.0 
313.0 263.0 3.1215953196166417 6.263187973206435 48.0 
313.0 264.0 3.1215953196166417 6.263187973206435 48.0 
313.0 265.0 3.1215953196166417 6.263187973206435 48.0 
313.0 266.0 3.1215953196166417 6.263187973206435 48.0 
313.0 267.0 3.1215953196166417 6.263187973206435 48.0 
314.0 262.0 3.1215953196166417 6.263187973206435 48.0 
314.0 263.0 3.1215953196166417 6.263187973206435 48.0 
314.0 264.0 3.1215953196166417 6.263187973206435 48.0 
314.0 265.0 3.1215953196166417 6.263187973206435 48.0 
314.0 266.0 3.1215953196166417 6.263187973206435 48.0 
314.0 267.0 3.1215953196166417 6.263187973206435 48.0 
315.0 262.0 3.1215953196166417 6.263187973206435 48.0 
315.0 263.0 3.1215953196166417 6.263187973206435 48.0 
315.0 264.0 3.1215953196166417 6.263187973206435 48.0 
315.0 265.0 3.1215953196166417 6.263187973206435 48.0 
315.0 266.0 3.1215953196166417 6.263187973206435 48.0 
315.0 267.0 3.1215953196166417 6.263187973206435 48.0 
316.0 262.0 3.1215953196166417 6.263187973206435 48.0 
316.0 263.0 3.1215953196166417 6.263187973206435 48.0 
316.0 264.0 3.1215953196166417 6.263187973206435 48.0 
316.0 265.0 3.1215953196166417 6.263187973206435 48.0 
316.0 266.0 3.1215953196166417 6.263187973206435 48.0 
316.0 267.0 3.1215953196166417 6.263187973206435 48.0 
317.0 262.0 3.1215953196166417 6.263187973206435 48.0 
317.0 263.0 3.1215953196166417 6.263187973206435 48.0 
317.0 264.0 3.1215953196166417 6.263187973206435 48.0 
317.0 265.0 3.1215953196166417 6.263187973206435 48.0 
317.0 266.0 3.1215953196166417 6.263187973206435 48.0 
317.0 267.0 3.1215953196166417 6.263187973206435 48.0 
318.0 262.0 3.1215953196166417 6.263187973206435 48.0 
318.0 263.0 3.1215953196166417 6.263187973206435 48.0 
318.0 264.0 3.1215953196166417 6.263187973206435 48.0 
318.0 265.0 3.1215953196166417 6.263187973206435 48.0 
318.0 266.0 3.1215953196166417 6.263187973206435 48.0 
318.0 267.0 3.1215953196166417 6.263187973206435 48.0 
319.0 262.0 3.1215953196166417 6.263187973206435 48.0 
319.0 263.0 3.1215953196166417 6.263187973206435 48.0 
319.0 264.0 3.1215953196166417 6.263187973206435 48.0 
319.0 265.0 3.1215953196166417 6.263187973206435 48.0 
319.0 266.0 3.1215953196166417 6.263187973206435 48.0 
319.0 267.0 3.1215953196166417 6.263187973206435 48.0 
320.0 262.0 3.1215953196166417 6.263187973206435 48.0 
320.0 263.0 3.1215953196166417 6.263187973206435 48.0 
320.0 264.0 3.1215953196166417 6.263187973206435 48.0 
320.0 265.0 3.1215953196166417 6.263187973206435 48.0 
320.0 266.0 3.1215953196166417 6.263187973206435 48.0 
320.0 267.0 3.1215953196166417 6.263187973206435 48.0 
321.0 262.0 3.1215953196166417 6.263187973206435 48.0 
321.0 263.0 3.1215953196166417 6.263187973206435 48.0 
321.0 264.0 3.1215953196166417 6.263187973206435 48.0 
321.0 265.0 3.1215953196166417 6.263187973206435 48.0 
321.0 266.0 3.1215953196166417 6.263187973206435 48.0 
321.0 267.0 3.1215953196166417 6.263187973206435 48.0 
322.0 262.0 3.1215953196166417 6.263187973206435 48.0 
322.0 263.0 3.1215953196166417 6.263187973206435 48.0 
322.0 264.0 3.1215953196166417 6.263187973206435 48.0 
322.0 265.0 3.1215953196166417 6.263187973206435 48.0 
322.0 266.0 3.1215953196166417 6.263187973206435 48.0 
322.0 267.0 3.1215953196166417 6.263187973206435 48.0 
323.0 262.0 3.1215953196166417 6.263187973206435 48.0 
323.0 263.0 3.1215953196166417 6.263187973206435 48.0 
323.0 264.0 3.1215953196166417 6.263187973206435 48.0 
323.0 265.0 3.1215953196166417 6.263187973206435 48.0 
323.0 266.0 3.1215953196166417 6.263187973206435 48.0 
323.0 267.0 3.1215953196166417 6.263187973206435 48.0 
324.0 262.0 3.1215953196166417 6.263187973206435 48.0 
324.0 263.0 3.1215953196166417 6.263187973206435 48.0 
324.0 264.0 3.1215953196166417 6.263187973206435 48.0 
324.0 265.0 3.1215953196166417 6.263187973206435 48.0 
324.0 266.0 3.1215953196166417 6.263187973206435 48.0 
324.0 267.0 3.1215953196166417 6.263187973206435 48.0 
325.0 262.0 3.1215953196166417 6.263187973206435 48.0 
325.0 263.0 3.1215953196166417 6.263187973206435 48.0 
325.0 264.0 3.1215953196166417 6.263187973206435 48.0 
325.0 265.0 3.1215953196166417 6.263187973206435 48.0 
325.0 266.0 3.1215953196166417 6.263187973206435 48.0 
325.0 267.0 3.1215953196166417 6.263187973206435 48.0 
326.0 262.0 3.1215953196166417 6.263187973206435 48.0 
326.0 263.0 3.1215953196166417 6.263187973206435 48.0 
326.0 264.0 3.1215953196166417 6.263187973206435 48.0 
326.0 265.0 3.1215953196166417 6.263187973206435 48.0 
326.0 266.0 3.1215953196166417 6.263187973206435 48.0 
326.0 267.0 3.1215953196166417 6.263187973206435 48.0 
327.0 262.0 3.1215953196166417 6.263187973206435 48.0 
327.0 263.0 3.1215953196166417 6.263187973206435 48.0 
327.0 264.0 3.1215953196166417 6.263187973206435 48.0 
327.0 265.0 3.1215953196166417 6.263187973206435 48.0 
327.0 266.0 3.1215953196166417 6.263187973206435 48.0 
327.0 267.0 3.1215953196166417 6.263187973206435 48.0 
328.0 262.0 3.1215953196166417 6.263187973206435 48.0 
328.0 263.0 3.1215953196166417 6.263187973206435 48.0 
328.0 264.0 3.1215953196166417 6.263187973206435 48.0 
328.0 265.0 3.1215953196166417 6.263187973206435 48.0 
328.0 266.0 3.1215953196166417 6.263187973206435 48.0 
328.0 267.0 3.1215953196166417 6.263187973206435 48.0 
329.0 262.0 3.1215953196166417 6.263187973206435 48.0 
329.0 263.0 3.1215953196166417 6.263187973206435 48.0 
329.0 264.0 3.1215953196166417 6.263187973206435 48.0 
329.0 265.0 3.1215953196166417 6.263187973206435 48.0 
329.0 266.0 3.1215953196166417 6.263187973206435 48.0 
329.0 267.0 3.1215953196166417 6.263187973206435 48.0 
330.0 262.0 3.1215953196166417 6.263187973206435 48.0 
330.0 263.0 3.1215953196166417 6.263187973206435 48.0 
330.0 264.0 3.1215953196166417 6.263187973206435 48.0 
330.0 265.0 3.1215953196166417 6.263187973206435 48.0 
330.0 266.0 3.1215953196166417 6.263187973206435 48.0 
330.0 267.0 3.1215953196166417 6.263187973206435 48.0 
331.0 262.0 3.1215953196166417 6.263187973206435 48.0 
331.0 263.0 3.1215953196166417 6.263187973206435 48.0 
331.0 264.0 3.1215953196166417 6.263187973206435 48.0 
331.0 265.0 3.1215953196166417 6.263187973206435 48.0 
331.0 266.0 3.1215953196166417 6.263187973206435 48.0 
331.0 267.0 3.1215953196166417 6.263187973206435 48.0 
332.0 262.0 3.1215953196166417 6.263187973206435 48.0 
332.0 263.0 3.1215953196166417 6.263187973206435 48.0 
332.0 264.0 3.1215953196166417 6.263187973206435 48.0 
332.0 265.0 3.1215953196166417 6.263187973206435 48.0 
332.0 266.0 3.1215953196166417 6.263187973206435 48.0 
332.0 267.0 3.1215953196166417 6.263187973206435 48.0 
333.0 262.0 3.1215953196166417 6.263187973206435 48.0 
333.0 263.0 3.1215953196166417 6.263187973206435 48.0 
333.0 264.0 3.1215953196166417 6.263187973206435 48.0 
333.0 265.0 3.1215953196166417 6.263187973206435 48.0 
333.0 266.0 3.1215953196166417 6.263187973206435 48.0 
333.0 267.0 3.1215953196166417 6.263187973206435 48.0 
334.0 262.0 3.1215953196166417 6.263187973206435 48.0 
334.0 263.0 3.1215953196166417 6.263187973206435 48.0 
334.0 264.0 3.1215953196166417 6.263187973206435 48.0 
334.0 265.0 3.1215953196166417 6.263187973206435 48.0 
334.0 266.0 3.1215953196166417 6.263187973206435 48.0 
334.0 267.0 3.1215953196166417 6.263187973206435 48.0 
335.0 262.0 3.1215953196166417 6.263187973206435 48.0 
335.0 263.0 3.1215953196166417 6.263187973206435 48.0 
335.0 264.0 3.1215953196166417 6.263187973206435 48.0 
335.0 265.0 3.1215953196166417 6.263187973206435 48.0 
335.0 266.0 3.1215953196166417 6.263187973206435 48.0 
335.0 267.0 3.1215953196166417 6.263187973206435 48.0 
336.0 262.0 3.1215953196166417 6.263187973206435 48.0 
336.0 263.0 3.1215953196166417 6.263187973206435 48.0 
336.0 264.0 3.1215953196166417 6.263187973206435 48.0 
336.0 265.0 3.1215953196166417 6.263187973206435 48.0 
336.0 266.0 3.1215953196166417 6.263187973206435 48.0 
336.0 267.0 3.1215953196166417 6.263187973206435 48.0 
337.0 262.0 3.1215953196166417 6.263187973206435 48.0 
337.0 263.0 3.1215953196166417 6.263187973206435 48.0 
337.0 264.0 3.1215953196166417 6.263187973206435 48.0 
337.0 265.0 3.1215953196166417 6.263187973206435 48.0 
337.0 266.0 3.1215953196166417 6.263187973206435 48.0 
337.0 267.0 3.1215953196166417 6.263187973206435 48.0 
338.0 262.0 3.1215953196166417 6.263187973206435 48.0 
338.0 263.0 3.1215953196166417 6.263187973206435 48.0 
338.0 264.0 3.1215953196166417 6.263187973206435 48.0 
338.0 265.0 3.1215953196166417 6.263187973206435 48.0 
338.0 266.0 3.1215953196166417 6.263187973206435 48.0 
338.0 267.0 3.1215953196166417 6.263187973206435 48.0 
339.0 262.0 3.1215953196166417 6.263187973206435 48.0 
339.0 263.0 3.1215953196166417 6.263187973206435 48.0 
339.0 264.0 3.1215953196166417 6.263187973206435 48.0 
339.0 265.0 3.1215953196166417 6.263187973206435 48.0 
339.0 266.0 3.1215953196166417 6.263187973206435 48.0 
339.0 267.0 3.1215953196166417 6.263187973206435 48.0 
340.0 262.0 3.1215953196166417 6.263187973206435 48.0 
340.0 263.0 3.1215953196166417 6.263187973206435 48.0 
340.0 264.0 3.1215953196166417 6.263187973206435 48.0 
340.0 265.0 3.1215953196166417 6.263187973206435 48.0 
340.0 266.0 3.1215953196166417 6.263187973206435 48.0 
340.0 267.0 3.1215953196166417 6.263187973206435 48.0 
341.0 264.0 3.1215953196166417 6.263187973206435 48.0 
341.0 265.0 3.1215953196166417 6.263187973206435 48.0 
341.0 266.0 3.1215953196166417 6.263187973206435 48.0 
341.0 267.0 3.1215953196166417 6.263187973206435 48.0 
