303.0 253.0 1.7126933813990604 4.854286034988853 24.0 
303.0 254.0 1.7126933813990604 4.854286034988853 24.0 
303.0 255.0 1.7126933813990604 4.854286034988853 24.0 
304.0 246.0 1.7126933813990604 4.854286034988853 24.0 
304.0 247.0 1.7126933813990604 4.854286034988853 24.0 
304.0 248.0 1.7126933813990604 4.854286034988853 24.0 
304.0 249.0 1.7126933813990604 4.854286034988853 24.0 
304.0 250.0 1.7126933813990604 4.854286034988853 24.0 
304.0 251.0 1.7126933813990604 4.854286034988853 24.0 
304.0 252.0 1.7126933813990604 4.854286034988853 24.0 
304.0 253.0 1.7126933813990604 4.854286034988853 24.0 
304.0 254.0 1.7126933813990604 4.854286034988853 24.0 
304.0 255.0 1.7126933813990604 4.854286034988853 24.0 
305.0 239.0 1.7126933813990604 4.854286034988853 24.0 
305.0 240.0 1.7126933813990604 4.854286034988853 24.0 
305.0 241.0 1.7126933813990604 4.854286034988853 24.0 
305.0 242.0 1.7126933813990604 4.854286034988853 24.0 
305.0 243.0 1.7126933813990604 4.854286034988853 24.0 
305.0 244.0 1.7126933813990604 4.854286034988853 24.0 
305.0 245.0 1.7126933813990604 4.854286034988853 24.0 
305.0 246.0 1.7126933813990604 4.854286034988853 24.0 
305.0 247.0 1.7126933813990604 4.854286034988853 24.0 
305.0 248.0 1.7126933813990604 4.854286034988853 24.0 
305.0 249.0 1.7126933813990604 4.854286034988853 24.0 
305.0 250.0 1.7126933813990604 4.854286034988853 24.0 
305.0 251.0 1.7126933813990604 4.854286034988853 24.0 
305.0 252.0 1.7126933813990604 4.854286034988853 24.0 
305.0 253.0 1.7126933813990604 4.854286034988853 24.0 
305.0 254.0 1.7126933813990604 4.854286034988853 24.0 
305.0 255.0 1.7126933813990604 4.854286034988853 24.0 
305.0 256.0 1.7126933813990604 4.854286034988853 24.0 
306.0 232.0 1.7126933813990604 4.854286034988853 24.0 
306.0 233.0 1.7126933813990604 4.854286034988853 24.0 
306.0 234.0 1.7126933813990604 4.854286034988853 24.0 
306.0 235.0 1.7126933813990604 4.854286034988853 24.0 
306.0 236.0 1.7126933813990604 4.854286034988853 24.0 
306.0 237.0 1.7126933813990604 4.854286034988853 24.0 
306.0 238.0 1.7126933813990604 4.854286034988853 24.0 
306.0 239.0 1.7126933813990604 4.854286034988853 24.0 
306.0 240.0 1.7126933813990604 4.854286034988853 24.0 
306.0 241.0 1.7126933813990604 4.854286034988853 24.0 
306.0 242.0 1.7126933813990604 4.854286034988853 24.0 
306.0 243.0 1.7126933813990604 4.854286034988853 24.0 
306.0 244.0 1.7126933813990604 4.854286034988853 24.0 
306.0 245.0 1.7126933813990604 4.854286034988853 24.0 
306.0 246.0 1.7126933813990604 4.854286034988853 24.0 
306.0 247.0 1.7126933813990604 4.854286034988853 24.0 
306.0 248.0 1.7126933813990604 4.854286034988853 24.0 
306.0 249.0 1.7126933813990604 4.854286034988853 24.0 
306.0 250.0 1.7126933813990604 4.854286034988853 24.0 
306.0 251.0 1.7126933813990604 4.854286034988853 24.0 
306.0 252.0 1.7126933813990604 4.854286034988853 24.0 
307.0 228.0 1.7126933813990604 4.854286034988853 24.0 
307.0 229.0 1.7126933813990604 4.854286034988853 24.0 
307.0 230.0 1.7126933813990604 4.854286034988853 24.0 
307.0 231.0 1.7126933813990604 4.854286034988853 24.0 
307.0 232.0 1.7126933813990604 4.854286034988853 24.0 
307.0 233.0 1.7126933813990604 4.854286034988853 24.0 
307.0 234.0 1.7126933813990604 4.854286034988853 24.0 
307.0 235.0 1.7126933813990604 4.854286034988853 24.0 
307.0 236.0 1.7126933813990604 4.854286034988853 24.0 
307.0 237.0 1.7126933813990604 4.854286034988853 24.0 
307.0 238.0 1.7126933813990604 4.854286034988853 24.0 
307.0 239.0 1.7126933813990604 4.854286034988853 24.0 
307.0 240.0 1.7126933813990604 4.854286034988853 24.0 
307.0 241.0 1.7126933813990604 4.854286034988853 24.0 
307.0 242.0 1.7126933813990604 4.854286034988853 24.0 
307.0 243.0 1.7126933813990604 4.854286034988853 24.0 
307.0 244.0 1.7126933813990604 4.854286034988853 24.0 
307.0 245.0 1.7126933813990604 4.854286034988853 24.0 
308.0 228.0 1.7126933813990604 4.854286034988853 24.0 
308.0 229.0 1.7126933813990604 4.854286034988853 24.0 
308.0 230.0 1.7126933813990604 4.854286034988853 24.0 
308.0 231.0 1.7126933813990604 4.854286034988853 24.0 
308.0 232.0 1.7126933813990604 4.854286034988853 24.0 
308.0 233.0 1.7126933813990604 4.854286034988853 24.0 
308.0 234.0 1.7126933813990604 4.854286034988853 24.0 
308.0 235.0 1.7126933813990604 4.854286034988853 24.0 
308.0 236.0 1.7126933813990604 4.854286034988853 24.0 
308.0 237.0 1.7126933813990604 4.854286034988853 24.0 
308.0 238.0 1.7126933813990604 4.854286034988853 24.0 
309.0 229.0 1.7126933813990604 4.854286034988853 24.0 
309.0 230.0 1.7126933813990604 4.854286034988853 24.0 
309.0 231.0 1.7126933813990604 4.854286034988853 24.0 
299.0 317.0 1.6452851170087792 4.786877770598572 28.0 
299.0 318.0 1.6452851170087792 4.786877770598572 28.0 
299.0 319.0 1.6452851170087792 4.786877770598572 28.0 
299.0 320.0 1.6452851170087792 4.786877770598572 28.0 
299.0 321.0 1.6452851170087792 4.786877770598572 28.0 
299.0 322.0 1.6452851170087792 4.786877770598572 28.0 
300.0 303.0 1.6452851170087792 4.786877770598572 28.0 
300.0 304.0 1.6452851170087792 4.786877770598572 28.0 
300.0 305.0 1.6452851170087792 4.786877770598572 28.0 
300.0 306.0 1.6452851170087792 4.786877770598572 28.0 
300.0 307.0 1.6452851170087792 4.786877770598572 28.0 
300.0 308.0 1.6452851170087792 4.786877770598572 28.0 
300.0 309.0 1.6452851170087792 4.786877770598572 28.0 
300.0 310.0 1.6452851170087792 4.786877770598572 28.0 
300.0 311.0 1.6452851170087792 4.786877770598572 28.0 
300.0 312.0 1.6452851170087792 4.786877770598572 28.0 
300.0 313.0 1.6452851170087792 4.786877770598572 28.0 
300.0 314.0 1.6452851170087792 4.786877770598572 28.0 
300.0 315.0 1.6452851170087792 4.786877770598572 28.0 
300.0 316.0 1.6452851170087792 4.786877770598572 28.0 
300.0 317.0 1.6452851170087792 4.786877770598572 28.0 
300.0 318.0 1.6452851170087792 4.786877770598572 28.0 
300.0 319.0 1.6452851170087792 4.786877770598572 28.0 
300.0 320.0 1.6452851170087792 4.786877770598572 28.0 
300.0 321.0 1.6452851170087792 4.786877770598572 28.0 
300.0 322.0 1.6452851170087792 4.786877770598572 28.0 
301.0 290.0 1.6452851170087792 4.786877770598572 28.0 
301.0 291.0 1.6452851170087792 4.786877770598572 28.0 
301.0 292.0 1.6452851170087792 4.786877770598572 28.0 
301.0 293.0 1.6452851170087792 4.786877770598572 28.0 
301.0 294.0 1.6452851170087792 4.786877770598572 28.0 
301.0 295.0 1.6452851170087792 4.786877770598572 28.0 
301.0 296.0 1.6452851170087792 4.786877770598572 28.0 
301.0 297.0 1.6452851170087792 4.786877770598572 28.0 
301.0 298.0 1.6452851170087792 4.786877770598572 28.0 
301.0 299.0 1.6452851170087792 4.786877770598572 28.0 
301.0 300.0 1.6452851170087792 4.786877770598572 28.0 
301.0 301.0 1.6452851170087792 4.786877770598572 28.0 
301.0 302.0 1.6452851170087792 4.786877770598572 28.0 
301.0 303.0 1.6452851170087792 4.786877770598572 28.0 
301.0 304.0 1.6452851170087792 4.786877770598572 28.0 
301.0 305.0 1.6452851170087792 4.786877770598572 28.0 
301.0 306.0 1.6452851170087792 4.786877770598572 28.0 
301.0 307.0 1.6452851170087792 4.786877770598572 28.0 
301.0 308.0 1.6452851170087792 4.786877770598572 28.0 
301.0 309.0 1.6452851170087792 4.786877770598572 28.0 
301.0 310.0 1.6452851170087792 4.786877770598572 28.0 
301.0 311.0 1.6452851170087792 4.786877770598572 28.0 
301.0 312.0 1.6452851170087792 4.786877770598572 28.0 
301.0 313.0 1.6452851170087792 4.786877770598572 28.0 
301.0 314.0 1.6452851170087792 4.786877770598572 28.0 
301.0 315.0 1.6452851170087792 4.786877770598572 28.0 
301.0 316.0 1.6452851170087792 4.786877770598572 28.0 
301.0 317.0 1.6452851170087792 4.786877770598572 28.0 
301.0 318.0 1.6452851170087792 4.786877770598572 28.0 
301.0 319.0 1.6452851170087792 4.786877770598572 28.0 
301.0 320.0 1.6452851170087792 4.786877770598572 28.0 
301.0 321.0 1.6452851170087792 4.786877770598572 28.0 
301.0 322.0 1.6452851170087792 4.786877770598572 28.0 
301.0 323.0 1.6452851170087792 4.786877770598572 28.0 
302.0 277.0 1.6452851170087792 4.786877770598572 28.0 
302.0 278.0 1.6452851170087792 4.786877770598572 28.0 
302.0 279.0 1.6452851170087792 4.786877770598572 28.0 
302.0 280.0 1.6452851170087792 4.786877770598572 28.0 
302.0 281.0 1.6452851170087792 4.786877770598572 28.0 
302.0 282.0 1.6452851170087792 4.786877770598572 28.0 
302.0 283.0 1.6452851170087792 4.786877770598572 28.0 
302.0 284.0 1.6452851170087792 4.786877770598572 28.0 
302.0 285.0 1.6452851170087792 4.786877770598572 28.0 
302.0 286.0 1.6452851170087792 4.786877770598572 28.0 
302.0 287.0 1.6452851170087792 4.786877770598572 28.0 
302.0 288.0 1.6452851170087792 4.786877770598572 28.0 
302.0 289.0 1.6452851170087792 4.786877770598572 28.0 
302.0 290.0 1.6452851170087792 4.786877770598572 28.0 
302.0 291.0 1.6452851170087792 4.786877770598572 28.0 
302.0 292.0 1.6452851170087792 4.786877770598572 28.0 
302.0 293.0 1.6452851170087792 4.786877770598572 28.0 
302.0 294.0 1.6452851170087792 4.786877770598572 28.0 
302.0 295.0 1.6452851170087792 4.786877770598572 28.0 
302.0 296.0 1.6452851170087792 4.786877770598572 28.0 
302.0 297.0 1.6452851170087792 4.786877770598572 28.0 
302.0 298.0 1.6452851170087792 4.786877770598572 28.0 
302.0 299.0 1.6452851170087792 4.786877770598572 28.0 
302.0 300.0 1.6452851170087792 4.786877770598572 28.0 
302.0 301.0 1.6452851170087792 4.786877770598572 28.0 
302.0 302.0 1.6452851170087792 4.786877770598572 28.0 
302.0 303.0 1.6452851170087792 4.786877770598572 28.0 
302.0 304.0 1.6452851170087792 4.786877770598572 28.0 
302.0 305.0 1.6452851170087792 4.786877770598572 28.0 
302.0 306.0 1.6452851170087792 4.786877770598572 28.0 
302.0 307.0 1.6452851170087792 4.786877770598572 28.0 
302.0 308.0 1.6452851170087792 4.786877770598572 28.0 
302.0 309.0 1.6452851170087792 4.786877770598572 28.0 
302.0 310.0 1.6452851170087792 4.786877770598572 28.0 
302.0 311.0 1.6452851170087792 4.786877770598572 28.0 
302.0 312.0 1.6452851170087792 4.786877770598572 28.0 
302.0 313.0 1.6452851170087792 4.786877770598572 28.0 
302.0 314.0 1.6452851170087792 4.786877770598572 28.0 
302.0 315.0 1.6452851170087792 4.786877770598572 28.0 
302.0 316.0 1.6452851170087792 4.786877770598572 28.0 
303.0 263.0 1.6452851170087792 4.786877770598572 28.0 
303.0 264.0 1.6452851170087792 4.786877770598572 28.0 
303.0 265.0 1.6452851170087792 4.786877770598572 28.0 
303.0 266.0 1.6452851170087792 4.786877770598572 28.0 
303.0 267.0 1.6452851170087792 4.786877770598572 28.0 
303.0 268.0 1.6452851170087792 4.786877770598572 28.0 
303.0 269.0 1.6452851170087792 4.786877770598572 28.0 
303.0 270.0 1.6452851170087792 4.786877770598572 28.0 
303.0 271.0 1.6452851170087792 4.786877770598572 28.0 
303.0 272.0 1.6452851170087792 4.786877770598572 28.0 
303.0 273.0 1.6452851170087792 4.786877770598572 28.0 
303.0 274.0 1.6452851170087792 4.786877770598572 28.0 
303.0 275.0 1.6452851170087792 4.786877770598572 28.0 
303.0 276.0 1.6452851170087792 4.786877770598572 28.0 
303.0 277.0 1.6452851170087792 4.786877770598572 28.0 
303.0 278.0 1.6452851170087792 4.786877770598572 28.0 
303.0 279.0 1.6452851170087792 4.786877770598572 28.0 
303.0 280.0 1.6452851170087792 4.786877770598572 28.0 
303.0 281.0 1.6452851170087792 4.786877770598572 28.0 
303.0 282.0 1.6452851170087792 4.786877770598572 28.0 
303.0 283.0 1.6452851170087792 4.786877770598572 28.0 
303.0 284.0 1.6452851170087792 4.786877770598572 28.0 
303.0 285.0 1.6452851170087792 4.786877770598572 28.0 
303.0 286.0 1.6452851170087792 4.786877770598572 28.0 
303.0 287.0 1.6452851170087792 4.786877770598572 28.0 
303.0 288.0 1.6452851170087792 4.786877770598572 28.0 
303.0 289.0 1.6452851170087792 4.786877770598572 28.0 
303.0 290.0 1.6452851170087792 4.786877770598572 28.0 
303.0 291.0 1.6452851170087792 4.786877770598572 28.0 
303.0 292.0 1.6452851170087792 4.786877770598572 28.0 
303.0 293.0 1.6452851170087792 4.786877770598572 28.0 
303.0 294.0 1.6452851170087792 4.786877770598572 28.0 
303.0 295.0 1.6452851170087792 4.786877770598572 28.0 
303.0 296.0 1.6452851170087792 4.786877770598572 28.0 
303.0 297.0 1.6452851170087792 4.786877770598572 28.0 
303.0 298.0 1.6452851170087792 4.786877770598572 28.0 
303.0 299.0 1.6452851170087792 4.786877770598572 28.0 
303.0 300.0 1.6452851170087792 4.786877770598572 28.0 
303.0 301.0 1.6452851170087792 4.786877770598572 28.0 
303.0 302.0 1.6452851170087792 4.786877770598572 28.0 
304.0 256.0 1.6452851170087792 4.786877770598572 28.0 
304.0 257.0 1.6452851170087792 4.786877770598572 28.0 
304.0 258.0 1.6452851170087792 4.786877770598572 28.0 
304.0 259.0 1.6452851170087792 4.786877770598572 28.0 
304.0 260.0 1.6452851170087792 4.786877770598572 28.0 
304.0 261.0 1.6452851170087792 4.786877770598572 28.0 
304.0 262.0 1.6452851170087792 4.786877770598572 28.0 
304.0 263.0 1.6452851170087792 4.786877770598572 28.0 
304.0 264.0 1.6452851170087792 4.786877770598572 28.0 
304.0 265.0 1.6452851170087792 4.786877770598572 28.0 
304.0 266.0 1.6452851170087792 4.786877770598572 28.0 
304.0 267.0 1.6452851170087792 4.786877770598572 28.0 
304.0 268.0 1.6452851170087792 4.786877770598572 28.0 
304.0 269.0 1.6452851170087792 4.786877770598572 28.0 
304.0 270.0 1.6452851170087792 4.786877770598572 28.0 
304.0 271.0 1.6452851170087792 4.786877770598572 28.0 
304.0 272.0 1.6452851170087792 4.786877770598572 28.0 
304.0 273.0 1.6452851170087792 4.786877770598572 28.0 
304.0 274.0 1.6452851170087792 4.786877770598572 28.0 
304.0 275.0 1.6452851170087792 4.786877770598572 28.0 
304.0 276.0 1.6452851170087792 4.786877770598572 28.0 
304.0 277.0 1.6452851170087792 4.786877770598572 28.0 
304.0 278.0 1.6452851170087792 4.786877770598572 28.0 
304.0 279.0 1.6452851170087792 4.786877770598572 28.0 
304.0 280.0 1.6452851170087792 4.786877770598572 28.0 
304.0 281.0 1.6452851170087792 4.786877770598572 28.0 
304.0 282.0 1.6452851170087792 4.786877770598572 28.0 
304.0 283.0 1.6452851170087792 4.786877770598572 28.0 
304.0 284.0 1.6452851170087792 4.786877770598572 28.0 
304.0 285.0 1.6452851170087792 4.786877770598572 28.0 
304.0 286.0 1.6452851170087792 4.786877770598572 28.0 
304.0 287.0 1.6452851170087792 4.786877770598572 28.0 
304.0 288.0 1.6452851170087792 4.786877770598572 28.0 
304.0 289.0 1.6452851170087792 4.786877770598572 28.0 
305.0 256.0 1.6452851170087792 4.786877770598572 28.0 
305.0 257.0 1.6452851170087792 4.786877770598572 28.0 
305.0 258.0 1.6452851170087792 4.786877770598572 28.0 
305.0 259.0 1.6452851170087792 4.786877770598572 28.0 
305.0 260.0 1.6452851170087792 4.786877770598572 28.0 
305.0 261.0 1.6452851170087792 4.786877770598572 28.0 
305.0 262.0 1.6452851170087792 4.786877770598572 28.0 
305.0 263.0 1.6452851170087792 4.786877770598572 28.0 
305.0 264.0 1.6452851170087792 4.786877770598572 28.0 
305.0 265.0 1.6452851170087792 4.786877770598572 28.0 
305.0 266.0 1.6452851170087792 4.786877770598572 28.0 
305.0 267.0 1.6452851170087792 4.786877770598572 28.0 
305.0 268.0 1.6452851170087792 4.786877770598572 28.0 
305.0 269.0 1.6452851170087792 4.786877770598572 28.0 
305.0 270.0 1.6452851170087792 4.786877770598572 28.0 
305.0 271.0 1.6452851170087792 4.786877770598572 28.0 
305.0 272.0 1.6452851170087792 4.786877770598572 28.0 
305.0 273.0 1.6452851170087792 4.786877770598572 28.0 
305.0 274.0 1.6452851170087792 4.786877770598572 28.0 
305.0 275.0 1.6452851170087792 4.786877770598572 28.0 
305.0 276.0 1.6452851170087792 4.786877770598572 28.0 
306.0 257.0 1.6452851170087792 4.786877770598572 28.0 
306.0 258.0 1.6452851170087792 4.786877770598572 28.0 
306.0 259.0 1.6452851170087792 4.786877770598572 28.0 
306.0 260.0 1.6452851170087792 4.786877770598572 28.0 
306.0 261.0 1.6452851170087792 4.786877770598572 28.0 
306.0 262.0 1.6452851170087792 4.786877770598572 28.0 
302.0 327.0 4.547240302970062 1.4056476493802688 28.0 
302.0 328.0 4.547240302970062 1.4056476493802688 28.0 
302.0 329.0 4.547240302970062 1.4056476493802688 28.0 
303.0 327.0 4.547240302970062 1.4056476493802688 28.0 
303.0 328.0 4.547240302970062 1.4056476493802688 28.0 
303.0 329.0 4.547240302970062 1.4056476493802688 28.0 
303.0 330.0 4.547240302970062 1.4056476493802688 28.0 
303.0 331.0 4.547240302970062 1.4056476493802688 28.0 
303.0 332.0 4.547240302970062 1.4056476493802688 28.0 
303.0 333.0 4.547240302970062 1.4056476493802688 28.0 
303.0 334.0 4.547240302970062 1.4056476493802688 28.0 
303.0 335.0 4.547240302970062 1.4056476493802688 28.0 
304.0 326.0 4.547240302970062 1.4056476493802688 28.0 
304.0 327.0 4.547240302970062 1.4056476493802688 28.0 
304.0 328.0 4.547240302970062 1.4056476493802688 28.0 
304.0 329.0 4.547240302970062 1.4056476493802688 28.0 
304.0 330.0 4.547240302970062 1.4056476493802688 28.0 
304.0 331.0 4.547240302970062 1.4056476493802688 28.0 
304.0 332.0 4.547240302970062 1.4056476493802688 28.0 
304.0 333.0 4.547240302970062 1.4056476493802688 28.0 
304.0 334.0 4.547240302970062 1.4056476493802688 28.0 
304.0 335.0 4.547240302970062 1.4056476493802688 28.0 
304.0 336.0 4.547240302970062 1.4056476493802688 28.0 
304.0 337.0 4.547240302970062 1.4056476493802688 28.0 
304.0 338.0 4.547240302970062 1.4056476493802688 28.0 
305.0 326.0 4.547240302970062 1.4056476493802688 28.0 
305.0 327.0 4.547240302970062 1.4056476493802688 28.0 
305.0 328.0 4.547240302970062 1.4056476493802688 28.0 
305.0 329.0 4.547240302970062 1.4056476493802688 28.0 
305.0 330.0 4.547240302970062 1.4056476493802688 28.0 
305.0 331.0 4.547240302970062 1.4056476493802688 28.0 
305.0 332.0 4.547240302970062 1.4056476493802688 28.0 
305.0 333.0 4.547240302970062 1.4056476493802688 28.0 
305.0 334.0 4.547240302970062 1.4056476493802688 28.0 
305.0 335.0 4.547240302970062 1.4056476493802688 28.0 
305.0 336.0 4.547240302970062 1.4056476493802688 28.0 
305.0 337.0 4.547240302970062 1.4056476493802688 28.0 
305.0 338.0 4.547240302970062 1.4056476493802688 28.0 
306.0 326.0 4.547240302970062 1.4056476493802688 28.0 
306.0 327.0 4.547240302970062 1.4056476493802688 28.0 
306.0 328.0 4.547240302970062 1.4056476493802688 28.0 
306.0 329.0 4.547240302970062 1.4056476493802688 28.0 
306.0 330.0 4.547240302970062 1.4056476493802688 28.0 
306.0 331.0 4.547240302970062 1.4056476493802688 28.0 
306.0 332.0 4.547240302970062 1.4056476493802688 28.0 
306.0 333.0 4.547240302970062 1.4056476493802688 28.0 
306.0 334.0 4.547240302970062 1.4056476493802688 28.0 
306.0 335.0 4.547240302970062 1.4056476493802688 28.0 
306.0 336.0 4.547240302970062 1.4056476493802688 28.0 
306.0 337.0 4.547240302970062 1.4056476493802688 28.0 
307.0 329.0 4.547240302970062 1.4056476493802688 28.0 
307.0 330.0 4.547240302970062 1.4056476493802688 28.0 
307.0 331.0 4.547240302970062 1.4056476493802688 28.0 
307.0 332.0 4.547240302970062 1.4056476493802688 28.0 
307.0 333.0 4.547240302970062 1.4056476493802688 28.0 
307.0 334.0 4.547240302970062 1.4056476493802688 28.0 
307.0 335.0 4.547240302970062 1.4056476493802688 28.0 
307.0 336.0 4.547240302970062 1.4056476493802688 28.0 
307.0 337.0 4.547240302970062 1.4056476493802688 28.0 
308.0 335.0 4.547240302970062 1.4056476493802688 28.0 
308.0 336.0 4.547240302970062 1.4056476493802688 28.0 
308.0 337.0 4.547240302970062 1.4056476493802688 28.0 
