200.0 322.0 3.0035866299322738 6.145179283522067 84.0 
200.0 323.0 3.0035866299322738 6.145179283522067 84.0 
200.0 324.0 3.0035866299322738 6.145179283522067 84.0 
201.0 322.0 3.0035866299322738 6.145179283522067 84.0 
201.0 323.0 3.0035866299322738 6.145179283522067 84.0 
201.0 324.0 3.0035866299322738 6.145179283522067 84.0 
201.0 325.0 3.0035866299322738 6.145179283522067 84.0 
201.0 326.0 3.0035866299322738 6.145179283522067 84.0 
201.0 327.0 3.0035866299322738 6.145179283522067 84.0 
202.0 322.0 3.0035866299322738 6.145179283522067 84.0 
202.0 323.0 3.0035866299322738 6.145179283522067 84.0 
202.0 324.0 3.0035866299322738 6.145179283522067 84.0 
202.0 325.0 3.0035866299322738 6.145179283522067 84.0 
202.0 326.0 3.0035866299322738 6.145179283522067 84.0 
202.0 327.0 3.0035866299322738 6.145179283522067 84.0 
203.0 322.0 3.0035866299322738 6.145179283522067 84.0 
203.0 323.0 3.0035866299322738 6.145179283522067 84.0 
203.0 324.0 3.0035866299322738 6.145179283522067 84.0 
203.0 325.0 3.0035866299322738 6.145179283522067 84.0 
203.0 326.0 3.0035866299322738 6.145179283522067 84.0 
203.0 327.0 3.0035866299322738 6.145179283522067 84.0 
204.0 322.0 3.0035866299322738 6.145179283522067 84.0 
204.0 323.0 3.0035866299322738 6.145179283522067 84.0 
204.0 324.0 3.0035866299322738 6.145179283522067 84.0 
204.0 325.0 3.0035866299322738 6.145179283522067 84.0 
204.0 326.0 3.0035866299322738 6.145179283522067 84.0 
204.0 327.0 3.0035866299322738 6.145179283522067 84.0 
205.0 322.0 3.0035866299322738 6.145179283522067 84.0 
205.0 323.0 3.0035866299322738 6.145179283522067 84.0 
205.0 324.0 3.0035866299322738 6.145179283522067 84.0 
205.0 325.0 3.0035866299322738 6.145179283522067 84.0 
205.0 326.0 3.0035866299322738 6.145179283522067 84.0 
205.0 327.0 3.0035866299322738 6.145179283522067 84.0 
206.0 322.0 3.0035866299322738 6.145179283522067 84.0 
206.0 323.0 3.0035866299322738 6.145179283522067 84.0 
206.0 324.0 3.0035866299322738 6.145179283522067 84.0 
206.0 325.0 3.0035866299322738 6.145179283522067 84.0 
206.0 326.0 3.0035866299322738 6.145179283522067 84.0 
206.0 327.0 3.0035866299322738 6.145179283522067 84.0 
207.0 321.0 3.0035866299322738 6.145179283522067 84.0 
207.0 322.0 3.0035866299322738 6.145179283522067 84.0 
207.0 323.0 3.0035866299322738 6.145179283522067 84.0 
207.0 324.0 3.0035866299322738 6.145179283522067 84.0 
207.0 325.0 3.0035866299322738 6.145179283522067 84.0 
207.0 326.0 3.0035866299322738 6.145179283522067 84.0 
207.0 327.0 3.0035866299322738 6.145179283522067 84.0 
208.0 321.0 3.0035866299322738 6.145179283522067 84.0 
208.0 322.0 3.0035866299322738 6.145179283522067 84.0 
208.0 323.0 3.0035866299322738 6.145179283522067 84.0 
208.0 324.0 3.0035866299322738 6.145179283522067 84.0 
208.0 325.0 3.0035866299322738 6.145179283522067 84.0 
208.0 326.0 3.0035866299322738 6.145179283522067 84.0 
209.0 321.0 3.0035866299322738 6.145179283522067 84.0 
209.0 322.0 3.0035866299322738 6.145179283522067 84.0 
209.0 323.0 3.0035866299322738 6.145179283522067 84.0 
209.0 324.0 3.0035866299322738 6.145179283522067 84.0 
209.0 325.0 3.0035866299322738 6.145179283522067 84.0 
209.0 326.0 3.0035866299322738 6.145179283522067 84.0 
210.0 321.0 3.0035866299322738 6.145179283522067 84.0 
210.0 322.0 3.0035866299322738 6.145179283522067 84.0 
210.0 323.0 3.0035866299322738 6.145179283522067 84.0 
210.0 324.0 3.0035866299322738 6.145179283522067 84.0 
210.0 325.0 3.0035866299322738 6.145179283522067 84.0 
210.0 326.0 3.0035866299322738 6.145179283522067 84.0 
211.0 321.0 3.0035866299322738 6.145179283522067 84.0 
211.0 322.0 3.0035866299322738 6.145179283522067 84.0 
211.0 323.0 3.0035866299322738 6.145179283522067 84.0 
211.0 324.0 3.0035866299322738 6.145179283522067 84.0 
211.0 325.0 3.0035866299322738 6.145179283522067 84.0 
211.0 326.0 3.0035866299322738 6.145179283522067 84.0 
212.0 321.0 3.0035866299322738 6.145179283522067 84.0 
212.0 322.0 3.0035866299322738 6.145179283522067 84.0 
212.0 323.0 3.0035866299322738 6.145179283522067 84.0 
212.0 324.0 3.0035866299322738 6.145179283522067 84.0 
212.0 325.0 3.0035866299322738 6.145179283522067 84.0 
212.0 326.0 3.0035866299322738 6.145179283522067 84.0 
213.0 321.0 3.0035866299322738 6.145179283522067 84.0 
213.0 322.0 3.0035866299322738 6.145179283522067 84.0 
213.0 323.0 3.0035866299322738 6.145179283522067 84.0 
213.0 324.0 3.0035866299322738 6.145179283522067 84.0 
213.0 325.0 3.0035866299322738 6.145179283522067 84.0 
213.0 326.0 3.0035866299322738 6.145179283522067 84.0 
214.0 321.0 3.0035866299322738 6.145179283522067 84.0 
214.0 322.0 3.0035866299322738 6.145179283522067 84.0 
214.0 323.0 3.0035866299322738 6.145179283522067 84.0 
214.0 324.0 3.0035866299322738 6.145179283522067 84.0 
214.0 325.0 3.0035866299322738 6.145179283522067 84.0 
214.0 326.0 3.0035866299322738 6.145179283522067 84.0 
215.0 320.0 3.0035866299322738 6.145179283522067 84.0 
215.0 321.0 3.0035866299322738 6.145179283522067 84.0 
215.0 322.0 3.0035866299322738 6.145179283522067 84.0 
215.0 323.0 3.0035866299322738 6.145179283522067 84.0 
215.0 324.0 3.0035866299322738 6.145179283522067 84.0 
215.0 325.0 3.0035866299322738 6.145179283522067 84.0 
216.0 320.0 3.0035866299322738 6.145179283522067 84.0 
216.0 321.0 3.0035866299322738 6.145179283522067 84.0 
216.0 322.0 3.0035866299322738 6.145179283522067 84.0 
216.0 323.0 3.0035866299322738 6.145179283522067 84.0 
216.0 324.0 3.0035866299322738 6.145179283522067 84.0 
216.0 325.0 3.0035866299322738 6.145179283522067 84.0 
217.0 320.0 3.0035866299322738 6.145179283522067 84.0 
217.0 321.0 3.0035866299322738 6.145179283522067 84.0 
217.0 322.0 3.0035866299322738 6.145179283522067 84.0 
217.0 323.0 3.0035866299322738 6.145179283522067 84.0 
217.0 324.0 3.0035866299322738 6.145179283522067 84.0 
217.0 325.0 3.0035866299322738 6.145179283522067 84.0 
218.0 320.0 3.0035866299322738 6.145179283522067 84.0 
218.0 321.0 3.0035866299322738 6.145179283522067 84.0 
218.0 322.0 3.0035866299322738 6.145179283522067 84.0 
218.0 323.0 3.0035866299322738 6.145179283522067 84.0 
218.0 324.0 3.0035866299322738 6.145179283522067 84.0 
218.0 325.0 3.0035866299322738 6.145179283522067 84.0 
219.0 320.0 3.0035866299322738 6.145179283522067 84.0 
219.0 321.0 3.0035866299322738 6.145179283522067 84.0 
219.0 322.0 3.0035866299322738 6.145179283522067 84.0 
219.0 323.0 3.0035866299322738 6.145179283522067 84.0 
219.0 324.0 3.0035866299322738 6.145179283522067 84.0 
219.0 325.0 3.0035866299322738 6.145179283522067 84.0 
220.0 320.0 3.0035866299322738 6.145179283522067 84.0 
220.0 321.0 3.0035866299322738 6.145179283522067 84.0 
220.0 322.0 3.0035866299322738 6.145179283522067 84.0 
220.0 323.0 3.0035866299322738 6.145179283522067 84.0 
220.0 324.0 3.0035866299322738 6.145179283522067 84.0 
220.0 325.0 3.0035866299322738 6.145179283522067 84.0 
221.0 320.0 3.0035866299322738 6.145179283522067 84.0 
221.0 321.0 3.0035866299322738 6.145179283522067 84.0 
221.0 322.0 3.0035866299322738 6.145179283522067 84.0 
221.0 323.0 3.0035866299322738 6.145179283522067 84.0 
221.0 324.0 3.0035866299322738 6.145179283522067 84.0 
221.0 325.0 3.0035866299322738 6.145179283522067 84.0 
222.0 319.0 3.0035866299322738 6.145179283522067 84.0 
222.0 320.0 3.0035866299322738 6.145179283522067 84.0 
222.0 321.0 3.0035866299322738 6.145179283522067 84.0 
222.0 322.0 3.0035866299322738 6.145179283522067 84.0 
222.0 323.0 3.0035866299322738 6.145179283522067 84.0 
222.0 324.0 3.0035866299322738 6.145179283522067 84.0 
223.0 319.0 3.0035866299322738 6.145179283522067 84.0 
223.0 320.0 3.0035866299322738 6.145179283522067 84.0 
223.0 321.0 3.0035866299322738 6.145179283522067 84.0 
223.0 322.0 3.0035866299322738 6.145179283522067 84.0 
223.0 323.0 3.0035866299322738 6.145179283522067 84.0 
223.0 324.0 3.0035866299322738 6.145179283522067 84.0 
224.0 319.0 3.0035866299322738 6.145179283522067 84.0 
224.0 320.0 3.0035866299322738 6.145179283522067 84.0 
224.0 321.0 3.0035866299322738 6.145179283522067 84.0 
224.0 322.0 3.0035866299322738 6.145179283522067 84.0 
224.0 323.0 3.0035866299322738 6.145179283522067 84.0 
224.0 324.0 3.0035866299322738 6.145179283522067 84.0 
225.0 319.0 3.0035866299322738 6.145179283522067 84.0 
225.0 320.0 3.0035866299322738 6.145179283522067 84.0 
225.0 321.0 3.0035866299322738 6.145179283522067 84.0 
225.0 322.0 3.0035866299322738 6.145179283522067 84.0 
225.0 323.0 3.0035866299322738 6.145179283522067 84.0 
225.0 324.0 3.0035866299322738 6.145179283522067 84.0 
226.0 319.0 3.0035866299322738 6.145179283522067 84.0 
226.0 320.0 3.0035866299322738 6.145179283522067 84.0 
226.0 321.0 3.0035866299322738 6.145179283522067 84.0 
226.0 322.0 3.0035866299322738 6.145179283522067 84.0 
226.0 323.0 3.0035866299322738 6.145179283522067 84.0 
226.0 324.0 3.0035866299322738 6.145179283522067 84.0 
227.0 319.0 3.0035866299322738 6.145179283522067 84.0 
227.0 320.0 3.0035866299322738 6.145179283522067 84.0 
227.0 321.0 3.0035866299322738 6.145179283522067 84.0 
227.0 322.0 3.0035866299322738 6.145179283522067 84.0 
227.0 323.0 3.0035866299322738 6.145179283522067 84.0 
227.0 324.0 3.0035866299322738 6.145179283522067 84.0 
228.0 319.0 3.0035866299322738 6.145179283522067 84.0 
228.0 320.0 3.0035866299322738 6.145179283522067 84.0 
228.0 321.0 3.0035866299322738 6.145179283522067 84.0 
228.0 322.0 3.0035866299322738 6.145179283522067 84.0 
228.0 323.0 3.0035866299322738 6.145179283522067 84.0 
228.0 324.0 3.0035866299322738 6.145179283522067 84.0 
229.0 318.0 3.0035866299322738 6.145179283522067 84.0 
229.0 319.0 3.0035866299322738 6.145179283522067 84.0 
229.0 320.0 3.0035866299322738 6.145179283522067 84.0 
229.0 321.0 3.0035866299322738 6.145179283522067 84.0 
229.0 322.0 3.0035866299322738 6.145179283522067 84.0 
229.0 323.0 3.0035866299322738 6.145179283522067 84.0 
229.0 324.0 3.0035866299322738 6.145179283522067 84.0 
230.0 318.0 3.0035866299322738 6.145179283522067 84.0 
230.0 319.0 3.0035866299322738 6.145179283522067 84.0 
230.0 320.0 3.0035866299322738 6.145179283522067 84.0 
230.0 321.0 3.0035866299322738 6.145179283522067 84.0 
230.0 322.0 3.0035866299322738 6.145179283522067 84.0 
230.0 323.0 3.0035866299322738 6.145179283522067 84.0 
231.0 318.0 3.0035866299322738 6.145179283522067 84.0 
231.0 319.0 3.0035866299322738 6.145179283522067 84.0 
231.0 320.0 3.0035866299322738 6.145179283522067 84.0 
231.0 321.0 3.0035866299322738 6.145179283522067 84.0 
231.0 322.0 3.0035866299322738 6.145179283522067 84.0 
231.0 323.0 3.0035866299322738 6.145179283522067 84.0 
232.0 318.0 3.0035866299322738 6.145179283522067 84.0 
232.0 319.0 3.0035866299322738 6.145179283522067 84.0 
232.0 320.0 3.0035866299322738 6.145179283522067 84.0 
232.0 321.0 3.0035866299322738 6.145179283522067 84.0 
232.0 322.0 3.0035866299322738 6.145179283522067 84.0 
232.0 323.0 3.0035866299322738 6.145179283522067 84.0 
233.0 318.0 3.0035866299322738 6.145179283522067 84.0 
233.0 319.0 3.0035866299322738 6.145179283522067 84.0 
233.0 320.0 3.0035866299322738 6.145179283522067 84.0 
233.0 321.0 3.0035866299322738 6.145179283522067 84.0 
233.0 322.0 3.0035866299322738 6.145179283522067 84.0 
233.0 323.0 3.0035866299322738 6.145179283522067 84.0 
234.0 318.0 3.0035866299322738 6.145179283522067 84.0 
234.0 319.0 3.0035866299322738 6.145179283522067 84.0 
234.0 320.0 3.0035866299322738 6.145179283522067 84.0 
234.0 321.0 3.0035866299322738 6.145179283522067 84.0 
234.0 322.0 3.0035866299322738 6.145179283522067 84.0 
234.0 323.0 3.0035866299322738 6.145179283522067 84.0 
235.0 318.0 3.0035866299322738 6.145179283522067 84.0 
235.0 319.0 3.0035866299322738 6.145179283522067 84.0 
235.0 320.0 3.0035866299322738 6.145179283522067 84.0 
235.0 321.0 3.0035866299322738 6.145179283522067 84.0 
235.0 322.0 3.0035866299322738 6.145179283522067 84.0 
235.0 323.0 3.0035866299322738 6.145179283522067 84.0 
236.0 320.0 3.0035866299322738 6.145179283522067 84.0 
236.0 321.0 3.0035866299322738 6.145179283522067 84.0 
236.0 322.0 3.0035866299322738 6.145179283522067 84.0 
236.0 323.0 3.0035866299322738 6.145179283522067 84.0 
259.0 316.0 3.0648207623200143 6.206413415909807 36.0 
259.0 317.0 3.0648207623200143 6.206413415909807 36.0 
259.0 318.0 3.0648207623200143 6.206413415909807 36.0 
260.0 316.0 3.0648207623200143 6.206413415909807 36.0 
260.0 317.0 3.0648207623200143 6.206413415909807 36.0 
260.0 318.0 3.0648207623200143 6.206413415909807 36.0 
260.0 319.0 3.0648207623200143 6.206413415909807 36.0 
260.0 320.0 3.0648207623200143 6.206413415909807 36.0 
260.0 321.0 3.0648207623200143 6.206413415909807 36.0 
261.0 316.0 3.0648207623200143 6.206413415909807 36.0 
261.0 317.0 3.0648207623200143 6.206413415909807 36.0 
261.0 318.0 3.0648207623200143 6.206413415909807 36.0 
261.0 319.0 3.0648207623200143 6.206413415909807 36.0 
261.0 320.0 3.0648207623200143 6.206413415909807 36.0 
261.0 321.0 3.0648207623200143 6.206413415909807 36.0 
262.0 316.0 3.0648207623200143 6.206413415909807 36.0 
262.0 317.0 3.0648207623200143 6.206413415909807 36.0 
262.0 318.0 3.0648207623200143 6.206413415909807 36.0 
262.0 319.0 3.0648207623200143 6.206413415909807 36.0 
262.0 320.0 3.0648207623200143 6.206413415909807 36.0 
262.0 321.0 3.0648207623200143 6.206413415909807 36.0 
263.0 316.0 3.0648207623200143 6.206413415909807 36.0 
263.0 317.0 3.0648207623200143 6.206413415909807 36.0 
263.0 318.0 3.0648207623200143 6.206413415909807 36.0 
263.0 319.0 3.0648207623200143 6.206413415909807 36.0 
263.0 320.0 3.0648207623200143 6.206413415909807 36.0 
263.0 321.0 3.0648207623200143 6.206413415909807 36.0 
264.0 316.0 3.0648207623200143 6.206413415909807 36.0 
264.0 317.0 3.0648207623200143 6.206413415909807 36.0 
264.0 318.0 3.0648207623200143 6.206413415909807 36.0 
264.0 319.0 3.0648207623200143 6.206413415909807 36.0 
264.0 320.0 3.0648207623200143 6.206413415909807 36.0 
264.0 321.0 3.0648207623200143 6.206413415909807 36.0 
265.0 316.0 3.0648207623200143 6.206413415909807 36.0 
265.0 317.0 3.0648207623200143 6.206413415909807 36.0 
265.0 318.0 3.0648207623200143 6.206413415909807 36.0 
265.0 319.0 3.0648207623200143 6.206413415909807 36.0 
265.0 320.0 3.0648207623200143 6.206413415909807 36.0 
265.0 321.0 3.0648207623200143 6.206413415909807 36.0 
266.0 316.0 3.0648207623200143 6.206413415909807 36.0 
266.0 317.0 3.0648207623200143 6.206413415909807 36.0 
266.0 318.0 3.0648207623200143 6.206413415909807 36.0 
266.0 319.0 3.0648207623200143 6.206413415909807 36.0 
266.0 320.0 3.0648207623200143 6.206413415909807 36.0 
266.0 321.0 3.0648207623200143 6.206413415909807 36.0 
267.0 316.0 3.0648207623200143 6.206413415909807 36.0 
267.0 317.0 3.0648207623200143 6.206413415909807 36.0 
267.0 318.0 3.0648207623200143 6.206413415909807 36.0 
267.0 319.0 3.0648207623200143 6.206413415909807 36.0 
267.0 320.0 3.0648207623200143 6.206413415909807 36.0 
267.0 321.0 3.0648207623200143 6.206413415909807 36.0 
268.0 316.0 3.0648207623200143 6.206413415909807 36.0 
268.0 317.0 3.0648207623200143 6.206413415909807 36.0 
268.0 318.0 3.0648207623200143 6.206413415909807 36.0 
268.0 319.0 3.0648207623200143 6.206413415909807 36.0 
268.0 320.0 3.0648207623200143 6.206413415909807 36.0 
268.0 321.0 3.0648207623200143 6.206413415909807 36.0 
269.0 316.0 3.0648207623200143 6.206413415909807 36.0 
269.0 317.0 3.0648207623200143 6.206413415909807 36.0 
269.0 318.0 3.0648207623200143 6.206413415909807 36.0 
269.0 319.0 3.0648207623200143 6.206413415909807 36.0 
269.0 320.0 3.0648207623200143 6.206413415909807 36.0 
269.0 321.0 3.0648207623200143 6.206413415909807 36.0 
270.0 316.0 3.0648207623200143 6.206413415909807 36.0 
270.0 317.0 3.0648207623200143 6.206413415909807 36.0 
270.0 318.0 3.0648207623200143 6.206413415909807 36.0 
270.0 319.0 3.0648207623200143 6.206413415909807 36.0 
270.0 320.0 3.0648207623200143 6.206413415909807 36.0 
270.0 321.0 3.0648207623200143 6.206413415909807 36.0 
271.0 316.0 3.0648207623200143 6.206413415909807 36.0 
271.0 317.0 3.0648207623200143 6.206413415909807 36.0 
271.0 318.0 3.0648207623200143 6.206413415909807 36.0 
271.0 319.0 3.0648207623200143 6.206413415909807 36.0 
271.0 320.0 3.0648207623200143 6.206413415909807 36.0 
271.0 321.0 3.0648207623200143 6.206413415909807 36.0 
272.0 315.0 3.0648207623200143 6.206413415909807 36.0 
272.0 316.0 3.0648207623200143 6.206413415909807 36.0 
272.0 317.0 3.0648207623200143 6.206413415909807 36.0 
272.0 318.0 3.0648207623200143 6.206413415909807 36.0 
272.0 319.0 3.0648207623200143 6.206413415909807 36.0 
272.0 320.0 3.0648207623200143 6.206413415909807 36.0 
272.0 321.0 3.0648207623200143 6.206413415909807 36.0 
273.0 315.0 3.0648207623200143 6.206413415909807 36.0 
273.0 316.0 3.0648207623200143 6.206413415909807 36.0 
273.0 317.0 3.0648207623200143 6.206413415909807 36.0 
273.0 318.0 3.0648207623200143 6.206413415909807 36.0 
273.0 319.0 3.0648207623200143 6.206413415909807 36.0 
273.0 320.0 3.0648207623200143 6.206413415909807 36.0 
274.0 315.0 3.0648207623200143 6.206413415909807 36.0 
274.0 316.0 3.0648207623200143 6.206413415909807 36.0 
274.0 317.0 3.0648207623200143 6.206413415909807 36.0 
274.0 318.0 3.0648207623200143 6.206413415909807 36.0 
274.0 319.0 3.0648207623200143 6.206413415909807 36.0 
274.0 320.0 3.0648207623200143 6.206413415909807 36.0 
275.0 315.0 3.0648207623200143 6.206413415909807 36.0 
275.0 316.0 3.0648207623200143 6.206413415909807 36.0 
275.0 317.0 3.0648207623200143 6.206413415909807 36.0 
275.0 318.0 3.0648207623200143 6.206413415909807 36.0 
275.0 319.0 3.0648207623200143 6.206413415909807 36.0 
275.0 320.0 3.0648207623200143 6.206413415909807 36.0 
276.0 315.0 3.0648207623200143 6.206413415909807 36.0 
276.0 316.0 3.0648207623200143 6.206413415909807 36.0 
276.0 317.0 3.0648207623200143 6.206413415909807 36.0 
276.0 318.0 3.0648207623200143 6.206413415909807 36.0 
276.0 319.0 3.0648207623200143 6.206413415909807 36.0 
276.0 320.0 3.0648207623200143 6.206413415909807 36.0 
277.0 315.0 3.0648207623200143 6.206413415909807 36.0 
277.0 316.0 3.0648207623200143 6.206413415909807 36.0 
277.0 317.0 3.0648207623200143 6.206413415909807 36.0 
277.0 318.0 3.0648207623200143 6.206413415909807 36.0 
277.0 319.0 3.0648207623200143 6.206413415909807 36.0 
277.0 320.0 3.0648207623200143 6.206413415909807 36.0 
278.0 315.0 3.0648207623200143 6.206413415909807 36.0 
278.0 316.0 3.0648207623200143 6.206413415909807 36.0 
278.0 317.0 3.0648207623200143 6.206413415909807 36.0 
278.0 318.0 3.0648207623200143 6.206413415909807 36.0 
278.0 319.0 3.0648207623200143 6.206413415909807 36.0 
278.0 320.0 3.0648207623200143 6.206413415909807 36.0 
279.0 315.0 3.0648207623200143 6.206413415909807 36.0 
279.0 316.0 3.0648207623200143 6.206413415909807 36.0 
279.0 317.0 3.0648207623200143 6.206413415909807 36.0 
279.0 318.0 3.0648207623200143 6.206413415909807 36.0 
279.0 319.0 3.0648207623200143 6.206413415909807 36.0 
279.0 320.0 3.0648207623200143 6.206413415909807 36.0 
280.0 315.0 3.0648207623200143 6.206413415909807 36.0 
280.0 316.0 3.0648207623200143 6.206413415909807 36.0 
280.0 317.0 3.0648207623200143 6.206413415909807 36.0 
280.0 318.0 3.0648207623200143 6.206413415909807 36.0 
280.0 319.0 3.0648207623200143 6.206413415909807 36.0 
280.0 320.0 3.0648207623200143 6.206413415909807 36.0 
281.0 315.0 3.0648207623200143 6.206413415909807 36.0 
281.0 316.0 3.0648207623200143 6.206413415909807 36.0 
281.0 317.0 3.0648207623200143 6.206413415909807 36.0 
281.0 318.0 3.0648207623200143 6.206413415909807 36.0 
281.0 319.0 3.0648207623200143 6.206413415909807 36.0 
281.0 320.0 3.0648207623200143 6.206413415909807 36.0 
282.0 315.0 3.0648207623200143 6.206413415909807 36.0 
282.0 316.0 3.0648207623200143 6.206413415909807 36.0 
282.0 317.0 3.0648207623200143 6.206413415909807 36.0 
282.0 318.0 3.0648207623200143 6.206413415909807 36.0 
282.0 319.0 3.0648207623200143 6.206413415909807 36.0 
282.0 320.0 3.0648207623200143 6.206413415909807 36.0 
283.0 315.0 3.0648207623200143 6.206413415909807 36.0 
283.0 316.0 3.0648207623200143 6.206413415909807 36.0 
283.0 317.0 3.0648207623200143 6.206413415909807 36.0 
283.0 318.0 3.0648207623200143 6.206413415909807 36.0 
283.0 319.0 3.0648207623200143 6.206413415909807 36.0 
283.0 320.0 3.0648207623200143 6.206413415909807 36.0 
284.0 315.0 3.0648207623200143 6.206413415909807 36.0 
284.0 316.0 3.0648207623200143 6.206413415909807 36.0 
284.0 317.0 3.0648207623200143 6.206413415909807 36.0 
284.0 318.0 3.0648207623200143 6.206413415909807 36.0 
284.0 319.0 3.0648207623200143 6.206413415909807 36.0 
284.0 320.0 3.0648207623200143 6.206413415909807 36.0 
285.0 314.0 3.0648207623200143 6.206413415909807 36.0 
285.0 315.0 3.0648207623200143 6.206413415909807 36.0 
285.0 316.0 3.0648207623200143 6.206413415909807 36.0 
285.0 317.0 3.0648207623200143 6.206413415909807 36.0 
285.0 318.0 3.0648207623200143 6.206413415909807 36.0 
285.0 319.0 3.0648207623200143 6.206413415909807 36.0 
285.0 320.0 3.0648207623200143 6.206413415909807 36.0 
286.0 314.0 3.0648207623200143 6.206413415909807 36.0 
286.0 315.0 3.0648207623200143 6.206413415909807 36.0 
286.0 316.0 3.0648207623200143 6.206413415909807 36.0 
286.0 317.0 3.0648207623200143 6.206413415909807 36.0 
286.0 318.0 3.0648207623200143 6.206413415909807 36.0 
286.0 319.0 3.0648207623200143 6.206413415909807 36.0 
287.0 314.0 3.0648207623200143 6.206413415909807 36.0 
287.0 315.0 3.0648207623200143 6.206413415909807 36.0 
287.0 316.0 3.0648207623200143 6.206413415909807 36.0 
287.0 317.0 3.0648207623200143 6.206413415909807 36.0 
287.0 318.0 3.0648207623200143 6.206413415909807 36.0 
287.0 319.0 3.0648207623200143 6.206413415909807 36.0 
288.0 314.0 3.0648207623200143 6.206413415909807 36.0 
288.0 315.0 3.0648207623200143 6.206413415909807 36.0 
288.0 316.0 3.0648207623200143 6.206413415909807 36.0 
288.0 317.0 3.0648207623200143 6.206413415909807 36.0 
288.0 318.0 3.0648207623200143 6.206413415909807 36.0 
288.0 319.0 3.0648207623200143 6.206413415909807 36.0 
289.0 314.0 3.0648207623200143 6.206413415909807 36.0 
289.0 315.0 3.0648207623200143 6.206413415909807 36.0 
289.0 316.0 3.0648207623200143 6.206413415909807 36.0 
289.0 317.0 3.0648207623200143 6.206413415909807 36.0 
289.0 318.0 3.0648207623200143 6.206413415909807 36.0 
289.0 319.0 3.0648207623200143 6.206413415909807 36.0 
290.0 314.0 3.0648207623200143 6.206413415909807 36.0 
290.0 315.0 3.0648207623200143 6.206413415909807 36.0 
290.0 316.0 3.0648207623200143 6.206413415909807 36.0 
290.0 317.0 3.0648207623200143 6.206413415909807 36.0 
290.0 318.0 3.0648207623200143 6.206413415909807 36.0 
290.0 319.0 3.0648207623200143 6.206413415909807 36.0 
291.0 314.0 3.0648207623200143 6.206413415909807 36.0 
291.0 315.0 3.0648207623200143 6.206413415909807 36.0 
291.0 316.0 3.0648207623200143 6.206413415909807 36.0 
291.0 317.0 3.0648207623200143 6.206413415909807 36.0 
291.0 318.0 3.0648207623200143 6.206413415909807 36.0 
291.0 319.0 3.0648207623200143 6.206413415909807 36.0 
292.0 314.0 3.0648207623200143 6.206413415909807 36.0 
292.0 315.0 3.0648207623200143 6.206413415909807 36.0 
292.0 316.0 3.0648207623200143 6.206413415909807 36.0 
292.0 317.0 3.0648207623200143 6.206413415909807 36.0 
292.0 318.0 3.0648207623200143 6.206413415909807 36.0 
292.0 319.0 3.0648207623200143 6.206413415909807 36.0 
293.0 314.0 3.0648207623200143 6.206413415909807 36.0 
293.0 315.0 3.0648207623200143 6.206413415909807 36.0 
293.0 316.0 3.0648207623200143 6.206413415909807 36.0 
293.0 317.0 3.0648207623200143 6.206413415909807 36.0 
293.0 318.0 3.0648207623200143 6.206413415909807 36.0 
293.0 319.0 3.0648207623200143 6.206413415909807 36.0 
294.0 314.0 3.0648207623200143 6.206413415909807 36.0 
294.0 315.0 3.0648207623200143 6.206413415909807 36.0 
294.0 316.0 3.0648207623200143 6.206413415909807 36.0 
294.0 317.0 3.0648207623200143 6.206413415909807 36.0 
294.0 318.0 3.0648207623200143 6.206413415909807 36.0 
294.0 319.0 3.0648207623200143 6.206413415909807 36.0 
295.0 314.0 3.0648207623200143 6.206413415909807 36.0 
295.0 315.0 3.0648207623200143 6.206413415909807 36.0 
295.0 316.0 3.0648207623200143 6.206413415909807 36.0 
295.0 317.0 3.0648207623200143 6.206413415909807 36.0 
295.0 318.0 3.0648207623200143 6.206413415909807 36.0 
295.0 319.0 3.0648207623200143 6.206413415909807 36.0 
296.0 314.0 3.0648207623200143 6.206413415909807 36.0 
296.0 315.0 3.0648207623200143 6.206413415909807 36.0 
296.0 316.0 3.0648207623200143 6.206413415909807 36.0 
296.0 317.0 3.0648207623200143 6.206413415909807 36.0 
296.0 318.0 3.0648207623200143 6.206413415909807 36.0 
296.0 319.0 3.0648207623200143 6.206413415909807 36.0 
297.0 314.0 3.0648207623200143 6.206413415909807 36.0 
297.0 315.0 3.0648207623200143 6.206413415909807 36.0 
297.0 316.0 3.0648207623200143 6.206413415909807 36.0 
297.0 317.0 3.0648207623200143 6.206413415909807 36.0 
297.0 318.0 3.0648207623200143 6.206413415909807 36.0 
297.0 319.0 3.0648207623200143 6.206413415909807 36.0 
298.0 316.0 3.0648207623200143 6.206413415909807 36.0 
298.0 317.0 3.0648207623200143 6.206413415909807 36.0 
298.0 318.0 3.0648207623200143 6.206413415909807 36.0 
298.0 319.0 3.0648207623200143 6.206413415909807 36.0 
312.0 312.0 3.076112628666329 6.217705282256122 44.0 
312.0 313.0 3.076112628666329 6.217705282256122 44.0 
312.0 314.0 3.076112628666329 6.217705282256122 44.0 
313.0 312.0 3.076112628666329 6.217705282256122 44.0 
313.0 313.0 3.076112628666329 6.217705282256122 44.0 
313.0 314.0 3.076112628666329 6.217705282256122 44.0 
313.0 315.0 3.076112628666329 6.217705282256122 44.0 
313.0 316.0 3.076112628666329 6.217705282256122 44.0 
313.0 317.0 3.076112628666329 6.217705282256122 44.0 
314.0 312.0 3.076112628666329 6.217705282256122 44.0 
314.0 313.0 3.076112628666329 6.217705282256122 44.0 
314.0 314.0 3.076112628666329 6.217705282256122 44.0 
314.0 315.0 3.076112628666329 6.217705282256122 44.0 
314.0 316.0 3.076112628666329 6.217705282256122 44.0 
314.0 317.0 3.076112628666329 6.217705282256122 44.0 
315.0 312.0 3.076112628666329 6.217705282256122 44.0 
315.0 313.0 3.076112628666329 6.217705282256122 44.0 
315.0 314.0 3.076112628666329 6.217705282256122 44.0 
315.0 315.0 3.076112628666329 6.217705282256122 44.0 
315.0 316.0 3.076112628666329 6.217705282256122 44.0 
315.0 317.0 3.076112628666329 6.217705282256122 44.0 
316.0 312.0 3.076112628666329 6.217705282256122 44.0 
316.0 313.0 3.076112628666329 6.217705282256122 44.0 
316.0 314.0 3.076112628666329 6.217705282256122 44.0 
316.0 315.0 3.076112628666329 6.217705282256122 44.0 
316.0 316.0 3.076112628666329 6.217705282256122 44.0 
316.0 317.0 3.076112628666329 6.217705282256122 44.0 
317.0 312.0 3.076112628666329 6.217705282256122 44.0 
317.0 313.0 3.076112628666329 6.217705282256122 44.0 
317.0 314.0 3.076112628666329 6.217705282256122 44.0 
317.0 315.0 3.076112628666329 6.217705282256122 44.0 
317.0 316.0 3.076112628666329 6.217705282256122 44.0 
317.0 317.0 3.076112628666329 6.217705282256122 44.0 
318.0 312.0 3.076112628666329 6.217705282256122 44.0 
318.0 313.0 3.076112628666329 6.217705282256122 44.0 
318.0 314.0 3.076112628666329 6.217705282256122 44.0 
318.0 315.0 3.076112628666329 6.217705282256122 44.0 
318.0 316.0 3.076112628666329 6.217705282256122 44.0 
318.0 317.0 3.076112628666329 6.217705282256122 44.0 
319.0 312.0 3.076112628666329 6.217705282256122 44.0 
319.0 313.0 3.076112628666329 6.217705282256122 44.0 
319.0 314.0 3.076112628666329 6.217705282256122 44.0 
319.0 315.0 3.076112628666329 6.217705282256122 44.0 
319.0 316.0 3.076112628666329 6.217705282256122 44.0 
319.0 317.0 3.076112628666329 6.217705282256122 44.0 
320.0 312.0 3.076112628666329 6.217705282256122 44.0 
320.0 313.0 3.076112628666329 6.217705282256122 44.0 
320.0 314.0 3.076112628666329 6.217705282256122 44.0 
320.0 315.0 3.076112628666329 6.217705282256122 44.0 
320.0 316.0 3.076112628666329 6.217705282256122 44.0 
320.0 317.0 3.076112628666329 6.217705282256122 44.0 
321.0 312.0 3.076112628666329 6.217705282256122 44.0 
321.0 313.0 3.076112628666329 6.217705282256122 44.0 
321.0 314.0 3.076112628666329 6.217705282256122 44.0 
321.0 315.0 3.076112628666329 6.217705282256122 44.0 
321.0 316.0 3.076112628666329 6.217705282256122 44.0 
321.0 317.0 3.076112628666329 6.217705282256122 44.0 
322.0 312.0 3.076112628666329 6.217705282256122 44.0 
322.0 313.0 3.076112628666329 6.217705282256122 44.0 
322.0 314.0 3.076112628666329 6.217705282256122 44.0 
322.0 315.0 3.076112628666329 6.217705282256122 44.0 
322.0 316.0 3.076112628666329 6.217705282256122 44.0 
322.0 317.0 3.076112628666329 6.217705282256122 44.0 
323.0 312.0 3.076112628666329 6.217705282256122 44.0 
323.0 313.0 3.076112628666329 6.217705282256122 44.0 
323.0 314.0 3.076112628666329 6.217705282256122 44.0 
323.0 315.0 3.076112628666329 6.217705282256122 44.0 
323.0 316.0 3.076112628666329 6.217705282256122 44.0 
323.0 317.0 3.076112628666329 6.217705282256122 44.0 
324.0 312.0 3.076112628666329 6.217705282256122 44.0 
324.0 313.0 3.076112628666329 6.217705282256122 44.0 
324.0 314.0 3.076112628666329 6.217705282256122 44.0 
324.0 315.0 3.076112628666329 6.217705282256122 44.0 
324.0 316.0 3.076112628666329 6.217705282256122 44.0 
324.0 317.0 3.076112628666329 6.217705282256122 44.0 
325.0 312.0 3.076112628666329 6.217705282256122 44.0 
325.0 313.0 3.076112628666329 6.217705282256122 44.0 
325.0 314.0 3.076112628666329 6.217705282256122 44.0 
325.0 315.0 3.076112628666329 6.217705282256122 44.0 
325.0 316.0 3.076112628666329 6.217705282256122 44.0 
325.0 317.0 3.076112628666329 6.217705282256122 44.0 
326.0 312.0 3.076112628666329 6.217705282256122 44.0 
326.0 313.0 3.076112628666329 6.217705282256122 44.0 
326.0 314.0 3.076112628666329 6.217705282256122 44.0 
326.0 315.0 3.076112628666329 6.217705282256122 44.0 
326.0 316.0 3.076112628666329 6.217705282256122 44.0 
326.0 317.0 3.076112628666329 6.217705282256122 44.0 
327.0 312.0 3.076112628666329 6.217705282256122 44.0 
327.0 313.0 3.076112628666329 6.217705282256122 44.0 
327.0 314.0 3.076112628666329 6.217705282256122 44.0 
327.0 315.0 3.076112628666329 6.217705282256122 44.0 
327.0 316.0 3.076112628666329 6.217705282256122 44.0 
327.0 317.0 3.076112628666329 6.217705282256122 44.0 
328.0 311.0 3.076112628666329 6.217705282256122 44.0 
328.0 312.0 3.076112628666329 6.217705282256122 44.0 
328.0 313.0 3.076112628666329 6.217705282256122 44.0 
328.0 314.0 3.076112628666329 6.217705282256122 44.0 
328.0 315.0 3.076112628666329 6.217705282256122 44.0 
328.0 316.0 3.076112628666329 6.217705282256122 44.0 
329.0 311.0 3.076112628666329 6.217705282256122 44.0 
329.0 312.0 3.076112628666329 6.217705282256122 44.0 
329.0 313.0 3.076112628666329 6.217705282256122 44.0 
329.0 314.0 3.076112628666329 6.217705282256122 44.0 
329.0 315.0 3.076112628666329 6.217705282256122 44.0 
329.0 316.0 3.076112628666329 6.217705282256122 44.0 
330.0 311.0 3.076112628666329 6.217705282256122 44.0 
330.0 312.0 3.076112628666329 6.217705282256122 44.0 
330.0 313.0 3.076112628666329 6.217705282256122 44.0 
330.0 314.0 3.076112628666329 6.217705282256122 44.0 
330.0 315.0 3.076112628666329 6.217705282256122 44.0 
330.0 316.0 3.076112628666329 6.217705282256122 44.0 
331.0 311.0 3.076112628666329 6.217705282256122 44.0 
331.0 312.0 3.076112628666329 6.217705282256122 44.0 
331.0 313.0 3.076112628666329 6.217705282256122 44.0 
331.0 314.0 3.076112628666329 6.217705282256122 44.0 
331.0 315.0 3.076112628666329 6.217705282256122 44.0 
331.0 316.0 3.076112628666329 6.217705282256122 44.0 
332.0 311.0 3.076112628666329 6.217705282256122 44.0 
332.0 312.0 3.076112628666329 6.217705282256122 44.0 
332.0 313.0 3.076112628666329 6.217705282256122 44.0 
332.0 314.0 3.076112628666329 6.217705282256122 44.0 
332.0 315.0 3.076112628666329 6.217705282256122 44.0 
332.0 316.0 3.076112628666329 6.217705282256122 44.0 
333.0 311.0 3.076112628666329 6.217705282256122 44.0 
333.0 312.0 3.076112628666329 6.217705282256122 44.0 
333.0 313.0 3.076112628666329 6.217705282256122 44.0 
333.0 314.0 3.076112628666329 6.217705282256122 44.0 
333.0 315.0 3.076112628666329 6.217705282256122 44.0 
333.0 316.0 3.076112628666329 6.217705282256122 44.0 
334.0 311.0 3.076112628666329 6.217705282256122 44.0 
334.0 312.0 3.076112628666329 6.217705282256122 44.0 
334.0 313.0 3.076112628666329 6.217705282256122 44.0 
334.0 314.0 3.076112628666329 6.217705282256122 44.0 
334.0 315.0 3.076112628666329 6.217705282256122 44.0 
334.0 316.0 3.076112628666329 6.217705282256122 44.0 
335.0 311.0 3.076112628666329 6.217705282256122 44.0 
335.0 312.0 3.076112628666329 6.217705282256122 44.0 
335.0 313.0 3.076112628666329 6.217705282256122 44.0 
335.0 314.0 3.076112628666329 6.217705282256122 44.0 
335.0 315.0 3.076112628666329 6.217705282256122 44.0 
335.0 316.0 3.076112628666329 6.217705282256122 44.0 
336.0 311.0 3.076112628666329 6.217705282256122 44.0 
336.0 312.0 3.076112628666329 6.217705282256122 44.0 
336.0 313.0 3.076112628666329 6.217705282256122 44.0 
336.0 314.0 3.076112628666329 6.217705282256122 44.0 
336.0 315.0 3.076112628666329 6.217705282256122 44.0 
336.0 316.0 3.076112628666329 6.217705282256122 44.0 
337.0 311.0 3.076112628666329 6.217705282256122 44.0 
337.0 312.0 3.076112628666329 6.217705282256122 44.0 
337.0 313.0 3.076112628666329 6.217705282256122 44.0 
337.0 314.0 3.076112628666329 6.217705282256122 44.0 
337.0 315.0 3.076112628666329 6.217705282256122 44.0 
337.0 316.0 3.076112628666329 6.217705282256122 44.0 
338.0 311.0 3.076112628666329 6.217705282256122 44.0 
338.0 312.0 3.076112628666329 6.217705282256122 44.0 
338.0 313.0 3.076112628666329 6.217705282256122 44.0 
338.0 314.0 3.076112628666329 6.217705282256122 44.0 
338.0 315.0 3.076112628666329 6.217705282256122 44.0 
338.0 316.0 3.076112628666329 6.217705282256122 44.0 
339.0 311.0 3.076112628666329 6.217705282256122 44.0 
339.0 312.0 3.076112628666329 6.217705282256122 44.0 
339.0 313.0 3.076112628666329 6.217705282256122 44.0 
339.0 314.0 3.076112628666329 6.217705282256122 44.0 
339.0 315.0 3.076112628666329 6.217705282256122 44.0 
339.0 316.0 3.076112628666329 6.217705282256122 44.0 
340.0 311.0 3.076112628666329 6.217705282256122 44.0 
340.0 312.0 3.076112628666329 6.217705282256122 44.0 
340.0 313.0 3.076112628666329 6.217705282256122 44.0 
340.0 314.0 3.076112628666329 6.217705282256122 44.0 
340.0 315.0 3.076112628666329 6.217705282256122 44.0 
340.0 316.0 3.076112628666329 6.217705282256122 44.0 
341.0 311.0 3.076112628666329 6.217705282256122 44.0 
341.0 312.0 3.076112628666329 6.217705282256122 44.0 
341.0 313.0 3.076112628666329 6.217705282256122 44.0 
341.0 314.0 3.076112628666329 6.217705282256122 44.0 
341.0 315.0 3.076112628666329 6.217705282256122 44.0 
341.0 316.0 3.076112628666329 6.217705282256122 44.0 
342.0 311.0 3.076112628666329 6.217705282256122 44.0 
342.0 312.0 3.076112628666329 6.217705282256122 44.0 
342.0 313.0 3.076112628666329 6.217705282256122 44.0 
342.0 314.0 3.076112628666329 6.217705282256122 44.0 
342.0 315.0 3.076112628666329 6.217705282256122 44.0 
342.0 316.0 3.076112628666329 6.217705282256122 44.0 
343.0 310.0 3.076112628666329 6.217705282256122 44.0 
343.0 311.0 3.076112628666329 6.217705282256122 44.0 
343.0 312.0 3.076112628666329 6.217705282256122 44.0 
343.0 313.0 3.076112628666329 6.217705282256122 44.0 
343.0 314.0 3.076112628666329 6.217705282256122 44.0 
343.0 315.0 3.076112628666329 6.217705282256122 44.0 
344.0 310.0 3.076112628666329 6.217705282256122 44.0 
344.0 311.0 3.076112628666329 6.217705282256122 44.0 
344.0 312.0 3.076112628666329 6.217705282256122 44.0 
344.0 313.0 3.076112628666329 6.217705282256122 44.0 
344.0 314.0 3.076112628666329 6.217705282256122 44.0 
344.0 315.0 3.076112628666329 6.217705282256122 44.0 
345.0 310.0 3.076112628666329 6.217705282256122 44.0 
345.0 311.0 3.076112628666329 6.217705282256122 44.0 
345.0 312.0 3.076112628666329 6.217705282256122 44.0 
345.0 313.0 3.076112628666329 6.217705282256122 44.0 
345.0 314.0 3.076112628666329 6.217705282256122 44.0 
345.0 315.0 3.076112628666329 6.217705282256122 44.0 
346.0 310.0 3.076112628666329 6.217705282256122 44.0 
346.0 311.0 3.076112628666329 6.217705282256122 44.0 
346.0 312.0 3.076112628666329 6.217705282256122 44.0 
346.0 313.0 3.076112628666329 6.217705282256122 44.0 
346.0 314.0 3.076112628666329 6.217705282256122 44.0 
346.0 315.0 3.076112628666329 6.217705282256122 44.0 
347.0 310.0 3.076112628666329 6.217705282256122 44.0 
347.0 311.0 3.076112628666329 6.217705282256122 44.0 
347.0 312.0 3.076112628666329 6.217705282256122 44.0 
347.0 313.0 3.076112628666329 6.217705282256122 44.0 
347.0 314.0 3.076112628666329 6.217705282256122 44.0 
347.0 315.0 3.076112628666329 6.217705282256122 44.0 
348.0 310.0 3.076112628666329 6.217705282256122 44.0 
348.0 311.0 3.076112628666329 6.217705282256122 44.0 
348.0 312.0 3.076112628666329 6.217705282256122 44.0 
348.0 313.0 3.076112628666329 6.217705282256122 44.0 
348.0 314.0 3.076112628666329 6.217705282256122 44.0 
348.0 315.0 3.076112628666329 6.217705282256122 44.0 
349.0 310.0 3.076112628666329 6.217705282256122 44.0 
349.0 311.0 3.076112628666329 6.217705282256122 44.0 
349.0 312.0 3.076112628666329 6.217705282256122 44.0 
349.0 313.0 3.076112628666329 6.217705282256122 44.0 
349.0 314.0 3.076112628666329 6.217705282256122 44.0 
349.0 315.0 3.076112628666329 6.217705282256122 44.0 
350.0 310.0 3.076112628666329 6.217705282256122 44.0 
350.0 311.0 3.076112628666329 6.217705282256122 44.0 
350.0 312.0 3.076112628666329 6.217705282256122 44.0 
350.0 313.0 3.076112628666329 6.217705282256122 44.0 
350.0 314.0 3.076112628666329 6.217705282256122 44.0 
350.0 315.0 3.076112628666329 6.217705282256122 44.0 
351.0 310.0 3.076112628666329 6.217705282256122 44.0 
351.0 311.0 3.076112628666329 6.217705282256122 44.0 
351.0 312.0 3.076112628666329 6.217705282256122 44.0 
351.0 313.0 3.076112628666329 6.217705282256122 44.0 
351.0 314.0 3.076112628666329 6.217705282256122 44.0 
351.0 315.0 3.076112628666329 6.217705282256122 44.0 
352.0 310.0 3.076112628666329 6.217705282256122 44.0 
352.0 311.0 3.076112628666329 6.217705282256122 44.0 
352.0 312.0 3.076112628666329 6.217705282256122 44.0 
352.0 313.0 3.076112628666329 6.217705282256122 44.0 
352.0 314.0 3.076112628666329 6.217705282256122 44.0 
352.0 315.0 3.076112628666329 6.217705282256122 44.0 
353.0 310.0 3.076112628666329 6.217705282256122 44.0 
353.0 311.0 3.076112628666329 6.217705282256122 44.0 
353.0 312.0 3.076112628666329 6.217705282256122 44.0 
353.0 313.0 3.076112628666329 6.217705282256122 44.0 
353.0 314.0 3.076112628666329 6.217705282256122 44.0 
353.0 315.0 3.076112628666329 6.217705282256122 44.0 
354.0 310.0 3.076112628666329 6.217705282256122 44.0 
354.0 311.0 3.076112628666329 6.217705282256122 44.0 
354.0 312.0 3.076112628666329 6.217705282256122 44.0 
354.0 313.0 3.076112628666329 6.217705282256122 44.0 
354.0 314.0 3.076112628666329 6.217705282256122 44.0 
354.0 315.0 3.076112628666329 6.217705282256122 44.0 
355.0 310.0 3.076112628666329 6.217705282256122 44.0 
355.0 311.0 3.076112628666329 6.217705282256122 44.0 
355.0 312.0 3.076112628666329 6.217705282256122 44.0 
355.0 313.0 3.076112628666329 6.217705282256122 44.0 
355.0 314.0 3.076112628666329 6.217705282256122 44.0 
355.0 315.0 3.076112628666329 6.217705282256122 44.0 
356.0 310.0 3.076112628666329 6.217705282256122 44.0 
356.0 311.0 3.076112628666329 6.217705282256122 44.0 
356.0 312.0 3.076112628666329 6.217705282256122 44.0 
356.0 313.0 3.076112628666329 6.217705282256122 44.0 
356.0 314.0 3.076112628666329 6.217705282256122 44.0 
356.0 315.0 3.076112628666329 6.217705282256122 44.0 
357.0 310.0 3.076112628666329 6.217705282256122 44.0 
357.0 311.0 3.076112628666329 6.217705282256122 44.0 
357.0 312.0 3.076112628666329 6.217705282256122 44.0 
357.0 313.0 3.076112628666329 6.217705282256122 44.0 
357.0 314.0 3.076112628666329 6.217705282256122 44.0 
357.0 315.0 3.076112628666329 6.217705282256122 44.0 
358.0 309.0 3.076112628666329 6.217705282256122 44.0 
358.0 310.0 3.076112628666329 6.217705282256122 44.0 
358.0 311.0 3.076112628666329 6.217705282256122 44.0 
358.0 312.0 3.076112628666329 6.217705282256122 44.0 
358.0 313.0 3.076112628666329 6.217705282256122 44.0 
358.0 314.0 3.076112628666329 6.217705282256122 44.0 
359.0 309.0 3.076112628666329 6.217705282256122 44.0 
359.0 310.0 3.076112628666329 6.217705282256122 44.0 
359.0 311.0 3.076112628666329 6.217705282256122 44.0 
359.0 312.0 3.076112628666329 6.217705282256122 44.0 
359.0 313.0 3.076112628666329 6.217705282256122 44.0 
359.0 314.0 3.076112628666329 6.217705282256122 44.0 
360.0 309.0 3.076112628666329 6.217705282256122 44.0 
360.0 310.0 3.076112628666329 6.217705282256122 44.0 
360.0 311.0 3.076112628666329 6.217705282256122 44.0 
360.0 312.0 3.076112628666329 6.217705282256122 44.0 
360.0 313.0 3.076112628666329 6.217705282256122 44.0 
360.0 314.0 3.076112628666329 6.217705282256122 44.0 
361.0 309.0 3.076112628666329 6.217705282256122 44.0 
361.0 310.0 3.076112628666329 6.217705282256122 44.0 
361.0 311.0 3.076112628666329 6.217705282256122 44.0 
361.0 312.0 3.076112628666329 6.217705282256122 44.0 
361.0 313.0 3.076112628666329 6.217705282256122 44.0 
361.0 314.0 3.076112628666329 6.217705282256122 44.0 
362.0 309.0 3.076112628666329 6.217705282256122 44.0 
362.0 310.0 3.076112628666329 6.217705282256122 44.0 
362.0 311.0 3.076112628666329 6.217705282256122 44.0 
362.0 312.0 3.076112628666329 6.217705282256122 44.0 
362.0 313.0 3.076112628666329 6.217705282256122 44.0 
362.0 314.0 3.076112628666329 6.217705282256122 44.0 
363.0 309.0 3.076112628666329 6.217705282256122 44.0 
363.0 310.0 3.076112628666329 6.217705282256122 44.0 
363.0 311.0 3.076112628666329 6.217705282256122 44.0 
363.0 312.0 3.076112628666329 6.217705282256122 44.0 
363.0 313.0 3.076112628666329 6.217705282256122 44.0 
363.0 314.0 3.076112628666329 6.217705282256122 44.0 
364.0 309.0 3.076112628666329 6.217705282256122 44.0 
364.0 310.0 3.076112628666329 6.217705282256122 44.0 
364.0 311.0 3.076112628666329 6.217705282256122 44.0 
364.0 312.0 3.076112628666329 6.217705282256122 44.0 
364.0 313.0 3.076112628666329 6.217705282256122 44.0 
364.0 314.0 3.076112628666329 6.217705282256122 44.0 
365.0 309.0 3.076112628666329 6.217705282256122 44.0 
365.0 310.0 3.076112628666329 6.217705282256122 44.0 
365.0 311.0 3.076112628666329 6.217705282256122 44.0 
365.0 312.0 3.076112628666329 6.217705282256122 44.0 
365.0 313.0 3.076112628666329 6.217705282256122 44.0 
365.0 314.0 3.076112628666329 6.217705282256122 44.0 
366.0 309.0 3.076112628666329 6.217705282256122 44.0 
366.0 310.0 3.076112628666329 6.217705282256122 44.0 
366.0 311.0 3.076112628666329 6.217705282256122 44.0 
366.0 312.0 3.076112628666329 6.217705282256122 44.0 
366.0 313.0 3.076112628666329 6.217705282256122 44.0 
366.0 314.0 3.076112628666329 6.217705282256122 44.0 
367.0 309.0 3.076112628666329 6.217705282256122 44.0 
367.0 310.0 3.076112628666329 6.217705282256122 44.0 
367.0 311.0 3.076112628666329 6.217705282256122 44.0 
367.0 312.0 3.076112628666329 6.217705282256122 44.0 
367.0 313.0 3.076112628666329 6.217705282256122 44.0 
367.0 314.0 3.076112628666329 6.217705282256122 44.0 
368.0 309.0 3.076112628666329 6.217705282256122 44.0 
368.0 310.0 3.076112628666329 6.217705282256122 44.0 
368.0 311.0 3.076112628666329 6.217705282256122 44.0 
368.0 312.0 3.076112628666329 6.217705282256122 44.0 
368.0 313.0 3.076112628666329 6.217705282256122 44.0 
368.0 314.0 3.076112628666329 6.217705282256122 44.0 
369.0 309.0 3.076112628666329 6.217705282256122 44.0 
369.0 310.0 3.076112628666329 6.217705282256122 44.0 
369.0 311.0 3.076112628666329 6.217705282256122 44.0 
369.0 312.0 3.076112628666329 6.217705282256122 44.0 
369.0 313.0 3.076112628666329 6.217705282256122 44.0 
369.0 314.0 3.076112628666329 6.217705282256122 44.0 
370.0 309.0 3.076112628666329 6.217705282256122 44.0 
370.0 310.0 3.076112628666329 6.217705282256122 44.0 
370.0 311.0 3.076112628666329 6.217705282256122 44.0 
370.0 312.0 3.076112628666329 6.217705282256122 44.0 
370.0 313.0 3.076112628666329 6.217705282256122 44.0 
370.0 314.0 3.076112628666329 6.217705282256122 44.0 
371.0 309.0 3.076112628666329 6.217705282256122 44.0 
371.0 310.0 3.076112628666329 6.217705282256122 44.0 
371.0 311.0 3.076112628666329 6.217705282256122 44.0 
371.0 312.0 3.076112628666329 6.217705282256122 44.0 
371.0 313.0 3.076112628666329 6.217705282256122 44.0 
371.0 314.0 3.076112628666329 6.217705282256122 44.0 
372.0 309.0 3.076112628666329 6.217705282256122 44.0 
372.0 310.0 3.076112628666329 6.217705282256122 44.0 
372.0 311.0 3.076112628666329 6.217705282256122 44.0 
372.0 312.0 3.076112628666329 6.217705282256122 44.0 
372.0 313.0 3.076112628666329 6.217705282256122 44.0 
372.0 314.0 3.076112628666329 6.217705282256122 44.0 
373.0 311.0 3.076112628666329 6.217705282256122 44.0 
373.0 312.0 3.076112628666329 6.217705282256122 44.0 
373.0 313.0 3.076112628666329 6.217705282256122 44.0 
373.0 314.0 3.076112628666329 6.217705282256122 44.0 
