262.0 257.0 3.3771376343106563 0.2355449807208628 28.0 
262.0 258.0 3.3771376343106563 0.2355449807208628 28.0 
263.0 257.0 3.3771376343106563 0.2355449807208628 28.0 
263.0 258.0 3.3771376343106563 0.2355449807208628 28.0 
264.0 257.0 3.3771376343106563 0.2355449807208628 28.0 
264.0 258.0 3.3771376343106563 0.2355449807208628 28.0 
265.0 257.0 3.3771376343106563 0.2355449807208628 28.0 
265.0 258.0 3.3771376343106563 0.2355449807208628 28.0 
266.0 257.0 3.3771376343106563 0.2355449807208628 28.0 
266.0 258.0 3.3771376343106563 0.2355449807208628 28.0 
267.0 258.0 3.3771376343106563 0.2355449807208628 28.0 
267.0 259.0 3.3771376343106563 0.2355449807208628 28.0 
268.0 258.0 3.3771376343106563 0.2355449807208628 28.0 
268.0 259.0 3.3771376343106563 0.2355449807208628 28.0 
269.0 258.0 3.3771376343106563 0.2355449807208628 28.0 
269.0 259.0 3.3771376343106563 0.2355449807208628 28.0 
270.0 258.0 3.3771376343106563 0.2355449807208628 28.0 
270.0 259.0 3.3771376343106563 0.2355449807208628 28.0 
271.0 259.0 3.3771376343106563 0.2355449807208628 28.0 
271.0 260.0 3.3771376343106563 0.2355449807208628 28.0 
272.0 259.0 3.3771376343106563 0.2355449807208628 28.0 
272.0 260.0 3.3771376343106563 0.2355449807208628 28.0 
273.0 259.0 3.3771376343106563 0.2355449807208628 28.0 
273.0 260.0 3.3771376343106563 0.2355449807208628 28.0 
274.0 259.0 3.3771376343106563 0.2355449807208628 28.0 
274.0 260.0 3.3771376343106563 0.2355449807208628 28.0 
275.0 260.0 3.3771376343106563 0.2355449807208628 28.0 
275.0 261.0 3.3771376343106563 0.2355449807208628 28.0 
276.0 260.0 3.3771376343106563 0.2355449807208628 28.0 
276.0 261.0 3.3771376343106563 0.2355449807208628 28.0 
277.0 260.0 3.3771376343106563 0.2355449807208628 28.0 
277.0 261.0 3.3771376343106563 0.2355449807208628 28.0 
278.0 260.0 3.3771376343106563 0.2355449807208628 28.0 
278.0 261.0 3.3771376343106563 0.2355449807208628 28.0 
279.0 261.0 3.3771376343106563 0.2355449807208628 28.0 
279.0 262.0 3.3771376343106563 0.2355449807208628 28.0 
280.0 261.0 3.3771376343106563 0.2355449807208628 28.0 
280.0 262.0 3.3771376343106563 0.2355449807208628 28.0 
281.0 261.0 3.3771376343106563 0.2355449807208628 28.0 
281.0 262.0 3.3771376343106563 0.2355449807208628 28.0 
282.0 261.0 3.3771376343106563 0.2355449807208628 28.0 
282.0 262.0 3.3771376343106563 0.2355449807208628 28.0 
283.0 262.0 3.3771376343106563 0.2355449807208628 28.0 
283.0 263.0 3.3771376343106563 0.2355449807208628 28.0 
284.0 262.0 3.3771376343106563 0.2355449807208628 28.0 
284.0 263.0 3.3771376343106563 0.2355449807208628 28.0 
285.0 262.0 3.3771376343106563 0.2355449807208628 28.0 
285.0 263.0 3.3771376343106563 0.2355449807208628 28.0 
286.0 262.0 3.3771376343106563 0.2355449807208628 28.0 
286.0 263.0 3.3771376343106563 0.2355449807208628 28.0 
287.0 262.0 3.3771376343106563 0.2355449807208628 28.0 
224.0 274.0 2.506565918199479 5.648158571789272 28.0 
225.0 274.0 2.506565918199479 5.648158571789272 28.0 
225.0 275.0 2.506565918199479 5.648158571789272 28.0 
226.0 273.0 2.506565918199479 5.648158571789272 28.0 
226.0 274.0 2.506565918199479 5.648158571789272 28.0 
227.0 272.0 2.506565918199479 5.648158571789272 28.0 
227.0 273.0 2.506565918199479 5.648158571789272 28.0 
227.0 274.0 2.506565918199479 5.648158571789272 28.0 
228.0 271.0 2.506565918199479 5.648158571789272 28.0 
228.0 272.0 2.506565918199479 5.648158571789272 28.0 
228.0 273.0 2.506565918199479 5.648158571789272 28.0 
229.0 271.0 2.506565918199479 5.648158571789272 28.0 
229.0 272.0 2.506565918199479 5.648158571789272 28.0 
230.0 270.0 2.506565918199479 5.648158571789272 28.0 
230.0 271.0 2.506565918199479 5.648158571789272 28.0 
231.0 269.0 2.506565918199479 5.648158571789272 28.0 
231.0 270.0 2.506565918199479 5.648158571789272 28.0 
231.0 271.0 2.506565918199479 5.648158571789272 28.0 
232.0 268.0 2.506565918199479 5.648158571789272 28.0 
232.0 269.0 2.506565918199479 5.648158571789272 28.0 
232.0 270.0 2.506565918199479 5.648158571789272 28.0 
233.0 268.0 2.506565918199479 5.648158571789272 28.0 
233.0 269.0 2.506565918199479 5.648158571789272 28.0 
234.0 267.0 2.506565918199479 5.648158571789272 28.0 
234.0 268.0 2.506565918199479 5.648158571789272 28.0 
235.0 266.0 2.506565918199479 5.648158571789272 28.0 
235.0 267.0 2.506565918199479 5.648158571789272 28.0 
235.0 268.0 2.506565918199479 5.648158571789272 28.0 
236.0 265.0 2.506565918199479 5.648158571789272 28.0 
236.0 266.0 2.506565918199479 5.648158571789272 28.0 
236.0 267.0 2.506565918199479 5.648158571789272 28.0 
237.0 265.0 2.506565918199479 5.648158571789272 28.0 
237.0 266.0 2.506565918199479 5.648158571789272 28.0 
238.0 264.0 2.506565918199479 5.648158571789272 28.0 
238.0 265.0 2.506565918199479 5.648158571789272 28.0 
239.0 263.0 2.506565918199479 5.648158571789272 28.0 
239.0 264.0 2.506565918199479 5.648158571789272 28.0 
239.0 265.0 2.506565918199479 5.648158571789272 28.0 
240.0 262.0 2.506565918199479 5.648158571789272 28.0 
240.0 263.0 2.506565918199479 5.648158571789272 28.0 
240.0 264.0 2.506565918199479 5.648158571789272 28.0 
241.0 262.0 2.506565918199479 5.648158571789272 28.0 
241.0 263.0 2.506565918199479 5.648158571789272 28.0 
242.0 261.0 2.506565918199479 5.648158571789272 28.0 
242.0 262.0 2.506565918199479 5.648158571789272 28.0 
243.0 261.0 2.506565918199479 5.648158571789272 28.0 
243.0 262.0 2.506565918199479 5.648158571789272 28.0 
256.0 292.0 2.870645803251373 6.012238456841166 32.0 
256.0 293.0 2.870645803251373 6.012238456841166 32.0 
257.0 292.0 2.870645803251373 6.012238456841166 32.0 
257.0 293.0 2.870645803251373 6.012238456841166 32.0 
257.0 294.0 2.870645803251373 6.012238456841166 32.0 
257.0 295.0 2.870645803251373 6.012238456841166 32.0 
258.0 292.0 2.870645803251373 6.012238456841166 32.0 
258.0 293.0 2.870645803251373 6.012238456841166 32.0 
258.0 294.0 2.870645803251373 6.012238456841166 32.0 
258.0 295.0 2.870645803251373 6.012238456841166 32.0 
259.0 292.0 2.870645803251373 6.012238456841166 32.0 
259.0 293.0 2.870645803251373 6.012238456841166 32.0 
259.0 294.0 2.870645803251373 6.012238456841166 32.0 
259.0 295.0 2.870645803251373 6.012238456841166 32.0 
260.0 291.0 2.870645803251373 6.012238456841166 32.0 
260.0 292.0 2.870645803251373 6.012238456841166 32.0 
260.0 293.0 2.870645803251373 6.012238456841166 32.0 
260.0 294.0 2.870645803251373 6.012238456841166 32.0 
261.0 291.0 2.870645803251373 6.012238456841166 32.0 
261.0 292.0 2.870645803251373 6.012238456841166 32.0 
261.0 293.0 2.870645803251373 6.012238456841166 32.0 
261.0 294.0 2.870645803251373 6.012238456841166 32.0 
262.0 291.0 2.870645803251373 6.012238456841166 32.0 
262.0 292.0 2.870645803251373 6.012238456841166 32.0 
262.0 293.0 2.870645803251373 6.012238456841166 32.0 
262.0 294.0 2.870645803251373 6.012238456841166 32.0 
263.0 290.0 2.870645803251373 6.012238456841166 32.0 
263.0 291.0 2.870645803251373 6.012238456841166 32.0 
263.0 292.0 2.870645803251373 6.012238456841166 32.0 
263.0 293.0 2.870645803251373 6.012238456841166 32.0 
263.0 294.0 2.870645803251373 6.012238456841166 32.0 
264.0 290.0 2.870645803251373 6.012238456841166 32.0 
264.0 291.0 2.870645803251373 6.012238456841166 32.0 
264.0 292.0 2.870645803251373 6.012238456841166 32.0 
264.0 293.0 2.870645803251373 6.012238456841166 32.0 
265.0 290.0 2.870645803251373 6.012238456841166 32.0 
265.0 291.0 2.870645803251373 6.012238456841166 32.0 
265.0 292.0 2.870645803251373 6.012238456841166 32.0 
265.0 293.0 2.870645803251373 6.012238456841166 32.0 
266.0 290.0 2.870645803251373 6.012238456841166 32.0 
266.0 291.0 2.870645803251373 6.012238456841166 32.0 
266.0 292.0 2.870645803251373 6.012238456841166 32.0 
266.0 293.0 2.870645803251373 6.012238456841166 32.0 
267.0 289.0 2.870645803251373 6.012238456841166 32.0 
267.0 290.0 2.870645803251373 6.012238456841166 32.0 
267.0 291.0 2.870645803251373 6.012238456841166 32.0 
267.0 292.0 2.870645803251373 6.012238456841166 32.0 
267.0 293.0 2.870645803251373 6.012238456841166 32.0 
268.0 289.0 2.870645803251373 6.012238456841166 32.0 
268.0 290.0 2.870645803251373 6.012238456841166 32.0 
268.0 291.0 2.870645803251373 6.012238456841166 32.0 
268.0 292.0 2.870645803251373 6.012238456841166 32.0 
269.0 289.0 2.870645803251373 6.012238456841166 32.0 
269.0 290.0 2.870645803251373 6.012238456841166 32.0 
269.0 291.0 2.870645803251373 6.012238456841166 32.0 
269.0 292.0 2.870645803251373 6.012238456841166 32.0 
270.0 289.0 2.870645803251373 6.012238456841166 32.0 
270.0 290.0 2.870645803251373 6.012238456841166 32.0 
270.0 291.0 2.870645803251373 6.012238456841166 32.0 
270.0 292.0 2.870645803251373 6.012238456841166 32.0 
271.0 288.0 2.870645803251373 6.012238456841166 32.0 
271.0 289.0 2.870645803251373 6.012238456841166 32.0 
271.0 290.0 2.870645803251373 6.012238456841166 32.0 
271.0 291.0 2.870645803251373 6.012238456841166 32.0 
272.0 288.0 2.870645803251373 6.012238456841166 32.0 
272.0 289.0 2.870645803251373 6.012238456841166 32.0 
272.0 290.0 2.870645803251373 6.012238456841166 32.0 
272.0 291.0 2.870645803251373 6.012238456841166 32.0 
273.0 288.0 2.870645803251373 6.012238456841166 32.0 
273.0 289.0 2.870645803251373 6.012238456841166 32.0 
273.0 290.0 2.870645803251373 6.012238456841166 32.0 
273.0 291.0 2.870645803251373 6.012238456841166 32.0 
274.0 289.0 2.870645803251373 6.012238456841166 32.0 
274.0 290.0 2.870645803251373 6.012238456841166 32.0 
274.0 291.0 2.870645803251373 6.012238456841166 32.0 
277 288 2.589937671061247 32.0 
277 289 2.589937671061247 32.0 
278 288 2.589937671061247 32.0 
278 289 2.589937671061247 32.0 
278 290 2.589937671061247 32.0 
278 291 2.589937671061247 32.0 
279 287 2.589937671061247 32.0 
279 288 2.589937671061247 32.0 
279 289 2.589937671061247 32.0 
279 290 2.589937671061247 32.0 
279 291 2.589937671061247 32.0 
280 286 2.589937671061247 32.0 
280 287 2.589937671061247 32.0 
280 288 2.589937671061247 32.0 
280 289 2.589937671061247 32.0 
280 290 2.589937671061247 32.0 
281 286 2.589937671061247 32.0 
281 287 2.589937671061247 32.0 
281 288 2.589937671061247 32.0 
281 289 2.589937671061247 32.0 
282 285 2.589937671061247 32.0 
282 286 2.589937671061247 32.0 
282 287 2.589937671061247 32.0 
282 288 2.589937671061247 32.0 
282 289 2.589937671061247 32.0 
283 284 2.589937671061247 32.0 
283 285 2.589937671061247 32.0 
283 286 2.589937671061247 32.0 
283 287 2.589937671061247 32.0 
283 288 2.589937671061247 32.0 
284 284 2.589937671061247 32.0 
284 285 2.589937671061247 32.0 
284 286 2.589937671061247 32.0 
284 287 2.589937671061247 32.0 
284 288 2.589937671061247 32.0 
285 283 2.589937671061247 32.0 
285 284 2.589937671061247 32.0 
285 285 2.589937671061247 32.0 
285 286 2.589937671061247 32.0 
285 287 2.589937671061247 32.0 
286 283 2.589937671061247 32.0 
286 284 2.589937671061247 32.0 
286 285 2.589937671061247 32.0 
286 286 2.589937671061247 32.0 
287 282 2.589937671061247 32.0 
287 283 2.589937671061247 32.0 
287 284 2.589937671061247 32.0 
287 285 2.589937671061247 32.0 
287 286 2.589937671061247 32.0 
288 281 2.589937671061247 32.0 
288 282 2.589937671061247 32.0 
288 283 2.589937671061247 32.0 
288 284 2.589937671061247 32.0 
288 285 2.589937671061247 32.0 
289 281 2.589937671061247 32.0 
289 282 2.589937671061247 32.0 
289 283 2.589937671061247 32.0 
289 284 2.589937671061247 32.0 
290 282 2.589937671061247 32.0 
290 283 2.589937671061247 32.0 
290 284 2.589937671061247 32.0 
241 293 3.141592653589793 32.0 
241 294 3.141592653589793 32.0 
241 295 3.141592653589793 32.0 
241 296 3.141592653589793 32.0 
242 293 3.141592653589793 32.0 
242 294 3.141592653589793 32.0 
242 295 3.141592653589793 32.0 
242 296 3.141592653589793 32.0 
243 293 3.141592653589793 32.0 
243 294 3.141592653589793 32.0 
243 295 3.141592653589793 32.0 
243 296 3.141592653589793 32.0 
244 293 3.141592653589793 32.0 
244 294 3.141592653589793 32.0 
244 295 3.141592653589793 32.0 
244 296 3.141592653589793 32.0 
245 293 3.141592653589793 32.0 
245 294 3.141592653589793 32.0 
245 295 3.141592653589793 32.0 
245 296 3.141592653589793 32.0 
246 293 3.141592653589793 32.0 
246 294 3.141592653589793 32.0 
246 295 3.141592653589793 32.0 
246 296 3.141592653589793 32.0 
247 293 3.141592653589793 32.0 
247 294 3.141592653589793 32.0 
247 295 3.141592653589793 32.0 
247 296 3.141592653589793 32.0 
248 293 3.141592653589793 32.0 
248 294 3.141592653589793 32.0 
248 295 3.141592653589793 32.0 
248 296 3.141592653589793 32.0 
249 293 3.141592653589793 32.0 
249 294 3.141592653589793 32.0 
249 295 3.141592653589793 32.0 
249 296 3.141592653589793 32.0 
250 293 3.141592653589793 32.0 
250 294 3.141592653589793 32.0 
250 295 3.141592653589793 32.0 
250 296 3.141592653589793 32.0 
251 293 3.141592653589793 32.0 
251 294 3.141592653589793 32.0 
251 295 3.141592653589793 32.0 
251 296 3.141592653589793 32.0 
252 293 3.141592653589793 32.0 
252 294 3.141592653589793 32.0 
252 295 3.141592653589793 32.0 
252 296 3.141592653589793 32.0 
253 293 3.141592653589793 32.0 
253 294 3.141592653589793 32.0 
253 295 3.141592653589793 32.0 
253 296 3.141592653589793 32.0 
254 293 3.141592653589793 32.0 
254 294 3.141592653589793 32.0 
254 295 3.141592653589793 32.0 
254 296 3.141592653589793 32.0 
255 293 3.141592653589793 32.0 
255 294 3.141592653589793 32.0 
255 295 3.141592653589793 32.0 
255 296 3.141592653589793 32.0 
