288.0 307.0 2.999695598985628 6.141288252575421 36.0 
288.0 308.0 2.999695598985628 6.141288252575421 36.0 
288.0 309.0 2.999695598985628 6.141288252575421 36.0 
289.0 307.0 2.999695598985628 6.141288252575421 36.0 
289.0 308.0 2.999695598985628 6.141288252575421 36.0 
289.0 309.0 2.999695598985628 6.141288252575421 36.0 
289.0 310.0 2.999695598985628 6.141288252575421 36.0 
289.0 311.0 2.999695598985628 6.141288252575421 36.0 
289.0 312.0 2.999695598985628 6.141288252575421 36.0 
290.0 307.0 2.999695598985628 6.141288252575421 36.0 
290.0 308.0 2.999695598985628 6.141288252575421 36.0 
290.0 309.0 2.999695598985628 6.141288252575421 36.0 
290.0 310.0 2.999695598985628 6.141288252575421 36.0 
290.0 311.0 2.999695598985628 6.141288252575421 36.0 
290.0 312.0 2.999695598985628 6.141288252575421 36.0 
291.0 307.0 2.999695598985628 6.141288252575421 36.0 
291.0 308.0 2.999695598985628 6.141288252575421 36.0 
291.0 309.0 2.999695598985628 6.141288252575421 36.0 
291.0 310.0 2.999695598985628 6.141288252575421 36.0 
291.0 311.0 2.999695598985628 6.141288252575421 36.0 
291.0 312.0 2.999695598985628 6.141288252575421 36.0 
292.0 307.0 2.999695598985628 6.141288252575421 36.0 
292.0 308.0 2.999695598985628 6.141288252575421 36.0 
292.0 309.0 2.999695598985628 6.141288252575421 36.0 
292.0 310.0 2.999695598985628 6.141288252575421 36.0 
292.0 311.0 2.999695598985628 6.141288252575421 36.0 
292.0 312.0 2.999695598985628 6.141288252575421 36.0 
293.0 307.0 2.999695598985628 6.141288252575421 36.0 
293.0 308.0 2.999695598985628 6.141288252575421 36.0 
293.0 309.0 2.999695598985628 6.141288252575421 36.0 
293.0 310.0 2.999695598985628 6.141288252575421 36.0 
293.0 311.0 2.999695598985628 6.141288252575421 36.0 
293.0 312.0 2.999695598985628 6.141288252575421 36.0 
294.0 307.0 2.999695598985628 6.141288252575421 36.0 
294.0 308.0 2.999695598985628 6.141288252575421 36.0 
294.0 309.0 2.999695598985628 6.141288252575421 36.0 
294.0 310.0 2.999695598985628 6.141288252575421 36.0 
294.0 311.0 2.999695598985628 6.141288252575421 36.0 
294.0 312.0 2.999695598985628 6.141288252575421 36.0 
295.0 306.0 2.999695598985628 6.141288252575421 36.0 
295.0 307.0 2.999695598985628 6.141288252575421 36.0 
295.0 308.0 2.999695598985628 6.141288252575421 36.0 
295.0 309.0 2.999695598985628 6.141288252575421 36.0 
295.0 310.0 2.999695598985628 6.141288252575421 36.0 
295.0 311.0 2.999695598985628 6.141288252575421 36.0 
295.0 312.0 2.999695598985628 6.141288252575421 36.0 
296.0 306.0 2.999695598985628 6.141288252575421 36.0 
296.0 307.0 2.999695598985628 6.141288252575421 36.0 
296.0 308.0 2.999695598985628 6.141288252575421 36.0 
296.0 309.0 2.999695598985628 6.141288252575421 36.0 
296.0 310.0 2.999695598985628 6.141288252575421 36.0 
296.0 311.0 2.999695598985628 6.141288252575421 36.0 
297.0 306.0 2.999695598985628 6.141288252575421 36.0 
297.0 307.0 2.999695598985628 6.141288252575421 36.0 
297.0 308.0 2.999695598985628 6.141288252575421 36.0 
297.0 309.0 2.999695598985628 6.141288252575421 36.0 
297.0 310.0 2.999695598985628 6.141288252575421 36.0 
297.0 311.0 2.999695598985628 6.141288252575421 36.0 
298.0 306.0 2.999695598985628 6.141288252575421 36.0 
298.0 307.0 2.999695598985628 6.141288252575421 36.0 
298.0 308.0 2.999695598985628 6.141288252575421 36.0 
298.0 309.0 2.999695598985628 6.141288252575421 36.0 
298.0 310.0 2.999695598985628 6.141288252575421 36.0 
298.0 311.0 2.999695598985628 6.141288252575421 36.0 
299.0 306.0 2.999695598985628 6.141288252575421 36.0 
299.0 307.0 2.999695598985628 6.141288252575421 36.0 
299.0 308.0 2.999695598985628 6.141288252575421 36.0 
299.0 309.0 2.999695598985628 6.141288252575421 36.0 
299.0 310.0 2.999695598985628 6.141288252575421 36.0 
299.0 311.0 2.999695598985628 6.141288252575421 36.0 
300.0 306.0 2.999695598985628 6.141288252575421 36.0 
300.0 307.0 2.999695598985628 6.141288252575421 36.0 
300.0 308.0 2.999695598985628 6.141288252575421 36.0 
300.0 309.0 2.999695598985628 6.141288252575421 36.0 
300.0 310.0 2.999695598985628 6.141288252575421 36.0 
300.0 311.0 2.999695598985628 6.141288252575421 36.0 
301.0 306.0 2.999695598985628 6.141288252575421 36.0 
301.0 307.0 2.999695598985628 6.141288252575421 36.0 
301.0 308.0 2.999695598985628 6.141288252575421 36.0 
301.0 309.0 2.999695598985628 6.141288252575421 36.0 
301.0 310.0 2.999695598985628 6.141288252575421 36.0 
301.0 311.0 2.999695598985628 6.141288252575421 36.0 
302.0 305.0 2.999695598985628 6.141288252575421 36.0 
302.0 306.0 2.999695598985628 6.141288252575421 36.0 
302.0 307.0 2.999695598985628 6.141288252575421 36.0 
302.0 308.0 2.999695598985628 6.141288252575421 36.0 
302.0 309.0 2.999695598985628 6.141288252575421 36.0 
302.0 310.0 2.999695598985628 6.141288252575421 36.0 
302.0 311.0 2.999695598985628 6.141288252575421 36.0 
303.0 305.0 2.999695598985628 6.141288252575421 36.0 
303.0 306.0 2.999695598985628 6.141288252575421 36.0 
303.0 307.0 2.999695598985628 6.141288252575421 36.0 
303.0 308.0 2.999695598985628 6.141288252575421 36.0 
303.0 309.0 2.999695598985628 6.141288252575421 36.0 
303.0 310.0 2.999695598985628 6.141288252575421 36.0 
304.0 305.0 2.999695598985628 6.141288252575421 36.0 
304.0 306.0 2.999695598985628 6.141288252575421 36.0 
304.0 307.0 2.999695598985628 6.141288252575421 36.0 
304.0 308.0 2.999695598985628 6.141288252575421 36.0 
304.0 309.0 2.999695598985628 6.141288252575421 36.0 
304.0 310.0 2.999695598985628 6.141288252575421 36.0 
305.0 305.0 2.999695598985628 6.141288252575421 36.0 
305.0 306.0 2.999695598985628 6.141288252575421 36.0 
305.0 307.0 2.999695598985628 6.141288252575421 36.0 
305.0 308.0 2.999695598985628 6.141288252575421 36.0 
305.0 309.0 2.999695598985628 6.141288252575421 36.0 
305.0 310.0 2.999695598985628 6.141288252575421 36.0 
306.0 305.0 2.999695598985628 6.141288252575421 36.0 
306.0 306.0 2.999695598985628 6.141288252575421 36.0 
306.0 307.0 2.999695598985628 6.141288252575421 36.0 
306.0 308.0 2.999695598985628 6.141288252575421 36.0 
306.0 309.0 2.999695598985628 6.141288252575421 36.0 
306.0 310.0 2.999695598985628 6.141288252575421 36.0 
307.0 305.0 2.999695598985628 6.141288252575421 36.0 
307.0 306.0 2.999695598985628 6.141288252575421 36.0 
307.0 307.0 2.999695598985628 6.141288252575421 36.0 
307.0 308.0 2.999695598985628 6.141288252575421 36.0 
307.0 309.0 2.999695598985628 6.141288252575421 36.0 
307.0 310.0 2.999695598985628 6.141288252575421 36.0 
308.0 305.0 2.999695598985628 6.141288252575421 36.0 
308.0 306.0 2.999695598985628 6.141288252575421 36.0 
308.0 307.0 2.999695598985628 6.141288252575421 36.0 
308.0 308.0 2.999695598985628 6.141288252575421 36.0 
308.0 309.0 2.999695598985628 6.141288252575421 36.0 
308.0 310.0 2.999695598985628 6.141288252575421 36.0 
309.0 304.0 2.999695598985628 6.141288252575421 36.0 
309.0 305.0 2.999695598985628 6.141288252575421 36.0 
309.0 306.0 2.999695598985628 6.141288252575421 36.0 
309.0 307.0 2.999695598985628 6.141288252575421 36.0 
309.0 308.0 2.999695598985628 6.141288252575421 36.0 
309.0 309.0 2.999695598985628 6.141288252575421 36.0 
309.0 310.0 2.999695598985628 6.141288252575421 36.0 
310.0 304.0 2.999695598985628 6.141288252575421 36.0 
310.0 305.0 2.999695598985628 6.141288252575421 36.0 
310.0 306.0 2.999695598985628 6.141288252575421 36.0 
310.0 307.0 2.999695598985628 6.141288252575421 36.0 
310.0 308.0 2.999695598985628 6.141288252575421 36.0 
310.0 309.0 2.999695598985628 6.141288252575421 36.0 
311.0 304.0 2.999695598985628 6.141288252575421 36.0 
311.0 305.0 2.999695598985628 6.141288252575421 36.0 
311.0 306.0 2.999695598985628 6.141288252575421 36.0 
311.0 307.0 2.999695598985628 6.141288252575421 36.0 
311.0 308.0 2.999695598985628 6.141288252575421 36.0 
311.0 309.0 2.999695598985628 6.141288252575421 36.0 
312.0 304.0 2.999695598985628 6.141288252575421 36.0 
312.0 305.0 2.999695598985628 6.141288252575421 36.0 
312.0 306.0 2.999695598985628 6.141288252575421 36.0 
312.0 307.0 2.999695598985628 6.141288252575421 36.0 
312.0 308.0 2.999695598985628 6.141288252575421 36.0 
312.0 309.0 2.999695598985628 6.141288252575421 36.0 
313.0 304.0 2.999695598985628 6.141288252575421 36.0 
313.0 305.0 2.999695598985628 6.141288252575421 36.0 
313.0 306.0 2.999695598985628 6.141288252575421 36.0 
313.0 307.0 2.999695598985628 6.141288252575421 36.0 
313.0 308.0 2.999695598985628 6.141288252575421 36.0 
313.0 309.0 2.999695598985628 6.141288252575421 36.0 
314.0 304.0 2.999695598985628 6.141288252575421 36.0 
314.0 305.0 2.999695598985628 6.141288252575421 36.0 
314.0 306.0 2.999695598985628 6.141288252575421 36.0 
314.0 307.0 2.999695598985628 6.141288252575421 36.0 
314.0 308.0 2.999695598985628 6.141288252575421 36.0 
314.0 309.0 2.999695598985628 6.141288252575421 36.0 
315.0 304.0 2.999695598985628 6.141288252575421 36.0 
315.0 305.0 2.999695598985628 6.141288252575421 36.0 
315.0 306.0 2.999695598985628 6.141288252575421 36.0 
315.0 307.0 2.999695598985628 6.141288252575421 36.0 
315.0 308.0 2.999695598985628 6.141288252575421 36.0 
315.0 309.0 2.999695598985628 6.141288252575421 36.0 
316.0 306.0 2.999695598985628 6.141288252575421 36.0 
316.0 307.0 2.999695598985628 6.141288252575421 36.0 
316.0 308.0 2.999695598985628 6.141288252575421 36.0 
316.0 309.0 2.999695598985628 6.141288252575421 36.0 
243.0 306.0 3.0702851888045024 6.211877842394295 28.0 
244.0 306.0 3.0702851888045024 6.211877842394295 28.0 
244.0 307.0 3.0702851888045024 6.211877842394295 28.0 
245.0 306.0 3.0702851888045024 6.211877842394295 28.0 
245.0 307.0 3.0702851888045024 6.211877842394295 28.0 
246.0 306.0 3.0702851888045024 6.211877842394295 28.0 
246.0 307.0 3.0702851888045024 6.211877842394295 28.0 
247.0 306.0 3.0702851888045024 6.211877842394295 28.0 
247.0 307.0 3.0702851888045024 6.211877842394295 28.0 
248.0 306.0 3.0702851888045024 6.211877842394295 28.0 
248.0 307.0 3.0702851888045024 6.211877842394295 28.0 
249.0 306.0 3.0702851888045024 6.211877842394295 28.0 
249.0 307.0 3.0702851888045024 6.211877842394295 28.0 
250.0 306.0 3.0702851888045024 6.211877842394295 28.0 
250.0 307.0 3.0702851888045024 6.211877842394295 28.0 
251.0 306.0 3.0702851888045024 6.211877842394295 28.0 
251.0 307.0 3.0702851888045024 6.211877842394295 28.0 
252.0 306.0 3.0702851888045024 6.211877842394295 28.0 
252.0 307.0 3.0702851888045024 6.211877842394295 28.0 
253.0 306.0 3.0702851888045024 6.211877842394295 28.0 
253.0 307.0 3.0702851888045024 6.211877842394295 28.0 
254.0 306.0 3.0702851888045024 6.211877842394295 28.0 
254.0 307.0 3.0702851888045024 6.211877842394295 28.0 
255.0 306.0 3.0702851888045024 6.211877842394295 28.0 
255.0 307.0 3.0702851888045024 6.211877842394295 28.0 
256.0 306.0 3.0702851888045024 6.211877842394295 28.0 
256.0 307.0 3.0702851888045024 6.211877842394295 28.0 
257.0 306.0 3.0702851888045024 6.211877842394295 28.0 
257.0 307.0 3.0702851888045024 6.211877842394295 28.0 
228.0 316.0 2.9996955989856295 6.141288252575422 32.0 
228.0 317.0 2.9996955989856295 6.141288252575422 32.0 
229.0 316.0 2.9996955989856295 6.141288252575422 32.0 
229.0 317.0 2.9996955989856295 6.141288252575422 32.0 
229.0 318.0 2.9996955989856295 6.141288252575422 32.0 
229.0 319.0 2.9996955989856295 6.141288252575422 32.0 
230.0 316.0 2.9996955989856295 6.141288252575422 32.0 
230.0 317.0 2.9996955989856295 6.141288252575422 32.0 
230.0 318.0 2.9996955989856295 6.141288252575422 32.0 
230.0 319.0 2.9996955989856295 6.141288252575422 32.0 
231.0 316.0 2.9996955989856295 6.141288252575422 32.0 
231.0 317.0 2.9996955989856295 6.141288252575422 32.0 
231.0 318.0 2.9996955989856295 6.141288252575422 32.0 
231.0 319.0 2.9996955989856295 6.141288252575422 32.0 
232.0 316.0 2.9996955989856295 6.141288252575422 32.0 
232.0 317.0 2.9996955989856295 6.141288252575422 32.0 
232.0 318.0 2.9996955989856295 6.141288252575422 32.0 
232.0 319.0 2.9996955989856295 6.141288252575422 32.0 
233.0 316.0 2.9996955989856295 6.141288252575422 32.0 
233.0 317.0 2.9996955989856295 6.141288252575422 32.0 
233.0 318.0 2.9996955989856295 6.141288252575422 32.0 
233.0 319.0 2.9996955989856295 6.141288252575422 32.0 
234.0 316.0 2.9996955989856295 6.141288252575422 32.0 
234.0 317.0 2.9996955989856295 6.141288252575422 32.0 
234.0 318.0 2.9996955989856295 6.141288252575422 32.0 
234.0 319.0 2.9996955989856295 6.141288252575422 32.0 
235.0 315.0 2.9996955989856295 6.141288252575422 32.0 
235.0 316.0 2.9996955989856295 6.141288252575422 32.0 
235.0 317.0 2.9996955989856295 6.141288252575422 32.0 
235.0 318.0 2.9996955989856295 6.141288252575422 32.0 
235.0 319.0 2.9996955989856295 6.141288252575422 32.0 
236.0 315.0 2.9996955989856295 6.141288252575422 32.0 
236.0 316.0 2.9996955989856295 6.141288252575422 32.0 
236.0 317.0 2.9996955989856295 6.141288252575422 32.0 
236.0 318.0 2.9996955989856295 6.141288252575422 32.0 
237.0 315.0 2.9996955989856295 6.141288252575422 32.0 
237.0 316.0 2.9996955989856295 6.141288252575422 32.0 
237.0 317.0 2.9996955989856295 6.141288252575422 32.0 
237.0 318.0 2.9996955989856295 6.141288252575422 32.0 
238.0 315.0 2.9996955989856295 6.141288252575422 32.0 
238.0 316.0 2.9996955989856295 6.141288252575422 32.0 
238.0 317.0 2.9996955989856295 6.141288252575422 32.0 
238.0 318.0 2.9996955989856295 6.141288252575422 32.0 
239.0 315.0 2.9996955989856295 6.141288252575422 32.0 
239.0 316.0 2.9996955989856295 6.141288252575422 32.0 
239.0 317.0 2.9996955989856295 6.141288252575422 32.0 
239.0 318.0 2.9996955989856295 6.141288252575422 32.0 
240.0 315.0 2.9996955989856295 6.141288252575422 32.0 
240.0 316.0 2.9996955989856295 6.141288252575422 32.0 
240.0 317.0 2.9996955989856295 6.141288252575422 32.0 
240.0 318.0 2.9996955989856295 6.141288252575422 32.0 
241.0 315.0 2.9996955989856295 6.141288252575422 32.0 
241.0 316.0 2.9996955989856295 6.141288252575422 32.0 
241.0 317.0 2.9996955989856295 6.141288252575422 32.0 
241.0 318.0 2.9996955989856295 6.141288252575422 32.0 
242.0 316.0 2.9996955989856295 6.141288252575422 32.0 
242.0 317.0 2.9996955989856295 6.141288252575422 32.0 
242.0 318.0 2.9996955989856295 6.141288252575422 32.0 
