208.0 328.0 2.972179609700175 6.113772263289968 68.0 
208.0 329.0 2.972179609700175 6.113772263289968 68.0 
208.0 330.0 2.972179609700175 6.113772263289968 68.0 
209.0 328.0 2.972179609700175 6.113772263289968 68.0 
209.0 329.0 2.972179609700175 6.113772263289968 68.0 
209.0 330.0 2.972179609700175 6.113772263289968 68.0 
209.0 331.0 2.972179609700175 6.113772263289968 68.0 
209.0 332.0 2.972179609700175 6.113772263289968 68.0 
209.0 333.0 2.972179609700175 6.113772263289968 68.0 
210.0 328.0 2.972179609700175 6.113772263289968 68.0 
210.0 329.0 2.972179609700175 6.113772263289968 68.0 
210.0 330.0 2.972179609700175 6.113772263289968 68.0 
210.0 331.0 2.972179609700175 6.113772263289968 68.0 
210.0 332.0 2.972179609700175 6.113772263289968 68.0 
210.0 333.0 2.972179609700175 6.113772263289968 68.0 
211.0 328.0 2.972179609700175 6.113772263289968 68.0 
211.0 329.0 2.972179609700175 6.113772263289968 68.0 
211.0 330.0 2.972179609700175 6.113772263289968 68.0 
211.0 331.0 2.972179609700175 6.113772263289968 68.0 
211.0 332.0 2.972179609700175 6.113772263289968 68.0 
211.0 333.0 2.972179609700175 6.113772263289968 68.0 
212.0 328.0 2.972179609700175 6.113772263289968 68.0 
212.0 329.0 2.972179609700175 6.113772263289968 68.0 
212.0 330.0 2.972179609700175 6.113772263289968 68.0 
212.0 331.0 2.972179609700175 6.113772263289968 68.0 
212.0 332.0 2.972179609700175 6.113772263289968 68.0 
212.0 333.0 2.972179609700175 6.113772263289968 68.0 
213.0 328.0 2.972179609700175 6.113772263289968 68.0 
213.0 329.0 2.972179609700175 6.113772263289968 68.0 
213.0 330.0 2.972179609700175 6.113772263289968 68.0 
213.0 331.0 2.972179609700175 6.113772263289968 68.0 
213.0 332.0 2.972179609700175 6.113772263289968 68.0 
213.0 333.0 2.972179609700175 6.113772263289968 68.0 
214.0 327.0 2.972179609700175 6.113772263289968 68.0 
214.0 328.0 2.972179609700175 6.113772263289968 68.0 
214.0 329.0 2.972179609700175 6.113772263289968 68.0 
214.0 330.0 2.972179609700175 6.113772263289968 68.0 
214.0 331.0 2.972179609700175 6.113772263289968 68.0 
214.0 332.0 2.972179609700175 6.113772263289968 68.0 
214.0 333.0 2.972179609700175 6.113772263289968 68.0 
215.0 327.0 2.972179609700175 6.113772263289968 68.0 
215.0 328.0 2.972179609700175 6.113772263289968 68.0 
215.0 329.0 2.972179609700175 6.113772263289968 68.0 
215.0 330.0 2.972179609700175 6.113772263289968 68.0 
215.0 331.0 2.972179609700175 6.113772263289968 68.0 
215.0 332.0 2.972179609700175 6.113772263289968 68.0 
216.0 327.0 2.972179609700175 6.113772263289968 68.0 
216.0 328.0 2.972179609700175 6.113772263289968 68.0 
216.0 329.0 2.972179609700175 6.113772263289968 68.0 
216.0 330.0 2.972179609700175 6.113772263289968 68.0 
216.0 331.0 2.972179609700175 6.113772263289968 68.0 
216.0 332.0 2.972179609700175 6.113772263289968 68.0 
217.0 327.0 2.972179609700175 6.113772263289968 68.0 
217.0 328.0 2.972179609700175 6.113772263289968 68.0 
217.0 329.0 2.972179609700175 6.113772263289968 68.0 
217.0 330.0 2.972179609700175 6.113772263289968 68.0 
217.0 331.0 2.972179609700175 6.113772263289968 68.0 
217.0 332.0 2.972179609700175 6.113772263289968 68.0 
218.0 327.0 2.972179609700175 6.113772263289968 68.0 
218.0 328.0 2.972179609700175 6.113772263289968 68.0 
218.0 329.0 2.972179609700175 6.113772263289968 68.0 
218.0 330.0 2.972179609700175 6.113772263289968 68.0 
218.0 331.0 2.972179609700175 6.113772263289968 68.0 
218.0 332.0 2.972179609700175 6.113772263289968 68.0 
219.0 327.0 2.972179609700175 6.113772263289968 68.0 
219.0 328.0 2.972179609700175 6.113772263289968 68.0 
219.0 329.0 2.972179609700175 6.113772263289968 68.0 
219.0 330.0 2.972179609700175 6.113772263289968 68.0 
219.0 331.0 2.972179609700175 6.113772263289968 68.0 
219.0 332.0 2.972179609700175 6.113772263289968 68.0 
220.0 326.0 2.972179609700175 6.113772263289968 68.0 
220.0 327.0 2.972179609700175 6.113772263289968 68.0 
220.0 328.0 2.972179609700175 6.113772263289968 68.0 
220.0 329.0 2.972179609700175 6.113772263289968 68.0 
220.0 330.0 2.972179609700175 6.113772263289968 68.0 
220.0 331.0 2.972179609700175 6.113772263289968 68.0 
221.0 326.0 2.972179609700175 6.113772263289968 68.0 
221.0 327.0 2.972179609700175 6.113772263289968 68.0 
221.0 328.0 2.972179609700175 6.113772263289968 68.0 
221.0 329.0 2.972179609700175 6.113772263289968 68.0 
221.0 330.0 2.972179609700175 6.113772263289968 68.0 
221.0 331.0 2.972179609700175 6.113772263289968 68.0 
222.0 326.0 2.972179609700175 6.113772263289968 68.0 
222.0 327.0 2.972179609700175 6.113772263289968 68.0 
222.0 328.0 2.972179609700175 6.113772263289968 68.0 
222.0 329.0 2.972179609700175 6.113772263289968 68.0 
222.0 330.0 2.972179609700175 6.113772263289968 68.0 
222.0 331.0 2.972179609700175 6.113772263289968 68.0 
223.0 326.0 2.972179609700175 6.113772263289968 68.0 
223.0 327.0 2.972179609700175 6.113772263289968 68.0 
223.0 328.0 2.972179609700175 6.113772263289968 68.0 
223.0 329.0 2.972179609700175 6.113772263289968 68.0 
223.0 330.0 2.972179609700175 6.113772263289968 68.0 
223.0 331.0 2.972179609700175 6.113772263289968 68.0 
224.0 326.0 2.972179609700175 6.113772263289968 68.0 
224.0 327.0 2.972179609700175 6.113772263289968 68.0 
224.0 328.0 2.972179609700175 6.113772263289968 68.0 
224.0 329.0 2.972179609700175 6.113772263289968 68.0 
224.0 330.0 2.972179609700175 6.113772263289968 68.0 
224.0 331.0 2.972179609700175 6.113772263289968 68.0 
225.0 326.0 2.972179609700175 6.113772263289968 68.0 
225.0 327.0 2.972179609700175 6.113772263289968 68.0 
225.0 328.0 2.972179609700175 6.113772263289968 68.0 
225.0 329.0 2.972179609700175 6.113772263289968 68.0 
225.0 330.0 2.972179609700175 6.113772263289968 68.0 
225.0 331.0 2.972179609700175 6.113772263289968 68.0 
226.0 325.0 2.972179609700175 6.113772263289968 68.0 
226.0 326.0 2.972179609700175 6.113772263289968 68.0 
226.0 327.0 2.972179609700175 6.113772263289968 68.0 
226.0 328.0 2.972179609700175 6.113772263289968 68.0 
226.0 329.0 2.972179609700175 6.113772263289968 68.0 
226.0 330.0 2.972179609700175 6.113772263289968 68.0 
227.0 325.0 2.972179609700175 6.113772263289968 68.0 
227.0 326.0 2.972179609700175 6.113772263289968 68.0 
227.0 327.0 2.972179609700175 6.113772263289968 68.0 
227.0 328.0 2.972179609700175 6.113772263289968 68.0 
227.0 329.0 2.972179609700175 6.113772263289968 68.0 
227.0 330.0 2.972179609700175 6.113772263289968 68.0 
228.0 325.0 2.972179609700175 6.113772263289968 68.0 
228.0 326.0 2.972179609700175 6.113772263289968 68.0 
228.0 327.0 2.972179609700175 6.113772263289968 68.0 
228.0 328.0 2.972179609700175 6.113772263289968 68.0 
228.0 329.0 2.972179609700175 6.113772263289968 68.0 
228.0 330.0 2.972179609700175 6.113772263289968 68.0 
229.0 325.0 2.972179609700175 6.113772263289968 68.0 
229.0 326.0 2.972179609700175 6.113772263289968 68.0 
229.0 327.0 2.972179609700175 6.113772263289968 68.0 
229.0 328.0 2.972179609700175 6.113772263289968 68.0 
229.0 329.0 2.972179609700175 6.113772263289968 68.0 
229.0 330.0 2.972179609700175 6.113772263289968 68.0 
230.0 325.0 2.972179609700175 6.113772263289968 68.0 
230.0 326.0 2.972179609700175 6.113772263289968 68.0 
230.0 327.0 2.972179609700175 6.113772263289968 68.0 
230.0 328.0 2.972179609700175 6.113772263289968 68.0 
230.0 329.0 2.972179609700175 6.113772263289968 68.0 
230.0 330.0 2.972179609700175 6.113772263289968 68.0 
231.0 325.0 2.972179609700175 6.113772263289968 68.0 
231.0 326.0 2.972179609700175 6.113772263289968 68.0 
231.0 327.0 2.972179609700175 6.113772263289968 68.0 
231.0 328.0 2.972179609700175 6.113772263289968 68.0 
231.0 329.0 2.972179609700175 6.113772263289968 68.0 
231.0 330.0 2.972179609700175 6.113772263289968 68.0 
232.0 324.0 2.972179609700175 6.113772263289968 68.0 
232.0 325.0 2.972179609700175 6.113772263289968 68.0 
232.0 326.0 2.972179609700175 6.113772263289968 68.0 
232.0 327.0 2.972179609700175 6.113772263289968 68.0 
232.0 328.0 2.972179609700175 6.113772263289968 68.0 
232.0 329.0 2.972179609700175 6.113772263289968 68.0 
233.0 324.0 2.972179609700175 6.113772263289968 68.0 
233.0 325.0 2.972179609700175 6.113772263289968 68.0 
233.0 326.0 2.972179609700175 6.113772263289968 68.0 
233.0 327.0 2.972179609700175 6.113772263289968 68.0 
233.0 328.0 2.972179609700175 6.113772263289968 68.0 
233.0 329.0 2.972179609700175 6.113772263289968 68.0 
234.0 324.0 2.972179609700175 6.113772263289968 68.0 
234.0 325.0 2.972179609700175 6.113772263289968 68.0 
234.0 326.0 2.972179609700175 6.113772263289968 68.0 
234.0 327.0 2.972179609700175 6.113772263289968 68.0 
234.0 328.0 2.972179609700175 6.113772263289968 68.0 
234.0 329.0 2.972179609700175 6.113772263289968 68.0 
235.0 324.0 2.972179609700175 6.113772263289968 68.0 
235.0 325.0 2.972179609700175 6.113772263289968 68.0 
235.0 326.0 2.972179609700175 6.113772263289968 68.0 
235.0 327.0 2.972179609700175 6.113772263289968 68.0 
235.0 328.0 2.972179609700175 6.113772263289968 68.0 
235.0 329.0 2.972179609700175 6.113772263289968 68.0 
236.0 324.0 2.972179609700175 6.113772263289968 68.0 
236.0 325.0 2.972179609700175 6.113772263289968 68.0 
236.0 326.0 2.972179609700175 6.113772263289968 68.0 
236.0 327.0 2.972179609700175 6.113772263289968 68.0 
236.0 328.0 2.972179609700175 6.113772263289968 68.0 
236.0 329.0 2.972179609700175 6.113772263289968 68.0 
237.0 323.0 2.972179609700175 6.113772263289968 68.0 
237.0 324.0 2.972179609700175 6.113772263289968 68.0 
237.0 325.0 2.972179609700175 6.113772263289968 68.0 
237.0 326.0 2.972179609700175 6.113772263289968 68.0 
237.0 327.0 2.972179609700175 6.113772263289968 68.0 
237.0 328.0 2.972179609700175 6.113772263289968 68.0 
237.0 329.0 2.972179609700175 6.113772263289968 68.0 
238.0 323.0 2.972179609700175 6.113772263289968 68.0 
238.0 324.0 2.972179609700175 6.113772263289968 68.0 
238.0 325.0 2.972179609700175 6.113772263289968 68.0 
238.0 326.0 2.972179609700175 6.113772263289968 68.0 
238.0 327.0 2.972179609700175 6.113772263289968 68.0 
238.0 328.0 2.972179609700175 6.113772263289968 68.0 
239.0 323.0 2.972179609700175 6.113772263289968 68.0 
239.0 324.0 2.972179609700175 6.113772263289968 68.0 
239.0 325.0 2.972179609700175 6.113772263289968 68.0 
239.0 326.0 2.972179609700175 6.113772263289968 68.0 
239.0 327.0 2.972179609700175 6.113772263289968 68.0 
239.0 328.0 2.972179609700175 6.113772263289968 68.0 
240.0 323.0 2.972179609700175 6.113772263289968 68.0 
240.0 324.0 2.972179609700175 6.113772263289968 68.0 
240.0 325.0 2.972179609700175 6.113772263289968 68.0 
240.0 326.0 2.972179609700175 6.113772263289968 68.0 
240.0 327.0 2.972179609700175 6.113772263289968 68.0 
240.0 328.0 2.972179609700175 6.113772263289968 68.0 
241.0 323.0 2.972179609700175 6.113772263289968 68.0 
241.0 324.0 2.972179609700175 6.113772263289968 68.0 
241.0 325.0 2.972179609700175 6.113772263289968 68.0 
241.0 326.0 2.972179609700175 6.113772263289968 68.0 
241.0 327.0 2.972179609700175 6.113772263289968 68.0 
241.0 328.0 2.972179609700175 6.113772263289968 68.0 
242.0 323.0 2.972179609700175 6.113772263289968 68.0 
242.0 324.0 2.972179609700175 6.113772263289968 68.0 
242.0 325.0 2.972179609700175 6.113772263289968 68.0 
242.0 326.0 2.972179609700175 6.113772263289968 68.0 
242.0 327.0 2.972179609700175 6.113772263289968 68.0 
242.0 328.0 2.972179609700175 6.113772263289968 68.0 
243.0 322.0 2.972179609700175 6.113772263289968 68.0 
243.0 323.0 2.972179609700175 6.113772263289968 68.0 
243.0 324.0 2.972179609700175 6.113772263289968 68.0 
243.0 325.0 2.972179609700175 6.113772263289968 68.0 
243.0 326.0 2.972179609700175 6.113772263289968 68.0 
243.0 327.0 2.972179609700175 6.113772263289968 68.0 
243.0 328.0 2.972179609700175 6.113772263289968 68.0 
244.0 322.0 2.972179609700175 6.113772263289968 68.0 
244.0 323.0 2.972179609700175 6.113772263289968 68.0 
244.0 324.0 2.972179609700175 6.113772263289968 68.0 
244.0 325.0 2.972179609700175 6.113772263289968 68.0 
244.0 326.0 2.972179609700175 6.113772263289968 68.0 
244.0 327.0 2.972179609700175 6.113772263289968 68.0 
245.0 322.0 2.972179609700175 6.113772263289968 68.0 
245.0 323.0 2.972179609700175 6.113772263289968 68.0 
245.0 324.0 2.972179609700175 6.113772263289968 68.0 
245.0 325.0 2.972179609700175 6.113772263289968 68.0 
245.0 326.0 2.972179609700175 6.113772263289968 68.0 
245.0 327.0 2.972179609700175 6.113772263289968 68.0 
246.0 322.0 2.972179609700175 6.113772263289968 68.0 
246.0 323.0 2.972179609700175 6.113772263289968 68.0 
246.0 324.0 2.972179609700175 6.113772263289968 68.0 
246.0 325.0 2.972179609700175 6.113772263289968 68.0 
246.0 326.0 2.972179609700175 6.113772263289968 68.0 
246.0 327.0 2.972179609700175 6.113772263289968 68.0 
247.0 322.0 2.972179609700175 6.113772263289968 68.0 
247.0 323.0 2.972179609700175 6.113772263289968 68.0 
247.0 324.0 2.972179609700175 6.113772263289968 68.0 
247.0 325.0 2.972179609700175 6.113772263289968 68.0 
247.0 326.0 2.972179609700175 6.113772263289968 68.0 
247.0 327.0 2.972179609700175 6.113772263289968 68.0 
248.0 322.0 2.972179609700175 6.113772263289968 68.0 
248.0 323.0 2.972179609700175 6.113772263289968 68.0 
248.0 324.0 2.972179609700175 6.113772263289968 68.0 
248.0 325.0 2.972179609700175 6.113772263289968 68.0 
248.0 326.0 2.972179609700175 6.113772263289968 68.0 
248.0 327.0 2.972179609700175 6.113772263289968 68.0 
249.0 321.0 2.972179609700175 6.113772263289968 68.0 
249.0 322.0 2.972179609700175 6.113772263289968 68.0 
249.0 323.0 2.972179609700175 6.113772263289968 68.0 
249.0 324.0 2.972179609700175 6.113772263289968 68.0 
249.0 325.0 2.972179609700175 6.113772263289968 68.0 
249.0 326.0 2.972179609700175 6.113772263289968 68.0 
249.0 327.0 2.972179609700175 6.113772263289968 68.0 
250.0 321.0 2.972179609700175 6.113772263289968 68.0 
250.0 322.0 2.972179609700175 6.113772263289968 68.0 
250.0 323.0 2.972179609700175 6.113772263289968 68.0 
250.0 324.0 2.972179609700175 6.113772263289968 68.0 
250.0 325.0 2.972179609700175 6.113772263289968 68.0 
250.0 326.0 2.972179609700175 6.113772263289968 68.0 
251.0 321.0 2.972179609700175 6.113772263289968 68.0 
251.0 322.0 2.972179609700175 6.113772263289968 68.0 
251.0 323.0 2.972179609700175 6.113772263289968 68.0 
251.0 324.0 2.972179609700175 6.113772263289968 68.0 
251.0 325.0 2.972179609700175 6.113772263289968 68.0 
251.0 326.0 2.972179609700175 6.113772263289968 68.0 
252.0 321.0 2.972179609700175 6.113772263289968 68.0 
252.0 322.0 2.972179609700175 6.113772263289968 68.0 
252.0 323.0 2.972179609700175 6.113772263289968 68.0 
252.0 324.0 2.972179609700175 6.113772263289968 68.0 
252.0 325.0 2.972179609700175 6.113772263289968 68.0 
252.0 326.0 2.972179609700175 6.113772263289968 68.0 
253.0 321.0 2.972179609700175 6.113772263289968 68.0 
253.0 322.0 2.972179609700175 6.113772263289968 68.0 
253.0 323.0 2.972179609700175 6.113772263289968 68.0 
253.0 324.0 2.972179609700175 6.113772263289968 68.0 
253.0 325.0 2.972179609700175 6.113772263289968 68.0 
253.0 326.0 2.972179609700175 6.113772263289968 68.0 
254.0 321.0 2.972179609700175 6.113772263289968 68.0 
254.0 322.0 2.972179609700175 6.113772263289968 68.0 
254.0 323.0 2.972179609700175 6.113772263289968 68.0 
254.0 324.0 2.972179609700175 6.113772263289968 68.0 
254.0 325.0 2.972179609700175 6.113772263289968 68.0 
254.0 326.0 2.972179609700175 6.113772263289968 68.0 
255.0 320.0 2.972179609700175 6.113772263289968 68.0 
255.0 321.0 2.972179609700175 6.113772263289968 68.0 
255.0 322.0 2.972179609700175 6.113772263289968 68.0 
255.0 323.0 2.972179609700175 6.113772263289968 68.0 
255.0 324.0 2.972179609700175 6.113772263289968 68.0 
255.0 325.0 2.972179609700175 6.113772263289968 68.0 
255.0 326.0 2.972179609700175 6.113772263289968 68.0 
256.0 320.0 2.972179609700175 6.113772263289968 68.0 
256.0 321.0 2.972179609700175 6.113772263289968 68.0 
256.0 322.0 2.972179609700175 6.113772263289968 68.0 
256.0 323.0 2.972179609700175 6.113772263289968 68.0 
256.0 324.0 2.972179609700175 6.113772263289968 68.0 
256.0 325.0 2.972179609700175 6.113772263289968 68.0 
257.0 320.0 2.972179609700175 6.113772263289968 68.0 
257.0 321.0 2.972179609700175 6.113772263289968 68.0 
257.0 322.0 2.972179609700175 6.113772263289968 68.0 
257.0 323.0 2.972179609700175 6.113772263289968 68.0 
257.0 324.0 2.972179609700175 6.113772263289968 68.0 
257.0 325.0 2.972179609700175 6.113772263289968 68.0 
258.0 320.0 2.972179609700175 6.113772263289968 68.0 
258.0 321.0 2.972179609700175 6.113772263289968 68.0 
258.0 322.0 2.972179609700175 6.113772263289968 68.0 
258.0 323.0 2.972179609700175 6.113772263289968 68.0 
258.0 324.0 2.972179609700175 6.113772263289968 68.0 
258.0 325.0 2.972179609700175 6.113772263289968 68.0 
259.0 320.0 2.972179609700175 6.113772263289968 68.0 
259.0 321.0 2.972179609700175 6.113772263289968 68.0 
259.0 322.0 2.972179609700175 6.113772263289968 68.0 
259.0 323.0 2.972179609700175 6.113772263289968 68.0 
259.0 324.0 2.972179609700175 6.113772263289968 68.0 
259.0 325.0 2.972179609700175 6.113772263289968 68.0 
260.0 320.0 2.972179609700175 6.113772263289968 68.0 
260.0 321.0 2.972179609700175 6.113772263289968 68.0 
260.0 322.0 2.972179609700175 6.113772263289968 68.0 
260.0 323.0 2.972179609700175 6.113772263289968 68.0 
260.0 324.0 2.972179609700175 6.113772263289968 68.0 
260.0 325.0 2.972179609700175 6.113772263289968 68.0 
261.0 319.0 2.972179609700175 6.113772263289968 68.0 
261.0 320.0 2.972179609700175 6.113772263289968 68.0 
261.0 321.0 2.972179609700175 6.113772263289968 68.0 
261.0 322.0 2.972179609700175 6.113772263289968 68.0 
261.0 323.0 2.972179609700175 6.113772263289968 68.0 
261.0 324.0 2.972179609700175 6.113772263289968 68.0 
262.0 319.0 2.972179609700175 6.113772263289968 68.0 
262.0 320.0 2.972179609700175 6.113772263289968 68.0 
262.0 321.0 2.972179609700175 6.113772263289968 68.0 
262.0 322.0 2.972179609700175 6.113772263289968 68.0 
262.0 323.0 2.972179609700175 6.113772263289968 68.0 
262.0 324.0 2.972179609700175 6.113772263289968 68.0 
263.0 319.0 2.972179609700175 6.113772263289968 68.0 
263.0 320.0 2.972179609700175 6.113772263289968 68.0 
263.0 321.0 2.972179609700175 6.113772263289968 68.0 
263.0 322.0 2.972179609700175 6.113772263289968 68.0 
263.0 323.0 2.972179609700175 6.113772263289968 68.0 
263.0 324.0 2.972179609700175 6.113772263289968 68.0 
264.0 319.0 2.972179609700175 6.113772263289968 68.0 
264.0 320.0 2.972179609700175 6.113772263289968 68.0 
264.0 321.0 2.972179609700175 6.113772263289968 68.0 
264.0 322.0 2.972179609700175 6.113772263289968 68.0 
264.0 323.0 2.972179609700175 6.113772263289968 68.0 
264.0 324.0 2.972179609700175 6.113772263289968 68.0 
265.0 319.0 2.972179609700175 6.113772263289968 68.0 
265.0 320.0 2.972179609700175 6.113772263289968 68.0 
265.0 321.0 2.972179609700175 6.113772263289968 68.0 
265.0 322.0 2.972179609700175 6.113772263289968 68.0 
265.0 323.0 2.972179609700175 6.113772263289968 68.0 
265.0 324.0 2.972179609700175 6.113772263289968 68.0 
266.0 319.0 2.972179609700175 6.113772263289968 68.0 
266.0 320.0 2.972179609700175 6.113772263289968 68.0 
266.0 321.0 2.972179609700175 6.113772263289968 68.0 
266.0 322.0 2.972179609700175 6.113772263289968 68.0 
266.0 323.0 2.972179609700175 6.113772263289968 68.0 
266.0 324.0 2.972179609700175 6.113772263289968 68.0 
267.0 318.0 2.972179609700175 6.113772263289968 68.0 
267.0 319.0 2.972179609700175 6.113772263289968 68.0 
267.0 320.0 2.972179609700175 6.113772263289968 68.0 
267.0 321.0 2.972179609700175 6.113772263289968 68.0 
267.0 322.0 2.972179609700175 6.113772263289968 68.0 
267.0 323.0 2.972179609700175 6.113772263289968 68.0 
268.0 318.0 2.972179609700175 6.113772263289968 68.0 
268.0 319.0 2.972179609700175 6.113772263289968 68.0 
268.0 320.0 2.972179609700175 6.113772263289968 68.0 
268.0 321.0 2.972179609700175 6.113772263289968 68.0 
268.0 322.0 2.972179609700175 6.113772263289968 68.0 
268.0 323.0 2.972179609700175 6.113772263289968 68.0 
269.0 318.0 2.972179609700175 6.113772263289968 68.0 
269.0 319.0 2.972179609700175 6.113772263289968 68.0 
269.0 320.0 2.972179609700175 6.113772263289968 68.0 
269.0 321.0 2.972179609700175 6.113772263289968 68.0 
269.0 322.0 2.972179609700175 6.113772263289968 68.0 
269.0 323.0 2.972179609700175 6.113772263289968 68.0 
270.0 318.0 2.972179609700175 6.113772263289968 68.0 
270.0 319.0 2.972179609700175 6.113772263289968 68.0 
270.0 320.0 2.972179609700175 6.113772263289968 68.0 
270.0 321.0 2.972179609700175 6.113772263289968 68.0 
270.0 322.0 2.972179609700175 6.113772263289968 68.0 
270.0 323.0 2.972179609700175 6.113772263289968 68.0 
271.0 318.0 2.972179609700175 6.113772263289968 68.0 
271.0 319.0 2.972179609700175 6.113772263289968 68.0 
271.0 320.0 2.972179609700175 6.113772263289968 68.0 
271.0 321.0 2.972179609700175 6.113772263289968 68.0 
271.0 322.0 2.972179609700175 6.113772263289968 68.0 
271.0 323.0 2.972179609700175 6.113772263289968 68.0 
272.0 318.0 2.972179609700175 6.113772263289968 68.0 
272.0 319.0 2.972179609700175 6.113772263289968 68.0 
272.0 320.0 2.972179609700175 6.113772263289968 68.0 
272.0 321.0 2.972179609700175 6.113772263289968 68.0 
272.0 322.0 2.972179609700175 6.113772263289968 68.0 
272.0 323.0 2.972179609700175 6.113772263289968 68.0 
273.0 317.0 2.972179609700175 6.113772263289968 68.0 
273.0 318.0 2.972179609700175 6.113772263289968 68.0 
273.0 319.0 2.972179609700175 6.113772263289968 68.0 
273.0 320.0 2.972179609700175 6.113772263289968 68.0 
273.0 321.0 2.972179609700175 6.113772263289968 68.0 
273.0 322.0 2.972179609700175 6.113772263289968 68.0 
274.0 317.0 2.972179609700175 6.113772263289968 68.0 
274.0 318.0 2.972179609700175 6.113772263289968 68.0 
274.0 319.0 2.972179609700175 6.113772263289968 68.0 
274.0 320.0 2.972179609700175 6.113772263289968 68.0 
274.0 321.0 2.972179609700175 6.113772263289968 68.0 
274.0 322.0 2.972179609700175 6.113772263289968 68.0 
275.0 317.0 2.972179609700175 6.113772263289968 68.0 
275.0 318.0 2.972179609700175 6.113772263289968 68.0 
275.0 319.0 2.972179609700175 6.113772263289968 68.0 
275.0 320.0 2.972179609700175 6.113772263289968 68.0 
275.0 321.0 2.972179609700175 6.113772263289968 68.0 
275.0 322.0 2.972179609700175 6.113772263289968 68.0 
276.0 317.0 2.972179609700175 6.113772263289968 68.0 
276.0 318.0 2.972179609700175 6.113772263289968 68.0 
276.0 319.0 2.972179609700175 6.113772263289968 68.0 
276.0 320.0 2.972179609700175 6.113772263289968 68.0 
276.0 321.0 2.972179609700175 6.113772263289968 68.0 
276.0 322.0 2.972179609700175 6.113772263289968 68.0 
277.0 317.0 2.972179609700175 6.113772263289968 68.0 
277.0 318.0 2.972179609700175 6.113772263289968 68.0 
277.0 319.0 2.972179609700175 6.113772263289968 68.0 
277.0 320.0 2.972179609700175 6.113772263289968 68.0 
277.0 321.0 2.972179609700175 6.113772263289968 68.0 
277.0 322.0 2.972179609700175 6.113772263289968 68.0 
278.0 316.0 2.972179609700175 6.113772263289968 68.0 
278.0 317.0 2.972179609700175 6.113772263289968 68.0 
278.0 318.0 2.972179609700175 6.113772263289968 68.0 
278.0 319.0 2.972179609700175 6.113772263289968 68.0 
278.0 320.0 2.972179609700175 6.113772263289968 68.0 
278.0 321.0 2.972179609700175 6.113772263289968 68.0 
278.0 322.0 2.972179609700175 6.113772263289968 68.0 
279.0 316.0 2.972179609700175 6.113772263289968 68.0 
279.0 317.0 2.972179609700175 6.113772263289968 68.0 
279.0 318.0 2.972179609700175 6.113772263289968 68.0 
279.0 319.0 2.972179609700175 6.113772263289968 68.0 
279.0 320.0 2.972179609700175 6.113772263289968 68.0 
279.0 321.0 2.972179609700175 6.113772263289968 68.0 
280.0 316.0 2.972179609700175 6.113772263289968 68.0 
280.0 317.0 2.972179609700175 6.113772263289968 68.0 
280.0 318.0 2.972179609700175 6.113772263289968 68.0 
280.0 319.0 2.972179609700175 6.113772263289968 68.0 
280.0 320.0 2.972179609700175 6.113772263289968 68.0 
280.0 321.0 2.972179609700175 6.113772263289968 68.0 
281.0 316.0 2.972179609700175 6.113772263289968 68.0 
281.0 317.0 2.972179609700175 6.113772263289968 68.0 
281.0 318.0 2.972179609700175 6.113772263289968 68.0 
281.0 319.0 2.972179609700175 6.113772263289968 68.0 
281.0 320.0 2.972179609700175 6.113772263289968 68.0 
281.0 321.0 2.972179609700175 6.113772263289968 68.0 
282.0 316.0 2.972179609700175 6.113772263289968 68.0 
282.0 317.0 2.972179609700175 6.113772263289968 68.0 
282.0 318.0 2.972179609700175 6.113772263289968 68.0 
282.0 319.0 2.972179609700175 6.113772263289968 68.0 
282.0 320.0 2.972179609700175 6.113772263289968 68.0 
282.0 321.0 2.972179609700175 6.113772263289968 68.0 
283.0 316.0 2.972179609700175 6.113772263289968 68.0 
283.0 317.0 2.972179609700175 6.113772263289968 68.0 
283.0 318.0 2.972179609700175 6.113772263289968 68.0 
283.0 319.0 2.972179609700175 6.113772263289968 68.0 
283.0 320.0 2.972179609700175 6.113772263289968 68.0 
283.0 321.0 2.972179609700175 6.113772263289968 68.0 
284.0 318.0 2.972179609700175 6.113772263289968 68.0 
284.0 319.0 2.972179609700175 6.113772263289968 68.0 
284.0 320.0 2.972179609700175 6.113772263289968 68.0 
284.0 321.0 2.972179609700175 6.113772263289968 68.0 
