270.0 276.0 1.72116775480203 4.862760408391823 40.0 
270.0 277.0 1.72116775480203 4.862760408391823 40.0 
270.0 278.0 1.72116775480203 4.862760408391823 40.0 
270.0 279.0 1.72116775480203 4.862760408391823 40.0 
270.0 280.0 1.72116775480203 4.862760408391823 40.0 
270.0 281.0 1.72116775480203 4.862760408391823 40.0 
271.0 269.0 1.72116775480203 4.862760408391823 40.0 
271.0 270.0 1.72116775480203 4.862760408391823 40.0 
271.0 271.0 1.72116775480203 4.862760408391823 40.0 
271.0 272.0 1.72116775480203 4.862760408391823 40.0 
271.0 273.0 1.72116775480203 4.862760408391823 40.0 
271.0 274.0 1.72116775480203 4.862760408391823 40.0 
271.0 275.0 1.72116775480203 4.862760408391823 40.0 
271.0 276.0 1.72116775480203 4.862760408391823 40.0 
271.0 277.0 1.72116775480203 4.862760408391823 40.0 
271.0 278.0 1.72116775480203 4.862760408391823 40.0 
271.0 279.0 1.72116775480203 4.862760408391823 40.0 
271.0 280.0 1.72116775480203 4.862760408391823 40.0 
271.0 281.0 1.72116775480203 4.862760408391823 40.0 
272.0 262.0 1.72116775480203 4.862760408391823 40.0 
272.0 263.0 1.72116775480203 4.862760408391823 40.0 
272.0 264.0 1.72116775480203 4.862760408391823 40.0 
272.0 265.0 1.72116775480203 4.862760408391823 40.0 
272.0 266.0 1.72116775480203 4.862760408391823 40.0 
272.0 267.0 1.72116775480203 4.862760408391823 40.0 
272.0 268.0 1.72116775480203 4.862760408391823 40.0 
272.0 269.0 1.72116775480203 4.862760408391823 40.0 
272.0 270.0 1.72116775480203 4.862760408391823 40.0 
272.0 271.0 1.72116775480203 4.862760408391823 40.0 
272.0 272.0 1.72116775480203 4.862760408391823 40.0 
272.0 273.0 1.72116775480203 4.862760408391823 40.0 
272.0 274.0 1.72116775480203 4.862760408391823 40.0 
272.0 275.0 1.72116775480203 4.862760408391823 40.0 
272.0 276.0 1.72116775480203 4.862760408391823 40.0 
272.0 277.0 1.72116775480203 4.862760408391823 40.0 
272.0 278.0 1.72116775480203 4.862760408391823 40.0 
272.0 279.0 1.72116775480203 4.862760408391823 40.0 
272.0 280.0 1.72116775480203 4.862760408391823 40.0 
272.0 281.0 1.72116775480203 4.862760408391823 40.0 
273.0 256.0 1.72116775480203 4.862760408391823 40.0 
273.0 257.0 1.72116775480203 4.862760408391823 40.0 
273.0 258.0 1.72116775480203 4.862760408391823 40.0 
273.0 259.0 1.72116775480203 4.862760408391823 40.0 
273.0 260.0 1.72116775480203 4.862760408391823 40.0 
273.0 261.0 1.72116775480203 4.862760408391823 40.0 
273.0 262.0 1.72116775480203 4.862760408391823 40.0 
273.0 263.0 1.72116775480203 4.862760408391823 40.0 
273.0 264.0 1.72116775480203 4.862760408391823 40.0 
273.0 265.0 1.72116775480203 4.862760408391823 40.0 
273.0 266.0 1.72116775480203 4.862760408391823 40.0 
273.0 267.0 1.72116775480203 4.862760408391823 40.0 
273.0 268.0 1.72116775480203 4.862760408391823 40.0 
273.0 269.0 1.72116775480203 4.862760408391823 40.0 
273.0 270.0 1.72116775480203 4.862760408391823 40.0 
273.0 271.0 1.72116775480203 4.862760408391823 40.0 
273.0 272.0 1.72116775480203 4.862760408391823 40.0 
273.0 273.0 1.72116775480203 4.862760408391823 40.0 
273.0 274.0 1.72116775480203 4.862760408391823 40.0 
273.0 275.0 1.72116775480203 4.862760408391823 40.0 
273.0 276.0 1.72116775480203 4.862760408391823 40.0 
273.0 277.0 1.72116775480203 4.862760408391823 40.0 
273.0 278.0 1.72116775480203 4.862760408391823 40.0 
273.0 279.0 1.72116775480203 4.862760408391823 40.0 
273.0 280.0 1.72116775480203 4.862760408391823 40.0 
273.0 281.0 1.72116775480203 4.862760408391823 40.0 
273.0 282.0 1.72116775480203 4.862760408391823 40.0 
274.0 249.0 1.72116775480203 4.862760408391823 40.0 
274.0 250.0 1.72116775480203 4.862760408391823 40.0 
274.0 251.0 1.72116775480203 4.862760408391823 40.0 
274.0 252.0 1.72116775480203 4.862760408391823 40.0 
274.0 253.0 1.72116775480203 4.862760408391823 40.0 
274.0 254.0 1.72116775480203 4.862760408391823 40.0 
274.0 255.0 1.72116775480203 4.862760408391823 40.0 
274.0 256.0 1.72116775480203 4.862760408391823 40.0 
274.0 257.0 1.72116775480203 4.862760408391823 40.0 
274.0 258.0 1.72116775480203 4.862760408391823 40.0 
274.0 259.0 1.72116775480203 4.862760408391823 40.0 
274.0 260.0 1.72116775480203 4.862760408391823 40.0 
274.0 261.0 1.72116775480203 4.862760408391823 40.0 
274.0 262.0 1.72116775480203 4.862760408391823 40.0 
274.0 263.0 1.72116775480203 4.862760408391823 40.0 
274.0 264.0 1.72116775480203 4.862760408391823 40.0 
274.0 265.0 1.72116775480203 4.862760408391823 40.0 
274.0 266.0 1.72116775480203 4.862760408391823 40.0 
274.0 267.0 1.72116775480203 4.862760408391823 40.0 
274.0 268.0 1.72116775480203 4.862760408391823 40.0 
274.0 269.0 1.72116775480203 4.862760408391823 40.0 
274.0 270.0 1.72116775480203 4.862760408391823 40.0 
274.0 271.0 1.72116775480203 4.862760408391823 40.0 
274.0 272.0 1.72116775480203 4.862760408391823 40.0 
274.0 273.0 1.72116775480203 4.862760408391823 40.0 
274.0 274.0 1.72116775480203 4.862760408391823 40.0 
274.0 275.0 1.72116775480203 4.862760408391823 40.0 
274.0 276.0 1.72116775480203 4.862760408391823 40.0 
274.0 277.0 1.72116775480203 4.862760408391823 40.0 
274.0 278.0 1.72116775480203 4.862760408391823 40.0 
274.0 279.0 1.72116775480203 4.862760408391823 40.0 
274.0 280.0 1.72116775480203 4.862760408391823 40.0 
274.0 281.0 1.72116775480203 4.862760408391823 40.0 
274.0 282.0 1.72116775480203 4.862760408391823 40.0 
275.0 249.0 1.72116775480203 4.862760408391823 40.0 
275.0 250.0 1.72116775480203 4.862760408391823 40.0 
275.0 251.0 1.72116775480203 4.862760408391823 40.0 
275.0 252.0 1.72116775480203 4.862760408391823 40.0 
275.0 253.0 1.72116775480203 4.862760408391823 40.0 
275.0 254.0 1.72116775480203 4.862760408391823 40.0 
275.0 255.0 1.72116775480203 4.862760408391823 40.0 
275.0 256.0 1.72116775480203 4.862760408391823 40.0 
275.0 257.0 1.72116775480203 4.862760408391823 40.0 
275.0 258.0 1.72116775480203 4.862760408391823 40.0 
275.0 259.0 1.72116775480203 4.862760408391823 40.0 
275.0 260.0 1.72116775480203 4.862760408391823 40.0 
275.0 261.0 1.72116775480203 4.862760408391823 40.0 
275.0 262.0 1.72116775480203 4.862760408391823 40.0 
275.0 263.0 1.72116775480203 4.862760408391823 40.0 
275.0 264.0 1.72116775480203 4.862760408391823 40.0 
275.0 265.0 1.72116775480203 4.862760408391823 40.0 
275.0 266.0 1.72116775480203 4.862760408391823 40.0 
275.0 267.0 1.72116775480203 4.862760408391823 40.0 
275.0 268.0 1.72116775480203 4.862760408391823 40.0 
275.0 269.0 1.72116775480203 4.862760408391823 40.0 
275.0 270.0 1.72116775480203 4.862760408391823 40.0 
275.0 271.0 1.72116775480203 4.862760408391823 40.0 
275.0 272.0 1.72116775480203 4.862760408391823 40.0 
275.0 273.0 1.72116775480203 4.862760408391823 40.0 
275.0 274.0 1.72116775480203 4.862760408391823 40.0 
275.0 275.0 1.72116775480203 4.862760408391823 40.0 
275.0 276.0 1.72116775480203 4.862760408391823 40.0 
275.0 277.0 1.72116775480203 4.862760408391823 40.0 
275.0 278.0 1.72116775480203 4.862760408391823 40.0 
275.0 279.0 1.72116775480203 4.862760408391823 40.0 
275.0 280.0 1.72116775480203 4.862760408391823 40.0 
275.0 281.0 1.72116775480203 4.862760408391823 40.0 
275.0 282.0 1.72116775480203 4.862760408391823 40.0 
276.0 249.0 1.72116775480203 4.862760408391823 40.0 
276.0 250.0 1.72116775480203 4.862760408391823 40.0 
276.0 251.0 1.72116775480203 4.862760408391823 40.0 
276.0 252.0 1.72116775480203 4.862760408391823 40.0 
276.0 253.0 1.72116775480203 4.862760408391823 40.0 
276.0 254.0 1.72116775480203 4.862760408391823 40.0 
276.0 255.0 1.72116775480203 4.862760408391823 40.0 
276.0 256.0 1.72116775480203 4.862760408391823 40.0 
276.0 257.0 1.72116775480203 4.862760408391823 40.0 
276.0 258.0 1.72116775480203 4.862760408391823 40.0 
276.0 259.0 1.72116775480203 4.862760408391823 40.0 
276.0 260.0 1.72116775480203 4.862760408391823 40.0 
276.0 261.0 1.72116775480203 4.862760408391823 40.0 
276.0 262.0 1.72116775480203 4.862760408391823 40.0 
276.0 263.0 1.72116775480203 4.862760408391823 40.0 
276.0 264.0 1.72116775480203 4.862760408391823 40.0 
276.0 265.0 1.72116775480203 4.862760408391823 40.0 
276.0 266.0 1.72116775480203 4.862760408391823 40.0 
276.0 267.0 1.72116775480203 4.862760408391823 40.0 
276.0 268.0 1.72116775480203 4.862760408391823 40.0 
276.0 269.0 1.72116775480203 4.862760408391823 40.0 
276.0 270.0 1.72116775480203 4.862760408391823 40.0 
276.0 271.0 1.72116775480203 4.862760408391823 40.0 
276.0 272.0 1.72116775480203 4.862760408391823 40.0 
276.0 273.0 1.72116775480203 4.862760408391823 40.0 
276.0 274.0 1.72116775480203 4.862760408391823 40.0 
276.0 275.0 1.72116775480203 4.862760408391823 40.0 
277.0 249.0 1.72116775480203 4.862760408391823 40.0 
277.0 250.0 1.72116775480203 4.862760408391823 40.0 
277.0 251.0 1.72116775480203 4.862760408391823 40.0 
277.0 252.0 1.72116775480203 4.862760408391823 40.0 
277.0 253.0 1.72116775480203 4.862760408391823 40.0 
277.0 254.0 1.72116775480203 4.862760408391823 40.0 
277.0 255.0 1.72116775480203 4.862760408391823 40.0 
277.0 256.0 1.72116775480203 4.862760408391823 40.0 
277.0 257.0 1.72116775480203 4.862760408391823 40.0 
277.0 258.0 1.72116775480203 4.862760408391823 40.0 
277.0 259.0 1.72116775480203 4.862760408391823 40.0 
277.0 260.0 1.72116775480203 4.862760408391823 40.0 
277.0 261.0 1.72116775480203 4.862760408391823 40.0 
277.0 262.0 1.72116775480203 4.862760408391823 40.0 
277.0 263.0 1.72116775480203 4.862760408391823 40.0 
277.0 264.0 1.72116775480203 4.862760408391823 40.0 
277.0 265.0 1.72116775480203 4.862760408391823 40.0 
277.0 266.0 1.72116775480203 4.862760408391823 40.0 
277.0 267.0 1.72116775480203 4.862760408391823 40.0 
277.0 268.0 1.72116775480203 4.862760408391823 40.0 
277.0 269.0 1.72116775480203 4.862760408391823 40.0 
278.0 250.0 1.72116775480203 4.862760408391823 40.0 
278.0 251.0 1.72116775480203 4.862760408391823 40.0 
278.0 252.0 1.72116775480203 4.862760408391823 40.0 
278.0 253.0 1.72116775480203 4.862760408391823 40.0 
278.0 254.0 1.72116775480203 4.862760408391823 40.0 
278.0 255.0 1.72116775480203 4.862760408391823 40.0 
278.0 256.0 1.72116775480203 4.862760408391823 40.0 
278.0 257.0 1.72116775480203 4.862760408391823 40.0 
278.0 258.0 1.72116775480203 4.862760408391823 40.0 
278.0 259.0 1.72116775480203 4.862760408391823 40.0 
278.0 260.0 1.72116775480203 4.862760408391823 40.0 
278.0 261.0 1.72116775480203 4.862760408391823 40.0 
278.0 262.0 1.72116775480203 4.862760408391823 40.0 
279.0 250.0 1.72116775480203 4.862760408391823 40.0 
279.0 251.0 1.72116775480203 4.862760408391823 40.0 
279.0 252.0 1.72116775480203 4.862760408391823 40.0 
279.0 253.0 1.72116775480203 4.862760408391823 40.0 
279.0 254.0 1.72116775480203 4.862760408391823 40.0 
279.0 255.0 1.72116775480203 4.862760408391823 40.0 
