236.0 219.0 4.567947402010047 1.426354748420254 80.0 
236.0 220.0 4.567947402010047 1.426354748420254 80.0 
236.0 221.0 4.567947402010047 1.426354748420254 80.0 
236.0 222.0 4.567947402010047 1.426354748420254 80.0 
236.0 223.0 4.567947402010047 1.426354748420254 80.0 
236.0 224.0 4.567947402010047 1.426354748420254 80.0 
236.0 225.0 4.567947402010047 1.426354748420254 80.0 
237.0 219.0 4.567947402010047 1.426354748420254 80.0 
237.0 220.0 4.567947402010047 1.426354748420254 80.0 
237.0 221.0 4.567947402010047 1.426354748420254 80.0 
237.0 222.0 4.567947402010047 1.426354748420254 80.0 
237.0 223.0 4.567947402010047 1.426354748420254 80.0 
237.0 224.0 4.567947402010047 1.426354748420254 80.0 
237.0 225.0 4.567947402010047 1.426354748420254 80.0 
237.0 226.0 4.567947402010047 1.426354748420254 80.0 
237.0 227.0 4.567947402010047 1.426354748420254 80.0 
237.0 228.0 4.567947402010047 1.426354748420254 80.0 
237.0 229.0 4.567947402010047 1.426354748420254 80.0 
237.0 230.0 4.567947402010047 1.426354748420254 80.0 
237.0 231.0 4.567947402010047 1.426354748420254 80.0 
238.0 218.0 4.567947402010047 1.426354748420254 80.0 
238.0 219.0 4.567947402010047 1.426354748420254 80.0 
238.0 220.0 4.567947402010047 1.426354748420254 80.0 
238.0 221.0 4.567947402010047 1.426354748420254 80.0 
238.0 222.0 4.567947402010047 1.426354748420254 80.0 
238.0 223.0 4.567947402010047 1.426354748420254 80.0 
238.0 224.0 4.567947402010047 1.426354748420254 80.0 
238.0 225.0 4.567947402010047 1.426354748420254 80.0 
238.0 226.0 4.567947402010047 1.426354748420254 80.0 
238.0 227.0 4.567947402010047 1.426354748420254 80.0 
238.0 228.0 4.567947402010047 1.426354748420254 80.0 
238.0 229.0 4.567947402010047 1.426354748420254 80.0 
238.0 230.0 4.567947402010047 1.426354748420254 80.0 
238.0 231.0 4.567947402010047 1.426354748420254 80.0 
238.0 232.0 4.567947402010047 1.426354748420254 80.0 
238.0 233.0 4.567947402010047 1.426354748420254 80.0 
238.0 234.0 4.567947402010047 1.426354748420254 80.0 
238.0 235.0 4.567947402010047 1.426354748420254 80.0 
238.0 236.0 4.567947402010047 1.426354748420254 80.0 
238.0 237.0 4.567947402010047 1.426354748420254 80.0 
238.0 238.0 4.567947402010047 1.426354748420254 80.0 
239.0 218.0 4.567947402010047 1.426354748420254 80.0 
239.0 219.0 4.567947402010047 1.426354748420254 80.0 
239.0 220.0 4.567947402010047 1.426354748420254 80.0 
239.0 221.0 4.567947402010047 1.426354748420254 80.0 
239.0 222.0 4.567947402010047 1.426354748420254 80.0 
239.0 223.0 4.567947402010047 1.426354748420254 80.0 
239.0 224.0 4.567947402010047 1.426354748420254 80.0 
239.0 225.0 4.567947402010047 1.426354748420254 80.0 
239.0 226.0 4.567947402010047 1.426354748420254 80.0 
239.0 227.0 4.567947402010047 1.426354748420254 80.0 
239.0 228.0 4.567947402010047 1.426354748420254 80.0 
239.0 229.0 4.567947402010047 1.426354748420254 80.0 
239.0 230.0 4.567947402010047 1.426354748420254 80.0 
239.0 231.0 4.567947402010047 1.426354748420254 80.0 
239.0 232.0 4.567947402010047 1.426354748420254 80.0 
239.0 233.0 4.567947402010047 1.426354748420254 80.0 
239.0 234.0 4.567947402010047 1.426354748420254 80.0 
239.0 235.0 4.567947402010047 1.426354748420254 80.0 
239.0 236.0 4.567947402010047 1.426354748420254 80.0 
239.0 237.0 4.567947402010047 1.426354748420254 80.0 
239.0 238.0 4.567947402010047 1.426354748420254 80.0 
239.0 239.0 4.567947402010047 1.426354748420254 80.0 
239.0 240.0 4.567947402010047 1.426354748420254 80.0 
239.0 241.0 4.567947402010047 1.426354748420254 80.0 
239.0 242.0 4.567947402010047 1.426354748420254 80.0 
239.0 243.0 4.567947402010047 1.426354748420254 80.0 
239.0 244.0 4.567947402010047 1.426354748420254 80.0 
239.0 245.0 4.567947402010047 1.426354748420254 80.0 
240.0 218.0 4.567947402010047 1.426354748420254 80.0 
240.0 219.0 4.567947402010047 1.426354748420254 80.0 
240.0 220.0 4.567947402010047 1.426354748420254 80.0 
240.0 221.0 4.567947402010047 1.426354748420254 80.0 
240.0 222.0 4.567947402010047 1.426354748420254 80.0 
240.0 223.0 4.567947402010047 1.426354748420254 80.0 
240.0 224.0 4.567947402010047 1.426354748420254 80.0 
240.0 225.0 4.567947402010047 1.426354748420254 80.0 
240.0 226.0 4.567947402010047 1.426354748420254 80.0 
240.0 227.0 4.567947402010047 1.426354748420254 80.0 
240.0 228.0 4.567947402010047 1.426354748420254 80.0 
240.0 229.0 4.567947402010047 1.426354748420254 80.0 
240.0 230.0 4.567947402010047 1.426354748420254 80.0 
240.0 231.0 4.567947402010047 1.426354748420254 80.0 
240.0 232.0 4.567947402010047 1.426354748420254 80.0 
240.0 233.0 4.567947402010047 1.426354748420254 80.0 
240.0 234.0 4.567947402010047 1.426354748420254 80.0 
240.0 235.0 4.567947402010047 1.426354748420254 80.0 
240.0 236.0 4.567947402010047 1.426354748420254 80.0 
240.0 237.0 4.567947402010047 1.426354748420254 80.0 
240.0 238.0 4.567947402010047 1.426354748420254 80.0 
240.0 239.0 4.567947402010047 1.426354748420254 80.0 
240.0 240.0 4.567947402010047 1.426354748420254 80.0 
240.0 241.0 4.567947402010047 1.426354748420254 80.0 
240.0 242.0 4.567947402010047 1.426354748420254 80.0 
240.0 243.0 4.567947402010047 1.426354748420254 80.0 
240.0 244.0 4.567947402010047 1.426354748420254 80.0 
240.0 245.0 4.567947402010047 1.426354748420254 80.0 
240.0 246.0 4.567947402010047 1.426354748420254 80.0 
240.0 247.0 4.567947402010047 1.426354748420254 80.0 
240.0 248.0 4.567947402010047 1.426354748420254 80.0 
240.0 249.0 4.567947402010047 1.426354748420254 80.0 
240.0 250.0 4.567947402010047 1.426354748420254 80.0 
240.0 251.0 4.567947402010047 1.426354748420254 80.0 
240.0 252.0 4.567947402010047 1.426354748420254 80.0 
241.0 218.0 4.567947402010047 1.426354748420254 80.0 
241.0 219.0 4.567947402010047 1.426354748420254 80.0 
241.0 220.0 4.567947402010047 1.426354748420254 80.0 
241.0 221.0 4.567947402010047 1.426354748420254 80.0 
241.0 222.0 4.567947402010047 1.426354748420254 80.0 
241.0 223.0 4.567947402010047 1.426354748420254 80.0 
241.0 224.0 4.567947402010047 1.426354748420254 80.0 
241.0 225.0 4.567947402010047 1.426354748420254 80.0 
241.0 226.0 4.567947402010047 1.426354748420254 80.0 
241.0 227.0 4.567947402010047 1.426354748420254 80.0 
241.0 228.0 4.567947402010047 1.426354748420254 80.0 
241.0 229.0 4.567947402010047 1.426354748420254 80.0 
241.0 230.0 4.567947402010047 1.426354748420254 80.0 
241.0 231.0 4.567947402010047 1.426354748420254 80.0 
241.0 232.0 4.567947402010047 1.426354748420254 80.0 
241.0 233.0 4.567947402010047 1.426354748420254 80.0 
241.0 234.0 4.567947402010047 1.426354748420254 80.0 
241.0 235.0 4.567947402010047 1.426354748420254 80.0 
241.0 236.0 4.567947402010047 1.426354748420254 80.0 
241.0 237.0 4.567947402010047 1.426354748420254 80.0 
241.0 238.0 4.567947402010047 1.426354748420254 80.0 
241.0 239.0 4.567947402010047 1.426354748420254 80.0 
241.0 240.0 4.567947402010047 1.426354748420254 80.0 
241.0 241.0 4.567947402010047 1.426354748420254 80.0 
241.0 242.0 4.567947402010047 1.426354748420254 80.0 
241.0 243.0 4.567947402010047 1.426354748420254 80.0 
241.0 244.0 4.567947402010047 1.426354748420254 80.0 
241.0 245.0 4.567947402010047 1.426354748420254 80.0 
241.0 246.0 4.567947402010047 1.426354748420254 80.0 
241.0 247.0 4.567947402010047 1.426354748420254 80.0 
241.0 248.0 4.567947402010047 1.426354748420254 80.0 
241.0 249.0 4.567947402010047 1.426354748420254 80.0 
241.0 250.0 4.567947402010047 1.426354748420254 80.0 
241.0 251.0 4.567947402010047 1.426354748420254 80.0 
241.0 252.0 4.567947402010047 1.426354748420254 80.0 
241.0 253.0 4.567947402010047 1.426354748420254 80.0 
241.0 254.0 4.567947402010047 1.426354748420254 80.0 
241.0 255.0 4.567947402010047 1.426354748420254 80.0 
241.0 256.0 4.567947402010047 1.426354748420254 80.0 
241.0 257.0 4.567947402010047 1.426354748420254 80.0 
241.0 258.0 4.567947402010047 1.426354748420254 80.0 
241.0 259.0 4.567947402010047 1.426354748420254 80.0 
242.0 225.0 4.567947402010047 1.426354748420254 80.0 
242.0 226.0 4.567947402010047 1.426354748420254 80.0 
242.0 227.0 4.567947402010047 1.426354748420254 80.0 
242.0 228.0 4.567947402010047 1.426354748420254 80.0 
242.0 229.0 4.567947402010047 1.426354748420254 80.0 
242.0 230.0 4.567947402010047 1.426354748420254 80.0 
242.0 231.0 4.567947402010047 1.426354748420254 80.0 
242.0 232.0 4.567947402010047 1.426354748420254 80.0 
242.0 233.0 4.567947402010047 1.426354748420254 80.0 
242.0 234.0 4.567947402010047 1.426354748420254 80.0 
242.0 235.0 4.567947402010047 1.426354748420254 80.0 
242.0 236.0 4.567947402010047 1.426354748420254 80.0 
242.0 237.0 4.567947402010047 1.426354748420254 80.0 
242.0 238.0 4.567947402010047 1.426354748420254 80.0 
242.0 239.0 4.567947402010047 1.426354748420254 80.0 
242.0 240.0 4.567947402010047 1.426354748420254 80.0 
242.0 241.0 4.567947402010047 1.426354748420254 80.0 
242.0 242.0 4.567947402010047 1.426354748420254 80.0 
242.0 243.0 4.567947402010047 1.426354748420254 80.0 
242.0 244.0 4.567947402010047 1.426354748420254 80.0 
242.0 245.0 4.567947402010047 1.426354748420254 80.0 
242.0 246.0 4.567947402010047 1.426354748420254 80.0 
242.0 247.0 4.567947402010047 1.426354748420254 80.0 
242.0 248.0 4.567947402010047 1.426354748420254 80.0 
242.0 249.0 4.567947402010047 1.426354748420254 80.0 
242.0 250.0 4.567947402010047 1.426354748420254 80.0 
242.0 251.0 4.567947402010047 1.426354748420254 80.0 
242.0 252.0 4.567947402010047 1.426354748420254 80.0 
242.0 253.0 4.567947402010047 1.426354748420254 80.0 
242.0 254.0 4.567947402010047 1.426354748420254 80.0 
242.0 255.0 4.567947402010047 1.426354748420254 80.0 
242.0 256.0 4.567947402010047 1.426354748420254 80.0 
242.0 257.0 4.567947402010047 1.426354748420254 80.0 
242.0 258.0 4.567947402010047 1.426354748420254 80.0 
242.0 259.0 4.567947402010047 1.426354748420254 80.0 
242.0 260.0 4.567947402010047 1.426354748420254 80.0 
242.0 261.0 4.567947402010047 1.426354748420254 80.0 
242.0 262.0 4.567947402010047 1.426354748420254 80.0 
242.0 263.0 4.567947402010047 1.426354748420254 80.0 
242.0 264.0 4.567947402010047 1.426354748420254 80.0 
242.0 265.0 4.567947402010047 1.426354748420254 80.0 
242.0 266.0 4.567947402010047 1.426354748420254 80.0 
243.0 232.0 4.567947402010047 1.426354748420254 80.0 
243.0 233.0 4.567947402010047 1.426354748420254 80.0 
243.0 234.0 4.567947402010047 1.426354748420254 80.0 
243.0 235.0 4.567947402010047 1.426354748420254 80.0 
243.0 236.0 4.567947402010047 1.426354748420254 80.0 
243.0 237.0 4.567947402010047 1.426354748420254 80.0 
243.0 238.0 4.567947402010047 1.426354748420254 80.0 
243.0 239.0 4.567947402010047 1.426354748420254 80.0 
243.0 240.0 4.567947402010047 1.426354748420254 80.0 
243.0 241.0 4.567947402010047 1.426354748420254 80.0 
243.0 242.0 4.567947402010047 1.426354748420254 80.0 
243.0 243.0 4.567947402010047 1.426354748420254 80.0 
243.0 244.0 4.567947402010047 1.426354748420254 80.0 
243.0 245.0 4.567947402010047 1.426354748420254 80.0 
243.0 246.0 4.567947402010047 1.426354748420254 80.0 
243.0 247.0 4.567947402010047 1.426354748420254 80.0 
243.0 248.0 4.567947402010047 1.426354748420254 80.0 
243.0 249.0 4.567947402010047 1.426354748420254 80.0 
243.0 250.0 4.567947402010047 1.426354748420254 80.0 
243.0 251.0 4.567947402010047 1.426354748420254 80.0 
243.0 252.0 4.567947402010047 1.426354748420254 80.0 
243.0 253.0 4.567947402010047 1.426354748420254 80.0 
243.0 254.0 4.567947402010047 1.426354748420254 80.0 
243.0 255.0 4.567947402010047 1.426354748420254 80.0 
243.0 256.0 4.567947402010047 1.426354748420254 80.0 
243.0 257.0 4.567947402010047 1.426354748420254 80.0 
243.0 258.0 4.567947402010047 1.426354748420254 80.0 
243.0 259.0 4.567947402010047 1.426354748420254 80.0 
243.0 260.0 4.567947402010047 1.426354748420254 80.0 
243.0 261.0 4.567947402010047 1.426354748420254 80.0 
243.0 262.0 4.567947402010047 1.426354748420254 80.0 
243.0 263.0 4.567947402010047 1.426354748420254 80.0 
243.0 264.0 4.567947402010047 1.426354748420254 80.0 
243.0 265.0 4.567947402010047 1.426354748420254 80.0 
243.0 266.0 4.567947402010047 1.426354748420254 80.0 
243.0 267.0 4.567947402010047 1.426354748420254 80.0 
243.0 268.0 4.567947402010047 1.426354748420254 80.0 
243.0 269.0 4.567947402010047 1.426354748420254 80.0 
243.0 270.0 4.567947402010047 1.426354748420254 80.0 
243.0 271.0 4.567947402010047 1.426354748420254 80.0 
243.0 272.0 4.567947402010047 1.426354748420254 80.0 
243.0 273.0 4.567947402010047 1.426354748420254 80.0 
244.0 239.0 4.567947402010047 1.426354748420254 80.0 
244.0 240.0 4.567947402010047 1.426354748420254 80.0 
244.0 241.0 4.567947402010047 1.426354748420254 80.0 
244.0 242.0 4.567947402010047 1.426354748420254 80.0 
244.0 243.0 4.567947402010047 1.426354748420254 80.0 
244.0 244.0 4.567947402010047 1.426354748420254 80.0 
244.0 245.0 4.567947402010047 1.426354748420254 80.0 
244.0 246.0 4.567947402010047 1.426354748420254 80.0 
244.0 247.0 4.567947402010047 1.426354748420254 80.0 
244.0 248.0 4.567947402010047 1.426354748420254 80.0 
244.0 249.0 4.567947402010047 1.426354748420254 80.0 
244.0 250.0 4.567947402010047 1.426354748420254 80.0 
244.0 251.0 4.567947402010047 1.426354748420254 80.0 
244.0 252.0 4.567947402010047 1.426354748420254 80.0 
244.0 253.0 4.567947402010047 1.426354748420254 80.0 
244.0 254.0 4.567947402010047 1.426354748420254 80.0 
244.0 255.0 4.567947402010047 1.426354748420254 80.0 
244.0 256.0 4.567947402010047 1.426354748420254 80.0 
244.0 257.0 4.567947402010047 1.426354748420254 80.0 
244.0 258.0 4.567947402010047 1.426354748420254 80.0 
244.0 259.0 4.567947402010047 1.426354748420254 80.0 
244.0 260.0 4.567947402010047 1.426354748420254 80.0 
244.0 261.0 4.567947402010047 1.426354748420254 80.0 
244.0 262.0 4.567947402010047 1.426354748420254 80.0 
244.0 263.0 4.567947402010047 1.426354748420254 80.0 
244.0 264.0 4.567947402010047 1.426354748420254 80.0 
244.0 265.0 4.567947402010047 1.426354748420254 80.0 
244.0 266.0 4.567947402010047 1.426354748420254 80.0 
244.0 267.0 4.567947402010047 1.426354748420254 80.0 
244.0 268.0 4.567947402010047 1.426354748420254 80.0 
244.0 269.0 4.567947402010047 1.426354748420254 80.0 
244.0 270.0 4.567947402010047 1.426354748420254 80.0 
244.0 271.0 4.567947402010047 1.426354748420254 80.0 
244.0 272.0 4.567947402010047 1.426354748420254 80.0 
244.0 273.0 4.567947402010047 1.426354748420254 80.0 
244.0 274.0 4.567947402010047 1.426354748420254 80.0 
244.0 275.0 4.567947402010047 1.426354748420254 80.0 
244.0 276.0 4.567947402010047 1.426354748420254 80.0 
244.0 277.0 4.567947402010047 1.426354748420254 80.0 
244.0 278.0 4.567947402010047 1.426354748420254 80.0 
244.0 279.0 4.567947402010047 1.426354748420254 80.0 
244.0 280.0 4.567947402010047 1.426354748420254 80.0 
245.0 246.0 4.567947402010047 1.426354748420254 80.0 
245.0 247.0 4.567947402010047 1.426354748420254 80.0 
245.0 248.0 4.567947402010047 1.426354748420254 80.0 
245.0 249.0 4.567947402010047 1.426354748420254 80.0 
245.0 250.0 4.567947402010047 1.426354748420254 80.0 
245.0 251.0 4.567947402010047 1.426354748420254 80.0 
245.0 252.0 4.567947402010047 1.426354748420254 80.0 
245.0 253.0 4.567947402010047 1.426354748420254 80.0 
245.0 254.0 4.567947402010047 1.426354748420254 80.0 
245.0 255.0 4.567947402010047 1.426354748420254 80.0 
245.0 256.0 4.567947402010047 1.426354748420254 80.0 
245.0 257.0 4.567947402010047 1.426354748420254 80.0 
245.0 258.0 4.567947402010047 1.426354748420254 80.0 
245.0 259.0 4.567947402010047 1.426354748420254 80.0 
245.0 260.0 4.567947402010047 1.426354748420254 80.0 
245.0 261.0 4.567947402010047 1.426354748420254 80.0 
245.0 262.0 4.567947402010047 1.426354748420254 80.0 
245.0 263.0 4.567947402010047 1.426354748420254 80.0 
245.0 264.0 4.567947402010047 1.426354748420254 80.0 
245.0 265.0 4.567947402010047 1.426354748420254 80.0 
245.0 266.0 4.567947402010047 1.426354748420254 80.0 
245.0 267.0 4.567947402010047 1.426354748420254 80.0 
245.0 268.0 4.567947402010047 1.426354748420254 80.0 
245.0 269.0 4.567947402010047 1.426354748420254 80.0 
245.0 270.0 4.567947402010047 1.426354748420254 80.0 
245.0 271.0 4.567947402010047 1.426354748420254 80.0 
245.0 272.0 4.567947402010047 1.426354748420254 80.0 
245.0 273.0 4.567947402010047 1.426354748420254 80.0 
245.0 274.0 4.567947402010047 1.426354748420254 80.0 
245.0 275.0 4.567947402010047 1.426354748420254 80.0 
245.0 276.0 4.567947402010047 1.426354748420254 80.0 
245.0 277.0 4.567947402010047 1.426354748420254 80.0 
245.0 278.0 4.567947402010047 1.426354748420254 80.0 
245.0 279.0 4.567947402010047 1.426354748420254 80.0 
245.0 280.0 4.567947402010047 1.426354748420254 80.0 
245.0 281.0 4.567947402010047 1.426354748420254 80.0 
245.0 282.0 4.567947402010047 1.426354748420254 80.0 
245.0 283.0 4.567947402010047 1.426354748420254 80.0 
245.0 284.0 4.567947402010047 1.426354748420254 80.0 
245.0 285.0 4.567947402010047 1.426354748420254 80.0 
245.0 286.0 4.567947402010047 1.426354748420254 80.0 
246.0 253.0 4.567947402010047 1.426354748420254 80.0 
246.0 254.0 4.567947402010047 1.426354748420254 80.0 
246.0 255.0 4.567947402010047 1.426354748420254 80.0 
246.0 256.0 4.567947402010047 1.426354748420254 80.0 
246.0 257.0 4.567947402010047 1.426354748420254 80.0 
246.0 258.0 4.567947402010047 1.426354748420254 80.0 
246.0 259.0 4.567947402010047 1.426354748420254 80.0 
246.0 260.0 4.567947402010047 1.426354748420254 80.0 
246.0 261.0 4.567947402010047 1.426354748420254 80.0 
246.0 262.0 4.567947402010047 1.426354748420254 80.0 
246.0 263.0 4.567947402010047 1.426354748420254 80.0 
246.0 264.0 4.567947402010047 1.426354748420254 80.0 
246.0 265.0 4.567947402010047 1.426354748420254 80.0 
246.0 266.0 4.567947402010047 1.426354748420254 80.0 
246.0 267.0 4.567947402010047 1.426354748420254 80.0 
246.0 268.0 4.567947402010047 1.426354748420254 80.0 
246.0 269.0 4.567947402010047 1.426354748420254 80.0 
246.0 270.0 4.567947402010047 1.426354748420254 80.0 
246.0 271.0 4.567947402010047 1.426354748420254 80.0 
246.0 272.0 4.567947402010047 1.426354748420254 80.0 
246.0 273.0 4.567947402010047 1.426354748420254 80.0 
246.0 274.0 4.567947402010047 1.426354748420254 80.0 
246.0 275.0 4.567947402010047 1.426354748420254 80.0 
246.0 276.0 4.567947402010047 1.426354748420254 80.0 
246.0 277.0 4.567947402010047 1.426354748420254 80.0 
246.0 278.0 4.567947402010047 1.426354748420254 80.0 
246.0 279.0 4.567947402010047 1.426354748420254 80.0 
246.0 280.0 4.567947402010047 1.426354748420254 80.0 
246.0 281.0 4.567947402010047 1.426354748420254 80.0 
246.0 282.0 4.567947402010047 1.426354748420254 80.0 
246.0 283.0 4.567947402010047 1.426354748420254 80.0 
246.0 284.0 4.567947402010047 1.426354748420254 80.0 
246.0 285.0 4.567947402010047 1.426354748420254 80.0 
246.0 286.0 4.567947402010047 1.426354748420254 80.0 
246.0 287.0 4.567947402010047 1.426354748420254 80.0 
246.0 288.0 4.567947402010047 1.426354748420254 80.0 
246.0 289.0 4.567947402010047 1.426354748420254 80.0 
246.0 290.0 4.567947402010047 1.426354748420254 80.0 
246.0 291.0 4.567947402010047 1.426354748420254 80.0 
246.0 292.0 4.567947402010047 1.426354748420254 80.0 
246.0 293.0 4.567947402010047 1.426354748420254 80.0 
247.0 260.0 4.567947402010047 1.426354748420254 80.0 
247.0 261.0 4.567947402010047 1.426354748420254 80.0 
247.0 262.0 4.567947402010047 1.426354748420254 80.0 
247.0 263.0 4.567947402010047 1.426354748420254 80.0 
247.0 264.0 4.567947402010047 1.426354748420254 80.0 
247.0 265.0 4.567947402010047 1.426354748420254 80.0 
247.0 266.0 4.567947402010047 1.426354748420254 80.0 
247.0 267.0 4.567947402010047 1.426354748420254 80.0 
247.0 268.0 4.567947402010047 1.426354748420254 80.0 
247.0 269.0 4.567947402010047 1.426354748420254 80.0 
247.0 270.0 4.567947402010047 1.426354748420254 80.0 
247.0 271.0 4.567947402010047 1.426354748420254 80.0 
247.0 272.0 4.567947402010047 1.426354748420254 80.0 
247.0 273.0 4.567947402010047 1.426354748420254 80.0 
247.0 274.0 4.567947402010047 1.426354748420254 80.0 
247.0 275.0 4.567947402010047 1.426354748420254 80.0 
247.0 276.0 4.567947402010047 1.426354748420254 80.0 
247.0 277.0 4.567947402010047 1.426354748420254 80.0 
247.0 278.0 4.567947402010047 1.426354748420254 80.0 
247.0 279.0 4.567947402010047 1.426354748420254 80.0 
247.0 280.0 4.567947402010047 1.426354748420254 80.0 
247.0 281.0 4.567947402010047 1.426354748420254 80.0 
247.0 282.0 4.567947402010047 1.426354748420254 80.0 
247.0 283.0 4.567947402010047 1.426354748420254 80.0 
247.0 284.0 4.567947402010047 1.426354748420254 80.0 
247.0 285.0 4.567947402010047 1.426354748420254 80.0 
247.0 286.0 4.567947402010047 1.426354748420254 80.0 
247.0 287.0 4.567947402010047 1.426354748420254 80.0 
247.0 288.0 4.567947402010047 1.426354748420254 80.0 
247.0 289.0 4.567947402010047 1.426354748420254 80.0 
247.0 290.0 4.567947402010047 1.426354748420254 80.0 
247.0 291.0 4.567947402010047 1.426354748420254 80.0 
247.0 292.0 4.567947402010047 1.426354748420254 80.0 
247.0 293.0 4.567947402010047 1.426354748420254 80.0 
247.0 294.0 4.567947402010047 1.426354748420254 80.0 
247.0 295.0 4.567947402010047 1.426354748420254 80.0 
247.0 296.0 4.567947402010047 1.426354748420254 80.0 
247.0 297.0 4.567947402010047 1.426354748420254 80.0 
247.0 298.0 4.567947402010047 1.426354748420254 80.0 
247.0 299.0 4.567947402010047 1.426354748420254 80.0 
247.0 300.0 4.567947402010047 1.426354748420254 80.0 
248.0 266.0 4.567947402010047 1.426354748420254 80.0 
248.0 267.0 4.567947402010047 1.426354748420254 80.0 
248.0 268.0 4.567947402010047 1.426354748420254 80.0 
248.0 269.0 4.567947402010047 1.426354748420254 80.0 
248.0 270.0 4.567947402010047 1.426354748420254 80.0 
248.0 271.0 4.567947402010047 1.426354748420254 80.0 
248.0 272.0 4.567947402010047 1.426354748420254 80.0 
248.0 273.0 4.567947402010047 1.426354748420254 80.0 
248.0 274.0 4.567947402010047 1.426354748420254 80.0 
248.0 275.0 4.567947402010047 1.426354748420254 80.0 
248.0 276.0 4.567947402010047 1.426354748420254 80.0 
248.0 277.0 4.567947402010047 1.426354748420254 80.0 
248.0 278.0 4.567947402010047 1.426354748420254 80.0 
248.0 279.0 4.567947402010047 1.426354748420254 80.0 
248.0 280.0 4.567947402010047 1.426354748420254 80.0 
248.0 281.0 4.567947402010047 1.426354748420254 80.0 
248.0 282.0 4.567947402010047 1.426354748420254 80.0 
248.0 283.0 4.567947402010047 1.426354748420254 80.0 
248.0 284.0 4.567947402010047 1.426354748420254 80.0 
248.0 285.0 4.567947402010047 1.426354748420254 80.0 
248.0 286.0 4.567947402010047 1.426354748420254 80.0 
248.0 287.0 4.567947402010047 1.426354748420254 80.0 
248.0 288.0 4.567947402010047 1.426354748420254 80.0 
248.0 289.0 4.567947402010047 1.426354748420254 80.0 
248.0 290.0 4.567947402010047 1.426354748420254 80.0 
248.0 291.0 4.567947402010047 1.426354748420254 80.0 
248.0 292.0 4.567947402010047 1.426354748420254 80.0 
248.0 293.0 4.567947402010047 1.426354748420254 80.0 
248.0 294.0 4.567947402010047 1.426354748420254 80.0 
248.0 295.0 4.567947402010047 1.426354748420254 80.0 
248.0 296.0 4.567947402010047 1.426354748420254 80.0 
248.0 297.0 4.567947402010047 1.426354748420254 80.0 
248.0 298.0 4.567947402010047 1.426354748420254 80.0 
248.0 299.0 4.567947402010047 1.426354748420254 80.0 
248.0 300.0 4.567947402010047 1.426354748420254 80.0 
248.0 301.0 4.567947402010047 1.426354748420254 80.0 
248.0 302.0 4.567947402010047 1.426354748420254 80.0 
248.0 303.0 4.567947402010047 1.426354748420254 80.0 
248.0 304.0 4.567947402010047 1.426354748420254 80.0 
248.0 305.0 4.567947402010047 1.426354748420254 80.0 
248.0 306.0 4.567947402010047 1.426354748420254 80.0 
248.0 307.0 4.567947402010047 1.426354748420254 80.0 
249.0 273.0 4.567947402010047 1.426354748420254 80.0 
249.0 274.0 4.567947402010047 1.426354748420254 80.0 
249.0 275.0 4.567947402010047 1.426354748420254 80.0 
249.0 276.0 4.567947402010047 1.426354748420254 80.0 
249.0 277.0 4.567947402010047 1.426354748420254 80.0 
249.0 278.0 4.567947402010047 1.426354748420254 80.0 
249.0 279.0 4.567947402010047 1.426354748420254 80.0 
249.0 280.0 4.567947402010047 1.426354748420254 80.0 
249.0 281.0 4.567947402010047 1.426354748420254 80.0 
249.0 282.0 4.567947402010047 1.426354748420254 80.0 
249.0 283.0 4.567947402010047 1.426354748420254 80.0 
249.0 284.0 4.567947402010047 1.426354748420254 80.0 
249.0 285.0 4.567947402010047 1.426354748420254 80.0 
249.0 286.0 4.567947402010047 1.426354748420254 80.0 
249.0 287.0 4.567947402010047 1.426354748420254 80.0 
249.0 288.0 4.567947402010047 1.426354748420254 80.0 
249.0 289.0 4.567947402010047 1.426354748420254 80.0 
249.0 290.0 4.567947402010047 1.426354748420254 80.0 
249.0 291.0 4.567947402010047 1.426354748420254 80.0 
249.0 292.0 4.567947402010047 1.426354748420254 80.0 
249.0 293.0 4.567947402010047 1.426354748420254 80.0 
249.0 294.0 4.567947402010047 1.426354748420254 80.0 
249.0 295.0 4.567947402010047 1.426354748420254 80.0 
249.0 296.0 4.567947402010047 1.426354748420254 80.0 
249.0 297.0 4.567947402010047 1.426354748420254 80.0 
249.0 298.0 4.567947402010047 1.426354748420254 80.0 
249.0 299.0 4.567947402010047 1.426354748420254 80.0 
249.0 300.0 4.567947402010047 1.426354748420254 80.0 
249.0 301.0 4.567947402010047 1.426354748420254 80.0 
249.0 302.0 4.567947402010047 1.426354748420254 80.0 
249.0 303.0 4.567947402010047 1.426354748420254 80.0 
249.0 304.0 4.567947402010047 1.426354748420254 80.0 
249.0 305.0 4.567947402010047 1.426354748420254 80.0 
249.0 306.0 4.567947402010047 1.426354748420254 80.0 
249.0 307.0 4.567947402010047 1.426354748420254 80.0 
249.0 308.0 4.567947402010047 1.426354748420254 80.0 
249.0 309.0 4.567947402010047 1.426354748420254 80.0 
249.0 310.0 4.567947402010047 1.426354748420254 80.0 
249.0 311.0 4.567947402010047 1.426354748420254 80.0 
249.0 312.0 4.567947402010047 1.426354748420254 80.0 
249.0 313.0 4.567947402010047 1.426354748420254 80.0 
249.0 314.0 4.567947402010047 1.426354748420254 80.0 
250.0 280.0 4.567947402010047 1.426354748420254 80.0 
250.0 281.0 4.567947402010047 1.426354748420254 80.0 
250.0 282.0 4.567947402010047 1.426354748420254 80.0 
250.0 283.0 4.567947402010047 1.426354748420254 80.0 
250.0 284.0 4.567947402010047 1.426354748420254 80.0 
250.0 285.0 4.567947402010047 1.426354748420254 80.0 
250.0 286.0 4.567947402010047 1.426354748420254 80.0 
250.0 287.0 4.567947402010047 1.426354748420254 80.0 
250.0 288.0 4.567947402010047 1.426354748420254 80.0 
250.0 289.0 4.567947402010047 1.426354748420254 80.0 
250.0 290.0 4.567947402010047 1.426354748420254 80.0 
250.0 291.0 4.567947402010047 1.426354748420254 80.0 
250.0 292.0 4.567947402010047 1.426354748420254 80.0 
250.0 293.0 4.567947402010047 1.426354748420254 80.0 
250.0 294.0 4.567947402010047 1.426354748420254 80.0 
250.0 295.0 4.567947402010047 1.426354748420254 80.0 
250.0 296.0 4.567947402010047 1.426354748420254 80.0 
250.0 297.0 4.567947402010047 1.426354748420254 80.0 
250.0 298.0 4.567947402010047 1.426354748420254 80.0 
250.0 299.0 4.567947402010047 1.426354748420254 80.0 
250.0 300.0 4.567947402010047 1.426354748420254 80.0 
250.0 301.0 4.567947402010047 1.426354748420254 80.0 
250.0 302.0 4.567947402010047 1.426354748420254 80.0 
250.0 303.0 4.567947402010047 1.426354748420254 80.0 
250.0 304.0 4.567947402010047 1.426354748420254 80.0 
250.0 305.0 4.567947402010047 1.426354748420254 80.0 
250.0 306.0 4.567947402010047 1.426354748420254 80.0 
250.0 307.0 4.567947402010047 1.426354748420254 80.0 
250.0 308.0 4.567947402010047 1.426354748420254 80.0 
250.0 309.0 4.567947402010047 1.426354748420254 80.0 
250.0 310.0 4.567947402010047 1.426354748420254 80.0 
250.0 311.0 4.567947402010047 1.426354748420254 80.0 
250.0 312.0 4.567947402010047 1.426354748420254 80.0 
250.0 313.0 4.567947402010047 1.426354748420254 80.0 
250.0 314.0 4.567947402010047 1.426354748420254 80.0 
250.0 315.0 4.567947402010047 1.426354748420254 80.0 
250.0 316.0 4.567947402010047 1.426354748420254 80.0 
250.0 317.0 4.567947402010047 1.426354748420254 80.0 
250.0 318.0 4.567947402010047 1.426354748420254 80.0 
250.0 319.0 4.567947402010047 1.426354748420254 80.0 
250.0 320.0 4.567947402010047 1.426354748420254 80.0 
250.0 321.0 4.567947402010047 1.426354748420254 80.0 
251.0 287.0 4.567947402010047 1.426354748420254 80.0 
251.0 288.0 4.567947402010047 1.426354748420254 80.0 
251.0 289.0 4.567947402010047 1.426354748420254 80.0 
251.0 290.0 4.567947402010047 1.426354748420254 80.0 
251.0 291.0 4.567947402010047 1.426354748420254 80.0 
251.0 292.0 4.567947402010047 1.426354748420254 80.0 
251.0 293.0 4.567947402010047 1.426354748420254 80.0 
251.0 294.0 4.567947402010047 1.426354748420254 80.0 
251.0 295.0 4.567947402010047 1.426354748420254 80.0 
251.0 296.0 4.567947402010047 1.426354748420254 80.0 
251.0 297.0 4.567947402010047 1.426354748420254 80.0 
251.0 298.0 4.567947402010047 1.426354748420254 80.0 
251.0 299.0 4.567947402010047 1.426354748420254 80.0 
251.0 300.0 4.567947402010047 1.426354748420254 80.0 
251.0 301.0 4.567947402010047 1.426354748420254 80.0 
251.0 302.0 4.567947402010047 1.426354748420254 80.0 
251.0 303.0 4.567947402010047 1.426354748420254 80.0 
251.0 304.0 4.567947402010047 1.426354748420254 80.0 
251.0 305.0 4.567947402010047 1.426354748420254 80.0 
251.0 306.0 4.567947402010047 1.426354748420254 80.0 
251.0 307.0 4.567947402010047 1.426354748420254 80.0 
251.0 308.0 4.567947402010047 1.426354748420254 80.0 
251.0 309.0 4.567947402010047 1.426354748420254 80.0 
251.0 310.0 4.567947402010047 1.426354748420254 80.0 
251.0 311.0 4.567947402010047 1.426354748420254 80.0 
251.0 312.0 4.567947402010047 1.426354748420254 80.0 
251.0 313.0 4.567947402010047 1.426354748420254 80.0 
251.0 314.0 4.567947402010047 1.426354748420254 80.0 
251.0 315.0 4.567947402010047 1.426354748420254 80.0 
251.0 316.0 4.567947402010047 1.426354748420254 80.0 
251.0 317.0 4.567947402010047 1.426354748420254 80.0 
251.0 318.0 4.567947402010047 1.426354748420254 80.0 
251.0 319.0 4.567947402010047 1.426354748420254 80.0 
251.0 320.0 4.567947402010047 1.426354748420254 80.0 
251.0 321.0 4.567947402010047 1.426354748420254 80.0 
251.0 322.0 4.567947402010047 1.426354748420254 80.0 
251.0 323.0 4.567947402010047 1.426354748420254 80.0 
251.0 324.0 4.567947402010047 1.426354748420254 80.0 
251.0 325.0 4.567947402010047 1.426354748420254 80.0 
251.0 326.0 4.567947402010047 1.426354748420254 80.0 
251.0 327.0 4.567947402010047 1.426354748420254 80.0 
251.0 328.0 4.567947402010047 1.426354748420254 80.0 
252.0 294.0 4.567947402010047 1.426354748420254 80.0 
252.0 295.0 4.567947402010047 1.426354748420254 80.0 
252.0 296.0 4.567947402010047 1.426354748420254 80.0 
252.0 297.0 4.567947402010047 1.426354748420254 80.0 
252.0 298.0 4.567947402010047 1.426354748420254 80.0 
252.0 299.0 4.567947402010047 1.426354748420254 80.0 
252.0 300.0 4.567947402010047 1.426354748420254 80.0 
252.0 301.0 4.567947402010047 1.426354748420254 80.0 
252.0 302.0 4.567947402010047 1.426354748420254 80.0 
252.0 303.0 4.567947402010047 1.426354748420254 80.0 
252.0 304.0 4.567947402010047 1.426354748420254 80.0 
252.0 305.0 4.567947402010047 1.426354748420254 80.0 
252.0 306.0 4.567947402010047 1.426354748420254 80.0 
252.0 307.0 4.567947402010047 1.426354748420254 80.0 
252.0 308.0 4.567947402010047 1.426354748420254 80.0 
252.0 309.0 4.567947402010047 1.426354748420254 80.0 
252.0 310.0 4.567947402010047 1.426354748420254 80.0 
252.0 311.0 4.567947402010047 1.426354748420254 80.0 
252.0 312.0 4.567947402010047 1.426354748420254 80.0 
252.0 313.0 4.567947402010047 1.426354748420254 80.0 
252.0 314.0 4.567947402010047 1.426354748420254 80.0 
252.0 315.0 4.567947402010047 1.426354748420254 80.0 
252.0 316.0 4.567947402010047 1.426354748420254 80.0 
252.0 317.0 4.567947402010047 1.426354748420254 80.0 
252.0 318.0 4.567947402010047 1.426354748420254 80.0 
252.0 319.0 4.567947402010047 1.426354748420254 80.0 
252.0 320.0 4.567947402010047 1.426354748420254 80.0 
252.0 321.0 4.567947402010047 1.426354748420254 80.0 
252.0 322.0 4.567947402010047 1.426354748420254 80.0 
252.0 323.0 4.567947402010047 1.426354748420254 80.0 
252.0 324.0 4.567947402010047 1.426354748420254 80.0 
252.0 325.0 4.567947402010047 1.426354748420254 80.0 
252.0 326.0 4.567947402010047 1.426354748420254 80.0 
252.0 327.0 4.567947402010047 1.426354748420254 80.0 
252.0 328.0 4.567947402010047 1.426354748420254 80.0 
253.0 301.0 4.567947402010047 1.426354748420254 80.0 
253.0 302.0 4.567947402010047 1.426354748420254 80.0 
253.0 303.0 4.567947402010047 1.426354748420254 80.0 
253.0 304.0 4.567947402010047 1.426354748420254 80.0 
253.0 305.0 4.567947402010047 1.426354748420254 80.0 
253.0 306.0 4.567947402010047 1.426354748420254 80.0 
253.0 307.0 4.567947402010047 1.426354748420254 80.0 
253.0 308.0 4.567947402010047 1.426354748420254 80.0 
253.0 309.0 4.567947402010047 1.426354748420254 80.0 
253.0 310.0 4.567947402010047 1.426354748420254 80.0 
253.0 311.0 4.567947402010047 1.426354748420254 80.0 
253.0 312.0 4.567947402010047 1.426354748420254 80.0 
253.0 313.0 4.567947402010047 1.426354748420254 80.0 
253.0 314.0 4.567947402010047 1.426354748420254 80.0 
253.0 315.0 4.567947402010047 1.426354748420254 80.0 
253.0 316.0 4.567947402010047 1.426354748420254 80.0 
253.0 317.0 4.567947402010047 1.426354748420254 80.0 
253.0 318.0 4.567947402010047 1.426354748420254 80.0 
253.0 319.0 4.567947402010047 1.426354748420254 80.0 
253.0 320.0 4.567947402010047 1.426354748420254 80.0 
253.0 321.0 4.567947402010047 1.426354748420254 80.0 
253.0 322.0 4.567947402010047 1.426354748420254 80.0 
253.0 323.0 4.567947402010047 1.426354748420254 80.0 
253.0 324.0 4.567947402010047 1.426354748420254 80.0 
253.0 325.0 4.567947402010047 1.426354748420254 80.0 
253.0 326.0 4.567947402010047 1.426354748420254 80.0 
253.0 327.0 4.567947402010047 1.426354748420254 80.0 
253.0 328.0 4.567947402010047 1.426354748420254 80.0 
254.0 308.0 4.567947402010047 1.426354748420254 80.0 
254.0 309.0 4.567947402010047 1.426354748420254 80.0 
254.0 310.0 4.567947402010047 1.426354748420254 80.0 
254.0 311.0 4.567947402010047 1.426354748420254 80.0 
254.0 312.0 4.567947402010047 1.426354748420254 80.0 
254.0 313.0 4.567947402010047 1.426354748420254 80.0 
254.0 314.0 4.567947402010047 1.426354748420254 80.0 
254.0 315.0 4.567947402010047 1.426354748420254 80.0 
254.0 316.0 4.567947402010047 1.426354748420254 80.0 
254.0 317.0 4.567947402010047 1.426354748420254 80.0 
254.0 318.0 4.567947402010047 1.426354748420254 80.0 
254.0 319.0 4.567947402010047 1.426354748420254 80.0 
254.0 320.0 4.567947402010047 1.426354748420254 80.0 
254.0 321.0 4.567947402010047 1.426354748420254 80.0 
254.0 322.0 4.567947402010047 1.426354748420254 80.0 
254.0 323.0 4.567947402010047 1.426354748420254 80.0 
254.0 324.0 4.567947402010047 1.426354748420254 80.0 
254.0 325.0 4.567947402010047 1.426354748420254 80.0 
254.0 326.0 4.567947402010047 1.426354748420254 80.0 
254.0 327.0 4.567947402010047 1.426354748420254 80.0 
255.0 315.0 4.567947402010047 1.426354748420254 80.0 
255.0 316.0 4.567947402010047 1.426354748420254 80.0 
255.0 317.0 4.567947402010047 1.426354748420254 80.0 
255.0 318.0 4.567947402010047 1.426354748420254 80.0 
255.0 319.0 4.567947402010047 1.426354748420254 80.0 
255.0 320.0 4.567947402010047 1.426354748420254 80.0 
255.0 321.0 4.567947402010047 1.426354748420254 80.0 
255.0 322.0 4.567947402010047 1.426354748420254 80.0 
255.0 323.0 4.567947402010047 1.426354748420254 80.0 
255.0 324.0 4.567947402010047 1.426354748420254 80.0 
255.0 325.0 4.567947402010047 1.426354748420254 80.0 
255.0 326.0 4.567947402010047 1.426354748420254 80.0 
255.0 327.0 4.567947402010047 1.426354748420254 80.0 
256.0 321.0 4.567947402010047 1.426354748420254 80.0 
256.0 322.0 4.567947402010047 1.426354748420254 80.0 
256.0 323.0 4.567947402010047 1.426354748420254 80.0 
256.0 324.0 4.567947402010047 1.426354748420254 80.0 
256.0 325.0 4.567947402010047 1.426354748420254 80.0 
256.0 326.0 4.567947402010047 1.426354748420254 80.0 
256.0 327.0 4.567947402010047 1.426354748420254 80.0 
256.0 355.0 4.635617089114911 1.494024435525118 52.0 
256.0 356.0 4.635617089114911 1.494024435525118 52.0 
256.0 357.0 4.635617089114911 1.494024435525118 52.0 
256.0 358.0 4.635617089114911 1.494024435525118 52.0 
256.0 359.0 4.635617089114911 1.494024435525118 52.0 
256.0 360.0 4.635617089114911 1.494024435525118 52.0 
256.0 361.0 4.635617089114911 1.494024435525118 52.0 
256.0 362.0 4.635617089114911 1.494024435525118 52.0 
256.0 363.0 4.635617089114911 1.494024435525118 52.0 
256.0 364.0 4.635617089114911 1.494024435525118 52.0 
256.0 365.0 4.635617089114911 1.494024435525118 52.0 
256.0 366.0 4.635617089114911 1.494024435525118 52.0 
256.0 367.0 4.635617089114911 1.494024435525118 52.0 
257.0 355.0 4.635617089114911 1.494024435525118 52.0 
257.0 356.0 4.635617089114911 1.494024435525118 52.0 
257.0 357.0 4.635617089114911 1.494024435525118 52.0 
257.0 358.0 4.635617089114911 1.494024435525118 52.0 
257.0 359.0 4.635617089114911 1.494024435525118 52.0 
257.0 360.0 4.635617089114911 1.494024435525118 52.0 
257.0 361.0 4.635617089114911 1.494024435525118 52.0 
257.0 362.0 4.635617089114911 1.494024435525118 52.0 
257.0 363.0 4.635617089114911 1.494024435525118 52.0 
257.0 364.0 4.635617089114911 1.494024435525118 52.0 
257.0 365.0 4.635617089114911 1.494024435525118 52.0 
257.0 366.0 4.635617089114911 1.494024435525118 52.0 
257.0 367.0 4.635617089114911 1.494024435525118 52.0 
257.0 368.0 4.635617089114911 1.494024435525118 52.0 
257.0 369.0 4.635617089114911 1.494024435525118 52.0 
257.0 370.0 4.635617089114911 1.494024435525118 52.0 
257.0 371.0 4.635617089114911 1.494024435525118 52.0 
257.0 372.0 4.635617089114911 1.494024435525118 52.0 
257.0 373.0 4.635617089114911 1.494024435525118 52.0 
257.0 374.0 4.635617089114911 1.494024435525118 52.0 
257.0 375.0 4.635617089114911 1.494024435525118 52.0 
257.0 376.0 4.635617089114911 1.494024435525118 52.0 
257.0 377.0 4.635617089114911 1.494024435525118 52.0 
257.0 378.0 4.635617089114911 1.494024435525118 52.0 
257.0 379.0 4.635617089114911 1.494024435525118 52.0 
257.0 380.0 4.635617089114911 1.494024435525118 52.0 
258.0 354.0 4.635617089114911 1.494024435525118 52.0 
258.0 355.0 4.635617089114911 1.494024435525118 52.0 
258.0 356.0 4.635617089114911 1.494024435525118 52.0 
258.0 357.0 4.635617089114911 1.494024435525118 52.0 
258.0 358.0 4.635617089114911 1.494024435525118 52.0 
258.0 359.0 4.635617089114911 1.494024435525118 52.0 
258.0 360.0 4.635617089114911 1.494024435525118 52.0 
258.0 361.0 4.635617089114911 1.494024435525118 52.0 
258.0 362.0 4.635617089114911 1.494024435525118 52.0 
258.0 363.0 4.635617089114911 1.494024435525118 52.0 
258.0 364.0 4.635617089114911 1.494024435525118 52.0 
258.0 365.0 4.635617089114911 1.494024435525118 52.0 
258.0 366.0 4.635617089114911 1.494024435525118 52.0 
258.0 367.0 4.635617089114911 1.494024435525118 52.0 
258.0 368.0 4.635617089114911 1.494024435525118 52.0 
258.0 369.0 4.635617089114911 1.494024435525118 52.0 
258.0 370.0 4.635617089114911 1.494024435525118 52.0 
258.0 371.0 4.635617089114911 1.494024435525118 52.0 
258.0 372.0 4.635617089114911 1.494024435525118 52.0 
258.0 373.0 4.635617089114911 1.494024435525118 52.0 
258.0 374.0 4.635617089114911 1.494024435525118 52.0 
258.0 375.0 4.635617089114911 1.494024435525118 52.0 
258.0 376.0 4.635617089114911 1.494024435525118 52.0 
258.0 377.0 4.635617089114911 1.494024435525118 52.0 
258.0 378.0 4.635617089114911 1.494024435525118 52.0 
258.0 379.0 4.635617089114911 1.494024435525118 52.0 
258.0 380.0 4.635617089114911 1.494024435525118 52.0 
259.0 354.0 4.635617089114911 1.494024435525118 52.0 
259.0 355.0 4.635617089114911 1.494024435525118 52.0 
259.0 356.0 4.635617089114911 1.494024435525118 52.0 
259.0 357.0 4.635617089114911 1.494024435525118 52.0 
259.0 358.0 4.635617089114911 1.494024435525118 52.0 
259.0 359.0 4.635617089114911 1.494024435525118 52.0 
259.0 360.0 4.635617089114911 1.494024435525118 52.0 
259.0 361.0 4.635617089114911 1.494024435525118 52.0 
259.0 362.0 4.635617089114911 1.494024435525118 52.0 
259.0 363.0 4.635617089114911 1.494024435525118 52.0 
259.0 364.0 4.635617089114911 1.494024435525118 52.0 
259.0 365.0 4.635617089114911 1.494024435525118 52.0 
259.0 366.0 4.635617089114911 1.494024435525118 52.0 
259.0 367.0 4.635617089114911 1.494024435525118 52.0 
259.0 368.0 4.635617089114911 1.494024435525118 52.0 
259.0 369.0 4.635617089114911 1.494024435525118 52.0 
259.0 370.0 4.635617089114911 1.494024435525118 52.0 
259.0 371.0 4.635617089114911 1.494024435525118 52.0 
259.0 372.0 4.635617089114911 1.494024435525118 52.0 
259.0 373.0 4.635617089114911 1.494024435525118 52.0 
259.0 374.0 4.635617089114911 1.494024435525118 52.0 
259.0 375.0 4.635617089114911 1.494024435525118 52.0 
259.0 376.0 4.635617089114911 1.494024435525118 52.0 
259.0 377.0 4.635617089114911 1.494024435525118 52.0 
259.0 378.0 4.635617089114911 1.494024435525118 52.0 
259.0 379.0 4.635617089114911 1.494024435525118 52.0 
259.0 380.0 4.635617089114911 1.494024435525118 52.0 
260.0 354.0 4.635617089114911 1.494024435525118 52.0 
260.0 355.0 4.635617089114911 1.494024435525118 52.0 
260.0 356.0 4.635617089114911 1.494024435525118 52.0 
260.0 357.0 4.635617089114911 1.494024435525118 52.0 
260.0 358.0 4.635617089114911 1.494024435525118 52.0 
260.0 359.0 4.635617089114911 1.494024435525118 52.0 
260.0 360.0 4.635617089114911 1.494024435525118 52.0 
260.0 361.0 4.635617089114911 1.494024435525118 52.0 
260.0 362.0 4.635617089114911 1.494024435525118 52.0 
260.0 363.0 4.635617089114911 1.494024435525118 52.0 
260.0 364.0 4.635617089114911 1.494024435525118 52.0 
260.0 365.0 4.635617089114911 1.494024435525118 52.0 
260.0 366.0 4.635617089114911 1.494024435525118 52.0 
260.0 367.0 4.635617089114911 1.494024435525118 52.0 
260.0 368.0 4.635617089114911 1.494024435525118 52.0 
260.0 369.0 4.635617089114911 1.494024435525118 52.0 
260.0 370.0 4.635617089114911 1.494024435525118 52.0 
260.0 371.0 4.635617089114911 1.494024435525118 52.0 
260.0 372.0 4.635617089114911 1.494024435525118 52.0 
260.0 373.0 4.635617089114911 1.494024435525118 52.0 
260.0 374.0 4.635617089114911 1.494024435525118 52.0 
260.0 375.0 4.635617089114911 1.494024435525118 52.0 
260.0 376.0 4.635617089114911 1.494024435525118 52.0 
260.0 377.0 4.635617089114911 1.494024435525118 52.0 
260.0 378.0 4.635617089114911 1.494024435525118 52.0 
260.0 379.0 4.635617089114911 1.494024435525118 52.0 
261.0 354.0 4.635617089114911 1.494024435525118 52.0 
261.0 355.0 4.635617089114911 1.494024435525118 52.0 
261.0 356.0 4.635617089114911 1.494024435525118 52.0 
261.0 357.0 4.635617089114911 1.494024435525118 52.0 
261.0 358.0 4.635617089114911 1.494024435525118 52.0 
261.0 359.0 4.635617089114911 1.494024435525118 52.0 
261.0 360.0 4.635617089114911 1.494024435525118 52.0 
261.0 361.0 4.635617089114911 1.494024435525118 52.0 
261.0 362.0 4.635617089114911 1.494024435525118 52.0 
261.0 363.0 4.635617089114911 1.494024435525118 52.0 
261.0 364.0 4.635617089114911 1.494024435525118 52.0 
261.0 365.0 4.635617089114911 1.494024435525118 52.0 
261.0 366.0 4.635617089114911 1.494024435525118 52.0 
261.0 367.0 4.635617089114911 1.494024435525118 52.0 
261.0 368.0 4.635617089114911 1.494024435525118 52.0 
261.0 369.0 4.635617089114911 1.494024435525118 52.0 
261.0 370.0 4.635617089114911 1.494024435525118 52.0 
261.0 371.0 4.635617089114911 1.494024435525118 52.0 
261.0 372.0 4.635617089114911 1.494024435525118 52.0 
261.0 373.0 4.635617089114911 1.494024435525118 52.0 
261.0 374.0 4.635617089114911 1.494024435525118 52.0 
261.0 375.0 4.635617089114911 1.494024435525118 52.0 
261.0 376.0 4.635617089114911 1.494024435525118 52.0 
261.0 377.0 4.635617089114911 1.494024435525118 52.0 
261.0 378.0 4.635617089114911 1.494024435525118 52.0 
261.0 379.0 4.635617089114911 1.494024435525118 52.0 
262.0 367.0 4.635617089114911 1.494024435525118 52.0 
262.0 368.0 4.635617089114911 1.494024435525118 52.0 
262.0 369.0 4.635617089114911 1.494024435525118 52.0 
262.0 370.0 4.635617089114911 1.494024435525118 52.0 
262.0 371.0 4.635617089114911 1.494024435525118 52.0 
262.0 372.0 4.635617089114911 1.494024435525118 52.0 
262.0 373.0 4.635617089114911 1.494024435525118 52.0 
262.0 374.0 4.635617089114911 1.494024435525118 52.0 
262.0 375.0 4.635617089114911 1.494024435525118 52.0 
262.0 376.0 4.635617089114911 1.494024435525118 52.0 
262.0 377.0 4.635617089114911 1.494024435525118 52.0 
262.0 378.0 4.635617089114911 1.494024435525118 52.0 
262.0 379.0 4.635617089114911 1.494024435525118 52.0 
