265.0 258.0 3.9026054078145234 0.7610127542247302 44.0 
265.0 259.0 3.9026054078145234 0.7610127542247302 44.0 
266.0 256.0 3.9026054078145234 0.7610127542247302 44.0 
266.0 257.0 3.9026054078145234 0.7610127542247302 44.0 
266.0 258.0 3.9026054078145234 0.7610127542247302 44.0 
266.0 259.0 3.9026054078145234 0.7610127542247302 44.0 
266.0 260.0 3.9026054078145234 0.7610127542247302 44.0 
267.0 255.0 3.9026054078145234 0.7610127542247302 44.0 
267.0 256.0 3.9026054078145234 0.7610127542247302 44.0 
267.0 257.0 3.9026054078145234 0.7610127542247302 44.0 
267.0 258.0 3.9026054078145234 0.7610127542247302 44.0 
267.0 259.0 3.9026054078145234 0.7610127542247302 44.0 
267.0 260.0 3.9026054078145234 0.7610127542247302 44.0 
267.0 261.0 3.9026054078145234 0.7610127542247302 44.0 
268.0 254.0 3.9026054078145234 0.7610127542247302 44.0 
268.0 255.0 3.9026054078145234 0.7610127542247302 44.0 
268.0 256.0 3.9026054078145234 0.7610127542247302 44.0 
268.0 257.0 3.9026054078145234 0.7610127542247302 44.0 
268.0 258.0 3.9026054078145234 0.7610127542247302 44.0 
268.0 259.0 3.9026054078145234 0.7610127542247302 44.0 
268.0 260.0 3.9026054078145234 0.7610127542247302 44.0 
268.0 261.0 3.9026054078145234 0.7610127542247302 44.0 
268.0 262.0 3.9026054078145234 0.7610127542247302 44.0 
269.0 255.0 3.9026054078145234 0.7610127542247302 44.0 
269.0 256.0 3.9026054078145234 0.7610127542247302 44.0 
269.0 257.0 3.9026054078145234 0.7610127542247302 44.0 
269.0 258.0 3.9026054078145234 0.7610127542247302 44.0 
269.0 259.0 3.9026054078145234 0.7610127542247302 44.0 
269.0 260.0 3.9026054078145234 0.7610127542247302 44.0 
269.0 261.0 3.9026054078145234 0.7610127542247302 44.0 
269.0 262.0 3.9026054078145234 0.7610127542247302 44.0 
270.0 256.0 3.9026054078145234 0.7610127542247302 44.0 
270.0 257.0 3.9026054078145234 0.7610127542247302 44.0 
270.0 258.0 3.9026054078145234 0.7610127542247302 44.0 
270.0 259.0 3.9026054078145234 0.7610127542247302 44.0 
270.0 260.0 3.9026054078145234 0.7610127542247302 44.0 
270.0 261.0 3.9026054078145234 0.7610127542247302 44.0 
270.0 262.0 3.9026054078145234 0.7610127542247302 44.0 
270.0 263.0 3.9026054078145234 0.7610127542247302 44.0 
271.0 257.0 3.9026054078145234 0.7610127542247302 44.0 
271.0 258.0 3.9026054078145234 0.7610127542247302 44.0 
271.0 259.0 3.9026054078145234 0.7610127542247302 44.0 
271.0 260.0 3.9026054078145234 0.7610127542247302 44.0 
271.0 261.0 3.9026054078145234 0.7610127542247302 44.0 
271.0 262.0 3.9026054078145234 0.7610127542247302 44.0 
271.0 263.0 3.9026054078145234 0.7610127542247302 44.0 
271.0 264.0 3.9026054078145234 0.7610127542247302 44.0 
272.0 258.0 3.9026054078145234 0.7610127542247302 44.0 
272.0 259.0 3.9026054078145234 0.7610127542247302 44.0 
272.0 260.0 3.9026054078145234 0.7610127542247302 44.0 
272.0 261.0 3.9026054078145234 0.7610127542247302 44.0 
272.0 262.0 3.9026054078145234 0.7610127542247302 44.0 
272.0 263.0 3.9026054078145234 0.7610127542247302 44.0 
272.0 264.0 3.9026054078145234 0.7610127542247302 44.0 
272.0 265.0 3.9026054078145234 0.7610127542247302 44.0 
273.0 259.0 3.9026054078145234 0.7610127542247302 44.0 
273.0 260.0 3.9026054078145234 0.7610127542247302 44.0 
273.0 261.0 3.9026054078145234 0.7610127542247302 44.0 
273.0 262.0 3.9026054078145234 0.7610127542247302 44.0 
273.0 263.0 3.9026054078145234 0.7610127542247302 44.0 
273.0 264.0 3.9026054078145234 0.7610127542247302 44.0 
273.0 265.0 3.9026054078145234 0.7610127542247302 44.0 
273.0 266.0 3.9026054078145234 0.7610127542247302 44.0 
274.0 260.0 3.9026054078145234 0.7610127542247302 44.0 
274.0 261.0 3.9026054078145234 0.7610127542247302 44.0 
274.0 262.0 3.9026054078145234 0.7610127542247302 44.0 
274.0 263.0 3.9026054078145234 0.7610127542247302 44.0 
274.0 264.0 3.9026054078145234 0.7610127542247302 44.0 
274.0 265.0 3.9026054078145234 0.7610127542247302 44.0 
274.0 266.0 3.9026054078145234 0.7610127542247302 44.0 
274.0 267.0 3.9026054078145234 0.7610127542247302 44.0 
275.0 261.0 3.9026054078145234 0.7610127542247302 44.0 
275.0 262.0 3.9026054078145234 0.7610127542247302 44.0 
275.0 263.0 3.9026054078145234 0.7610127542247302 44.0 
275.0 264.0 3.9026054078145234 0.7610127542247302 44.0 
275.0 265.0 3.9026054078145234 0.7610127542247302 44.0 
275.0 266.0 3.9026054078145234 0.7610127542247302 44.0 
275.0 267.0 3.9026054078145234 0.7610127542247302 44.0 
275.0 268.0 3.9026054078145234 0.7610127542247302 44.0 
276.0 262.0 3.9026054078145234 0.7610127542247302 44.0 
276.0 263.0 3.9026054078145234 0.7610127542247302 44.0 
276.0 264.0 3.9026054078145234 0.7610127542247302 44.0 
276.0 265.0 3.9026054078145234 0.7610127542247302 44.0 
276.0 266.0 3.9026054078145234 0.7610127542247302 44.0 
276.0 267.0 3.9026054078145234 0.7610127542247302 44.0 
276.0 268.0 3.9026054078145234 0.7610127542247302 44.0 
276.0 269.0 3.9026054078145234 0.7610127542247302 44.0 
277.0 263.0 3.9026054078145234 0.7610127542247302 44.0 
277.0 264.0 3.9026054078145234 0.7610127542247302 44.0 
277.0 265.0 3.9026054078145234 0.7610127542247302 44.0 
277.0 266.0 3.9026054078145234 0.7610127542247302 44.0 
277.0 267.0 3.9026054078145234 0.7610127542247302 44.0 
277.0 268.0 3.9026054078145234 0.7610127542247302 44.0 
277.0 269.0 3.9026054078145234 0.7610127542247302 44.0 
277.0 270.0 3.9026054078145234 0.7610127542247302 44.0 
278.0 264.0 3.9026054078145234 0.7610127542247302 44.0 
278.0 265.0 3.9026054078145234 0.7610127542247302 44.0 
278.0 266.0 3.9026054078145234 0.7610127542247302 44.0 
278.0 267.0 3.9026054078145234 0.7610127542247302 44.0 
278.0 268.0 3.9026054078145234 0.7610127542247302 44.0 
278.0 269.0 3.9026054078145234 0.7610127542247302 44.0 
278.0 270.0 3.9026054078145234 0.7610127542247302 44.0 
278.0 271.0 3.9026054078145234 0.7610127542247302 44.0 
279.0 265.0 3.9026054078145234 0.7610127542247302 44.0 
279.0 266.0 3.9026054078145234 0.7610127542247302 44.0 
279.0 267.0 3.9026054078145234 0.7610127542247302 44.0 
279.0 268.0 3.9026054078145234 0.7610127542247302 44.0 
279.0 269.0 3.9026054078145234 0.7610127542247302 44.0 
279.0 270.0 3.9026054078145234 0.7610127542247302 44.0 
279.0 271.0 3.9026054078145234 0.7610127542247302 44.0 
279.0 272.0 3.9026054078145234 0.7610127542247302 44.0 
280.0 266.0 3.9026054078145234 0.7610127542247302 44.0 
280.0 267.0 3.9026054078145234 0.7610127542247302 44.0 
280.0 268.0 3.9026054078145234 0.7610127542247302 44.0 
280.0 269.0 3.9026054078145234 0.7610127542247302 44.0 
280.0 270.0 3.9026054078145234 0.7610127542247302 44.0 
280.0 271.0 3.9026054078145234 0.7610127542247302 44.0 
280.0 272.0 3.9026054078145234 0.7610127542247302 44.0 
280.0 273.0 3.9026054078145234 0.7610127542247302 44.0 
281.0 267.0 3.9026054078145234 0.7610127542247302 44.0 
281.0 268.0 3.9026054078145234 0.7610127542247302 44.0 
281.0 269.0 3.9026054078145234 0.7610127542247302 44.0 
281.0 270.0 3.9026054078145234 0.7610127542247302 44.0 
281.0 271.0 3.9026054078145234 0.7610127542247302 44.0 
281.0 272.0 3.9026054078145234 0.7610127542247302 44.0 
281.0 273.0 3.9026054078145234 0.7610127542247302 44.0 
281.0 274.0 3.9026054078145234 0.7610127542247302 44.0 
282.0 268.0 3.9026054078145234 0.7610127542247302 44.0 
282.0 269.0 3.9026054078145234 0.7610127542247302 44.0 
282.0 270.0 3.9026054078145234 0.7610127542247302 44.0 
282.0 271.0 3.9026054078145234 0.7610127542247302 44.0 
282.0 272.0 3.9026054078145234 0.7610127542247302 44.0 
282.0 273.0 3.9026054078145234 0.7610127542247302 44.0 
282.0 274.0 3.9026054078145234 0.7610127542247302 44.0 
282.0 275.0 3.9026054078145234 0.7610127542247302 44.0 
283.0 269.0 3.9026054078145234 0.7610127542247302 44.0 
283.0 270.0 3.9026054078145234 0.7610127542247302 44.0 
283.0 271.0 3.9026054078145234 0.7610127542247302 44.0 
283.0 272.0 3.9026054078145234 0.7610127542247302 44.0 
283.0 273.0 3.9026054078145234 0.7610127542247302 44.0 
283.0 274.0 3.9026054078145234 0.7610127542247302 44.0 
283.0 275.0 3.9026054078145234 0.7610127542247302 44.0 
283.0 276.0 3.9026054078145234 0.7610127542247302 44.0 
284.0 269.0 3.9026054078145234 0.7610127542247302 44.0 
284.0 270.0 3.9026054078145234 0.7610127542247302 44.0 
284.0 271.0 3.9026054078145234 0.7610127542247302 44.0 
284.0 272.0 3.9026054078145234 0.7610127542247302 44.0 
284.0 273.0 3.9026054078145234 0.7610127542247302 44.0 
284.0 274.0 3.9026054078145234 0.7610127542247302 44.0 
284.0 275.0 3.9026054078145234 0.7610127542247302 44.0 
284.0 276.0 3.9026054078145234 0.7610127542247302 44.0 
284.0 277.0 3.9026054078145234 0.7610127542247302 44.0 
285.0 270.0 3.9026054078145234 0.7610127542247302 44.0 
285.0 271.0 3.9026054078145234 0.7610127542247302 44.0 
285.0 272.0 3.9026054078145234 0.7610127542247302 44.0 
285.0 273.0 3.9026054078145234 0.7610127542247302 44.0 
285.0 274.0 3.9026054078145234 0.7610127542247302 44.0 
285.0 275.0 3.9026054078145234 0.7610127542247302 44.0 
285.0 276.0 3.9026054078145234 0.7610127542247302 44.0 
285.0 277.0 3.9026054078145234 0.7610127542247302 44.0 
285.0 278.0 3.9026054078145234 0.7610127542247302 44.0 
286.0 271.0 3.9026054078145234 0.7610127542247302 44.0 
286.0 272.0 3.9026054078145234 0.7610127542247302 44.0 
286.0 273.0 3.9026054078145234 0.7610127542247302 44.0 
286.0 274.0 3.9026054078145234 0.7610127542247302 44.0 
286.0 275.0 3.9026054078145234 0.7610127542247302 44.0 
286.0 276.0 3.9026054078145234 0.7610127542247302 44.0 
286.0 277.0 3.9026054078145234 0.7610127542247302 44.0 
287.0 272.0 3.9026054078145234 0.7610127542247302 44.0 
287.0 273.0 3.9026054078145234 0.7610127542247302 44.0 
287.0 274.0 3.9026054078145234 0.7610127542247302 44.0 
287.0 275.0 3.9026054078145234 0.7610127542247302 44.0 
288.0 273.0 3.9026054078145234 0.7610127542247302 44.0 
288.0 274.0 3.9026054078145234 0.7610127542247302 44.0 
