262.0 293.0 3.743879999724758 0.6022873461349648 88.0 
263.0 291.0 3.743879999724758 0.6022873461349648 88.0 
263.0 292.0 3.743879999724758 0.6022873461349648 88.0 
263.0 293.0 3.743879999724758 0.6022873461349648 88.0 
263.0 294.0 3.743879999724758 0.6022873461349648 88.0 
264.0 290.0 3.743879999724758 0.6022873461349648 88.0 
264.0 291.0 3.743879999724758 0.6022873461349648 88.0 
264.0 292.0 3.743879999724758 0.6022873461349648 88.0 
264.0 293.0 3.743879999724758 0.6022873461349648 88.0 
264.0 294.0 3.743879999724758 0.6022873461349648 88.0 
264.0 295.0 3.743879999724758 0.6022873461349648 88.0 
265.0 289.0 3.743879999724758 0.6022873461349648 88.0 
265.0 290.0 3.743879999724758 0.6022873461349648 88.0 
265.0 291.0 3.743879999724758 0.6022873461349648 88.0 
265.0 292.0 3.743879999724758 0.6022873461349648 88.0 
265.0 293.0 3.743879999724758 0.6022873461349648 88.0 
265.0 294.0 3.743879999724758 0.6022873461349648 88.0 
265.0 295.0 3.743879999724758 0.6022873461349648 88.0 
265.0 296.0 3.743879999724758 0.6022873461349648 88.0 
266.0 290.0 3.743879999724758 0.6022873461349648 88.0 
266.0 291.0 3.743879999724758 0.6022873461349648 88.0 
266.0 292.0 3.743879999724758 0.6022873461349648 88.0 
266.0 293.0 3.743879999724758 0.6022873461349648 88.0 
266.0 294.0 3.743879999724758 0.6022873461349648 88.0 
266.0 295.0 3.743879999724758 0.6022873461349648 88.0 
266.0 296.0 3.743879999724758 0.6022873461349648 88.0 
267.0 291.0 3.743879999724758 0.6022873461349648 88.0 
267.0 292.0 3.743879999724758 0.6022873461349648 88.0 
267.0 293.0 3.743879999724758 0.6022873461349648 88.0 
267.0 294.0 3.743879999724758 0.6022873461349648 88.0 
267.0 295.0 3.743879999724758 0.6022873461349648 88.0 
267.0 296.0 3.743879999724758 0.6022873461349648 88.0 
267.0 297.0 3.743879999724758 0.6022873461349648 88.0 
268.0 291.0 3.743879999724758 0.6022873461349648 88.0 
268.0 292.0 3.743879999724758 0.6022873461349648 88.0 
268.0 293.0 3.743879999724758 0.6022873461349648 88.0 
268.0 294.0 3.743879999724758 0.6022873461349648 88.0 
268.0 295.0 3.743879999724758 0.6022873461349648 88.0 
268.0 296.0 3.743879999724758 0.6022873461349648 88.0 
268.0 297.0 3.743879999724758 0.6022873461349648 88.0 
268.0 298.0 3.743879999724758 0.6022873461349648 88.0 
269.0 292.0 3.743879999724758 0.6022873461349648 88.0 
269.0 293.0 3.743879999724758 0.6022873461349648 88.0 
269.0 294.0 3.743879999724758 0.6022873461349648 88.0 
269.0 295.0 3.743879999724758 0.6022873461349648 88.0 
269.0 296.0 3.743879999724758 0.6022873461349648 88.0 
269.0 297.0 3.743879999724758 0.6022873461349648 88.0 
269.0 298.0 3.743879999724758 0.6022873461349648 88.0 
270.0 293.0 3.743879999724758 0.6022873461349648 88.0 
270.0 294.0 3.743879999724758 0.6022873461349648 88.0 
270.0 295.0 3.743879999724758 0.6022873461349648 88.0 
270.0 296.0 3.743879999724758 0.6022873461349648 88.0 
270.0 297.0 3.743879999724758 0.6022873461349648 88.0 
270.0 298.0 3.743879999724758 0.6022873461349648 88.0 
270.0 299.0 3.743879999724758 0.6022873461349648 88.0 
271.0 293.0 3.743879999724758 0.6022873461349648 88.0 
271.0 294.0 3.743879999724758 0.6022873461349648 88.0 
271.0 295.0 3.743879999724758 0.6022873461349648 88.0 
271.0 296.0 3.743879999724758 0.6022873461349648 88.0 
271.0 297.0 3.743879999724758 0.6022873461349648 88.0 
271.0 298.0 3.743879999724758 0.6022873461349648 88.0 
271.0 299.0 3.743879999724758 0.6022873461349648 88.0 
271.0 300.0 3.743879999724758 0.6022873461349648 88.0 
272.0 294.0 3.743879999724758 0.6022873461349648 88.0 
272.0 295.0 3.743879999724758 0.6022873461349648 88.0 
272.0 296.0 3.743879999724758 0.6022873461349648 88.0 
272.0 297.0 3.743879999724758 0.6022873461349648 88.0 
272.0 298.0 3.743879999724758 0.6022873461349648 88.0 
272.0 299.0 3.743879999724758 0.6022873461349648 88.0 
272.0 300.0 3.743879999724758 0.6022873461349648 88.0 
273.0 295.0 3.743879999724758 0.6022873461349648 88.0 
273.0 296.0 3.743879999724758 0.6022873461349648 88.0 
273.0 297.0 3.743879999724758 0.6022873461349648 88.0 
273.0 298.0 3.743879999724758 0.6022873461349648 88.0 
273.0 299.0 3.743879999724758 0.6022873461349648 88.0 
273.0 300.0 3.743879999724758 0.6022873461349648 88.0 
273.0 301.0 3.743879999724758 0.6022873461349648 88.0 
274.0 295.0 3.743879999724758 0.6022873461349648 88.0 
274.0 296.0 3.743879999724758 0.6022873461349648 88.0 
274.0 297.0 3.743879999724758 0.6022873461349648 88.0 
274.0 298.0 3.743879999724758 0.6022873461349648 88.0 
274.0 299.0 3.743879999724758 0.6022873461349648 88.0 
274.0 300.0 3.743879999724758 0.6022873461349648 88.0 
274.0 301.0 3.743879999724758 0.6022873461349648 88.0 
274.0 302.0 3.743879999724758 0.6022873461349648 88.0 
275.0 296.0 3.743879999724758 0.6022873461349648 88.0 
275.0 297.0 3.743879999724758 0.6022873461349648 88.0 
275.0 298.0 3.743879999724758 0.6022873461349648 88.0 
275.0 299.0 3.743879999724758 0.6022873461349648 88.0 
275.0 300.0 3.743879999724758 0.6022873461349648 88.0 
275.0 301.0 3.743879999724758 0.6022873461349648 88.0 
275.0 302.0 3.743879999724758 0.6022873461349648 88.0 
276.0 297.0 3.743879999724758 0.6022873461349648 88.0 
276.0 298.0 3.743879999724758 0.6022873461349648 88.0 
276.0 299.0 3.743879999724758 0.6022873461349648 88.0 
276.0 300.0 3.743879999724758 0.6022873461349648 88.0 
276.0 301.0 3.743879999724758 0.6022873461349648 88.0 
276.0 302.0 3.743879999724758 0.6022873461349648 88.0 
276.0 303.0 3.743879999724758 0.6022873461349648 88.0 
277.0 297.0 3.743879999724758 0.6022873461349648 88.0 
277.0 298.0 3.743879999724758 0.6022873461349648 88.0 
277.0 299.0 3.743879999724758 0.6022873461349648 88.0 
277.0 300.0 3.743879999724758 0.6022873461349648 88.0 
277.0 301.0 3.743879999724758 0.6022873461349648 88.0 
277.0 302.0 3.743879999724758 0.6022873461349648 88.0 
277.0 303.0 3.743879999724758 0.6022873461349648 88.0 
277.0 304.0 3.743879999724758 0.6022873461349648 88.0 
278.0 298.0 3.743879999724758 0.6022873461349648 88.0 
278.0 299.0 3.743879999724758 0.6022873461349648 88.0 
278.0 300.0 3.743879999724758 0.6022873461349648 88.0 
278.0 301.0 3.743879999724758 0.6022873461349648 88.0 
278.0 302.0 3.743879999724758 0.6022873461349648 88.0 
278.0 303.0 3.743879999724758 0.6022873461349648 88.0 
278.0 304.0 3.743879999724758 0.6022873461349648 88.0 
279.0 299.0 3.743879999724758 0.6022873461349648 88.0 
279.0 300.0 3.743879999724758 0.6022873461349648 88.0 
279.0 301.0 3.743879999724758 0.6022873461349648 88.0 
279.0 302.0 3.743879999724758 0.6022873461349648 88.0 
279.0 303.0 3.743879999724758 0.6022873461349648 88.0 
279.0 304.0 3.743879999724758 0.6022873461349648 88.0 
279.0 305.0 3.743879999724758 0.6022873461349648 88.0 
280.0 300.0 3.743879999724758 0.6022873461349648 88.0 
280.0 301.0 3.743879999724758 0.6022873461349648 88.0 
280.0 302.0 3.743879999724758 0.6022873461349648 88.0 
280.0 303.0 3.743879999724758 0.6022873461349648 88.0 
280.0 304.0 3.743879999724758 0.6022873461349648 88.0 
280.0 305.0 3.743879999724758 0.6022873461349648 88.0 
280.0 306.0 3.743879999724758 0.6022873461349648 88.0 
281.0 300.0 3.743879999724758 0.6022873461349648 88.0 
281.0 301.0 3.743879999724758 0.6022873461349648 88.0 
281.0 302.0 3.743879999724758 0.6022873461349648 88.0 
281.0 303.0 3.743879999724758 0.6022873461349648 88.0 
281.0 304.0 3.743879999724758 0.6022873461349648 88.0 
281.0 305.0 3.743879999724758 0.6022873461349648 88.0 
281.0 306.0 3.743879999724758 0.6022873461349648 88.0 
281.0 307.0 3.743879999724758 0.6022873461349648 88.0 
282.0 301.0 3.743879999724758 0.6022873461349648 88.0 
282.0 302.0 3.743879999724758 0.6022873461349648 88.0 
282.0 303.0 3.743879999724758 0.6022873461349648 88.0 
282.0 304.0 3.743879999724758 0.6022873461349648 88.0 
282.0 305.0 3.743879999724758 0.6022873461349648 88.0 
282.0 306.0 3.743879999724758 0.6022873461349648 88.0 
282.0 307.0 3.743879999724758 0.6022873461349648 88.0 
283.0 302.0 3.743879999724758 0.6022873461349648 88.0 
283.0 303.0 3.743879999724758 0.6022873461349648 88.0 
283.0 304.0 3.743879999724758 0.6022873461349648 88.0 
283.0 305.0 3.743879999724758 0.6022873461349648 88.0 
283.0 306.0 3.743879999724758 0.6022873461349648 88.0 
283.0 307.0 3.743879999724758 0.6022873461349648 88.0 
283.0 308.0 3.743879999724758 0.6022873461349648 88.0 
284.0 302.0 3.743879999724758 0.6022873461349648 88.0 
284.0 303.0 3.743879999724758 0.6022873461349648 88.0 
284.0 304.0 3.743879999724758 0.6022873461349648 88.0 
284.0 305.0 3.743879999724758 0.6022873461349648 88.0 
284.0 306.0 3.743879999724758 0.6022873461349648 88.0 
284.0 307.0 3.743879999724758 0.6022873461349648 88.0 
284.0 308.0 3.743879999724758 0.6022873461349648 88.0 
284.0 309.0 3.743879999724758 0.6022873461349648 88.0 
285.0 303.0 3.743879999724758 0.6022873461349648 88.0 
285.0 304.0 3.743879999724758 0.6022873461349648 88.0 
285.0 305.0 3.743879999724758 0.6022873461349648 88.0 
285.0 306.0 3.743879999724758 0.6022873461349648 88.0 
285.0 307.0 3.743879999724758 0.6022873461349648 88.0 
285.0 308.0 3.743879999724758 0.6022873461349648 88.0 
285.0 309.0 3.743879999724758 0.6022873461349648 88.0 
286.0 304.0 3.743879999724758 0.6022873461349648 88.0 
286.0 305.0 3.743879999724758 0.6022873461349648 88.0 
286.0 306.0 3.743879999724758 0.6022873461349648 88.0 
286.0 307.0 3.743879999724758 0.6022873461349648 88.0 
286.0 308.0 3.743879999724758 0.6022873461349648 88.0 
286.0 309.0 3.743879999724758 0.6022873461349648 88.0 
286.0 310.0 3.743879999724758 0.6022873461349648 88.0 
287.0 304.0 3.743879999724758 0.6022873461349648 88.0 
287.0 305.0 3.743879999724758 0.6022873461349648 88.0 
287.0 306.0 3.743879999724758 0.6022873461349648 88.0 
287.0 307.0 3.743879999724758 0.6022873461349648 88.0 
287.0 308.0 3.743879999724758 0.6022873461349648 88.0 
287.0 309.0 3.743879999724758 0.6022873461349648 88.0 
287.0 310.0 3.743879999724758 0.6022873461349648 88.0 
287.0 311.0 3.743879999724758 0.6022873461349648 88.0 
288.0 305.0 3.743879999724758 0.6022873461349648 88.0 
288.0 306.0 3.743879999724758 0.6022873461349648 88.0 
288.0 307.0 3.743879999724758 0.6022873461349648 88.0 
288.0 308.0 3.743879999724758 0.6022873461349648 88.0 
288.0 309.0 3.743879999724758 0.6022873461349648 88.0 
288.0 310.0 3.743879999724758 0.6022873461349648 88.0 
288.0 311.0 3.743879999724758 0.6022873461349648 88.0 
289.0 306.0 3.743879999724758 0.6022873461349648 88.0 
289.0 307.0 3.743879999724758 0.6022873461349648 88.0 
289.0 308.0 3.743879999724758 0.6022873461349648 88.0 
289.0 309.0 3.743879999724758 0.6022873461349648 88.0 
289.0 310.0 3.743879999724758 0.6022873461349648 88.0 
289.0 311.0 3.743879999724758 0.6022873461349648 88.0 
289.0 312.0 3.743879999724758 0.6022873461349648 88.0 
290.0 306.0 3.743879999724758 0.6022873461349648 88.0 
290.0 307.0 3.743879999724758 0.6022873461349648 88.0 
290.0 308.0 3.743879999724758 0.6022873461349648 88.0 
290.0 309.0 3.743879999724758 0.6022873461349648 88.0 
290.0 310.0 3.743879999724758 0.6022873461349648 88.0 
290.0 311.0 3.743879999724758 0.6022873461349648 88.0 
290.0 312.0 3.743879999724758 0.6022873461349648 88.0 
290.0 313.0 3.743879999724758 0.6022873461349648 88.0 
291.0 307.0 3.743879999724758 0.6022873461349648 88.0 
291.0 308.0 3.743879999724758 0.6022873461349648 88.0 
291.0 309.0 3.743879999724758 0.6022873461349648 88.0 
291.0 310.0 3.743879999724758 0.6022873461349648 88.0 
291.0 311.0 3.743879999724758 0.6022873461349648 88.0 
291.0 312.0 3.743879999724758 0.6022873461349648 88.0 
291.0 313.0 3.743879999724758 0.6022873461349648 88.0 
292.0 308.0 3.743879999724758 0.6022873461349648 88.0 
292.0 309.0 3.743879999724758 0.6022873461349648 88.0 
292.0 310.0 3.743879999724758 0.6022873461349648 88.0 
292.0 311.0 3.743879999724758 0.6022873461349648 88.0 
292.0 312.0 3.743879999724758 0.6022873461349648 88.0 
292.0 313.0 3.743879999724758 0.6022873461349648 88.0 
292.0 314.0 3.743879999724758 0.6022873461349648 88.0 
293.0 308.0 3.743879999724758 0.6022873461349648 88.0 
293.0 309.0 3.743879999724758 0.6022873461349648 88.0 
293.0 310.0 3.743879999724758 0.6022873461349648 88.0 
293.0 311.0 3.743879999724758 0.6022873461349648 88.0 
293.0 312.0 3.743879999724758 0.6022873461349648 88.0 
293.0 313.0 3.743879999724758 0.6022873461349648 88.0 
293.0 314.0 3.743879999724758 0.6022873461349648 88.0 
293.0 315.0 3.743879999724758 0.6022873461349648 88.0 
294.0 309.0 3.743879999724758 0.6022873461349648 88.0 
294.0 310.0 3.743879999724758 0.6022873461349648 88.0 
294.0 311.0 3.743879999724758 0.6022873461349648 88.0 
294.0 312.0 3.743879999724758 0.6022873461349648 88.0 
294.0 313.0 3.743879999724758 0.6022873461349648 88.0 
294.0 314.0 3.743879999724758 0.6022873461349648 88.0 
294.0 315.0 3.743879999724758 0.6022873461349648 88.0 
295.0 310.0 3.743879999724758 0.6022873461349648 88.0 
295.0 311.0 3.743879999724758 0.6022873461349648 88.0 
295.0 312.0 3.743879999724758 0.6022873461349648 88.0 
295.0 313.0 3.743879999724758 0.6022873461349648 88.0 
295.0 314.0 3.743879999724758 0.6022873461349648 88.0 
295.0 315.0 3.743879999724758 0.6022873461349648 88.0 
295.0 316.0 3.743879999724758 0.6022873461349648 88.0 
296.0 311.0 3.743879999724758 0.6022873461349648 88.0 
296.0 312.0 3.743879999724758 0.6022873461349648 88.0 
296.0 313.0 3.743879999724758 0.6022873461349648 88.0 
296.0 314.0 3.743879999724758 0.6022873461349648 88.0 
296.0 315.0 3.743879999724758 0.6022873461349648 88.0 
296.0 316.0 3.743879999724758 0.6022873461349648 88.0 
296.0 317.0 3.743879999724758 0.6022873461349648 88.0 
297.0 311.0 3.743879999724758 0.6022873461349648 88.0 
297.0 312.0 3.743879999724758 0.6022873461349648 88.0 
297.0 313.0 3.743879999724758 0.6022873461349648 88.0 
297.0 314.0 3.743879999724758 0.6022873461349648 88.0 
297.0 315.0 3.743879999724758 0.6022873461349648 88.0 
297.0 316.0 3.743879999724758 0.6022873461349648 88.0 
297.0 317.0 3.743879999724758 0.6022873461349648 88.0 
297.0 318.0 3.743879999724758 0.6022873461349648 88.0 
298.0 312.0 3.743879999724758 0.6022873461349648 88.0 
298.0 313.0 3.743879999724758 0.6022873461349648 88.0 
298.0 314.0 3.743879999724758 0.6022873461349648 88.0 
298.0 315.0 3.743879999724758 0.6022873461349648 88.0 
298.0 316.0 3.743879999724758 0.6022873461349648 88.0 
298.0 317.0 3.743879999724758 0.6022873461349648 88.0 
298.0 318.0 3.743879999724758 0.6022873461349648 88.0 
299.0 313.0 3.743879999724758 0.6022873461349648 88.0 
299.0 314.0 3.743879999724758 0.6022873461349648 88.0 
299.0 315.0 3.743879999724758 0.6022873461349648 88.0 
299.0 316.0 3.743879999724758 0.6022873461349648 88.0 
299.0 317.0 3.743879999724758 0.6022873461349648 88.0 
299.0 318.0 3.743879999724758 0.6022873461349648 88.0 
299.0 319.0 3.743879999724758 0.6022873461349648 88.0 
300.0 313.0 3.743879999724758 0.6022873461349648 88.0 
300.0 314.0 3.743879999724758 0.6022873461349648 88.0 
300.0 315.0 3.743879999724758 0.6022873461349648 88.0 
300.0 316.0 3.743879999724758 0.6022873461349648 88.0 
300.0 317.0 3.743879999724758 0.6022873461349648 88.0 
300.0 318.0 3.743879999724758 0.6022873461349648 88.0 
300.0 319.0 3.743879999724758 0.6022873461349648 88.0 
300.0 320.0 3.743879999724758 0.6022873461349648 88.0 
301.0 314.0 3.743879999724758 0.6022873461349648 88.0 
301.0 315.0 3.743879999724758 0.6022873461349648 88.0 
301.0 316.0 3.743879999724758 0.6022873461349648 88.0 
301.0 317.0 3.743879999724758 0.6022873461349648 88.0 
301.0 318.0 3.743879999724758 0.6022873461349648 88.0 
301.0 319.0 3.743879999724758 0.6022873461349648 88.0 
301.0 320.0 3.743879999724758 0.6022873461349648 88.0 
302.0 315.0 3.743879999724758 0.6022873461349648 88.0 
302.0 316.0 3.743879999724758 0.6022873461349648 88.0 
302.0 317.0 3.743879999724758 0.6022873461349648 88.0 
302.0 318.0 3.743879999724758 0.6022873461349648 88.0 
302.0 319.0 3.743879999724758 0.6022873461349648 88.0 
302.0 320.0 3.743879999724758 0.6022873461349648 88.0 
302.0 321.0 3.743879999724758 0.6022873461349648 88.0 
303.0 315.0 3.743879999724758 0.6022873461349648 88.0 
303.0 316.0 3.743879999724758 0.6022873461349648 88.0 
303.0 317.0 3.743879999724758 0.6022873461349648 88.0 
303.0 318.0 3.743879999724758 0.6022873461349648 88.0 
303.0 319.0 3.743879999724758 0.6022873461349648 88.0 
303.0 320.0 3.743879999724758 0.6022873461349648 88.0 
303.0 321.0 3.743879999724758 0.6022873461349648 88.0 
303.0 322.0 3.743879999724758 0.6022873461349648 88.0 
304.0 316.0 3.743879999724758 0.6022873461349648 88.0 
304.0 317.0 3.743879999724758 0.6022873461349648 88.0 
304.0 318.0 3.743879999724758 0.6022873461349648 88.0 
304.0 319.0 3.743879999724758 0.6022873461349648 88.0 
304.0 320.0 3.743879999724758 0.6022873461349648 88.0 
304.0 321.0 3.743879999724758 0.6022873461349648 88.0 
304.0 322.0 3.743879999724758 0.6022873461349648 88.0 
305.0 317.0 3.743879999724758 0.6022873461349648 88.0 
305.0 318.0 3.743879999724758 0.6022873461349648 88.0 
305.0 319.0 3.743879999724758 0.6022873461349648 88.0 
305.0 320.0 3.743879999724758 0.6022873461349648 88.0 
305.0 321.0 3.743879999724758 0.6022873461349648 88.0 
305.0 322.0 3.743879999724758 0.6022873461349648 88.0 
305.0 323.0 3.743879999724758 0.6022873461349648 88.0 
306.0 317.0 3.743879999724758 0.6022873461349648 88.0 
306.0 318.0 3.743879999724758 0.6022873461349648 88.0 
306.0 319.0 3.743879999724758 0.6022873461349648 88.0 
306.0 320.0 3.743879999724758 0.6022873461349648 88.0 
306.0 321.0 3.743879999724758 0.6022873461349648 88.0 
306.0 322.0 3.743879999724758 0.6022873461349648 88.0 
306.0 323.0 3.743879999724758 0.6022873461349648 88.0 
306.0 324.0 3.743879999724758 0.6022873461349648 88.0 
307.0 318.0 3.743879999724758 0.6022873461349648 88.0 
307.0 319.0 3.743879999724758 0.6022873461349648 88.0 
307.0 320.0 3.743879999724758 0.6022873461349648 88.0 
307.0 321.0 3.743879999724758 0.6022873461349648 88.0 
307.0 322.0 3.743879999724758 0.6022873461349648 88.0 
307.0 323.0 3.743879999724758 0.6022873461349648 88.0 
307.0 324.0 3.743879999724758 0.6022873461349648 88.0 
308.0 319.0 3.743879999724758 0.6022873461349648 88.0 
308.0 320.0 3.743879999724758 0.6022873461349648 88.0 
308.0 321.0 3.743879999724758 0.6022873461349648 88.0 
308.0 322.0 3.743879999724758 0.6022873461349648 88.0 
308.0 323.0 3.743879999724758 0.6022873461349648 88.0 
308.0 324.0 3.743879999724758 0.6022873461349648 88.0 
308.0 325.0 3.743879999724758 0.6022873461349648 88.0 
309.0 319.0 3.743879999724758 0.6022873461349648 88.0 
309.0 320.0 3.743879999724758 0.6022873461349648 88.0 
309.0 321.0 3.743879999724758 0.6022873461349648 88.0 
309.0 322.0 3.743879999724758 0.6022873461349648 88.0 
309.0 323.0 3.743879999724758 0.6022873461349648 88.0 
309.0 324.0 3.743879999724758 0.6022873461349648 88.0 
309.0 325.0 3.743879999724758 0.6022873461349648 88.0 
309.0 326.0 3.743879999724758 0.6022873461349648 88.0 
310.0 320.0 3.743879999724758 0.6022873461349648 88.0 
310.0 321.0 3.743879999724758 0.6022873461349648 88.0 
310.0 322.0 3.743879999724758 0.6022873461349648 88.0 
310.0 323.0 3.743879999724758 0.6022873461349648 88.0 
310.0 324.0 3.743879999724758 0.6022873461349648 88.0 
310.0 325.0 3.743879999724758 0.6022873461349648 88.0 
310.0 326.0 3.743879999724758 0.6022873461349648 88.0 
311.0 321.0 3.743879999724758 0.6022873461349648 88.0 
311.0 322.0 3.743879999724758 0.6022873461349648 88.0 
311.0 323.0 3.743879999724758 0.6022873461349648 88.0 
311.0 324.0 3.743879999724758 0.6022873461349648 88.0 
311.0 325.0 3.743879999724758 0.6022873461349648 88.0 
311.0 326.0 3.743879999724758 0.6022873461349648 88.0 
311.0 327.0 3.743879999724758 0.6022873461349648 88.0 
312.0 322.0 3.743879999724758 0.6022873461349648 88.0 
312.0 323.0 3.743879999724758 0.6022873461349648 88.0 
312.0 324.0 3.743879999724758 0.6022873461349648 88.0 
312.0 325.0 3.743879999724758 0.6022873461349648 88.0 
312.0 326.0 3.743879999724758 0.6022873461349648 88.0 
312.0 327.0 3.743879999724758 0.6022873461349648 88.0 
312.0 328.0 3.743879999724758 0.6022873461349648 88.0 
313.0 322.0 3.743879999724758 0.6022873461349648 88.0 
313.0 323.0 3.743879999724758 0.6022873461349648 88.0 
313.0 324.0 3.743879999724758 0.6022873461349648 88.0 
313.0 325.0 3.743879999724758 0.6022873461349648 88.0 
313.0 326.0 3.743879999724758 0.6022873461349648 88.0 
313.0 327.0 3.743879999724758 0.6022873461349648 88.0 
313.0 328.0 3.743879999724758 0.6022873461349648 88.0 
313.0 329.0 3.743879999724758 0.6022873461349648 88.0 
314.0 323.0 3.743879999724758 0.6022873461349648 88.0 
314.0 324.0 3.743879999724758 0.6022873461349648 88.0 
314.0 325.0 3.743879999724758 0.6022873461349648 88.0 
314.0 326.0 3.743879999724758 0.6022873461349648 88.0 
314.0 327.0 3.743879999724758 0.6022873461349648 88.0 
314.0 328.0 3.743879999724758 0.6022873461349648 88.0 
314.0 329.0 3.743879999724758 0.6022873461349648 88.0 
315.0 324.0 3.743879999724758 0.6022873461349648 88.0 
315.0 325.0 3.743879999724758 0.6022873461349648 88.0 
315.0 326.0 3.743879999724758 0.6022873461349648 88.0 
315.0 327.0 3.743879999724758 0.6022873461349648 88.0 
315.0 328.0 3.743879999724758 0.6022873461349648 88.0 
315.0 329.0 3.743879999724758 0.6022873461349648 88.0 
315.0 330.0 3.743879999724758 0.6022873461349648 88.0 
316.0 324.0 3.743879999724758 0.6022873461349648 88.0 
316.0 325.0 3.743879999724758 0.6022873461349648 88.0 
316.0 326.0 3.743879999724758 0.6022873461349648 88.0 
316.0 327.0 3.743879999724758 0.6022873461349648 88.0 
316.0 328.0 3.743879999724758 0.6022873461349648 88.0 
316.0 329.0 3.743879999724758 0.6022873461349648 88.0 
316.0 330.0 3.743879999724758 0.6022873461349648 88.0 
316.0 331.0 3.743879999724758 0.6022873461349648 88.0 
317.0 325.0 3.743879999724758 0.6022873461349648 88.0 
317.0 326.0 3.743879999724758 0.6022873461349648 88.0 
317.0 327.0 3.743879999724758 0.6022873461349648 88.0 
317.0 328.0 3.743879999724758 0.6022873461349648 88.0 
317.0 329.0 3.743879999724758 0.6022873461349648 88.0 
317.0 330.0 3.743879999724758 0.6022873461349648 88.0 
317.0 331.0 3.743879999724758 0.6022873461349648 88.0 
318.0 326.0 3.743879999724758 0.6022873461349648 88.0 
318.0 327.0 3.743879999724758 0.6022873461349648 88.0 
318.0 328.0 3.743879999724758 0.6022873461349648 88.0 
318.0 329.0 3.743879999724758 0.6022873461349648 88.0 
318.0 330.0 3.743879999724758 0.6022873461349648 88.0 
318.0 331.0 3.743879999724758 0.6022873461349648 88.0 
318.0 332.0 3.743879999724758 0.6022873461349648 88.0 
319.0 326.0 3.743879999724758 0.6022873461349648 88.0 
319.0 327.0 3.743879999724758 0.6022873461349648 88.0 
319.0 328.0 3.743879999724758 0.6022873461349648 88.0 
319.0 329.0 3.743879999724758 0.6022873461349648 88.0 
319.0 330.0 3.743879999724758 0.6022873461349648 88.0 
319.0 331.0 3.743879999724758 0.6022873461349648 88.0 
319.0 332.0 3.743879999724758 0.6022873461349648 88.0 
319.0 333.0 3.743879999724758 0.6022873461349648 88.0 
320.0 327.0 3.743879999724758 0.6022873461349648 88.0 
320.0 328.0 3.743879999724758 0.6022873461349648 88.0 
320.0 329.0 3.743879999724758 0.6022873461349648 88.0 
320.0 330.0 3.743879999724758 0.6022873461349648 88.0 
320.0 331.0 3.743879999724758 0.6022873461349648 88.0 
320.0 332.0 3.743879999724758 0.6022873461349648 88.0 
320.0 333.0 3.743879999724758 0.6022873461349648 88.0 
321.0 328.0 3.743879999724758 0.6022873461349648 88.0 
321.0 329.0 3.743879999724758 0.6022873461349648 88.0 
321.0 330.0 3.743879999724758 0.6022873461349648 88.0 
321.0 331.0 3.743879999724758 0.6022873461349648 88.0 
321.0 332.0 3.743879999724758 0.6022873461349648 88.0 
321.0 333.0 3.743879999724758 0.6022873461349648 88.0 
321.0 334.0 3.743879999724758 0.6022873461349648 88.0 
322.0 328.0 3.743879999724758 0.6022873461349648 88.0 
322.0 329.0 3.743879999724758 0.6022873461349648 88.0 
322.0 330.0 3.743879999724758 0.6022873461349648 88.0 
322.0 331.0 3.743879999724758 0.6022873461349648 88.0 
322.0 332.0 3.743879999724758 0.6022873461349648 88.0 
322.0 333.0 3.743879999724758 0.6022873461349648 88.0 
322.0 334.0 3.743879999724758 0.6022873461349648 88.0 
322.0 335.0 3.743879999724758 0.6022873461349648 88.0 
323.0 329.0 3.743879999724758 0.6022873461349648 88.0 
323.0 330.0 3.743879999724758 0.6022873461349648 88.0 
323.0 331.0 3.743879999724758 0.6022873461349648 88.0 
323.0 332.0 3.743879999724758 0.6022873461349648 88.0 
323.0 333.0 3.743879999724758 0.6022873461349648 88.0 
323.0 334.0 3.743879999724758 0.6022873461349648 88.0 
323.0 335.0 3.743879999724758 0.6022873461349648 88.0 
324.0 330.0 3.743879999724758 0.6022873461349648 88.0 
324.0 331.0 3.743879999724758 0.6022873461349648 88.0 
324.0 332.0 3.743879999724758 0.6022873461349648 88.0 
324.0 333.0 3.743879999724758 0.6022873461349648 88.0 
324.0 334.0 3.743879999724758 0.6022873461349648 88.0 
324.0 335.0 3.743879999724758 0.6022873461349648 88.0 
324.0 336.0 3.743879999724758 0.6022873461349648 88.0 
325.0 330.0 3.743879999724758 0.6022873461349648 88.0 
325.0 331.0 3.743879999724758 0.6022873461349648 88.0 
325.0 332.0 3.743879999724758 0.6022873461349648 88.0 
325.0 333.0 3.743879999724758 0.6022873461349648 88.0 
325.0 334.0 3.743879999724758 0.6022873461349648 88.0 
325.0 335.0 3.743879999724758 0.6022873461349648 88.0 
325.0 336.0 3.743879999724758 0.6022873461349648 88.0 
325.0 337.0 3.743879999724758 0.6022873461349648 88.0 
326.0 331.0 3.743879999724758 0.6022873461349648 88.0 
326.0 332.0 3.743879999724758 0.6022873461349648 88.0 
326.0 333.0 3.743879999724758 0.6022873461349648 88.0 
326.0 334.0 3.743879999724758 0.6022873461349648 88.0 
326.0 335.0 3.743879999724758 0.6022873461349648 88.0 
326.0 336.0 3.743879999724758 0.6022873461349648 88.0 
326.0 337.0 3.743879999724758 0.6022873461349648 88.0 
327.0 332.0 3.743879999724758 0.6022873461349648 88.0 
327.0 333.0 3.743879999724758 0.6022873461349648 88.0 
327.0 334.0 3.743879999724758 0.6022873461349648 88.0 
327.0 335.0 3.743879999724758 0.6022873461349648 88.0 
327.0 336.0 3.743879999724758 0.6022873461349648 88.0 
327.0 337.0 3.743879999724758 0.6022873461349648 88.0 
327.0 338.0 3.743879999724758 0.6022873461349648 88.0 
328.0 333.0 3.743879999724758 0.6022873461349648 88.0 
328.0 334.0 3.743879999724758 0.6022873461349648 88.0 
328.0 335.0 3.743879999724758 0.6022873461349648 88.0 
328.0 336.0 3.743879999724758 0.6022873461349648 88.0 
328.0 337.0 3.743879999724758 0.6022873461349648 88.0 
328.0 338.0 3.743879999724758 0.6022873461349648 88.0 
328.0 339.0 3.743879999724758 0.6022873461349648 88.0 
329.0 333.0 3.743879999724758 0.6022873461349648 88.0 
329.0 334.0 3.743879999724758 0.6022873461349648 88.0 
329.0 335.0 3.743879999724758 0.6022873461349648 88.0 
329.0 336.0 3.743879999724758 0.6022873461349648 88.0 
329.0 337.0 3.743879999724758 0.6022873461349648 88.0 
329.0 338.0 3.743879999724758 0.6022873461349648 88.0 
329.0 339.0 3.743879999724758 0.6022873461349648 88.0 
329.0 340.0 3.743879999724758 0.6022873461349648 88.0 
330.0 334.0 3.743879999724758 0.6022873461349648 88.0 
330.0 335.0 3.743879999724758 0.6022873461349648 88.0 
330.0 336.0 3.743879999724758 0.6022873461349648 88.0 
330.0 337.0 3.743879999724758 0.6022873461349648 88.0 
330.0 338.0 3.743879999724758 0.6022873461349648 88.0 
330.0 339.0 3.743879999724758 0.6022873461349648 88.0 
330.0 340.0 3.743879999724758 0.6022873461349648 88.0 
331.0 335.0 3.743879999724758 0.6022873461349648 88.0 
331.0 336.0 3.743879999724758 0.6022873461349648 88.0 
331.0 337.0 3.743879999724758 0.6022873461349648 88.0 
331.0 338.0 3.743879999724758 0.6022873461349648 88.0 
331.0 339.0 3.743879999724758 0.6022873461349648 88.0 
331.0 340.0 3.743879999724758 0.6022873461349648 88.0 
331.0 341.0 3.743879999724758 0.6022873461349648 88.0 
332.0 335.0 3.743879999724758 0.6022873461349648 88.0 
332.0 336.0 3.743879999724758 0.6022873461349648 88.0 
332.0 337.0 3.743879999724758 0.6022873461349648 88.0 
332.0 338.0 3.743879999724758 0.6022873461349648 88.0 
332.0 339.0 3.743879999724758 0.6022873461349648 88.0 
332.0 340.0 3.743879999724758 0.6022873461349648 88.0 
332.0 341.0 3.743879999724758 0.6022873461349648 88.0 
332.0 342.0 3.743879999724758 0.6022873461349648 88.0 
333.0 336.0 3.743879999724758 0.6022873461349648 88.0 
333.0 337.0 3.743879999724758 0.6022873461349648 88.0 
333.0 338.0 3.743879999724758 0.6022873461349648 88.0 
333.0 339.0 3.743879999724758 0.6022873461349648 88.0 
333.0 340.0 3.743879999724758 0.6022873461349648 88.0 
333.0 341.0 3.743879999724758 0.6022873461349648 88.0 
333.0 342.0 3.743879999724758 0.6022873461349648 88.0 
334.0 337.0 3.743879999724758 0.6022873461349648 88.0 
334.0 338.0 3.743879999724758 0.6022873461349648 88.0 
334.0 339.0 3.743879999724758 0.6022873461349648 88.0 
334.0 340.0 3.743879999724758 0.6022873461349648 88.0 
334.0 341.0 3.743879999724758 0.6022873461349648 88.0 
334.0 342.0 3.743879999724758 0.6022873461349648 88.0 
334.0 343.0 3.743879999724758 0.6022873461349648 88.0 
335.0 337.0 3.743879999724758 0.6022873461349648 88.0 
335.0 338.0 3.743879999724758 0.6022873461349648 88.0 
335.0 339.0 3.743879999724758 0.6022873461349648 88.0 
335.0 340.0 3.743879999724758 0.6022873461349648 88.0 
335.0 341.0 3.743879999724758 0.6022873461349648 88.0 
335.0 342.0 3.743879999724758 0.6022873461349648 88.0 
335.0 343.0 3.743879999724758 0.6022873461349648 88.0 
335.0 344.0 3.743879999724758 0.6022873461349648 88.0 
336.0 338.0 3.743879999724758 0.6022873461349648 88.0 
336.0 339.0 3.743879999724758 0.6022873461349648 88.0 
336.0 340.0 3.743879999724758 0.6022873461349648 88.0 
336.0 341.0 3.743879999724758 0.6022873461349648 88.0 
336.0 342.0 3.743879999724758 0.6022873461349648 88.0 
336.0 343.0 3.743879999724758 0.6022873461349648 88.0 
336.0 344.0 3.743879999724758 0.6022873461349648 88.0 
337.0 339.0 3.743879999724758 0.6022873461349648 88.0 
337.0 340.0 3.743879999724758 0.6022873461349648 88.0 
337.0 341.0 3.743879999724758 0.6022873461349648 88.0 
337.0 342.0 3.743879999724758 0.6022873461349648 88.0 
337.0 343.0 3.743879999724758 0.6022873461349648 88.0 
337.0 344.0 3.743879999724758 0.6022873461349648 88.0 
337.0 345.0 3.743879999724758 0.6022873461349648 88.0 
338.0 339.0 3.743879999724758 0.6022873461349648 88.0 
338.0 340.0 3.743879999724758 0.6022873461349648 88.0 
338.0 341.0 3.743879999724758 0.6022873461349648 88.0 
338.0 342.0 3.743879999724758 0.6022873461349648 88.0 
338.0 343.0 3.743879999724758 0.6022873461349648 88.0 
338.0 344.0 3.743879999724758 0.6022873461349648 88.0 
338.0 345.0 3.743879999724758 0.6022873461349648 88.0 
338.0 346.0 3.743879999724758 0.6022873461349648 88.0 
339.0 340.0 3.743879999724758 0.6022873461349648 88.0 
339.0 341.0 3.743879999724758 0.6022873461349648 88.0 
339.0 342.0 3.743879999724758 0.6022873461349648 88.0 
339.0 343.0 3.743879999724758 0.6022873461349648 88.0 
339.0 344.0 3.743879999724758 0.6022873461349648 88.0 
339.0 345.0 3.743879999724758 0.6022873461349648 88.0 
339.0 346.0 3.743879999724758 0.6022873461349648 88.0 
340.0 341.0 3.743879999724758 0.6022873461349648 88.0 
340.0 342.0 3.743879999724758 0.6022873461349648 88.0 
340.0 343.0 3.743879999724758 0.6022873461349648 88.0 
340.0 344.0 3.743879999724758 0.6022873461349648 88.0 
340.0 345.0 3.743879999724758 0.6022873461349648 88.0 
340.0 346.0 3.743879999724758 0.6022873461349648 88.0 
340.0 347.0 3.743879999724758 0.6022873461349648 88.0 
341.0 341.0 3.743879999724758 0.6022873461349648 88.0 
341.0 342.0 3.743879999724758 0.6022873461349648 88.0 
341.0 343.0 3.743879999724758 0.6022873461349648 88.0 
341.0 344.0 3.743879999724758 0.6022873461349648 88.0 
341.0 345.0 3.743879999724758 0.6022873461349648 88.0 
341.0 346.0 3.743879999724758 0.6022873461349648 88.0 
341.0 347.0 3.743879999724758 0.6022873461349648 88.0 
341.0 348.0 3.743879999724758 0.6022873461349648 88.0 
342.0 342.0 3.743879999724758 0.6022873461349648 88.0 
342.0 343.0 3.743879999724758 0.6022873461349648 88.0 
342.0 344.0 3.743879999724758 0.6022873461349648 88.0 
342.0 345.0 3.743879999724758 0.6022873461349648 88.0 
342.0 346.0 3.743879999724758 0.6022873461349648 88.0 
342.0 347.0 3.743879999724758 0.6022873461349648 88.0 
342.0 348.0 3.743879999724758 0.6022873461349648 88.0 
343.0 343.0 3.743879999724758 0.6022873461349648 88.0 
343.0 344.0 3.743879999724758 0.6022873461349648 88.0 
343.0 345.0 3.743879999724758 0.6022873461349648 88.0 
343.0 346.0 3.743879999724758 0.6022873461349648 88.0 
343.0 347.0 3.743879999724758 0.6022873461349648 88.0 
343.0 348.0 3.743879999724758 0.6022873461349648 88.0 
343.0 349.0 3.743879999724758 0.6022873461349648 88.0 
344.0 344.0 3.743879999724758 0.6022873461349648 88.0 
344.0 345.0 3.743879999724758 0.6022873461349648 88.0 
344.0 346.0 3.743879999724758 0.6022873461349648 88.0 
344.0 347.0 3.743879999724758 0.6022873461349648 88.0 
344.0 348.0 3.743879999724758 0.6022873461349648 88.0 
344.0 349.0 3.743879999724758 0.6022873461349648 88.0 
344.0 350.0 3.743879999724758 0.6022873461349648 88.0 
345.0 344.0 3.743879999724758 0.6022873461349648 88.0 
345.0 345.0 3.743879999724758 0.6022873461349648 88.0 
345.0 346.0 3.743879999724758 0.6022873461349648 88.0 
345.0 347.0 3.743879999724758 0.6022873461349648 88.0 
345.0 348.0 3.743879999724758 0.6022873461349648 88.0 
345.0 349.0 3.743879999724758 0.6022873461349648 88.0 
345.0 350.0 3.743879999724758 0.6022873461349648 88.0 
345.0 351.0 3.743879999724758 0.6022873461349648 88.0 
346.0 345.0 3.743879999724758 0.6022873461349648 88.0 
346.0 346.0 3.743879999724758 0.6022873461349648 88.0 
346.0 347.0 3.743879999724758 0.6022873461349648 88.0 
346.0 348.0 3.743879999724758 0.6022873461349648 88.0 
346.0 349.0 3.743879999724758 0.6022873461349648 88.0 
346.0 350.0 3.743879999724758 0.6022873461349648 88.0 
346.0 351.0 3.743879999724758 0.6022873461349648 88.0 
347.0 346.0 3.743879999724758 0.6022873461349648 88.0 
347.0 347.0 3.743879999724758 0.6022873461349648 88.0 
347.0 348.0 3.743879999724758 0.6022873461349648 88.0 
347.0 349.0 3.743879999724758 0.6022873461349648 88.0 
347.0 350.0 3.743879999724758 0.6022873461349648 88.0 
347.0 351.0 3.743879999724758 0.6022873461349648 88.0 
347.0 352.0 3.743879999724758 0.6022873461349648 88.0 
348.0 346.0 3.743879999724758 0.6022873461349648 88.0 
348.0 347.0 3.743879999724758 0.6022873461349648 88.0 
348.0 348.0 3.743879999724758 0.6022873461349648 88.0 
348.0 349.0 3.743879999724758 0.6022873461349648 88.0 
348.0 350.0 3.743879999724758 0.6022873461349648 88.0 
348.0 351.0 3.743879999724758 0.6022873461349648 88.0 
348.0 352.0 3.743879999724758 0.6022873461349648 88.0 
348.0 353.0 3.743879999724758 0.6022873461349648 88.0 
349.0 347.0 3.743879999724758 0.6022873461349648 88.0 
349.0 348.0 3.743879999724758 0.6022873461349648 88.0 
349.0 349.0 3.743879999724758 0.6022873461349648 88.0 
349.0 350.0 3.743879999724758 0.6022873461349648 88.0 
349.0 351.0 3.743879999724758 0.6022873461349648 88.0 
349.0 352.0 3.743879999724758 0.6022873461349648 88.0 
349.0 353.0 3.743879999724758 0.6022873461349648 88.0 
350.0 348.0 3.743879999724758 0.6022873461349648 88.0 
350.0 349.0 3.743879999724758 0.6022873461349648 88.0 
350.0 350.0 3.743879999724758 0.6022873461349648 88.0 
350.0 351.0 3.743879999724758 0.6022873461349648 88.0 
350.0 352.0 3.743879999724758 0.6022873461349648 88.0 
350.0 353.0 3.743879999724758 0.6022873461349648 88.0 
350.0 354.0 3.743879999724758 0.6022873461349648 88.0 
351.0 348.0 3.743879999724758 0.6022873461349648 88.0 
351.0 349.0 3.743879999724758 0.6022873461349648 88.0 
351.0 350.0 3.743879999724758 0.6022873461349648 88.0 
351.0 351.0 3.743879999724758 0.6022873461349648 88.0 
351.0 352.0 3.743879999724758 0.6022873461349648 88.0 
351.0 353.0 3.743879999724758 0.6022873461349648 88.0 
351.0 354.0 3.743879999724758 0.6022873461349648 88.0 
351.0 355.0 3.743879999724758 0.6022873461349648 88.0 
352.0 349.0 3.743879999724758 0.6022873461349648 88.0 
352.0 350.0 3.743879999724758 0.6022873461349648 88.0 
352.0 351.0 3.743879999724758 0.6022873461349648 88.0 
352.0 352.0 3.743879999724758 0.6022873461349648 88.0 
352.0 353.0 3.743879999724758 0.6022873461349648 88.0 
352.0 354.0 3.743879999724758 0.6022873461349648 88.0 
352.0 355.0 3.743879999724758 0.6022873461349648 88.0 
353.0 350.0 3.743879999724758 0.6022873461349648 88.0 
353.0 351.0 3.743879999724758 0.6022873461349648 88.0 
353.0 352.0 3.743879999724758 0.6022873461349648 88.0 
353.0 353.0 3.743879999724758 0.6022873461349648 88.0 
353.0 354.0 3.743879999724758 0.6022873461349648 88.0 
353.0 355.0 3.743879999724758 0.6022873461349648 88.0 
353.0 356.0 3.743879999724758 0.6022873461349648 88.0 
354.0 350.0 3.743879999724758 0.6022873461349648 88.0 
354.0 351.0 3.743879999724758 0.6022873461349648 88.0 
354.0 352.0 3.743879999724758 0.6022873461349648 88.0 
354.0 353.0 3.743879999724758 0.6022873461349648 88.0 
354.0 354.0 3.743879999724758 0.6022873461349648 88.0 
354.0 355.0 3.743879999724758 0.6022873461349648 88.0 
354.0 356.0 3.743879999724758 0.6022873461349648 88.0 
354.0 357.0 3.743879999724758 0.6022873461349648 88.0 
355.0 351.0 3.743879999724758 0.6022873461349648 88.0 
355.0 352.0 3.743879999724758 0.6022873461349648 88.0 
355.0 353.0 3.743879999724758 0.6022873461349648 88.0 
355.0 354.0 3.743879999724758 0.6022873461349648 88.0 
355.0 355.0 3.743879999724758 0.6022873461349648 88.0 
355.0 356.0 3.743879999724758 0.6022873461349648 88.0 
355.0 357.0 3.743879999724758 0.6022873461349648 88.0 
356.0 352.0 3.743879999724758 0.6022873461349648 88.0 
356.0 353.0 3.743879999724758 0.6022873461349648 88.0 
356.0 354.0 3.743879999724758 0.6022873461349648 88.0 
356.0 355.0 3.743879999724758 0.6022873461349648 88.0 
356.0 356.0 3.743879999724758 0.6022873461349648 88.0 
356.0 357.0 3.743879999724758 0.6022873461349648 88.0 
356.0 358.0 3.743879999724758 0.6022873461349648 88.0 
357.0 352.0 3.743879999724758 0.6022873461349648 88.0 
357.0 353.0 3.743879999724758 0.6022873461349648 88.0 
357.0 354.0 3.743879999724758 0.6022873461349648 88.0 
357.0 355.0 3.743879999724758 0.6022873461349648 88.0 
357.0 356.0 3.743879999724758 0.6022873461349648 88.0 
357.0 357.0 3.743879999724758 0.6022873461349648 88.0 
357.0 358.0 3.743879999724758 0.6022873461349648 88.0 
357.0 359.0 3.743879999724758 0.6022873461349648 88.0 
358.0 353.0 3.743879999724758 0.6022873461349648 88.0 
358.0 354.0 3.743879999724758 0.6022873461349648 88.0 
358.0 355.0 3.743879999724758 0.6022873461349648 88.0 
358.0 356.0 3.743879999724758 0.6022873461349648 88.0 
358.0 357.0 3.743879999724758 0.6022873461349648 88.0 
358.0 358.0 3.743879999724758 0.6022873461349648 88.0 
359.0 354.0 3.743879999724758 0.6022873461349648 88.0 
359.0 355.0 3.743879999724758 0.6022873461349648 88.0 
359.0 356.0 3.743879999724758 0.6022873461349648 88.0 
360.0 355.0 3.743879999724758 0.6022873461349648 88.0 
