267.0 345.0 2.482786617472316 5.624379271062109 36.0 
267.0 346.0 2.482786617472316 5.624379271062109 36.0 
268.0 345.0 2.482786617472316 5.624379271062109 36.0 
268.0 346.0 2.482786617472316 5.624379271062109 36.0 
268.0 347.0 2.482786617472316 5.624379271062109 36.0 
269.0 344.0 2.482786617472316 5.624379271062109 36.0 
269.0 345.0 2.482786617472316 5.624379271062109 36.0 
269.0 346.0 2.482786617472316 5.624379271062109 36.0 
269.0 347.0 2.482786617472316 5.624379271062109 36.0 
269.0 348.0 2.482786617472316 5.624379271062109 36.0 
269.0 349.0 2.482786617472316 5.624379271062109 36.0 
270.0 343.0 2.482786617472316 5.624379271062109 36.0 
270.0 344.0 2.482786617472316 5.624379271062109 36.0 
270.0 345.0 2.482786617472316 5.624379271062109 36.0 
270.0 346.0 2.482786617472316 5.624379271062109 36.0 
270.0 347.0 2.482786617472316 5.624379271062109 36.0 
270.0 348.0 2.482786617472316 5.624379271062109 36.0 
270.0 349.0 2.482786617472316 5.624379271062109 36.0 
270.0 350.0 2.482786617472316 5.624379271062109 36.0 
271.0 342.0 2.482786617472316 5.624379271062109 36.0 
271.0 343.0 2.482786617472316 5.624379271062109 36.0 
271.0 344.0 2.482786617472316 5.624379271062109 36.0 
271.0 345.0 2.482786617472316 5.624379271062109 36.0 
271.0 346.0 2.482786617472316 5.624379271062109 36.0 
271.0 347.0 2.482786617472316 5.624379271062109 36.0 
271.0 348.0 2.482786617472316 5.624379271062109 36.0 
271.0 349.0 2.482786617472316 5.624379271062109 36.0 
272.0 342.0 2.482786617472316 5.624379271062109 36.0 
272.0 343.0 2.482786617472316 5.624379271062109 36.0 
272.0 344.0 2.482786617472316 5.624379271062109 36.0 
272.0 345.0 2.482786617472316 5.624379271062109 36.0 
272.0 346.0 2.482786617472316 5.624379271062109 36.0 
272.0 347.0 2.482786617472316 5.624379271062109 36.0 
272.0 348.0 2.482786617472316 5.624379271062109 36.0 
273.0 341.0 2.482786617472316 5.624379271062109 36.0 
273.0 342.0 2.482786617472316 5.624379271062109 36.0 
273.0 343.0 2.482786617472316 5.624379271062109 36.0 
273.0 344.0 2.482786617472316 5.624379271062109 36.0 
273.0 345.0 2.482786617472316 5.624379271062109 36.0 
273.0 346.0 2.482786617472316 5.624379271062109 36.0 
273.0 347.0 2.482786617472316 5.624379271062109 36.0 
274.0 340.0 2.482786617472316 5.624379271062109 36.0 
274.0 341.0 2.482786617472316 5.624379271062109 36.0 
274.0 342.0 2.482786617472316 5.624379271062109 36.0 
274.0 343.0 2.482786617472316 5.624379271062109 36.0 
274.0 344.0 2.482786617472316 5.624379271062109 36.0 
274.0 345.0 2.482786617472316 5.624379271062109 36.0 
274.0 346.0 2.482786617472316 5.624379271062109 36.0 
274.0 347.0 2.482786617472316 5.624379271062109 36.0 
275.0 339.0 2.482786617472316 5.624379271062109 36.0 
275.0 340.0 2.482786617472316 5.624379271062109 36.0 
275.0 341.0 2.482786617472316 5.624379271062109 36.0 
275.0 342.0 2.482786617472316 5.624379271062109 36.0 
275.0 343.0 2.482786617472316 5.624379271062109 36.0 
275.0 344.0 2.482786617472316 5.624379271062109 36.0 
275.0 345.0 2.482786617472316 5.624379271062109 36.0 
275.0 346.0 2.482786617472316 5.624379271062109 36.0 
276.0 339.0 2.482786617472316 5.624379271062109 36.0 
276.0 340.0 2.482786617472316 5.624379271062109 36.0 
276.0 341.0 2.482786617472316 5.624379271062109 36.0 
276.0 342.0 2.482786617472316 5.624379271062109 36.0 
276.0 343.0 2.482786617472316 5.624379271062109 36.0 
276.0 344.0 2.482786617472316 5.624379271062109 36.0 
276.0 345.0 2.482786617472316 5.624379271062109 36.0 
277.0 338.0 2.482786617472316 5.624379271062109 36.0 
277.0 339.0 2.482786617472316 5.624379271062109 36.0 
277.0 340.0 2.482786617472316 5.624379271062109 36.0 
277.0 341.0 2.482786617472316 5.624379271062109 36.0 
277.0 342.0 2.482786617472316 5.624379271062109 36.0 
277.0 343.0 2.482786617472316 5.624379271062109 36.0 
277.0 344.0 2.482786617472316 5.624379271062109 36.0 
278.0 337.0 2.482786617472316 5.624379271062109 36.0 
278.0 338.0 2.482786617472316 5.624379271062109 36.0 
278.0 339.0 2.482786617472316 5.624379271062109 36.0 
278.0 340.0 2.482786617472316 5.624379271062109 36.0 
278.0 341.0 2.482786617472316 5.624379271062109 36.0 
278.0 342.0 2.482786617472316 5.624379271062109 36.0 
278.0 343.0 2.482786617472316 5.624379271062109 36.0 
278.0 344.0 2.482786617472316 5.624379271062109 36.0 
279.0 336.0 2.482786617472316 5.624379271062109 36.0 
279.0 337.0 2.482786617472316 5.624379271062109 36.0 
279.0 338.0 2.482786617472316 5.624379271062109 36.0 
279.0 339.0 2.482786617472316 5.624379271062109 36.0 
279.0 340.0 2.482786617472316 5.624379271062109 36.0 
279.0 341.0 2.482786617472316 5.624379271062109 36.0 
279.0 342.0 2.482786617472316 5.624379271062109 36.0 
279.0 343.0 2.482786617472316 5.624379271062109 36.0 
280.0 335.0 2.482786617472316 5.624379271062109 36.0 
280.0 336.0 2.482786617472316 5.624379271062109 36.0 
280.0 337.0 2.482786617472316 5.624379271062109 36.0 
280.0 338.0 2.482786617472316 5.624379271062109 36.0 
280.0 339.0 2.482786617472316 5.624379271062109 36.0 
280.0 340.0 2.482786617472316 5.624379271062109 36.0 
280.0 341.0 2.482786617472316 5.624379271062109 36.0 
280.0 342.0 2.482786617472316 5.624379271062109 36.0 
281.0 335.0 2.482786617472316 5.624379271062109 36.0 
281.0 336.0 2.482786617472316 5.624379271062109 36.0 
281.0 337.0 2.482786617472316 5.624379271062109 36.0 
281.0 338.0 2.482786617472316 5.624379271062109 36.0 
281.0 339.0 2.482786617472316 5.624379271062109 36.0 
281.0 340.0 2.482786617472316 5.624379271062109 36.0 
281.0 341.0 2.482786617472316 5.624379271062109 36.0 
282.0 334.0 2.482786617472316 5.624379271062109 36.0 
282.0 335.0 2.482786617472316 5.624379271062109 36.0 
282.0 336.0 2.482786617472316 5.624379271062109 36.0 
282.0 337.0 2.482786617472316 5.624379271062109 36.0 
282.0 338.0 2.482786617472316 5.624379271062109 36.0 
282.0 339.0 2.482786617472316 5.624379271062109 36.0 
282.0 340.0 2.482786617472316 5.624379271062109 36.0 
283.0 333.0 2.482786617472316 5.624379271062109 36.0 
283.0 334.0 2.482786617472316 5.624379271062109 36.0 
283.0 335.0 2.482786617472316 5.624379271062109 36.0 
283.0 336.0 2.482786617472316 5.624379271062109 36.0 
283.0 337.0 2.482786617472316 5.624379271062109 36.0 
283.0 338.0 2.482786617472316 5.624379271062109 36.0 
283.0 339.0 2.482786617472316 5.624379271062109 36.0 
283.0 340.0 2.482786617472316 5.624379271062109 36.0 
284.0 332.0 2.482786617472316 5.624379271062109 36.0 
284.0 333.0 2.482786617472316 5.624379271062109 36.0 
284.0 334.0 2.482786617472316 5.624379271062109 36.0 
284.0 335.0 2.482786617472316 5.624379271062109 36.0 
284.0 336.0 2.482786617472316 5.624379271062109 36.0 
284.0 337.0 2.482786617472316 5.624379271062109 36.0 
284.0 338.0 2.482786617472316 5.624379271062109 36.0 
284.0 339.0 2.482786617472316 5.624379271062109 36.0 
285.0 332.0 2.482786617472316 5.624379271062109 36.0 
285.0 333.0 2.482786617472316 5.624379271062109 36.0 
285.0 334.0 2.482786617472316 5.624379271062109 36.0 
285.0 335.0 2.482786617472316 5.624379271062109 36.0 
285.0 336.0 2.482786617472316 5.624379271062109 36.0 
285.0 337.0 2.482786617472316 5.624379271062109 36.0 
285.0 338.0 2.482786617472316 5.624379271062109 36.0 
286.0 331.0 2.482786617472316 5.624379271062109 36.0 
286.0 332.0 2.482786617472316 5.624379271062109 36.0 
286.0 333.0 2.482786617472316 5.624379271062109 36.0 
286.0 334.0 2.482786617472316 5.624379271062109 36.0 
286.0 335.0 2.482786617472316 5.624379271062109 36.0 
286.0 336.0 2.482786617472316 5.624379271062109 36.0 
286.0 337.0 2.482786617472316 5.624379271062109 36.0 
287.0 330.0 2.482786617472316 5.624379271062109 36.0 
287.0 331.0 2.482786617472316 5.624379271062109 36.0 
287.0 332.0 2.482786617472316 5.624379271062109 36.0 
287.0 333.0 2.482786617472316 5.624379271062109 36.0 
287.0 334.0 2.482786617472316 5.624379271062109 36.0 
287.0 335.0 2.482786617472316 5.624379271062109 36.0 
287.0 336.0 2.482786617472316 5.624379271062109 36.0 
287.0 337.0 2.482786617472316 5.624379271062109 36.0 
288.0 329.0 2.482786617472316 5.624379271062109 36.0 
288.0 330.0 2.482786617472316 5.624379271062109 36.0 
288.0 331.0 2.482786617472316 5.624379271062109 36.0 
288.0 332.0 2.482786617472316 5.624379271062109 36.0 
288.0 333.0 2.482786617472316 5.624379271062109 36.0 
288.0 334.0 2.482786617472316 5.624379271062109 36.0 
288.0 335.0 2.482786617472316 5.624379271062109 36.0 
288.0 336.0 2.482786617472316 5.624379271062109 36.0 
289.0 328.0 2.482786617472316 5.624379271062109 36.0 
289.0 329.0 2.482786617472316 5.624379271062109 36.0 
289.0 330.0 2.482786617472316 5.624379271062109 36.0 
289.0 331.0 2.482786617472316 5.624379271062109 36.0 
289.0 332.0 2.482786617472316 5.624379271062109 36.0 
289.0 333.0 2.482786617472316 5.624379271062109 36.0 
289.0 334.0 2.482786617472316 5.624379271062109 36.0 
289.0 335.0 2.482786617472316 5.624379271062109 36.0 
290.0 328.0 2.482786617472316 5.624379271062109 36.0 
290.0 329.0 2.482786617472316 5.624379271062109 36.0 
290.0 330.0 2.482786617472316 5.624379271062109 36.0 
290.0 331.0 2.482786617472316 5.624379271062109 36.0 
290.0 332.0 2.482786617472316 5.624379271062109 36.0 
290.0 333.0 2.482786617472316 5.624379271062109 36.0 
290.0 334.0 2.482786617472316 5.624379271062109 36.0 
291.0 327.0 2.482786617472316 5.624379271062109 36.0 
291.0 328.0 2.482786617472316 5.624379271062109 36.0 
291.0 329.0 2.482786617472316 5.624379271062109 36.0 
291.0 330.0 2.482786617472316 5.624379271062109 36.0 
291.0 331.0 2.482786617472316 5.624379271062109 36.0 
291.0 332.0 2.482786617472316 5.624379271062109 36.0 
291.0 333.0 2.482786617472316 5.624379271062109 36.0 
292.0 326.0 2.482786617472316 5.624379271062109 36.0 
292.0 327.0 2.482786617472316 5.624379271062109 36.0 
292.0 328.0 2.482786617472316 5.624379271062109 36.0 
292.0 329.0 2.482786617472316 5.624379271062109 36.0 
292.0 330.0 2.482786617472316 5.624379271062109 36.0 
292.0 331.0 2.482786617472316 5.624379271062109 36.0 
292.0 332.0 2.482786617472316 5.624379271062109 36.0 
292.0 333.0 2.482786617472316 5.624379271062109 36.0 
293.0 325.0 2.482786617472316 5.624379271062109 36.0 
293.0 326.0 2.482786617472316 5.624379271062109 36.0 
293.0 327.0 2.482786617472316 5.624379271062109 36.0 
293.0 328.0 2.482786617472316 5.624379271062109 36.0 
293.0 329.0 2.482786617472316 5.624379271062109 36.0 
293.0 330.0 2.482786617472316 5.624379271062109 36.0 
293.0 331.0 2.482786617472316 5.624379271062109 36.0 
293.0 332.0 2.482786617472316 5.624379271062109 36.0 
294.0 325.0 2.482786617472316 5.624379271062109 36.0 
294.0 326.0 2.482786617472316 5.624379271062109 36.0 
294.0 327.0 2.482786617472316 5.624379271062109 36.0 
294.0 328.0 2.482786617472316 5.624379271062109 36.0 
294.0 329.0 2.482786617472316 5.624379271062109 36.0 
294.0 330.0 2.482786617472316 5.624379271062109 36.0 
294.0 331.0 2.482786617472316 5.624379271062109 36.0 
295.0 324.0 2.482786617472316 5.624379271062109 36.0 
295.0 325.0 2.482786617472316 5.624379271062109 36.0 
295.0 326.0 2.482786617472316 5.624379271062109 36.0 
295.0 327.0 2.482786617472316 5.624379271062109 36.0 
295.0 328.0 2.482786617472316 5.624379271062109 36.0 
295.0 329.0 2.482786617472316 5.624379271062109 36.0 
295.0 330.0 2.482786617472316 5.624379271062109 36.0 
296.0 323.0 2.482786617472316 5.624379271062109 36.0 
296.0 324.0 2.482786617472316 5.624379271062109 36.0 
296.0 325.0 2.482786617472316 5.624379271062109 36.0 
296.0 326.0 2.482786617472316 5.624379271062109 36.0 
296.0 327.0 2.482786617472316 5.624379271062109 36.0 
296.0 328.0 2.482786617472316 5.624379271062109 36.0 
296.0 329.0 2.482786617472316 5.624379271062109 36.0 
296.0 330.0 2.482786617472316 5.624379271062109 36.0 
297.0 322.0 2.482786617472316 5.624379271062109 36.0 
297.0 323.0 2.482786617472316 5.624379271062109 36.0 
297.0 324.0 2.482786617472316 5.624379271062109 36.0 
297.0 325.0 2.482786617472316 5.624379271062109 36.0 
297.0 326.0 2.482786617472316 5.624379271062109 36.0 
297.0 327.0 2.482786617472316 5.624379271062109 36.0 
297.0 328.0 2.482786617472316 5.624379271062109 36.0 
297.0 329.0 2.482786617472316 5.624379271062109 36.0 
298.0 321.0 2.482786617472316 5.624379271062109 36.0 
298.0 322.0 2.482786617472316 5.624379271062109 36.0 
298.0 323.0 2.482786617472316 5.624379271062109 36.0 
298.0 324.0 2.482786617472316 5.624379271062109 36.0 
298.0 325.0 2.482786617472316 5.624379271062109 36.0 
298.0 326.0 2.482786617472316 5.624379271062109 36.0 
298.0 327.0 2.482786617472316 5.624379271062109 36.0 
298.0 328.0 2.482786617472316 5.624379271062109 36.0 
299.0 321.0 2.482786617472316 5.624379271062109 36.0 
299.0 322.0 2.482786617472316 5.624379271062109 36.0 
299.0 323.0 2.482786617472316 5.624379271062109 36.0 
299.0 324.0 2.482786617472316 5.624379271062109 36.0 
299.0 325.0 2.482786617472316 5.624379271062109 36.0 
299.0 326.0 2.482786617472316 5.624379271062109 36.0 
299.0 327.0 2.482786617472316 5.624379271062109 36.0 
300.0 320.0 2.482786617472316 5.624379271062109 36.0 
300.0 321.0 2.482786617472316 5.624379271062109 36.0 
300.0 322.0 2.482786617472316 5.624379271062109 36.0 
300.0 323.0 2.482786617472316 5.624379271062109 36.0 
300.0 324.0 2.482786617472316 5.624379271062109 36.0 
300.0 325.0 2.482786617472316 5.624379271062109 36.0 
300.0 326.0 2.482786617472316 5.624379271062109 36.0 
300.0 327.0 2.482786617472316 5.624379271062109 36.0 
301.0 319.0 2.482786617472316 5.624379271062109 36.0 
301.0 320.0 2.482786617472316 5.624379271062109 36.0 
301.0 321.0 2.482786617472316 5.624379271062109 36.0 
301.0 322.0 2.482786617472316 5.624379271062109 36.0 
301.0 323.0 2.482786617472316 5.624379271062109 36.0 
301.0 324.0 2.482786617472316 5.624379271062109 36.0 
301.0 325.0 2.482786617472316 5.624379271062109 36.0 
301.0 326.0 2.482786617472316 5.624379271062109 36.0 
302.0 318.0 2.482786617472316 5.624379271062109 36.0 
302.0 319.0 2.482786617472316 5.624379271062109 36.0 
302.0 320.0 2.482786617472316 5.624379271062109 36.0 
302.0 321.0 2.482786617472316 5.624379271062109 36.0 
302.0 322.0 2.482786617472316 5.624379271062109 36.0 
302.0 323.0 2.482786617472316 5.624379271062109 36.0 
302.0 324.0 2.482786617472316 5.624379271062109 36.0 
302.0 325.0 2.482786617472316 5.624379271062109 36.0 
303.0 318.0 2.482786617472316 5.624379271062109 36.0 
303.0 319.0 2.482786617472316 5.624379271062109 36.0 
303.0 320.0 2.482786617472316 5.624379271062109 36.0 
303.0 321.0 2.482786617472316 5.624379271062109 36.0 
303.0 322.0 2.482786617472316 5.624379271062109 36.0 
303.0 323.0 2.482786617472316 5.624379271062109 36.0 
303.0 324.0 2.482786617472316 5.624379271062109 36.0 
304.0 317.0 2.482786617472316 5.624379271062109 36.0 
304.0 318.0 2.482786617472316 5.624379271062109 36.0 
304.0 319.0 2.482786617472316 5.624379271062109 36.0 
304.0 320.0 2.482786617472316 5.624379271062109 36.0 
304.0 321.0 2.482786617472316 5.624379271062109 36.0 
304.0 322.0 2.482786617472316 5.624379271062109 36.0 
304.0 323.0 2.482786617472316 5.624379271062109 36.0 
305.0 316.0 2.482786617472316 5.624379271062109 36.0 
305.0 317.0 2.482786617472316 5.624379271062109 36.0 
305.0 318.0 2.482786617472316 5.624379271062109 36.0 
305.0 319.0 2.482786617472316 5.624379271062109 36.0 
305.0 320.0 2.482786617472316 5.624379271062109 36.0 
305.0 321.0 2.482786617472316 5.624379271062109 36.0 
305.0 322.0 2.482786617472316 5.624379271062109 36.0 
305.0 323.0 2.482786617472316 5.624379271062109 36.0 
306.0 315.0 2.482786617472316 5.624379271062109 36.0 
306.0 316.0 2.482786617472316 5.624379271062109 36.0 
306.0 317.0 2.482786617472316 5.624379271062109 36.0 
306.0 318.0 2.482786617472316 5.624379271062109 36.0 
306.0 319.0 2.482786617472316 5.624379271062109 36.0 
306.0 320.0 2.482786617472316 5.624379271062109 36.0 
306.0 321.0 2.482786617472316 5.624379271062109 36.0 
306.0 322.0 2.482786617472316 5.624379271062109 36.0 
307.0 315.0 2.482786617472316 5.624379271062109 36.0 
307.0 316.0 2.482786617472316 5.624379271062109 36.0 
307.0 317.0 2.482786617472316 5.624379271062109 36.0 
307.0 318.0 2.482786617472316 5.624379271062109 36.0 
307.0 319.0 2.482786617472316 5.624379271062109 36.0 
307.0 320.0 2.482786617472316 5.624379271062109 36.0 
307.0 321.0 2.482786617472316 5.624379271062109 36.0 
308.0 314.0 2.482786617472316 5.624379271062109 36.0 
308.0 315.0 2.482786617472316 5.624379271062109 36.0 
308.0 316.0 2.482786617472316 5.624379271062109 36.0 
308.0 317.0 2.482786617472316 5.624379271062109 36.0 
308.0 318.0 2.482786617472316 5.624379271062109 36.0 
308.0 319.0 2.482786617472316 5.624379271062109 36.0 
308.0 320.0 2.482786617472316 5.624379271062109 36.0 
309.0 313.0 2.482786617472316 5.624379271062109 36.0 
309.0 314.0 2.482786617472316 5.624379271062109 36.0 
309.0 315.0 2.482786617472316 5.624379271062109 36.0 
309.0 316.0 2.482786617472316 5.624379271062109 36.0 
309.0 317.0 2.482786617472316 5.624379271062109 36.0 
309.0 318.0 2.482786617472316 5.624379271062109 36.0 
309.0 319.0 2.482786617472316 5.624379271062109 36.0 
309.0 320.0 2.482786617472316 5.624379271062109 36.0 
310.0 312.0 2.482786617472316 5.624379271062109 36.0 
310.0 313.0 2.482786617472316 5.624379271062109 36.0 
310.0 314.0 2.482786617472316 5.624379271062109 36.0 
310.0 315.0 2.482786617472316 5.624379271062109 36.0 
310.0 316.0 2.482786617472316 5.624379271062109 36.0 
310.0 317.0 2.482786617472316 5.624379271062109 36.0 
310.0 318.0 2.482786617472316 5.624379271062109 36.0 
310.0 319.0 2.482786617472316 5.624379271062109 36.0 
311.0 311.0 2.482786617472316 5.624379271062109 36.0 
311.0 312.0 2.482786617472316 5.624379271062109 36.0 
311.0 313.0 2.482786617472316 5.624379271062109 36.0 
311.0 314.0 2.482786617472316 5.624379271062109 36.0 
311.0 315.0 2.482786617472316 5.624379271062109 36.0 
311.0 316.0 2.482786617472316 5.624379271062109 36.0 
311.0 317.0 2.482786617472316 5.624379271062109 36.0 
311.0 318.0 2.482786617472316 5.624379271062109 36.0 
312.0 311.0 2.482786617472316 5.624379271062109 36.0 
312.0 312.0 2.482786617472316 5.624379271062109 36.0 
312.0 313.0 2.482786617472316 5.624379271062109 36.0 
312.0 314.0 2.482786617472316 5.624379271062109 36.0 
312.0 315.0 2.482786617472316 5.624379271062109 36.0 
312.0 316.0 2.482786617472316 5.624379271062109 36.0 
312.0 317.0 2.482786617472316 5.624379271062109 36.0 
313.0 310.0 2.482786617472316 5.624379271062109 36.0 
313.0 311.0 2.482786617472316 5.624379271062109 36.0 
313.0 312.0 2.482786617472316 5.624379271062109 36.0 
313.0 313.0 2.482786617472316 5.624379271062109 36.0 
313.0 314.0 2.482786617472316 5.624379271062109 36.0 
313.0 315.0 2.482786617472316 5.624379271062109 36.0 
313.0 316.0 2.482786617472316 5.624379271062109 36.0 
314.0 309.0 2.482786617472316 5.624379271062109 36.0 
314.0 310.0 2.482786617472316 5.624379271062109 36.0 
314.0 311.0 2.482786617472316 5.624379271062109 36.0 
314.0 312.0 2.482786617472316 5.624379271062109 36.0 
314.0 313.0 2.482786617472316 5.624379271062109 36.0 
314.0 314.0 2.482786617472316 5.624379271062109 36.0 
314.0 315.0 2.482786617472316 5.624379271062109 36.0 
314.0 316.0 2.482786617472316 5.624379271062109 36.0 
315.0 308.0 2.482786617472316 5.624379271062109 36.0 
315.0 309.0 2.482786617472316 5.624379271062109 36.0 
315.0 310.0 2.482786617472316 5.624379271062109 36.0 
315.0 311.0 2.482786617472316 5.624379271062109 36.0 
315.0 312.0 2.482786617472316 5.624379271062109 36.0 
315.0 313.0 2.482786617472316 5.624379271062109 36.0 
315.0 314.0 2.482786617472316 5.624379271062109 36.0 
315.0 315.0 2.482786617472316 5.624379271062109 36.0 
316.0 308.0 2.482786617472316 5.624379271062109 36.0 
316.0 309.0 2.482786617472316 5.624379271062109 36.0 
316.0 310.0 2.482786617472316 5.624379271062109 36.0 
316.0 311.0 2.482786617472316 5.624379271062109 36.0 
316.0 312.0 2.482786617472316 5.624379271062109 36.0 
316.0 313.0 2.482786617472316 5.624379271062109 36.0 
316.0 314.0 2.482786617472316 5.624379271062109 36.0 
317.0 307.0 2.482786617472316 5.624379271062109 36.0 
317.0 308.0 2.482786617472316 5.624379271062109 36.0 
317.0 309.0 2.482786617472316 5.624379271062109 36.0 
317.0 310.0 2.482786617472316 5.624379271062109 36.0 
317.0 311.0 2.482786617472316 5.624379271062109 36.0 
317.0 312.0 2.482786617472316 5.624379271062109 36.0 
317.0 313.0 2.482786617472316 5.624379271062109 36.0 
318.0 306.0 2.482786617472316 5.624379271062109 36.0 
318.0 307.0 2.482786617472316 5.624379271062109 36.0 
318.0 308.0 2.482786617472316 5.624379271062109 36.0 
318.0 309.0 2.482786617472316 5.624379271062109 36.0 
318.0 310.0 2.482786617472316 5.624379271062109 36.0 
318.0 311.0 2.482786617472316 5.624379271062109 36.0 
318.0 312.0 2.482786617472316 5.624379271062109 36.0 
318.0 313.0 2.482786617472316 5.624379271062109 36.0 
319.0 305.0 2.482786617472316 5.624379271062109 36.0 
319.0 306.0 2.482786617472316 5.624379271062109 36.0 
319.0 307.0 2.482786617472316 5.624379271062109 36.0 
319.0 308.0 2.482786617472316 5.624379271062109 36.0 
319.0 309.0 2.482786617472316 5.624379271062109 36.0 
319.0 310.0 2.482786617472316 5.624379271062109 36.0 
319.0 311.0 2.482786617472316 5.624379271062109 36.0 
319.0 312.0 2.482786617472316 5.624379271062109 36.0 
320.0 304.0 2.482786617472316 5.624379271062109 36.0 
320.0 305.0 2.482786617472316 5.624379271062109 36.0 
320.0 306.0 2.482786617472316 5.624379271062109 36.0 
320.0 307.0 2.482786617472316 5.624379271062109 36.0 
320.0 308.0 2.482786617472316 5.624379271062109 36.0 
320.0 309.0 2.482786617472316 5.624379271062109 36.0 
320.0 310.0 2.482786617472316 5.624379271062109 36.0 
320.0 311.0 2.482786617472316 5.624379271062109 36.0 
321.0 304.0 2.482786617472316 5.624379271062109 36.0 
321.0 305.0 2.482786617472316 5.624379271062109 36.0 
321.0 306.0 2.482786617472316 5.624379271062109 36.0 
321.0 307.0 2.482786617472316 5.624379271062109 36.0 
321.0 308.0 2.482786617472316 5.624379271062109 36.0 
321.0 309.0 2.482786617472316 5.624379271062109 36.0 
321.0 310.0 2.482786617472316 5.624379271062109 36.0 
322.0 303.0 2.482786617472316 5.624379271062109 36.0 
322.0 304.0 2.482786617472316 5.624379271062109 36.0 
322.0 305.0 2.482786617472316 5.624379271062109 36.0 
322.0 306.0 2.482786617472316 5.624379271062109 36.0 
322.0 307.0 2.482786617472316 5.624379271062109 36.0 
322.0 308.0 2.482786617472316 5.624379271062109 36.0 
322.0 309.0 2.482786617472316 5.624379271062109 36.0 
323.0 302.0 2.482786617472316 5.624379271062109 36.0 
323.0 303.0 2.482786617472316 5.624379271062109 36.0 
323.0 304.0 2.482786617472316 5.624379271062109 36.0 
323.0 305.0 2.482786617472316 5.624379271062109 36.0 
323.0 306.0 2.482786617472316 5.624379271062109 36.0 
323.0 307.0 2.482786617472316 5.624379271062109 36.0 
323.0 308.0 2.482786617472316 5.624379271062109 36.0 
323.0 309.0 2.482786617472316 5.624379271062109 36.0 
324.0 301.0 2.482786617472316 5.624379271062109 36.0 
324.0 302.0 2.482786617472316 5.624379271062109 36.0 
324.0 303.0 2.482786617472316 5.624379271062109 36.0 
324.0 304.0 2.482786617472316 5.624379271062109 36.0 
324.0 305.0 2.482786617472316 5.624379271062109 36.0 
324.0 306.0 2.482786617472316 5.624379271062109 36.0 
324.0 307.0 2.482786617472316 5.624379271062109 36.0 
324.0 308.0 2.482786617472316 5.624379271062109 36.0 
325.0 301.0 2.482786617472316 5.624379271062109 36.0 
325.0 302.0 2.482786617472316 5.624379271062109 36.0 
325.0 303.0 2.482786617472316 5.624379271062109 36.0 
325.0 304.0 2.482786617472316 5.624379271062109 36.0 
325.0 305.0 2.482786617472316 5.624379271062109 36.0 
325.0 306.0 2.482786617472316 5.624379271062109 36.0 
325.0 307.0 2.482786617472316 5.624379271062109 36.0 
326.0 300.0 2.482786617472316 5.624379271062109 36.0 
326.0 301.0 2.482786617472316 5.624379271062109 36.0 
326.0 302.0 2.482786617472316 5.624379271062109 36.0 
326.0 303.0 2.482786617472316 5.624379271062109 36.0 
326.0 304.0 2.482786617472316 5.624379271062109 36.0 
326.0 305.0 2.482786617472316 5.624379271062109 36.0 
326.0 306.0 2.482786617472316 5.624379271062109 36.0 
327.0 299.0 2.482786617472316 5.624379271062109 36.0 
327.0 300.0 2.482786617472316 5.624379271062109 36.0 
327.0 301.0 2.482786617472316 5.624379271062109 36.0 
327.0 302.0 2.482786617472316 5.624379271062109 36.0 
327.0 303.0 2.482786617472316 5.624379271062109 36.0 
327.0 304.0 2.482786617472316 5.624379271062109 36.0 
327.0 305.0 2.482786617472316 5.624379271062109 36.0 
327.0 306.0 2.482786617472316 5.624379271062109 36.0 
328.0 298.0 2.482786617472316 5.624379271062109 36.0 
328.0 299.0 2.482786617472316 5.624379271062109 36.0 
328.0 300.0 2.482786617472316 5.624379271062109 36.0 
328.0 301.0 2.482786617472316 5.624379271062109 36.0 
328.0 302.0 2.482786617472316 5.624379271062109 36.0 
328.0 303.0 2.482786617472316 5.624379271062109 36.0 
328.0 304.0 2.482786617472316 5.624379271062109 36.0 
328.0 305.0 2.482786617472316 5.624379271062109 36.0 
329.0 299.0 2.482786617472316 5.624379271062109 36.0 
329.0 300.0 2.482786617472316 5.624379271062109 36.0 
329.0 301.0 2.482786617472316 5.624379271062109 36.0 
329.0 302.0 2.482786617472316 5.624379271062109 36.0 
329.0 303.0 2.482786617472316 5.624379271062109 36.0 
329.0 304.0 2.482786617472316 5.624379271062109 36.0 
330.0 300.0 2.482786617472316 5.624379271062109 36.0 
330.0 301.0 2.482786617472316 5.624379271062109 36.0 
330.0 302.0 2.482786617472316 5.624379271062109 36.0 
330.0 303.0 2.482786617472316 5.624379271062109 36.0 
331.0 302.0 2.482786617472316 5.624379271062109 36.0 
331.0 303.0 2.482786617472316 5.624379271062109 36.0 
