254.0 315.0 2.8966139904629284 6.038206644052721 40.0 
254.0 316.0 2.8966139904629284 6.038206644052721 40.0 
254.0 317.0 2.8966139904629284 6.038206644052721 40.0 
255.0 315.0 2.8966139904629284 6.038206644052721 40.0 
255.0 316.0 2.8966139904629284 6.038206644052721 40.0 
255.0 317.0 2.8966139904629284 6.038206644052721 40.0 
255.0 318.0 2.8966139904629284 6.038206644052721 40.0 
255.0 319.0 2.8966139904629284 6.038206644052721 40.0 
255.0 320.0 2.8966139904629284 6.038206644052721 40.0 
256.0 315.0 2.8966139904629284 6.038206644052721 40.0 
256.0 316.0 2.8966139904629284 6.038206644052721 40.0 
256.0 317.0 2.8966139904629284 6.038206644052721 40.0 
256.0 318.0 2.8966139904629284 6.038206644052721 40.0 
256.0 319.0 2.8966139904629284 6.038206644052721 40.0 
256.0 320.0 2.8966139904629284 6.038206644052721 40.0 
257.0 315.0 2.8966139904629284 6.038206644052721 40.0 
257.0 316.0 2.8966139904629284 6.038206644052721 40.0 
257.0 317.0 2.8966139904629284 6.038206644052721 40.0 
257.0 318.0 2.8966139904629284 6.038206644052721 40.0 
257.0 319.0 2.8966139904629284 6.038206644052721 40.0 
257.0 320.0 2.8966139904629284 6.038206644052721 40.0 
258.0 314.0 2.8966139904629284 6.038206644052721 40.0 
258.0 315.0 2.8966139904629284 6.038206644052721 40.0 
258.0 316.0 2.8966139904629284 6.038206644052721 40.0 
258.0 317.0 2.8966139904629284 6.038206644052721 40.0 
258.0 318.0 2.8966139904629284 6.038206644052721 40.0 
258.0 319.0 2.8966139904629284 6.038206644052721 40.0 
258.0 320.0 2.8966139904629284 6.038206644052721 40.0 
259.0 314.0 2.8966139904629284 6.038206644052721 40.0 
259.0 315.0 2.8966139904629284 6.038206644052721 40.0 
259.0 316.0 2.8966139904629284 6.038206644052721 40.0 
259.0 317.0 2.8966139904629284 6.038206644052721 40.0 
259.0 318.0 2.8966139904629284 6.038206644052721 40.0 
259.0 319.0 2.8966139904629284 6.038206644052721 40.0 
260.0 314.0 2.8966139904629284 6.038206644052721 40.0 
260.0 315.0 2.8966139904629284 6.038206644052721 40.0 
260.0 316.0 2.8966139904629284 6.038206644052721 40.0 
260.0 317.0 2.8966139904629284 6.038206644052721 40.0 
260.0 318.0 2.8966139904629284 6.038206644052721 40.0 
260.0 319.0 2.8966139904629284 6.038206644052721 40.0 
261.0 314.0 2.8966139904629284 6.038206644052721 40.0 
261.0 315.0 2.8966139904629284 6.038206644052721 40.0 
261.0 316.0 2.8966139904629284 6.038206644052721 40.0 
261.0 317.0 2.8966139904629284 6.038206644052721 40.0 
261.0 318.0 2.8966139904629284 6.038206644052721 40.0 
261.0 319.0 2.8966139904629284 6.038206644052721 40.0 
262.0 313.0 2.8966139904629284 6.038206644052721 40.0 
262.0 314.0 2.8966139904629284 6.038206644052721 40.0 
262.0 315.0 2.8966139904629284 6.038206644052721 40.0 
262.0 316.0 2.8966139904629284 6.038206644052721 40.0 
262.0 317.0 2.8966139904629284 6.038206644052721 40.0 
262.0 318.0 2.8966139904629284 6.038206644052721 40.0 
262.0 319.0 2.8966139904629284 6.038206644052721 40.0 
263.0 313.0 2.8966139904629284 6.038206644052721 40.0 
263.0 314.0 2.8966139904629284 6.038206644052721 40.0 
263.0 315.0 2.8966139904629284 6.038206644052721 40.0 
263.0 316.0 2.8966139904629284 6.038206644052721 40.0 
263.0 317.0 2.8966139904629284 6.038206644052721 40.0 
263.0 318.0 2.8966139904629284 6.038206644052721 40.0 
264.0 313.0 2.8966139904629284 6.038206644052721 40.0 
264.0 314.0 2.8966139904629284 6.038206644052721 40.0 
264.0 315.0 2.8966139904629284 6.038206644052721 40.0 
264.0 316.0 2.8966139904629284 6.038206644052721 40.0 
264.0 317.0 2.8966139904629284 6.038206644052721 40.0 
264.0 318.0 2.8966139904629284 6.038206644052721 40.0 
265.0 313.0 2.8966139904629284 6.038206644052721 40.0 
265.0 314.0 2.8966139904629284 6.038206644052721 40.0 
265.0 315.0 2.8966139904629284 6.038206644052721 40.0 
265.0 316.0 2.8966139904629284 6.038206644052721 40.0 
265.0 317.0 2.8966139904629284 6.038206644052721 40.0 
265.0 318.0 2.8966139904629284 6.038206644052721 40.0 
266.0 312.0 2.8966139904629284 6.038206644052721 40.0 
266.0 313.0 2.8966139904629284 6.038206644052721 40.0 
266.0 314.0 2.8966139904629284 6.038206644052721 40.0 
266.0 315.0 2.8966139904629284 6.038206644052721 40.0 
266.0 316.0 2.8966139904629284 6.038206644052721 40.0 
266.0 317.0 2.8966139904629284 6.038206644052721 40.0 
266.0 318.0 2.8966139904629284 6.038206644052721 40.0 
267.0 312.0 2.8966139904629284 6.038206644052721 40.0 
267.0 313.0 2.8966139904629284 6.038206644052721 40.0 
267.0 314.0 2.8966139904629284 6.038206644052721 40.0 
267.0 315.0 2.8966139904629284 6.038206644052721 40.0 
267.0 316.0 2.8966139904629284 6.038206644052721 40.0 
267.0 317.0 2.8966139904629284 6.038206644052721 40.0 
268.0 312.0 2.8966139904629284 6.038206644052721 40.0 
268.0 313.0 2.8966139904629284 6.038206644052721 40.0 
268.0 314.0 2.8966139904629284 6.038206644052721 40.0 
268.0 315.0 2.8966139904629284 6.038206644052721 40.0 
268.0 316.0 2.8966139904629284 6.038206644052721 40.0 
268.0 317.0 2.8966139904629284 6.038206644052721 40.0 
269.0 312.0 2.8966139904629284 6.038206644052721 40.0 
269.0 313.0 2.8966139904629284 6.038206644052721 40.0 
269.0 314.0 2.8966139904629284 6.038206644052721 40.0 
269.0 315.0 2.8966139904629284 6.038206644052721 40.0 
269.0 316.0 2.8966139904629284 6.038206644052721 40.0 
269.0 317.0 2.8966139904629284 6.038206644052721 40.0 
270.0 311.0 2.8966139904629284 6.038206644052721 40.0 
270.0 312.0 2.8966139904629284 6.038206644052721 40.0 
270.0 313.0 2.8966139904629284 6.038206644052721 40.0 
270.0 314.0 2.8966139904629284 6.038206644052721 40.0 
270.0 315.0 2.8966139904629284 6.038206644052721 40.0 
270.0 316.0 2.8966139904629284 6.038206644052721 40.0 
270.0 317.0 2.8966139904629284 6.038206644052721 40.0 
271.0 311.0 2.8966139904629284 6.038206644052721 40.0 
271.0 312.0 2.8966139904629284 6.038206644052721 40.0 
271.0 313.0 2.8966139904629284 6.038206644052721 40.0 
271.0 314.0 2.8966139904629284 6.038206644052721 40.0 
271.0 315.0 2.8966139904629284 6.038206644052721 40.0 
271.0 316.0 2.8966139904629284 6.038206644052721 40.0 
272.0 311.0 2.8966139904629284 6.038206644052721 40.0 
272.0 312.0 2.8966139904629284 6.038206644052721 40.0 
272.0 313.0 2.8966139904629284 6.038206644052721 40.0 
272.0 314.0 2.8966139904629284 6.038206644052721 40.0 
272.0 315.0 2.8966139904629284 6.038206644052721 40.0 
272.0 316.0 2.8966139904629284 6.038206644052721 40.0 
273.0 311.0 2.8966139904629284 6.038206644052721 40.0 
273.0 312.0 2.8966139904629284 6.038206644052721 40.0 
273.0 313.0 2.8966139904629284 6.038206644052721 40.0 
273.0 314.0 2.8966139904629284 6.038206644052721 40.0 
273.0 315.0 2.8966139904629284 6.038206644052721 40.0 
273.0 316.0 2.8966139904629284 6.038206644052721 40.0 
274.0 310.0 2.8966139904629284 6.038206644052721 40.0 
274.0 311.0 2.8966139904629284 6.038206644052721 40.0 
274.0 312.0 2.8966139904629284 6.038206644052721 40.0 
274.0 313.0 2.8966139904629284 6.038206644052721 40.0 
274.0 314.0 2.8966139904629284 6.038206644052721 40.0 
274.0 315.0 2.8966139904629284 6.038206644052721 40.0 
274.0 316.0 2.8966139904629284 6.038206644052721 40.0 
275.0 310.0 2.8966139904629284 6.038206644052721 40.0 
275.0 311.0 2.8966139904629284 6.038206644052721 40.0 
275.0 312.0 2.8966139904629284 6.038206644052721 40.0 
275.0 313.0 2.8966139904629284 6.038206644052721 40.0 
275.0 314.0 2.8966139904629284 6.038206644052721 40.0 
275.0 315.0 2.8966139904629284 6.038206644052721 40.0 
276.0 310.0 2.8966139904629284 6.038206644052721 40.0 
276.0 311.0 2.8966139904629284 6.038206644052721 40.0 
276.0 312.0 2.8966139904629284 6.038206644052721 40.0 
276.0 313.0 2.8966139904629284 6.038206644052721 40.0 
276.0 314.0 2.8966139904629284 6.038206644052721 40.0 
276.0 315.0 2.8966139904629284 6.038206644052721 40.0 
277.0 310.0 2.8966139904629284 6.038206644052721 40.0 
277.0 311.0 2.8966139904629284 6.038206644052721 40.0 
277.0 312.0 2.8966139904629284 6.038206644052721 40.0 
277.0 313.0 2.8966139904629284 6.038206644052721 40.0 
277.0 314.0 2.8966139904629284 6.038206644052721 40.0 
277.0 315.0 2.8966139904629284 6.038206644052721 40.0 
278.0 309.0 2.8966139904629284 6.038206644052721 40.0 
278.0 310.0 2.8966139904629284 6.038206644052721 40.0 
278.0 311.0 2.8966139904629284 6.038206644052721 40.0 
278.0 312.0 2.8966139904629284 6.038206644052721 40.0 
278.0 313.0 2.8966139904629284 6.038206644052721 40.0 
278.0 314.0 2.8966139904629284 6.038206644052721 40.0 
278.0 315.0 2.8966139904629284 6.038206644052721 40.0 
279.0 309.0 2.8966139904629284 6.038206644052721 40.0 
279.0 310.0 2.8966139904629284 6.038206644052721 40.0 
279.0 311.0 2.8966139904629284 6.038206644052721 40.0 
279.0 312.0 2.8966139904629284 6.038206644052721 40.0 
279.0 313.0 2.8966139904629284 6.038206644052721 40.0 
279.0 314.0 2.8966139904629284 6.038206644052721 40.0 
280.0 309.0 2.8966139904629284 6.038206644052721 40.0 
280.0 310.0 2.8966139904629284 6.038206644052721 40.0 
280.0 311.0 2.8966139904629284 6.038206644052721 40.0 
280.0 312.0 2.8966139904629284 6.038206644052721 40.0 
280.0 313.0 2.8966139904629284 6.038206644052721 40.0 
280.0 314.0 2.8966139904629284 6.038206644052721 40.0 
281.0 309.0 2.8966139904629284 6.038206644052721 40.0 
281.0 310.0 2.8966139904629284 6.038206644052721 40.0 
281.0 311.0 2.8966139904629284 6.038206644052721 40.0 
281.0 312.0 2.8966139904629284 6.038206644052721 40.0 
281.0 313.0 2.8966139904629284 6.038206644052721 40.0 
281.0 314.0 2.8966139904629284 6.038206644052721 40.0 
282.0 308.0 2.8966139904629284 6.038206644052721 40.0 
282.0 309.0 2.8966139904629284 6.038206644052721 40.0 
282.0 310.0 2.8966139904629284 6.038206644052721 40.0 
282.0 311.0 2.8966139904629284 6.038206644052721 40.0 
282.0 312.0 2.8966139904629284 6.038206644052721 40.0 
282.0 313.0 2.8966139904629284 6.038206644052721 40.0 
282.0 314.0 2.8966139904629284 6.038206644052721 40.0 
283.0 308.0 2.8966139904629284 6.038206644052721 40.0 
283.0 309.0 2.8966139904629284 6.038206644052721 40.0 
283.0 310.0 2.8966139904629284 6.038206644052721 40.0 
283.0 311.0 2.8966139904629284 6.038206644052721 40.0 
283.0 312.0 2.8966139904629284 6.038206644052721 40.0 
283.0 313.0 2.8966139904629284 6.038206644052721 40.0 
284.0 308.0 2.8966139904629284 6.038206644052721 40.0 
284.0 309.0 2.8966139904629284 6.038206644052721 40.0 
284.0 310.0 2.8966139904629284 6.038206644052721 40.0 
284.0 311.0 2.8966139904629284 6.038206644052721 40.0 
284.0 312.0 2.8966139904629284 6.038206644052721 40.0 
284.0 313.0 2.8966139904629284 6.038206644052721 40.0 
285.0 308.0 2.8966139904629284 6.038206644052721 40.0 
285.0 309.0 2.8966139904629284 6.038206644052721 40.0 
285.0 310.0 2.8966139904629284 6.038206644052721 40.0 
285.0 311.0 2.8966139904629284 6.038206644052721 40.0 
285.0 312.0 2.8966139904629284 6.038206644052721 40.0 
285.0 313.0 2.8966139904629284 6.038206644052721 40.0 
286.0 310.0 2.8966139904629284 6.038206644052721 40.0 
286.0 311.0 2.8966139904629284 6.038206644052721 40.0 
286.0 312.0 2.8966139904629284 6.038206644052721 40.0 
286.0 313.0 2.8966139904629284 6.038206644052721 40.0 
298.0 307.0 2.819842099193152 5.961434752782945 24.0 
299.0 307.0 2.819842099193152 5.961434752782945 24.0 
299.0 308.0 2.819842099193152 5.961434752782945 24.0 
300.0 307.0 2.819842099193152 5.961434752782945 24.0 
300.0 308.0 2.819842099193152 5.961434752782945 24.0 
301.0 306.0 2.819842099193152 5.961434752782945 24.0 
301.0 307.0 2.819842099193152 5.961434752782945 24.0 
301.0 308.0 2.819842099193152 5.961434752782945 24.0 
302.0 306.0 2.819842099193152 5.961434752782945 24.0 
302.0 307.0 2.819842099193152 5.961434752782945 24.0 
303.0 306.0 2.819842099193152 5.961434752782945 24.0 
303.0 307.0 2.819842099193152 5.961434752782945 24.0 
304.0 305.0 2.819842099193152 5.961434752782945 24.0 
304.0 306.0 2.819842099193152 5.961434752782945 24.0 
304.0 307.0 2.819842099193152 5.961434752782945 24.0 
305.0 305.0 2.819842099193152 5.961434752782945 24.0 
305.0 306.0 2.819842099193152 5.961434752782945 24.0 
306.0 305.0 2.819842099193152 5.961434752782945 24.0 
306.0 306.0 2.819842099193152 5.961434752782945 24.0 
307.0 304.0 2.819842099193152 5.961434752782945 24.0 
307.0 305.0 2.819842099193152 5.961434752782945 24.0 
307.0 306.0 2.819842099193152 5.961434752782945 24.0 
308.0 304.0 2.819842099193152 5.961434752782945 24.0 
308.0 305.0 2.819842099193152 5.961434752782945 24.0 
309.0 304.0 2.819842099193152 5.961434752782945 24.0 
309.0 305.0 2.819842099193152 5.961434752782945 24.0 
310.0 304.0 2.819842099193152 5.961434752782945 24.0 
310.0 305.0 2.819842099193152 5.961434752782945 24.0 
