255.0 288.0 3.6154439900845534 0.47385133649476047 36.0 
256.0 286.0 3.6154439900845534 0.47385133649476047 36.0 
256.0 287.0 3.6154439900845534 0.47385133649476047 36.0 
256.0 288.0 3.6154439900845534 0.47385133649476047 36.0 
256.0 289.0 3.6154439900845534 0.47385133649476047 36.0 
257.0 285.0 3.6154439900845534 0.47385133649476047 36.0 
257.0 286.0 3.6154439900845534 0.47385133649476047 36.0 
257.0 287.0 3.6154439900845534 0.47385133649476047 36.0 
257.0 288.0 3.6154439900845534 0.47385133649476047 36.0 
257.0 289.0 3.6154439900845534 0.47385133649476047 36.0 
258.0 284.0 3.6154439900845534 0.47385133649476047 36.0 
258.0 285.0 3.6154439900845534 0.47385133649476047 36.0 
258.0 286.0 3.6154439900845534 0.47385133649476047 36.0 
258.0 287.0 3.6154439900845534 0.47385133649476047 36.0 
258.0 288.0 3.6154439900845534 0.47385133649476047 36.0 
258.0 289.0 3.6154439900845534 0.47385133649476047 36.0 
258.0 290.0 3.6154439900845534 0.47385133649476047 36.0 
259.0 285.0 3.6154439900845534 0.47385133649476047 36.0 
259.0 286.0 3.6154439900845534 0.47385133649476047 36.0 
259.0 287.0 3.6154439900845534 0.47385133649476047 36.0 
259.0 288.0 3.6154439900845534 0.47385133649476047 36.0 
259.0 289.0 3.6154439900845534 0.47385133649476047 36.0 
259.0 290.0 3.6154439900845534 0.47385133649476047 36.0 
260.0 285.0 3.6154439900845534 0.47385133649476047 36.0 
260.0 286.0 3.6154439900845534 0.47385133649476047 36.0 
260.0 287.0 3.6154439900845534 0.47385133649476047 36.0 
260.0 288.0 3.6154439900845534 0.47385133649476047 36.0 
260.0 289.0 3.6154439900845534 0.47385133649476047 36.0 
260.0 290.0 3.6154439900845534 0.47385133649476047 36.0 
260.0 291.0 3.6154439900845534 0.47385133649476047 36.0 
261.0 286.0 3.6154439900845534 0.47385133649476047 36.0 
261.0 287.0 3.6154439900845534 0.47385133649476047 36.0 
261.0 288.0 3.6154439900845534 0.47385133649476047 36.0 
261.0 289.0 3.6154439900845534 0.47385133649476047 36.0 
261.0 290.0 3.6154439900845534 0.47385133649476047 36.0 
261.0 291.0 3.6154439900845534 0.47385133649476047 36.0 
262.0 286.0 3.6154439900845534 0.47385133649476047 36.0 
262.0 287.0 3.6154439900845534 0.47385133649476047 36.0 
262.0 288.0 3.6154439900845534 0.47385133649476047 36.0 
262.0 289.0 3.6154439900845534 0.47385133649476047 36.0 
262.0 290.0 3.6154439900845534 0.47385133649476047 36.0 
262.0 291.0 3.6154439900845534 0.47385133649476047 36.0 
262.0 292.0 3.6154439900845534 0.47385133649476047 36.0 
263.0 287.0 3.6154439900845534 0.47385133649476047 36.0 
263.0 288.0 3.6154439900845534 0.47385133649476047 36.0 
263.0 289.0 3.6154439900845534 0.47385133649476047 36.0 
263.0 290.0 3.6154439900845534 0.47385133649476047 36.0 
263.0 291.0 3.6154439900845534 0.47385133649476047 36.0 
263.0 292.0 3.6154439900845534 0.47385133649476047 36.0 
264.0 287.0 3.6154439900845534 0.47385133649476047 36.0 
264.0 288.0 3.6154439900845534 0.47385133649476047 36.0 
264.0 289.0 3.6154439900845534 0.47385133649476047 36.0 
264.0 290.0 3.6154439900845534 0.47385133649476047 36.0 
264.0 291.0 3.6154439900845534 0.47385133649476047 36.0 
264.0 292.0 3.6154439900845534 0.47385133649476047 36.0 
264.0 293.0 3.6154439900845534 0.47385133649476047 36.0 
265.0 288.0 3.6154439900845534 0.47385133649476047 36.0 
265.0 289.0 3.6154439900845534 0.47385133649476047 36.0 
265.0 290.0 3.6154439900845534 0.47385133649476047 36.0 
265.0 291.0 3.6154439900845534 0.47385133649476047 36.0 
265.0 292.0 3.6154439900845534 0.47385133649476047 36.0 
265.0 293.0 3.6154439900845534 0.47385133649476047 36.0 
266.0 288.0 3.6154439900845534 0.47385133649476047 36.0 
266.0 289.0 3.6154439900845534 0.47385133649476047 36.0 
266.0 290.0 3.6154439900845534 0.47385133649476047 36.0 
266.0 291.0 3.6154439900845534 0.47385133649476047 36.0 
266.0 292.0 3.6154439900845534 0.47385133649476047 36.0 
266.0 293.0 3.6154439900845534 0.47385133649476047 36.0 
266.0 294.0 3.6154439900845534 0.47385133649476047 36.0 
267.0 289.0 3.6154439900845534 0.47385133649476047 36.0 
267.0 290.0 3.6154439900845534 0.47385133649476047 36.0 
267.0 291.0 3.6154439900845534 0.47385133649476047 36.0 
267.0 292.0 3.6154439900845534 0.47385133649476047 36.0 
267.0 293.0 3.6154439900845534 0.47385133649476047 36.0 
267.0 294.0 3.6154439900845534 0.47385133649476047 36.0 
267.0 295.0 3.6154439900845534 0.47385133649476047 36.0 
268.0 289.0 3.6154439900845534 0.47385133649476047 36.0 
268.0 290.0 3.6154439900845534 0.47385133649476047 36.0 
268.0 291.0 3.6154439900845534 0.47385133649476047 36.0 
268.0 292.0 3.6154439900845534 0.47385133649476047 36.0 
268.0 293.0 3.6154439900845534 0.47385133649476047 36.0 
268.0 294.0 3.6154439900845534 0.47385133649476047 36.0 
268.0 295.0 3.6154439900845534 0.47385133649476047 36.0 
269.0 290.0 3.6154439900845534 0.47385133649476047 36.0 
269.0 291.0 3.6154439900845534 0.47385133649476047 36.0 
269.0 292.0 3.6154439900845534 0.47385133649476047 36.0 
269.0 293.0 3.6154439900845534 0.47385133649476047 36.0 
269.0 294.0 3.6154439900845534 0.47385133649476047 36.0 
269.0 295.0 3.6154439900845534 0.47385133649476047 36.0 
269.0 296.0 3.6154439900845534 0.47385133649476047 36.0 
270.0 290.0 3.6154439900845534 0.47385133649476047 36.0 
270.0 291.0 3.6154439900845534 0.47385133649476047 36.0 
270.0 292.0 3.6154439900845534 0.47385133649476047 36.0 
270.0 293.0 3.6154439900845534 0.47385133649476047 36.0 
270.0 294.0 3.6154439900845534 0.47385133649476047 36.0 
270.0 295.0 3.6154439900845534 0.47385133649476047 36.0 
270.0 296.0 3.6154439900845534 0.47385133649476047 36.0 
271.0 291.0 3.6154439900845534 0.47385133649476047 36.0 
271.0 292.0 3.6154439900845534 0.47385133649476047 36.0 
271.0 293.0 3.6154439900845534 0.47385133649476047 36.0 
271.0 294.0 3.6154439900845534 0.47385133649476047 36.0 
271.0 295.0 3.6154439900845534 0.47385133649476047 36.0 
271.0 296.0 3.6154439900845534 0.47385133649476047 36.0 
271.0 297.0 3.6154439900845534 0.47385133649476047 36.0 
272.0 291.0 3.6154439900845534 0.47385133649476047 36.0 
272.0 292.0 3.6154439900845534 0.47385133649476047 36.0 
272.0 293.0 3.6154439900845534 0.47385133649476047 36.0 
272.0 294.0 3.6154439900845534 0.47385133649476047 36.0 
272.0 295.0 3.6154439900845534 0.47385133649476047 36.0 
272.0 296.0 3.6154439900845534 0.47385133649476047 36.0 
272.0 297.0 3.6154439900845534 0.47385133649476047 36.0 
273.0 292.0 3.6154439900845534 0.47385133649476047 36.0 
273.0 293.0 3.6154439900845534 0.47385133649476047 36.0 
273.0 294.0 3.6154439900845534 0.47385133649476047 36.0 
273.0 295.0 3.6154439900845534 0.47385133649476047 36.0 
273.0 296.0 3.6154439900845534 0.47385133649476047 36.0 
273.0 297.0 3.6154439900845534 0.47385133649476047 36.0 
273.0 298.0 3.6154439900845534 0.47385133649476047 36.0 
274.0 292.0 3.6154439900845534 0.47385133649476047 36.0 
274.0 293.0 3.6154439900845534 0.47385133649476047 36.0 
274.0 294.0 3.6154439900845534 0.47385133649476047 36.0 
274.0 295.0 3.6154439900845534 0.47385133649476047 36.0 
274.0 296.0 3.6154439900845534 0.47385133649476047 36.0 
274.0 297.0 3.6154439900845534 0.47385133649476047 36.0 
274.0 298.0 3.6154439900845534 0.47385133649476047 36.0 
275.0 293.0 3.6154439900845534 0.47385133649476047 36.0 
275.0 294.0 3.6154439900845534 0.47385133649476047 36.0 
275.0 295.0 3.6154439900845534 0.47385133649476047 36.0 
275.0 296.0 3.6154439900845534 0.47385133649476047 36.0 
275.0 297.0 3.6154439900845534 0.47385133649476047 36.0 
275.0 298.0 3.6154439900845534 0.47385133649476047 36.0 
275.0 299.0 3.6154439900845534 0.47385133649476047 36.0 
276.0 293.0 3.6154439900845534 0.47385133649476047 36.0 
276.0 294.0 3.6154439900845534 0.47385133649476047 36.0 
276.0 295.0 3.6154439900845534 0.47385133649476047 36.0 
276.0 296.0 3.6154439900845534 0.47385133649476047 36.0 
276.0 297.0 3.6154439900845534 0.47385133649476047 36.0 
276.0 298.0 3.6154439900845534 0.47385133649476047 36.0 
276.0 299.0 3.6154439900845534 0.47385133649476047 36.0 
277.0 294.0 3.6154439900845534 0.47385133649476047 36.0 
277.0 295.0 3.6154439900845534 0.47385133649476047 36.0 
277.0 296.0 3.6154439900845534 0.47385133649476047 36.0 
277.0 297.0 3.6154439900845534 0.47385133649476047 36.0 
277.0 298.0 3.6154439900845534 0.47385133649476047 36.0 
277.0 299.0 3.6154439900845534 0.47385133649476047 36.0 
277.0 300.0 3.6154439900845534 0.47385133649476047 36.0 
278.0 294.0 3.6154439900845534 0.47385133649476047 36.0 
278.0 295.0 3.6154439900845534 0.47385133649476047 36.0 
278.0 296.0 3.6154439900845534 0.47385133649476047 36.0 
278.0 297.0 3.6154439900845534 0.47385133649476047 36.0 
278.0 298.0 3.6154439900845534 0.47385133649476047 36.0 
278.0 299.0 3.6154439900845534 0.47385133649476047 36.0 
278.0 300.0 3.6154439900845534 0.47385133649476047 36.0 
279.0 295.0 3.6154439900845534 0.47385133649476047 36.0 
279.0 296.0 3.6154439900845534 0.47385133649476047 36.0 
279.0 297.0 3.6154439900845534 0.47385133649476047 36.0 
279.0 298.0 3.6154439900845534 0.47385133649476047 36.0 
279.0 299.0 3.6154439900845534 0.47385133649476047 36.0 
279.0 300.0 3.6154439900845534 0.47385133649476047 36.0 
279.0 301.0 3.6154439900845534 0.47385133649476047 36.0 
280.0 295.0 3.6154439900845534 0.47385133649476047 36.0 
280.0 296.0 3.6154439900845534 0.47385133649476047 36.0 
280.0 297.0 3.6154439900845534 0.47385133649476047 36.0 
280.0 298.0 3.6154439900845534 0.47385133649476047 36.0 
280.0 299.0 3.6154439900845534 0.47385133649476047 36.0 
280.0 300.0 3.6154439900845534 0.47385133649476047 36.0 
280.0 301.0 3.6154439900845534 0.47385133649476047 36.0 
281.0 296.0 3.6154439900845534 0.47385133649476047 36.0 
281.0 297.0 3.6154439900845534 0.47385133649476047 36.0 
281.0 298.0 3.6154439900845534 0.47385133649476047 36.0 
281.0 299.0 3.6154439900845534 0.47385133649476047 36.0 
281.0 300.0 3.6154439900845534 0.47385133649476047 36.0 
281.0 301.0 3.6154439900845534 0.47385133649476047 36.0 
281.0 302.0 3.6154439900845534 0.47385133649476047 36.0 
282.0 296.0 3.6154439900845534 0.47385133649476047 36.0 
282.0 297.0 3.6154439900845534 0.47385133649476047 36.0 
282.0 298.0 3.6154439900845534 0.47385133649476047 36.0 
282.0 299.0 3.6154439900845534 0.47385133649476047 36.0 
282.0 300.0 3.6154439900845534 0.47385133649476047 36.0 
282.0 301.0 3.6154439900845534 0.47385133649476047 36.0 
282.0 302.0 3.6154439900845534 0.47385133649476047 36.0 
283.0 297.0 3.6154439900845534 0.47385133649476047 36.0 
283.0 298.0 3.6154439900845534 0.47385133649476047 36.0 
283.0 299.0 3.6154439900845534 0.47385133649476047 36.0 
283.0 300.0 3.6154439900845534 0.47385133649476047 36.0 
283.0 301.0 3.6154439900845534 0.47385133649476047 36.0 
283.0 302.0 3.6154439900845534 0.47385133649476047 36.0 
283.0 303.0 3.6154439900845534 0.47385133649476047 36.0 
284.0 297.0 3.6154439900845534 0.47385133649476047 36.0 
284.0 298.0 3.6154439900845534 0.47385133649476047 36.0 
284.0 299.0 3.6154439900845534 0.47385133649476047 36.0 
284.0 300.0 3.6154439900845534 0.47385133649476047 36.0 
284.0 301.0 3.6154439900845534 0.47385133649476047 36.0 
284.0 302.0 3.6154439900845534 0.47385133649476047 36.0 
284.0 303.0 3.6154439900845534 0.47385133649476047 36.0 
285.0 298.0 3.6154439900845534 0.47385133649476047 36.0 
285.0 299.0 3.6154439900845534 0.47385133649476047 36.0 
285.0 300.0 3.6154439900845534 0.47385133649476047 36.0 
285.0 301.0 3.6154439900845534 0.47385133649476047 36.0 
285.0 302.0 3.6154439900845534 0.47385133649476047 36.0 
285.0 303.0 3.6154439900845534 0.47385133649476047 36.0 
285.0 304.0 3.6154439900845534 0.47385133649476047 36.0 
286.0 299.0 3.6154439900845534 0.47385133649476047 36.0 
286.0 300.0 3.6154439900845534 0.47385133649476047 36.0 
286.0 301.0 3.6154439900845534 0.47385133649476047 36.0 
286.0 302.0 3.6154439900845534 0.47385133649476047 36.0 
286.0 303.0 3.6154439900845534 0.47385133649476047 36.0 
286.0 304.0 3.6154439900845534 0.47385133649476047 36.0 
287.0 299.0 3.6154439900845534 0.47385133649476047 36.0 
287.0 300.0 3.6154439900845534 0.47385133649476047 36.0 
287.0 301.0 3.6154439900845534 0.47385133649476047 36.0 
287.0 302.0 3.6154439900845534 0.47385133649476047 36.0 
287.0 303.0 3.6154439900845534 0.47385133649476047 36.0 
287.0 304.0 3.6154439900845534 0.47385133649476047 36.0 
287.0 305.0 3.6154439900845534 0.47385133649476047 36.0 
288.0 300.0 3.6154439900845534 0.47385133649476047 36.0 
288.0 301.0 3.6154439900845534 0.47385133649476047 36.0 
288.0 302.0 3.6154439900845534 0.47385133649476047 36.0 
288.0 303.0 3.6154439900845534 0.47385133649476047 36.0 
288.0 304.0 3.6154439900845534 0.47385133649476047 36.0 
288.0 305.0 3.6154439900845534 0.47385133649476047 36.0 
289.0 300.0 3.6154439900845534 0.47385133649476047 36.0 
289.0 301.0 3.6154439900845534 0.47385133649476047 36.0 
289.0 302.0 3.6154439900845534 0.47385133649476047 36.0 
289.0 303.0 3.6154439900845534 0.47385133649476047 36.0 
289.0 304.0 3.6154439900845534 0.47385133649476047 36.0 
289.0 305.0 3.6154439900845534 0.47385133649476047 36.0 
289.0 306.0 3.6154439900845534 0.47385133649476047 36.0 
290.0 301.0 3.6154439900845534 0.47385133649476047 36.0 
290.0 302.0 3.6154439900845534 0.47385133649476047 36.0 
290.0 303.0 3.6154439900845534 0.47385133649476047 36.0 
290.0 304.0 3.6154439900845534 0.47385133649476047 36.0 
290.0 305.0 3.6154439900845534 0.47385133649476047 36.0 
290.0 306.0 3.6154439900845534 0.47385133649476047 36.0 
291.0 301.0 3.6154439900845534 0.47385133649476047 36.0 
291.0 302.0 3.6154439900845534 0.47385133649476047 36.0 
291.0 303.0 3.6154439900845534 0.47385133649476047 36.0 
291.0 304.0 3.6154439900845534 0.47385133649476047 36.0 
291.0 305.0 3.6154439900845534 0.47385133649476047 36.0 
291.0 306.0 3.6154439900845534 0.47385133649476047 36.0 
291.0 307.0 3.6154439900845534 0.47385133649476047 36.0 
292.0 302.0 3.6154439900845534 0.47385133649476047 36.0 
292.0 303.0 3.6154439900845534 0.47385133649476047 36.0 
292.0 304.0 3.6154439900845534 0.47385133649476047 36.0 
292.0 305.0 3.6154439900845534 0.47385133649476047 36.0 
292.0 306.0 3.6154439900845534 0.47385133649476047 36.0 
292.0 307.0 3.6154439900845534 0.47385133649476047 36.0 
293.0 302.0 3.6154439900845534 0.47385133649476047 36.0 
293.0 303.0 3.6154439900845534 0.47385133649476047 36.0 
293.0 304.0 3.6154439900845534 0.47385133649476047 36.0 
293.0 305.0 3.6154439900845534 0.47385133649476047 36.0 
293.0 306.0 3.6154439900845534 0.47385133649476047 36.0 
293.0 307.0 3.6154439900845534 0.47385133649476047 36.0 
293.0 308.0 3.6154439900845534 0.47385133649476047 36.0 
294.0 303.0 3.6154439900845534 0.47385133649476047 36.0 
294.0 304.0 3.6154439900845534 0.47385133649476047 36.0 
294.0 305.0 3.6154439900845534 0.47385133649476047 36.0 
294.0 306.0 3.6154439900845534 0.47385133649476047 36.0 
294.0 307.0 3.6154439900845534 0.47385133649476047 36.0 
295.0 303.0 3.6154439900845534 0.47385133649476047 36.0 
295.0 304.0 3.6154439900845534 0.47385133649476047 36.0 
295.0 305.0 3.6154439900845534 0.47385133649476047 36.0 
296.0 304.0 3.6154439900845534 0.47385133649476047 36.0 
