200 312 56.0 
200 313 56.0 
200 314 56.0 
200 315 56.0 
200 316 56.0 
201 312 56.0 
201 313 56.0 
201 314 56.0 
201 315 56.0 
201 316 56.0 
202 312 56.0 
202 313 56.0 
202 314 56.0 
202 315 56.0 
202 316 56.0 
203 312 56.0 
203 313 56.0 
203 314 56.0 
203 315 56.0 
203 316 56.0 
204 312 56.0 
204 313 56.0 
204 314 56.0 
204 315 56.0 
204 316 56.0 
226.0 321.0 3.2904826011992907 0.14888994760949753 60.0 
226.0 322.0 3.2904826011992907 0.14888994760949753 60.0 
226.0 323.0 3.2904826011992907 0.14888994760949753 60.0 
226.0 324.0 3.2904826011992907 0.14888994760949753 60.0 
227.0 319.0 3.2904826011992907 0.14888994760949753 60.0 
227.0 320.0 3.2904826011992907 0.14888994760949753 60.0 
227.0 321.0 3.2904826011992907 0.14888994760949753 60.0 
227.0 322.0 3.2904826011992907 0.14888994760949753 60.0 
227.0 323.0 3.2904826011992907 0.14888994760949753 60.0 
227.0 324.0 3.2904826011992907 0.14888994760949753 60.0 
228.0 319.0 3.2904826011992907 0.14888994760949753 60.0 
228.0 320.0 3.2904826011992907 0.14888994760949753 60.0 
228.0 321.0 3.2904826011992907 0.14888994760949753 60.0 
228.0 322.0 3.2904826011992907 0.14888994760949753 60.0 
228.0 323.0 3.2904826011992907 0.14888994760949753 60.0 
228.0 324.0 3.2904826011992907 0.14888994760949753 60.0 
229.0 319.0 3.2904826011992907 0.14888994760949753 60.0 
229.0 320.0 3.2904826011992907 0.14888994760949753 60.0 
229.0 321.0 3.2904826011992907 0.14888994760949753 60.0 
229.0 322.0 3.2904826011992907 0.14888994760949753 60.0 
229.0 323.0 3.2904826011992907 0.14888994760949753 60.0 
229.0 324.0 3.2904826011992907 0.14888994760949753 60.0 
230.0 319.0 3.2904826011992907 0.14888994760949753 60.0 
230.0 320.0 3.2904826011992907 0.14888994760949753 60.0 
230.0 321.0 3.2904826011992907 0.14888994760949753 60.0 
230.0 322.0 3.2904826011992907 0.14888994760949753 60.0 
230.0 323.0 3.2904826011992907 0.14888994760949753 60.0 
230.0 324.0 3.2904826011992907 0.14888994760949753 60.0 
231.0 319.0 3.2904826011992907 0.14888994760949753 60.0 
231.0 320.0 3.2904826011992907 0.14888994760949753 60.0 
231.0 321.0 3.2904826011992907 0.14888994760949753 60.0 
231.0 322.0 3.2904826011992907 0.14888994760949753 60.0 
231.0 323.0 3.2904826011992907 0.14888994760949753 60.0 
231.0 324.0 3.2904826011992907 0.14888994760949753 60.0 
232.0 319.0 3.2904826011992907 0.14888994760949753 60.0 
232.0 320.0 3.2904826011992907 0.14888994760949753 60.0 
232.0 321.0 3.2904826011992907 0.14888994760949753 60.0 
232.0 322.0 3.2904826011992907 0.14888994760949753 60.0 
232.0 323.0 3.2904826011992907 0.14888994760949753 60.0 
232.0 324.0 3.2904826011992907 0.14888994760949753 60.0 
233.0 320.0 3.2904826011992907 0.14888994760949753 60.0 
233.0 321.0 3.2904826011992907 0.14888994760949753 60.0 
233.0 322.0 3.2904826011992907 0.14888994760949753 60.0 
233.0 323.0 3.2904826011992907 0.14888994760949753 60.0 
233.0 324.0 3.2904826011992907 0.14888994760949753 60.0 
233.0 325.0 3.2904826011992907 0.14888994760949753 60.0 
234.0 320.0 3.2904826011992907 0.14888994760949753 60.0 
234.0 321.0 3.2904826011992907 0.14888994760949753 60.0 
234.0 322.0 3.2904826011992907 0.14888994760949753 60.0 
234.0 323.0 3.2904826011992907 0.14888994760949753 60.0 
234.0 324.0 3.2904826011992907 0.14888994760949753 60.0 
234.0 325.0 3.2904826011992907 0.14888994760949753 60.0 
235.0 320.0 3.2904826011992907 0.14888994760949753 60.0 
235.0 321.0 3.2904826011992907 0.14888994760949753 60.0 
235.0 322.0 3.2904826011992907 0.14888994760949753 60.0 
235.0 323.0 3.2904826011992907 0.14888994760949753 60.0 
235.0 324.0 3.2904826011992907 0.14888994760949753 60.0 
235.0 325.0 3.2904826011992907 0.14888994760949753 60.0 
236.0 320.0 3.2904826011992907 0.14888994760949753 60.0 
236.0 321.0 3.2904826011992907 0.14888994760949753 60.0 
236.0 322.0 3.2904826011992907 0.14888994760949753 60.0 
236.0 323.0 3.2904826011992907 0.14888994760949753 60.0 
236.0 324.0 3.2904826011992907 0.14888994760949753 60.0 
236.0 325.0 3.2904826011992907 0.14888994760949753 60.0 
237.0 320.0 3.2904826011992907 0.14888994760949753 60.0 
237.0 321.0 3.2904826011992907 0.14888994760949753 60.0 
237.0 322.0 3.2904826011992907 0.14888994760949753 60.0 
237.0 323.0 3.2904826011992907 0.14888994760949753 60.0 
237.0 324.0 3.2904826011992907 0.14888994760949753 60.0 
237.0 325.0 3.2904826011992907 0.14888994760949753 60.0 
238.0 320.0 3.2904826011992907 0.14888994760949753 60.0 
238.0 321.0 3.2904826011992907 0.14888994760949753 60.0 
238.0 322.0 3.2904826011992907 0.14888994760949753 60.0 
238.0 323.0 3.2904826011992907 0.14888994760949753 60.0 
238.0 324.0 3.2904826011992907 0.14888994760949753 60.0 
238.0 325.0 3.2904826011992907 0.14888994760949753 60.0 
239.0 320.0 3.2904826011992907 0.14888994760949753 60.0 
239.0 321.0 3.2904826011992907 0.14888994760949753 60.0 
239.0 322.0 3.2904826011992907 0.14888994760949753 60.0 
239.0 323.0 3.2904826011992907 0.14888994760949753 60.0 
239.0 324.0 3.2904826011992907 0.14888994760949753 60.0 
239.0 325.0 3.2904826011992907 0.14888994760949753 60.0 
240.0 321.0 3.2904826011992907 0.14888994760949753 60.0 
240.0 322.0 3.2904826011992907 0.14888994760949753 60.0 
240.0 323.0 3.2904826011992907 0.14888994760949753 60.0 
240.0 324.0 3.2904826011992907 0.14888994760949753 60.0 
240.0 325.0 3.2904826011992907 0.14888994760949753 60.0 
240.0 326.0 3.2904826011992907 0.14888994760949753 60.0 
241.0 321.0 3.2904826011992907 0.14888994760949753 60.0 
241.0 322.0 3.2904826011992907 0.14888994760949753 60.0 
241.0 323.0 3.2904826011992907 0.14888994760949753 60.0 
241.0 324.0 3.2904826011992907 0.14888994760949753 60.0 
241.0 325.0 3.2904826011992907 0.14888994760949753 60.0 
241.0 326.0 3.2904826011992907 0.14888994760949753 60.0 
242.0 321.0 3.2904826011992907 0.14888994760949753 60.0 
242.0 322.0 3.2904826011992907 0.14888994760949753 60.0 
242.0 323.0 3.2904826011992907 0.14888994760949753 60.0 
242.0 324.0 3.2904826011992907 0.14888994760949753 60.0 
242.0 325.0 3.2904826011992907 0.14888994760949753 60.0 
242.0 326.0 3.2904826011992907 0.14888994760949753 60.0 
243.0 321.0 3.2904826011992907 0.14888994760949753 60.0 
243.0 322.0 3.2904826011992907 0.14888994760949753 60.0 
243.0 323.0 3.2904826011992907 0.14888994760949753 60.0 
243.0 324.0 3.2904826011992907 0.14888994760949753 60.0 
243.0 325.0 3.2904826011992907 0.14888994760949753 60.0 
243.0 326.0 3.2904826011992907 0.14888994760949753 60.0 
244.0 321.0 3.2904826011992907 0.14888994760949753 60.0 
244.0 322.0 3.2904826011992907 0.14888994760949753 60.0 
244.0 323.0 3.2904826011992907 0.14888994760949753 60.0 
244.0 324.0 3.2904826011992907 0.14888994760949753 60.0 
244.0 325.0 3.2904826011992907 0.14888994760949753 60.0 
244.0 326.0 3.2904826011992907 0.14888994760949753 60.0 
245.0 321.0 3.2904826011992907 0.14888994760949753 60.0 
245.0 322.0 3.2904826011992907 0.14888994760949753 60.0 
245.0 323.0 3.2904826011992907 0.14888994760949753 60.0 
245.0 324.0 3.2904826011992907 0.14888994760949753 60.0 
245.0 325.0 3.2904826011992907 0.14888994760949753 60.0 
245.0 326.0 3.2904826011992907 0.14888994760949753 60.0 
246.0 321.0 3.2904826011992907 0.14888994760949753 60.0 
246.0 322.0 3.2904826011992907 0.14888994760949753 60.0 
246.0 323.0 3.2904826011992907 0.14888994760949753 60.0 
246.0 324.0 3.2904826011992907 0.14888994760949753 60.0 
246.0 325.0 3.2904826011992907 0.14888994760949753 60.0 
246.0 326.0 3.2904826011992907 0.14888994760949753 60.0 
246.0 327.0 3.2904826011992907 0.14888994760949753 60.0 
247.0 322.0 3.2904826011992907 0.14888994760949753 60.0 
247.0 323.0 3.2904826011992907 0.14888994760949753 60.0 
247.0 324.0 3.2904826011992907 0.14888994760949753 60.0 
247.0 325.0 3.2904826011992907 0.14888994760949753 60.0 
247.0 326.0 3.2904826011992907 0.14888994760949753 60.0 
247.0 327.0 3.2904826011992907 0.14888994760949753 60.0 
248.0 322.0 3.2904826011992907 0.14888994760949753 60.0 
248.0 323.0 3.2904826011992907 0.14888994760949753 60.0 
248.0 324.0 3.2904826011992907 0.14888994760949753 60.0 
248.0 325.0 3.2904826011992907 0.14888994760949753 60.0 
248.0 326.0 3.2904826011992907 0.14888994760949753 60.0 
248.0 327.0 3.2904826011992907 0.14888994760949753 60.0 
249.0 322.0 3.2904826011992907 0.14888994760949753 60.0 
249.0 323.0 3.2904826011992907 0.14888994760949753 60.0 
249.0 324.0 3.2904826011992907 0.14888994760949753 60.0 
249.0 325.0 3.2904826011992907 0.14888994760949753 60.0 
249.0 326.0 3.2904826011992907 0.14888994760949753 60.0 
249.0 327.0 3.2904826011992907 0.14888994760949753 60.0 
250.0 322.0 3.2904826011992907 0.14888994760949753 60.0 
250.0 323.0 3.2904826011992907 0.14888994760949753 60.0 
250.0 324.0 3.2904826011992907 0.14888994760949753 60.0 
250.0 325.0 3.2904826011992907 0.14888994760949753 60.0 
250.0 326.0 3.2904826011992907 0.14888994760949753 60.0 
250.0 327.0 3.2904826011992907 0.14888994760949753 60.0 
251.0 322.0 3.2904826011992907 0.14888994760949753 60.0 
251.0 323.0 3.2904826011992907 0.14888994760949753 60.0 
251.0 324.0 3.2904826011992907 0.14888994760949753 60.0 
251.0 325.0 3.2904826011992907 0.14888994760949753 60.0 
251.0 326.0 3.2904826011992907 0.14888994760949753 60.0 
251.0 327.0 3.2904826011992907 0.14888994760949753 60.0 
252.0 322.0 3.2904826011992907 0.14888994760949753 60.0 
252.0 323.0 3.2904826011992907 0.14888994760949753 60.0 
252.0 324.0 3.2904826011992907 0.14888994760949753 60.0 
252.0 325.0 3.2904826011992907 0.14888994760949753 60.0 
252.0 326.0 3.2904826011992907 0.14888994760949753 60.0 
252.0 327.0 3.2904826011992907 0.14888994760949753 60.0 
253.0 323.0 3.2904826011992907 0.14888994760949753 60.0 
253.0 324.0 3.2904826011992907 0.14888994760949753 60.0 
253.0 325.0 3.2904826011992907 0.14888994760949753 60.0 
253.0 326.0 3.2904826011992907 0.14888994760949753 60.0 
253.0 327.0 3.2904826011992907 0.14888994760949753 60.0 
253.0 328.0 3.2904826011992907 0.14888994760949753 60.0 
254.0 323.0 3.2904826011992907 0.14888994760949753 60.0 
254.0 324.0 3.2904826011992907 0.14888994760949753 60.0 
254.0 325.0 3.2904826011992907 0.14888994760949753 60.0 
254.0 326.0 3.2904826011992907 0.14888994760949753 60.0 
254.0 327.0 3.2904826011992907 0.14888994760949753 60.0 
254.0 328.0 3.2904826011992907 0.14888994760949753 60.0 
255.0 323.0 3.2904826011992907 0.14888994760949753 60.0 
255.0 324.0 3.2904826011992907 0.14888994760949753 60.0 
255.0 325.0 3.2904826011992907 0.14888994760949753 60.0 
255.0 326.0 3.2904826011992907 0.14888994760949753 60.0 
255.0 327.0 3.2904826011992907 0.14888994760949753 60.0 
255.0 328.0 3.2904826011992907 0.14888994760949753 60.0 
256.0 323.0 3.2904826011992907 0.14888994760949753 60.0 
256.0 324.0 3.2904826011992907 0.14888994760949753 60.0 
256.0 325.0 3.2904826011992907 0.14888994760949753 60.0 
256.0 326.0 3.2904826011992907 0.14888994760949753 60.0 
256.0 327.0 3.2904826011992907 0.14888994760949753 60.0 
256.0 328.0 3.2904826011992907 0.14888994760949753 60.0 
257.0 323.0 3.2904826011992907 0.14888994760949753 60.0 
257.0 324.0 3.2904826011992907 0.14888994760949753 60.0 
257.0 325.0 3.2904826011992907 0.14888994760949753 60.0 
257.0 326.0 3.2904826011992907 0.14888994760949753 60.0 
257.0 327.0 3.2904826011992907 0.14888994760949753 60.0 
257.0 328.0 3.2904826011992907 0.14888994760949753 60.0 
258.0 323.0 3.2904826011992907 0.14888994760949753 60.0 
258.0 324.0 3.2904826011992907 0.14888994760949753 60.0 
258.0 325.0 3.2904826011992907 0.14888994760949753 60.0 
258.0 326.0 3.2904826011992907 0.14888994760949753 60.0 
258.0 327.0 3.2904826011992907 0.14888994760949753 60.0 
258.0 328.0 3.2904826011992907 0.14888994760949753 60.0 
259.0 323.0 3.2904826011992907 0.14888994760949753 60.0 
259.0 324.0 3.2904826011992907 0.14888994760949753 60.0 
259.0 325.0 3.2904826011992907 0.14888994760949753 60.0 
259.0 326.0 3.2904826011992907 0.14888994760949753 60.0 
259.0 327.0 3.2904826011992907 0.14888994760949753 60.0 
259.0 328.0 3.2904826011992907 0.14888994760949753 60.0 
260.0 324.0 3.2904826011992907 0.14888994760949753 60.0 
260.0 325.0 3.2904826011992907 0.14888994760949753 60.0 
260.0 326.0 3.2904826011992907 0.14888994760949753 60.0 
260.0 327.0 3.2904826011992907 0.14888994760949753 60.0 
260.0 328.0 3.2904826011992907 0.14888994760949753 60.0 
260.0 329.0 3.2904826011992907 0.14888994760949753 60.0 
261.0 324.0 3.2904826011992907 0.14888994760949753 60.0 
261.0 325.0 3.2904826011992907 0.14888994760949753 60.0 
261.0 326.0 3.2904826011992907 0.14888994760949753 60.0 
261.0 327.0 3.2904826011992907 0.14888994760949753 60.0 
261.0 328.0 3.2904826011992907 0.14888994760949753 60.0 
261.0 329.0 3.2904826011992907 0.14888994760949753 60.0 
262.0 324.0 3.2904826011992907 0.14888994760949753 60.0 
262.0 325.0 3.2904826011992907 0.14888994760949753 60.0 
262.0 326.0 3.2904826011992907 0.14888994760949753 60.0 
262.0 327.0 3.2904826011992907 0.14888994760949753 60.0 
262.0 328.0 3.2904826011992907 0.14888994760949753 60.0 
262.0 329.0 3.2904826011992907 0.14888994760949753 60.0 
263.0 324.0 3.2904826011992907 0.14888994760949753 60.0 
263.0 325.0 3.2904826011992907 0.14888994760949753 60.0 
263.0 326.0 3.2904826011992907 0.14888994760949753 60.0 
263.0 327.0 3.2904826011992907 0.14888994760949753 60.0 
263.0 328.0 3.2904826011992907 0.14888994760949753 60.0 
263.0 329.0 3.2904826011992907 0.14888994760949753 60.0 
264.0 324.0 3.2904826011992907 0.14888994760949753 60.0 
264.0 325.0 3.2904826011992907 0.14888994760949753 60.0 
264.0 326.0 3.2904826011992907 0.14888994760949753 60.0 
264.0 327.0 3.2904826011992907 0.14888994760949753 60.0 
264.0 328.0 3.2904826011992907 0.14888994760949753 60.0 
264.0 329.0 3.2904826011992907 0.14888994760949753 60.0 
265.0 324.0 3.2904826011992907 0.14888994760949753 60.0 
265.0 325.0 3.2904826011992907 0.14888994760949753 60.0 
265.0 326.0 3.2904826011992907 0.14888994760949753 60.0 
265.0 327.0 3.2904826011992907 0.14888994760949753 60.0 
265.0 328.0 3.2904826011992907 0.14888994760949753 60.0 
265.0 329.0 3.2904826011992907 0.14888994760949753 60.0 
266.0 324.0 3.2904826011992907 0.14888994760949753 60.0 
266.0 325.0 3.2904826011992907 0.14888994760949753 60.0 
266.0 326.0 3.2904826011992907 0.14888994760949753 60.0 
