197.0 320.0 2.8009764131714796 5.942569066761273 20.0 
198.0 320.0 2.8009764131714796 5.942569066761273 20.0 
198.0 321.0 2.8009764131714796 5.942569066761273 20.0 
199.0 320.0 2.8009764131714796 5.942569066761273 20.0 
199.0 321.0 2.8009764131714796 5.942569066761273 20.0 
200.0 319.0 2.8009764131714796 5.942569066761273 20.0 
200.0 320.0 2.8009764131714796 5.942569066761273 20.0 
201.0 319.0 2.8009764131714796 5.942569066761273 20.0 
201.0 320.0 2.8009764131714796 5.942569066761273 20.0 
202.0 319.0 2.8009764131714796 5.942569066761273 20.0 
202.0 320.0 2.8009764131714796 5.942569066761273 20.0 
203.0 318.0 2.8009764131714796 5.942569066761273 20.0 
203.0 319.0 2.8009764131714796 5.942569066761273 20.0 
204.0 318.0 2.8009764131714796 5.942569066761273 20.0 
204.0 319.0 2.8009764131714796 5.942569066761273 20.0 
205.0 318.0 2.8009764131714796 5.942569066761273 20.0 
205.0 319.0 2.8009764131714796 5.942569066761273 20.0 
206.0 317.0 2.8009764131714796 5.942569066761273 20.0 
206.0 318.0 2.8009764131714796 5.942569066761273 20.0 
207.0 317.0 2.8009764131714796 5.942569066761273 20.0 
207.0 318.0 2.8009764131714796 5.942569066761273 20.0 
208.0 317.0 2.8009764131714796 5.942569066761273 20.0 
208.0 318.0 2.8009764131714796 5.942569066761273 20.0 
209.0 316.0 2.8009764131714796 5.942569066761273 20.0 
209.0 317.0 2.8009764131714796 5.942569066761273 20.0 
210.0 316.0 2.8009764131714796 5.942569066761273 20.0 
210.0 317.0 2.8009764131714796 5.942569066761273 20.0 
211.0 315.0 2.8009764131714796 5.942569066761273 20.0 
211.0 316.0 2.8009764131714796 5.942569066761273 20.0 
211.0 317.0 2.8009764131714796 5.942569066761273 20.0 
212.0 315.0 2.8009764131714796 5.942569066761273 20.0 
212.0 316.0 2.8009764131714796 5.942569066761273 20.0 
213.0 315.0 2.8009764131714796 5.942569066761273 20.0 
213.0 316.0 2.8009764131714796 5.942569066761273 20.0 
214.0 314.0 2.8009764131714796 5.942569066761273 20.0 
214.0 315.0 2.8009764131714796 5.942569066761273 20.0 
214.0 316.0 2.8009764131714796 5.942569066761273 20.0 
215.0 314.0 2.8009764131714796 5.942569066761273 20.0 
215.0 315.0 2.8009764131714796 5.942569066761273 20.0 
216.0 314.0 2.8009764131714796 5.942569066761273 20.0 
216.0 315.0 2.8009764131714796 5.942569066761273 20.0 
217.0 313.0 2.8009764131714796 5.942569066761273 20.0 
217.0 314.0 2.8009764131714796 5.942569066761273 20.0 
218.0 313.0 2.8009764131714796 5.942569066761273 20.0 
218.0 314.0 2.8009764131714796 5.942569066761273 20.0 
219.0 313.0 2.8009764131714796 5.942569066761273 20.0 
219.0 314.0 2.8009764131714796 5.942569066761273 20.0 
220.0 312.0 2.8009764131714796 5.942569066761273 20.0 
220.0 313.0 2.8009764131714796 5.942569066761273 20.0 
221.0 312.0 2.8009764131714796 5.942569066761273 20.0 
221.0 313.0 2.8009764131714796 5.942569066761273 20.0 
222.0 312.0 2.8009764131714796 5.942569066761273 20.0 
222.0 313.0 2.8009764131714796 5.942569066761273 20.0 
223.0 311.0 2.8009764131714796 5.942569066761273 20.0 
223.0 312.0 2.8009764131714796 5.942569066761273 20.0 
224.0 311.0 2.8009764131714796 5.942569066761273 20.0 
224.0 312.0 2.8009764131714796 5.942569066761273 20.0 
225.0 311.0 2.8009764131714796 5.942569066761273 20.0 
225.0 312.0 2.8009764131714796 5.942569066761273 20.0 
226.0 310.0 2.8009764131714796 5.942569066761273 20.0 
226.0 311.0 2.8009764131714796 5.942569066761273 20.0 
227.0 310.0 2.8009764131714796 5.942569066761273 20.0 
227.0 311.0 2.8009764131714796 5.942569066761273 20.0 
228.0 309.0 2.8009764131714796 5.942569066761273 20.0 
228.0 310.0 2.8009764131714796 5.942569066761273 20.0 
228.0 311.0 2.8009764131714796 5.942569066761273 20.0 
229.0 309.0 2.8009764131714796 5.942569066761273 20.0 
229.0 310.0 2.8009764131714796 5.942569066761273 20.0 
230.0 309.0 2.8009764131714796 5.942569066761273 20.0 
230.0 310.0 2.8009764131714796 5.942569066761273 20.0 
231.0 308.0 2.8009764131714796 5.942569066761273 20.0 
231.0 309.0 2.8009764131714796 5.942569066761273 20.0 
231.0 310.0 2.8009764131714796 5.942569066761273 20.0 
232.0 308.0 2.8009764131714796 5.942569066761273 20.0 
232.0 309.0 2.8009764131714796 5.942569066761273 20.0 
233.0 308.0 2.8009764131714796 5.942569066761273 20.0 
233.0 309.0 2.8009764131714796 5.942569066761273 20.0 
234.0 307.0 2.8009764131714796 5.942569066761273 20.0 
234.0 308.0 2.8009764131714796 5.942569066761273 20.0 
235.0 307.0 2.8009764131714796 5.942569066761273 20.0 
235.0 308.0 2.8009764131714796 5.942569066761273 20.0 
236.0 307.0 2.8009764131714796 5.942569066761273 20.0 
236.0 308.0 2.8009764131714796 5.942569066761273 20.0 
237.0 306.0 2.8009764131714796 5.942569066761273 20.0 
237.0 307.0 2.8009764131714796 5.942569066761273 20.0 
238.0 306.0 2.8009764131714796 5.942569066761273 20.0 
238.0 307.0 2.8009764131714796 5.942569066761273 20.0 
239.0 306.0 2.8009764131714796 5.942569066761273 20.0 
239.0 307.0 2.8009764131714796 5.942569066761273 20.0 
240.0 305.0 2.8009764131714796 5.942569066761273 20.0 
240.0 306.0 2.8009764131714796 5.942569066761273 20.0 
241.0 305.0 2.8009764131714796 5.942569066761273 20.0 
241.0 306.0 2.8009764131714796 5.942569066761273 20.0 
242.0 304.0 2.8009764131714796 5.942569066761273 20.0 
242.0 305.0 2.8009764131714796 5.942569066761273 20.0 
242.0 306.0 2.8009764131714796 5.942569066761273 20.0 
243.0 304.0 2.8009764131714796 5.942569066761273 20.0 
243.0 305.0 2.8009764131714796 5.942569066761273 20.0 
244.0 304.0 2.8009764131714796 5.942569066761273 20.0 
244.0 305.0 2.8009764131714796 5.942569066761273 20.0 
245.0 303.0 2.8009764131714796 5.942569066761273 20.0 
245.0 304.0 2.8009764131714796 5.942569066761273 20.0 
245.0 305.0 2.8009764131714796 5.942569066761273 20.0 
246.0 303.0 2.8009764131714796 5.942569066761273 20.0 
246.0 304.0 2.8009764131714796 5.942569066761273 20.0 
247.0 303.0 2.8009764131714796 5.942569066761273 20.0 
247.0 304.0 2.8009764131714796 5.942569066761273 20.0 
248.0 302.0 2.8009764131714796 5.942569066761273 20.0 
248.0 303.0 2.8009764131714796 5.942569066761273 20.0 
249.0 302.0 2.8009764131714796 5.942569066761273 20.0 
249.0 303.0 2.8009764131714796 5.942569066761273 20.0 
250.0 302.0 2.8009764131714796 5.942569066761273 20.0 
250.0 303.0 2.8009764131714796 5.942569066761273 20.0 
251.0 301.0 2.8009764131714796 5.942569066761273 20.0 
251.0 302.0 2.8009764131714796 5.942569066761273 20.0 
252.0 301.0 2.8009764131714796 5.942569066761273 20.0 
252.0 302.0 2.8009764131714796 5.942569066761273 20.0 
253.0 301.0 2.8009764131714796 5.942569066761273 20.0 
253.0 302.0 2.8009764131714796 5.942569066761273 20.0 
254.0 300.0 2.8009764131714796 5.942569066761273 20.0 
254.0 301.0 2.8009764131714796 5.942569066761273 20.0 
255.0 300.0 2.8009764131714796 5.942569066761273 20.0 
255.0 301.0 2.8009764131714796 5.942569066761273 20.0 
256.0 300.0 2.8009764131714796 5.942569066761273 20.0 
256.0 301.0 2.8009764131714796 5.942569066761273 20.0 
257.0 299.0 2.8009764131714796 5.942569066761273 20.0 
257.0 300.0 2.8009764131714796 5.942569066761273 20.0 
258.0 299.0 2.8009764131714796 5.942569066761273 20.0 
258.0 300.0 2.8009764131714796 5.942569066761273 20.0 
259.0 298.0 2.8009764131714796 5.942569066761273 20.0 
259.0 299.0 2.8009764131714796 5.942569066761273 20.0 
259.0 300.0 2.8009764131714796 5.942569066761273 20.0 
260.0 298.0 2.8009764131714796 5.942569066761273 20.0 
260.0 299.0 2.8009764131714796 5.942569066761273 20.0 
261.0 298.0 2.8009764131714796 5.942569066761273 20.0 
261.0 299.0 2.8009764131714796 5.942569066761273 20.0 
262.0 297.0 2.8009764131714796 5.942569066761273 20.0 
262.0 298.0 2.8009764131714796 5.942569066761273 20.0 
262.0 299.0 2.8009764131714796 5.942569066761273 20.0 
263.0 297.0 2.8009764131714796 5.942569066761273 20.0 
263.0 298.0 2.8009764131714796 5.942569066761273 20.0 
264.0 297.0 2.8009764131714796 5.942569066761273 20.0 
264.0 298.0 2.8009764131714796 5.942569066761273 20.0 
265.0 296.0 2.8009764131714796 5.942569066761273 20.0 
265.0 297.0 2.8009764131714796 5.942569066761273 20.0 
266.0 296.0 2.8009764131714796 5.942569066761273 20.0 
266.0 297.0 2.8009764131714796 5.942569066761273 20.0 
267.0 296.0 2.8009764131714796 5.942569066761273 20.0 
267.0 297.0 2.8009764131714796 5.942569066761273 20.0 
268.0 295.0 2.8009764131714796 5.942569066761273 20.0 
268.0 296.0 2.8009764131714796 5.942569066761273 20.0 
269.0 295.0 2.8009764131714796 5.942569066761273 20.0 
269.0 296.0 2.8009764131714796 5.942569066761273 20.0 
270.0 295.0 2.8009764131714796 5.942569066761273 20.0 
270.0 296.0 2.8009764131714796 5.942569066761273 20.0 
271.0 294.0 2.8009764131714796 5.942569066761273 20.0 
271.0 295.0 2.8009764131714796 5.942569066761273 20.0 
272.0 294.0 2.8009764131714796 5.942569066761273 20.0 
272.0 295.0 2.8009764131714796 5.942569066761273 20.0 
273.0 294.0 2.8009764131714796 5.942569066761273 20.0 
273.0 295.0 2.8009764131714796 5.942569066761273 20.0 
274.0 293.0 2.8009764131714796 5.942569066761273 20.0 
274.0 294.0 2.8009764131714796 5.942569066761273 20.0 
275.0 293.0 2.8009764131714796 5.942569066761273 20.0 
275.0 294.0 2.8009764131714796 5.942569066761273 20.0 
276.0 293.0 2.8009764131714796 5.942569066761273 20.0 
276.0 294.0 2.8009764131714796 5.942569066761273 20.0 
202.0 344.0 3.0385110450670934 6.180103698656886 24.0 
203.0 344.0 3.0385110450670934 6.180103698656886 24.0 
203.0 345.0 3.0385110450670934 6.180103698656886 24.0 
204.0 344.0 3.0385110450670934 6.180103698656886 24.0 
204.0 345.0 3.0385110450670934 6.180103698656886 24.0 
205.0 344.0 3.0385110450670934 6.180103698656886 24.0 
205.0 345.0 3.0385110450670934 6.180103698656886 24.0 
206.0 344.0 3.0385110450670934 6.180103698656886 24.0 
206.0 345.0 3.0385110450670934 6.180103698656886 24.0 
207.0 344.0 3.0385110450670934 6.180103698656886 24.0 
207.0 345.0 3.0385110450670934 6.180103698656886 24.0 
208.0 344.0 3.0385110450670934 6.180103698656886 24.0 
208.0 345.0 3.0385110450670934 6.180103698656886 24.0 
209.0 344.0 3.0385110450670934 6.180103698656886 24.0 
209.0 345.0 3.0385110450670934 6.180103698656886 24.0 
210.0 344.0 3.0385110450670934 6.180103698656886 24.0 
210.0 345.0 3.0385110450670934 6.180103698656886 24.0 
211.0 344.0 3.0385110450670934 6.180103698656886 24.0 
211.0 345.0 3.0385110450670934 6.180103698656886 24.0 
212.0 343.0 3.0385110450670934 6.180103698656886 24.0 
212.0 344.0 3.0385110450670934 6.180103698656886 24.0 
213.0 343.0 3.0385110450670934 6.180103698656886 24.0 
213.0 344.0 3.0385110450670934 6.180103698656886 24.0 
214.0 343.0 3.0385110450670934 6.180103698656886 24.0 
214.0 344.0 3.0385110450670934 6.180103698656886 24.0 
215.0 343.0 3.0385110450670934 6.180103698656886 24.0 
215.0 344.0 3.0385110450670934 6.180103698656886 24.0 
216.0 343.0 3.0385110450670934 6.180103698656886 24.0 
216.0 344.0 3.0385110450670934 6.180103698656886 24.0 
217.0 343.0 3.0385110450670934 6.180103698656886 24.0 
217.0 344.0 3.0385110450670934 6.180103698656886 24.0 
218.0 343.0 3.0385110450670934 6.180103698656886 24.0 
218.0 344.0 3.0385110450670934 6.180103698656886 24.0 
219.0 343.0 3.0385110450670934 6.180103698656886 24.0 
219.0 344.0 3.0385110450670934 6.180103698656886 24.0 
220.0 343.0 3.0385110450670934 6.180103698656886 24.0 
220.0 344.0 3.0385110450670934 6.180103698656886 24.0 
221.0 343.0 3.0385110450670934 6.180103698656886 24.0 
221.0 344.0 3.0385110450670934 6.180103698656886 24.0 
222.0 342.0 3.0385110450670934 6.180103698656886 24.0 
222.0 343.0 3.0385110450670934 6.180103698656886 24.0 
223.0 342.0 3.0385110450670934 6.180103698656886 24.0 
223.0 343.0 3.0385110450670934 6.180103698656886 24.0 
224.0 342.0 3.0385110450670934 6.180103698656886 24.0 
224.0 343.0 3.0385110450670934 6.180103698656886 24.0 
225.0 342.0 3.0385110450670934 6.180103698656886 24.0 
225.0 343.0 3.0385110450670934 6.180103698656886 24.0 
226.0 342.0 3.0385110450670934 6.180103698656886 24.0 
226.0 343.0 3.0385110450670934 6.180103698656886 24.0 
227.0 342.0 3.0385110450670934 6.180103698656886 24.0 
227.0 343.0 3.0385110450670934 6.180103698656886 24.0 
228.0 342.0 3.0385110450670934 6.180103698656886 24.0 
228.0 343.0 3.0385110450670934 6.180103698656886 24.0 
229.0 342.0 3.0385110450670934 6.180103698656886 24.0 
229.0 343.0 3.0385110450670934 6.180103698656886 24.0 
230.0 342.0 3.0385110450670934 6.180103698656886 24.0 
230.0 343.0 3.0385110450670934 6.180103698656886 24.0 
231.0 341.0 3.0385110450670934 6.180103698656886 24.0 
231.0 342.0 3.0385110450670934 6.180103698656886 24.0 
231.0 343.0 3.0385110450670934 6.180103698656886 24.0 
232.0 341.0 3.0385110450670934 6.180103698656886 24.0 
232.0 342.0 3.0385110450670934 6.180103698656886 24.0 
233.0 341.0 3.0385110450670934 6.180103698656886 24.0 
233.0 342.0 3.0385110450670934 6.180103698656886 24.0 
234.0 341.0 3.0385110450670934 6.180103698656886 24.0 
234.0 342.0 3.0385110450670934 6.180103698656886 24.0 
235.0 341.0 3.0385110450670934 6.180103698656886 24.0 
235.0 342.0 3.0385110450670934 6.180103698656886 24.0 
236.0 341.0 3.0385110450670934 6.180103698656886 24.0 
236.0 342.0 3.0385110450670934 6.180103698656886 24.0 
237.0 341.0 3.0385110450670934 6.180103698656886 24.0 
237.0 342.0 3.0385110450670934 6.180103698656886 24.0 
238.0 341.0 3.0385110450670934 6.180103698656886 24.0 
238.0 342.0 3.0385110450670934 6.180103698656886 24.0 
239.0 341.0 3.0385110450670934 6.180103698656886 24.0 
239.0 342.0 3.0385110450670934 6.180103698656886 24.0 
240.0 341.0 3.0385110450670934 6.180103698656886 24.0 
240.0 342.0 3.0385110450670934 6.180103698656886 24.0 
241.0 340.0 3.0385110450670934 6.180103698656886 24.0 
241.0 341.0 3.0385110450670934 6.180103698656886 24.0 
242.0 340.0 3.0385110450670934 6.180103698656886 24.0 
242.0 341.0 3.0385110450670934 6.180103698656886 24.0 
243.0 340.0 3.0385110450670934 6.180103698656886 24.0 
243.0 341.0 3.0385110450670934 6.180103698656886 24.0 
244.0 340.0 3.0385110450670934 6.180103698656886 24.0 
244.0 341.0 3.0385110450670934 6.180103698656886 24.0 
245.0 340.0 3.0385110450670934 6.180103698656886 24.0 
245.0 341.0 3.0385110450670934 6.180103698656886 24.0 
246.0 340.0 3.0385110450670934 6.180103698656886 24.0 
246.0 341.0 3.0385110450670934 6.180103698656886 24.0 
247.0 340.0 3.0385110450670934 6.180103698656886 24.0 
247.0 341.0 3.0385110450670934 6.180103698656886 24.0 
248.0 340.0 3.0385110450670934 6.180103698656886 24.0 
248.0 341.0 3.0385110450670934 6.180103698656886 24.0 
249.0 340.0 3.0385110450670934 6.180103698656886 24.0 
249.0 341.0 3.0385110450670934 6.180103698656886 24.0 
250.0 340.0 3.0385110450670934 6.180103698656886 24.0 
250.0 341.0 3.0385110450670934 6.180103698656886 24.0 
251.0 339.0 3.0385110450670934 6.180103698656886 24.0 
251.0 340.0 3.0385110450670934 6.180103698656886 24.0 
252.0 339.0 3.0385110450670934 6.180103698656886 24.0 
252.0 340.0 3.0385110450670934 6.180103698656886 24.0 
253.0 339.0 3.0385110450670934 6.180103698656886 24.0 
253.0 340.0 3.0385110450670934 6.180103698656886 24.0 
254.0 339.0 3.0385110450670934 6.180103698656886 24.0 
254.0 340.0 3.0385110450670934 6.180103698656886 24.0 
255.0 339.0 3.0385110450670934 6.180103698656886 24.0 
255.0 340.0 3.0385110450670934 6.180103698656886 24.0 
256.0 339.0 3.0385110450670934 6.180103698656886 24.0 
256.0 340.0 3.0385110450670934 6.180103698656886 24.0 
257.0 339.0 3.0385110450670934 6.180103698656886 24.0 
257.0 340.0 3.0385110450670934 6.180103698656886 24.0 
258.0 339.0 3.0385110450670934 6.180103698656886 24.0 
258.0 340.0 3.0385110450670934 6.180103698656886 24.0 
259.0 339.0 3.0385110450670934 6.180103698656886 24.0 
259.0 340.0 3.0385110450670934 6.180103698656886 24.0 
260.0 338.0 3.0385110450670934 6.180103698656886 24.0 
260.0 339.0 3.0385110450670934 6.180103698656886 24.0 
260.0 340.0 3.0385110450670934 6.180103698656886 24.0 
261.0 338.0 3.0385110450670934 6.180103698656886 24.0 
261.0 339.0 3.0385110450670934 6.180103698656886 24.0 
262.0 338.0 3.0385110450670934 6.180103698656886 24.0 
262.0 339.0 3.0385110450670934 6.180103698656886 24.0 
263.0 338.0 3.0385110450670934 6.180103698656886 24.0 
263.0 339.0 3.0385110450670934 6.180103698656886 24.0 
264.0 338.0 3.0385110450670934 6.180103698656886 24.0 
264.0 339.0 3.0385110450670934 6.180103698656886 24.0 
265.0 338.0 3.0385110450670934 6.180103698656886 24.0 
265.0 339.0 3.0385110450670934 6.180103698656886 24.0 
266.0 338.0 3.0385110450670934 6.180103698656886 24.0 
266.0 339.0 3.0385110450670934 6.180103698656886 24.0 
267.0 338.0 3.0385110450670934 6.180103698656886 24.0 
267.0 339.0 3.0385110450670934 6.180103698656886 24.0 
268.0 338.0 3.0385110450670934 6.180103698656886 24.0 
268.0 339.0 3.0385110450670934 6.180103698656886 24.0 
269.0 338.0 3.0385110450670934 6.180103698656886 24.0 
269.0 339.0 3.0385110450670934 6.180103698656886 24.0 
270.0 337.0 3.0385110450670934 6.180103698656886 24.0 
270.0 338.0 3.0385110450670934 6.180103698656886 24.0 
271.0 337.0 3.0385110450670934 6.180103698656886 24.0 
271.0 338.0 3.0385110450670934 6.180103698656886 24.0 
272.0 337.0 3.0385110450670934 6.180103698656886 24.0 
272.0 338.0 3.0385110450670934 6.180103698656886 24.0 
273.0 337.0 3.0385110450670934 6.180103698656886 24.0 
273.0 338.0 3.0385110450670934 6.180103698656886 24.0 
274.0 337.0 3.0385110450670934 6.180103698656886 24.0 
274.0 338.0 3.0385110450670934 6.180103698656886 24.0 
275.0 337.0 3.0385110450670934 6.180103698656886 24.0 
275.0 338.0 3.0385110450670934 6.180103698656886 24.0 
276.0 337.0 3.0385110450670934 6.180103698656886 24.0 
276.0 338.0 3.0385110450670934 6.180103698656886 24.0 
277.0 337.0 3.0385110450670934 6.180103698656886 24.0 
277.0 338.0 3.0385110450670934 6.180103698656886 24.0 
278.0 337.0 3.0385110450670934 6.180103698656886 24.0 
278.0 338.0 3.0385110450670934 6.180103698656886 24.0 
279.0 337.0 3.0385110450670934 6.180103698656886 24.0 
279.0 338.0 3.0385110450670934 6.180103698656886 24.0 
280.0 336.0 3.0385110450670934 6.180103698656886 24.0 
280.0 337.0 3.0385110450670934 6.180103698656886 24.0 
281.0 336.0 3.0385110450670934 6.180103698656886 24.0 
281.0 337.0 3.0385110450670934 6.180103698656886 24.0 
282.0 336.0 3.0385110450670934 6.180103698656886 24.0 
282.0 337.0 3.0385110450670934 6.180103698656886 24.0 
283.0 336.0 3.0385110450670934 6.180103698656886 24.0 
283.0 337.0 3.0385110450670934 6.180103698656886 24.0 
284.0 336.0 3.0385110450670934 6.180103698656886 24.0 
284.0 337.0 3.0385110450670934 6.180103698656886 24.0 
285.0 336.0 3.0385110450670934 6.180103698656886 24.0 
285.0 337.0 3.0385110450670934 6.180103698656886 24.0 
286.0 336.0 3.0385110450670934 6.180103698656886 24.0 
286.0 337.0 3.0385110450670934 6.180103698656886 24.0 
287.0 336.0 3.0385110450670934 6.180103698656886 24.0 
287.0 337.0 3.0385110450670934 6.180103698656886 24.0 
288.0 336.0 3.0385110450670934 6.180103698656886 24.0 
288.0 337.0 3.0385110450670934 6.180103698656886 24.0 
289.0 336.0 3.0385110450670934 6.180103698656886 24.0 
289.0 337.0 3.0385110450670934 6.180103698656886 24.0 
185.0 329.0 4.559739651989423 1.4181469983996302 24.0 
185.0 330.0 4.559739651989423 1.4181469983996302 24.0 
185.0 331.0 4.559739651989423 1.4181469983996302 24.0 
185.0 332.0 4.559739651989423 1.4181469983996302 24.0 
185.0 333.0 4.559739651989423 1.4181469983996302 24.0 
185.0 334.0 4.559739651989423 1.4181469983996302 24.0 
185.0 335.0 4.559739651989423 1.4181469983996302 24.0 
186.0 329.0 4.559739651989423 1.4181469983996302 24.0 
186.0 330.0 4.559739651989423 1.4181469983996302 24.0 
186.0 331.0 4.559739651989423 1.4181469983996302 24.0 
186.0 332.0 4.559739651989423 1.4181469983996302 24.0 
186.0 333.0 4.559739651989423 1.4181469983996302 24.0 
186.0 334.0 4.559739651989423 1.4181469983996302 24.0 
186.0 335.0 4.559739651989423 1.4181469983996302 24.0 
186.0 336.0 4.559739651989423 1.4181469983996302 24.0 
186.0 337.0 4.559739651989423 1.4181469983996302 24.0 
186.0 338.0 4.559739651989423 1.4181469983996302 24.0 
186.0 339.0 4.559739651989423 1.4181469983996302 24.0 
186.0 340.0 4.559739651989423 1.4181469983996302 24.0 
186.0 341.0 4.559739651989423 1.4181469983996302 24.0 
186.0 342.0 4.559739651989423 1.4181469983996302 24.0 
187.0 336.0 4.559739651989423 1.4181469983996302 24.0 
187.0 337.0 4.559739651989423 1.4181469983996302 24.0 
187.0 338.0 4.559739651989423 1.4181469983996302 24.0 
187.0 339.0 4.559739651989423 1.4181469983996302 24.0 
187.0 340.0 4.559739651989423 1.4181469983996302 24.0 
187.0 341.0 4.559739651989423 1.4181469983996302 24.0 
206.0 331.0 2.875340604438867 6.01693325802866 76.0 
206.0 332.0 2.875340604438867 6.01693325802866 76.0 
206.0 333.0 2.875340604438867 6.01693325802866 76.0 
207.0 331.0 2.875340604438867 6.01693325802866 76.0 
207.0 332.0 2.875340604438867 6.01693325802866 76.0 
207.0 333.0 2.875340604438867 6.01693325802866 76.0 
207.0 334.0 2.875340604438867 6.01693325802866 76.0 
207.0 335.0 2.875340604438867 6.01693325802866 76.0 
207.0 336.0 2.875340604438867 6.01693325802866 76.0 
208.0 331.0 2.875340604438867 6.01693325802866 76.0 
208.0 332.0 2.875340604438867 6.01693325802866 76.0 
208.0 333.0 2.875340604438867 6.01693325802866 76.0 
208.0 334.0 2.875340604438867 6.01693325802866 76.0 
208.0 335.0 2.875340604438867 6.01693325802866 76.0 
208.0 336.0 2.875340604438867 6.01693325802866 76.0 
209.0 331.0 2.875340604438867 6.01693325802866 76.0 
209.0 332.0 2.875340604438867 6.01693325802866 76.0 
209.0 333.0 2.875340604438867 6.01693325802866 76.0 
209.0 334.0 2.875340604438867 6.01693325802866 76.0 
209.0 335.0 2.875340604438867 6.01693325802866 76.0 
209.0 336.0 2.875340604438867 6.01693325802866 76.0 
210.0 330.0 2.875340604438867 6.01693325802866 76.0 
210.0 331.0 2.875340604438867 6.01693325802866 76.0 
210.0 332.0 2.875340604438867 6.01693325802866 76.0 
210.0 333.0 2.875340604438867 6.01693325802866 76.0 
210.0 334.0 2.875340604438867 6.01693325802866 76.0 
210.0 335.0 2.875340604438867 6.01693325802866 76.0 
210.0 336.0 2.875340604438867 6.01693325802866 76.0 
211.0 330.0 2.875340604438867 6.01693325802866 76.0 
211.0 331.0 2.875340604438867 6.01693325802866 76.0 
211.0 332.0 2.875340604438867 6.01693325802866 76.0 
211.0 333.0 2.875340604438867 6.01693325802866 76.0 
211.0 334.0 2.875340604438867 6.01693325802866 76.0 
211.0 335.0 2.875340604438867 6.01693325802866 76.0 
212.0 330.0 2.875340604438867 6.01693325802866 76.0 
212.0 331.0 2.875340604438867 6.01693325802866 76.0 
212.0 332.0 2.875340604438867 6.01693325802866 76.0 
212.0 333.0 2.875340604438867 6.01693325802866 76.0 
212.0 334.0 2.875340604438867 6.01693325802866 76.0 
212.0 335.0 2.875340604438867 6.01693325802866 76.0 
213.0 329.0 2.875340604438867 6.01693325802866 76.0 
213.0 330.0 2.875340604438867 6.01693325802866 76.0 
213.0 331.0 2.875340604438867 6.01693325802866 76.0 
213.0 332.0 2.875340604438867 6.01693325802866 76.0 
213.0 333.0 2.875340604438867 6.01693325802866 76.0 
213.0 334.0 2.875340604438867 6.01693325802866 76.0 
213.0 335.0 2.875340604438867 6.01693325802866 76.0 
214.0 329.0 2.875340604438867 6.01693325802866 76.0 
214.0 330.0 2.875340604438867 6.01693325802866 76.0 
214.0 331.0 2.875340604438867 6.01693325802866 76.0 
214.0 332.0 2.875340604438867 6.01693325802866 76.0 
214.0 333.0 2.875340604438867 6.01693325802866 76.0 
214.0 334.0 2.875340604438867 6.01693325802866 76.0 
215.0 329.0 2.875340604438867 6.01693325802866 76.0 
215.0 330.0 2.875340604438867 6.01693325802866 76.0 
215.0 331.0 2.875340604438867 6.01693325802866 76.0 
215.0 332.0 2.875340604438867 6.01693325802866 76.0 
215.0 333.0 2.875340604438867 6.01693325802866 76.0 
215.0 334.0 2.875340604438867 6.01693325802866 76.0 
216.0 329.0 2.875340604438867 6.01693325802866 76.0 
216.0 330.0 2.875340604438867 6.01693325802866 76.0 
216.0 331.0 2.875340604438867 6.01693325802866 76.0 
216.0 332.0 2.875340604438867 6.01693325802866 76.0 
216.0 333.0 2.875340604438867 6.01693325802866 76.0 
216.0 334.0 2.875340604438867 6.01693325802866 76.0 
217.0 328.0 2.875340604438867 6.01693325802866 76.0 
217.0 329.0 2.875340604438867 6.01693325802866 76.0 
217.0 330.0 2.875340604438867 6.01693325802866 76.0 
217.0 331.0 2.875340604438867 6.01693325802866 76.0 
217.0 332.0 2.875340604438867 6.01693325802866 76.0 
217.0 333.0 2.875340604438867 6.01693325802866 76.0 
217.0 334.0 2.875340604438867 6.01693325802866 76.0 
218.0 328.0 2.875340604438867 6.01693325802866 76.0 
218.0 329.0 2.875340604438867 6.01693325802866 76.0 
218.0 330.0 2.875340604438867 6.01693325802866 76.0 
218.0 331.0 2.875340604438867 6.01693325802866 76.0 
218.0 332.0 2.875340604438867 6.01693325802866 76.0 
218.0 333.0 2.875340604438867 6.01693325802866 76.0 
219.0 328.0 2.875340604438867 6.01693325802866 76.0 
219.0 329.0 2.875340604438867 6.01693325802866 76.0 
219.0 330.0 2.875340604438867 6.01693325802866 76.0 
219.0 331.0 2.875340604438867 6.01693325802866 76.0 
219.0 332.0 2.875340604438867 6.01693325802866 76.0 
219.0 333.0 2.875340604438867 6.01693325802866 76.0 
220.0 328.0 2.875340604438867 6.01693325802866 76.0 
220.0 329.0 2.875340604438867 6.01693325802866 76.0 
220.0 330.0 2.875340604438867 6.01693325802866 76.0 
220.0 331.0 2.875340604438867 6.01693325802866 76.0 
220.0 332.0 2.875340604438867 6.01693325802866 76.0 
220.0 333.0 2.875340604438867 6.01693325802866 76.0 
221.0 327.0 2.875340604438867 6.01693325802866 76.0 
221.0 328.0 2.875340604438867 6.01693325802866 76.0 
221.0 329.0 2.875340604438867 6.01693325802866 76.0 
221.0 330.0 2.875340604438867 6.01693325802866 76.0 
221.0 331.0 2.875340604438867 6.01693325802866 76.0 
221.0 332.0 2.875340604438867 6.01693325802866 76.0 
221.0 333.0 2.875340604438867 6.01693325802866 76.0 
222.0 327.0 2.875340604438867 6.01693325802866 76.0 
222.0 328.0 2.875340604438867 6.01693325802866 76.0 
222.0 329.0 2.875340604438867 6.01693325802866 76.0 
222.0 330.0 2.875340604438867 6.01693325802866 76.0 
222.0 331.0 2.875340604438867 6.01693325802866 76.0 
222.0 332.0 2.875340604438867 6.01693325802866 76.0 
223.0 327.0 2.875340604438867 6.01693325802866 76.0 
223.0 328.0 2.875340604438867 6.01693325802866 76.0 
223.0 329.0 2.875340604438867 6.01693325802866 76.0 
223.0 330.0 2.875340604438867 6.01693325802866 76.0 
223.0 331.0 2.875340604438867 6.01693325802866 76.0 
223.0 332.0 2.875340604438867 6.01693325802866 76.0 
224.0 326.0 2.875340604438867 6.01693325802866 76.0 
224.0 327.0 2.875340604438867 6.01693325802866 76.0 
224.0 328.0 2.875340604438867 6.01693325802866 76.0 
224.0 329.0 2.875340604438867 6.01693325802866 76.0 
224.0 330.0 2.875340604438867 6.01693325802866 76.0 
224.0 331.0 2.875340604438867 6.01693325802866 76.0 
224.0 332.0 2.875340604438867 6.01693325802866 76.0 
225.0 326.0 2.875340604438867 6.01693325802866 76.0 
225.0 327.0 2.875340604438867 6.01693325802866 76.0 
225.0 328.0 2.875340604438867 6.01693325802866 76.0 
225.0 329.0 2.875340604438867 6.01693325802866 76.0 
225.0 330.0 2.875340604438867 6.01693325802866 76.0 
225.0 331.0 2.875340604438867 6.01693325802866 76.0 
226.0 326.0 2.875340604438867 6.01693325802866 76.0 
226.0 327.0 2.875340604438867 6.01693325802866 76.0 
226.0 328.0 2.875340604438867 6.01693325802866 76.0 
226.0 329.0 2.875340604438867 6.01693325802866 76.0 
226.0 330.0 2.875340604438867 6.01693325802866 76.0 
226.0 331.0 2.875340604438867 6.01693325802866 76.0 
227.0 326.0 2.875340604438867 6.01693325802866 76.0 
227.0 327.0 2.875340604438867 6.01693325802866 76.0 
227.0 328.0 2.875340604438867 6.01693325802866 76.0 
227.0 329.0 2.875340604438867 6.01693325802866 76.0 
227.0 330.0 2.875340604438867 6.01693325802866 76.0 
227.0 331.0 2.875340604438867 6.01693325802866 76.0 
228.0 325.0 2.875340604438867 6.01693325802866 76.0 
228.0 326.0 2.875340604438867 6.01693325802866 76.0 
228.0 327.0 2.875340604438867 6.01693325802866 76.0 
228.0 328.0 2.875340604438867 6.01693325802866 76.0 
228.0 329.0 2.875340604438867 6.01693325802866 76.0 
228.0 330.0 2.875340604438867 6.01693325802866 76.0 
228.0 331.0 2.875340604438867 6.01693325802866 76.0 
229.0 325.0 2.875340604438867 6.01693325802866 76.0 
229.0 326.0 2.875340604438867 6.01693325802866 76.0 
229.0 327.0 2.875340604438867 6.01693325802866 76.0 
229.0 328.0 2.875340604438867 6.01693325802866 76.0 
229.0 329.0 2.875340604438867 6.01693325802866 76.0 
229.0 330.0 2.875340604438867 6.01693325802866 76.0 
230.0 325.0 2.875340604438867 6.01693325802866 76.0 
230.0 326.0 2.875340604438867 6.01693325802866 76.0 
230.0 327.0 2.875340604438867 6.01693325802866 76.0 
230.0 328.0 2.875340604438867 6.01693325802866 76.0 
230.0 329.0 2.875340604438867 6.01693325802866 76.0 
230.0 330.0 2.875340604438867 6.01693325802866 76.0 
231.0 325.0 2.875340604438867 6.01693325802866 76.0 
231.0 326.0 2.875340604438867 6.01693325802866 76.0 
231.0 327.0 2.875340604438867 6.01693325802866 76.0 
231.0 328.0 2.875340604438867 6.01693325802866 76.0 
231.0 329.0 2.875340604438867 6.01693325802866 76.0 
231.0 330.0 2.875340604438867 6.01693325802866 76.0 
232.0 324.0 2.875340604438867 6.01693325802866 76.0 
232.0 325.0 2.875340604438867 6.01693325802866 76.0 
232.0 326.0 2.875340604438867 6.01693325802866 76.0 
232.0 327.0 2.875340604438867 6.01693325802866 76.0 
232.0 328.0 2.875340604438867 6.01693325802866 76.0 
232.0 329.0 2.875340604438867 6.01693325802866 76.0 
232.0 330.0 2.875340604438867 6.01693325802866 76.0 
233.0 324.0 2.875340604438867 6.01693325802866 76.0 
233.0 325.0 2.875340604438867 6.01693325802866 76.0 
233.0 326.0 2.875340604438867 6.01693325802866 76.0 
233.0 327.0 2.875340604438867 6.01693325802866 76.0 
233.0 328.0 2.875340604438867 6.01693325802866 76.0 
233.0 329.0 2.875340604438867 6.01693325802866 76.0 
234.0 324.0 2.875340604438867 6.01693325802866 76.0 
234.0 325.0 2.875340604438867 6.01693325802866 76.0 
234.0 326.0 2.875340604438867 6.01693325802866 76.0 
234.0 327.0 2.875340604438867 6.01693325802866 76.0 
234.0 328.0 2.875340604438867 6.01693325802866 76.0 
234.0 329.0 2.875340604438867 6.01693325802866 76.0 
235.0 323.0 2.875340604438867 6.01693325802866 76.0 
235.0 324.0 2.875340604438867 6.01693325802866 76.0 
235.0 325.0 2.875340604438867 6.01693325802866 76.0 
235.0 326.0 2.875340604438867 6.01693325802866 76.0 
235.0 327.0 2.875340604438867 6.01693325802866 76.0 
235.0 328.0 2.875340604438867 6.01693325802866 76.0 
235.0 329.0 2.875340604438867 6.01693325802866 76.0 
236.0 323.0 2.875340604438867 6.01693325802866 76.0 
236.0 324.0 2.875340604438867 6.01693325802866 76.0 
236.0 325.0 2.875340604438867 6.01693325802866 76.0 
236.0 326.0 2.875340604438867 6.01693325802866 76.0 
236.0 327.0 2.875340604438867 6.01693325802866 76.0 
236.0 328.0 2.875340604438867 6.01693325802866 76.0 
237.0 323.0 2.875340604438867 6.01693325802866 76.0 
237.0 324.0 2.875340604438867 6.01693325802866 76.0 
237.0 325.0 2.875340604438867 6.01693325802866 76.0 
237.0 326.0 2.875340604438867 6.01693325802866 76.0 
237.0 327.0 2.875340604438867 6.01693325802866 76.0 
237.0 328.0 2.875340604438867 6.01693325802866 76.0 
238.0 323.0 2.875340604438867 6.01693325802866 76.0 
238.0 324.0 2.875340604438867 6.01693325802866 76.0 
238.0 325.0 2.875340604438867 6.01693325802866 76.0 
238.0 326.0 2.875340604438867 6.01693325802866 76.0 
238.0 327.0 2.875340604438867 6.01693325802866 76.0 
238.0 328.0 2.875340604438867 6.01693325802866 76.0 
239.0 322.0 2.875340604438867 6.01693325802866 76.0 
239.0 323.0 2.875340604438867 6.01693325802866 76.0 
239.0 324.0 2.875340604438867 6.01693325802866 76.0 
239.0 325.0 2.875340604438867 6.01693325802866 76.0 
239.0 326.0 2.875340604438867 6.01693325802866 76.0 
239.0 327.0 2.875340604438867 6.01693325802866 76.0 
239.0 328.0 2.875340604438867 6.01693325802866 76.0 
240.0 322.0 2.875340604438867 6.01693325802866 76.0 
240.0 323.0 2.875340604438867 6.01693325802866 76.0 
240.0 324.0 2.875340604438867 6.01693325802866 76.0 
240.0 325.0 2.875340604438867 6.01693325802866 76.0 
240.0 326.0 2.875340604438867 6.01693325802866 76.0 
240.0 327.0 2.875340604438867 6.01693325802866 76.0 
241.0 322.0 2.875340604438867 6.01693325802866 76.0 
241.0 323.0 2.875340604438867 6.01693325802866 76.0 
241.0 324.0 2.875340604438867 6.01693325802866 76.0 
241.0 325.0 2.875340604438867 6.01693325802866 76.0 
241.0 326.0 2.875340604438867 6.01693325802866 76.0 
241.0 327.0 2.875340604438867 6.01693325802866 76.0 
242.0 322.0 2.875340604438867 6.01693325802866 76.0 
242.0 323.0 2.875340604438867 6.01693325802866 76.0 
242.0 324.0 2.875340604438867 6.01693325802866 76.0 
242.0 325.0 2.875340604438867 6.01693325802866 76.0 
242.0 326.0 2.875340604438867 6.01693325802866 76.0 
242.0 327.0 2.875340604438867 6.01693325802866 76.0 
243.0 321.0 2.875340604438867 6.01693325802866 76.0 
243.0 322.0 2.875340604438867 6.01693325802866 76.0 
243.0 323.0 2.875340604438867 6.01693325802866 76.0 
243.0 324.0 2.875340604438867 6.01693325802866 76.0 
243.0 325.0 2.875340604438867 6.01693325802866 76.0 
243.0 326.0 2.875340604438867 6.01693325802866 76.0 
243.0 327.0 2.875340604438867 6.01693325802866 76.0 
244.0 321.0 2.875340604438867 6.01693325802866 76.0 
244.0 322.0 2.875340604438867 6.01693325802866 76.0 
244.0 323.0 2.875340604438867 6.01693325802866 76.0 
244.0 324.0 2.875340604438867 6.01693325802866 76.0 
244.0 325.0 2.875340604438867 6.01693325802866 76.0 
244.0 326.0 2.875340604438867 6.01693325802866 76.0 
245.0 321.0 2.875340604438867 6.01693325802866 76.0 
245.0 322.0 2.875340604438867 6.01693325802866 76.0 
245.0 323.0 2.875340604438867 6.01693325802866 76.0 
245.0 324.0 2.875340604438867 6.01693325802866 76.0 
245.0 325.0 2.875340604438867 6.01693325802866 76.0 
245.0 326.0 2.875340604438867 6.01693325802866 76.0 
246.0 320.0 2.875340604438867 6.01693325802866 76.0 
246.0 321.0 2.875340604438867 6.01693325802866 76.0 
246.0 322.0 2.875340604438867 6.01693325802866 76.0 
246.0 323.0 2.875340604438867 6.01693325802866 76.0 
246.0 324.0 2.875340604438867 6.01693325802866 76.0 
246.0 325.0 2.875340604438867 6.01693325802866 76.0 
246.0 326.0 2.875340604438867 6.01693325802866 76.0 
247.0 320.0 2.875340604438867 6.01693325802866 76.0 
247.0 321.0 2.875340604438867 6.01693325802866 76.0 
247.0 322.0 2.875340604438867 6.01693325802866 76.0 
247.0 323.0 2.875340604438867 6.01693325802866 76.0 
247.0 324.0 2.875340604438867 6.01693325802866 76.0 
247.0 325.0 2.875340604438867 6.01693325802866 76.0 
248.0 320.0 2.875340604438867 6.01693325802866 76.0 
248.0 321.0 2.875340604438867 6.01693325802866 76.0 
248.0 322.0 2.875340604438867 6.01693325802866 76.0 
248.0 323.0 2.875340604438867 6.01693325802866 76.0 
248.0 324.0 2.875340604438867 6.01693325802866 76.0 
248.0 325.0 2.875340604438867 6.01693325802866 76.0 
249.0 320.0 2.875340604438867 6.01693325802866 76.0 
249.0 321.0 2.875340604438867 6.01693325802866 76.0 
249.0 322.0 2.875340604438867 6.01693325802866 76.0 
249.0 323.0 2.875340604438867 6.01693325802866 76.0 
249.0 324.0 2.875340604438867 6.01693325802866 76.0 
249.0 325.0 2.875340604438867 6.01693325802866 76.0 
250.0 319.0 2.875340604438867 6.01693325802866 76.0 
250.0 320.0 2.875340604438867 6.01693325802866 76.0 
250.0 321.0 2.875340604438867 6.01693325802866 76.0 
250.0 322.0 2.875340604438867 6.01693325802866 76.0 
250.0 323.0 2.875340604438867 6.01693325802866 76.0 
250.0 324.0 2.875340604438867 6.01693325802866 76.0 
250.0 325.0 2.875340604438867 6.01693325802866 76.0 
251.0 319.0 2.875340604438867 6.01693325802866 76.0 
251.0 320.0 2.875340604438867 6.01693325802866 76.0 
251.0 321.0 2.875340604438867 6.01693325802866 76.0 
251.0 322.0 2.875340604438867 6.01693325802866 76.0 
251.0 323.0 2.875340604438867 6.01693325802866 76.0 
251.0 324.0 2.875340604438867 6.01693325802866 76.0 
252.0 319.0 2.875340604438867 6.01693325802866 76.0 
252.0 320.0 2.875340604438867 6.01693325802866 76.0 
252.0 321.0 2.875340604438867 6.01693325802866 76.0 
252.0 322.0 2.875340604438867 6.01693325802866 76.0 
252.0 323.0 2.875340604438867 6.01693325802866 76.0 
252.0 324.0 2.875340604438867 6.01693325802866 76.0 
253.0 319.0 2.875340604438867 6.01693325802866 76.0 
253.0 320.0 2.875340604438867 6.01693325802866 76.0 
253.0 321.0 2.875340604438867 6.01693325802866 76.0 
253.0 322.0 2.875340604438867 6.01693325802866 76.0 
253.0 323.0 2.875340604438867 6.01693325802866 76.0 
253.0 324.0 2.875340604438867 6.01693325802866 76.0 
254.0 318.0 2.875340604438867 6.01693325802866 76.0 
254.0 319.0 2.875340604438867 6.01693325802866 76.0 
254.0 320.0 2.875340604438867 6.01693325802866 76.0 
254.0 321.0 2.875340604438867 6.01693325802866 76.0 
254.0 322.0 2.875340604438867 6.01693325802866 76.0 
254.0 323.0 2.875340604438867 6.01693325802866 76.0 
254.0 324.0 2.875340604438867 6.01693325802866 76.0 
255.0 318.0 2.875340604438867 6.01693325802866 76.0 
255.0 319.0 2.875340604438867 6.01693325802866 76.0 
255.0 320.0 2.875340604438867 6.01693325802866 76.0 
255.0 321.0 2.875340604438867 6.01693325802866 76.0 
255.0 322.0 2.875340604438867 6.01693325802866 76.0 
255.0 323.0 2.875340604438867 6.01693325802866 76.0 
256.0 318.0 2.875340604438867 6.01693325802866 76.0 
256.0 319.0 2.875340604438867 6.01693325802866 76.0 
256.0 320.0 2.875340604438867 6.01693325802866 76.0 
256.0 321.0 2.875340604438867 6.01693325802866 76.0 
256.0 322.0 2.875340604438867 6.01693325802866 76.0 
256.0 323.0 2.875340604438867 6.01693325802866 76.0 
257.0 317.0 2.875340604438867 6.01693325802866 76.0 
257.0 318.0 2.875340604438867 6.01693325802866 76.0 
257.0 319.0 2.875340604438867 6.01693325802866 76.0 
257.0 320.0 2.875340604438867 6.01693325802866 76.0 
257.0 321.0 2.875340604438867 6.01693325802866 76.0 
257.0 322.0 2.875340604438867 6.01693325802866 76.0 
257.0 323.0 2.875340604438867 6.01693325802866 76.0 
258.0 317.0 2.875340604438867 6.01693325802866 76.0 
258.0 318.0 2.875340604438867 6.01693325802866 76.0 
258.0 319.0 2.875340604438867 6.01693325802866 76.0 
258.0 320.0 2.875340604438867 6.01693325802866 76.0 
258.0 321.0 2.875340604438867 6.01693325802866 76.0 
258.0 322.0 2.875340604438867 6.01693325802866 76.0 
259.0 317.0 2.875340604438867 6.01693325802866 76.0 
259.0 318.0 2.875340604438867 6.01693325802866 76.0 
259.0 319.0 2.875340604438867 6.01693325802866 76.0 
259.0 320.0 2.875340604438867 6.01693325802866 76.0 
259.0 321.0 2.875340604438867 6.01693325802866 76.0 
259.0 322.0 2.875340604438867 6.01693325802866 76.0 
260.0 317.0 2.875340604438867 6.01693325802866 76.0 
260.0 318.0 2.875340604438867 6.01693325802866 76.0 
260.0 319.0 2.875340604438867 6.01693325802866 76.0 
260.0 320.0 2.875340604438867 6.01693325802866 76.0 
260.0 321.0 2.875340604438867 6.01693325802866 76.0 
260.0 322.0 2.875340604438867 6.01693325802866 76.0 
261.0 316.0 2.875340604438867 6.01693325802866 76.0 
261.0 317.0 2.875340604438867 6.01693325802866 76.0 
261.0 318.0 2.875340604438867 6.01693325802866 76.0 
261.0 319.0 2.875340604438867 6.01693325802866 76.0 
261.0 320.0 2.875340604438867 6.01693325802866 76.0 
261.0 321.0 2.875340604438867 6.01693325802866 76.0 
261.0 322.0 2.875340604438867 6.01693325802866 76.0 
262.0 316.0 2.875340604438867 6.01693325802866 76.0 
262.0 317.0 2.875340604438867 6.01693325802866 76.0 
262.0 318.0 2.875340604438867 6.01693325802866 76.0 
262.0 319.0 2.875340604438867 6.01693325802866 76.0 
262.0 320.0 2.875340604438867 6.01693325802866 76.0 
262.0 321.0 2.875340604438867 6.01693325802866 76.0 
263.0 316.0 2.875340604438867 6.01693325802866 76.0 
263.0 317.0 2.875340604438867 6.01693325802866 76.0 
263.0 318.0 2.875340604438867 6.01693325802866 76.0 
263.0 319.0 2.875340604438867 6.01693325802866 76.0 
263.0 320.0 2.875340604438867 6.01693325802866 76.0 
263.0 321.0 2.875340604438867 6.01693325802866 76.0 
264.0 316.0 2.875340604438867 6.01693325802866 76.0 
264.0 317.0 2.875340604438867 6.01693325802866 76.0 
264.0 318.0 2.875340604438867 6.01693325802866 76.0 
264.0 319.0 2.875340604438867 6.01693325802866 76.0 
264.0 320.0 2.875340604438867 6.01693325802866 76.0 
264.0 321.0 2.875340604438867 6.01693325802866 76.0 
265.0 315.0 2.875340604438867 6.01693325802866 76.0 
265.0 316.0 2.875340604438867 6.01693325802866 76.0 
265.0 317.0 2.875340604438867 6.01693325802866 76.0 
265.0 318.0 2.875340604438867 6.01693325802866 76.0 
265.0 319.0 2.875340604438867 6.01693325802866 76.0 
265.0 320.0 2.875340604438867 6.01693325802866 76.0 
265.0 321.0 2.875340604438867 6.01693325802866 76.0 
266.0 315.0 2.875340604438867 6.01693325802866 76.0 
266.0 316.0 2.875340604438867 6.01693325802866 76.0 
266.0 317.0 2.875340604438867 6.01693325802866 76.0 
266.0 318.0 2.875340604438867 6.01693325802866 76.0 
266.0 319.0 2.875340604438867 6.01693325802866 76.0 
266.0 320.0 2.875340604438867 6.01693325802866 76.0 
267.0 315.0 2.875340604438867 6.01693325802866 76.0 
267.0 316.0 2.875340604438867 6.01693325802866 76.0 
267.0 317.0 2.875340604438867 6.01693325802866 76.0 
267.0 318.0 2.875340604438867 6.01693325802866 76.0 
267.0 319.0 2.875340604438867 6.01693325802866 76.0 
267.0 320.0 2.875340604438867 6.01693325802866 76.0 
268.0 314.0 2.875340604438867 6.01693325802866 76.0 
268.0 315.0 2.875340604438867 6.01693325802866 76.0 
268.0 316.0 2.875340604438867 6.01693325802866 76.0 
268.0 317.0 2.875340604438867 6.01693325802866 76.0 
268.0 318.0 2.875340604438867 6.01693325802866 76.0 
268.0 319.0 2.875340604438867 6.01693325802866 76.0 
268.0 320.0 2.875340604438867 6.01693325802866 76.0 
269.0 314.0 2.875340604438867 6.01693325802866 76.0 
269.0 315.0 2.875340604438867 6.01693325802866 76.0 
269.0 316.0 2.875340604438867 6.01693325802866 76.0 
269.0 317.0 2.875340604438867 6.01693325802866 76.0 
269.0 318.0 2.875340604438867 6.01693325802866 76.0 
269.0 319.0 2.875340604438867 6.01693325802866 76.0 
270.0 314.0 2.875340604438867 6.01693325802866 76.0 
270.0 315.0 2.875340604438867 6.01693325802866 76.0 
270.0 316.0 2.875340604438867 6.01693325802866 76.0 
270.0 317.0 2.875340604438867 6.01693325802866 76.0 
270.0 318.0 2.875340604438867 6.01693325802866 76.0 
270.0 319.0 2.875340604438867 6.01693325802866 76.0 
271.0 314.0 2.875340604438867 6.01693325802866 76.0 
271.0 315.0 2.875340604438867 6.01693325802866 76.0 
271.0 316.0 2.875340604438867 6.01693325802866 76.0 
271.0 317.0 2.875340604438867 6.01693325802866 76.0 
271.0 318.0 2.875340604438867 6.01693325802866 76.0 
271.0 319.0 2.875340604438867 6.01693325802866 76.0 
272.0 313.0 2.875340604438867 6.01693325802866 76.0 
272.0 314.0 2.875340604438867 6.01693325802866 76.0 
272.0 315.0 2.875340604438867 6.01693325802866 76.0 
272.0 316.0 2.875340604438867 6.01693325802866 76.0 
272.0 317.0 2.875340604438867 6.01693325802866 76.0 
272.0 318.0 2.875340604438867 6.01693325802866 76.0 
272.0 319.0 2.875340604438867 6.01693325802866 76.0 
273.0 313.0 2.875340604438867 6.01693325802866 76.0 
273.0 314.0 2.875340604438867 6.01693325802866 76.0 
273.0 315.0 2.875340604438867 6.01693325802866 76.0 
273.0 316.0 2.875340604438867 6.01693325802866 76.0 
273.0 317.0 2.875340604438867 6.01693325802866 76.0 
273.0 318.0 2.875340604438867 6.01693325802866 76.0 
274.0 313.0 2.875340604438867 6.01693325802866 76.0 
274.0 314.0 2.875340604438867 6.01693325802866 76.0 
274.0 315.0 2.875340604438867 6.01693325802866 76.0 
274.0 316.0 2.875340604438867 6.01693325802866 76.0 
274.0 317.0 2.875340604438867 6.01693325802866 76.0 
274.0 318.0 2.875340604438867 6.01693325802866 76.0 
275.0 313.0 2.875340604438867 6.01693325802866 76.0 
275.0 314.0 2.875340604438867 6.01693325802866 76.0 
275.0 315.0 2.875340604438867 6.01693325802866 76.0 
275.0 316.0 2.875340604438867 6.01693325802866 76.0 
275.0 317.0 2.875340604438867 6.01693325802866 76.0 
275.0 318.0 2.875340604438867 6.01693325802866 76.0 
276.0 312.0 2.875340604438867 6.01693325802866 76.0 
276.0 313.0 2.875340604438867 6.01693325802866 76.0 
276.0 314.0 2.875340604438867 6.01693325802866 76.0 
276.0 315.0 2.875340604438867 6.01693325802866 76.0 
276.0 316.0 2.875340604438867 6.01693325802866 76.0 
276.0 317.0 2.875340604438867 6.01693325802866 76.0 
276.0 318.0 2.875340604438867 6.01693325802866 76.0 
277.0 312.0 2.875340604438867 6.01693325802866 76.0 
277.0 313.0 2.875340604438867 6.01693325802866 76.0 
277.0 314.0 2.875340604438867 6.01693325802866 76.0 
277.0 315.0 2.875340604438867 6.01693325802866 76.0 
277.0 316.0 2.875340604438867 6.01693325802866 76.0 
277.0 317.0 2.875340604438867 6.01693325802866 76.0 
278.0 312.0 2.875340604438867 6.01693325802866 76.0 
278.0 313.0 2.875340604438867 6.01693325802866 76.0 
278.0 314.0 2.875340604438867 6.01693325802866 76.0 
278.0 315.0 2.875340604438867 6.01693325802866 76.0 
278.0 316.0 2.875340604438867 6.01693325802866 76.0 
278.0 317.0 2.875340604438867 6.01693325802866 76.0 
279.0 311.0 2.875340604438867 6.01693325802866 76.0 
279.0 312.0 2.875340604438867 6.01693325802866 76.0 
279.0 313.0 2.875340604438867 6.01693325802866 76.0 
279.0 314.0 2.875340604438867 6.01693325802866 76.0 
279.0 315.0 2.875340604438867 6.01693325802866 76.0 
279.0 316.0 2.875340604438867 6.01693325802866 76.0 
279.0 317.0 2.875340604438867 6.01693325802866 76.0 
280.0 311.0 2.875340604438867 6.01693325802866 76.0 
280.0 312.0 2.875340604438867 6.01693325802866 76.0 
280.0 313.0 2.875340604438867 6.01693325802866 76.0 
280.0 314.0 2.875340604438867 6.01693325802866 76.0 
280.0 315.0 2.875340604438867 6.01693325802866 76.0 
280.0 316.0 2.875340604438867 6.01693325802866 76.0 
281.0 311.0 2.875340604438867 6.01693325802866 76.0 
281.0 312.0 2.875340604438867 6.01693325802866 76.0 
281.0 313.0 2.875340604438867 6.01693325802866 76.0 
281.0 314.0 2.875340604438867 6.01693325802866 76.0 
281.0 315.0 2.875340604438867 6.01693325802866 76.0 
281.0 316.0 2.875340604438867 6.01693325802866 76.0 
282.0 311.0 2.875340604438867 6.01693325802866 76.0 
282.0 312.0 2.875340604438867 6.01693325802866 76.0 
282.0 313.0 2.875340604438867 6.01693325802866 76.0 
282.0 314.0 2.875340604438867 6.01693325802866 76.0 
282.0 315.0 2.875340604438867 6.01693325802866 76.0 
282.0 316.0 2.875340604438867 6.01693325802866 76.0 
283.0 310.0 2.875340604438867 6.01693325802866 76.0 
283.0 311.0 2.875340604438867 6.01693325802866 76.0 
283.0 312.0 2.875340604438867 6.01693325802866 76.0 
283.0 313.0 2.875340604438867 6.01693325802866 76.0 
283.0 314.0 2.875340604438867 6.01693325802866 76.0 
283.0 315.0 2.875340604438867 6.01693325802866 76.0 
283.0 316.0 2.875340604438867 6.01693325802866 76.0 
284.0 310.0 2.875340604438867 6.01693325802866 76.0 
284.0 311.0 2.875340604438867 6.01693325802866 76.0 
284.0 312.0 2.875340604438867 6.01693325802866 76.0 
284.0 313.0 2.875340604438867 6.01693325802866 76.0 
284.0 314.0 2.875340604438867 6.01693325802866 76.0 
284.0 315.0 2.875340604438867 6.01693325802866 76.0 
285.0 310.0 2.875340604438867 6.01693325802866 76.0 
285.0 311.0 2.875340604438867 6.01693325802866 76.0 
285.0 312.0 2.875340604438867 6.01693325802866 76.0 
285.0 313.0 2.875340604438867 6.01693325802866 76.0 
285.0 314.0 2.875340604438867 6.01693325802866 76.0 
285.0 315.0 2.875340604438867 6.01693325802866 76.0 
286.0 310.0 2.875340604438867 6.01693325802866 76.0 
286.0 311.0 2.875340604438867 6.01693325802866 76.0 
286.0 312.0 2.875340604438867 6.01693325802866 76.0 
286.0 313.0 2.875340604438867 6.01693325802866 76.0 
286.0 314.0 2.875340604438867 6.01693325802866 76.0 
286.0 315.0 2.875340604438867 6.01693325802866 76.0 
287.0 309.0 2.875340604438867 6.01693325802866 76.0 
287.0 310.0 2.875340604438867 6.01693325802866 76.0 
287.0 311.0 2.875340604438867 6.01693325802866 76.0 
287.0 312.0 2.875340604438867 6.01693325802866 76.0 
287.0 313.0 2.875340604438867 6.01693325802866 76.0 
287.0 314.0 2.875340604438867 6.01693325802866 76.0 
287.0 315.0 2.875340604438867 6.01693325802866 76.0 
288.0 309.0 2.875340604438867 6.01693325802866 76.0 
288.0 310.0 2.875340604438867 6.01693325802866 76.0 
288.0 311.0 2.875340604438867 6.01693325802866 76.0 
288.0 312.0 2.875340604438867 6.01693325802866 76.0 
288.0 313.0 2.875340604438867 6.01693325802866 76.0 
288.0 314.0 2.875340604438867 6.01693325802866 76.0 
289.0 309.0 2.875340604438867 6.01693325802866 76.0 
289.0 310.0 2.875340604438867 6.01693325802866 76.0 
289.0 311.0 2.875340604438867 6.01693325802866 76.0 
289.0 312.0 2.875340604438867 6.01693325802866 76.0 
289.0 313.0 2.875340604438867 6.01693325802866 76.0 
289.0 314.0 2.875340604438867 6.01693325802866 76.0 
290.0 308.0 2.875340604438867 6.01693325802866 76.0 
290.0 309.0 2.875340604438867 6.01693325802866 76.0 
290.0 310.0 2.875340604438867 6.01693325802866 76.0 
290.0 311.0 2.875340604438867 6.01693325802866 76.0 
290.0 312.0 2.875340604438867 6.01693325802866 76.0 
290.0 313.0 2.875340604438867 6.01693325802866 76.0 
290.0 314.0 2.875340604438867 6.01693325802866 76.0 
291.0 308.0 2.875340604438867 6.01693325802866 76.0 
291.0 309.0 2.875340604438867 6.01693325802866 76.0 
291.0 310.0 2.875340604438867 6.01693325802866 76.0 
291.0 311.0 2.875340604438867 6.01693325802866 76.0 
291.0 312.0 2.875340604438867 6.01693325802866 76.0 
291.0 313.0 2.875340604438867 6.01693325802866 76.0 
292.0 308.0 2.875340604438867 6.01693325802866 76.0 
292.0 309.0 2.875340604438867 6.01693325802866 76.0 
292.0 310.0 2.875340604438867 6.01693325802866 76.0 
292.0 311.0 2.875340604438867 6.01693325802866 76.0 
292.0 312.0 2.875340604438867 6.01693325802866 76.0 
292.0 313.0 2.875340604438867 6.01693325802866 76.0 
293.0 308.0 2.875340604438867 6.01693325802866 76.0 
293.0 309.0 2.875340604438867 6.01693325802866 76.0 
293.0 310.0 2.875340604438867 6.01693325802866 76.0 
293.0 311.0 2.875340604438867 6.01693325802866 76.0 
293.0 312.0 2.875340604438867 6.01693325802866 76.0 
293.0 313.0 2.875340604438867 6.01693325802866 76.0 
294.0 307.0 2.875340604438867 6.01693325802866 76.0 
294.0 308.0 2.875340604438867 6.01693325802866 76.0 
294.0 309.0 2.875340604438867 6.01693325802866 76.0 
294.0 310.0 2.875340604438867 6.01693325802866 76.0 
294.0 311.0 2.875340604438867 6.01693325802866 76.0 
294.0 312.0 2.875340604438867 6.01693325802866 76.0 
294.0 313.0 2.875340604438867 6.01693325802866 76.0 
295.0 307.0 2.875340604438867 6.01693325802866 76.0 
295.0 308.0 2.875340604438867 6.01693325802866 76.0 
295.0 309.0 2.875340604438867 6.01693325802866 76.0 
295.0 310.0 2.875340604438867 6.01693325802866 76.0 
295.0 311.0 2.875340604438867 6.01693325802866 76.0 
295.0 312.0 2.875340604438867 6.01693325802866 76.0 
296.0 307.0 2.875340604438867 6.01693325802866 76.0 
296.0 308.0 2.875340604438867 6.01693325802866 76.0 
296.0 309.0 2.875340604438867 6.01693325802866 76.0 
296.0 310.0 2.875340604438867 6.01693325802866 76.0 
296.0 311.0 2.875340604438867 6.01693325802866 76.0 
296.0 312.0 2.875340604438867 6.01693325802866 76.0 
297.0 307.0 2.875340604438867 6.01693325802866 76.0 
297.0 308.0 2.875340604438867 6.01693325802866 76.0 
297.0 309.0 2.875340604438867 6.01693325802866 76.0 
297.0 310.0 2.875340604438867 6.01693325802866 76.0 
297.0 311.0 2.875340604438867 6.01693325802866 76.0 
297.0 312.0 2.875340604438867 6.01693325802866 76.0 
298.0 306.0 2.875340604438867 6.01693325802866 76.0 
298.0 307.0 2.875340604438867 6.01693325802866 76.0 
298.0 308.0 2.875340604438867 6.01693325802866 76.0 
298.0 309.0 2.875340604438867 6.01693325802866 76.0 
298.0 310.0 2.875340604438867 6.01693325802866 76.0 
298.0 311.0 2.875340604438867 6.01693325802866 76.0 
298.0 312.0 2.875340604438867 6.01693325802866 76.0 
299.0 306.0 2.875340604438867 6.01693325802866 76.0 
299.0 307.0 2.875340604438867 6.01693325802866 76.0 
299.0 308.0 2.875340604438867 6.01693325802866 76.0 
299.0 309.0 2.875340604438867 6.01693325802866 76.0 
299.0 310.0 2.875340604438867 6.01693325802866 76.0 
299.0 311.0 2.875340604438867 6.01693325802866 76.0 
300.0 306.0 2.875340604438867 6.01693325802866 76.0 
300.0 307.0 2.875340604438867 6.01693325802866 76.0 
300.0 308.0 2.875340604438867 6.01693325802866 76.0 
300.0 309.0 2.875340604438867 6.01693325802866 76.0 
300.0 310.0 2.875340604438867 6.01693325802866 76.0 
300.0 311.0 2.875340604438867 6.01693325802866 76.0 
301.0 305.0 2.875340604438867 6.01693325802866 76.0 
301.0 306.0 2.875340604438867 6.01693325802866 76.0 
301.0 307.0 2.875340604438867 6.01693325802866 76.0 
301.0 308.0 2.875340604438867 6.01693325802866 76.0 
301.0 309.0 2.875340604438867 6.01693325802866 76.0 
301.0 310.0 2.875340604438867 6.01693325802866 76.0 
301.0 311.0 2.875340604438867 6.01693325802866 76.0 
302.0 305.0 2.875340604438867 6.01693325802866 76.0 
302.0 306.0 2.875340604438867 6.01693325802866 76.0 
302.0 307.0 2.875340604438867 6.01693325802866 76.0 
302.0 308.0 2.875340604438867 6.01693325802866 76.0 
302.0 309.0 2.875340604438867 6.01693325802866 76.0 
302.0 310.0 2.875340604438867 6.01693325802866 76.0 
303.0 305.0 2.875340604438867 6.01693325802866 76.0 
303.0 306.0 2.875340604438867 6.01693325802866 76.0 
303.0 307.0 2.875340604438867 6.01693325802866 76.0 
303.0 308.0 2.875340604438867 6.01693325802866 76.0 
303.0 309.0 2.875340604438867 6.01693325802866 76.0 
303.0 310.0 2.875340604438867 6.01693325802866 76.0 
304.0 305.0 2.875340604438867 6.01693325802866 76.0 
304.0 306.0 2.875340604438867 6.01693325802866 76.0 
304.0 307.0 2.875340604438867 6.01693325802866 76.0 
304.0 308.0 2.875340604438867 6.01693325802866 76.0 
304.0 309.0 2.875340604438867 6.01693325802866 76.0 
304.0 310.0 2.875340604438867 6.01693325802866 76.0 
305.0 304.0 2.875340604438867 6.01693325802866 76.0 
305.0 305.0 2.875340604438867 6.01693325802866 76.0 
305.0 306.0 2.875340604438867 6.01693325802866 76.0 
305.0 307.0 2.875340604438867 6.01693325802866 76.0 
305.0 308.0 2.875340604438867 6.01693325802866 76.0 
305.0 309.0 2.875340604438867 6.01693325802866 76.0 
305.0 310.0 2.875340604438867 6.01693325802866 76.0 
306.0 304.0 2.875340604438867 6.01693325802866 76.0 
306.0 305.0 2.875340604438867 6.01693325802866 76.0 
306.0 306.0 2.875340604438867 6.01693325802866 76.0 
306.0 307.0 2.875340604438867 6.01693325802866 76.0 
306.0 308.0 2.875340604438867 6.01693325802866 76.0 
306.0 309.0 2.875340604438867 6.01693325802866 76.0 
307.0 304.0 2.875340604438867 6.01693325802866 76.0 
307.0 305.0 2.875340604438867 6.01693325802866 76.0 
307.0 306.0 2.875340604438867 6.01693325802866 76.0 
307.0 307.0 2.875340604438867 6.01693325802866 76.0 
307.0 308.0 2.875340604438867 6.01693325802866 76.0 
307.0 309.0 2.875340604438867 6.01693325802866 76.0 
308.0 304.0 2.875340604438867 6.01693325802866 76.0 
308.0 305.0 2.875340604438867 6.01693325802866 76.0 
308.0 306.0 2.875340604438867 6.01693325802866 76.0 
308.0 307.0 2.875340604438867 6.01693325802866 76.0 
308.0 308.0 2.875340604438867 6.01693325802866 76.0 
308.0 309.0 2.875340604438867 6.01693325802866 76.0 
309.0 303.0 2.875340604438867 6.01693325802866 76.0 
309.0 304.0 2.875340604438867 6.01693325802866 76.0 
309.0 305.0 2.875340604438867 6.01693325802866 76.0 
309.0 306.0 2.875340604438867 6.01693325802866 76.0 
309.0 307.0 2.875340604438867 6.01693325802866 76.0 
309.0 308.0 2.875340604438867 6.01693325802866 76.0 
309.0 309.0 2.875340604438867 6.01693325802866 76.0 
310.0 303.0 2.875340604438867 6.01693325802866 76.0 
310.0 304.0 2.875340604438867 6.01693325802866 76.0 
310.0 305.0 2.875340604438867 6.01693325802866 76.0 
310.0 306.0 2.875340604438867 6.01693325802866 76.0 
310.0 307.0 2.875340604438867 6.01693325802866 76.0 
310.0 308.0 2.875340604438867 6.01693325802866 76.0 
311.0 303.0 2.875340604438867 6.01693325802866 76.0 
311.0 304.0 2.875340604438867 6.01693325802866 76.0 
311.0 305.0 2.875340604438867 6.01693325802866 76.0 
311.0 306.0 2.875340604438867 6.01693325802866 76.0 
311.0 307.0 2.875340604438867 6.01693325802866 76.0 
311.0 308.0 2.875340604438867 6.01693325802866 76.0 
312.0 302.0 2.875340604438867 6.01693325802866 76.0 
312.0 303.0 2.875340604438867 6.01693325802866 76.0 
312.0 304.0 2.875340604438867 6.01693325802866 76.0 
312.0 305.0 2.875340604438867 6.01693325802866 76.0 
312.0 306.0 2.875340604438867 6.01693325802866 76.0 
312.0 307.0 2.875340604438867 6.01693325802866 76.0 
312.0 308.0 2.875340604438867 6.01693325802866 76.0 
313.0 302.0 2.875340604438867 6.01693325802866 76.0 
313.0 303.0 2.875340604438867 6.01693325802866 76.0 
313.0 304.0 2.875340604438867 6.01693325802866 76.0 
313.0 305.0 2.875340604438867 6.01693325802866 76.0 
313.0 306.0 2.875340604438867 6.01693325802866 76.0 
313.0 307.0 2.875340604438867 6.01693325802866 76.0 
314.0 302.0 2.875340604438867 6.01693325802866 76.0 
314.0 303.0 2.875340604438867 6.01693325802866 76.0 
314.0 304.0 2.875340604438867 6.01693325802866 76.0 
314.0 305.0 2.875340604438867 6.01693325802866 76.0 
314.0 306.0 2.875340604438867 6.01693325802866 76.0 
314.0 307.0 2.875340604438867 6.01693325802866 76.0 
315.0 302.0 2.875340604438867 6.01693325802866 76.0 
315.0 303.0 2.875340604438867 6.01693325802866 76.0 
315.0 304.0 2.875340604438867 6.01693325802866 76.0 
315.0 305.0 2.875340604438867 6.01693325802866 76.0 
315.0 306.0 2.875340604438867 6.01693325802866 76.0 
315.0 307.0 2.875340604438867 6.01693325802866 76.0 
316.0 301.0 2.875340604438867 6.01693325802866 76.0 
316.0 302.0 2.875340604438867 6.01693325802866 76.0 
316.0 303.0 2.875340604438867 6.01693325802866 76.0 
316.0 304.0 2.875340604438867 6.01693325802866 76.0 
316.0 305.0 2.875340604438867 6.01693325802866 76.0 
316.0 306.0 2.875340604438867 6.01693325802866 76.0 
316.0 307.0 2.875340604438867 6.01693325802866 76.0 
317.0 301.0 2.875340604438867 6.01693325802866 76.0 
317.0 302.0 2.875340604438867 6.01693325802866 76.0 
317.0 303.0 2.875340604438867 6.01693325802866 76.0 
317.0 304.0 2.875340604438867 6.01693325802866 76.0 
317.0 305.0 2.875340604438867 6.01693325802866 76.0 
317.0 306.0 2.875340604438867 6.01693325802866 76.0 
318.0 301.0 2.875340604438867 6.01693325802866 76.0 
318.0 302.0 2.875340604438867 6.01693325802866 76.0 
318.0 303.0 2.875340604438867 6.01693325802866 76.0 
318.0 304.0 2.875340604438867 6.01693325802866 76.0 
318.0 305.0 2.875340604438867 6.01693325802866 76.0 
318.0 306.0 2.875340604438867 6.01693325802866 76.0 
319.0 301.0 2.875340604438867 6.01693325802866 76.0 
319.0 302.0 2.875340604438867 6.01693325802866 76.0 
319.0 303.0 2.875340604438867 6.01693325802866 76.0 
319.0 304.0 2.875340604438867 6.01693325802866 76.0 
319.0 305.0 2.875340604438867 6.01693325802866 76.0 
319.0 306.0 2.875340604438867 6.01693325802866 76.0 
320.0 300.0 2.875340604438867 6.01693325802866 76.0 
320.0 301.0 2.875340604438867 6.01693325802866 76.0 
320.0 302.0 2.875340604438867 6.01693325802866 76.0 
320.0 303.0 2.875340604438867 6.01693325802866 76.0 
320.0 304.0 2.875340604438867 6.01693325802866 76.0 
320.0 305.0 2.875340604438867 6.01693325802866 76.0 
320.0 306.0 2.875340604438867 6.01693325802866 76.0 
321.0 300.0 2.875340604438867 6.01693325802866 76.0 
321.0 301.0 2.875340604438867 6.01693325802866 76.0 
321.0 302.0 2.875340604438867 6.01693325802866 76.0 
321.0 303.0 2.875340604438867 6.01693325802866 76.0 
321.0 304.0 2.875340604438867 6.01693325802866 76.0 
321.0 305.0 2.875340604438867 6.01693325802866 76.0 
322.0 300.0 2.875340604438867 6.01693325802866 76.0 
322.0 301.0 2.875340604438867 6.01693325802866 76.0 
322.0 302.0 2.875340604438867 6.01693325802866 76.0 
322.0 303.0 2.875340604438867 6.01693325802866 76.0 
322.0 304.0 2.875340604438867 6.01693325802866 76.0 
322.0 305.0 2.875340604438867 6.01693325802866 76.0 
323.0 299.0 2.875340604438867 6.01693325802866 76.0 
323.0 300.0 2.875340604438867 6.01693325802866 76.0 
323.0 301.0 2.875340604438867 6.01693325802866 76.0 
323.0 302.0 2.875340604438867 6.01693325802866 76.0 
323.0 303.0 2.875340604438867 6.01693325802866 76.0 
323.0 304.0 2.875340604438867 6.01693325802866 76.0 
323.0 305.0 2.875340604438867 6.01693325802866 76.0 
324.0 299.0 2.875340604438867 6.01693325802866 76.0 
324.0 300.0 2.875340604438867 6.01693325802866 76.0 
324.0 301.0 2.875340604438867 6.01693325802866 76.0 
324.0 302.0 2.875340604438867 6.01693325802866 76.0 
324.0 303.0 2.875340604438867 6.01693325802866 76.0 
324.0 304.0 2.875340604438867 6.01693325802866 76.0 
325.0 299.0 2.875340604438867 6.01693325802866 76.0 
325.0 300.0 2.875340604438867 6.01693325802866 76.0 
325.0 301.0 2.875340604438867 6.01693325802866 76.0 
325.0 302.0 2.875340604438867 6.01693325802866 76.0 
325.0 303.0 2.875340604438867 6.01693325802866 76.0 
325.0 304.0 2.875340604438867 6.01693325802866 76.0 
326.0 299.0 2.875340604438867 6.01693325802866 76.0 
326.0 300.0 2.875340604438867 6.01693325802866 76.0 
326.0 301.0 2.875340604438867 6.01693325802866 76.0 
326.0 302.0 2.875340604438867 6.01693325802866 76.0 
326.0 303.0 2.875340604438867 6.01693325802866 76.0 
326.0 304.0 2.875340604438867 6.01693325802866 76.0 
327.0 301.0 2.875340604438867 6.01693325802866 76.0 
327.0 302.0 2.875340604438867 6.01693325802866 76.0 
327.0 303.0 2.875340604438867 6.01693325802866 76.0 
327.0 304.0 2.875340604438867 6.01693325802866 76.0 
