241.0 300.0 3.055269252649331 6.196861906239124 40.0 
241.0 301.0 3.055269252649331 6.196861906239124 40.0 
241.0 302.0 3.055269252649331 6.196861906239124 40.0 
242.0 300.0 3.055269252649331 6.196861906239124 40.0 
242.0 301.0 3.055269252649331 6.196861906239124 40.0 
242.0 302.0 3.055269252649331 6.196861906239124 40.0 
242.0 303.0 3.055269252649331 6.196861906239124 40.0 
242.0 304.0 3.055269252649331 6.196861906239124 40.0 
242.0 305.0 3.055269252649331 6.196861906239124 40.0 
243.0 300.0 3.055269252649331 6.196861906239124 40.0 
243.0 301.0 3.055269252649331 6.196861906239124 40.0 
243.0 302.0 3.055269252649331 6.196861906239124 40.0 
243.0 303.0 3.055269252649331 6.196861906239124 40.0 
243.0 304.0 3.055269252649331 6.196861906239124 40.0 
243.0 305.0 3.055269252649331 6.196861906239124 40.0 
244.0 300.0 3.055269252649331 6.196861906239124 40.0 
244.0 301.0 3.055269252649331 6.196861906239124 40.0 
244.0 302.0 3.055269252649331 6.196861906239124 40.0 
244.0 303.0 3.055269252649331 6.196861906239124 40.0 
244.0 304.0 3.055269252649331 6.196861906239124 40.0 
244.0 305.0 3.055269252649331 6.196861906239124 40.0 
245.0 300.0 3.055269252649331 6.196861906239124 40.0 
245.0 301.0 3.055269252649331 6.196861906239124 40.0 
245.0 302.0 3.055269252649331 6.196861906239124 40.0 
245.0 303.0 3.055269252649331 6.196861906239124 40.0 
245.0 304.0 3.055269252649331 6.196861906239124 40.0 
245.0 305.0 3.055269252649331 6.196861906239124 40.0 
246.0 300.0 3.055269252649331 6.196861906239124 40.0 
246.0 301.0 3.055269252649331 6.196861906239124 40.0 
246.0 302.0 3.055269252649331 6.196861906239124 40.0 
246.0 303.0 3.055269252649331 6.196861906239124 40.0 
246.0 304.0 3.055269252649331 6.196861906239124 40.0 
246.0 305.0 3.055269252649331 6.196861906239124 40.0 
247.0 300.0 3.055269252649331 6.196861906239124 40.0 
247.0 301.0 3.055269252649331 6.196861906239124 40.0 
247.0 302.0 3.055269252649331 6.196861906239124 40.0 
247.0 303.0 3.055269252649331 6.196861906239124 40.0 
247.0 304.0 3.055269252649331 6.196861906239124 40.0 
247.0 305.0 3.055269252649331 6.196861906239124 40.0 
248.0 300.0 3.055269252649331 6.196861906239124 40.0 
248.0 301.0 3.055269252649331 6.196861906239124 40.0 
248.0 302.0 3.055269252649331 6.196861906239124 40.0 
248.0 303.0 3.055269252649331 6.196861906239124 40.0 
248.0 304.0 3.055269252649331 6.196861906239124 40.0 
248.0 305.0 3.055269252649331 6.196861906239124 40.0 
249.0 300.0 3.055269252649331 6.196861906239124 40.0 
249.0 301.0 3.055269252649331 6.196861906239124 40.0 
249.0 302.0 3.055269252649331 6.196861906239124 40.0 
249.0 303.0 3.055269252649331 6.196861906239124 40.0 
249.0 304.0 3.055269252649331 6.196861906239124 40.0 
249.0 305.0 3.055269252649331 6.196861906239124 40.0 
250.0 300.0 3.055269252649331 6.196861906239124 40.0 
250.0 301.0 3.055269252649331 6.196861906239124 40.0 
250.0 302.0 3.055269252649331 6.196861906239124 40.0 
250.0 303.0 3.055269252649331 6.196861906239124 40.0 
250.0 304.0 3.055269252649331 6.196861906239124 40.0 
250.0 305.0 3.055269252649331 6.196861906239124 40.0 
251.0 300.0 3.055269252649331 6.196861906239124 40.0 
251.0 301.0 3.055269252649331 6.196861906239124 40.0 
251.0 302.0 3.055269252649331 6.196861906239124 40.0 
251.0 303.0 3.055269252649331 6.196861906239124 40.0 
251.0 304.0 3.055269252649331 6.196861906239124 40.0 
251.0 305.0 3.055269252649331 6.196861906239124 40.0 
252.0 300.0 3.055269252649331 6.196861906239124 40.0 
252.0 301.0 3.055269252649331 6.196861906239124 40.0 
252.0 302.0 3.055269252649331 6.196861906239124 40.0 
252.0 303.0 3.055269252649331 6.196861906239124 40.0 
252.0 304.0 3.055269252649331 6.196861906239124 40.0 
252.0 305.0 3.055269252649331 6.196861906239124 40.0 
253.0 299.0 3.055269252649331 6.196861906239124 40.0 
253.0 300.0 3.055269252649331 6.196861906239124 40.0 
253.0 301.0 3.055269252649331 6.196861906239124 40.0 
253.0 302.0 3.055269252649331 6.196861906239124 40.0 
253.0 303.0 3.055269252649331 6.196861906239124 40.0 
253.0 304.0 3.055269252649331 6.196861906239124 40.0 
254.0 299.0 3.055269252649331 6.196861906239124 40.0 
254.0 300.0 3.055269252649331 6.196861906239124 40.0 
254.0 301.0 3.055269252649331 6.196861906239124 40.0 
254.0 302.0 3.055269252649331 6.196861906239124 40.0 
254.0 303.0 3.055269252649331 6.196861906239124 40.0 
254.0 304.0 3.055269252649331 6.196861906239124 40.0 
255.0 299.0 3.055269252649331 6.196861906239124 40.0 
255.0 300.0 3.055269252649331 6.196861906239124 40.0 
255.0 301.0 3.055269252649331 6.196861906239124 40.0 
255.0 302.0 3.055269252649331 6.196861906239124 40.0 
255.0 303.0 3.055269252649331 6.196861906239124 40.0 
255.0 304.0 3.055269252649331 6.196861906239124 40.0 
256.0 299.0 3.055269252649331 6.196861906239124 40.0 
256.0 300.0 3.055269252649331 6.196861906239124 40.0 
256.0 301.0 3.055269252649331 6.196861906239124 40.0 
256.0 302.0 3.055269252649331 6.196861906239124 40.0 
256.0 303.0 3.055269252649331 6.196861906239124 40.0 
256.0 304.0 3.055269252649331 6.196861906239124 40.0 
257.0 299.0 3.055269252649331 6.196861906239124 40.0 
257.0 300.0 3.055269252649331 6.196861906239124 40.0 
257.0 301.0 3.055269252649331 6.196861906239124 40.0 
257.0 302.0 3.055269252649331 6.196861906239124 40.0 
257.0 303.0 3.055269252649331 6.196861906239124 40.0 
257.0 304.0 3.055269252649331 6.196861906239124 40.0 
258.0 299.0 3.055269252649331 6.196861906239124 40.0 
258.0 300.0 3.055269252649331 6.196861906239124 40.0 
258.0 301.0 3.055269252649331 6.196861906239124 40.0 
258.0 302.0 3.055269252649331 6.196861906239124 40.0 
258.0 303.0 3.055269252649331 6.196861906239124 40.0 
258.0 304.0 3.055269252649331 6.196861906239124 40.0 
259.0 299.0 3.055269252649331 6.196861906239124 40.0 
259.0 300.0 3.055269252649331 6.196861906239124 40.0 
259.0 301.0 3.055269252649331 6.196861906239124 40.0 
259.0 302.0 3.055269252649331 6.196861906239124 40.0 
259.0 303.0 3.055269252649331 6.196861906239124 40.0 
259.0 304.0 3.055269252649331 6.196861906239124 40.0 
260.0 299.0 3.055269252649331 6.196861906239124 40.0 
260.0 300.0 3.055269252649331 6.196861906239124 40.0 
260.0 301.0 3.055269252649331 6.196861906239124 40.0 
260.0 302.0 3.055269252649331 6.196861906239124 40.0 
260.0 303.0 3.055269252649331 6.196861906239124 40.0 
260.0 304.0 3.055269252649331 6.196861906239124 40.0 
261.0 299.0 3.055269252649331 6.196861906239124 40.0 
261.0 300.0 3.055269252649331 6.196861906239124 40.0 
261.0 301.0 3.055269252649331 6.196861906239124 40.0 
261.0 302.0 3.055269252649331 6.196861906239124 40.0 
261.0 303.0 3.055269252649331 6.196861906239124 40.0 
261.0 304.0 3.055269252649331 6.196861906239124 40.0 
262.0 299.0 3.055269252649331 6.196861906239124 40.0 
262.0 300.0 3.055269252649331 6.196861906239124 40.0 
262.0 301.0 3.055269252649331 6.196861906239124 40.0 
262.0 302.0 3.055269252649331 6.196861906239124 40.0 
262.0 303.0 3.055269252649331 6.196861906239124 40.0 
262.0 304.0 3.055269252649331 6.196861906239124 40.0 
263.0 299.0 3.055269252649331 6.196861906239124 40.0 
263.0 300.0 3.055269252649331 6.196861906239124 40.0 
263.0 301.0 3.055269252649331 6.196861906239124 40.0 
263.0 302.0 3.055269252649331 6.196861906239124 40.0 
263.0 303.0 3.055269252649331 6.196861906239124 40.0 
263.0 304.0 3.055269252649331 6.196861906239124 40.0 
264.0 298.0 3.055269252649331 6.196861906239124 40.0 
264.0 299.0 3.055269252649331 6.196861906239124 40.0 
264.0 300.0 3.055269252649331 6.196861906239124 40.0 
264.0 301.0 3.055269252649331 6.196861906239124 40.0 
264.0 302.0 3.055269252649331 6.196861906239124 40.0 
264.0 303.0 3.055269252649331 6.196861906239124 40.0 
264.0 304.0 3.055269252649331 6.196861906239124 40.0 
265.0 298.0 3.055269252649331 6.196861906239124 40.0 
265.0 299.0 3.055269252649331 6.196861906239124 40.0 
265.0 300.0 3.055269252649331 6.196861906239124 40.0 
265.0 301.0 3.055269252649331 6.196861906239124 40.0 
265.0 302.0 3.055269252649331 6.196861906239124 40.0 
265.0 303.0 3.055269252649331 6.196861906239124 40.0 
266.0 298.0 3.055269252649331 6.196861906239124 40.0 
266.0 299.0 3.055269252649331 6.196861906239124 40.0 
266.0 300.0 3.055269252649331 6.196861906239124 40.0 
266.0 301.0 3.055269252649331 6.196861906239124 40.0 
266.0 302.0 3.055269252649331 6.196861906239124 40.0 
266.0 303.0 3.055269252649331 6.196861906239124 40.0 
267.0 298.0 3.055269252649331 6.196861906239124 40.0 
267.0 299.0 3.055269252649331 6.196861906239124 40.0 
267.0 300.0 3.055269252649331 6.196861906239124 40.0 
267.0 301.0 3.055269252649331 6.196861906239124 40.0 
267.0 302.0 3.055269252649331 6.196861906239124 40.0 
267.0 303.0 3.055269252649331 6.196861906239124 40.0 
268.0 298.0 3.055269252649331 6.196861906239124 40.0 
268.0 299.0 3.055269252649331 6.196861906239124 40.0 
268.0 300.0 3.055269252649331 6.196861906239124 40.0 
268.0 301.0 3.055269252649331 6.196861906239124 40.0 
268.0 302.0 3.055269252649331 6.196861906239124 40.0 
268.0 303.0 3.055269252649331 6.196861906239124 40.0 
269.0 298.0 3.055269252649331 6.196861906239124 40.0 
269.0 299.0 3.055269252649331 6.196861906239124 40.0 
269.0 300.0 3.055269252649331 6.196861906239124 40.0 
269.0 301.0 3.055269252649331 6.196861906239124 40.0 
269.0 302.0 3.055269252649331 6.196861906239124 40.0 
269.0 303.0 3.055269252649331 6.196861906239124 40.0 
270.0 298.0 3.055269252649331 6.196861906239124 40.0 
270.0 299.0 3.055269252649331 6.196861906239124 40.0 
270.0 300.0 3.055269252649331 6.196861906239124 40.0 
270.0 301.0 3.055269252649331 6.196861906239124 40.0 
270.0 302.0 3.055269252649331 6.196861906239124 40.0 
270.0 303.0 3.055269252649331 6.196861906239124 40.0 
271.0 298.0 3.055269252649331 6.196861906239124 40.0 
271.0 299.0 3.055269252649331 6.196861906239124 40.0 
271.0 300.0 3.055269252649331 6.196861906239124 40.0 
271.0 301.0 3.055269252649331 6.196861906239124 40.0 
271.0 302.0 3.055269252649331 6.196861906239124 40.0 
271.0 303.0 3.055269252649331 6.196861906239124 40.0 
272.0 298.0 3.055269252649331 6.196861906239124 40.0 
272.0 299.0 3.055269252649331 6.196861906239124 40.0 
272.0 300.0 3.055269252649331 6.196861906239124 40.0 
272.0 301.0 3.055269252649331 6.196861906239124 40.0 
272.0 302.0 3.055269252649331 6.196861906239124 40.0 
272.0 303.0 3.055269252649331 6.196861906239124 40.0 
273.0 298.0 3.055269252649331 6.196861906239124 40.0 
273.0 299.0 3.055269252649331 6.196861906239124 40.0 
273.0 300.0 3.055269252649331 6.196861906239124 40.0 
273.0 301.0 3.055269252649331 6.196861906239124 40.0 
273.0 302.0 3.055269252649331 6.196861906239124 40.0 
273.0 303.0 3.055269252649331 6.196861906239124 40.0 
274.0 298.0 3.055269252649331 6.196861906239124 40.0 
274.0 299.0 3.055269252649331 6.196861906239124 40.0 
274.0 300.0 3.055269252649331 6.196861906239124 40.0 
274.0 301.0 3.055269252649331 6.196861906239124 40.0 
274.0 302.0 3.055269252649331 6.196861906239124 40.0 
274.0 303.0 3.055269252649331 6.196861906239124 40.0 
275.0 298.0 3.055269252649331 6.196861906239124 40.0 
275.0 299.0 3.055269252649331 6.196861906239124 40.0 
275.0 300.0 3.055269252649331 6.196861906239124 40.0 
275.0 301.0 3.055269252649331 6.196861906239124 40.0 
275.0 302.0 3.055269252649331 6.196861906239124 40.0 
275.0 303.0 3.055269252649331 6.196861906239124 40.0 
276.0 297.0 3.055269252649331 6.196861906239124 40.0 
276.0 298.0 3.055269252649331 6.196861906239124 40.0 
276.0 299.0 3.055269252649331 6.196861906239124 40.0 
276.0 300.0 3.055269252649331 6.196861906239124 40.0 
276.0 301.0 3.055269252649331 6.196861906239124 40.0 
276.0 302.0 3.055269252649331 6.196861906239124 40.0 
277.0 297.0 3.055269252649331 6.196861906239124 40.0 
277.0 298.0 3.055269252649331 6.196861906239124 40.0 
277.0 299.0 3.055269252649331 6.196861906239124 40.0 
277.0 300.0 3.055269252649331 6.196861906239124 40.0 
277.0 301.0 3.055269252649331 6.196861906239124 40.0 
277.0 302.0 3.055269252649331 6.196861906239124 40.0 
278.0 297.0 3.055269252649331 6.196861906239124 40.0 
278.0 298.0 3.055269252649331 6.196861906239124 40.0 
278.0 299.0 3.055269252649331 6.196861906239124 40.0 
278.0 300.0 3.055269252649331 6.196861906239124 40.0 
278.0 301.0 3.055269252649331 6.196861906239124 40.0 
278.0 302.0 3.055269252649331 6.196861906239124 40.0 
279.0 297.0 3.055269252649331 6.196861906239124 40.0 
279.0 298.0 3.055269252649331 6.196861906239124 40.0 
279.0 299.0 3.055269252649331 6.196861906239124 40.0 
279.0 300.0 3.055269252649331 6.196861906239124 40.0 
279.0 301.0 3.055269252649331 6.196861906239124 40.0 
279.0 302.0 3.055269252649331 6.196861906239124 40.0 
280.0 297.0 3.055269252649331 6.196861906239124 40.0 
280.0 298.0 3.055269252649331 6.196861906239124 40.0 
280.0 299.0 3.055269252649331 6.196861906239124 40.0 
280.0 300.0 3.055269252649331 6.196861906239124 40.0 
280.0 301.0 3.055269252649331 6.196861906239124 40.0 
280.0 302.0 3.055269252649331 6.196861906239124 40.0 
281.0 297.0 3.055269252649331 6.196861906239124 40.0 
281.0 298.0 3.055269252649331 6.196861906239124 40.0 
281.0 299.0 3.055269252649331 6.196861906239124 40.0 
281.0 300.0 3.055269252649331 6.196861906239124 40.0 
281.0 301.0 3.055269252649331 6.196861906239124 40.0 
281.0 302.0 3.055269252649331 6.196861906239124 40.0 
282.0 297.0 3.055269252649331 6.196861906239124 40.0 
282.0 298.0 3.055269252649331 6.196861906239124 40.0 
282.0 299.0 3.055269252649331 6.196861906239124 40.0 
282.0 300.0 3.055269252649331 6.196861906239124 40.0 
282.0 301.0 3.055269252649331 6.196861906239124 40.0 
282.0 302.0 3.055269252649331 6.196861906239124 40.0 
283.0 297.0 3.055269252649331 6.196861906239124 40.0 
283.0 298.0 3.055269252649331 6.196861906239124 40.0 
283.0 299.0 3.055269252649331 6.196861906239124 40.0 
283.0 300.0 3.055269252649331 6.196861906239124 40.0 
283.0 301.0 3.055269252649331 6.196861906239124 40.0 
283.0 302.0 3.055269252649331 6.196861906239124 40.0 
284.0 297.0 3.055269252649331 6.196861906239124 40.0 
284.0 298.0 3.055269252649331 6.196861906239124 40.0 
284.0 299.0 3.055269252649331 6.196861906239124 40.0 
284.0 300.0 3.055269252649331 6.196861906239124 40.0 
284.0 301.0 3.055269252649331 6.196861906239124 40.0 
284.0 302.0 3.055269252649331 6.196861906239124 40.0 
285.0 297.0 3.055269252649331 6.196861906239124 40.0 
285.0 298.0 3.055269252649331 6.196861906239124 40.0 
285.0 299.0 3.055269252649331 6.196861906239124 40.0 
285.0 300.0 3.055269252649331 6.196861906239124 40.0 
285.0 301.0 3.055269252649331 6.196861906239124 40.0 
285.0 302.0 3.055269252649331 6.196861906239124 40.0 
286.0 297.0 3.055269252649331 6.196861906239124 40.0 
286.0 298.0 3.055269252649331 6.196861906239124 40.0 
286.0 299.0 3.055269252649331 6.196861906239124 40.0 
286.0 300.0 3.055269252649331 6.196861906239124 40.0 
286.0 301.0 3.055269252649331 6.196861906239124 40.0 
286.0 302.0 3.055269252649331 6.196861906239124 40.0 
287.0 297.0 3.055269252649331 6.196861906239124 40.0 
287.0 298.0 3.055269252649331 6.196861906239124 40.0 
287.0 299.0 3.055269252649331 6.196861906239124 40.0 
287.0 300.0 3.055269252649331 6.196861906239124 40.0 
287.0 301.0 3.055269252649331 6.196861906239124 40.0 
287.0 302.0 3.055269252649331 6.196861906239124 40.0 
288.0 296.0 3.055269252649331 6.196861906239124 40.0 
288.0 297.0 3.055269252649331 6.196861906239124 40.0 
288.0 298.0 3.055269252649331 6.196861906239124 40.0 
288.0 299.0 3.055269252649331 6.196861906239124 40.0 
288.0 300.0 3.055269252649331 6.196861906239124 40.0 
288.0 301.0 3.055269252649331 6.196861906239124 40.0 
289.0 296.0 3.055269252649331 6.196861906239124 40.0 
289.0 297.0 3.055269252649331 6.196861906239124 40.0 
289.0 298.0 3.055269252649331 6.196861906239124 40.0 
289.0 299.0 3.055269252649331 6.196861906239124 40.0 
289.0 300.0 3.055269252649331 6.196861906239124 40.0 
289.0 301.0 3.055269252649331 6.196861906239124 40.0 
290.0 296.0 3.055269252649331 6.196861906239124 40.0 
290.0 297.0 3.055269252649331 6.196861906239124 40.0 
290.0 298.0 3.055269252649331 6.196861906239124 40.0 
290.0 299.0 3.055269252649331 6.196861906239124 40.0 
290.0 300.0 3.055269252649331 6.196861906239124 40.0 
290.0 301.0 3.055269252649331 6.196861906239124 40.0 
291.0 296.0 3.055269252649331 6.196861906239124 40.0 
291.0 297.0 3.055269252649331 6.196861906239124 40.0 
291.0 298.0 3.055269252649331 6.196861906239124 40.0 
291.0 299.0 3.055269252649331 6.196861906239124 40.0 
291.0 300.0 3.055269252649331 6.196861906239124 40.0 
291.0 301.0 3.055269252649331 6.196861906239124 40.0 
292.0 296.0 3.055269252649331 6.196861906239124 40.0 
292.0 297.0 3.055269252649331 6.196861906239124 40.0 
292.0 298.0 3.055269252649331 6.196861906239124 40.0 
292.0 299.0 3.055269252649331 6.196861906239124 40.0 
292.0 300.0 3.055269252649331 6.196861906239124 40.0 
292.0 301.0 3.055269252649331 6.196861906239124 40.0 
293.0 296.0 3.055269252649331 6.196861906239124 40.0 
293.0 297.0 3.055269252649331 6.196861906239124 40.0 
293.0 298.0 3.055269252649331 6.196861906239124 40.0 
293.0 299.0 3.055269252649331 6.196861906239124 40.0 
293.0 300.0 3.055269252649331 6.196861906239124 40.0 
293.0 301.0 3.055269252649331 6.196861906239124 40.0 
294.0 296.0 3.055269252649331 6.196861906239124 40.0 
294.0 297.0 3.055269252649331 6.196861906239124 40.0 
294.0 298.0 3.055269252649331 6.196861906239124 40.0 
294.0 299.0 3.055269252649331 6.196861906239124 40.0 
294.0 300.0 3.055269252649331 6.196861906239124 40.0 
294.0 301.0 3.055269252649331 6.196861906239124 40.0 
295.0 296.0 3.055269252649331 6.196861906239124 40.0 
295.0 297.0 3.055269252649331 6.196861906239124 40.0 
295.0 298.0 3.055269252649331 6.196861906239124 40.0 
295.0 299.0 3.055269252649331 6.196861906239124 40.0 
295.0 300.0 3.055269252649331 6.196861906239124 40.0 
295.0 301.0 3.055269252649331 6.196861906239124 40.0 
296.0 296.0 3.055269252649331 6.196861906239124 40.0 
296.0 297.0 3.055269252649331 6.196861906239124 40.0 
296.0 298.0 3.055269252649331 6.196861906239124 40.0 
296.0 299.0 3.055269252649331 6.196861906239124 40.0 
296.0 300.0 3.055269252649331 6.196861906239124 40.0 
296.0 301.0 3.055269252649331 6.196861906239124 40.0 
297.0 296.0 3.055269252649331 6.196861906239124 40.0 
297.0 297.0 3.055269252649331 6.196861906239124 40.0 
297.0 298.0 3.055269252649331 6.196861906239124 40.0 
297.0 299.0 3.055269252649331 6.196861906239124 40.0 
297.0 300.0 3.055269252649331 6.196861906239124 40.0 
297.0 301.0 3.055269252649331 6.196861906239124 40.0 
298.0 296.0 3.055269252649331 6.196861906239124 40.0 
298.0 297.0 3.055269252649331 6.196861906239124 40.0 
298.0 298.0 3.055269252649331 6.196861906239124 40.0 
298.0 299.0 3.055269252649331 6.196861906239124 40.0 
298.0 300.0 3.055269252649331 6.196861906239124 40.0 
298.0 301.0 3.055269252649331 6.196861906239124 40.0 
299.0 295.0 3.055269252649331 6.196861906239124 40.0 
299.0 296.0 3.055269252649331 6.196861906239124 40.0 
299.0 297.0 3.055269252649331 6.196861906239124 40.0 
299.0 298.0 3.055269252649331 6.196861906239124 40.0 
299.0 299.0 3.055269252649331 6.196861906239124 40.0 
299.0 300.0 3.055269252649331 6.196861906239124 40.0 
300.0 295.0 3.055269252649331 6.196861906239124 40.0 
300.0 296.0 3.055269252649331 6.196861906239124 40.0 
300.0 297.0 3.055269252649331 6.196861906239124 40.0 
300.0 298.0 3.055269252649331 6.196861906239124 40.0 
300.0 299.0 3.055269252649331 6.196861906239124 40.0 
300.0 300.0 3.055269252649331 6.196861906239124 40.0 
301.0 295.0 3.055269252649331 6.196861906239124 40.0 
301.0 296.0 3.055269252649331 6.196861906239124 40.0 
301.0 297.0 3.055269252649331 6.196861906239124 40.0 
301.0 298.0 3.055269252649331 6.196861906239124 40.0 
301.0 299.0 3.055269252649331 6.196861906239124 40.0 
301.0 300.0 3.055269252649331 6.196861906239124 40.0 
302.0 295.0 3.055269252649331 6.196861906239124 40.0 
302.0 296.0 3.055269252649331 6.196861906239124 40.0 
302.0 297.0 3.055269252649331 6.196861906239124 40.0 
302.0 298.0 3.055269252649331 6.196861906239124 40.0 
302.0 299.0 3.055269252649331 6.196861906239124 40.0 
302.0 300.0 3.055269252649331 6.196861906239124 40.0 
303.0 295.0 3.055269252649331 6.196861906239124 40.0 
303.0 296.0 3.055269252649331 6.196861906239124 40.0 
303.0 297.0 3.055269252649331 6.196861906239124 40.0 
303.0 298.0 3.055269252649331 6.196861906239124 40.0 
303.0 299.0 3.055269252649331 6.196861906239124 40.0 
303.0 300.0 3.055269252649331 6.196861906239124 40.0 
304.0 295.0 3.055269252649331 6.196861906239124 40.0 
304.0 296.0 3.055269252649331 6.196861906239124 40.0 
304.0 297.0 3.055269252649331 6.196861906239124 40.0 
304.0 298.0 3.055269252649331 6.196861906239124 40.0 
304.0 299.0 3.055269252649331 6.196861906239124 40.0 
304.0 300.0 3.055269252649331 6.196861906239124 40.0 
305.0 295.0 3.055269252649331 6.196861906239124 40.0 
305.0 296.0 3.055269252649331 6.196861906239124 40.0 
305.0 297.0 3.055269252649331 6.196861906239124 40.0 
305.0 298.0 3.055269252649331 6.196861906239124 40.0 
305.0 299.0 3.055269252649331 6.196861906239124 40.0 
305.0 300.0 3.055269252649331 6.196861906239124 40.0 
306.0 295.0 3.055269252649331 6.196861906239124 40.0 
306.0 296.0 3.055269252649331 6.196861906239124 40.0 
306.0 297.0 3.055269252649331 6.196861906239124 40.0 
306.0 298.0 3.055269252649331 6.196861906239124 40.0 
306.0 299.0 3.055269252649331 6.196861906239124 40.0 
306.0 300.0 3.055269252649331 6.196861906239124 40.0 
307.0 295.0 3.055269252649331 6.196861906239124 40.0 
307.0 296.0 3.055269252649331 6.196861906239124 40.0 
307.0 297.0 3.055269252649331 6.196861906239124 40.0 
307.0 298.0 3.055269252649331 6.196861906239124 40.0 
307.0 299.0 3.055269252649331 6.196861906239124 40.0 
307.0 300.0 3.055269252649331 6.196861906239124 40.0 
308.0 295.0 3.055269252649331 6.196861906239124 40.0 
308.0 296.0 3.055269252649331 6.196861906239124 40.0 
308.0 297.0 3.055269252649331 6.196861906239124 40.0 
308.0 298.0 3.055269252649331 6.196861906239124 40.0 
308.0 299.0 3.055269252649331 6.196861906239124 40.0 
308.0 300.0 3.055269252649331 6.196861906239124 40.0 
309.0 295.0 3.055269252649331 6.196861906239124 40.0 
309.0 296.0 3.055269252649331 6.196861906239124 40.0 
309.0 297.0 3.055269252649331 6.196861906239124 40.0 
309.0 298.0 3.055269252649331 6.196861906239124 40.0 
309.0 299.0 3.055269252649331 6.196861906239124 40.0 
309.0 300.0 3.055269252649331 6.196861906239124 40.0 
310.0 295.0 3.055269252649331 6.196861906239124 40.0 
310.0 296.0 3.055269252649331 6.196861906239124 40.0 
310.0 297.0 3.055269252649331 6.196861906239124 40.0 
310.0 298.0 3.055269252649331 6.196861906239124 40.0 
310.0 299.0 3.055269252649331 6.196861906239124 40.0 
310.0 300.0 3.055269252649331 6.196861906239124 40.0 
311.0 294.0 3.055269252649331 6.196861906239124 40.0 
311.0 295.0 3.055269252649331 6.196861906239124 40.0 
311.0 296.0 3.055269252649331 6.196861906239124 40.0 
311.0 297.0 3.055269252649331 6.196861906239124 40.0 
311.0 298.0 3.055269252649331 6.196861906239124 40.0 
311.0 299.0 3.055269252649331 6.196861906239124 40.0 
312.0 294.0 3.055269252649331 6.196861906239124 40.0 
312.0 295.0 3.055269252649331 6.196861906239124 40.0 
312.0 296.0 3.055269252649331 6.196861906239124 40.0 
312.0 297.0 3.055269252649331 6.196861906239124 40.0 
312.0 298.0 3.055269252649331 6.196861906239124 40.0 
312.0 299.0 3.055269252649331 6.196861906239124 40.0 
313.0 294.0 3.055269252649331 6.196861906239124 40.0 
313.0 295.0 3.055269252649331 6.196861906239124 40.0 
313.0 296.0 3.055269252649331 6.196861906239124 40.0 
313.0 297.0 3.055269252649331 6.196861906239124 40.0 
313.0 298.0 3.055269252649331 6.196861906239124 40.0 
313.0 299.0 3.055269252649331 6.196861906239124 40.0 
314.0 294.0 3.055269252649331 6.196861906239124 40.0 
314.0 295.0 3.055269252649331 6.196861906239124 40.0 
314.0 296.0 3.055269252649331 6.196861906239124 40.0 
314.0 297.0 3.055269252649331 6.196861906239124 40.0 
314.0 298.0 3.055269252649331 6.196861906239124 40.0 
314.0 299.0 3.055269252649331 6.196861906239124 40.0 
315.0 294.0 3.055269252649331 6.196861906239124 40.0 
315.0 295.0 3.055269252649331 6.196861906239124 40.0 
315.0 296.0 3.055269252649331 6.196861906239124 40.0 
315.0 297.0 3.055269252649331 6.196861906239124 40.0 
315.0 298.0 3.055269252649331 6.196861906239124 40.0 
315.0 299.0 3.055269252649331 6.196861906239124 40.0 
316.0 294.0 3.055269252649331 6.196861906239124 40.0 
316.0 295.0 3.055269252649331 6.196861906239124 40.0 
316.0 296.0 3.055269252649331 6.196861906239124 40.0 
316.0 297.0 3.055269252649331 6.196861906239124 40.0 
316.0 298.0 3.055269252649331 6.196861906239124 40.0 
316.0 299.0 3.055269252649331 6.196861906239124 40.0 
317.0 294.0 3.055269252649331 6.196861906239124 40.0 
317.0 295.0 3.055269252649331 6.196861906239124 40.0 
317.0 296.0 3.055269252649331 6.196861906239124 40.0 
317.0 297.0 3.055269252649331 6.196861906239124 40.0 
317.0 298.0 3.055269252649331 6.196861906239124 40.0 
317.0 299.0 3.055269252649331 6.196861906239124 40.0 
318.0 294.0 3.055269252649331 6.196861906239124 40.0 
318.0 295.0 3.055269252649331 6.196861906239124 40.0 
318.0 296.0 3.055269252649331 6.196861906239124 40.0 
318.0 297.0 3.055269252649331 6.196861906239124 40.0 
318.0 298.0 3.055269252649331 6.196861906239124 40.0 
318.0 299.0 3.055269252649331 6.196861906239124 40.0 
319.0 294.0 3.055269252649331 6.196861906239124 40.0 
319.0 295.0 3.055269252649331 6.196861906239124 40.0 
319.0 296.0 3.055269252649331 6.196861906239124 40.0 
319.0 297.0 3.055269252649331 6.196861906239124 40.0 
319.0 298.0 3.055269252649331 6.196861906239124 40.0 
319.0 299.0 3.055269252649331 6.196861906239124 40.0 
320.0 294.0 3.055269252649331 6.196861906239124 40.0 
320.0 295.0 3.055269252649331 6.196861906239124 40.0 
320.0 296.0 3.055269252649331 6.196861906239124 40.0 
320.0 297.0 3.055269252649331 6.196861906239124 40.0 
320.0 298.0 3.055269252649331 6.196861906239124 40.0 
320.0 299.0 3.055269252649331 6.196861906239124 40.0 
321.0 294.0 3.055269252649331 6.196861906239124 40.0 
321.0 295.0 3.055269252649331 6.196861906239124 40.0 
321.0 296.0 3.055269252649331 6.196861906239124 40.0 
321.0 297.0 3.055269252649331 6.196861906239124 40.0 
321.0 298.0 3.055269252649331 6.196861906239124 40.0 
321.0 299.0 3.055269252649331 6.196861906239124 40.0 
322.0 293.0 3.055269252649331 6.196861906239124 40.0 
322.0 294.0 3.055269252649331 6.196861906239124 40.0 
322.0 295.0 3.055269252649331 6.196861906239124 40.0 
322.0 296.0 3.055269252649331 6.196861906239124 40.0 
322.0 297.0 3.055269252649331 6.196861906239124 40.0 
322.0 298.0 3.055269252649331 6.196861906239124 40.0 
322.0 299.0 3.055269252649331 6.196861906239124 40.0 
323.0 293.0 3.055269252649331 6.196861906239124 40.0 
323.0 294.0 3.055269252649331 6.196861906239124 40.0 
323.0 295.0 3.055269252649331 6.196861906239124 40.0 
323.0 296.0 3.055269252649331 6.196861906239124 40.0 
323.0 297.0 3.055269252649331 6.196861906239124 40.0 
323.0 298.0 3.055269252649331 6.196861906239124 40.0 
324.0 293.0 3.055269252649331 6.196861906239124 40.0 
324.0 294.0 3.055269252649331 6.196861906239124 40.0 
324.0 295.0 3.055269252649331 6.196861906239124 40.0 
324.0 296.0 3.055269252649331 6.196861906239124 40.0 
324.0 297.0 3.055269252649331 6.196861906239124 40.0 
324.0 298.0 3.055269252649331 6.196861906239124 40.0 
325.0 293.0 3.055269252649331 6.196861906239124 40.0 
325.0 294.0 3.055269252649331 6.196861906239124 40.0 
325.0 295.0 3.055269252649331 6.196861906239124 40.0 
325.0 296.0 3.055269252649331 6.196861906239124 40.0 
325.0 297.0 3.055269252649331 6.196861906239124 40.0 
325.0 298.0 3.055269252649331 6.196861906239124 40.0 
326.0 293.0 3.055269252649331 6.196861906239124 40.0 
326.0 294.0 3.055269252649331 6.196861906239124 40.0 
326.0 295.0 3.055269252649331 6.196861906239124 40.0 
326.0 296.0 3.055269252649331 6.196861906239124 40.0 
326.0 297.0 3.055269252649331 6.196861906239124 40.0 
326.0 298.0 3.055269252649331 6.196861906239124 40.0 
327.0 293.0 3.055269252649331 6.196861906239124 40.0 
327.0 294.0 3.055269252649331 6.196861906239124 40.0 
327.0 295.0 3.055269252649331 6.196861906239124 40.0 
327.0 296.0 3.055269252649331 6.196861906239124 40.0 
327.0 297.0 3.055269252649331 6.196861906239124 40.0 
327.0 298.0 3.055269252649331 6.196861906239124 40.0 
328.0 293.0 3.055269252649331 6.196861906239124 40.0 
328.0 294.0 3.055269252649331 6.196861906239124 40.0 
328.0 295.0 3.055269252649331 6.196861906239124 40.0 
328.0 296.0 3.055269252649331 6.196861906239124 40.0 
328.0 297.0 3.055269252649331 6.196861906239124 40.0 
328.0 298.0 3.055269252649331 6.196861906239124 40.0 
329.0 293.0 3.055269252649331 6.196861906239124 40.0 
329.0 294.0 3.055269252649331 6.196861906239124 40.0 
329.0 295.0 3.055269252649331 6.196861906239124 40.0 
329.0 296.0 3.055269252649331 6.196861906239124 40.0 
329.0 297.0 3.055269252649331 6.196861906239124 40.0 
329.0 298.0 3.055269252649331 6.196861906239124 40.0 
330.0 293.0 3.055269252649331 6.196861906239124 40.0 
330.0 294.0 3.055269252649331 6.196861906239124 40.0 
330.0 295.0 3.055269252649331 6.196861906239124 40.0 
330.0 296.0 3.055269252649331 6.196861906239124 40.0 
330.0 297.0 3.055269252649331 6.196861906239124 40.0 
330.0 298.0 3.055269252649331 6.196861906239124 40.0 
331.0 293.0 3.055269252649331 6.196861906239124 40.0 
331.0 294.0 3.055269252649331 6.196861906239124 40.0 
331.0 295.0 3.055269252649331 6.196861906239124 40.0 
331.0 296.0 3.055269252649331 6.196861906239124 40.0 
331.0 297.0 3.055269252649331 6.196861906239124 40.0 
331.0 298.0 3.055269252649331 6.196861906239124 40.0 
332.0 293.0 3.055269252649331 6.196861906239124 40.0 
332.0 294.0 3.055269252649331 6.196861906239124 40.0 
332.0 295.0 3.055269252649331 6.196861906239124 40.0 
332.0 296.0 3.055269252649331 6.196861906239124 40.0 
332.0 297.0 3.055269252649331 6.196861906239124 40.0 
332.0 298.0 3.055269252649331 6.196861906239124 40.0 
333.0 293.0 3.055269252649331 6.196861906239124 40.0 
333.0 294.0 3.055269252649331 6.196861906239124 40.0 
333.0 295.0 3.055269252649331 6.196861906239124 40.0 
333.0 296.0 3.055269252649331 6.196861906239124 40.0 
333.0 297.0 3.055269252649331 6.196861906239124 40.0 
333.0 298.0 3.055269252649331 6.196861906239124 40.0 
334.0 292.0 3.055269252649331 6.196861906239124 40.0 
334.0 293.0 3.055269252649331 6.196861906239124 40.0 
334.0 294.0 3.055269252649331 6.196861906239124 40.0 
334.0 295.0 3.055269252649331 6.196861906239124 40.0 
334.0 296.0 3.055269252649331 6.196861906239124 40.0 
334.0 297.0 3.055269252649331 6.196861906239124 40.0 
335.0 292.0 3.055269252649331 6.196861906239124 40.0 
335.0 293.0 3.055269252649331 6.196861906239124 40.0 
335.0 294.0 3.055269252649331 6.196861906239124 40.0 
335.0 295.0 3.055269252649331 6.196861906239124 40.0 
335.0 296.0 3.055269252649331 6.196861906239124 40.0 
335.0 297.0 3.055269252649331 6.196861906239124 40.0 
336.0 292.0 3.055269252649331 6.196861906239124 40.0 
336.0 293.0 3.055269252649331 6.196861906239124 40.0 
336.0 294.0 3.055269252649331 6.196861906239124 40.0 
336.0 295.0 3.055269252649331 6.196861906239124 40.0 
336.0 296.0 3.055269252649331 6.196861906239124 40.0 
336.0 297.0 3.055269252649331 6.196861906239124 40.0 
337.0 292.0 3.055269252649331 6.196861906239124 40.0 
337.0 293.0 3.055269252649331 6.196861906239124 40.0 
337.0 294.0 3.055269252649331 6.196861906239124 40.0 
337.0 295.0 3.055269252649331 6.196861906239124 40.0 
337.0 296.0 3.055269252649331 6.196861906239124 40.0 
337.0 297.0 3.055269252649331 6.196861906239124 40.0 
338.0 292.0 3.055269252649331 6.196861906239124 40.0 
338.0 293.0 3.055269252649331 6.196861906239124 40.0 
338.0 294.0 3.055269252649331 6.196861906239124 40.0 
338.0 295.0 3.055269252649331 6.196861906239124 40.0 
338.0 296.0 3.055269252649331 6.196861906239124 40.0 
338.0 297.0 3.055269252649331 6.196861906239124 40.0 
339.0 292.0 3.055269252649331 6.196861906239124 40.0 
339.0 293.0 3.055269252649331 6.196861906239124 40.0 
339.0 294.0 3.055269252649331 6.196861906239124 40.0 
339.0 295.0 3.055269252649331 6.196861906239124 40.0 
339.0 296.0 3.055269252649331 6.196861906239124 40.0 
339.0 297.0 3.055269252649331 6.196861906239124 40.0 
340.0 292.0 3.055269252649331 6.196861906239124 40.0 
340.0 293.0 3.055269252649331 6.196861906239124 40.0 
340.0 294.0 3.055269252649331 6.196861906239124 40.0 
340.0 295.0 3.055269252649331 6.196861906239124 40.0 
340.0 296.0 3.055269252649331 6.196861906239124 40.0 
340.0 297.0 3.055269252649331 6.196861906239124 40.0 
341.0 292.0 3.055269252649331 6.196861906239124 40.0 
341.0 293.0 3.055269252649331 6.196861906239124 40.0 
341.0 294.0 3.055269252649331 6.196861906239124 40.0 
341.0 295.0 3.055269252649331 6.196861906239124 40.0 
341.0 296.0 3.055269252649331 6.196861906239124 40.0 
341.0 297.0 3.055269252649331 6.196861906239124 40.0 
342.0 292.0 3.055269252649331 6.196861906239124 40.0 
342.0 293.0 3.055269252649331 6.196861906239124 40.0 
342.0 294.0 3.055269252649331 6.196861906239124 40.0 
342.0 295.0 3.055269252649331 6.196861906239124 40.0 
342.0 296.0 3.055269252649331 6.196861906239124 40.0 
342.0 297.0 3.055269252649331 6.196861906239124 40.0 
343.0 292.0 3.055269252649331 6.196861906239124 40.0 
343.0 293.0 3.055269252649331 6.196861906239124 40.0 
343.0 294.0 3.055269252649331 6.196861906239124 40.0 
343.0 295.0 3.055269252649331 6.196861906239124 40.0 
343.0 296.0 3.055269252649331 6.196861906239124 40.0 
343.0 297.0 3.055269252649331 6.196861906239124 40.0 
344.0 292.0 3.055269252649331 6.196861906239124 40.0 
344.0 293.0 3.055269252649331 6.196861906239124 40.0 
344.0 294.0 3.055269252649331 6.196861906239124 40.0 
344.0 295.0 3.055269252649331 6.196861906239124 40.0 
344.0 296.0 3.055269252649331 6.196861906239124 40.0 
344.0 297.0 3.055269252649331 6.196861906239124 40.0 
345.0 294.0 3.055269252649331 6.196861906239124 40.0 
345.0 295.0 3.055269252649331 6.196861906239124 40.0 
345.0 296.0 3.055269252649331 6.196861906239124 40.0 
345.0 297.0 3.055269252649331 6.196861906239124 40.0 
185.0 304.0 3.079173843593836 6.22076649718363 60.0 
185.0 305.0 3.079173843593836 6.22076649718363 60.0 
185.0 306.0 3.079173843593836 6.22076649718363 60.0 
186.0 304.0 3.079173843593836 6.22076649718363 60.0 
186.0 305.0 3.079173843593836 6.22076649718363 60.0 
186.0 306.0 3.079173843593836 6.22076649718363 60.0 
186.0 307.0 3.079173843593836 6.22076649718363 60.0 
186.0 308.0 3.079173843593836 6.22076649718363 60.0 
186.0 309.0 3.079173843593836 6.22076649718363 60.0 
187.0 304.0 3.079173843593836 6.22076649718363 60.0 
187.0 305.0 3.079173843593836 6.22076649718363 60.0 
187.0 306.0 3.079173843593836 6.22076649718363 60.0 
187.0 307.0 3.079173843593836 6.22076649718363 60.0 
187.0 308.0 3.079173843593836 6.22076649718363 60.0 
187.0 309.0 3.079173843593836 6.22076649718363 60.0 
188.0 304.0 3.079173843593836 6.22076649718363 60.0 
188.0 305.0 3.079173843593836 6.22076649718363 60.0 
188.0 306.0 3.079173843593836 6.22076649718363 60.0 
188.0 307.0 3.079173843593836 6.22076649718363 60.0 
188.0 308.0 3.079173843593836 6.22076649718363 60.0 
188.0 309.0 3.079173843593836 6.22076649718363 60.0 
189.0 304.0 3.079173843593836 6.22076649718363 60.0 
189.0 305.0 3.079173843593836 6.22076649718363 60.0 
189.0 306.0 3.079173843593836 6.22076649718363 60.0 
189.0 307.0 3.079173843593836 6.22076649718363 60.0 
189.0 308.0 3.079173843593836 6.22076649718363 60.0 
189.0 309.0 3.079173843593836 6.22076649718363 60.0 
190.0 304.0 3.079173843593836 6.22076649718363 60.0 
190.0 305.0 3.079173843593836 6.22076649718363 60.0 
190.0 306.0 3.079173843593836 6.22076649718363 60.0 
190.0 307.0 3.079173843593836 6.22076649718363 60.0 
190.0 308.0 3.079173843593836 6.22076649718363 60.0 
190.0 309.0 3.079173843593836 6.22076649718363 60.0 
191.0 304.0 3.079173843593836 6.22076649718363 60.0 
191.0 305.0 3.079173843593836 6.22076649718363 60.0 
191.0 306.0 3.079173843593836 6.22076649718363 60.0 
191.0 307.0 3.079173843593836 6.22076649718363 60.0 
191.0 308.0 3.079173843593836 6.22076649718363 60.0 
191.0 309.0 3.079173843593836 6.22076649718363 60.0 
192.0 304.0 3.079173843593836 6.22076649718363 60.0 
192.0 305.0 3.079173843593836 6.22076649718363 60.0 
192.0 306.0 3.079173843593836 6.22076649718363 60.0 
192.0 307.0 3.079173843593836 6.22076649718363 60.0 
192.0 308.0 3.079173843593836 6.22076649718363 60.0 
192.0 309.0 3.079173843593836 6.22076649718363 60.0 
193.0 304.0 3.079173843593836 6.22076649718363 60.0 
193.0 305.0 3.079173843593836 6.22076649718363 60.0 
193.0 306.0 3.079173843593836 6.22076649718363 60.0 
193.0 307.0 3.079173843593836 6.22076649718363 60.0 
193.0 308.0 3.079173843593836 6.22076649718363 60.0 
193.0 309.0 3.079173843593836 6.22076649718363 60.0 
194.0 304.0 3.079173843593836 6.22076649718363 60.0 
194.0 305.0 3.079173843593836 6.22076649718363 60.0 
194.0 306.0 3.079173843593836 6.22076649718363 60.0 
194.0 307.0 3.079173843593836 6.22076649718363 60.0 
194.0 308.0 3.079173843593836 6.22076649718363 60.0 
194.0 309.0 3.079173843593836 6.22076649718363 60.0 
195.0 304.0 3.079173843593836 6.22076649718363 60.0 
195.0 305.0 3.079173843593836 6.22076649718363 60.0 
195.0 306.0 3.079173843593836 6.22076649718363 60.0 
195.0 307.0 3.079173843593836 6.22076649718363 60.0 
195.0 308.0 3.079173843593836 6.22076649718363 60.0 
195.0 309.0 3.079173843593836 6.22076649718363 60.0 
196.0 304.0 3.079173843593836 6.22076649718363 60.0 
196.0 305.0 3.079173843593836 6.22076649718363 60.0 
196.0 306.0 3.079173843593836 6.22076649718363 60.0 
196.0 307.0 3.079173843593836 6.22076649718363 60.0 
196.0 308.0 3.079173843593836 6.22076649718363 60.0 
196.0 309.0 3.079173843593836 6.22076649718363 60.0 
197.0 304.0 3.079173843593836 6.22076649718363 60.0 
197.0 305.0 3.079173843593836 6.22076649718363 60.0 
197.0 306.0 3.079173843593836 6.22076649718363 60.0 
197.0 307.0 3.079173843593836 6.22076649718363 60.0 
197.0 308.0 3.079173843593836 6.22076649718363 60.0 
197.0 309.0 3.079173843593836 6.22076649718363 60.0 
198.0 304.0 3.079173843593836 6.22076649718363 60.0 
198.0 305.0 3.079173843593836 6.22076649718363 60.0 
198.0 306.0 3.079173843593836 6.22076649718363 60.0 
198.0 307.0 3.079173843593836 6.22076649718363 60.0 
198.0 308.0 3.079173843593836 6.22076649718363 60.0 
198.0 309.0 3.079173843593836 6.22076649718363 60.0 
199.0 304.0 3.079173843593836 6.22076649718363 60.0 
199.0 305.0 3.079173843593836 6.22076649718363 60.0 
199.0 306.0 3.079173843593836 6.22076649718363 60.0 
199.0 307.0 3.079173843593836 6.22076649718363 60.0 
199.0 308.0 3.079173843593836 6.22076649718363 60.0 
199.0 309.0 3.079173843593836 6.22076649718363 60.0 
200.0 304.0 3.079173843593836 6.22076649718363 60.0 
200.0 305.0 3.079173843593836 6.22076649718363 60.0 
200.0 306.0 3.079173843593836 6.22076649718363 60.0 
200.0 307.0 3.079173843593836 6.22076649718363 60.0 
200.0 308.0 3.079173843593836 6.22076649718363 60.0 
200.0 309.0 3.079173843593836 6.22076649718363 60.0 
201.0 303.0 3.079173843593836 6.22076649718363 60.0 
201.0 304.0 3.079173843593836 6.22076649718363 60.0 
201.0 305.0 3.079173843593836 6.22076649718363 60.0 
201.0 306.0 3.079173843593836 6.22076649718363 60.0 
201.0 307.0 3.079173843593836 6.22076649718363 60.0 
201.0 308.0 3.079173843593836 6.22076649718363 60.0 
201.0 309.0 3.079173843593836 6.22076649718363 60.0 
202.0 303.0 3.079173843593836 6.22076649718363 60.0 
202.0 304.0 3.079173843593836 6.22076649718363 60.0 
202.0 305.0 3.079173843593836 6.22076649718363 60.0 
202.0 306.0 3.079173843593836 6.22076649718363 60.0 
202.0 307.0 3.079173843593836 6.22076649718363 60.0 
202.0 308.0 3.079173843593836 6.22076649718363 60.0 
203.0 303.0 3.079173843593836 6.22076649718363 60.0 
203.0 304.0 3.079173843593836 6.22076649718363 60.0 
203.0 305.0 3.079173843593836 6.22076649718363 60.0 
203.0 306.0 3.079173843593836 6.22076649718363 60.0 
203.0 307.0 3.079173843593836 6.22076649718363 60.0 
203.0 308.0 3.079173843593836 6.22076649718363 60.0 
204.0 303.0 3.079173843593836 6.22076649718363 60.0 
204.0 304.0 3.079173843593836 6.22076649718363 60.0 
204.0 305.0 3.079173843593836 6.22076649718363 60.0 
204.0 306.0 3.079173843593836 6.22076649718363 60.0 
204.0 307.0 3.079173843593836 6.22076649718363 60.0 
204.0 308.0 3.079173843593836 6.22076649718363 60.0 
205.0 303.0 3.079173843593836 6.22076649718363 60.0 
205.0 304.0 3.079173843593836 6.22076649718363 60.0 
205.0 305.0 3.079173843593836 6.22076649718363 60.0 
205.0 306.0 3.079173843593836 6.22076649718363 60.0 
205.0 307.0 3.079173843593836 6.22076649718363 60.0 
205.0 308.0 3.079173843593836 6.22076649718363 60.0 
206.0 303.0 3.079173843593836 6.22076649718363 60.0 
206.0 304.0 3.079173843593836 6.22076649718363 60.0 
206.0 305.0 3.079173843593836 6.22076649718363 60.0 
206.0 306.0 3.079173843593836 6.22076649718363 60.0 
206.0 307.0 3.079173843593836 6.22076649718363 60.0 
206.0 308.0 3.079173843593836 6.22076649718363 60.0 
207.0 303.0 3.079173843593836 6.22076649718363 60.0 
207.0 304.0 3.079173843593836 6.22076649718363 60.0 
207.0 305.0 3.079173843593836 6.22076649718363 60.0 
207.0 306.0 3.079173843593836 6.22076649718363 60.0 
207.0 307.0 3.079173843593836 6.22076649718363 60.0 
207.0 308.0 3.079173843593836 6.22076649718363 60.0 
208.0 303.0 3.079173843593836 6.22076649718363 60.0 
208.0 304.0 3.079173843593836 6.22076649718363 60.0 
208.0 305.0 3.079173843593836 6.22076649718363 60.0 
208.0 306.0 3.079173843593836 6.22076649718363 60.0 
208.0 307.0 3.079173843593836 6.22076649718363 60.0 
208.0 308.0 3.079173843593836 6.22076649718363 60.0 
209.0 303.0 3.079173843593836 6.22076649718363 60.0 
209.0 304.0 3.079173843593836 6.22076649718363 60.0 
209.0 305.0 3.079173843593836 6.22076649718363 60.0 
209.0 306.0 3.079173843593836 6.22076649718363 60.0 
209.0 307.0 3.079173843593836 6.22076649718363 60.0 
209.0 308.0 3.079173843593836 6.22076649718363 60.0 
210.0 303.0 3.079173843593836 6.22076649718363 60.0 
210.0 304.0 3.079173843593836 6.22076649718363 60.0 
210.0 305.0 3.079173843593836 6.22076649718363 60.0 
210.0 306.0 3.079173843593836 6.22076649718363 60.0 
210.0 307.0 3.079173843593836 6.22076649718363 60.0 
210.0 308.0 3.079173843593836 6.22076649718363 60.0 
211.0 303.0 3.079173843593836 6.22076649718363 60.0 
211.0 304.0 3.079173843593836 6.22076649718363 60.0 
211.0 305.0 3.079173843593836 6.22076649718363 60.0 
211.0 306.0 3.079173843593836 6.22076649718363 60.0 
211.0 307.0 3.079173843593836 6.22076649718363 60.0 
211.0 308.0 3.079173843593836 6.22076649718363 60.0 
212.0 303.0 3.079173843593836 6.22076649718363 60.0 
212.0 304.0 3.079173843593836 6.22076649718363 60.0 
212.0 305.0 3.079173843593836 6.22076649718363 60.0 
212.0 306.0 3.079173843593836 6.22076649718363 60.0 
212.0 307.0 3.079173843593836 6.22076649718363 60.0 
212.0 308.0 3.079173843593836 6.22076649718363 60.0 
213.0 303.0 3.079173843593836 6.22076649718363 60.0 
213.0 304.0 3.079173843593836 6.22076649718363 60.0 
213.0 305.0 3.079173843593836 6.22076649718363 60.0 
213.0 306.0 3.079173843593836 6.22076649718363 60.0 
213.0 307.0 3.079173843593836 6.22076649718363 60.0 
213.0 308.0 3.079173843593836 6.22076649718363 60.0 
214.0 303.0 3.079173843593836 6.22076649718363 60.0 
214.0 304.0 3.079173843593836 6.22076649718363 60.0 
214.0 305.0 3.079173843593836 6.22076649718363 60.0 
214.0 306.0 3.079173843593836 6.22076649718363 60.0 
214.0 307.0 3.079173843593836 6.22076649718363 60.0 
214.0 308.0 3.079173843593836 6.22076649718363 60.0 
215.0 303.0 3.079173843593836 6.22076649718363 60.0 
215.0 304.0 3.079173843593836 6.22076649718363 60.0 
215.0 305.0 3.079173843593836 6.22076649718363 60.0 
215.0 306.0 3.079173843593836 6.22076649718363 60.0 
215.0 307.0 3.079173843593836 6.22076649718363 60.0 
215.0 308.0 3.079173843593836 6.22076649718363 60.0 
216.0 303.0 3.079173843593836 6.22076649718363 60.0 
216.0 304.0 3.079173843593836 6.22076649718363 60.0 
216.0 305.0 3.079173843593836 6.22076649718363 60.0 
216.0 306.0 3.079173843593836 6.22076649718363 60.0 
216.0 307.0 3.079173843593836 6.22076649718363 60.0 
216.0 308.0 3.079173843593836 6.22076649718363 60.0 
217.0 305.0 3.079173843593836 6.22076649718363 60.0 
217.0 306.0 3.079173843593836 6.22076649718363 60.0 
217.0 307.0 3.079173843593836 6.22076649718363 60.0 
217.0 308.0 3.079173843593836 6.22076649718363 60.0 
