276.0 302.0 4.086342457891158 0.9447498043013647 40.0 
277.0 301.0 4.086342457891158 0.9447498043013647 40.0 
277.0 302.0 4.086342457891158 0.9447498043013647 40.0 
277.0 303.0 4.086342457891158 0.9447498043013647 40.0 
278.0 300.0 4.086342457891158 0.9447498043013647 40.0 
278.0 301.0 4.086342457891158 0.9447498043013647 40.0 
278.0 302.0 4.086342457891158 0.9447498043013647 40.0 
278.0 303.0 4.086342457891158 0.9447498043013647 40.0 
278.0 304.0 4.086342457891158 0.9447498043013647 40.0 
278.0 305.0 4.086342457891158 0.9447498043013647 40.0 
279.0 300.0 4.086342457891158 0.9447498043013647 40.0 
279.0 301.0 4.086342457891158 0.9447498043013647 40.0 
279.0 302.0 4.086342457891158 0.9447498043013647 40.0 
279.0 303.0 4.086342457891158 0.9447498043013647 40.0 
279.0 304.0 4.086342457891158 0.9447498043013647 40.0 
279.0 305.0 4.086342457891158 0.9447498043013647 40.0 
279.0 306.0 4.086342457891158 0.9447498043013647 40.0 
280.0 299.0 4.086342457891158 0.9447498043013647 40.0 
280.0 300.0 4.086342457891158 0.9447498043013647 40.0 
280.0 301.0 4.086342457891158 0.9447498043013647 40.0 
280.0 302.0 4.086342457891158 0.9447498043013647 40.0 
280.0 303.0 4.086342457891158 0.9447498043013647 40.0 
280.0 304.0 4.086342457891158 0.9447498043013647 40.0 
280.0 305.0 4.086342457891158 0.9447498043013647 40.0 
280.0 306.0 4.086342457891158 0.9447498043013647 40.0 
280.0 307.0 4.086342457891158 0.9447498043013647 40.0 
281.0 300.0 4.086342457891158 0.9447498043013647 40.0 
281.0 301.0 4.086342457891158 0.9447498043013647 40.0 
281.0 302.0 4.086342457891158 0.9447498043013647 40.0 
281.0 303.0 4.086342457891158 0.9447498043013647 40.0 
281.0 304.0 4.086342457891158 0.9447498043013647 40.0 
281.0 305.0 4.086342457891158 0.9447498043013647 40.0 
281.0 306.0 4.086342457891158 0.9447498043013647 40.0 
281.0 307.0 4.086342457891158 0.9447498043013647 40.0 
281.0 308.0 4.086342457891158 0.9447498043013647 40.0 
281.0 309.0 4.086342457891158 0.9447498043013647 40.0 
282.0 301.0 4.086342457891158 0.9447498043013647 40.0 
282.0 302.0 4.086342457891158 0.9447498043013647 40.0 
282.0 303.0 4.086342457891158 0.9447498043013647 40.0 
282.0 304.0 4.086342457891158 0.9447498043013647 40.0 
282.0 305.0 4.086342457891158 0.9447498043013647 40.0 
282.0 306.0 4.086342457891158 0.9447498043013647 40.0 
282.0 307.0 4.086342457891158 0.9447498043013647 40.0 
282.0 308.0 4.086342457891158 0.9447498043013647 40.0 
282.0 309.0 4.086342457891158 0.9447498043013647 40.0 
282.0 310.0 4.086342457891158 0.9447498043013647 40.0 
283.0 302.0 4.086342457891158 0.9447498043013647 40.0 
283.0 303.0 4.086342457891158 0.9447498043013647 40.0 
283.0 304.0 4.086342457891158 0.9447498043013647 40.0 
283.0 305.0 4.086342457891158 0.9447498043013647 40.0 
283.0 306.0 4.086342457891158 0.9447498043013647 40.0 
283.0 307.0 4.086342457891158 0.9447498043013647 40.0 
283.0 308.0 4.086342457891158 0.9447498043013647 40.0 
283.0 309.0 4.086342457891158 0.9447498043013647 40.0 
283.0 310.0 4.086342457891158 0.9447498043013647 40.0 
283.0 311.0 4.086342457891158 0.9447498043013647 40.0 
283.0 312.0 4.086342457891158 0.9447498043013647 40.0 
284.0 304.0 4.086342457891158 0.9447498043013647 40.0 
284.0 305.0 4.086342457891158 0.9447498043013647 40.0 
284.0 306.0 4.086342457891158 0.9447498043013647 40.0 
284.0 307.0 4.086342457891158 0.9447498043013647 40.0 
284.0 308.0 4.086342457891158 0.9447498043013647 40.0 
284.0 309.0 4.086342457891158 0.9447498043013647 40.0 
284.0 310.0 4.086342457891158 0.9447498043013647 40.0 
284.0 311.0 4.086342457891158 0.9447498043013647 40.0 
284.0 312.0 4.086342457891158 0.9447498043013647 40.0 
284.0 313.0 4.086342457891158 0.9447498043013647 40.0 
285.0 305.0 4.086342457891158 0.9447498043013647 40.0 
285.0 306.0 4.086342457891158 0.9447498043013647 40.0 
285.0 307.0 4.086342457891158 0.9447498043013647 40.0 
285.0 308.0 4.086342457891158 0.9447498043013647 40.0 
285.0 309.0 4.086342457891158 0.9447498043013647 40.0 
285.0 310.0 4.086342457891158 0.9447498043013647 40.0 
285.0 311.0 4.086342457891158 0.9447498043013647 40.0 
285.0 312.0 4.086342457891158 0.9447498043013647 40.0 
285.0 313.0 4.086342457891158 0.9447498043013647 40.0 
285.0 314.0 4.086342457891158 0.9447498043013647 40.0 
286.0 306.0 4.086342457891158 0.9447498043013647 40.0 
286.0 307.0 4.086342457891158 0.9447498043013647 40.0 
286.0 308.0 4.086342457891158 0.9447498043013647 40.0 
286.0 309.0 4.086342457891158 0.9447498043013647 40.0 
286.0 310.0 4.086342457891158 0.9447498043013647 40.0 
286.0 311.0 4.086342457891158 0.9447498043013647 40.0 
286.0 312.0 4.086342457891158 0.9447498043013647 40.0 
286.0 313.0 4.086342457891158 0.9447498043013647 40.0 
286.0 314.0 4.086342457891158 0.9447498043013647 40.0 
286.0 315.0 4.086342457891158 0.9447498043013647 40.0 
286.0 316.0 4.086342457891158 0.9447498043013647 40.0 
287.0 308.0 4.086342457891158 0.9447498043013647 40.0 
287.0 309.0 4.086342457891158 0.9447498043013647 40.0 
287.0 310.0 4.086342457891158 0.9447498043013647 40.0 
287.0 311.0 4.086342457891158 0.9447498043013647 40.0 
287.0 312.0 4.086342457891158 0.9447498043013647 40.0 
287.0 313.0 4.086342457891158 0.9447498043013647 40.0 
287.0 314.0 4.086342457891158 0.9447498043013647 40.0 
287.0 315.0 4.086342457891158 0.9447498043013647 40.0 
287.0 316.0 4.086342457891158 0.9447498043013647 40.0 
287.0 317.0 4.086342457891158 0.9447498043013647 40.0 
288.0 309.0 4.086342457891158 0.9447498043013647 40.0 
288.0 310.0 4.086342457891158 0.9447498043013647 40.0 
288.0 311.0 4.086342457891158 0.9447498043013647 40.0 
288.0 312.0 4.086342457891158 0.9447498043013647 40.0 
288.0 313.0 4.086342457891158 0.9447498043013647 40.0 
288.0 314.0 4.086342457891158 0.9447498043013647 40.0 
288.0 315.0 4.086342457891158 0.9447498043013647 40.0 
288.0 316.0 4.086342457891158 0.9447498043013647 40.0 
288.0 317.0 4.086342457891158 0.9447498043013647 40.0 
288.0 318.0 4.086342457891158 0.9447498043013647 40.0 
289.0 311.0 4.086342457891158 0.9447498043013647 40.0 
289.0 312.0 4.086342457891158 0.9447498043013647 40.0 
289.0 313.0 4.086342457891158 0.9447498043013647 40.0 
289.0 314.0 4.086342457891158 0.9447498043013647 40.0 
289.0 315.0 4.086342457891158 0.9447498043013647 40.0 
289.0 316.0 4.086342457891158 0.9447498043013647 40.0 
289.0 317.0 4.086342457891158 0.9447498043013647 40.0 
289.0 318.0 4.086342457891158 0.9447498043013647 40.0 
289.0 319.0 4.086342457891158 0.9447498043013647 40.0 
289.0 320.0 4.086342457891158 0.9447498043013647 40.0 
290.0 312.0 4.086342457891158 0.9447498043013647 40.0 
290.0 313.0 4.086342457891158 0.9447498043013647 40.0 
290.0 314.0 4.086342457891158 0.9447498043013647 40.0 
290.0 315.0 4.086342457891158 0.9447498043013647 40.0 
290.0 316.0 4.086342457891158 0.9447498043013647 40.0 
290.0 317.0 4.086342457891158 0.9447498043013647 40.0 
290.0 318.0 4.086342457891158 0.9447498043013647 40.0 
290.0 319.0 4.086342457891158 0.9447498043013647 40.0 
290.0 320.0 4.086342457891158 0.9447498043013647 40.0 
290.0 321.0 4.086342457891158 0.9447498043013647 40.0 
291.0 313.0 4.086342457891158 0.9447498043013647 40.0 
291.0 314.0 4.086342457891158 0.9447498043013647 40.0 
291.0 315.0 4.086342457891158 0.9447498043013647 40.0 
291.0 316.0 4.086342457891158 0.9447498043013647 40.0 
291.0 317.0 4.086342457891158 0.9447498043013647 40.0 
291.0 318.0 4.086342457891158 0.9447498043013647 40.0 
291.0 319.0 4.086342457891158 0.9447498043013647 40.0 
291.0 320.0 4.086342457891158 0.9447498043013647 40.0 
291.0 321.0 4.086342457891158 0.9447498043013647 40.0 
291.0 322.0 4.086342457891158 0.9447498043013647 40.0 
291.0 323.0 4.086342457891158 0.9447498043013647 40.0 
292.0 315.0 4.086342457891158 0.9447498043013647 40.0 
292.0 316.0 4.086342457891158 0.9447498043013647 40.0 
292.0 317.0 4.086342457891158 0.9447498043013647 40.0 
292.0 318.0 4.086342457891158 0.9447498043013647 40.0 
292.0 319.0 4.086342457891158 0.9447498043013647 40.0 
292.0 320.0 4.086342457891158 0.9447498043013647 40.0 
292.0 321.0 4.086342457891158 0.9447498043013647 40.0 
292.0 322.0 4.086342457891158 0.9447498043013647 40.0 
292.0 323.0 4.086342457891158 0.9447498043013647 40.0 
292.0 324.0 4.086342457891158 0.9447498043013647 40.0 
293.0 316.0 4.086342457891158 0.9447498043013647 40.0 
293.0 317.0 4.086342457891158 0.9447498043013647 40.0 
293.0 318.0 4.086342457891158 0.9447498043013647 40.0 
293.0 319.0 4.086342457891158 0.9447498043013647 40.0 
293.0 320.0 4.086342457891158 0.9447498043013647 40.0 
293.0 321.0 4.086342457891158 0.9447498043013647 40.0 
293.0 322.0 4.086342457891158 0.9447498043013647 40.0 
293.0 323.0 4.086342457891158 0.9447498043013647 40.0 
293.0 324.0 4.086342457891158 0.9447498043013647 40.0 
293.0 325.0 4.086342457891158 0.9447498043013647 40.0 
294.0 318.0 4.086342457891158 0.9447498043013647 40.0 
294.0 319.0 4.086342457891158 0.9447498043013647 40.0 
294.0 320.0 4.086342457891158 0.9447498043013647 40.0 
294.0 321.0 4.086342457891158 0.9447498043013647 40.0 
294.0 322.0 4.086342457891158 0.9447498043013647 40.0 
294.0 323.0 4.086342457891158 0.9447498043013647 40.0 
294.0 324.0 4.086342457891158 0.9447498043013647 40.0 
294.0 325.0 4.086342457891158 0.9447498043013647 40.0 
294.0 326.0 4.086342457891158 0.9447498043013647 40.0 
294.0 327.0 4.086342457891158 0.9447498043013647 40.0 
295.0 319.0 4.086342457891158 0.9447498043013647 40.0 
295.0 320.0 4.086342457891158 0.9447498043013647 40.0 
295.0 321.0 4.086342457891158 0.9447498043013647 40.0 
295.0 322.0 4.086342457891158 0.9447498043013647 40.0 
295.0 323.0 4.086342457891158 0.9447498043013647 40.0 
295.0 324.0 4.086342457891158 0.9447498043013647 40.0 
295.0 325.0 4.086342457891158 0.9447498043013647 40.0 
295.0 326.0 4.086342457891158 0.9447498043013647 40.0 
295.0 327.0 4.086342457891158 0.9447498043013647 40.0 
295.0 328.0 4.086342457891158 0.9447498043013647 40.0 
296.0 320.0 4.086342457891158 0.9447498043013647 40.0 
296.0 321.0 4.086342457891158 0.9447498043013647 40.0 
296.0 322.0 4.086342457891158 0.9447498043013647 40.0 
296.0 323.0 4.086342457891158 0.9447498043013647 40.0 
296.0 324.0 4.086342457891158 0.9447498043013647 40.0 
296.0 325.0 4.086342457891158 0.9447498043013647 40.0 
296.0 326.0 4.086342457891158 0.9447498043013647 40.0 
296.0 327.0 4.086342457891158 0.9447498043013647 40.0 
296.0 328.0 4.086342457891158 0.9447498043013647 40.0 
296.0 329.0 4.086342457891158 0.9447498043013647 40.0 
296.0 330.0 4.086342457891158 0.9447498043013647 40.0 
297.0 322.0 4.086342457891158 0.9447498043013647 40.0 
297.0 323.0 4.086342457891158 0.9447498043013647 40.0 
297.0 324.0 4.086342457891158 0.9447498043013647 40.0 
297.0 325.0 4.086342457891158 0.9447498043013647 40.0 
297.0 326.0 4.086342457891158 0.9447498043013647 40.0 
297.0 327.0 4.086342457891158 0.9447498043013647 40.0 
297.0 328.0 4.086342457891158 0.9447498043013647 40.0 
297.0 329.0 4.086342457891158 0.9447498043013647 40.0 
297.0 330.0 4.086342457891158 0.9447498043013647 40.0 
297.0 331.0 4.086342457891158 0.9447498043013647 40.0 
298.0 323.0 4.086342457891158 0.9447498043013647 40.0 
298.0 324.0 4.086342457891158 0.9447498043013647 40.0 
298.0 325.0 4.086342457891158 0.9447498043013647 40.0 
298.0 326.0 4.086342457891158 0.9447498043013647 40.0 
298.0 327.0 4.086342457891158 0.9447498043013647 40.0 
298.0 328.0 4.086342457891158 0.9447498043013647 40.0 
298.0 329.0 4.086342457891158 0.9447498043013647 40.0 
298.0 330.0 4.086342457891158 0.9447498043013647 40.0 
298.0 331.0 4.086342457891158 0.9447498043013647 40.0 
298.0 332.0 4.086342457891158 0.9447498043013647 40.0 
299.0 324.0 4.086342457891158 0.9447498043013647 40.0 
299.0 325.0 4.086342457891158 0.9447498043013647 40.0 
299.0 326.0 4.086342457891158 0.9447498043013647 40.0 
299.0 327.0 4.086342457891158 0.9447498043013647 40.0 
299.0 328.0 4.086342457891158 0.9447498043013647 40.0 
299.0 329.0 4.086342457891158 0.9447498043013647 40.0 
299.0 330.0 4.086342457891158 0.9447498043013647 40.0 
299.0 331.0 4.086342457891158 0.9447498043013647 40.0 
299.0 332.0 4.086342457891158 0.9447498043013647 40.0 
299.0 333.0 4.086342457891158 0.9447498043013647 40.0 
299.0 334.0 4.086342457891158 0.9447498043013647 40.0 
300.0 326.0 4.086342457891158 0.9447498043013647 40.0 
300.0 327.0 4.086342457891158 0.9447498043013647 40.0 
300.0 328.0 4.086342457891158 0.9447498043013647 40.0 
300.0 329.0 4.086342457891158 0.9447498043013647 40.0 
300.0 330.0 4.086342457891158 0.9447498043013647 40.0 
300.0 331.0 4.086342457891158 0.9447498043013647 40.0 
300.0 332.0 4.086342457891158 0.9447498043013647 40.0 
300.0 333.0 4.086342457891158 0.9447498043013647 40.0 
300.0 334.0 4.086342457891158 0.9447498043013647 40.0 
300.0 335.0 4.086342457891158 0.9447498043013647 40.0 
301.0 327.0 4.086342457891158 0.9447498043013647 40.0 
301.0 328.0 4.086342457891158 0.9447498043013647 40.0 
301.0 329.0 4.086342457891158 0.9447498043013647 40.0 
301.0 330.0 4.086342457891158 0.9447498043013647 40.0 
301.0 331.0 4.086342457891158 0.9447498043013647 40.0 
301.0 332.0 4.086342457891158 0.9447498043013647 40.0 
301.0 333.0 4.086342457891158 0.9447498043013647 40.0 
301.0 334.0 4.086342457891158 0.9447498043013647 40.0 
301.0 335.0 4.086342457891158 0.9447498043013647 40.0 
301.0 336.0 4.086342457891158 0.9447498043013647 40.0 
302.0 329.0 4.086342457891158 0.9447498043013647 40.0 
302.0 330.0 4.086342457891158 0.9447498043013647 40.0 
302.0 331.0 4.086342457891158 0.9447498043013647 40.0 
302.0 332.0 4.086342457891158 0.9447498043013647 40.0 
302.0 333.0 4.086342457891158 0.9447498043013647 40.0 
302.0 334.0 4.086342457891158 0.9447498043013647 40.0 
302.0 335.0 4.086342457891158 0.9447498043013647 40.0 
302.0 336.0 4.086342457891158 0.9447498043013647 40.0 
302.0 337.0 4.086342457891158 0.9447498043013647 40.0 
302.0 338.0 4.086342457891158 0.9447498043013647 40.0 
303.0 330.0 4.086342457891158 0.9447498043013647 40.0 
303.0 331.0 4.086342457891158 0.9447498043013647 40.0 
303.0 332.0 4.086342457891158 0.9447498043013647 40.0 
303.0 333.0 4.086342457891158 0.9447498043013647 40.0 
303.0 334.0 4.086342457891158 0.9447498043013647 40.0 
303.0 335.0 4.086342457891158 0.9447498043013647 40.0 
303.0 336.0 4.086342457891158 0.9447498043013647 40.0 
303.0 337.0 4.086342457891158 0.9447498043013647 40.0 
303.0 338.0 4.086342457891158 0.9447498043013647 40.0 
303.0 339.0 4.086342457891158 0.9447498043013647 40.0 
304.0 331.0 4.086342457891158 0.9447498043013647 40.0 
304.0 332.0 4.086342457891158 0.9447498043013647 40.0 
304.0 333.0 4.086342457891158 0.9447498043013647 40.0 
304.0 334.0 4.086342457891158 0.9447498043013647 40.0 
304.0 335.0 4.086342457891158 0.9447498043013647 40.0 
304.0 336.0 4.086342457891158 0.9447498043013647 40.0 
304.0 337.0 4.086342457891158 0.9447498043013647 40.0 
304.0 338.0 4.086342457891158 0.9447498043013647 40.0 
304.0 339.0 4.086342457891158 0.9447498043013647 40.0 
304.0 340.0 4.086342457891158 0.9447498043013647 40.0 
304.0 341.0 4.086342457891158 0.9447498043013647 40.0 
305.0 333.0 4.086342457891158 0.9447498043013647 40.0 
305.0 334.0 4.086342457891158 0.9447498043013647 40.0 
305.0 335.0 4.086342457891158 0.9447498043013647 40.0 
305.0 336.0 4.086342457891158 0.9447498043013647 40.0 
305.0 337.0 4.086342457891158 0.9447498043013647 40.0 
305.0 338.0 4.086342457891158 0.9447498043013647 40.0 
305.0 339.0 4.086342457891158 0.9447498043013647 40.0 
305.0 340.0 4.086342457891158 0.9447498043013647 40.0 
305.0 341.0 4.086342457891158 0.9447498043013647 40.0 
305.0 342.0 4.086342457891158 0.9447498043013647 40.0 
306.0 334.0 4.086342457891158 0.9447498043013647 40.0 
306.0 335.0 4.086342457891158 0.9447498043013647 40.0 
306.0 336.0 4.086342457891158 0.9447498043013647 40.0 
306.0 337.0 4.086342457891158 0.9447498043013647 40.0 
306.0 338.0 4.086342457891158 0.9447498043013647 40.0 
306.0 339.0 4.086342457891158 0.9447498043013647 40.0 
306.0 340.0 4.086342457891158 0.9447498043013647 40.0 
306.0 341.0 4.086342457891158 0.9447498043013647 40.0 
306.0 342.0 4.086342457891158 0.9447498043013647 40.0 
306.0 343.0 4.086342457891158 0.9447498043013647 40.0 
307.0 335.0 4.086342457891158 0.9447498043013647 40.0 
307.0 336.0 4.086342457891158 0.9447498043013647 40.0 
307.0 337.0 4.086342457891158 0.9447498043013647 40.0 
307.0 338.0 4.086342457891158 0.9447498043013647 40.0 
307.0 339.0 4.086342457891158 0.9447498043013647 40.0 
307.0 340.0 4.086342457891158 0.9447498043013647 40.0 
307.0 341.0 4.086342457891158 0.9447498043013647 40.0 
307.0 342.0 4.086342457891158 0.9447498043013647 40.0 
307.0 343.0 4.086342457891158 0.9447498043013647 40.0 
307.0 344.0 4.086342457891158 0.9447498043013647 40.0 
307.0 345.0 4.086342457891158 0.9447498043013647 40.0 
308.0 337.0 4.086342457891158 0.9447498043013647 40.0 
308.0 338.0 4.086342457891158 0.9447498043013647 40.0 
308.0 339.0 4.086342457891158 0.9447498043013647 40.0 
308.0 340.0 4.086342457891158 0.9447498043013647 40.0 
308.0 341.0 4.086342457891158 0.9447498043013647 40.0 
308.0 342.0 4.086342457891158 0.9447498043013647 40.0 
308.0 343.0 4.086342457891158 0.9447498043013647 40.0 
308.0 344.0 4.086342457891158 0.9447498043013647 40.0 
308.0 345.0 4.086342457891158 0.9447498043013647 40.0 
308.0 346.0 4.086342457891158 0.9447498043013647 40.0 
309.0 338.0 4.086342457891158 0.9447498043013647 40.0 
309.0 339.0 4.086342457891158 0.9447498043013647 40.0 
309.0 340.0 4.086342457891158 0.9447498043013647 40.0 
309.0 341.0 4.086342457891158 0.9447498043013647 40.0 
309.0 342.0 4.086342457891158 0.9447498043013647 40.0 
309.0 343.0 4.086342457891158 0.9447498043013647 40.0 
309.0 344.0 4.086342457891158 0.9447498043013647 40.0 
309.0 345.0 4.086342457891158 0.9447498043013647 40.0 
309.0 346.0 4.086342457891158 0.9447498043013647 40.0 
309.0 347.0 4.086342457891158 0.9447498043013647 40.0 
310.0 340.0 4.086342457891158 0.9447498043013647 40.0 
310.0 341.0 4.086342457891158 0.9447498043013647 40.0 
310.0 342.0 4.086342457891158 0.9447498043013647 40.0 
310.0 343.0 4.086342457891158 0.9447498043013647 40.0 
310.0 344.0 4.086342457891158 0.9447498043013647 40.0 
310.0 345.0 4.086342457891158 0.9447498043013647 40.0 
310.0 346.0 4.086342457891158 0.9447498043013647 40.0 
310.0 347.0 4.086342457891158 0.9447498043013647 40.0 
310.0 348.0 4.086342457891158 0.9447498043013647 40.0 
310.0 349.0 4.086342457891158 0.9447498043013647 40.0 
311.0 341.0 4.086342457891158 0.9447498043013647 40.0 
311.0 342.0 4.086342457891158 0.9447498043013647 40.0 
311.0 343.0 4.086342457891158 0.9447498043013647 40.0 
311.0 344.0 4.086342457891158 0.9447498043013647 40.0 
311.0 345.0 4.086342457891158 0.9447498043013647 40.0 
311.0 346.0 4.086342457891158 0.9447498043013647 40.0 
311.0 347.0 4.086342457891158 0.9447498043013647 40.0 
311.0 348.0 4.086342457891158 0.9447498043013647 40.0 
311.0 349.0 4.086342457891158 0.9447498043013647 40.0 
311.0 350.0 4.086342457891158 0.9447498043013647 40.0 
312.0 342.0 4.086342457891158 0.9447498043013647 40.0 
312.0 343.0 4.086342457891158 0.9447498043013647 40.0 
312.0 344.0 4.086342457891158 0.9447498043013647 40.0 
312.0 345.0 4.086342457891158 0.9447498043013647 40.0 
312.0 346.0 4.086342457891158 0.9447498043013647 40.0 
312.0 347.0 4.086342457891158 0.9447498043013647 40.0 
312.0 348.0 4.086342457891158 0.9447498043013647 40.0 
312.0 349.0 4.086342457891158 0.9447498043013647 40.0 
312.0 350.0 4.086342457891158 0.9447498043013647 40.0 
312.0 351.0 4.086342457891158 0.9447498043013647 40.0 
312.0 352.0 4.086342457891158 0.9447498043013647 40.0 
313.0 344.0 4.086342457891158 0.9447498043013647 40.0 
313.0 345.0 4.086342457891158 0.9447498043013647 40.0 
313.0 346.0 4.086342457891158 0.9447498043013647 40.0 
313.0 347.0 4.086342457891158 0.9447498043013647 40.0 
313.0 348.0 4.086342457891158 0.9447498043013647 40.0 
313.0 349.0 4.086342457891158 0.9447498043013647 40.0 
313.0 350.0 4.086342457891158 0.9447498043013647 40.0 
313.0 351.0 4.086342457891158 0.9447498043013647 40.0 
313.0 352.0 4.086342457891158 0.9447498043013647 40.0 
313.0 353.0 4.086342457891158 0.9447498043013647 40.0 
314.0 345.0 4.086342457891158 0.9447498043013647 40.0 
314.0 346.0 4.086342457891158 0.9447498043013647 40.0 
314.0 347.0 4.086342457891158 0.9447498043013647 40.0 
314.0 348.0 4.086342457891158 0.9447498043013647 40.0 
314.0 349.0 4.086342457891158 0.9447498043013647 40.0 
314.0 350.0 4.086342457891158 0.9447498043013647 40.0 
314.0 351.0 4.086342457891158 0.9447498043013647 40.0 
314.0 352.0 4.086342457891158 0.9447498043013647 40.0 
314.0 353.0 4.086342457891158 0.9447498043013647 40.0 
314.0 354.0 4.086342457891158 0.9447498043013647 40.0 
315.0 347.0 4.086342457891158 0.9447498043013647 40.0 
315.0 348.0 4.086342457891158 0.9447498043013647 40.0 
315.0 349.0 4.086342457891158 0.9447498043013647 40.0 
315.0 350.0 4.086342457891158 0.9447498043013647 40.0 
315.0 351.0 4.086342457891158 0.9447498043013647 40.0 
315.0 352.0 4.086342457891158 0.9447498043013647 40.0 
315.0 353.0 4.086342457891158 0.9447498043013647 40.0 
315.0 354.0 4.086342457891158 0.9447498043013647 40.0 
315.0 355.0 4.086342457891158 0.9447498043013647 40.0 
315.0 356.0 4.086342457891158 0.9447498043013647 40.0 
316.0 348.0 4.086342457891158 0.9447498043013647 40.0 
316.0 349.0 4.086342457891158 0.9447498043013647 40.0 
316.0 350.0 4.086342457891158 0.9447498043013647 40.0 
316.0 351.0 4.086342457891158 0.9447498043013647 40.0 
316.0 352.0 4.086342457891158 0.9447498043013647 40.0 
316.0 353.0 4.086342457891158 0.9447498043013647 40.0 
316.0 354.0 4.086342457891158 0.9447498043013647 40.0 
316.0 355.0 4.086342457891158 0.9447498043013647 40.0 
316.0 356.0 4.086342457891158 0.9447498043013647 40.0 
316.0 357.0 4.086342457891158 0.9447498043013647 40.0 
317.0 349.0 4.086342457891158 0.9447498043013647 40.0 
317.0 350.0 4.086342457891158 0.9447498043013647 40.0 
317.0 351.0 4.086342457891158 0.9447498043013647 40.0 
317.0 352.0 4.086342457891158 0.9447498043013647 40.0 
317.0 353.0 4.086342457891158 0.9447498043013647 40.0 
317.0 354.0 4.086342457891158 0.9447498043013647 40.0 
317.0 355.0 4.086342457891158 0.9447498043013647 40.0 
317.0 356.0 4.086342457891158 0.9447498043013647 40.0 
317.0 357.0 4.086342457891158 0.9447498043013647 40.0 
317.0 358.0 4.086342457891158 0.9447498043013647 40.0 
317.0 359.0 4.086342457891158 0.9447498043013647 40.0 
318.0 351.0 4.086342457891158 0.9447498043013647 40.0 
318.0 352.0 4.086342457891158 0.9447498043013647 40.0 
318.0 353.0 4.086342457891158 0.9447498043013647 40.0 
318.0 354.0 4.086342457891158 0.9447498043013647 40.0 
318.0 355.0 4.086342457891158 0.9447498043013647 40.0 
318.0 356.0 4.086342457891158 0.9447498043013647 40.0 
318.0 357.0 4.086342457891158 0.9447498043013647 40.0 
318.0 358.0 4.086342457891158 0.9447498043013647 40.0 
318.0 359.0 4.086342457891158 0.9447498043013647 40.0 
318.0 360.0 4.086342457891158 0.9447498043013647 40.0 
319.0 352.0 4.086342457891158 0.9447498043013647 40.0 
319.0 353.0 4.086342457891158 0.9447498043013647 40.0 
319.0 354.0 4.086342457891158 0.9447498043013647 40.0 
319.0 355.0 4.086342457891158 0.9447498043013647 40.0 
319.0 356.0 4.086342457891158 0.9447498043013647 40.0 
319.0 357.0 4.086342457891158 0.9447498043013647 40.0 
319.0 358.0 4.086342457891158 0.9447498043013647 40.0 
319.0 359.0 4.086342457891158 0.9447498043013647 40.0 
319.0 360.0 4.086342457891158 0.9447498043013647 40.0 
319.0 361.0 4.086342457891158 0.9447498043013647 40.0 
320.0 353.0 4.086342457891158 0.9447498043013647 40.0 
320.0 354.0 4.086342457891158 0.9447498043013647 40.0 
320.0 355.0 4.086342457891158 0.9447498043013647 40.0 
320.0 356.0 4.086342457891158 0.9447498043013647 40.0 
320.0 357.0 4.086342457891158 0.9447498043013647 40.0 
320.0 358.0 4.086342457891158 0.9447498043013647 40.0 
320.0 359.0 4.086342457891158 0.9447498043013647 40.0 
320.0 360.0 4.086342457891158 0.9447498043013647 40.0 
320.0 361.0 4.086342457891158 0.9447498043013647 40.0 
320.0 362.0 4.086342457891158 0.9447498043013647 40.0 
320.0 363.0 4.086342457891158 0.9447498043013647 40.0 
321.0 355.0 4.086342457891158 0.9447498043013647 40.0 
321.0 356.0 4.086342457891158 0.9447498043013647 40.0 
321.0 357.0 4.086342457891158 0.9447498043013647 40.0 
321.0 358.0 4.086342457891158 0.9447498043013647 40.0 
321.0 359.0 4.086342457891158 0.9447498043013647 40.0 
321.0 360.0 4.086342457891158 0.9447498043013647 40.0 
321.0 361.0 4.086342457891158 0.9447498043013647 40.0 
321.0 362.0 4.086342457891158 0.9447498043013647 40.0 
321.0 363.0 4.086342457891158 0.9447498043013647 40.0 
321.0 364.0 4.086342457891158 0.9447498043013647 40.0 
322.0 356.0 4.086342457891158 0.9447498043013647 40.0 
322.0 357.0 4.086342457891158 0.9447498043013647 40.0 
322.0 358.0 4.086342457891158 0.9447498043013647 40.0 
322.0 359.0 4.086342457891158 0.9447498043013647 40.0 
322.0 360.0 4.086342457891158 0.9447498043013647 40.0 
322.0 361.0 4.086342457891158 0.9447498043013647 40.0 
322.0 362.0 4.086342457891158 0.9447498043013647 40.0 
322.0 363.0 4.086342457891158 0.9447498043013647 40.0 
322.0 364.0 4.086342457891158 0.9447498043013647 40.0 
322.0 365.0 4.086342457891158 0.9447498043013647 40.0 
323.0 358.0 4.086342457891158 0.9447498043013647 40.0 
323.0 359.0 4.086342457891158 0.9447498043013647 40.0 
323.0 360.0 4.086342457891158 0.9447498043013647 40.0 
323.0 361.0 4.086342457891158 0.9447498043013647 40.0 
323.0 362.0 4.086342457891158 0.9447498043013647 40.0 
323.0 363.0 4.086342457891158 0.9447498043013647 40.0 
323.0 364.0 4.086342457891158 0.9447498043013647 40.0 
323.0 365.0 4.086342457891158 0.9447498043013647 40.0 
323.0 366.0 4.086342457891158 0.9447498043013647 40.0 
324.0 359.0 4.086342457891158 0.9447498043013647 40.0 
324.0 360.0 4.086342457891158 0.9447498043013647 40.0 
324.0 361.0 4.086342457891158 0.9447498043013647 40.0 
324.0 362.0 4.086342457891158 0.9447498043013647 40.0 
324.0 363.0 4.086342457891158 0.9447498043013647 40.0 
324.0 364.0 4.086342457891158 0.9447498043013647 40.0 
324.0 365.0 4.086342457891158 0.9447498043013647 40.0 
325.0 360.0 4.086342457891158 0.9447498043013647 40.0 
325.0 361.0 4.086342457891158 0.9447498043013647 40.0 
325.0 362.0 4.086342457891158 0.9447498043013647 40.0 
325.0 363.0 4.086342457891158 0.9447498043013647 40.0 
325.0 364.0 4.086342457891158 0.9447498043013647 40.0 
326.0 362.0 4.086342457891158 0.9447498043013647 40.0 
326.0 363.0 4.086342457891158 0.9447498043013647 40.0 
326.0 364.0 4.086342457891158 0.9447498043013647 40.0 
327.0 363.0 4.086342457891158 0.9447498043013647 40.0 
