289.0 218.0 4.675023202581906 1.5334305489921136 48.0 
289.0 219.0 4.675023202581906 1.5334305489921136 48.0 
289.0 220.0 4.675023202581906 1.5334305489921136 48.0 
289.0 221.0 4.675023202581906 1.5334305489921136 48.0 
289.0 222.0 4.675023202581906 1.5334305489921136 48.0 
289.0 223.0 4.675023202581906 1.5334305489921136 48.0 
289.0 224.0 4.675023202581906 1.5334305489921136 48.0 
289.0 225.0 4.675023202581906 1.5334305489921136 48.0 
289.0 226.0 4.675023202581906 1.5334305489921136 48.0 
289.0 227.0 4.675023202581906 1.5334305489921136 48.0 
289.0 228.0 4.675023202581906 1.5334305489921136 48.0 
289.0 229.0 4.675023202581906 1.5334305489921136 48.0 
289.0 230.0 4.675023202581906 1.5334305489921136 48.0 
289.0 231.0 4.675023202581906 1.5334305489921136 48.0 
289.0 232.0 4.675023202581906 1.5334305489921136 48.0 
289.0 233.0 4.675023202581906 1.5334305489921136 48.0 
289.0 234.0 4.675023202581906 1.5334305489921136 48.0 
289.0 235.0 4.675023202581906 1.5334305489921136 48.0 
289.0 236.0 4.675023202581906 1.5334305489921136 48.0 
289.0 237.0 4.675023202581906 1.5334305489921136 48.0 
289.0 238.0 4.675023202581906 1.5334305489921136 48.0 
289.0 239.0 4.675023202581906 1.5334305489921136 48.0 
289.0 240.0 4.675023202581906 1.5334305489921136 48.0 
289.0 241.0 4.675023202581906 1.5334305489921136 48.0 
289.0 242.0 4.675023202581906 1.5334305489921136 48.0 
289.0 243.0 4.675023202581906 1.5334305489921136 48.0 
290.0 218.0 4.675023202581906 1.5334305489921136 48.0 
290.0 219.0 4.675023202581906 1.5334305489921136 48.0 
290.0 220.0 4.675023202581906 1.5334305489921136 48.0 
290.0 221.0 4.675023202581906 1.5334305489921136 48.0 
290.0 222.0 4.675023202581906 1.5334305489921136 48.0 
290.0 223.0 4.675023202581906 1.5334305489921136 48.0 
290.0 224.0 4.675023202581906 1.5334305489921136 48.0 
290.0 225.0 4.675023202581906 1.5334305489921136 48.0 
290.0 226.0 4.675023202581906 1.5334305489921136 48.0 
290.0 227.0 4.675023202581906 1.5334305489921136 48.0 
290.0 228.0 4.675023202581906 1.5334305489921136 48.0 
290.0 229.0 4.675023202581906 1.5334305489921136 48.0 
290.0 230.0 4.675023202581906 1.5334305489921136 48.0 
290.0 231.0 4.675023202581906 1.5334305489921136 48.0 
290.0 232.0 4.675023202581906 1.5334305489921136 48.0 
290.0 233.0 4.675023202581906 1.5334305489921136 48.0 
290.0 234.0 4.675023202581906 1.5334305489921136 48.0 
290.0 235.0 4.675023202581906 1.5334305489921136 48.0 
290.0 236.0 4.675023202581906 1.5334305489921136 48.0 
290.0 237.0 4.675023202581906 1.5334305489921136 48.0 
290.0 238.0 4.675023202581906 1.5334305489921136 48.0 
290.0 239.0 4.675023202581906 1.5334305489921136 48.0 
290.0 240.0 4.675023202581906 1.5334305489921136 48.0 
290.0 241.0 4.675023202581906 1.5334305489921136 48.0 
290.0 242.0 4.675023202581906 1.5334305489921136 48.0 
290.0 243.0 4.675023202581906 1.5334305489921136 48.0 
290.0 244.0 4.675023202581906 1.5334305489921136 48.0 
290.0 245.0 4.675023202581906 1.5334305489921136 48.0 
290.0 246.0 4.675023202581906 1.5334305489921136 48.0 
290.0 247.0 4.675023202581906 1.5334305489921136 48.0 
290.0 248.0 4.675023202581906 1.5334305489921136 48.0 
290.0 249.0 4.675023202581906 1.5334305489921136 48.0 
290.0 250.0 4.675023202581906 1.5334305489921136 48.0 
290.0 251.0 4.675023202581906 1.5334305489921136 48.0 
290.0 252.0 4.675023202581906 1.5334305489921136 48.0 
290.0 253.0 4.675023202581906 1.5334305489921136 48.0 
290.0 254.0 4.675023202581906 1.5334305489921136 48.0 
290.0 255.0 4.675023202581906 1.5334305489921136 48.0 
290.0 256.0 4.675023202581906 1.5334305489921136 48.0 
290.0 257.0 4.675023202581906 1.5334305489921136 48.0 
290.0 258.0 4.675023202581906 1.5334305489921136 48.0 
290.0 259.0 4.675023202581906 1.5334305489921136 48.0 
290.0 260.0 4.675023202581906 1.5334305489921136 48.0 
290.0 261.0 4.675023202581906 1.5334305489921136 48.0 
290.0 262.0 4.675023202581906 1.5334305489921136 48.0 
290.0 263.0 4.675023202581906 1.5334305489921136 48.0 
290.0 264.0 4.675023202581906 1.5334305489921136 48.0 
290.0 265.0 4.675023202581906 1.5334305489921136 48.0 
290.0 266.0 4.675023202581906 1.5334305489921136 48.0 
290.0 267.0 4.675023202581906 1.5334305489921136 48.0 
290.0 268.0 4.675023202581906 1.5334305489921136 48.0 
290.0 269.0 4.675023202581906 1.5334305489921136 48.0 
290.0 270.0 4.675023202581906 1.5334305489921136 48.0 
291.0 217.0 4.675023202581906 1.5334305489921136 48.0 
291.0 218.0 4.675023202581906 1.5334305489921136 48.0 
291.0 219.0 4.675023202581906 1.5334305489921136 48.0 
291.0 220.0 4.675023202581906 1.5334305489921136 48.0 
291.0 221.0 4.675023202581906 1.5334305489921136 48.0 
291.0 222.0 4.675023202581906 1.5334305489921136 48.0 
291.0 223.0 4.675023202581906 1.5334305489921136 48.0 
291.0 224.0 4.675023202581906 1.5334305489921136 48.0 
291.0 225.0 4.675023202581906 1.5334305489921136 48.0 
291.0 226.0 4.675023202581906 1.5334305489921136 48.0 
291.0 227.0 4.675023202581906 1.5334305489921136 48.0 
291.0 228.0 4.675023202581906 1.5334305489921136 48.0 
291.0 229.0 4.675023202581906 1.5334305489921136 48.0 
291.0 230.0 4.675023202581906 1.5334305489921136 48.0 
291.0 231.0 4.675023202581906 1.5334305489921136 48.0 
291.0 232.0 4.675023202581906 1.5334305489921136 48.0 
291.0 233.0 4.675023202581906 1.5334305489921136 48.0 
291.0 234.0 4.675023202581906 1.5334305489921136 48.0 
291.0 235.0 4.675023202581906 1.5334305489921136 48.0 
291.0 236.0 4.675023202581906 1.5334305489921136 48.0 
291.0 237.0 4.675023202581906 1.5334305489921136 48.0 
291.0 238.0 4.675023202581906 1.5334305489921136 48.0 
291.0 239.0 4.675023202581906 1.5334305489921136 48.0 
291.0 240.0 4.675023202581906 1.5334305489921136 48.0 
291.0 241.0 4.675023202581906 1.5334305489921136 48.0 
291.0 242.0 4.675023202581906 1.5334305489921136 48.0 
291.0 243.0 4.675023202581906 1.5334305489921136 48.0 
291.0 244.0 4.675023202581906 1.5334305489921136 48.0 
291.0 245.0 4.675023202581906 1.5334305489921136 48.0 
291.0 246.0 4.675023202581906 1.5334305489921136 48.0 
291.0 247.0 4.675023202581906 1.5334305489921136 48.0 
291.0 248.0 4.675023202581906 1.5334305489921136 48.0 
291.0 249.0 4.675023202581906 1.5334305489921136 48.0 
291.0 250.0 4.675023202581906 1.5334305489921136 48.0 
291.0 251.0 4.675023202581906 1.5334305489921136 48.0 
291.0 252.0 4.675023202581906 1.5334305489921136 48.0 
291.0 253.0 4.675023202581906 1.5334305489921136 48.0 
291.0 254.0 4.675023202581906 1.5334305489921136 48.0 
291.0 255.0 4.675023202581906 1.5334305489921136 48.0 
291.0 256.0 4.675023202581906 1.5334305489921136 48.0 
291.0 257.0 4.675023202581906 1.5334305489921136 48.0 
291.0 258.0 4.675023202581906 1.5334305489921136 48.0 
291.0 259.0 4.675023202581906 1.5334305489921136 48.0 
291.0 260.0 4.675023202581906 1.5334305489921136 48.0 
291.0 261.0 4.675023202581906 1.5334305489921136 48.0 
291.0 262.0 4.675023202581906 1.5334305489921136 48.0 
291.0 263.0 4.675023202581906 1.5334305489921136 48.0 
291.0 264.0 4.675023202581906 1.5334305489921136 48.0 
291.0 265.0 4.675023202581906 1.5334305489921136 48.0 
291.0 266.0 4.675023202581906 1.5334305489921136 48.0 
291.0 267.0 4.675023202581906 1.5334305489921136 48.0 
291.0 268.0 4.675023202581906 1.5334305489921136 48.0 
291.0 269.0 4.675023202581906 1.5334305489921136 48.0 
291.0 270.0 4.675023202581906 1.5334305489921136 48.0 
291.0 271.0 4.675023202581906 1.5334305489921136 48.0 
291.0 272.0 4.675023202581906 1.5334305489921136 48.0 
291.0 273.0 4.675023202581906 1.5334305489921136 48.0 
291.0 274.0 4.675023202581906 1.5334305489921136 48.0 
291.0 275.0 4.675023202581906 1.5334305489921136 48.0 
291.0 276.0 4.675023202581906 1.5334305489921136 48.0 
291.0 277.0 4.675023202581906 1.5334305489921136 48.0 
291.0 278.0 4.675023202581906 1.5334305489921136 48.0 
291.0 279.0 4.675023202581906 1.5334305489921136 48.0 
291.0 280.0 4.675023202581906 1.5334305489921136 48.0 
291.0 281.0 4.675023202581906 1.5334305489921136 48.0 
291.0 282.0 4.675023202581906 1.5334305489921136 48.0 
291.0 283.0 4.675023202581906 1.5334305489921136 48.0 
291.0 284.0 4.675023202581906 1.5334305489921136 48.0 
291.0 285.0 4.675023202581906 1.5334305489921136 48.0 
291.0 286.0 4.675023202581906 1.5334305489921136 48.0 
291.0 287.0 4.675023202581906 1.5334305489921136 48.0 
291.0 288.0 4.675023202581906 1.5334305489921136 48.0 
291.0 289.0 4.675023202581906 1.5334305489921136 48.0 
291.0 290.0 4.675023202581906 1.5334305489921136 48.0 
291.0 291.0 4.675023202581906 1.5334305489921136 48.0 
291.0 292.0 4.675023202581906 1.5334305489921136 48.0 
291.0 293.0 4.675023202581906 1.5334305489921136 48.0 
291.0 294.0 4.675023202581906 1.5334305489921136 48.0 
291.0 295.0 4.675023202581906 1.5334305489921136 48.0 
291.0 296.0 4.675023202581906 1.5334305489921136 48.0 
291.0 297.0 4.675023202581906 1.5334305489921136 48.0 
292.0 217.0 4.675023202581906 1.5334305489921136 48.0 
292.0 218.0 4.675023202581906 1.5334305489921136 48.0 
292.0 219.0 4.675023202581906 1.5334305489921136 48.0 
292.0 220.0 4.675023202581906 1.5334305489921136 48.0 
292.0 221.0 4.675023202581906 1.5334305489921136 48.0 
292.0 222.0 4.675023202581906 1.5334305489921136 48.0 
292.0 223.0 4.675023202581906 1.5334305489921136 48.0 
292.0 224.0 4.675023202581906 1.5334305489921136 48.0 
292.0 225.0 4.675023202581906 1.5334305489921136 48.0 
292.0 226.0 4.675023202581906 1.5334305489921136 48.0 
292.0 227.0 4.675023202581906 1.5334305489921136 48.0 
292.0 228.0 4.675023202581906 1.5334305489921136 48.0 
292.0 229.0 4.675023202581906 1.5334305489921136 48.0 
292.0 230.0 4.675023202581906 1.5334305489921136 48.0 
292.0 231.0 4.675023202581906 1.5334305489921136 48.0 
292.0 232.0 4.675023202581906 1.5334305489921136 48.0 
292.0 233.0 4.675023202581906 1.5334305489921136 48.0 
292.0 234.0 4.675023202581906 1.5334305489921136 48.0 
292.0 235.0 4.675023202581906 1.5334305489921136 48.0 
292.0 236.0 4.675023202581906 1.5334305489921136 48.0 
292.0 237.0 4.675023202581906 1.5334305489921136 48.0 
292.0 238.0 4.675023202581906 1.5334305489921136 48.0 
292.0 239.0 4.675023202581906 1.5334305489921136 48.0 
292.0 240.0 4.675023202581906 1.5334305489921136 48.0 
292.0 241.0 4.675023202581906 1.5334305489921136 48.0 
292.0 242.0 4.675023202581906 1.5334305489921136 48.0 
292.0 243.0 4.675023202581906 1.5334305489921136 48.0 
292.0 244.0 4.675023202581906 1.5334305489921136 48.0 
292.0 245.0 4.675023202581906 1.5334305489921136 48.0 
292.0 246.0 4.675023202581906 1.5334305489921136 48.0 
292.0 247.0 4.675023202581906 1.5334305489921136 48.0 
292.0 248.0 4.675023202581906 1.5334305489921136 48.0 
292.0 249.0 4.675023202581906 1.5334305489921136 48.0 
292.0 250.0 4.675023202581906 1.5334305489921136 48.0 
292.0 251.0 4.675023202581906 1.5334305489921136 48.0 
292.0 252.0 4.675023202581906 1.5334305489921136 48.0 
292.0 253.0 4.675023202581906 1.5334305489921136 48.0 
292.0 254.0 4.675023202581906 1.5334305489921136 48.0 
292.0 255.0 4.675023202581906 1.5334305489921136 48.0 
292.0 256.0 4.675023202581906 1.5334305489921136 48.0 
292.0 257.0 4.675023202581906 1.5334305489921136 48.0 
292.0 258.0 4.675023202581906 1.5334305489921136 48.0 
292.0 259.0 4.675023202581906 1.5334305489921136 48.0 
292.0 260.0 4.675023202581906 1.5334305489921136 48.0 
292.0 261.0 4.675023202581906 1.5334305489921136 48.0 
292.0 262.0 4.675023202581906 1.5334305489921136 48.0 
292.0 263.0 4.675023202581906 1.5334305489921136 48.0 
292.0 264.0 4.675023202581906 1.5334305489921136 48.0 
292.0 265.0 4.675023202581906 1.5334305489921136 48.0 
292.0 266.0 4.675023202581906 1.5334305489921136 48.0 
292.0 267.0 4.675023202581906 1.5334305489921136 48.0 
292.0 268.0 4.675023202581906 1.5334305489921136 48.0 
292.0 269.0 4.675023202581906 1.5334305489921136 48.0 
292.0 270.0 4.675023202581906 1.5334305489921136 48.0 
292.0 271.0 4.675023202581906 1.5334305489921136 48.0 
292.0 272.0 4.675023202581906 1.5334305489921136 48.0 
292.0 273.0 4.675023202581906 1.5334305489921136 48.0 
292.0 274.0 4.675023202581906 1.5334305489921136 48.0 
292.0 275.0 4.675023202581906 1.5334305489921136 48.0 
292.0 276.0 4.675023202581906 1.5334305489921136 48.0 
292.0 277.0 4.675023202581906 1.5334305489921136 48.0 
292.0 278.0 4.675023202581906 1.5334305489921136 48.0 
292.0 279.0 4.675023202581906 1.5334305489921136 48.0 
292.0 280.0 4.675023202581906 1.5334305489921136 48.0 
292.0 281.0 4.675023202581906 1.5334305489921136 48.0 
292.0 282.0 4.675023202581906 1.5334305489921136 48.0 
292.0 283.0 4.675023202581906 1.5334305489921136 48.0 
292.0 284.0 4.675023202581906 1.5334305489921136 48.0 
292.0 285.0 4.675023202581906 1.5334305489921136 48.0 
292.0 286.0 4.675023202581906 1.5334305489921136 48.0 
292.0 287.0 4.675023202581906 1.5334305489921136 48.0 
292.0 288.0 4.675023202581906 1.5334305489921136 48.0 
292.0 289.0 4.675023202581906 1.5334305489921136 48.0 
292.0 290.0 4.675023202581906 1.5334305489921136 48.0 
292.0 291.0 4.675023202581906 1.5334305489921136 48.0 
292.0 292.0 4.675023202581906 1.5334305489921136 48.0 
292.0 293.0 4.675023202581906 1.5334305489921136 48.0 
292.0 294.0 4.675023202581906 1.5334305489921136 48.0 
292.0 295.0 4.675023202581906 1.5334305489921136 48.0 
292.0 296.0 4.675023202581906 1.5334305489921136 48.0 
292.0 297.0 4.675023202581906 1.5334305489921136 48.0 
292.0 298.0 4.675023202581906 1.5334305489921136 48.0 
292.0 299.0 4.675023202581906 1.5334305489921136 48.0 
292.0 300.0 4.675023202581906 1.5334305489921136 48.0 
292.0 301.0 4.675023202581906 1.5334305489921136 48.0 
292.0 302.0 4.675023202581906 1.5334305489921136 48.0 
292.0 303.0 4.675023202581906 1.5334305489921136 48.0 
292.0 304.0 4.675023202581906 1.5334305489921136 48.0 
292.0 305.0 4.675023202581906 1.5334305489921136 48.0 
292.0 306.0 4.675023202581906 1.5334305489921136 48.0 
292.0 307.0 4.675023202581906 1.5334305489921136 48.0 
292.0 308.0 4.675023202581906 1.5334305489921136 48.0 
292.0 309.0 4.675023202581906 1.5334305489921136 48.0 
292.0 310.0 4.675023202581906 1.5334305489921136 48.0 
292.0 311.0 4.675023202581906 1.5334305489921136 48.0 
292.0 312.0 4.675023202581906 1.5334305489921136 48.0 
292.0 313.0 4.675023202581906 1.5334305489921136 48.0 
292.0 314.0 4.675023202581906 1.5334305489921136 48.0 
292.0 315.0 4.675023202581906 1.5334305489921136 48.0 
292.0 316.0 4.675023202581906 1.5334305489921136 48.0 
292.0 317.0 4.675023202581906 1.5334305489921136 48.0 
292.0 318.0 4.675023202581906 1.5334305489921136 48.0 
292.0 319.0 4.675023202581906 1.5334305489921136 48.0 
292.0 320.0 4.675023202581906 1.5334305489921136 48.0 
292.0 321.0 4.675023202581906 1.5334305489921136 48.0 
292.0 322.0 4.675023202581906 1.5334305489921136 48.0 
292.0 323.0 4.675023202581906 1.5334305489921136 48.0 
292.0 324.0 4.675023202581906 1.5334305489921136 48.0 
293.0 217.0 4.675023202581906 1.5334305489921136 48.0 
293.0 218.0 4.675023202581906 1.5334305489921136 48.0 
293.0 219.0 4.675023202581906 1.5334305489921136 48.0 
293.0 220.0 4.675023202581906 1.5334305489921136 48.0 
293.0 221.0 4.675023202581906 1.5334305489921136 48.0 
293.0 222.0 4.675023202581906 1.5334305489921136 48.0 
293.0 223.0 4.675023202581906 1.5334305489921136 48.0 
293.0 224.0 4.675023202581906 1.5334305489921136 48.0 
293.0 225.0 4.675023202581906 1.5334305489921136 48.0 
293.0 226.0 4.675023202581906 1.5334305489921136 48.0 
293.0 227.0 4.675023202581906 1.5334305489921136 48.0 
293.0 228.0 4.675023202581906 1.5334305489921136 48.0 
293.0 229.0 4.675023202581906 1.5334305489921136 48.0 
293.0 230.0 4.675023202581906 1.5334305489921136 48.0 
293.0 231.0 4.675023202581906 1.5334305489921136 48.0 
293.0 232.0 4.675023202581906 1.5334305489921136 48.0 
293.0 233.0 4.675023202581906 1.5334305489921136 48.0 
293.0 234.0 4.675023202581906 1.5334305489921136 48.0 
293.0 235.0 4.675023202581906 1.5334305489921136 48.0 
293.0 236.0 4.675023202581906 1.5334305489921136 48.0 
293.0 237.0 4.675023202581906 1.5334305489921136 48.0 
293.0 238.0 4.675023202581906 1.5334305489921136 48.0 
293.0 239.0 4.675023202581906 1.5334305489921136 48.0 
293.0 240.0 4.675023202581906 1.5334305489921136 48.0 
293.0 241.0 4.675023202581906 1.5334305489921136 48.0 
293.0 242.0 4.675023202581906 1.5334305489921136 48.0 
293.0 243.0 4.675023202581906 1.5334305489921136 48.0 
293.0 244.0 4.675023202581906 1.5334305489921136 48.0 
293.0 245.0 4.675023202581906 1.5334305489921136 48.0 
293.0 246.0 4.675023202581906 1.5334305489921136 48.0 
293.0 247.0 4.675023202581906 1.5334305489921136 48.0 
293.0 248.0 4.675023202581906 1.5334305489921136 48.0 
293.0 249.0 4.675023202581906 1.5334305489921136 48.0 
293.0 250.0 4.675023202581906 1.5334305489921136 48.0 
293.0 251.0 4.675023202581906 1.5334305489921136 48.0 
293.0 252.0 4.675023202581906 1.5334305489921136 48.0 
293.0 253.0 4.675023202581906 1.5334305489921136 48.0 
293.0 254.0 4.675023202581906 1.5334305489921136 48.0 
293.0 255.0 4.675023202581906 1.5334305489921136 48.0 
293.0 256.0 4.675023202581906 1.5334305489921136 48.0 
293.0 257.0 4.675023202581906 1.5334305489921136 48.0 
293.0 258.0 4.675023202581906 1.5334305489921136 48.0 
293.0 259.0 4.675023202581906 1.5334305489921136 48.0 
293.0 260.0 4.675023202581906 1.5334305489921136 48.0 
293.0 261.0 4.675023202581906 1.5334305489921136 48.0 
293.0 262.0 4.675023202581906 1.5334305489921136 48.0 
293.0 263.0 4.675023202581906 1.5334305489921136 48.0 
293.0 264.0 4.675023202581906 1.5334305489921136 48.0 
293.0 265.0 4.675023202581906 1.5334305489921136 48.0 
293.0 266.0 4.675023202581906 1.5334305489921136 48.0 
293.0 267.0 4.675023202581906 1.5334305489921136 48.0 
293.0 268.0 4.675023202581906 1.5334305489921136 48.0 
293.0 269.0 4.675023202581906 1.5334305489921136 48.0 
293.0 270.0 4.675023202581906 1.5334305489921136 48.0 
293.0 271.0 4.675023202581906 1.5334305489921136 48.0 
293.0 272.0 4.675023202581906 1.5334305489921136 48.0 
293.0 273.0 4.675023202581906 1.5334305489921136 48.0 
293.0 274.0 4.675023202581906 1.5334305489921136 48.0 
293.0 275.0 4.675023202581906 1.5334305489921136 48.0 
293.0 276.0 4.675023202581906 1.5334305489921136 48.0 
293.0 277.0 4.675023202581906 1.5334305489921136 48.0 
293.0 278.0 4.675023202581906 1.5334305489921136 48.0 
293.0 279.0 4.675023202581906 1.5334305489921136 48.0 
293.0 280.0 4.675023202581906 1.5334305489921136 48.0 
293.0 281.0 4.675023202581906 1.5334305489921136 48.0 
293.0 282.0 4.675023202581906 1.5334305489921136 48.0 
293.0 283.0 4.675023202581906 1.5334305489921136 48.0 
293.0 284.0 4.675023202581906 1.5334305489921136 48.0 
293.0 285.0 4.675023202581906 1.5334305489921136 48.0 
293.0 286.0 4.675023202581906 1.5334305489921136 48.0 
293.0 287.0 4.675023202581906 1.5334305489921136 48.0 
293.0 288.0 4.675023202581906 1.5334305489921136 48.0 
293.0 289.0 4.675023202581906 1.5334305489921136 48.0 
293.0 290.0 4.675023202581906 1.5334305489921136 48.0 
293.0 291.0 4.675023202581906 1.5334305489921136 48.0 
293.0 292.0 4.675023202581906 1.5334305489921136 48.0 
293.0 293.0 4.675023202581906 1.5334305489921136 48.0 
293.0 294.0 4.675023202581906 1.5334305489921136 48.0 
293.0 295.0 4.675023202581906 1.5334305489921136 48.0 
293.0 296.0 4.675023202581906 1.5334305489921136 48.0 
293.0 297.0 4.675023202581906 1.5334305489921136 48.0 
293.0 298.0 4.675023202581906 1.5334305489921136 48.0 
293.0 299.0 4.675023202581906 1.5334305489921136 48.0 
293.0 300.0 4.675023202581906 1.5334305489921136 48.0 
293.0 301.0 4.675023202581906 1.5334305489921136 48.0 
293.0 302.0 4.675023202581906 1.5334305489921136 48.0 
293.0 303.0 4.675023202581906 1.5334305489921136 48.0 
293.0 304.0 4.675023202581906 1.5334305489921136 48.0 
293.0 305.0 4.675023202581906 1.5334305489921136 48.0 
293.0 306.0 4.675023202581906 1.5334305489921136 48.0 
293.0 307.0 4.675023202581906 1.5334305489921136 48.0 
293.0 308.0 4.675023202581906 1.5334305489921136 48.0 
293.0 309.0 4.675023202581906 1.5334305489921136 48.0 
293.0 310.0 4.675023202581906 1.5334305489921136 48.0 
293.0 311.0 4.675023202581906 1.5334305489921136 48.0 
293.0 312.0 4.675023202581906 1.5334305489921136 48.0 
293.0 313.0 4.675023202581906 1.5334305489921136 48.0 
293.0 314.0 4.675023202581906 1.5334305489921136 48.0 
293.0 315.0 4.675023202581906 1.5334305489921136 48.0 
293.0 316.0 4.675023202581906 1.5334305489921136 48.0 
293.0 317.0 4.675023202581906 1.5334305489921136 48.0 
293.0 318.0 4.675023202581906 1.5334305489921136 48.0 
293.0 319.0 4.675023202581906 1.5334305489921136 48.0 
293.0 320.0 4.675023202581906 1.5334305489921136 48.0 
293.0 321.0 4.675023202581906 1.5334305489921136 48.0 
293.0 322.0 4.675023202581906 1.5334305489921136 48.0 
293.0 323.0 4.675023202581906 1.5334305489921136 48.0 
293.0 324.0 4.675023202581906 1.5334305489921136 48.0 
294.0 217.0 4.675023202581906 1.5334305489921136 48.0 
294.0 218.0 4.675023202581906 1.5334305489921136 48.0 
294.0 219.0 4.675023202581906 1.5334305489921136 48.0 
294.0 220.0 4.675023202581906 1.5334305489921136 48.0 
294.0 221.0 4.675023202581906 1.5334305489921136 48.0 
294.0 222.0 4.675023202581906 1.5334305489921136 48.0 
294.0 223.0 4.675023202581906 1.5334305489921136 48.0 
294.0 224.0 4.675023202581906 1.5334305489921136 48.0 
294.0 225.0 4.675023202581906 1.5334305489921136 48.0 
294.0 226.0 4.675023202581906 1.5334305489921136 48.0 
294.0 227.0 4.675023202581906 1.5334305489921136 48.0 
294.0 228.0 4.675023202581906 1.5334305489921136 48.0 
294.0 229.0 4.675023202581906 1.5334305489921136 48.0 
294.0 230.0 4.675023202581906 1.5334305489921136 48.0 
294.0 231.0 4.675023202581906 1.5334305489921136 48.0 
294.0 232.0 4.675023202581906 1.5334305489921136 48.0 
294.0 233.0 4.675023202581906 1.5334305489921136 48.0 
294.0 234.0 4.675023202581906 1.5334305489921136 48.0 
294.0 235.0 4.675023202581906 1.5334305489921136 48.0 
294.0 236.0 4.675023202581906 1.5334305489921136 48.0 
294.0 237.0 4.675023202581906 1.5334305489921136 48.0 
294.0 238.0 4.675023202581906 1.5334305489921136 48.0 
294.0 239.0 4.675023202581906 1.5334305489921136 48.0 
294.0 240.0 4.675023202581906 1.5334305489921136 48.0 
294.0 241.0 4.675023202581906 1.5334305489921136 48.0 
294.0 242.0 4.675023202581906 1.5334305489921136 48.0 
294.0 243.0 4.675023202581906 1.5334305489921136 48.0 
294.0 244.0 4.675023202581906 1.5334305489921136 48.0 
294.0 245.0 4.675023202581906 1.5334305489921136 48.0 
294.0 246.0 4.675023202581906 1.5334305489921136 48.0 
294.0 247.0 4.675023202581906 1.5334305489921136 48.0 
294.0 248.0 4.675023202581906 1.5334305489921136 48.0 
294.0 249.0 4.675023202581906 1.5334305489921136 48.0 
294.0 250.0 4.675023202581906 1.5334305489921136 48.0 
294.0 251.0 4.675023202581906 1.5334305489921136 48.0 
294.0 252.0 4.675023202581906 1.5334305489921136 48.0 
294.0 253.0 4.675023202581906 1.5334305489921136 48.0 
294.0 254.0 4.675023202581906 1.5334305489921136 48.0 
294.0 255.0 4.675023202581906 1.5334305489921136 48.0 
294.0 256.0 4.675023202581906 1.5334305489921136 48.0 
294.0 257.0 4.675023202581906 1.5334305489921136 48.0 
294.0 258.0 4.675023202581906 1.5334305489921136 48.0 
294.0 259.0 4.675023202581906 1.5334305489921136 48.0 
294.0 260.0 4.675023202581906 1.5334305489921136 48.0 
294.0 261.0 4.675023202581906 1.5334305489921136 48.0 
294.0 262.0 4.675023202581906 1.5334305489921136 48.0 
294.0 263.0 4.675023202581906 1.5334305489921136 48.0 
294.0 264.0 4.675023202581906 1.5334305489921136 48.0 
294.0 265.0 4.675023202581906 1.5334305489921136 48.0 
294.0 266.0 4.675023202581906 1.5334305489921136 48.0 
294.0 267.0 4.675023202581906 1.5334305489921136 48.0 
294.0 268.0 4.675023202581906 1.5334305489921136 48.0 
294.0 269.0 4.675023202581906 1.5334305489921136 48.0 
294.0 270.0 4.675023202581906 1.5334305489921136 48.0 
294.0 271.0 4.675023202581906 1.5334305489921136 48.0 
294.0 272.0 4.675023202581906 1.5334305489921136 48.0 
294.0 273.0 4.675023202581906 1.5334305489921136 48.0 
294.0 274.0 4.675023202581906 1.5334305489921136 48.0 
294.0 275.0 4.675023202581906 1.5334305489921136 48.0 
294.0 276.0 4.675023202581906 1.5334305489921136 48.0 
294.0 277.0 4.675023202581906 1.5334305489921136 48.0 
294.0 278.0 4.675023202581906 1.5334305489921136 48.0 
294.0 279.0 4.675023202581906 1.5334305489921136 48.0 
294.0 280.0 4.675023202581906 1.5334305489921136 48.0 
294.0 281.0 4.675023202581906 1.5334305489921136 48.0 
294.0 282.0 4.675023202581906 1.5334305489921136 48.0 
294.0 283.0 4.675023202581906 1.5334305489921136 48.0 
294.0 284.0 4.675023202581906 1.5334305489921136 48.0 
294.0 285.0 4.675023202581906 1.5334305489921136 48.0 
294.0 286.0 4.675023202581906 1.5334305489921136 48.0 
294.0 287.0 4.675023202581906 1.5334305489921136 48.0 
294.0 288.0 4.675023202581906 1.5334305489921136 48.0 
294.0 289.0 4.675023202581906 1.5334305489921136 48.0 
294.0 290.0 4.675023202581906 1.5334305489921136 48.0 
294.0 291.0 4.675023202581906 1.5334305489921136 48.0 
294.0 292.0 4.675023202581906 1.5334305489921136 48.0 
294.0 293.0 4.675023202581906 1.5334305489921136 48.0 
294.0 294.0 4.675023202581906 1.5334305489921136 48.0 
294.0 295.0 4.675023202581906 1.5334305489921136 48.0 
294.0 296.0 4.675023202581906 1.5334305489921136 48.0 
294.0 297.0 4.675023202581906 1.5334305489921136 48.0 
294.0 298.0 4.675023202581906 1.5334305489921136 48.0 
294.0 299.0 4.675023202581906 1.5334305489921136 48.0 
294.0 300.0 4.675023202581906 1.5334305489921136 48.0 
294.0 301.0 4.675023202581906 1.5334305489921136 48.0 
294.0 302.0 4.675023202581906 1.5334305489921136 48.0 
294.0 303.0 4.675023202581906 1.5334305489921136 48.0 
294.0 304.0 4.675023202581906 1.5334305489921136 48.0 
294.0 305.0 4.675023202581906 1.5334305489921136 48.0 
294.0 306.0 4.675023202581906 1.5334305489921136 48.0 
294.0 307.0 4.675023202581906 1.5334305489921136 48.0 
294.0 308.0 4.675023202581906 1.5334305489921136 48.0 
294.0 309.0 4.675023202581906 1.5334305489921136 48.0 
294.0 310.0 4.675023202581906 1.5334305489921136 48.0 
294.0 311.0 4.675023202581906 1.5334305489921136 48.0 
294.0 312.0 4.675023202581906 1.5334305489921136 48.0 
294.0 313.0 4.675023202581906 1.5334305489921136 48.0 
294.0 314.0 4.675023202581906 1.5334305489921136 48.0 
294.0 315.0 4.675023202581906 1.5334305489921136 48.0 
294.0 316.0 4.675023202581906 1.5334305489921136 48.0 
294.0 317.0 4.675023202581906 1.5334305489921136 48.0 
294.0 318.0 4.675023202581906 1.5334305489921136 48.0 
294.0 319.0 4.675023202581906 1.5334305489921136 48.0 
294.0 320.0 4.675023202581906 1.5334305489921136 48.0 
294.0 321.0 4.675023202581906 1.5334305489921136 48.0 
294.0 322.0 4.675023202581906 1.5334305489921136 48.0 
294.0 323.0 4.675023202581906 1.5334305489921136 48.0 
294.0 324.0 4.675023202581906 1.5334305489921136 48.0 
295.0 244.0 4.675023202581906 1.5334305489921136 48.0 
295.0 245.0 4.675023202581906 1.5334305489921136 48.0 
295.0 246.0 4.675023202581906 1.5334305489921136 48.0 
295.0 247.0 4.675023202581906 1.5334305489921136 48.0 
295.0 248.0 4.675023202581906 1.5334305489921136 48.0 
295.0 249.0 4.675023202581906 1.5334305489921136 48.0 
295.0 250.0 4.675023202581906 1.5334305489921136 48.0 
295.0 251.0 4.675023202581906 1.5334305489921136 48.0 
295.0 252.0 4.675023202581906 1.5334305489921136 48.0 
295.0 253.0 4.675023202581906 1.5334305489921136 48.0 
295.0 254.0 4.675023202581906 1.5334305489921136 48.0 
295.0 255.0 4.675023202581906 1.5334305489921136 48.0 
295.0 256.0 4.675023202581906 1.5334305489921136 48.0 
295.0 257.0 4.675023202581906 1.5334305489921136 48.0 
295.0 258.0 4.675023202581906 1.5334305489921136 48.0 
295.0 259.0 4.675023202581906 1.5334305489921136 48.0 
295.0 260.0 4.675023202581906 1.5334305489921136 48.0 
295.0 261.0 4.675023202581906 1.5334305489921136 48.0 
295.0 262.0 4.675023202581906 1.5334305489921136 48.0 
295.0 263.0 4.675023202581906 1.5334305489921136 48.0 
295.0 264.0 4.675023202581906 1.5334305489921136 48.0 
295.0 265.0 4.675023202581906 1.5334305489921136 48.0 
295.0 266.0 4.675023202581906 1.5334305489921136 48.0 
295.0 267.0 4.675023202581906 1.5334305489921136 48.0 
295.0 268.0 4.675023202581906 1.5334305489921136 48.0 
295.0 269.0 4.675023202581906 1.5334305489921136 48.0 
295.0 270.0 4.675023202581906 1.5334305489921136 48.0 
295.0 271.0 4.675023202581906 1.5334305489921136 48.0 
295.0 272.0 4.675023202581906 1.5334305489921136 48.0 
295.0 273.0 4.675023202581906 1.5334305489921136 48.0 
295.0 274.0 4.675023202581906 1.5334305489921136 48.0 
295.0 275.0 4.675023202581906 1.5334305489921136 48.0 
295.0 276.0 4.675023202581906 1.5334305489921136 48.0 
295.0 277.0 4.675023202581906 1.5334305489921136 48.0 
295.0 278.0 4.675023202581906 1.5334305489921136 48.0 
295.0 279.0 4.675023202581906 1.5334305489921136 48.0 
295.0 280.0 4.675023202581906 1.5334305489921136 48.0 
295.0 281.0 4.675023202581906 1.5334305489921136 48.0 
295.0 282.0 4.675023202581906 1.5334305489921136 48.0 
295.0 283.0 4.675023202581906 1.5334305489921136 48.0 
295.0 284.0 4.675023202581906 1.5334305489921136 48.0 
295.0 285.0 4.675023202581906 1.5334305489921136 48.0 
295.0 286.0 4.675023202581906 1.5334305489921136 48.0 
295.0 287.0 4.675023202581906 1.5334305489921136 48.0 
295.0 288.0 4.675023202581906 1.5334305489921136 48.0 
295.0 289.0 4.675023202581906 1.5334305489921136 48.0 
295.0 290.0 4.675023202581906 1.5334305489921136 48.0 
295.0 291.0 4.675023202581906 1.5334305489921136 48.0 
295.0 292.0 4.675023202581906 1.5334305489921136 48.0 
295.0 293.0 4.675023202581906 1.5334305489921136 48.0 
295.0 294.0 4.675023202581906 1.5334305489921136 48.0 
295.0 295.0 4.675023202581906 1.5334305489921136 48.0 
295.0 296.0 4.675023202581906 1.5334305489921136 48.0 
295.0 297.0 4.675023202581906 1.5334305489921136 48.0 
295.0 298.0 4.675023202581906 1.5334305489921136 48.0 
295.0 299.0 4.675023202581906 1.5334305489921136 48.0 
295.0 300.0 4.675023202581906 1.5334305489921136 48.0 
295.0 301.0 4.675023202581906 1.5334305489921136 48.0 
295.0 302.0 4.675023202581906 1.5334305489921136 48.0 
295.0 303.0 4.675023202581906 1.5334305489921136 48.0 
295.0 304.0 4.675023202581906 1.5334305489921136 48.0 
295.0 305.0 4.675023202581906 1.5334305489921136 48.0 
295.0 306.0 4.675023202581906 1.5334305489921136 48.0 
295.0 307.0 4.675023202581906 1.5334305489921136 48.0 
295.0 308.0 4.675023202581906 1.5334305489921136 48.0 
295.0 309.0 4.675023202581906 1.5334305489921136 48.0 
295.0 310.0 4.675023202581906 1.5334305489921136 48.0 
295.0 311.0 4.675023202581906 1.5334305489921136 48.0 
295.0 312.0 4.675023202581906 1.5334305489921136 48.0 
295.0 313.0 4.675023202581906 1.5334305489921136 48.0 
295.0 314.0 4.675023202581906 1.5334305489921136 48.0 
295.0 315.0 4.675023202581906 1.5334305489921136 48.0 
295.0 316.0 4.675023202581906 1.5334305489921136 48.0 
295.0 317.0 4.675023202581906 1.5334305489921136 48.0 
295.0 318.0 4.675023202581906 1.5334305489921136 48.0 
295.0 319.0 4.675023202581906 1.5334305489921136 48.0 
295.0 320.0 4.675023202581906 1.5334305489921136 48.0 
295.0 321.0 4.675023202581906 1.5334305489921136 48.0 
295.0 322.0 4.675023202581906 1.5334305489921136 48.0 
295.0 323.0 4.675023202581906 1.5334305489921136 48.0 
296.0 271.0 4.675023202581906 1.5334305489921136 48.0 
296.0 272.0 4.675023202581906 1.5334305489921136 48.0 
296.0 273.0 4.675023202581906 1.5334305489921136 48.0 
296.0 274.0 4.675023202581906 1.5334305489921136 48.0 
296.0 275.0 4.675023202581906 1.5334305489921136 48.0 
296.0 276.0 4.675023202581906 1.5334305489921136 48.0 
296.0 277.0 4.675023202581906 1.5334305489921136 48.0 
296.0 278.0 4.675023202581906 1.5334305489921136 48.0 
296.0 279.0 4.675023202581906 1.5334305489921136 48.0 
296.0 280.0 4.675023202581906 1.5334305489921136 48.0 
296.0 281.0 4.675023202581906 1.5334305489921136 48.0 
296.0 282.0 4.675023202581906 1.5334305489921136 48.0 
296.0 283.0 4.675023202581906 1.5334305489921136 48.0 
296.0 284.0 4.675023202581906 1.5334305489921136 48.0 
296.0 285.0 4.675023202581906 1.5334305489921136 48.0 
296.0 286.0 4.675023202581906 1.5334305489921136 48.0 
296.0 287.0 4.675023202581906 1.5334305489921136 48.0 
296.0 288.0 4.675023202581906 1.5334305489921136 48.0 
296.0 289.0 4.675023202581906 1.5334305489921136 48.0 
296.0 290.0 4.675023202581906 1.5334305489921136 48.0 
296.0 291.0 4.675023202581906 1.5334305489921136 48.0 
296.0 292.0 4.675023202581906 1.5334305489921136 48.0 
296.0 293.0 4.675023202581906 1.5334305489921136 48.0 
296.0 294.0 4.675023202581906 1.5334305489921136 48.0 
296.0 295.0 4.675023202581906 1.5334305489921136 48.0 
296.0 296.0 4.675023202581906 1.5334305489921136 48.0 
296.0 297.0 4.675023202581906 1.5334305489921136 48.0 
296.0 298.0 4.675023202581906 1.5334305489921136 48.0 
296.0 299.0 4.675023202581906 1.5334305489921136 48.0 
296.0 300.0 4.675023202581906 1.5334305489921136 48.0 
296.0 301.0 4.675023202581906 1.5334305489921136 48.0 
296.0 302.0 4.675023202581906 1.5334305489921136 48.0 
296.0 303.0 4.675023202581906 1.5334305489921136 48.0 
296.0 304.0 4.675023202581906 1.5334305489921136 48.0 
296.0 305.0 4.675023202581906 1.5334305489921136 48.0 
296.0 306.0 4.675023202581906 1.5334305489921136 48.0 
296.0 307.0 4.675023202581906 1.5334305489921136 48.0 
296.0 308.0 4.675023202581906 1.5334305489921136 48.0 
296.0 309.0 4.675023202581906 1.5334305489921136 48.0 
296.0 310.0 4.675023202581906 1.5334305489921136 48.0 
296.0 311.0 4.675023202581906 1.5334305489921136 48.0 
296.0 312.0 4.675023202581906 1.5334305489921136 48.0 
296.0 313.0 4.675023202581906 1.5334305489921136 48.0 
296.0 314.0 4.675023202581906 1.5334305489921136 48.0 
296.0 315.0 4.675023202581906 1.5334305489921136 48.0 
296.0 316.0 4.675023202581906 1.5334305489921136 48.0 
296.0 317.0 4.675023202581906 1.5334305489921136 48.0 
296.0 318.0 4.675023202581906 1.5334305489921136 48.0 
296.0 319.0 4.675023202581906 1.5334305489921136 48.0 
296.0 320.0 4.675023202581906 1.5334305489921136 48.0 
296.0 321.0 4.675023202581906 1.5334305489921136 48.0 
296.0 322.0 4.675023202581906 1.5334305489921136 48.0 
296.0 323.0 4.675023202581906 1.5334305489921136 48.0 
297.0 298.0 4.675023202581906 1.5334305489921136 48.0 
297.0 299.0 4.675023202581906 1.5334305489921136 48.0 
297.0 300.0 4.675023202581906 1.5334305489921136 48.0 
297.0 301.0 4.675023202581906 1.5334305489921136 48.0 
297.0 302.0 4.675023202581906 1.5334305489921136 48.0 
297.0 303.0 4.675023202581906 1.5334305489921136 48.0 
297.0 304.0 4.675023202581906 1.5334305489921136 48.0 
297.0 305.0 4.675023202581906 1.5334305489921136 48.0 
297.0 306.0 4.675023202581906 1.5334305489921136 48.0 
297.0 307.0 4.675023202581906 1.5334305489921136 48.0 
297.0 308.0 4.675023202581906 1.5334305489921136 48.0 
297.0 309.0 4.675023202581906 1.5334305489921136 48.0 
297.0 310.0 4.675023202581906 1.5334305489921136 48.0 
297.0 311.0 4.675023202581906 1.5334305489921136 48.0 
297.0 312.0 4.675023202581906 1.5334305489921136 48.0 
297.0 313.0 4.675023202581906 1.5334305489921136 48.0 
297.0 314.0 4.675023202581906 1.5334305489921136 48.0 
297.0 315.0 4.675023202581906 1.5334305489921136 48.0 
297.0 316.0 4.675023202581906 1.5334305489921136 48.0 
297.0 317.0 4.675023202581906 1.5334305489921136 48.0 
297.0 318.0 4.675023202581906 1.5334305489921136 48.0 
297.0 319.0 4.675023202581906 1.5334305489921136 48.0 
297.0 320.0 4.675023202581906 1.5334305489921136 48.0 
297.0 321.0 4.675023202581906 1.5334305489921136 48.0 
297.0 322.0 4.675023202581906 1.5334305489921136 48.0 
297.0 323.0 4.675023202581906 1.5334305489921136 48.0 
