283 297 48.0 
283 298 48.0 
283 299 48.0 
283 300 48.0 
283 301 48.0 
284 297 48.0 
284 298 48.0 
284 299 48.0 
284 300 48.0 
284 301 48.0 
285 297 48.0 
285 298 48.0 
285 299 48.0 
285 300 48.0 
285 301 48.0 
286 297 48.0 
286 298 48.0 
286 299 48.0 
286 300 48.0 
286 301 48.0 
287 297 48.0 
287 298 48.0 
287 299 48.0 
287 300 48.0 
287 301 48.0 
289.0 289.0 4.6724102932614 1.5308176396716067 72.0 
289.0 290.0 4.6724102932614 1.5308176396716067 72.0 
289.0 291.0 4.6724102932614 1.5308176396716067 72.0 
289.0 292.0 4.6724102932614 1.5308176396716067 72.0 
289.0 293.0 4.6724102932614 1.5308176396716067 72.0 
289.0 294.0 4.6724102932614 1.5308176396716067 72.0 
289.0 295.0 4.6724102932614 1.5308176396716067 72.0 
289.0 296.0 4.6724102932614 1.5308176396716067 72.0 
289.0 297.0 4.6724102932614 1.5308176396716067 72.0 
289.0 298.0 4.6724102932614 1.5308176396716067 72.0 
289.0 299.0 4.6724102932614 1.5308176396716067 72.0 
289.0 300.0 4.6724102932614 1.5308176396716067 72.0 
289.0 301.0 4.6724102932614 1.5308176396716067 72.0 
289.0 302.0 4.6724102932614 1.5308176396716067 72.0 
289.0 303.0 4.6724102932614 1.5308176396716067 72.0 
289.0 304.0 4.6724102932614 1.5308176396716067 72.0 
289.0 305.0 4.6724102932614 1.5308176396716067 72.0 
289.0 306.0 4.6724102932614 1.5308176396716067 72.0 
289.0 307.0 4.6724102932614 1.5308176396716067 72.0 
289.0 308.0 4.6724102932614 1.5308176396716067 72.0 
289.0 309.0 4.6724102932614 1.5308176396716067 72.0 
289.0 310.0 4.6724102932614 1.5308176396716067 72.0 
289.0 311.0 4.6724102932614 1.5308176396716067 72.0 
289.0 312.0 4.6724102932614 1.5308176396716067 72.0 
289.0 313.0 4.6724102932614 1.5308176396716067 72.0 
290.0 289.0 4.6724102932614 1.5308176396716067 72.0 
290.0 290.0 4.6724102932614 1.5308176396716067 72.0 
290.0 291.0 4.6724102932614 1.5308176396716067 72.0 
290.0 292.0 4.6724102932614 1.5308176396716067 72.0 
290.0 293.0 4.6724102932614 1.5308176396716067 72.0 
290.0 294.0 4.6724102932614 1.5308176396716067 72.0 
290.0 295.0 4.6724102932614 1.5308176396716067 72.0 
290.0 296.0 4.6724102932614 1.5308176396716067 72.0 
290.0 297.0 4.6724102932614 1.5308176396716067 72.0 
290.0 298.0 4.6724102932614 1.5308176396716067 72.0 
290.0 299.0 4.6724102932614 1.5308176396716067 72.0 
290.0 300.0 4.6724102932614 1.5308176396716067 72.0 
290.0 301.0 4.6724102932614 1.5308176396716067 72.0 
290.0 302.0 4.6724102932614 1.5308176396716067 72.0 
290.0 303.0 4.6724102932614 1.5308176396716067 72.0 
290.0 304.0 4.6724102932614 1.5308176396716067 72.0 
290.0 305.0 4.6724102932614 1.5308176396716067 72.0 
290.0 306.0 4.6724102932614 1.5308176396716067 72.0 
290.0 307.0 4.6724102932614 1.5308176396716067 72.0 
290.0 308.0 4.6724102932614 1.5308176396716067 72.0 
290.0 309.0 4.6724102932614 1.5308176396716067 72.0 
290.0 310.0 4.6724102932614 1.5308176396716067 72.0 
290.0 311.0 4.6724102932614 1.5308176396716067 72.0 
290.0 312.0 4.6724102932614 1.5308176396716067 72.0 
290.0 313.0 4.6724102932614 1.5308176396716067 72.0 
290.0 314.0 4.6724102932614 1.5308176396716067 72.0 
290.0 315.0 4.6724102932614 1.5308176396716067 72.0 
290.0 316.0 4.6724102932614 1.5308176396716067 72.0 
290.0 317.0 4.6724102932614 1.5308176396716067 72.0 
290.0 318.0 4.6724102932614 1.5308176396716067 72.0 
290.0 319.0 4.6724102932614 1.5308176396716067 72.0 
290.0 320.0 4.6724102932614 1.5308176396716067 72.0 
290.0 321.0 4.6724102932614 1.5308176396716067 72.0 
290.0 322.0 4.6724102932614 1.5308176396716067 72.0 
290.0 323.0 4.6724102932614 1.5308176396716067 72.0 
290.0 324.0 4.6724102932614 1.5308176396716067 72.0 
290.0 325.0 4.6724102932614 1.5308176396716067 72.0 
290.0 326.0 4.6724102932614 1.5308176396716067 72.0 
290.0 327.0 4.6724102932614 1.5308176396716067 72.0 
290.0 328.0 4.6724102932614 1.5308176396716067 72.0 
290.0 329.0 4.6724102932614 1.5308176396716067 72.0 
290.0 330.0 4.6724102932614 1.5308176396716067 72.0 
290.0 331.0 4.6724102932614 1.5308176396716067 72.0 
290.0 332.0 4.6724102932614 1.5308176396716067 72.0 
290.0 333.0 4.6724102932614 1.5308176396716067 72.0 
290.0 334.0 4.6724102932614 1.5308176396716067 72.0 
290.0 335.0 4.6724102932614 1.5308176396716067 72.0 
290.0 336.0 4.6724102932614 1.5308176396716067 72.0 
290.0 337.0 4.6724102932614 1.5308176396716067 72.0 
290.0 338.0 4.6724102932614 1.5308176396716067 72.0 
291.0 288.0 4.6724102932614 1.5308176396716067 72.0 
291.0 289.0 4.6724102932614 1.5308176396716067 72.0 
291.0 290.0 4.6724102932614 1.5308176396716067 72.0 
291.0 291.0 4.6724102932614 1.5308176396716067 72.0 
291.0 292.0 4.6724102932614 1.5308176396716067 72.0 
291.0 293.0 4.6724102932614 1.5308176396716067 72.0 
291.0 294.0 4.6724102932614 1.5308176396716067 72.0 
291.0 295.0 4.6724102932614 1.5308176396716067 72.0 
291.0 296.0 4.6724102932614 1.5308176396716067 72.0 
291.0 297.0 4.6724102932614 1.5308176396716067 72.0 
291.0 298.0 4.6724102932614 1.5308176396716067 72.0 
291.0 299.0 4.6724102932614 1.5308176396716067 72.0 
291.0 300.0 4.6724102932614 1.5308176396716067 72.0 
291.0 301.0 4.6724102932614 1.5308176396716067 72.0 
291.0 302.0 4.6724102932614 1.5308176396716067 72.0 
291.0 303.0 4.6724102932614 1.5308176396716067 72.0 
291.0 304.0 4.6724102932614 1.5308176396716067 72.0 
291.0 305.0 4.6724102932614 1.5308176396716067 72.0 
291.0 306.0 4.6724102932614 1.5308176396716067 72.0 
291.0 307.0 4.6724102932614 1.5308176396716067 72.0 
291.0 308.0 4.6724102932614 1.5308176396716067 72.0 
291.0 309.0 4.6724102932614 1.5308176396716067 72.0 
291.0 310.0 4.6724102932614 1.5308176396716067 72.0 
291.0 311.0 4.6724102932614 1.5308176396716067 72.0 
291.0 312.0 4.6724102932614 1.5308176396716067 72.0 
291.0 313.0 4.6724102932614 1.5308176396716067 72.0 
291.0 314.0 4.6724102932614 1.5308176396716067 72.0 
291.0 315.0 4.6724102932614 1.5308176396716067 72.0 
291.0 316.0 4.6724102932614 1.5308176396716067 72.0 
291.0 317.0 4.6724102932614 1.5308176396716067 72.0 
291.0 318.0 4.6724102932614 1.5308176396716067 72.0 
291.0 319.0 4.6724102932614 1.5308176396716067 72.0 
291.0 320.0 4.6724102932614 1.5308176396716067 72.0 
291.0 321.0 4.6724102932614 1.5308176396716067 72.0 
291.0 322.0 4.6724102932614 1.5308176396716067 72.0 
291.0 323.0 4.6724102932614 1.5308176396716067 72.0 
291.0 324.0 4.6724102932614 1.5308176396716067 72.0 
291.0 325.0 4.6724102932614 1.5308176396716067 72.0 
291.0 326.0 4.6724102932614 1.5308176396716067 72.0 
291.0 327.0 4.6724102932614 1.5308176396716067 72.0 
291.0 328.0 4.6724102932614 1.5308176396716067 72.0 
291.0 329.0 4.6724102932614 1.5308176396716067 72.0 
291.0 330.0 4.6724102932614 1.5308176396716067 72.0 
291.0 331.0 4.6724102932614 1.5308176396716067 72.0 
291.0 332.0 4.6724102932614 1.5308176396716067 72.0 
291.0 333.0 4.6724102932614 1.5308176396716067 72.0 
291.0 334.0 4.6724102932614 1.5308176396716067 72.0 
291.0 335.0 4.6724102932614 1.5308176396716067 72.0 
291.0 336.0 4.6724102932614 1.5308176396716067 72.0 
291.0 337.0 4.6724102932614 1.5308176396716067 72.0 
291.0 338.0 4.6724102932614 1.5308176396716067 72.0 
292.0 288.0 4.6724102932614 1.5308176396716067 72.0 
292.0 289.0 4.6724102932614 1.5308176396716067 72.0 
292.0 290.0 4.6724102932614 1.5308176396716067 72.0 
292.0 291.0 4.6724102932614 1.5308176396716067 72.0 
292.0 292.0 4.6724102932614 1.5308176396716067 72.0 
292.0 293.0 4.6724102932614 1.5308176396716067 72.0 
292.0 294.0 4.6724102932614 1.5308176396716067 72.0 
292.0 295.0 4.6724102932614 1.5308176396716067 72.0 
292.0 296.0 4.6724102932614 1.5308176396716067 72.0 
292.0 297.0 4.6724102932614 1.5308176396716067 72.0 
292.0 298.0 4.6724102932614 1.5308176396716067 72.0 
292.0 299.0 4.6724102932614 1.5308176396716067 72.0 
292.0 300.0 4.6724102932614 1.5308176396716067 72.0 
292.0 301.0 4.6724102932614 1.5308176396716067 72.0 
292.0 302.0 4.6724102932614 1.5308176396716067 72.0 
292.0 303.0 4.6724102932614 1.5308176396716067 72.0 
292.0 304.0 4.6724102932614 1.5308176396716067 72.0 
292.0 305.0 4.6724102932614 1.5308176396716067 72.0 
292.0 306.0 4.6724102932614 1.5308176396716067 72.0 
292.0 307.0 4.6724102932614 1.5308176396716067 72.0 
292.0 308.0 4.6724102932614 1.5308176396716067 72.0 
292.0 309.0 4.6724102932614 1.5308176396716067 72.0 
292.0 310.0 4.6724102932614 1.5308176396716067 72.0 
292.0 311.0 4.6724102932614 1.5308176396716067 72.0 
292.0 312.0 4.6724102932614 1.5308176396716067 72.0 
292.0 313.0 4.6724102932614 1.5308176396716067 72.0 
292.0 314.0 4.6724102932614 1.5308176396716067 72.0 
292.0 315.0 4.6724102932614 1.5308176396716067 72.0 
292.0 316.0 4.6724102932614 1.5308176396716067 72.0 
292.0 317.0 4.6724102932614 1.5308176396716067 72.0 
292.0 318.0 4.6724102932614 1.5308176396716067 72.0 
292.0 319.0 4.6724102932614 1.5308176396716067 72.0 
292.0 320.0 4.6724102932614 1.5308176396716067 72.0 
292.0 321.0 4.6724102932614 1.5308176396716067 72.0 
292.0 322.0 4.6724102932614 1.5308176396716067 72.0 
292.0 323.0 4.6724102932614 1.5308176396716067 72.0 
292.0 324.0 4.6724102932614 1.5308176396716067 72.0 
292.0 325.0 4.6724102932614 1.5308176396716067 72.0 
292.0 326.0 4.6724102932614 1.5308176396716067 72.0 
292.0 327.0 4.6724102932614 1.5308176396716067 72.0 
292.0 328.0 4.6724102932614 1.5308176396716067 72.0 
292.0 329.0 4.6724102932614 1.5308176396716067 72.0 
292.0 330.0 4.6724102932614 1.5308176396716067 72.0 
292.0 331.0 4.6724102932614 1.5308176396716067 72.0 
292.0 332.0 4.6724102932614 1.5308176396716067 72.0 
292.0 333.0 4.6724102932614 1.5308176396716067 72.0 
292.0 334.0 4.6724102932614 1.5308176396716067 72.0 
292.0 335.0 4.6724102932614 1.5308176396716067 72.0 
292.0 336.0 4.6724102932614 1.5308176396716067 72.0 
292.0 337.0 4.6724102932614 1.5308176396716067 72.0 
292.0 338.0 4.6724102932614 1.5308176396716067 72.0 
293.0 288.0 4.6724102932614 1.5308176396716067 72.0 
293.0 289.0 4.6724102932614 1.5308176396716067 72.0 
293.0 290.0 4.6724102932614 1.5308176396716067 72.0 
293.0 291.0 4.6724102932614 1.5308176396716067 72.0 
293.0 292.0 4.6724102932614 1.5308176396716067 72.0 
293.0 293.0 4.6724102932614 1.5308176396716067 72.0 
293.0 294.0 4.6724102932614 1.5308176396716067 72.0 
293.0 295.0 4.6724102932614 1.5308176396716067 72.0 
293.0 296.0 4.6724102932614 1.5308176396716067 72.0 
293.0 297.0 4.6724102932614 1.5308176396716067 72.0 
293.0 298.0 4.6724102932614 1.5308176396716067 72.0 
293.0 299.0 4.6724102932614 1.5308176396716067 72.0 
293.0 300.0 4.6724102932614 1.5308176396716067 72.0 
293.0 301.0 4.6724102932614 1.5308176396716067 72.0 
293.0 302.0 4.6724102932614 1.5308176396716067 72.0 
293.0 303.0 4.6724102932614 1.5308176396716067 72.0 
293.0 304.0 4.6724102932614 1.5308176396716067 72.0 
293.0 305.0 4.6724102932614 1.5308176396716067 72.0 
293.0 306.0 4.6724102932614 1.5308176396716067 72.0 
293.0 307.0 4.6724102932614 1.5308176396716067 72.0 
293.0 308.0 4.6724102932614 1.5308176396716067 72.0 
293.0 309.0 4.6724102932614 1.5308176396716067 72.0 
293.0 310.0 4.6724102932614 1.5308176396716067 72.0 
293.0 311.0 4.6724102932614 1.5308176396716067 72.0 
293.0 312.0 4.6724102932614 1.5308176396716067 72.0 
293.0 313.0 4.6724102932614 1.5308176396716067 72.0 
293.0 314.0 4.6724102932614 1.5308176396716067 72.0 
293.0 315.0 4.6724102932614 1.5308176396716067 72.0 
293.0 316.0 4.6724102932614 1.5308176396716067 72.0 
293.0 317.0 4.6724102932614 1.5308176396716067 72.0 
293.0 318.0 4.6724102932614 1.5308176396716067 72.0 
293.0 319.0 4.6724102932614 1.5308176396716067 72.0 
293.0 320.0 4.6724102932614 1.5308176396716067 72.0 
293.0 321.0 4.6724102932614 1.5308176396716067 72.0 
293.0 322.0 4.6724102932614 1.5308176396716067 72.0 
293.0 323.0 4.6724102932614 1.5308176396716067 72.0 
293.0 324.0 4.6724102932614 1.5308176396716067 72.0 
293.0 325.0 4.6724102932614 1.5308176396716067 72.0 
293.0 326.0 4.6724102932614 1.5308176396716067 72.0 
293.0 327.0 4.6724102932614 1.5308176396716067 72.0 
293.0 328.0 4.6724102932614 1.5308176396716067 72.0 
293.0 329.0 4.6724102932614 1.5308176396716067 72.0 
293.0 330.0 4.6724102932614 1.5308176396716067 72.0 
293.0 331.0 4.6724102932614 1.5308176396716067 72.0 
293.0 332.0 4.6724102932614 1.5308176396716067 72.0 
293.0 333.0 4.6724102932614 1.5308176396716067 72.0 
293.0 334.0 4.6724102932614 1.5308176396716067 72.0 
293.0 335.0 4.6724102932614 1.5308176396716067 72.0 
293.0 336.0 4.6724102932614 1.5308176396716067 72.0 
293.0 337.0 4.6724102932614 1.5308176396716067 72.0 
294.0 288.0 4.6724102932614 1.5308176396716067 72.0 
294.0 289.0 4.6724102932614 1.5308176396716067 72.0 
294.0 290.0 4.6724102932614 1.5308176396716067 72.0 
294.0 291.0 4.6724102932614 1.5308176396716067 72.0 
294.0 292.0 4.6724102932614 1.5308176396716067 72.0 
294.0 293.0 4.6724102932614 1.5308176396716067 72.0 
294.0 294.0 4.6724102932614 1.5308176396716067 72.0 
294.0 295.0 4.6724102932614 1.5308176396716067 72.0 
294.0 296.0 4.6724102932614 1.5308176396716067 72.0 
294.0 297.0 4.6724102932614 1.5308176396716067 72.0 
294.0 298.0 4.6724102932614 1.5308176396716067 72.0 
294.0 299.0 4.6724102932614 1.5308176396716067 72.0 
294.0 300.0 4.6724102932614 1.5308176396716067 72.0 
294.0 301.0 4.6724102932614 1.5308176396716067 72.0 
294.0 302.0 4.6724102932614 1.5308176396716067 72.0 
294.0 303.0 4.6724102932614 1.5308176396716067 72.0 
294.0 304.0 4.6724102932614 1.5308176396716067 72.0 
294.0 305.0 4.6724102932614 1.5308176396716067 72.0 
294.0 306.0 4.6724102932614 1.5308176396716067 72.0 
294.0 307.0 4.6724102932614 1.5308176396716067 72.0 
294.0 308.0 4.6724102932614 1.5308176396716067 72.0 
294.0 309.0 4.6724102932614 1.5308176396716067 72.0 
294.0 310.0 4.6724102932614 1.5308176396716067 72.0 
294.0 311.0 4.6724102932614 1.5308176396716067 72.0 
294.0 312.0 4.6724102932614 1.5308176396716067 72.0 
294.0 313.0 4.6724102932614 1.5308176396716067 72.0 
294.0 314.0 4.6724102932614 1.5308176396716067 72.0 
294.0 315.0 4.6724102932614 1.5308176396716067 72.0 
294.0 316.0 4.6724102932614 1.5308176396716067 72.0 
294.0 317.0 4.6724102932614 1.5308176396716067 72.0 
294.0 318.0 4.6724102932614 1.5308176396716067 72.0 
294.0 319.0 4.6724102932614 1.5308176396716067 72.0 
294.0 320.0 4.6724102932614 1.5308176396716067 72.0 
294.0 321.0 4.6724102932614 1.5308176396716067 72.0 
294.0 322.0 4.6724102932614 1.5308176396716067 72.0 
294.0 323.0 4.6724102932614 1.5308176396716067 72.0 
294.0 324.0 4.6724102932614 1.5308176396716067 72.0 
294.0 325.0 4.6724102932614 1.5308176396716067 72.0 
294.0 326.0 4.6724102932614 1.5308176396716067 72.0 
294.0 327.0 4.6724102932614 1.5308176396716067 72.0 
294.0 328.0 4.6724102932614 1.5308176396716067 72.0 
294.0 329.0 4.6724102932614 1.5308176396716067 72.0 
294.0 330.0 4.6724102932614 1.5308176396716067 72.0 
294.0 331.0 4.6724102932614 1.5308176396716067 72.0 
294.0 332.0 4.6724102932614 1.5308176396716067 72.0 
294.0 333.0 4.6724102932614 1.5308176396716067 72.0 
294.0 334.0 4.6724102932614 1.5308176396716067 72.0 
294.0 335.0 4.6724102932614 1.5308176396716067 72.0 
294.0 336.0 4.6724102932614 1.5308176396716067 72.0 
294.0 337.0 4.6724102932614 1.5308176396716067 72.0 
295.0 313.0 4.6724102932614 1.5308176396716067 72.0 
295.0 314.0 4.6724102932614 1.5308176396716067 72.0 
295.0 315.0 4.6724102932614 1.5308176396716067 72.0 
295.0 316.0 4.6724102932614 1.5308176396716067 72.0 
295.0 317.0 4.6724102932614 1.5308176396716067 72.0 
295.0 318.0 4.6724102932614 1.5308176396716067 72.0 
295.0 319.0 4.6724102932614 1.5308176396716067 72.0 
295.0 320.0 4.6724102932614 1.5308176396716067 72.0 
295.0 321.0 4.6724102932614 1.5308176396716067 72.0 
295.0 322.0 4.6724102932614 1.5308176396716067 72.0 
295.0 323.0 4.6724102932614 1.5308176396716067 72.0 
295.0 324.0 4.6724102932614 1.5308176396716067 72.0 
295.0 325.0 4.6724102932614 1.5308176396716067 72.0 
295.0 326.0 4.6724102932614 1.5308176396716067 72.0 
295.0 327.0 4.6724102932614 1.5308176396716067 72.0 
295.0 328.0 4.6724102932614 1.5308176396716067 72.0 
295.0 329.0 4.6724102932614 1.5308176396716067 72.0 
295.0 330.0 4.6724102932614 1.5308176396716067 72.0 
295.0 331.0 4.6724102932614 1.5308176396716067 72.0 
295.0 332.0 4.6724102932614 1.5308176396716067 72.0 
295.0 333.0 4.6724102932614 1.5308176396716067 72.0 
295.0 334.0 4.6724102932614 1.5308176396716067 72.0 
295.0 335.0 4.6724102932614 1.5308176396716067 72.0 
295.0 336.0 4.6724102932614 1.5308176396716067 72.0 
295.0 337.0 4.6724102932614 1.5308176396716067 72.0 
275 256 4.778957144160514 32.0 
275 257 4.778957144160514 32.0 
275 258 4.778957144160514 32.0 
275 259 4.778957144160514 32.0 
275 260 4.778957144160514 32.0 
275 261 4.778957144160514 32.0 
275 262 4.778957144160514 32.0 
275 263 4.778957144160514 32.0 
275 264 4.778957144160514 32.0 
275 265 4.778957144160514 32.0 
275 266 4.778957144160514 32.0 
275 267 4.778957144160514 32.0 
275 268 4.778957144160514 32.0 
275 269 4.778957144160514 32.0 
275 270 4.778957144160514 32.0 
276 256 4.778957144160514 32.0 
276 257 4.778957144160514 32.0 
276 258 4.778957144160514 32.0 
276 259 4.778957144160514 32.0 
276 260 4.778957144160514 32.0 
276 261 4.778957144160514 32.0 
276 262 4.778957144160514 32.0 
276 263 4.778957144160514 32.0 
276 264 4.778957144160514 32.0 
276 265 4.778957144160514 32.0 
276 266 4.778957144160514 32.0 
276 267 4.778957144160514 32.0 
276 268 4.778957144160514 32.0 
276 269 4.778957144160514 32.0 
276 270 4.778957144160514 32.0 
276 271 4.778957144160514 32.0 
273 362 3.338988213439673 16.0 
273 363 3.338988213439673 16.0 
274 362 3.338988213439673 16.0 
274 363 3.338988213439673 16.0 
275 362 3.338988213439673 16.0 
275 363 3.338988213439673 16.0 
276 362 3.338988213439673 16.0 
276 363 3.338988213439673 16.0 
277 362 3.338988213439673 16.0 
277 363 3.338988213439673 16.0 
278 362 3.338988213439673 16.0 
278 363 3.338988213439673 16.0 
278 364 3.338988213439673 16.0 
279 363 3.338988213439673 16.0 
279 364 3.338988213439673 16.0 
280 363 3.338988213439673 16.0 
280 364 3.338988213439673 16.0 
281 363 3.338988213439673 16.0 
281 364 3.338988213439673 16.0 
282 363 3.338988213439673 16.0 
282 364 3.338988213439673 16.0 
283 363 3.338988213439673 16.0 
