258.0 339.0 1.9666467681323136 5.108239421722106 36.0 
258.0 340.0 1.9666467681323136 5.108239421722106 36.0 
259.0 336.0 1.9666467681323136 5.108239421722106 36.0 
259.0 337.0 1.9666467681323136 5.108239421722106 36.0 
259.0 338.0 1.9666467681323136 5.108239421722106 36.0 
259.0 339.0 1.9666467681323136 5.108239421722106 36.0 
259.0 340.0 1.9666467681323136 5.108239421722106 36.0 
260.0 334.0 1.9666467681323136 5.108239421722106 36.0 
260.0 335.0 1.9666467681323136 5.108239421722106 36.0 
260.0 336.0 1.9666467681323136 5.108239421722106 36.0 
260.0 337.0 1.9666467681323136 5.108239421722106 36.0 
260.0 338.0 1.9666467681323136 5.108239421722106 36.0 
260.0 339.0 1.9666467681323136 5.108239421722106 36.0 
260.0 340.0 1.9666467681323136 5.108239421722106 36.0 
261.0 331.0 1.9666467681323136 5.108239421722106 36.0 
261.0 332.0 1.9666467681323136 5.108239421722106 36.0 
261.0 333.0 1.9666467681323136 5.108239421722106 36.0 
261.0 334.0 1.9666467681323136 5.108239421722106 36.0 
261.0 335.0 1.9666467681323136 5.108239421722106 36.0 
261.0 336.0 1.9666467681323136 5.108239421722106 36.0 
261.0 337.0 1.9666467681323136 5.108239421722106 36.0 
261.0 338.0 1.9666467681323136 5.108239421722106 36.0 
261.0 339.0 1.9666467681323136 5.108239421722106 36.0 
261.0 340.0 1.9666467681323136 5.108239421722106 36.0 
261.0 341.0 1.9666467681323136 5.108239421722106 36.0 
262.0 329.0 1.9666467681323136 5.108239421722106 36.0 
262.0 330.0 1.9666467681323136 5.108239421722106 36.0 
262.0 331.0 1.9666467681323136 5.108239421722106 36.0 
262.0 332.0 1.9666467681323136 5.108239421722106 36.0 
262.0 333.0 1.9666467681323136 5.108239421722106 36.0 
262.0 334.0 1.9666467681323136 5.108239421722106 36.0 
262.0 335.0 1.9666467681323136 5.108239421722106 36.0 
262.0 336.0 1.9666467681323136 5.108239421722106 36.0 
262.0 337.0 1.9666467681323136 5.108239421722106 36.0 
262.0 338.0 1.9666467681323136 5.108239421722106 36.0 
262.0 339.0 1.9666467681323136 5.108239421722106 36.0 
262.0 340.0 1.9666467681323136 5.108239421722106 36.0 
262.0 341.0 1.9666467681323136 5.108239421722106 36.0 
263.0 327.0 1.9666467681323136 5.108239421722106 36.0 
263.0 328.0 1.9666467681323136 5.108239421722106 36.0 
263.0 329.0 1.9666467681323136 5.108239421722106 36.0 
263.0 330.0 1.9666467681323136 5.108239421722106 36.0 
263.0 331.0 1.9666467681323136 5.108239421722106 36.0 
263.0 332.0 1.9666467681323136 5.108239421722106 36.0 
263.0 333.0 1.9666467681323136 5.108239421722106 36.0 
263.0 334.0 1.9666467681323136 5.108239421722106 36.0 
263.0 335.0 1.9666467681323136 5.108239421722106 36.0 
263.0 336.0 1.9666467681323136 5.108239421722106 36.0 
263.0 337.0 1.9666467681323136 5.108239421722106 36.0 
263.0 338.0 1.9666467681323136 5.108239421722106 36.0 
263.0 339.0 1.9666467681323136 5.108239421722106 36.0 
263.0 340.0 1.9666467681323136 5.108239421722106 36.0 
263.0 341.0 1.9666467681323136 5.108239421722106 36.0 
264.0 324.0 1.9666467681323136 5.108239421722106 36.0 
264.0 325.0 1.9666467681323136 5.108239421722106 36.0 
264.0 326.0 1.9666467681323136 5.108239421722106 36.0 
264.0 327.0 1.9666467681323136 5.108239421722106 36.0 
264.0 328.0 1.9666467681323136 5.108239421722106 36.0 
264.0 329.0 1.9666467681323136 5.108239421722106 36.0 
264.0 330.0 1.9666467681323136 5.108239421722106 36.0 
264.0 331.0 1.9666467681323136 5.108239421722106 36.0 
264.0 332.0 1.9666467681323136 5.108239421722106 36.0 
264.0 333.0 1.9666467681323136 5.108239421722106 36.0 
264.0 334.0 1.9666467681323136 5.108239421722106 36.0 
264.0 335.0 1.9666467681323136 5.108239421722106 36.0 
264.0 336.0 1.9666467681323136 5.108239421722106 36.0 
264.0 337.0 1.9666467681323136 5.108239421722106 36.0 
264.0 338.0 1.9666467681323136 5.108239421722106 36.0 
264.0 339.0 1.9666467681323136 5.108239421722106 36.0 
265.0 322.0 1.9666467681323136 5.108239421722106 36.0 
265.0 323.0 1.9666467681323136 5.108239421722106 36.0 
265.0 324.0 1.9666467681323136 5.108239421722106 36.0 
265.0 325.0 1.9666467681323136 5.108239421722106 36.0 
265.0 326.0 1.9666467681323136 5.108239421722106 36.0 
265.0 327.0 1.9666467681323136 5.108239421722106 36.0 
265.0 328.0 1.9666467681323136 5.108239421722106 36.0 
265.0 329.0 1.9666467681323136 5.108239421722106 36.0 
265.0 330.0 1.9666467681323136 5.108239421722106 36.0 
265.0 331.0 1.9666467681323136 5.108239421722106 36.0 
265.0 332.0 1.9666467681323136 5.108239421722106 36.0 
265.0 333.0 1.9666467681323136 5.108239421722106 36.0 
265.0 334.0 1.9666467681323136 5.108239421722106 36.0 
265.0 335.0 1.9666467681323136 5.108239421722106 36.0 
265.0 336.0 1.9666467681323136 5.108239421722106 36.0 
266.0 319.0 1.9666467681323136 5.108239421722106 36.0 
266.0 320.0 1.9666467681323136 5.108239421722106 36.0 
266.0 321.0 1.9666467681323136 5.108239421722106 36.0 
266.0 322.0 1.9666467681323136 5.108239421722106 36.0 
266.0 323.0 1.9666467681323136 5.108239421722106 36.0 
266.0 324.0 1.9666467681323136 5.108239421722106 36.0 
266.0 325.0 1.9666467681323136 5.108239421722106 36.0 
266.0 326.0 1.9666467681323136 5.108239421722106 36.0 
266.0 327.0 1.9666467681323136 5.108239421722106 36.0 
266.0 328.0 1.9666467681323136 5.108239421722106 36.0 
266.0 329.0 1.9666467681323136 5.108239421722106 36.0 
266.0 330.0 1.9666467681323136 5.108239421722106 36.0 
266.0 331.0 1.9666467681323136 5.108239421722106 36.0 
266.0 332.0 1.9666467681323136 5.108239421722106 36.0 
266.0 333.0 1.9666467681323136 5.108239421722106 36.0 
266.0 334.0 1.9666467681323136 5.108239421722106 36.0 
267.0 317.0 1.9666467681323136 5.108239421722106 36.0 
267.0 318.0 1.9666467681323136 5.108239421722106 36.0 
267.0 319.0 1.9666467681323136 5.108239421722106 36.0 
267.0 320.0 1.9666467681323136 5.108239421722106 36.0 
267.0 321.0 1.9666467681323136 5.108239421722106 36.0 
267.0 322.0 1.9666467681323136 5.108239421722106 36.0 
267.0 323.0 1.9666467681323136 5.108239421722106 36.0 
267.0 324.0 1.9666467681323136 5.108239421722106 36.0 
267.0 325.0 1.9666467681323136 5.108239421722106 36.0 
267.0 326.0 1.9666467681323136 5.108239421722106 36.0 
267.0 327.0 1.9666467681323136 5.108239421722106 36.0 
267.0 328.0 1.9666467681323136 5.108239421722106 36.0 
267.0 329.0 1.9666467681323136 5.108239421722106 36.0 
267.0 330.0 1.9666467681323136 5.108239421722106 36.0 
267.0 331.0 1.9666467681323136 5.108239421722106 36.0 
267.0 332.0 1.9666467681323136 5.108239421722106 36.0 
268.0 315.0 1.9666467681323136 5.108239421722106 36.0 
268.0 316.0 1.9666467681323136 5.108239421722106 36.0 
268.0 317.0 1.9666467681323136 5.108239421722106 36.0 
268.0 318.0 1.9666467681323136 5.108239421722106 36.0 
268.0 319.0 1.9666467681323136 5.108239421722106 36.0 
268.0 320.0 1.9666467681323136 5.108239421722106 36.0 
268.0 321.0 1.9666467681323136 5.108239421722106 36.0 
268.0 322.0 1.9666467681323136 5.108239421722106 36.0 
268.0 323.0 1.9666467681323136 5.108239421722106 36.0 
268.0 324.0 1.9666467681323136 5.108239421722106 36.0 
268.0 325.0 1.9666467681323136 5.108239421722106 36.0 
268.0 326.0 1.9666467681323136 5.108239421722106 36.0 
268.0 327.0 1.9666467681323136 5.108239421722106 36.0 
268.0 328.0 1.9666467681323136 5.108239421722106 36.0 
268.0 329.0 1.9666467681323136 5.108239421722106 36.0 
269.0 312.0 1.9666467681323136 5.108239421722106 36.0 
269.0 313.0 1.9666467681323136 5.108239421722106 36.0 
269.0 314.0 1.9666467681323136 5.108239421722106 36.0 
269.0 315.0 1.9666467681323136 5.108239421722106 36.0 
269.0 316.0 1.9666467681323136 5.108239421722106 36.0 
269.0 317.0 1.9666467681323136 5.108239421722106 36.0 
269.0 318.0 1.9666467681323136 5.108239421722106 36.0 
269.0 319.0 1.9666467681323136 5.108239421722106 36.0 
269.0 320.0 1.9666467681323136 5.108239421722106 36.0 
269.0 321.0 1.9666467681323136 5.108239421722106 36.0 
269.0 322.0 1.9666467681323136 5.108239421722106 36.0 
269.0 323.0 1.9666467681323136 5.108239421722106 36.0 
269.0 324.0 1.9666467681323136 5.108239421722106 36.0 
269.0 325.0 1.9666467681323136 5.108239421722106 36.0 
269.0 326.0 1.9666467681323136 5.108239421722106 36.0 
269.0 327.0 1.9666467681323136 5.108239421722106 36.0 
270.0 310.0 1.9666467681323136 5.108239421722106 36.0 
270.0 311.0 1.9666467681323136 5.108239421722106 36.0 
270.0 312.0 1.9666467681323136 5.108239421722106 36.0 
270.0 313.0 1.9666467681323136 5.108239421722106 36.0 
270.0 314.0 1.9666467681323136 5.108239421722106 36.0 
270.0 315.0 1.9666467681323136 5.108239421722106 36.0 
270.0 316.0 1.9666467681323136 5.108239421722106 36.0 
270.0 317.0 1.9666467681323136 5.108239421722106 36.0 
270.0 318.0 1.9666467681323136 5.108239421722106 36.0 
270.0 319.0 1.9666467681323136 5.108239421722106 36.0 
270.0 320.0 1.9666467681323136 5.108239421722106 36.0 
270.0 321.0 1.9666467681323136 5.108239421722106 36.0 
270.0 322.0 1.9666467681323136 5.108239421722106 36.0 
270.0 323.0 1.9666467681323136 5.108239421722106 36.0 
270.0 324.0 1.9666467681323136 5.108239421722106 36.0 
271.0 307.0 1.9666467681323136 5.108239421722106 36.0 
271.0 308.0 1.9666467681323136 5.108239421722106 36.0 
271.0 309.0 1.9666467681323136 5.108239421722106 36.0 
271.0 310.0 1.9666467681323136 5.108239421722106 36.0 
271.0 311.0 1.9666467681323136 5.108239421722106 36.0 
271.0 312.0 1.9666467681323136 5.108239421722106 36.0 
271.0 313.0 1.9666467681323136 5.108239421722106 36.0 
271.0 314.0 1.9666467681323136 5.108239421722106 36.0 
271.0 315.0 1.9666467681323136 5.108239421722106 36.0 
271.0 316.0 1.9666467681323136 5.108239421722106 36.0 
271.0 317.0 1.9666467681323136 5.108239421722106 36.0 
271.0 318.0 1.9666467681323136 5.108239421722106 36.0 
271.0 319.0 1.9666467681323136 5.108239421722106 36.0 
271.0 320.0 1.9666467681323136 5.108239421722106 36.0 
271.0 321.0 1.9666467681323136 5.108239421722106 36.0 
271.0 322.0 1.9666467681323136 5.108239421722106 36.0 
272.0 305.0 1.9666467681323136 5.108239421722106 36.0 
272.0 306.0 1.9666467681323136 5.108239421722106 36.0 
272.0 307.0 1.9666467681323136 5.108239421722106 36.0 
272.0 308.0 1.9666467681323136 5.108239421722106 36.0 
272.0 309.0 1.9666467681323136 5.108239421722106 36.0 
272.0 310.0 1.9666467681323136 5.108239421722106 36.0 
272.0 311.0 1.9666467681323136 5.108239421722106 36.0 
272.0 312.0 1.9666467681323136 5.108239421722106 36.0 
272.0 313.0 1.9666467681323136 5.108239421722106 36.0 
272.0 314.0 1.9666467681323136 5.108239421722106 36.0 
272.0 315.0 1.9666467681323136 5.108239421722106 36.0 
272.0 316.0 1.9666467681323136 5.108239421722106 36.0 
272.0 317.0 1.9666467681323136 5.108239421722106 36.0 
272.0 318.0 1.9666467681323136 5.108239421722106 36.0 
272.0 319.0 1.9666467681323136 5.108239421722106 36.0 
272.0 320.0 1.9666467681323136 5.108239421722106 36.0 
273.0 303.0 1.9666467681323136 5.108239421722106 36.0 
273.0 304.0 1.9666467681323136 5.108239421722106 36.0 
273.0 305.0 1.9666467681323136 5.108239421722106 36.0 
273.0 306.0 1.9666467681323136 5.108239421722106 36.0 
273.0 307.0 1.9666467681323136 5.108239421722106 36.0 
273.0 308.0 1.9666467681323136 5.108239421722106 36.0 
273.0 309.0 1.9666467681323136 5.108239421722106 36.0 
273.0 310.0 1.9666467681323136 5.108239421722106 36.0 
273.0 311.0 1.9666467681323136 5.108239421722106 36.0 
273.0 312.0 1.9666467681323136 5.108239421722106 36.0 
273.0 313.0 1.9666467681323136 5.108239421722106 36.0 
273.0 314.0 1.9666467681323136 5.108239421722106 36.0 
273.0 315.0 1.9666467681323136 5.108239421722106 36.0 
273.0 316.0 1.9666467681323136 5.108239421722106 36.0 
273.0 317.0 1.9666467681323136 5.108239421722106 36.0 
274.0 300.0 1.9666467681323136 5.108239421722106 36.0 
274.0 301.0 1.9666467681323136 5.108239421722106 36.0 
274.0 302.0 1.9666467681323136 5.108239421722106 36.0 
274.0 303.0 1.9666467681323136 5.108239421722106 36.0 
274.0 304.0 1.9666467681323136 5.108239421722106 36.0 
274.0 305.0 1.9666467681323136 5.108239421722106 36.0 
274.0 306.0 1.9666467681323136 5.108239421722106 36.0 
274.0 307.0 1.9666467681323136 5.108239421722106 36.0 
274.0 308.0 1.9666467681323136 5.108239421722106 36.0 
274.0 309.0 1.9666467681323136 5.108239421722106 36.0 
274.0 310.0 1.9666467681323136 5.108239421722106 36.0 
274.0 311.0 1.9666467681323136 5.108239421722106 36.0 
274.0 312.0 1.9666467681323136 5.108239421722106 36.0 
274.0 313.0 1.9666467681323136 5.108239421722106 36.0 
274.0 314.0 1.9666467681323136 5.108239421722106 36.0 
274.0 315.0 1.9666467681323136 5.108239421722106 36.0 
275.0 298.0 1.9666467681323136 5.108239421722106 36.0 
275.0 299.0 1.9666467681323136 5.108239421722106 36.0 
275.0 300.0 1.9666467681323136 5.108239421722106 36.0 
275.0 301.0 1.9666467681323136 5.108239421722106 36.0 
275.0 302.0 1.9666467681323136 5.108239421722106 36.0 
275.0 303.0 1.9666467681323136 5.108239421722106 36.0 
275.0 304.0 1.9666467681323136 5.108239421722106 36.0 
275.0 305.0 1.9666467681323136 5.108239421722106 36.0 
275.0 306.0 1.9666467681323136 5.108239421722106 36.0 
275.0 307.0 1.9666467681323136 5.108239421722106 36.0 
275.0 308.0 1.9666467681323136 5.108239421722106 36.0 
275.0 309.0 1.9666467681323136 5.108239421722106 36.0 
275.0 310.0 1.9666467681323136 5.108239421722106 36.0 
275.0 311.0 1.9666467681323136 5.108239421722106 36.0 
275.0 312.0 1.9666467681323136 5.108239421722106 36.0 
276.0 295.0 1.9666467681323136 5.108239421722106 36.0 
276.0 296.0 1.9666467681323136 5.108239421722106 36.0 
276.0 297.0 1.9666467681323136 5.108239421722106 36.0 
276.0 298.0 1.9666467681323136 5.108239421722106 36.0 
276.0 299.0 1.9666467681323136 5.108239421722106 36.0 
276.0 300.0 1.9666467681323136 5.108239421722106 36.0 
276.0 301.0 1.9666467681323136 5.108239421722106 36.0 
276.0 302.0 1.9666467681323136 5.108239421722106 36.0 
276.0 303.0 1.9666467681323136 5.108239421722106 36.0 
276.0 304.0 1.9666467681323136 5.108239421722106 36.0 
276.0 305.0 1.9666467681323136 5.108239421722106 36.0 
276.0 306.0 1.9666467681323136 5.108239421722106 36.0 
276.0 307.0 1.9666467681323136 5.108239421722106 36.0 
276.0 308.0 1.9666467681323136 5.108239421722106 36.0 
276.0 309.0 1.9666467681323136 5.108239421722106 36.0 
276.0 310.0 1.9666467681323136 5.108239421722106 36.0 
277.0 293.0 1.9666467681323136 5.108239421722106 36.0 
277.0 294.0 1.9666467681323136 5.108239421722106 36.0 
277.0 295.0 1.9666467681323136 5.108239421722106 36.0 
277.0 296.0 1.9666467681323136 5.108239421722106 36.0 
277.0 297.0 1.9666467681323136 5.108239421722106 36.0 
277.0 298.0 1.9666467681323136 5.108239421722106 36.0 
277.0 299.0 1.9666467681323136 5.108239421722106 36.0 
277.0 300.0 1.9666467681323136 5.108239421722106 36.0 
277.0 301.0 1.9666467681323136 5.108239421722106 36.0 
277.0 302.0 1.9666467681323136 5.108239421722106 36.0 
277.0 303.0 1.9666467681323136 5.108239421722106 36.0 
277.0 304.0 1.9666467681323136 5.108239421722106 36.0 
277.0 305.0 1.9666467681323136 5.108239421722106 36.0 
277.0 306.0 1.9666467681323136 5.108239421722106 36.0 
277.0 307.0 1.9666467681323136 5.108239421722106 36.0 
277.0 308.0 1.9666467681323136 5.108239421722106 36.0 
278.0 291.0 1.9666467681323136 5.108239421722106 36.0 
278.0 292.0 1.9666467681323136 5.108239421722106 36.0 
278.0 293.0 1.9666467681323136 5.108239421722106 36.0 
278.0 294.0 1.9666467681323136 5.108239421722106 36.0 
278.0 295.0 1.9666467681323136 5.108239421722106 36.0 
278.0 296.0 1.9666467681323136 5.108239421722106 36.0 
278.0 297.0 1.9666467681323136 5.108239421722106 36.0 
278.0 298.0 1.9666467681323136 5.108239421722106 36.0 
278.0 299.0 1.9666467681323136 5.108239421722106 36.0 
278.0 300.0 1.9666467681323136 5.108239421722106 36.0 
278.0 301.0 1.9666467681323136 5.108239421722106 36.0 
278.0 302.0 1.9666467681323136 5.108239421722106 36.0 
278.0 303.0 1.9666467681323136 5.108239421722106 36.0 
278.0 304.0 1.9666467681323136 5.108239421722106 36.0 
278.0 305.0 1.9666467681323136 5.108239421722106 36.0 
279.0 288.0 1.9666467681323136 5.108239421722106 36.0 
279.0 289.0 1.9666467681323136 5.108239421722106 36.0 
279.0 290.0 1.9666467681323136 5.108239421722106 36.0 
279.0 291.0 1.9666467681323136 5.108239421722106 36.0 
279.0 292.0 1.9666467681323136 5.108239421722106 36.0 
279.0 293.0 1.9666467681323136 5.108239421722106 36.0 
279.0 294.0 1.9666467681323136 5.108239421722106 36.0 
279.0 295.0 1.9666467681323136 5.108239421722106 36.0 
279.0 296.0 1.9666467681323136 5.108239421722106 36.0 
279.0 297.0 1.9666467681323136 5.108239421722106 36.0 
279.0 298.0 1.9666467681323136 5.108239421722106 36.0 
279.0 299.0 1.9666467681323136 5.108239421722106 36.0 
279.0 300.0 1.9666467681323136 5.108239421722106 36.0 
279.0 301.0 1.9666467681323136 5.108239421722106 36.0 
279.0 302.0 1.9666467681323136 5.108239421722106 36.0 
279.0 303.0 1.9666467681323136 5.108239421722106 36.0 
280.0 286.0 1.9666467681323136 5.108239421722106 36.0 
280.0 287.0 1.9666467681323136 5.108239421722106 36.0 
280.0 288.0 1.9666467681323136 5.108239421722106 36.0 
280.0 289.0 1.9666467681323136 5.108239421722106 36.0 
280.0 290.0 1.9666467681323136 5.108239421722106 36.0 
280.0 291.0 1.9666467681323136 5.108239421722106 36.0 
280.0 292.0 1.9666467681323136 5.108239421722106 36.0 
280.0 293.0 1.9666467681323136 5.108239421722106 36.0 
280.0 294.0 1.9666467681323136 5.108239421722106 36.0 
280.0 295.0 1.9666467681323136 5.108239421722106 36.0 
280.0 296.0 1.9666467681323136 5.108239421722106 36.0 
280.0 297.0 1.9666467681323136 5.108239421722106 36.0 
280.0 298.0 1.9666467681323136 5.108239421722106 36.0 
280.0 299.0 1.9666467681323136 5.108239421722106 36.0 
280.0 300.0 1.9666467681323136 5.108239421722106 36.0 
281.0 283.0 1.9666467681323136 5.108239421722106 36.0 
281.0 284.0 1.9666467681323136 5.108239421722106 36.0 
281.0 285.0 1.9666467681323136 5.108239421722106 36.0 
281.0 286.0 1.9666467681323136 5.108239421722106 36.0 
281.0 287.0 1.9666467681323136 5.108239421722106 36.0 
281.0 288.0 1.9666467681323136 5.108239421722106 36.0 
281.0 289.0 1.9666467681323136 5.108239421722106 36.0 
281.0 290.0 1.9666467681323136 5.108239421722106 36.0 
281.0 291.0 1.9666467681323136 5.108239421722106 36.0 
281.0 292.0 1.9666467681323136 5.108239421722106 36.0 
281.0 293.0 1.9666467681323136 5.108239421722106 36.0 
281.0 294.0 1.9666467681323136 5.108239421722106 36.0 
281.0 295.0 1.9666467681323136 5.108239421722106 36.0 
281.0 296.0 1.9666467681323136 5.108239421722106 36.0 
281.0 297.0 1.9666467681323136 5.108239421722106 36.0 
281.0 298.0 1.9666467681323136 5.108239421722106 36.0 
282.0 281.0 1.9666467681323136 5.108239421722106 36.0 
282.0 282.0 1.9666467681323136 5.108239421722106 36.0 
282.0 283.0 1.9666467681323136 5.108239421722106 36.0 
282.0 284.0 1.9666467681323136 5.108239421722106 36.0 
282.0 285.0 1.9666467681323136 5.108239421722106 36.0 
282.0 286.0 1.9666467681323136 5.108239421722106 36.0 
282.0 287.0 1.9666467681323136 5.108239421722106 36.0 
282.0 288.0 1.9666467681323136 5.108239421722106 36.0 
282.0 289.0 1.9666467681323136 5.108239421722106 36.0 
282.0 290.0 1.9666467681323136 5.108239421722106 36.0 
282.0 291.0 1.9666467681323136 5.108239421722106 36.0 
282.0 292.0 1.9666467681323136 5.108239421722106 36.0 
282.0 293.0 1.9666467681323136 5.108239421722106 36.0 
282.0 294.0 1.9666467681323136 5.108239421722106 36.0 
282.0 295.0 1.9666467681323136 5.108239421722106 36.0 
282.0 296.0 1.9666467681323136 5.108239421722106 36.0 
283.0 279.0 1.9666467681323136 5.108239421722106 36.0 
283.0 280.0 1.9666467681323136 5.108239421722106 36.0 
283.0 281.0 1.9666467681323136 5.108239421722106 36.0 
283.0 282.0 1.9666467681323136 5.108239421722106 36.0 
283.0 283.0 1.9666467681323136 5.108239421722106 36.0 
283.0 284.0 1.9666467681323136 5.108239421722106 36.0 
283.0 285.0 1.9666467681323136 5.108239421722106 36.0 
283.0 286.0 1.9666467681323136 5.108239421722106 36.0 
283.0 287.0 1.9666467681323136 5.108239421722106 36.0 
283.0 288.0 1.9666467681323136 5.108239421722106 36.0 
283.0 289.0 1.9666467681323136 5.108239421722106 36.0 
283.0 290.0 1.9666467681323136 5.108239421722106 36.0 
283.0 291.0 1.9666467681323136 5.108239421722106 36.0 
283.0 292.0 1.9666467681323136 5.108239421722106 36.0 
283.0 293.0 1.9666467681323136 5.108239421722106 36.0 
284.0 276.0 1.9666467681323136 5.108239421722106 36.0 
284.0 277.0 1.9666467681323136 5.108239421722106 36.0 
284.0 278.0 1.9666467681323136 5.108239421722106 36.0 
284.0 279.0 1.9666467681323136 5.108239421722106 36.0 
284.0 280.0 1.9666467681323136 5.108239421722106 36.0 
284.0 281.0 1.9666467681323136 5.108239421722106 36.0 
284.0 282.0 1.9666467681323136 5.108239421722106 36.0 
284.0 283.0 1.9666467681323136 5.108239421722106 36.0 
284.0 284.0 1.9666467681323136 5.108239421722106 36.0 
284.0 285.0 1.9666467681323136 5.108239421722106 36.0 
284.0 286.0 1.9666467681323136 5.108239421722106 36.0 
284.0 287.0 1.9666467681323136 5.108239421722106 36.0 
284.0 288.0 1.9666467681323136 5.108239421722106 36.0 
284.0 289.0 1.9666467681323136 5.108239421722106 36.0 
284.0 290.0 1.9666467681323136 5.108239421722106 36.0 
284.0 291.0 1.9666467681323136 5.108239421722106 36.0 
285.0 274.0 1.9666467681323136 5.108239421722106 36.0 
285.0 275.0 1.9666467681323136 5.108239421722106 36.0 
285.0 276.0 1.9666467681323136 5.108239421722106 36.0 
285.0 277.0 1.9666467681323136 5.108239421722106 36.0 
285.0 278.0 1.9666467681323136 5.108239421722106 36.0 
285.0 279.0 1.9666467681323136 5.108239421722106 36.0 
285.0 280.0 1.9666467681323136 5.108239421722106 36.0 
285.0 281.0 1.9666467681323136 5.108239421722106 36.0 
285.0 282.0 1.9666467681323136 5.108239421722106 36.0 
285.0 283.0 1.9666467681323136 5.108239421722106 36.0 
285.0 284.0 1.9666467681323136 5.108239421722106 36.0 
285.0 285.0 1.9666467681323136 5.108239421722106 36.0 
285.0 286.0 1.9666467681323136 5.108239421722106 36.0 
285.0 287.0 1.9666467681323136 5.108239421722106 36.0 
285.0 288.0 1.9666467681323136 5.108239421722106 36.0 
286.0 274.0 1.9666467681323136 5.108239421722106 36.0 
286.0 275.0 1.9666467681323136 5.108239421722106 36.0 
286.0 276.0 1.9666467681323136 5.108239421722106 36.0 
286.0 277.0 1.9666467681323136 5.108239421722106 36.0 
286.0 278.0 1.9666467681323136 5.108239421722106 36.0 
286.0 279.0 1.9666467681323136 5.108239421722106 36.0 
286.0 280.0 1.9666467681323136 5.108239421722106 36.0 
286.0 281.0 1.9666467681323136 5.108239421722106 36.0 
286.0 282.0 1.9666467681323136 5.108239421722106 36.0 
286.0 283.0 1.9666467681323136 5.108239421722106 36.0 
286.0 284.0 1.9666467681323136 5.108239421722106 36.0 
286.0 285.0 1.9666467681323136 5.108239421722106 36.0 
286.0 286.0 1.9666467681323136 5.108239421722106 36.0 
287.0 274.0 1.9666467681323136 5.108239421722106 36.0 
287.0 275.0 1.9666467681323136 5.108239421722106 36.0 
287.0 276.0 1.9666467681323136 5.108239421722106 36.0 
287.0 277.0 1.9666467681323136 5.108239421722106 36.0 
287.0 278.0 1.9666467681323136 5.108239421722106 36.0 
287.0 279.0 1.9666467681323136 5.108239421722106 36.0 
287.0 280.0 1.9666467681323136 5.108239421722106 36.0 
287.0 281.0 1.9666467681323136 5.108239421722106 36.0 
287.0 282.0 1.9666467681323136 5.108239421722106 36.0 
287.0 283.0 1.9666467681323136 5.108239421722106 36.0 
287.0 284.0 1.9666467681323136 5.108239421722106 36.0 
288.0 274.0 1.9666467681323136 5.108239421722106 36.0 
288.0 275.0 1.9666467681323136 5.108239421722106 36.0 
288.0 276.0 1.9666467681323136 5.108239421722106 36.0 
288.0 277.0 1.9666467681323136 5.108239421722106 36.0 
288.0 278.0 1.9666467681323136 5.108239421722106 36.0 
288.0 279.0 1.9666467681323136 5.108239421722106 36.0 
288.0 280.0 1.9666467681323136 5.108239421722106 36.0 
288.0 281.0 1.9666467681323136 5.108239421722106 36.0 
289.0 275.0 1.9666467681323136 5.108239421722106 36.0 
289.0 276.0 1.9666467681323136 5.108239421722106 36.0 
289.0 277.0 1.9666467681323136 5.108239421722106 36.0 
289.0 278.0 1.9666467681323136 5.108239421722106 36.0 
289.0 279.0 1.9666467681323136 5.108239421722106 36.0 
290.0 275.0 1.9666467681323136 5.108239421722106 36.0 
290.0 276.0 1.9666467681323136 5.108239421722106 36.0 
