370.0 274.0 2.6546934217785254 5.796286075368319 32.0 
371.0 273.0 2.6546934217785254 5.796286075368319 32.0 
371.0 274.0 2.6546934217785254 5.796286075368319 32.0 
371.0 275.0 2.6546934217785254 5.796286075368319 32.0 
371.0 276.0 2.6546934217785254 5.796286075368319 32.0 
372.0 273.0 2.6546934217785254 5.796286075368319 32.0 
372.0 274.0 2.6546934217785254 5.796286075368319 32.0 
372.0 275.0 2.6546934217785254 5.796286075368319 32.0 
373.0 272.0 2.6546934217785254 5.796286075368319 32.0 
373.0 273.0 2.6546934217785254 5.796286075368319 32.0 
373.0 274.0 2.6546934217785254 5.796286075368319 32.0 
373.0 275.0 2.6546934217785254 5.796286075368319 32.0 
374.0 272.0 2.6546934217785254 5.796286075368319 32.0 
374.0 273.0 2.6546934217785254 5.796286075368319 32.0 
374.0 274.0 2.6546934217785254 5.796286075368319 32.0 
375.0 271.0 2.6546934217785254 5.796286075368319 32.0 
375.0 272.0 2.6546934217785254 5.796286075368319 32.0 
375.0 273.0 2.6546934217785254 5.796286075368319 32.0 
375.0 274.0 2.6546934217785254 5.796286075368319 32.0 
376.0 271.0 2.6546934217785254 5.796286075368319 32.0 
376.0 272.0 2.6546934217785254 5.796286075368319 32.0 
376.0 273.0 2.6546934217785254 5.796286075368319 32.0 
377.0 270.0 2.6546934217785254 5.796286075368319 32.0 
377.0 271.0 2.6546934217785254 5.796286075368319 32.0 
377.0 272.0 2.6546934217785254 5.796286075368319 32.0 
378.0 270.0 2.6546934217785254 5.796286075368319 32.0 
378.0 271.0 2.6546934217785254 5.796286075368319 32.0 
378.0 272.0 2.6546934217785254 5.796286075368319 32.0 
379.0 269.0 2.6546934217785254 5.796286075368319 32.0 
379.0 270.0 2.6546934217785254 5.796286075368319 32.0 
379.0 271.0 2.6546934217785254 5.796286075368319 32.0 
380.0 269.0 2.6546934217785254 5.796286075368319 32.0 
380.0 270.0 2.6546934217785254 5.796286075368319 32.0 
380.0 271.0 2.6546934217785254 5.796286075368319 32.0 
381.0 268.0 2.6546934217785254 5.796286075368319 32.0 
381.0 269.0 2.6546934217785254 5.796286075368319 32.0 
381.0 270.0 2.6546934217785254 5.796286075368319 32.0 
382.0 267.0 2.6546934217785254 5.796286075368319 32.0 
382.0 268.0 2.6546934217785254 5.796286075368319 32.0 
382.0 269.0 2.6546934217785254 5.796286075368319 32.0 
382.0 270.0 2.6546934217785254 5.796286075368319 32.0 
383.0 267.0 2.6546934217785254 5.796286075368319 32.0 
383.0 268.0 2.6546934217785254 5.796286075368319 32.0 
383.0 269.0 2.6546934217785254 5.796286075368319 32.0 
384.0 266.0 2.6546934217785254 5.796286075368319 32.0 
384.0 267.0 2.6546934217785254 5.796286075368319 32.0 
384.0 268.0 2.6546934217785254 5.796286075368319 32.0 
384.0 269.0 2.6546934217785254 5.796286075368319 32.0 
385.0 266.0 2.6546934217785254 5.796286075368319 32.0 
385.0 267.0 2.6546934217785254 5.796286075368319 32.0 
385.0 268.0 2.6546934217785254 5.796286075368319 32.0 
386.0 265.0 2.6546934217785254 5.796286075368319 32.0 
386.0 266.0 2.6546934217785254 5.796286075368319 32.0 
386.0 267.0 2.6546934217785254 5.796286075368319 32.0 
386.0 268.0 2.6546934217785254 5.796286075368319 32.0 
387.0 266.0 2.6546934217785254 5.796286075368319 32.0 
387.0 267.0 2.6546934217785254 5.796286075368319 32.0 
340.0 289.0 2.723368324010563 5.864960977600356 40.0 
340.0 290.0 2.723368324010563 5.864960977600356 40.0 
340.0 291.0 2.723368324010563 5.864960977600356 40.0 
341.0 289.0 2.723368324010563 5.864960977600356 40.0 
341.0 290.0 2.723368324010563 5.864960977600356 40.0 
341.0 291.0 2.723368324010563 5.864960977600356 40.0 
341.0 292.0 2.723368324010563 5.864960977600356 40.0 
341.0 293.0 2.723368324010563 5.864960977600356 40.0 
341.0 294.0 2.723368324010563 5.864960977600356 40.0 
342.0 288.0 2.723368324010563 5.864960977600356 40.0 
342.0 289.0 2.723368324010563 5.864960977600356 40.0 
342.0 290.0 2.723368324010563 5.864960977600356 40.0 
342.0 291.0 2.723368324010563 5.864960977600356 40.0 
342.0 292.0 2.723368324010563 5.864960977600356 40.0 
342.0 293.0 2.723368324010563 5.864960977600356 40.0 
342.0 294.0 2.723368324010563 5.864960977600356 40.0 
343.0 288.0 2.723368324010563 5.864960977600356 40.0 
343.0 289.0 2.723368324010563 5.864960977600356 40.0 
343.0 290.0 2.723368324010563 5.864960977600356 40.0 
343.0 291.0 2.723368324010563 5.864960977600356 40.0 
343.0 292.0 2.723368324010563 5.864960977600356 40.0 
343.0 293.0 2.723368324010563 5.864960977600356 40.0 
344.0 287.0 2.723368324010563 5.864960977600356 40.0 
344.0 288.0 2.723368324010563 5.864960977600356 40.0 
344.0 289.0 2.723368324010563 5.864960977600356 40.0 
344.0 290.0 2.723368324010563 5.864960977600356 40.0 
344.0 291.0 2.723368324010563 5.864960977600356 40.0 
344.0 292.0 2.723368324010563 5.864960977600356 40.0 
344.0 293.0 2.723368324010563 5.864960977600356 40.0 
345.0 287.0 2.723368324010563 5.864960977600356 40.0 
345.0 288.0 2.723368324010563 5.864960977600356 40.0 
345.0 289.0 2.723368324010563 5.864960977600356 40.0 
345.0 290.0 2.723368324010563 5.864960977600356 40.0 
345.0 291.0 2.723368324010563 5.864960977600356 40.0 
345.0 292.0 2.723368324010563 5.864960977600356 40.0 
345.0 293.0 2.723368324010563 5.864960977600356 40.0 
346.0 287.0 2.723368324010563 5.864960977600356 40.0 
346.0 288.0 2.723368324010563 5.864960977600356 40.0 
346.0 289.0 2.723368324010563 5.864960977600356 40.0 
346.0 290.0 2.723368324010563 5.864960977600356 40.0 
346.0 291.0 2.723368324010563 5.864960977600356 40.0 
346.0 292.0 2.723368324010563 5.864960977600356 40.0 
347.0 286.0 2.723368324010563 5.864960977600356 40.0 
347.0 287.0 2.723368324010563 5.864960977600356 40.0 
347.0 288.0 2.723368324010563 5.864960977600356 40.0 
347.0 289.0 2.723368324010563 5.864960977600356 40.0 
347.0 290.0 2.723368324010563 5.864960977600356 40.0 
347.0 291.0 2.723368324010563 5.864960977600356 40.0 
347.0 292.0 2.723368324010563 5.864960977600356 40.0 
348.0 286.0 2.723368324010563 5.864960977600356 40.0 
348.0 287.0 2.723368324010563 5.864960977600356 40.0 
348.0 288.0 2.723368324010563 5.864960977600356 40.0 
348.0 289.0 2.723368324010563 5.864960977600356 40.0 
348.0 290.0 2.723368324010563 5.864960977600356 40.0 
348.0 291.0 2.723368324010563 5.864960977600356 40.0 
349.0 285.0 2.723368324010563 5.864960977600356 40.0 
349.0 286.0 2.723368324010563 5.864960977600356 40.0 
349.0 287.0 2.723368324010563 5.864960977600356 40.0 
349.0 288.0 2.723368324010563 5.864960977600356 40.0 
349.0 289.0 2.723368324010563 5.864960977600356 40.0 
349.0 290.0 2.723368324010563 5.864960977600356 40.0 
349.0 291.0 2.723368324010563 5.864960977600356 40.0 
350.0 285.0 2.723368324010563 5.864960977600356 40.0 
350.0 286.0 2.723368324010563 5.864960977600356 40.0 
350.0 287.0 2.723368324010563 5.864960977600356 40.0 
350.0 288.0 2.723368324010563 5.864960977600356 40.0 
350.0 289.0 2.723368324010563 5.864960977600356 40.0 
350.0 290.0 2.723368324010563 5.864960977600356 40.0 
351.0 284.0 2.723368324010563 5.864960977600356 40.0 
351.0 285.0 2.723368324010563 5.864960977600356 40.0 
351.0 286.0 2.723368324010563 5.864960977600356 40.0 
351.0 287.0 2.723368324010563 5.864960977600356 40.0 
351.0 288.0 2.723368324010563 5.864960977600356 40.0 
351.0 289.0 2.723368324010563 5.864960977600356 40.0 
351.0 290.0 2.723368324010563 5.864960977600356 40.0 
352.0 284.0 2.723368324010563 5.864960977600356 40.0 
352.0 285.0 2.723368324010563 5.864960977600356 40.0 
352.0 286.0 2.723368324010563 5.864960977600356 40.0 
352.0 287.0 2.723368324010563 5.864960977600356 40.0 
352.0 288.0 2.723368324010563 5.864960977600356 40.0 
352.0 289.0 2.723368324010563 5.864960977600356 40.0 
353.0 283.0 2.723368324010563 5.864960977600356 40.0 
353.0 284.0 2.723368324010563 5.864960977600356 40.0 
353.0 285.0 2.723368324010563 5.864960977600356 40.0 
353.0 286.0 2.723368324010563 5.864960977600356 40.0 
353.0 287.0 2.723368324010563 5.864960977600356 40.0 
353.0 288.0 2.723368324010563 5.864960977600356 40.0 
353.0 289.0 2.723368324010563 5.864960977600356 40.0 
354.0 283.0 2.723368324010563 5.864960977600356 40.0 
354.0 284.0 2.723368324010563 5.864960977600356 40.0 
354.0 285.0 2.723368324010563 5.864960977600356 40.0 
354.0 286.0 2.723368324010563 5.864960977600356 40.0 
354.0 287.0 2.723368324010563 5.864960977600356 40.0 
354.0 288.0 2.723368324010563 5.864960977600356 40.0 
354.0 289.0 2.723368324010563 5.864960977600356 40.0 
355.0 283.0 2.723368324010563 5.864960977600356 40.0 
355.0 284.0 2.723368324010563 5.864960977600356 40.0 
355.0 285.0 2.723368324010563 5.864960977600356 40.0 
355.0 286.0 2.723368324010563 5.864960977600356 40.0 
355.0 287.0 2.723368324010563 5.864960977600356 40.0 
355.0 288.0 2.723368324010563 5.864960977600356 40.0 
356.0 282.0 2.723368324010563 5.864960977600356 40.0 
356.0 283.0 2.723368324010563 5.864960977600356 40.0 
356.0 284.0 2.723368324010563 5.864960977600356 40.0 
356.0 285.0 2.723368324010563 5.864960977600356 40.0 
356.0 286.0 2.723368324010563 5.864960977600356 40.0 
356.0 287.0 2.723368324010563 5.864960977600356 40.0 
356.0 288.0 2.723368324010563 5.864960977600356 40.0 
357.0 282.0 2.723368324010563 5.864960977600356 40.0 
357.0 283.0 2.723368324010563 5.864960977600356 40.0 
357.0 284.0 2.723368324010563 5.864960977600356 40.0 
357.0 285.0 2.723368324010563 5.864960977600356 40.0 
357.0 286.0 2.723368324010563 5.864960977600356 40.0 
357.0 287.0 2.723368324010563 5.864960977600356 40.0 
358.0 284.0 2.723368324010563 5.864960977600356 40.0 
358.0 285.0 2.723368324010563 5.864960977600356 40.0 
358.0 286.0 2.723368324010563 5.864960977600356 40.0 
358.0 287.0 2.723368324010563 5.864960977600356 40.0 
