264.0 298.0 4.45178658863735 1.3101939350475564 28.0 
264.0 299.0 4.45178658863735 1.3101939350475564 28.0 
264.0 300.0 4.45178658863735 1.3101939350475564 28.0 
264.0 301.0 4.45178658863735 1.3101939350475564 28.0 
265.0 298.0 4.45178658863735 1.3101939350475564 28.0 
265.0 299.0 4.45178658863735 1.3101939350475564 28.0 
265.0 300.0 4.45178658863735 1.3101939350475564 28.0 
265.0 301.0 4.45178658863735 1.3101939350475564 28.0 
265.0 302.0 4.45178658863735 1.3101939350475564 28.0 
265.0 303.0 4.45178658863735 1.3101939350475564 28.0 
265.0 304.0 4.45178658863735 1.3101939350475564 28.0 
265.0 305.0 4.45178658863735 1.3101939350475564 28.0 
266.0 302.0 4.45178658863735 1.3101939350475564 28.0 
266.0 303.0 4.45178658863735 1.3101939350475564 28.0 
266.0 304.0 4.45178658863735 1.3101939350475564 28.0 
266.0 305.0 4.45178658863735 1.3101939350475564 28.0 
266.0 306.0 4.45178658863735 1.3101939350475564 28.0 
266.0 307.0 4.45178658863735 1.3101939350475564 28.0 
266.0 308.0 4.45178658863735 1.3101939350475564 28.0 
266.0 309.0 4.45178658863735 1.3101939350475564 28.0 
267.0 306.0 4.45178658863735 1.3101939350475564 28.0 
267.0 307.0 4.45178658863735 1.3101939350475564 28.0 
267.0 308.0 4.45178658863735 1.3101939350475564 28.0 
267.0 309.0 4.45178658863735 1.3101939350475564 28.0 
267.0 310.0 4.45178658863735 1.3101939350475564 28.0 
267.0 311.0 4.45178658863735 1.3101939350475564 28.0 
267.0 312.0 4.45178658863735 1.3101939350475564 28.0 
267.0 313.0 4.45178658863735 1.3101939350475564 28.0 
268.0 310.0 4.45178658863735 1.3101939350475564 28.0 
268.0 311.0 4.45178658863735 1.3101939350475564 28.0 
268.0 312.0 4.45178658863735 1.3101939350475564 28.0 
268.0 313.0 4.45178658863735 1.3101939350475564 28.0 
268.0 314.0 4.45178658863735 1.3101939350475564 28.0 
268.0 315.0 4.45178658863735 1.3101939350475564 28.0 
268.0 316.0 4.45178658863735 1.3101939350475564 28.0 
269.0 313.0 4.45178658863735 1.3101939350475564 28.0 
269.0 314.0 4.45178658863735 1.3101939350475564 28.0 
269.0 315.0 4.45178658863735 1.3101939350475564 28.0 
269.0 316.0 4.45178658863735 1.3101939350475564 28.0 
269.0 317.0 4.45178658863735 1.3101939350475564 28.0 
269.0 318.0 4.45178658863735 1.3101939350475564 28.0 
269.0 319.0 4.45178658863735 1.3101939350475564 28.0 
269.0 320.0 4.45178658863735 1.3101939350475564 28.0 
270.0 317.0 4.45178658863735 1.3101939350475564 28.0 
270.0 318.0 4.45178658863735 1.3101939350475564 28.0 
270.0 319.0 4.45178658863735 1.3101939350475564 28.0 
270.0 320.0 4.45178658863735 1.3101939350475564 28.0 
270.0 321.0 4.45178658863735 1.3101939350475564 28.0 
270.0 322.0 4.45178658863735 1.3101939350475564 28.0 
270.0 323.0 4.45178658863735 1.3101939350475564 28.0 
270.0 324.0 4.45178658863735 1.3101939350475564 28.0 
271.0 321.0 4.45178658863735 1.3101939350475564 28.0 
271.0 322.0 4.45178658863735 1.3101939350475564 28.0 
271.0 323.0 4.45178658863735 1.3101939350475564 28.0 
271.0 324.0 4.45178658863735 1.3101939350475564 28.0 
271.0 325.0 4.45178658863735 1.3101939350475564 28.0 
271.0 326.0 4.45178658863735 1.3101939350475564 28.0 
271.0 327.0 4.45178658863735 1.3101939350475564 28.0 
271.0 328.0 4.45178658863735 1.3101939350475564 28.0 
272.0 325.0 4.45178658863735 1.3101939350475564 28.0 
272.0 326.0 4.45178658863735 1.3101939350475564 28.0 
272.0 327.0 4.45178658863735 1.3101939350475564 28.0 
272.0 328.0 4.45178658863735 1.3101939350475564 28.0 
272.0 329.0 4.45178658863735 1.3101939350475564 28.0 
272.0 330.0 4.45178658863735 1.3101939350475564 28.0 
272.0 331.0 4.45178658863735 1.3101939350475564 28.0 
273.0 328.0 4.45178658863735 1.3101939350475564 28.0 
273.0 329.0 4.45178658863735 1.3101939350475564 28.0 
273.0 330.0 4.45178658863735 1.3101939350475564 28.0 
273.0 331.0 4.45178658863735 1.3101939350475564 28.0 
273.0 332.0 4.45178658863735 1.3101939350475564 28.0 
273.0 333.0 4.45178658863735 1.3101939350475564 28.0 
273.0 334.0 4.45178658863735 1.3101939350475564 28.0 
273.0 335.0 4.45178658863735 1.3101939350475564 28.0 
274.0 332.0 4.45178658863735 1.3101939350475564 28.0 
274.0 333.0 4.45178658863735 1.3101939350475564 28.0 
274.0 334.0 4.45178658863735 1.3101939350475564 28.0 
274.0 335.0 4.45178658863735 1.3101939350475564 28.0 
274.0 336.0 4.45178658863735 1.3101939350475564 28.0 
274.0 337.0 4.45178658863735 1.3101939350475564 28.0 
274.0 338.0 4.45178658863735 1.3101939350475564 28.0 
274.0 339.0 4.45178658863735 1.3101939350475564 28.0 
275.0 336.0 4.45178658863735 1.3101939350475564 28.0 
275.0 337.0 4.45178658863735 1.3101939350475564 28.0 
275.0 338.0 4.45178658863735 1.3101939350475564 28.0 
275.0 339.0 4.45178658863735 1.3101939350475564 28.0 
275.0 340.0 4.45178658863735 1.3101939350475564 28.0 
275.0 341.0 4.45178658863735 1.3101939350475564 28.0 
275.0 342.0 4.45178658863735 1.3101939350475564 28.0 
275.0 343.0 4.45178658863735 1.3101939350475564 28.0 
276.0 340.0 4.45178658863735 1.3101939350475564 28.0 
276.0 341.0 4.45178658863735 1.3101939350475564 28.0 
276.0 342.0 4.45178658863735 1.3101939350475564 28.0 
255.0 374.0 2.2612427838495877 5.40283543743938 28.0 
256.0 373.0 2.2612427838495877 5.40283543743938 28.0 
256.0 374.0 2.2612427838495877 5.40283543743938 28.0 
256.0 375.0 2.2612427838495877 5.40283543743938 28.0 
257.0 372.0 2.2612427838495877 5.40283543743938 28.0 
257.0 373.0 2.2612427838495877 5.40283543743938 28.0 
257.0 374.0 2.2612427838495877 5.40283543743938 28.0 
258.0 370.0 2.2612427838495877 5.40283543743938 28.0 
258.0 371.0 2.2612427838495877 5.40283543743938 28.0 
258.0 372.0 2.2612427838495877 5.40283543743938 28.0 
259.0 369.0 2.2612427838495877 5.40283543743938 28.0 
259.0 370.0 2.2612427838495877 5.40283543743938 28.0 
259.0 371.0 2.2612427838495877 5.40283543743938 28.0 
260.0 368.0 2.2612427838495877 5.40283543743938 28.0 
260.0 369.0 2.2612427838495877 5.40283543743938 28.0 
260.0 370.0 2.2612427838495877 5.40283543743938 28.0 
261.0 367.0 2.2612427838495877 5.40283543743938 28.0 
261.0 368.0 2.2612427838495877 5.40283543743938 28.0 
261.0 369.0 2.2612427838495877 5.40283543743938 28.0 
262.0 365.0 2.2612427838495877 5.40283543743938 28.0 
262.0 366.0 2.2612427838495877 5.40283543743938 28.0 
262.0 367.0 2.2612427838495877 5.40283543743938 28.0 
262.0 368.0 2.2612427838495877 5.40283543743938 28.0 
263.0 364.0 2.2612427838495877 5.40283543743938 28.0 
263.0 365.0 2.2612427838495877 5.40283543743938 28.0 
263.0 366.0 2.2612427838495877 5.40283543743938 28.0 
264.0 363.0 2.2612427838495877 5.40283543743938 28.0 
264.0 364.0 2.2612427838495877 5.40283543743938 28.0 
264.0 365.0 2.2612427838495877 5.40283543743938 28.0 
265.0 362.0 2.2612427838495877 5.40283543743938 28.0 
265.0 363.0 2.2612427838495877 5.40283543743938 28.0 
265.0 364.0 2.2612427838495877 5.40283543743938 28.0 
266.0 361.0 2.2612427838495877 5.40283543743938 28.0 
266.0 362.0 2.2612427838495877 5.40283543743938 28.0 
266.0 363.0 2.2612427838495877 5.40283543743938 28.0 
267.0 359.0 2.2612427838495877 5.40283543743938 28.0 
267.0 360.0 2.2612427838495877 5.40283543743938 28.0 
267.0 361.0 2.2612427838495877 5.40283543743938 28.0 
267.0 362.0 2.2612427838495877 5.40283543743938 28.0 
268.0 358.0 2.2612427838495877 5.40283543743938 28.0 
268.0 359.0 2.2612427838495877 5.40283543743938 28.0 
268.0 360.0 2.2612427838495877 5.40283543743938 28.0 
269.0 357.0 2.2612427838495877 5.40283543743938 28.0 
269.0 358.0 2.2612427838495877 5.40283543743938 28.0 
269.0 359.0 2.2612427838495877 5.40283543743938 28.0 
270.0 356.0 2.2612427838495877 5.40283543743938 28.0 
270.0 357.0 2.2612427838495877 5.40283543743938 28.0 
270.0 358.0 2.2612427838495877 5.40283543743938 28.0 
271.0 355.0 2.2612427838495877 5.40283543743938 28.0 
271.0 356.0 2.2612427838495877 5.40283543743938 28.0 
271.0 357.0 2.2612427838495877 5.40283543743938 28.0 
272.0 353.0 2.2612427838495877 5.40283543743938 28.0 
272.0 354.0 2.2612427838495877 5.40283543743938 28.0 
272.0 355.0 2.2612427838495877 5.40283543743938 28.0 
273.0 352.0 2.2612427838495877 5.40283543743938 28.0 
273.0 353.0 2.2612427838495877 5.40283543743938 28.0 
273.0 354.0 2.2612427838495877 5.40283543743938 28.0 
274.0 352.0 2.2612427838495877 5.40283543743938 28.0 
274.0 353.0 2.2612427838495877 5.40283543743938 28.0 
233.0 318.0 2.3329428673818815 5.474535520971674 28.0 
234.0 317.0 2.3329428673818815 5.474535520971674 28.0 
234.0 318.0 2.3329428673818815 5.474535520971674 28.0 
234.0 319.0 2.3329428673818815 5.474535520971674 28.0 
235.0 316.0 2.3329428673818815 5.474535520971674 28.0 
235.0 317.0 2.3329428673818815 5.474535520971674 28.0 
235.0 318.0 2.3329428673818815 5.474535520971674 28.0 
236.0 315.0 2.3329428673818815 5.474535520971674 28.0 
236.0 316.0 2.3329428673818815 5.474535520971674 28.0 
236.0 317.0 2.3329428673818815 5.474535520971674 28.0 
237.0 314.0 2.3329428673818815 5.474535520971674 28.0 
237.0 315.0 2.3329428673818815 5.474535520971674 28.0 
237.0 316.0 2.3329428673818815 5.474535520971674 28.0 
238.0 313.0 2.3329428673818815 5.474535520971674 28.0 
238.0 314.0 2.3329428673818815 5.474535520971674 28.0 
238.0 315.0 2.3329428673818815 5.474535520971674 28.0 
239.0 312.0 2.3329428673818815 5.474535520971674 28.0 
239.0 313.0 2.3329428673818815 5.474535520971674 28.0 
239.0 314.0 2.3329428673818815 5.474535520971674 28.0 
240.0 311.0 2.3329428673818815 5.474535520971674 28.0 
240.0 312.0 2.3329428673818815 5.474535520971674 28.0 
240.0 313.0 2.3329428673818815 5.474535520971674 28.0 
241.0 310.0 2.3329428673818815 5.474535520971674 28.0 
241.0 311.0 2.3329428673818815 5.474535520971674 28.0 
241.0 312.0 2.3329428673818815 5.474535520971674 28.0 
242.0 309.0 2.3329428673818815 5.474535520971674 28.0 
242.0 310.0 2.3329428673818815 5.474535520971674 28.0 
242.0 311.0 2.3329428673818815 5.474535520971674 28.0 
243.0 308.0 2.3329428673818815 5.474535520971674 28.0 
243.0 309.0 2.3329428673818815 5.474535520971674 28.0 
244.0 307.0 2.3329428673818815 5.474535520971674 28.0 
244.0 308.0 2.3329428673818815 5.474535520971674 28.0 
245.0 305.0 2.3329428673818815 5.474535520971674 28.0 
245.0 306.0 2.3329428673818815 5.474535520971674 28.0 
245.0 307.0 2.3329428673818815 5.474535520971674 28.0 
246.0 304.0 2.3329428673818815 5.474535520971674 28.0 
246.0 305.0 2.3329428673818815 5.474535520971674 28.0 
246.0 306.0 2.3329428673818815 5.474535520971674 28.0 
247.0 303.0 2.3329428673818815 5.474535520971674 28.0 
247.0 304.0 2.3329428673818815 5.474535520971674 28.0 
247.0 305.0 2.3329428673818815 5.474535520971674 28.0 
248.0 302.0 2.3329428673818815 5.474535520971674 28.0 
248.0 303.0 2.3329428673818815 5.474535520971674 28.0 
248.0 304.0 2.3329428673818815 5.474535520971674 28.0 
249.0 301.0 2.3329428673818815 5.474535520971674 28.0 
249.0 302.0 2.3329428673818815 5.474535520971674 28.0 
249.0 303.0 2.3329428673818815 5.474535520971674 28.0 
250.0 300.0 2.3329428673818815 5.474535520971674 28.0 
250.0 301.0 2.3329428673818815 5.474535520971674 28.0 
250.0 302.0 2.3329428673818815 5.474535520971674 28.0 
251.0 299.0 2.3329428673818815 5.474535520971674 28.0 
251.0 300.0 2.3329428673818815 5.474535520971674 28.0 
251.0 301.0 2.3329428673818815 5.474535520971674 28.0 
252.0 298.0 2.3329428673818815 5.474535520971674 28.0 
252.0 299.0 2.3329428673818815 5.474535520971674 28.0 
252.0 300.0 2.3329428673818815 5.474535520971674 28.0 
253.0 297.0 2.3329428673818815 5.474535520971674 28.0 
253.0 298.0 2.3329428673818815 5.474535520971674 28.0 
253.0 299.0 2.3329428673818815 5.474535520971674 28.0 
254.0 297.0 2.3329428673818815 5.474535520971674 28.0 
254.0 298.0 2.3329428673818815 5.474535520971674 28.0 
231.0 322.0 4.653633157668967 1.5120405040791738 32.0 
231.0 323.0 4.653633157668967 1.5120405040791738 32.0 
231.0 324.0 4.653633157668967 1.5120405040791738 32.0 
231.0 325.0 4.653633157668967 1.5120405040791738 32.0 
231.0 326.0 4.653633157668967 1.5120405040791738 32.0 
231.0 327.0 4.653633157668967 1.5120405040791738 32.0 
231.0 328.0 4.653633157668967 1.5120405040791738 32.0 
231.0 329.0 4.653633157668967 1.5120405040791738 32.0 
232.0 321.0 4.653633157668967 1.5120405040791738 32.0 
232.0 322.0 4.653633157668967 1.5120405040791738 32.0 
232.0 323.0 4.653633157668967 1.5120405040791738 32.0 
232.0 324.0 4.653633157668967 1.5120405040791738 32.0 
232.0 325.0 4.653633157668967 1.5120405040791738 32.0 
232.0 326.0 4.653633157668967 1.5120405040791738 32.0 
232.0 327.0 4.653633157668967 1.5120405040791738 32.0 
232.0 328.0 4.653633157668967 1.5120405040791738 32.0 
232.0 329.0 4.653633157668967 1.5120405040791738 32.0 
232.0 330.0 4.653633157668967 1.5120405040791738 32.0 
232.0 331.0 4.653633157668967 1.5120405040791738 32.0 
232.0 332.0 4.653633157668967 1.5120405040791738 32.0 
232.0 333.0 4.653633157668967 1.5120405040791738 32.0 
232.0 334.0 4.653633157668967 1.5120405040791738 32.0 
232.0 335.0 4.653633157668967 1.5120405040791738 32.0 
232.0 336.0 4.653633157668967 1.5120405040791738 32.0 
232.0 337.0 4.653633157668967 1.5120405040791738 32.0 
232.0 338.0 4.653633157668967 1.5120405040791738 32.0 
232.0 339.0 4.653633157668967 1.5120405040791738 32.0 
232.0 340.0 4.653633157668967 1.5120405040791738 32.0 
232.0 341.0 4.653633157668967 1.5120405040791738 32.0 
232.0 342.0 4.653633157668967 1.5120405040791738 32.0 
232.0 343.0 4.653633157668967 1.5120405040791738 32.0 
232.0 344.0 4.653633157668967 1.5120405040791738 32.0 
232.0 345.0 4.653633157668967 1.5120405040791738 32.0 
232.0 346.0 4.653633157668967 1.5120405040791738 32.0 
233.0 321.0 4.653633157668967 1.5120405040791738 32.0 
233.0 322.0 4.653633157668967 1.5120405040791738 32.0 
233.0 323.0 4.653633157668967 1.5120405040791738 32.0 
233.0 324.0 4.653633157668967 1.5120405040791738 32.0 
233.0 325.0 4.653633157668967 1.5120405040791738 32.0 
233.0 326.0 4.653633157668967 1.5120405040791738 32.0 
233.0 327.0 4.653633157668967 1.5120405040791738 32.0 
233.0 328.0 4.653633157668967 1.5120405040791738 32.0 
233.0 329.0 4.653633157668967 1.5120405040791738 32.0 
233.0 330.0 4.653633157668967 1.5120405040791738 32.0 
233.0 331.0 4.653633157668967 1.5120405040791738 32.0 
233.0 332.0 4.653633157668967 1.5120405040791738 32.0 
233.0 333.0 4.653633157668967 1.5120405040791738 32.0 
233.0 334.0 4.653633157668967 1.5120405040791738 32.0 
233.0 335.0 4.653633157668967 1.5120405040791738 32.0 
233.0 336.0 4.653633157668967 1.5120405040791738 32.0 
233.0 337.0 4.653633157668967 1.5120405040791738 32.0 
233.0 338.0 4.653633157668967 1.5120405040791738 32.0 
233.0 339.0 4.653633157668967 1.5120405040791738 32.0 
233.0 340.0 4.653633157668967 1.5120405040791738 32.0 
233.0 341.0 4.653633157668967 1.5120405040791738 32.0 
233.0 342.0 4.653633157668967 1.5120405040791738 32.0 
233.0 343.0 4.653633157668967 1.5120405040791738 32.0 
233.0 344.0 4.653633157668967 1.5120405040791738 32.0 
233.0 345.0 4.653633157668967 1.5120405040791738 32.0 
233.0 346.0 4.653633157668967 1.5120405040791738 32.0 
233.0 347.0 4.653633157668967 1.5120405040791738 32.0 
233.0 348.0 4.653633157668967 1.5120405040791738 32.0 
233.0 349.0 4.653633157668967 1.5120405040791738 32.0 
233.0 350.0 4.653633157668967 1.5120405040791738 32.0 
233.0 351.0 4.653633157668967 1.5120405040791738 32.0 
233.0 352.0 4.653633157668967 1.5120405040791738 32.0 
233.0 353.0 4.653633157668967 1.5120405040791738 32.0 
233.0 354.0 4.653633157668967 1.5120405040791738 32.0 
233.0 355.0 4.653633157668967 1.5120405040791738 32.0 
234.0 330.0 4.653633157668967 1.5120405040791738 32.0 
234.0 331.0 4.653633157668967 1.5120405040791738 32.0 
234.0 332.0 4.653633157668967 1.5120405040791738 32.0 
234.0 333.0 4.653633157668967 1.5120405040791738 32.0 
234.0 334.0 4.653633157668967 1.5120405040791738 32.0 
234.0 335.0 4.653633157668967 1.5120405040791738 32.0 
234.0 336.0 4.653633157668967 1.5120405040791738 32.0 
234.0 337.0 4.653633157668967 1.5120405040791738 32.0 
234.0 338.0 4.653633157668967 1.5120405040791738 32.0 
234.0 339.0 4.653633157668967 1.5120405040791738 32.0 
234.0 340.0 4.653633157668967 1.5120405040791738 32.0 
234.0 341.0 4.653633157668967 1.5120405040791738 32.0 
234.0 342.0 4.653633157668967 1.5120405040791738 32.0 
234.0 343.0 4.653633157668967 1.5120405040791738 32.0 
234.0 344.0 4.653633157668967 1.5120405040791738 32.0 
234.0 345.0 4.653633157668967 1.5120405040791738 32.0 
234.0 346.0 4.653633157668967 1.5120405040791738 32.0 
234.0 347.0 4.653633157668967 1.5120405040791738 32.0 
234.0 348.0 4.653633157668967 1.5120405040791738 32.0 
234.0 349.0 4.653633157668967 1.5120405040791738 32.0 
234.0 350.0 4.653633157668967 1.5120405040791738 32.0 
234.0 351.0 4.653633157668967 1.5120405040791738 32.0 
234.0 352.0 4.653633157668967 1.5120405040791738 32.0 
234.0 353.0 4.653633157668967 1.5120405040791738 32.0 
234.0 354.0 4.653633157668967 1.5120405040791738 32.0 
235.0 347.0 4.653633157668967 1.5120405040791738 32.0 
235.0 348.0 4.653633157668967 1.5120405040791738 32.0 
235.0 349.0 4.653633157668967 1.5120405040791738 32.0 
235.0 350.0 4.653633157668967 1.5120405040791738 32.0 
235.0 351.0 4.653633157668967 1.5120405040791738 32.0 
235.0 352.0 4.653633157668967 1.5120405040791738 32.0 
235.0 353.0 4.653633157668967 1.5120405040791738 32.0 
235.0 354.0 4.653633157668967 1.5120405040791738 32.0 
233.0 397.0 1.9338078537450185 5.075400507334812 92.0 
233.0 398.0 1.9338078537450185 5.075400507334812 92.0 
233.0 399.0 1.9338078537450185 5.075400507334812 92.0 
234.0 395.0 1.9338078537450185 5.075400507334812 92.0 
234.0 396.0 1.9338078537450185 5.075400507334812 92.0 
234.0 397.0 1.9338078537450185 5.075400507334812 92.0 
234.0 398.0 1.9338078537450185 5.075400507334812 92.0 
234.0 399.0 1.9338078537450185 5.075400507334812 92.0 
235.0 392.0 1.9338078537450185 5.075400507334812 92.0 
235.0 393.0 1.9338078537450185 5.075400507334812 92.0 
235.0 394.0 1.9338078537450185 5.075400507334812 92.0 
235.0 395.0 1.9338078537450185 5.075400507334812 92.0 
235.0 396.0 1.9338078537450185 5.075400507334812 92.0 
235.0 397.0 1.9338078537450185 5.075400507334812 92.0 
235.0 398.0 1.9338078537450185 5.075400507334812 92.0 
235.0 399.0 1.9338078537450185 5.075400507334812 92.0 
236.0 389.0 1.9338078537450185 5.075400507334812 92.0 
236.0 390.0 1.9338078537450185 5.075400507334812 92.0 
236.0 391.0 1.9338078537450185 5.075400507334812 92.0 
236.0 392.0 1.9338078537450185 5.075400507334812 92.0 
236.0 393.0 1.9338078537450185 5.075400507334812 92.0 
236.0 394.0 1.9338078537450185 5.075400507334812 92.0 
236.0 395.0 1.9338078537450185 5.075400507334812 92.0 
236.0 396.0 1.9338078537450185 5.075400507334812 92.0 
236.0 397.0 1.9338078537450185 5.075400507334812 92.0 
236.0 398.0 1.9338078537450185 5.075400507334812 92.0 
236.0 399.0 1.9338078537450185 5.075400507334812 92.0 
236.0 400.0 1.9338078537450185 5.075400507334812 92.0 
237.0 387.0 1.9338078537450185 5.075400507334812 92.0 
237.0 388.0 1.9338078537450185 5.075400507334812 92.0 
237.0 389.0 1.9338078537450185 5.075400507334812 92.0 
237.0 390.0 1.9338078537450185 5.075400507334812 92.0 
237.0 391.0 1.9338078537450185 5.075400507334812 92.0 
237.0 392.0 1.9338078537450185 5.075400507334812 92.0 
237.0 393.0 1.9338078537450185 5.075400507334812 92.0 
237.0 394.0 1.9338078537450185 5.075400507334812 92.0 
237.0 395.0 1.9338078537450185 5.075400507334812 92.0 
237.0 396.0 1.9338078537450185 5.075400507334812 92.0 
237.0 397.0 1.9338078537450185 5.075400507334812 92.0 
237.0 398.0 1.9338078537450185 5.075400507334812 92.0 
237.0 399.0 1.9338078537450185 5.075400507334812 92.0 
237.0 400.0 1.9338078537450185 5.075400507334812 92.0 
238.0 384.0 1.9338078537450185 5.075400507334812 92.0 
238.0 385.0 1.9338078537450185 5.075400507334812 92.0 
238.0 386.0 1.9338078537450185 5.075400507334812 92.0 
238.0 387.0 1.9338078537450185 5.075400507334812 92.0 
238.0 388.0 1.9338078537450185 5.075400507334812 92.0 
238.0 389.0 1.9338078537450185 5.075400507334812 92.0 
238.0 390.0 1.9338078537450185 5.075400507334812 92.0 
238.0 391.0 1.9338078537450185 5.075400507334812 92.0 
238.0 392.0 1.9338078537450185 5.075400507334812 92.0 
238.0 393.0 1.9338078537450185 5.075400507334812 92.0 
238.0 394.0 1.9338078537450185 5.075400507334812 92.0 
238.0 395.0 1.9338078537450185 5.075400507334812 92.0 
238.0 396.0 1.9338078537450185 5.075400507334812 92.0 
238.0 397.0 1.9338078537450185 5.075400507334812 92.0 
238.0 398.0 1.9338078537450185 5.075400507334812 92.0 
238.0 399.0 1.9338078537450185 5.075400507334812 92.0 
238.0 400.0 1.9338078537450185 5.075400507334812 92.0 
239.0 382.0 1.9338078537450185 5.075400507334812 92.0 
239.0 383.0 1.9338078537450185 5.075400507334812 92.0 
239.0 384.0 1.9338078537450185 5.075400507334812 92.0 
239.0 385.0 1.9338078537450185 5.075400507334812 92.0 
239.0 386.0 1.9338078537450185 5.075400507334812 92.0 
239.0 387.0 1.9338078537450185 5.075400507334812 92.0 
239.0 388.0 1.9338078537450185 5.075400507334812 92.0 
239.0 389.0 1.9338078537450185 5.075400507334812 92.0 
239.0 390.0 1.9338078537450185 5.075400507334812 92.0 
239.0 391.0 1.9338078537450185 5.075400507334812 92.0 
239.0 392.0 1.9338078537450185 5.075400507334812 92.0 
239.0 393.0 1.9338078537450185 5.075400507334812 92.0 
239.0 394.0 1.9338078537450185 5.075400507334812 92.0 
239.0 395.0 1.9338078537450185 5.075400507334812 92.0 
239.0 396.0 1.9338078537450185 5.075400507334812 92.0 
239.0 397.0 1.9338078537450185 5.075400507334812 92.0 
240.0 379.0 1.9338078537450185 5.075400507334812 92.0 
240.0 380.0 1.9338078537450185 5.075400507334812 92.0 
240.0 381.0 1.9338078537450185 5.075400507334812 92.0 
240.0 382.0 1.9338078537450185 5.075400507334812 92.0 
240.0 383.0 1.9338078537450185 5.075400507334812 92.0 
240.0 384.0 1.9338078537450185 5.075400507334812 92.0 
240.0 385.0 1.9338078537450185 5.075400507334812 92.0 
240.0 386.0 1.9338078537450185 5.075400507334812 92.0 
240.0 387.0 1.9338078537450185 5.075400507334812 92.0 
240.0 388.0 1.9338078537450185 5.075400507334812 92.0 
240.0 389.0 1.9338078537450185 5.075400507334812 92.0 
240.0 390.0 1.9338078537450185 5.075400507334812 92.0 
240.0 391.0 1.9338078537450185 5.075400507334812 92.0 
240.0 392.0 1.9338078537450185 5.075400507334812 92.0 
240.0 393.0 1.9338078537450185 5.075400507334812 92.0 
240.0 394.0 1.9338078537450185 5.075400507334812 92.0 
240.0 395.0 1.9338078537450185 5.075400507334812 92.0 
241.0 376.0 1.9338078537450185 5.075400507334812 92.0 
241.0 377.0 1.9338078537450185 5.075400507334812 92.0 
241.0 378.0 1.9338078537450185 5.075400507334812 92.0 
241.0 379.0 1.9338078537450185 5.075400507334812 92.0 
241.0 380.0 1.9338078537450185 5.075400507334812 92.0 
241.0 381.0 1.9338078537450185 5.075400507334812 92.0 
241.0 382.0 1.9338078537450185 5.075400507334812 92.0 
241.0 383.0 1.9338078537450185 5.075400507334812 92.0 
241.0 384.0 1.9338078537450185 5.075400507334812 92.0 
241.0 385.0 1.9338078537450185 5.075400507334812 92.0 
241.0 386.0 1.9338078537450185 5.075400507334812 92.0 
241.0 387.0 1.9338078537450185 5.075400507334812 92.0 
241.0 388.0 1.9338078537450185 5.075400507334812 92.0 
241.0 389.0 1.9338078537450185 5.075400507334812 92.0 
241.0 390.0 1.9338078537450185 5.075400507334812 92.0 
241.0 391.0 1.9338078537450185 5.075400507334812 92.0 
241.0 392.0 1.9338078537450185 5.075400507334812 92.0 
242.0 374.0 1.9338078537450185 5.075400507334812 92.0 
242.0 375.0 1.9338078537450185 5.075400507334812 92.0 
242.0 376.0 1.9338078537450185 5.075400507334812 92.0 
242.0 377.0 1.9338078537450185 5.075400507334812 92.0 
242.0 378.0 1.9338078537450185 5.075400507334812 92.0 
242.0 379.0 1.9338078537450185 5.075400507334812 92.0 
242.0 380.0 1.9338078537450185 5.075400507334812 92.0 
242.0 381.0 1.9338078537450185 5.075400507334812 92.0 
242.0 382.0 1.9338078537450185 5.075400507334812 92.0 
242.0 383.0 1.9338078537450185 5.075400507334812 92.0 
242.0 384.0 1.9338078537450185 5.075400507334812 92.0 
242.0 385.0 1.9338078537450185 5.075400507334812 92.0 
242.0 386.0 1.9338078537450185 5.075400507334812 92.0 
242.0 387.0 1.9338078537450185 5.075400507334812 92.0 
242.0 388.0 1.9338078537450185 5.075400507334812 92.0 
242.0 389.0 1.9338078537450185 5.075400507334812 92.0 
242.0 390.0 1.9338078537450185 5.075400507334812 92.0 
243.0 371.0 1.9338078537450185 5.075400507334812 92.0 
243.0 372.0 1.9338078537450185 5.075400507334812 92.0 
243.0 373.0 1.9338078537450185 5.075400507334812 92.0 
243.0 374.0 1.9338078537450185 5.075400507334812 92.0 
243.0 375.0 1.9338078537450185 5.075400507334812 92.0 
243.0 376.0 1.9338078537450185 5.075400507334812 92.0 
243.0 377.0 1.9338078537450185 5.075400507334812 92.0 
243.0 378.0 1.9338078537450185 5.075400507334812 92.0 
243.0 379.0 1.9338078537450185 5.075400507334812 92.0 
243.0 380.0 1.9338078537450185 5.075400507334812 92.0 
243.0 381.0 1.9338078537450185 5.075400507334812 92.0 
243.0 382.0 1.9338078537450185 5.075400507334812 92.0 
243.0 383.0 1.9338078537450185 5.075400507334812 92.0 
243.0 384.0 1.9338078537450185 5.075400507334812 92.0 
243.0 385.0 1.9338078537450185 5.075400507334812 92.0 
243.0 386.0 1.9338078537450185 5.075400507334812 92.0 
243.0 387.0 1.9338078537450185 5.075400507334812 92.0 
244.0 368.0 1.9338078537450185 5.075400507334812 92.0 
244.0 369.0 1.9338078537450185 5.075400507334812 92.0 
244.0 370.0 1.9338078537450185 5.075400507334812 92.0 
244.0 371.0 1.9338078537450185 5.075400507334812 92.0 
244.0 372.0 1.9338078537450185 5.075400507334812 92.0 
244.0 373.0 1.9338078537450185 5.075400507334812 92.0 
244.0 374.0 1.9338078537450185 5.075400507334812 92.0 
244.0 375.0 1.9338078537450185 5.075400507334812 92.0 
244.0 376.0 1.9338078537450185 5.075400507334812 92.0 
244.0 377.0 1.9338078537450185 5.075400507334812 92.0 
244.0 378.0 1.9338078537450185 5.075400507334812 92.0 
244.0 379.0 1.9338078537450185 5.075400507334812 92.0 
244.0 380.0 1.9338078537450185 5.075400507334812 92.0 
244.0 381.0 1.9338078537450185 5.075400507334812 92.0 
244.0 382.0 1.9338078537450185 5.075400507334812 92.0 
244.0 383.0 1.9338078537450185 5.075400507334812 92.0 
244.0 384.0 1.9338078537450185 5.075400507334812 92.0 
245.0 366.0 1.9338078537450185 5.075400507334812 92.0 
245.0 367.0 1.9338078537450185 5.075400507334812 92.0 
245.0 368.0 1.9338078537450185 5.075400507334812 92.0 
245.0 369.0 1.9338078537450185 5.075400507334812 92.0 
245.0 370.0 1.9338078537450185 5.075400507334812 92.0 
245.0 371.0 1.9338078537450185 5.075400507334812 92.0 
245.0 372.0 1.9338078537450185 5.075400507334812 92.0 
245.0 373.0 1.9338078537450185 5.075400507334812 92.0 
245.0 374.0 1.9338078537450185 5.075400507334812 92.0 
245.0 375.0 1.9338078537450185 5.075400507334812 92.0 
245.0 376.0 1.9338078537450185 5.075400507334812 92.0 
245.0 377.0 1.9338078537450185 5.075400507334812 92.0 
245.0 378.0 1.9338078537450185 5.075400507334812 92.0 
245.0 379.0 1.9338078537450185 5.075400507334812 92.0 
245.0 380.0 1.9338078537450185 5.075400507334812 92.0 
245.0 381.0 1.9338078537450185 5.075400507334812 92.0 
245.0 382.0 1.9338078537450185 5.075400507334812 92.0 
246.0 363.0 1.9338078537450185 5.075400507334812 92.0 
246.0 364.0 1.9338078537450185 5.075400507334812 92.0 
246.0 365.0 1.9338078537450185 5.075400507334812 92.0 
246.0 366.0 1.9338078537450185 5.075400507334812 92.0 
246.0 367.0 1.9338078537450185 5.075400507334812 92.0 
246.0 368.0 1.9338078537450185 5.075400507334812 92.0 
246.0 369.0 1.9338078537450185 5.075400507334812 92.0 
246.0 370.0 1.9338078537450185 5.075400507334812 92.0 
246.0 371.0 1.9338078537450185 5.075400507334812 92.0 
246.0 372.0 1.9338078537450185 5.075400507334812 92.0 
246.0 373.0 1.9338078537450185 5.075400507334812 92.0 
246.0 374.0 1.9338078537450185 5.075400507334812 92.0 
246.0 375.0 1.9338078537450185 5.075400507334812 92.0 
246.0 376.0 1.9338078537450185 5.075400507334812 92.0 
246.0 377.0 1.9338078537450185 5.075400507334812 92.0 
246.0 378.0 1.9338078537450185 5.075400507334812 92.0 
246.0 379.0 1.9338078537450185 5.075400507334812 92.0 
247.0 360.0 1.9338078537450185 5.075400507334812 92.0 
247.0 361.0 1.9338078537450185 5.075400507334812 92.0 
247.0 362.0 1.9338078537450185 5.075400507334812 92.0 
247.0 363.0 1.9338078537450185 5.075400507334812 92.0 
247.0 364.0 1.9338078537450185 5.075400507334812 92.0 
247.0 365.0 1.9338078537450185 5.075400507334812 92.0 
247.0 366.0 1.9338078537450185 5.075400507334812 92.0 
247.0 367.0 1.9338078537450185 5.075400507334812 92.0 
247.0 368.0 1.9338078537450185 5.075400507334812 92.0 
247.0 369.0 1.9338078537450185 5.075400507334812 92.0 
247.0 370.0 1.9338078537450185 5.075400507334812 92.0 
247.0 371.0 1.9338078537450185 5.075400507334812 92.0 
247.0 372.0 1.9338078537450185 5.075400507334812 92.0 
247.0 373.0 1.9338078537450185 5.075400507334812 92.0 
247.0 374.0 1.9338078537450185 5.075400507334812 92.0 
247.0 375.0 1.9338078537450185 5.075400507334812 92.0 
247.0 376.0 1.9338078537450185 5.075400507334812 92.0 
248.0 358.0 1.9338078537450185 5.075400507334812 92.0 
248.0 359.0 1.9338078537450185 5.075400507334812 92.0 
248.0 360.0 1.9338078537450185 5.075400507334812 92.0 
248.0 361.0 1.9338078537450185 5.075400507334812 92.0 
248.0 362.0 1.9338078537450185 5.075400507334812 92.0 
248.0 363.0 1.9338078537450185 5.075400507334812 92.0 
248.0 364.0 1.9338078537450185 5.075400507334812 92.0 
248.0 365.0 1.9338078537450185 5.075400507334812 92.0 
248.0 366.0 1.9338078537450185 5.075400507334812 92.0 
248.0 367.0 1.9338078537450185 5.075400507334812 92.0 
248.0 368.0 1.9338078537450185 5.075400507334812 92.0 
248.0 369.0 1.9338078537450185 5.075400507334812 92.0 
248.0 370.0 1.9338078537450185 5.075400507334812 92.0 
248.0 371.0 1.9338078537450185 5.075400507334812 92.0 
248.0 372.0 1.9338078537450185 5.075400507334812 92.0 
248.0 373.0 1.9338078537450185 5.075400507334812 92.0 
248.0 374.0 1.9338078537450185 5.075400507334812 92.0 
249.0 355.0 1.9338078537450185 5.075400507334812 92.0 
249.0 356.0 1.9338078537450185 5.075400507334812 92.0 
249.0 357.0 1.9338078537450185 5.075400507334812 92.0 
249.0 358.0 1.9338078537450185 5.075400507334812 92.0 
249.0 359.0 1.9338078537450185 5.075400507334812 92.0 
249.0 360.0 1.9338078537450185 5.075400507334812 92.0 
249.0 361.0 1.9338078537450185 5.075400507334812 92.0 
249.0 362.0 1.9338078537450185 5.075400507334812 92.0 
249.0 363.0 1.9338078537450185 5.075400507334812 92.0 
249.0 364.0 1.9338078537450185 5.075400507334812 92.0 
249.0 365.0 1.9338078537450185 5.075400507334812 92.0 
249.0 366.0 1.9338078537450185 5.075400507334812 92.0 
249.0 367.0 1.9338078537450185 5.075400507334812 92.0 
249.0 368.0 1.9338078537450185 5.075400507334812 92.0 
249.0 369.0 1.9338078537450185 5.075400507334812 92.0 
249.0 370.0 1.9338078537450185 5.075400507334812 92.0 
249.0 371.0 1.9338078537450185 5.075400507334812 92.0 
250.0 353.0 1.9338078537450185 5.075400507334812 92.0 
250.0 354.0 1.9338078537450185 5.075400507334812 92.0 
250.0 355.0 1.9338078537450185 5.075400507334812 92.0 
250.0 356.0 1.9338078537450185 5.075400507334812 92.0 
250.0 357.0 1.9338078537450185 5.075400507334812 92.0 
250.0 358.0 1.9338078537450185 5.075400507334812 92.0 
250.0 359.0 1.9338078537450185 5.075400507334812 92.0 
250.0 360.0 1.9338078537450185 5.075400507334812 92.0 
250.0 361.0 1.9338078537450185 5.075400507334812 92.0 
250.0 362.0 1.9338078537450185 5.075400507334812 92.0 
250.0 363.0 1.9338078537450185 5.075400507334812 92.0 
250.0 364.0 1.9338078537450185 5.075400507334812 92.0 
250.0 365.0 1.9338078537450185 5.075400507334812 92.0 
250.0 366.0 1.9338078537450185 5.075400507334812 92.0 
250.0 367.0 1.9338078537450185 5.075400507334812 92.0 
250.0 368.0 1.9338078537450185 5.075400507334812 92.0 
251.0 350.0 1.9338078537450185 5.075400507334812 92.0 
251.0 351.0 1.9338078537450185 5.075400507334812 92.0 
251.0 352.0 1.9338078537450185 5.075400507334812 92.0 
251.0 353.0 1.9338078537450185 5.075400507334812 92.0 
251.0 354.0 1.9338078537450185 5.075400507334812 92.0 
251.0 355.0 1.9338078537450185 5.075400507334812 92.0 
251.0 356.0 1.9338078537450185 5.075400507334812 92.0 
251.0 357.0 1.9338078537450185 5.075400507334812 92.0 
251.0 358.0 1.9338078537450185 5.075400507334812 92.0 
251.0 359.0 1.9338078537450185 5.075400507334812 92.0 
251.0 360.0 1.9338078537450185 5.075400507334812 92.0 
251.0 361.0 1.9338078537450185 5.075400507334812 92.0 
251.0 362.0 1.9338078537450185 5.075400507334812 92.0 
251.0 363.0 1.9338078537450185 5.075400507334812 92.0 
251.0 364.0 1.9338078537450185 5.075400507334812 92.0 
251.0 365.0 1.9338078537450185 5.075400507334812 92.0 
251.0 366.0 1.9338078537450185 5.075400507334812 92.0 
252.0 347.0 1.9338078537450185 5.075400507334812 92.0 
252.0 348.0 1.9338078537450185 5.075400507334812 92.0 
252.0 349.0 1.9338078537450185 5.075400507334812 92.0 
252.0 350.0 1.9338078537450185 5.075400507334812 92.0 
252.0 351.0 1.9338078537450185 5.075400507334812 92.0 
252.0 352.0 1.9338078537450185 5.075400507334812 92.0 
252.0 353.0 1.9338078537450185 5.075400507334812 92.0 
252.0 354.0 1.9338078537450185 5.075400507334812 92.0 
252.0 355.0 1.9338078537450185 5.075400507334812 92.0 
252.0 356.0 1.9338078537450185 5.075400507334812 92.0 
252.0 357.0 1.9338078537450185 5.075400507334812 92.0 
252.0 358.0 1.9338078537450185 5.075400507334812 92.0 
252.0 359.0 1.9338078537450185 5.075400507334812 92.0 
252.0 360.0 1.9338078537450185 5.075400507334812 92.0 
252.0 361.0 1.9338078537450185 5.075400507334812 92.0 
252.0 362.0 1.9338078537450185 5.075400507334812 92.0 
252.0 363.0 1.9338078537450185 5.075400507334812 92.0 
253.0 345.0 1.9338078537450185 5.075400507334812 92.0 
253.0 346.0 1.9338078537450185 5.075400507334812 92.0 
253.0 347.0 1.9338078537450185 5.075400507334812 92.0 
253.0 348.0 1.9338078537450185 5.075400507334812 92.0 
253.0 349.0 1.9338078537450185 5.075400507334812 92.0 
253.0 350.0 1.9338078537450185 5.075400507334812 92.0 
253.0 351.0 1.9338078537450185 5.075400507334812 92.0 
253.0 352.0 1.9338078537450185 5.075400507334812 92.0 
253.0 353.0 1.9338078537450185 5.075400507334812 92.0 
253.0 354.0 1.9338078537450185 5.075400507334812 92.0 
253.0 355.0 1.9338078537450185 5.075400507334812 92.0 
253.0 356.0 1.9338078537450185 5.075400507334812 92.0 
253.0 357.0 1.9338078537450185 5.075400507334812 92.0 
253.0 358.0 1.9338078537450185 5.075400507334812 92.0 
253.0 359.0 1.9338078537450185 5.075400507334812 92.0 
253.0 360.0 1.9338078537450185 5.075400507334812 92.0 
253.0 361.0 1.9338078537450185 5.075400507334812 92.0 
254.0 342.0 1.9338078537450185 5.075400507334812 92.0 
254.0 343.0 1.9338078537450185 5.075400507334812 92.0 
254.0 344.0 1.9338078537450185 5.075400507334812 92.0 
254.0 345.0 1.9338078537450185 5.075400507334812 92.0 
254.0 346.0 1.9338078537450185 5.075400507334812 92.0 
254.0 347.0 1.9338078537450185 5.075400507334812 92.0 
254.0 348.0 1.9338078537450185 5.075400507334812 92.0 
254.0 349.0 1.9338078537450185 5.075400507334812 92.0 
254.0 350.0 1.9338078537450185 5.075400507334812 92.0 
254.0 351.0 1.9338078537450185 5.075400507334812 92.0 
254.0 352.0 1.9338078537450185 5.075400507334812 92.0 
254.0 353.0 1.9338078537450185 5.075400507334812 92.0 
254.0 354.0 1.9338078537450185 5.075400507334812 92.0 
254.0 355.0 1.9338078537450185 5.075400507334812 92.0 
254.0 356.0 1.9338078537450185 5.075400507334812 92.0 
254.0 357.0 1.9338078537450185 5.075400507334812 92.0 
254.0 358.0 1.9338078537450185 5.075400507334812 92.0 
255.0 339.0 1.9338078537450185 5.075400507334812 92.0 
255.0 340.0 1.9338078537450185 5.075400507334812 92.0 
255.0 341.0 1.9338078537450185 5.075400507334812 92.0 
255.0 342.0 1.9338078537450185 5.075400507334812 92.0 
255.0 343.0 1.9338078537450185 5.075400507334812 92.0 
255.0 344.0 1.9338078537450185 5.075400507334812 92.0 
255.0 345.0 1.9338078537450185 5.075400507334812 92.0 
255.0 346.0 1.9338078537450185 5.075400507334812 92.0 
255.0 347.0 1.9338078537450185 5.075400507334812 92.0 
255.0 348.0 1.9338078537450185 5.075400507334812 92.0 
255.0 349.0 1.9338078537450185 5.075400507334812 92.0 
255.0 350.0 1.9338078537450185 5.075400507334812 92.0 
255.0 351.0 1.9338078537450185 5.075400507334812 92.0 
255.0 352.0 1.9338078537450185 5.075400507334812 92.0 
255.0 353.0 1.9338078537450185 5.075400507334812 92.0 
255.0 354.0 1.9338078537450185 5.075400507334812 92.0 
255.0 355.0 1.9338078537450185 5.075400507334812 92.0 
256.0 337.0 1.9338078537450185 5.075400507334812 92.0 
256.0 338.0 1.9338078537450185 5.075400507334812 92.0 
256.0 339.0 1.9338078537450185 5.075400507334812 92.0 
256.0 340.0 1.9338078537450185 5.075400507334812 92.0 
256.0 341.0 1.9338078537450185 5.075400507334812 92.0 
256.0 342.0 1.9338078537450185 5.075400507334812 92.0 
256.0 343.0 1.9338078537450185 5.075400507334812 92.0 
256.0 344.0 1.9338078537450185 5.075400507334812 92.0 
256.0 345.0 1.9338078537450185 5.075400507334812 92.0 
256.0 346.0 1.9338078537450185 5.075400507334812 92.0 
256.0 347.0 1.9338078537450185 5.075400507334812 92.0 
256.0 348.0 1.9338078537450185 5.075400507334812 92.0 
256.0 349.0 1.9338078537450185 5.075400507334812 92.0 
256.0 350.0 1.9338078537450185 5.075400507334812 92.0 
256.0 351.0 1.9338078537450185 5.075400507334812 92.0 
256.0 352.0 1.9338078537450185 5.075400507334812 92.0 
256.0 353.0 1.9338078537450185 5.075400507334812 92.0 
257.0 334.0 1.9338078537450185 5.075400507334812 92.0 
257.0 335.0 1.9338078537450185 5.075400507334812 92.0 
257.0 336.0 1.9338078537450185 5.075400507334812 92.0 
257.0 337.0 1.9338078537450185 5.075400507334812 92.0 
257.0 338.0 1.9338078537450185 5.075400507334812 92.0 
257.0 339.0 1.9338078537450185 5.075400507334812 92.0 
257.0 340.0 1.9338078537450185 5.075400507334812 92.0 
257.0 341.0 1.9338078537450185 5.075400507334812 92.0 
257.0 342.0 1.9338078537450185 5.075400507334812 92.0 
257.0 343.0 1.9338078537450185 5.075400507334812 92.0 
257.0 344.0 1.9338078537450185 5.075400507334812 92.0 
257.0 345.0 1.9338078537450185 5.075400507334812 92.0 
257.0 346.0 1.9338078537450185 5.075400507334812 92.0 
257.0 347.0 1.9338078537450185 5.075400507334812 92.0 
257.0 348.0 1.9338078537450185 5.075400507334812 92.0 
257.0 349.0 1.9338078537450185 5.075400507334812 92.0 
257.0 350.0 1.9338078537450185 5.075400507334812 92.0 
258.0 332.0 1.9338078537450185 5.075400507334812 92.0 
258.0 333.0 1.9338078537450185 5.075400507334812 92.0 
258.0 334.0 1.9338078537450185 5.075400507334812 92.0 
258.0 335.0 1.9338078537450185 5.075400507334812 92.0 
258.0 336.0 1.9338078537450185 5.075400507334812 92.0 
258.0 337.0 1.9338078537450185 5.075400507334812 92.0 
258.0 338.0 1.9338078537450185 5.075400507334812 92.0 
258.0 339.0 1.9338078537450185 5.075400507334812 92.0 
258.0 340.0 1.9338078537450185 5.075400507334812 92.0 
258.0 341.0 1.9338078537450185 5.075400507334812 92.0 
258.0 342.0 1.9338078537450185 5.075400507334812 92.0 
258.0 343.0 1.9338078537450185 5.075400507334812 92.0 
258.0 344.0 1.9338078537450185 5.075400507334812 92.0 
258.0 345.0 1.9338078537450185 5.075400507334812 92.0 
258.0 346.0 1.9338078537450185 5.075400507334812 92.0 
258.0 347.0 1.9338078537450185 5.075400507334812 92.0 
259.0 329.0 1.9338078537450185 5.075400507334812 92.0 
259.0 330.0 1.9338078537450185 5.075400507334812 92.0 
259.0 331.0 1.9338078537450185 5.075400507334812 92.0 
259.0 332.0 1.9338078537450185 5.075400507334812 92.0 
259.0 333.0 1.9338078537450185 5.075400507334812 92.0 
259.0 334.0 1.9338078537450185 5.075400507334812 92.0 
259.0 335.0 1.9338078537450185 5.075400507334812 92.0 
259.0 336.0 1.9338078537450185 5.075400507334812 92.0 
259.0 337.0 1.9338078537450185 5.075400507334812 92.0 
259.0 338.0 1.9338078537450185 5.075400507334812 92.0 
259.0 339.0 1.9338078537450185 5.075400507334812 92.0 
259.0 340.0 1.9338078537450185 5.075400507334812 92.0 
259.0 341.0 1.9338078537450185 5.075400507334812 92.0 
259.0 342.0 1.9338078537450185 5.075400507334812 92.0 
259.0 343.0 1.9338078537450185 5.075400507334812 92.0 
259.0 344.0 1.9338078537450185 5.075400507334812 92.0 
259.0 345.0 1.9338078537450185 5.075400507334812 92.0 
260.0 326.0 1.9338078537450185 5.075400507334812 92.0 
260.0 327.0 1.9338078537450185 5.075400507334812 92.0 
260.0 328.0 1.9338078537450185 5.075400507334812 92.0 
260.0 329.0 1.9338078537450185 5.075400507334812 92.0 
260.0 330.0 1.9338078537450185 5.075400507334812 92.0 
260.0 331.0 1.9338078537450185 5.075400507334812 92.0 
260.0 332.0 1.9338078537450185 5.075400507334812 92.0 
260.0 333.0 1.9338078537450185 5.075400507334812 92.0 
260.0 334.0 1.9338078537450185 5.075400507334812 92.0 
260.0 335.0 1.9338078537450185 5.075400507334812 92.0 
260.0 336.0 1.9338078537450185 5.075400507334812 92.0 
260.0 337.0 1.9338078537450185 5.075400507334812 92.0 
260.0 338.0 1.9338078537450185 5.075400507334812 92.0 
260.0 339.0 1.9338078537450185 5.075400507334812 92.0 
260.0 340.0 1.9338078537450185 5.075400507334812 92.0 
260.0 341.0 1.9338078537450185 5.075400507334812 92.0 
260.0 342.0 1.9338078537450185 5.075400507334812 92.0 
261.0 324.0 1.9338078537450185 5.075400507334812 92.0 
261.0 325.0 1.9338078537450185 5.075400507334812 92.0 
261.0 326.0 1.9338078537450185 5.075400507334812 92.0 
261.0 327.0 1.9338078537450185 5.075400507334812 92.0 
261.0 328.0 1.9338078537450185 5.075400507334812 92.0 
261.0 329.0 1.9338078537450185 5.075400507334812 92.0 
261.0 330.0 1.9338078537450185 5.075400507334812 92.0 
261.0 331.0 1.9338078537450185 5.075400507334812 92.0 
261.0 332.0 1.9338078537450185 5.075400507334812 92.0 
261.0 333.0 1.9338078537450185 5.075400507334812 92.0 
261.0 334.0 1.9338078537450185 5.075400507334812 92.0 
261.0 335.0 1.9338078537450185 5.075400507334812 92.0 
261.0 336.0 1.9338078537450185 5.075400507334812 92.0 
261.0 337.0 1.9338078537450185 5.075400507334812 92.0 
261.0 338.0 1.9338078537450185 5.075400507334812 92.0 
261.0 339.0 1.9338078537450185 5.075400507334812 92.0 
262.0 321.0 1.9338078537450185 5.075400507334812 92.0 
262.0 322.0 1.9338078537450185 5.075400507334812 92.0 
262.0 323.0 1.9338078537450185 5.075400507334812 92.0 
262.0 324.0 1.9338078537450185 5.075400507334812 92.0 
262.0 325.0 1.9338078537450185 5.075400507334812 92.0 
262.0 326.0 1.9338078537450185 5.075400507334812 92.0 
262.0 327.0 1.9338078537450185 5.075400507334812 92.0 
262.0 328.0 1.9338078537450185 5.075400507334812 92.0 
262.0 329.0 1.9338078537450185 5.075400507334812 92.0 
262.0 330.0 1.9338078537450185 5.075400507334812 92.0 
262.0 331.0 1.9338078537450185 5.075400507334812 92.0 
262.0 332.0 1.9338078537450185 5.075400507334812 92.0 
262.0 333.0 1.9338078537450185 5.075400507334812 92.0 
262.0 334.0 1.9338078537450185 5.075400507334812 92.0 
262.0 335.0 1.9338078537450185 5.075400507334812 92.0 
262.0 336.0 1.9338078537450185 5.075400507334812 92.0 
262.0 337.0 1.9338078537450185 5.075400507334812 92.0 
263.0 318.0 1.9338078537450185 5.075400507334812 92.0 
263.0 319.0 1.9338078537450185 5.075400507334812 92.0 
263.0 320.0 1.9338078537450185 5.075400507334812 92.0 
263.0 321.0 1.9338078537450185 5.075400507334812 92.0 
263.0 322.0 1.9338078537450185 5.075400507334812 92.0 
263.0 323.0 1.9338078537450185 5.075400507334812 92.0 
263.0 324.0 1.9338078537450185 5.075400507334812 92.0 
263.0 325.0 1.9338078537450185 5.075400507334812 92.0 
263.0 326.0 1.9338078537450185 5.075400507334812 92.0 
263.0 327.0 1.9338078537450185 5.075400507334812 92.0 
263.0 328.0 1.9338078537450185 5.075400507334812 92.0 
263.0 329.0 1.9338078537450185 5.075400507334812 92.0 
263.0 330.0 1.9338078537450185 5.075400507334812 92.0 
263.0 331.0 1.9338078537450185 5.075400507334812 92.0 
263.0 332.0 1.9338078537450185 5.075400507334812 92.0 
263.0 333.0 1.9338078537450185 5.075400507334812 92.0 
263.0 334.0 1.9338078537450185 5.075400507334812 92.0 
264.0 316.0 1.9338078537450185 5.075400507334812 92.0 
264.0 317.0 1.9338078537450185 5.075400507334812 92.0 
264.0 318.0 1.9338078537450185 5.075400507334812 92.0 
264.0 319.0 1.9338078537450185 5.075400507334812 92.0 
264.0 320.0 1.9338078537450185 5.075400507334812 92.0 
264.0 321.0 1.9338078537450185 5.075400507334812 92.0 
264.0 322.0 1.9338078537450185 5.075400507334812 92.0 
264.0 323.0 1.9338078537450185 5.075400507334812 92.0 
264.0 324.0 1.9338078537450185 5.075400507334812 92.0 
264.0 325.0 1.9338078537450185 5.075400507334812 92.0 
264.0 326.0 1.9338078537450185 5.075400507334812 92.0 
264.0 327.0 1.9338078537450185 5.075400507334812 92.0 
264.0 328.0 1.9338078537450185 5.075400507334812 92.0 
264.0 329.0 1.9338078537450185 5.075400507334812 92.0 
264.0 330.0 1.9338078537450185 5.075400507334812 92.0 
264.0 331.0 1.9338078537450185 5.075400507334812 92.0 
264.0 332.0 1.9338078537450185 5.075400507334812 92.0 
265.0 313.0 1.9338078537450185 5.075400507334812 92.0 
265.0 314.0 1.9338078537450185 5.075400507334812 92.0 
265.0 315.0 1.9338078537450185 5.075400507334812 92.0 
265.0 316.0 1.9338078537450185 5.075400507334812 92.0 
265.0 317.0 1.9338078537450185 5.075400507334812 92.0 
265.0 318.0 1.9338078537450185 5.075400507334812 92.0 
265.0 319.0 1.9338078537450185 5.075400507334812 92.0 
265.0 320.0 1.9338078537450185 5.075400507334812 92.0 
265.0 321.0 1.9338078537450185 5.075400507334812 92.0 
265.0 322.0 1.9338078537450185 5.075400507334812 92.0 
265.0 323.0 1.9338078537450185 5.075400507334812 92.0 
265.0 324.0 1.9338078537450185 5.075400507334812 92.0 
265.0 325.0 1.9338078537450185 5.075400507334812 92.0 
265.0 326.0 1.9338078537450185 5.075400507334812 92.0 
265.0 327.0 1.9338078537450185 5.075400507334812 92.0 
265.0 328.0 1.9338078537450185 5.075400507334812 92.0 
265.0 329.0 1.9338078537450185 5.075400507334812 92.0 
266.0 310.0 1.9338078537450185 5.075400507334812 92.0 
266.0 311.0 1.9338078537450185 5.075400507334812 92.0 
266.0 312.0 1.9338078537450185 5.075400507334812 92.0 
266.0 313.0 1.9338078537450185 5.075400507334812 92.0 
266.0 314.0 1.9338078537450185 5.075400507334812 92.0 
266.0 315.0 1.9338078537450185 5.075400507334812 92.0 
266.0 316.0 1.9338078537450185 5.075400507334812 92.0 
266.0 317.0 1.9338078537450185 5.075400507334812 92.0 
266.0 318.0 1.9338078537450185 5.075400507334812 92.0 
266.0 319.0 1.9338078537450185 5.075400507334812 92.0 
266.0 320.0 1.9338078537450185 5.075400507334812 92.0 
266.0 321.0 1.9338078537450185 5.075400507334812 92.0 
266.0 322.0 1.9338078537450185 5.075400507334812 92.0 
266.0 323.0 1.9338078537450185 5.075400507334812 92.0 
266.0 324.0 1.9338078537450185 5.075400507334812 92.0 
266.0 325.0 1.9338078537450185 5.075400507334812 92.0 
266.0 326.0 1.9338078537450185 5.075400507334812 92.0 
267.0 308.0 1.9338078537450185 5.075400507334812 92.0 
267.0 309.0 1.9338078537450185 5.075400507334812 92.0 
267.0 310.0 1.9338078537450185 5.075400507334812 92.0 
267.0 311.0 1.9338078537450185 5.075400507334812 92.0 
267.0 312.0 1.9338078537450185 5.075400507334812 92.0 
267.0 313.0 1.9338078537450185 5.075400507334812 92.0 
267.0 314.0 1.9338078537450185 5.075400507334812 92.0 
267.0 315.0 1.9338078537450185 5.075400507334812 92.0 
267.0 316.0 1.9338078537450185 5.075400507334812 92.0 
267.0 317.0 1.9338078537450185 5.075400507334812 92.0 
267.0 318.0 1.9338078537450185 5.075400507334812 92.0 
267.0 319.0 1.9338078537450185 5.075400507334812 92.0 
267.0 320.0 1.9338078537450185 5.075400507334812 92.0 
267.0 321.0 1.9338078537450185 5.075400507334812 92.0 
267.0 322.0 1.9338078537450185 5.075400507334812 92.0 
267.0 323.0 1.9338078537450185 5.075400507334812 92.0 
267.0 324.0 1.9338078537450185 5.075400507334812 92.0 
268.0 305.0 1.9338078537450185 5.075400507334812 92.0 
268.0 306.0 1.9338078537450185 5.075400507334812 92.0 
268.0 307.0 1.9338078537450185 5.075400507334812 92.0 
268.0 308.0 1.9338078537450185 5.075400507334812 92.0 
268.0 309.0 1.9338078537450185 5.075400507334812 92.0 
268.0 310.0 1.9338078537450185 5.075400507334812 92.0 
268.0 311.0 1.9338078537450185 5.075400507334812 92.0 
268.0 312.0 1.9338078537450185 5.075400507334812 92.0 
268.0 313.0 1.9338078537450185 5.075400507334812 92.0 
268.0 314.0 1.9338078537450185 5.075400507334812 92.0 
268.0 315.0 1.9338078537450185 5.075400507334812 92.0 
268.0 316.0 1.9338078537450185 5.075400507334812 92.0 
268.0 317.0 1.9338078537450185 5.075400507334812 92.0 
268.0 318.0 1.9338078537450185 5.075400507334812 92.0 
268.0 319.0 1.9338078537450185 5.075400507334812 92.0 
268.0 320.0 1.9338078537450185 5.075400507334812 92.0 
268.0 321.0 1.9338078537450185 5.075400507334812 92.0 
269.0 303.0 1.9338078537450185 5.075400507334812 92.0 
269.0 304.0 1.9338078537450185 5.075400507334812 92.0 
269.0 305.0 1.9338078537450185 5.075400507334812 92.0 
269.0 306.0 1.9338078537450185 5.075400507334812 92.0 
269.0 307.0 1.9338078537450185 5.075400507334812 92.0 
269.0 308.0 1.9338078537450185 5.075400507334812 92.0 
269.0 309.0 1.9338078537450185 5.075400507334812 92.0 
269.0 310.0 1.9338078537450185 5.075400507334812 92.0 
269.0 311.0 1.9338078537450185 5.075400507334812 92.0 
269.0 312.0 1.9338078537450185 5.075400507334812 92.0 
269.0 313.0 1.9338078537450185 5.075400507334812 92.0 
269.0 314.0 1.9338078537450185 5.075400507334812 92.0 
269.0 315.0 1.9338078537450185 5.075400507334812 92.0 
269.0 316.0 1.9338078537450185 5.075400507334812 92.0 
269.0 317.0 1.9338078537450185 5.075400507334812 92.0 
269.0 318.0 1.9338078537450185 5.075400507334812 92.0 
270.0 300.0 1.9338078537450185 5.075400507334812 92.0 
270.0 301.0 1.9338078537450185 5.075400507334812 92.0 
270.0 302.0 1.9338078537450185 5.075400507334812 92.0 
270.0 303.0 1.9338078537450185 5.075400507334812 92.0 
270.0 304.0 1.9338078537450185 5.075400507334812 92.0 
270.0 305.0 1.9338078537450185 5.075400507334812 92.0 
270.0 306.0 1.9338078537450185 5.075400507334812 92.0 
270.0 307.0 1.9338078537450185 5.075400507334812 92.0 
270.0 308.0 1.9338078537450185 5.075400507334812 92.0 
270.0 309.0 1.9338078537450185 5.075400507334812 92.0 
270.0 310.0 1.9338078537450185 5.075400507334812 92.0 
270.0 311.0 1.9338078537450185 5.075400507334812 92.0 
270.0 312.0 1.9338078537450185 5.075400507334812 92.0 
270.0 313.0 1.9338078537450185 5.075400507334812 92.0 
270.0 314.0 1.9338078537450185 5.075400507334812 92.0 
270.0 315.0 1.9338078537450185 5.075400507334812 92.0 
270.0 316.0 1.9338078537450185 5.075400507334812 92.0 
271.0 297.0 1.9338078537450185 5.075400507334812 92.0 
271.0 298.0 1.9338078537450185 5.075400507334812 92.0 
271.0 299.0 1.9338078537450185 5.075400507334812 92.0 
271.0 300.0 1.9338078537450185 5.075400507334812 92.0 
271.0 301.0 1.9338078537450185 5.075400507334812 92.0 
271.0 302.0 1.9338078537450185 5.075400507334812 92.0 
271.0 303.0 1.9338078537450185 5.075400507334812 92.0 
271.0 304.0 1.9338078537450185 5.075400507334812 92.0 
271.0 305.0 1.9338078537450185 5.075400507334812 92.0 
271.0 306.0 1.9338078537450185 5.075400507334812 92.0 
271.0 307.0 1.9338078537450185 5.075400507334812 92.0 
271.0 308.0 1.9338078537450185 5.075400507334812 92.0 
271.0 309.0 1.9338078537450185 5.075400507334812 92.0 
271.0 310.0 1.9338078537450185 5.075400507334812 92.0 
271.0 311.0 1.9338078537450185 5.075400507334812 92.0 
271.0 312.0 1.9338078537450185 5.075400507334812 92.0 
271.0 313.0 1.9338078537450185 5.075400507334812 92.0 
272.0 295.0 1.9338078537450185 5.075400507334812 92.0 
272.0 296.0 1.9338078537450185 5.075400507334812 92.0 
272.0 297.0 1.9338078537450185 5.075400507334812 92.0 
272.0 298.0 1.9338078537450185 5.075400507334812 92.0 
272.0 299.0 1.9338078537450185 5.075400507334812 92.0 
272.0 300.0 1.9338078537450185 5.075400507334812 92.0 
272.0 301.0 1.9338078537450185 5.075400507334812 92.0 
272.0 302.0 1.9338078537450185 5.075400507334812 92.0 
272.0 303.0 1.9338078537450185 5.075400507334812 92.0 
272.0 304.0 1.9338078537450185 5.075400507334812 92.0 
272.0 305.0 1.9338078537450185 5.075400507334812 92.0 
272.0 306.0 1.9338078537450185 5.075400507334812 92.0 
272.0 307.0 1.9338078537450185 5.075400507334812 92.0 
272.0 308.0 1.9338078537450185 5.075400507334812 92.0 
272.0 309.0 1.9338078537450185 5.075400507334812 92.0 
272.0 310.0 1.9338078537450185 5.075400507334812 92.0 
272.0 311.0 1.9338078537450185 5.075400507334812 92.0 
273.0 292.0 1.9338078537450185 5.075400507334812 92.0 
273.0 293.0 1.9338078537450185 5.075400507334812 92.0 
273.0 294.0 1.9338078537450185 5.075400507334812 92.0 
273.0 295.0 1.9338078537450185 5.075400507334812 92.0 
273.0 296.0 1.9338078537450185 5.075400507334812 92.0 
273.0 297.0 1.9338078537450185 5.075400507334812 92.0 
273.0 298.0 1.9338078537450185 5.075400507334812 92.0 
273.0 299.0 1.9338078537450185 5.075400507334812 92.0 
273.0 300.0 1.9338078537450185 5.075400507334812 92.0 
273.0 301.0 1.9338078537450185 5.075400507334812 92.0 
273.0 302.0 1.9338078537450185 5.075400507334812 92.0 
273.0 303.0 1.9338078537450185 5.075400507334812 92.0 
273.0 304.0 1.9338078537450185 5.075400507334812 92.0 
273.0 305.0 1.9338078537450185 5.075400507334812 92.0 
273.0 306.0 1.9338078537450185 5.075400507334812 92.0 
273.0 307.0 1.9338078537450185 5.075400507334812 92.0 
273.0 308.0 1.9338078537450185 5.075400507334812 92.0 
274.0 289.0 1.9338078537450185 5.075400507334812 92.0 
274.0 290.0 1.9338078537450185 5.075400507334812 92.0 
274.0 291.0 1.9338078537450185 5.075400507334812 92.0 
274.0 292.0 1.9338078537450185 5.075400507334812 92.0 
274.0 293.0 1.9338078537450185 5.075400507334812 92.0 
274.0 294.0 1.9338078537450185 5.075400507334812 92.0 
274.0 295.0 1.9338078537450185 5.075400507334812 92.0 
274.0 296.0 1.9338078537450185 5.075400507334812 92.0 
274.0 297.0 1.9338078537450185 5.075400507334812 92.0 
274.0 298.0 1.9338078537450185 5.075400507334812 92.0 
274.0 299.0 1.9338078537450185 5.075400507334812 92.0 
274.0 300.0 1.9338078537450185 5.075400507334812 92.0 
274.0 301.0 1.9338078537450185 5.075400507334812 92.0 
274.0 302.0 1.9338078537450185 5.075400507334812 92.0 
274.0 303.0 1.9338078537450185 5.075400507334812 92.0 
274.0 304.0 1.9338078537450185 5.075400507334812 92.0 
274.0 305.0 1.9338078537450185 5.075400507334812 92.0 
275.0 287.0 1.9338078537450185 5.075400507334812 92.0 
275.0 288.0 1.9338078537450185 5.075400507334812 92.0 
275.0 289.0 1.9338078537450185 5.075400507334812 92.0 
275.0 290.0 1.9338078537450185 5.075400507334812 92.0 
275.0 291.0 1.9338078537450185 5.075400507334812 92.0 
275.0 292.0 1.9338078537450185 5.075400507334812 92.0 
275.0 293.0 1.9338078537450185 5.075400507334812 92.0 
275.0 294.0 1.9338078537450185 5.075400507334812 92.0 
275.0 295.0 1.9338078537450185 5.075400507334812 92.0 
275.0 296.0 1.9338078537450185 5.075400507334812 92.0 
275.0 297.0 1.9338078537450185 5.075400507334812 92.0 
275.0 298.0 1.9338078537450185 5.075400507334812 92.0 
275.0 299.0 1.9338078537450185 5.075400507334812 92.0 
275.0 300.0 1.9338078537450185 5.075400507334812 92.0 
275.0 301.0 1.9338078537450185 5.075400507334812 92.0 
275.0 302.0 1.9338078537450185 5.075400507334812 92.0 
275.0 303.0 1.9338078537450185 5.075400507334812 92.0 
276.0 284.0 1.9338078537450185 5.075400507334812 92.0 
276.0 285.0 1.9338078537450185 5.075400507334812 92.0 
276.0 286.0 1.9338078537450185 5.075400507334812 92.0 
276.0 287.0 1.9338078537450185 5.075400507334812 92.0 
276.0 288.0 1.9338078537450185 5.075400507334812 92.0 
276.0 289.0 1.9338078537450185 5.075400507334812 92.0 
276.0 290.0 1.9338078537450185 5.075400507334812 92.0 
276.0 291.0 1.9338078537450185 5.075400507334812 92.0 
276.0 292.0 1.9338078537450185 5.075400507334812 92.0 
276.0 293.0 1.9338078537450185 5.075400507334812 92.0 
276.0 294.0 1.9338078537450185 5.075400507334812 92.0 
276.0 295.0 1.9338078537450185 5.075400507334812 92.0 
276.0 296.0 1.9338078537450185 5.075400507334812 92.0 
276.0 297.0 1.9338078537450185 5.075400507334812 92.0 
276.0 298.0 1.9338078537450185 5.075400507334812 92.0 
276.0 299.0 1.9338078537450185 5.075400507334812 92.0 
276.0 300.0 1.9338078537450185 5.075400507334812 92.0 
277.0 281.0 1.9338078537450185 5.075400507334812 92.0 
277.0 282.0 1.9338078537450185 5.075400507334812 92.0 
277.0 283.0 1.9338078537450185 5.075400507334812 92.0 
277.0 284.0 1.9338078537450185 5.075400507334812 92.0 
277.0 285.0 1.9338078537450185 5.075400507334812 92.0 
277.0 286.0 1.9338078537450185 5.075400507334812 92.0 
277.0 287.0 1.9338078537450185 5.075400507334812 92.0 
277.0 288.0 1.9338078537450185 5.075400507334812 92.0 
277.0 289.0 1.9338078537450185 5.075400507334812 92.0 
277.0 290.0 1.9338078537450185 5.075400507334812 92.0 
277.0 291.0 1.9338078537450185 5.075400507334812 92.0 
277.0 292.0 1.9338078537450185 5.075400507334812 92.0 
277.0 293.0 1.9338078537450185 5.075400507334812 92.0 
277.0 294.0 1.9338078537450185 5.075400507334812 92.0 
277.0 295.0 1.9338078537450185 5.075400507334812 92.0 
277.0 296.0 1.9338078537450185 5.075400507334812 92.0 
277.0 297.0 1.9338078537450185 5.075400507334812 92.0 
278.0 279.0 1.9338078537450185 5.075400507334812 92.0 
278.0 280.0 1.9338078537450185 5.075400507334812 92.0 
278.0 281.0 1.9338078537450185 5.075400507334812 92.0 
278.0 282.0 1.9338078537450185 5.075400507334812 92.0 
278.0 283.0 1.9338078537450185 5.075400507334812 92.0 
278.0 284.0 1.9338078537450185 5.075400507334812 92.0 
278.0 285.0 1.9338078537450185 5.075400507334812 92.0 
278.0 286.0 1.9338078537450185 5.075400507334812 92.0 
278.0 287.0 1.9338078537450185 5.075400507334812 92.0 
278.0 288.0 1.9338078537450185 5.075400507334812 92.0 
278.0 289.0 1.9338078537450185 5.075400507334812 92.0 
278.0 290.0 1.9338078537450185 5.075400507334812 92.0 
278.0 291.0 1.9338078537450185 5.075400507334812 92.0 
278.0 292.0 1.9338078537450185 5.075400507334812 92.0 
278.0 293.0 1.9338078537450185 5.075400507334812 92.0 
278.0 294.0 1.9338078537450185 5.075400507334812 92.0 
278.0 295.0 1.9338078537450185 5.075400507334812 92.0 
279.0 276.0 1.9338078537450185 5.075400507334812 92.0 
279.0 277.0 1.9338078537450185 5.075400507334812 92.0 
279.0 278.0 1.9338078537450185 5.075400507334812 92.0 
279.0 279.0 1.9338078537450185 5.075400507334812 92.0 
279.0 280.0 1.9338078537450185 5.075400507334812 92.0 
279.0 281.0 1.9338078537450185 5.075400507334812 92.0 
279.0 282.0 1.9338078537450185 5.075400507334812 92.0 
279.0 283.0 1.9338078537450185 5.075400507334812 92.0 
279.0 284.0 1.9338078537450185 5.075400507334812 92.0 
279.0 285.0 1.9338078537450185 5.075400507334812 92.0 
279.0 286.0 1.9338078537450185 5.075400507334812 92.0 
279.0 287.0 1.9338078537450185 5.075400507334812 92.0 
279.0 288.0 1.9338078537450185 5.075400507334812 92.0 
279.0 289.0 1.9338078537450185 5.075400507334812 92.0 
279.0 290.0 1.9338078537450185 5.075400507334812 92.0 
279.0 291.0 1.9338078537450185 5.075400507334812 92.0 
279.0 292.0 1.9338078537450185 5.075400507334812 92.0 
280.0 274.0 1.9338078537450185 5.075400507334812 92.0 
280.0 275.0 1.9338078537450185 5.075400507334812 92.0 
280.0 276.0 1.9338078537450185 5.075400507334812 92.0 
280.0 277.0 1.9338078537450185 5.075400507334812 92.0 
280.0 278.0 1.9338078537450185 5.075400507334812 92.0 
280.0 279.0 1.9338078537450185 5.075400507334812 92.0 
280.0 280.0 1.9338078537450185 5.075400507334812 92.0 
280.0 281.0 1.9338078537450185 5.075400507334812 92.0 
280.0 282.0 1.9338078537450185 5.075400507334812 92.0 
280.0 283.0 1.9338078537450185 5.075400507334812 92.0 
280.0 284.0 1.9338078537450185 5.075400507334812 92.0 
280.0 285.0 1.9338078537450185 5.075400507334812 92.0 
280.0 286.0 1.9338078537450185 5.075400507334812 92.0 
280.0 287.0 1.9338078537450185 5.075400507334812 92.0 
280.0 288.0 1.9338078537450185 5.075400507334812 92.0 
280.0 289.0 1.9338078537450185 5.075400507334812 92.0 
281.0 271.0 1.9338078537450185 5.075400507334812 92.0 
281.0 272.0 1.9338078537450185 5.075400507334812 92.0 
281.0 273.0 1.9338078537450185 5.075400507334812 92.0 
281.0 274.0 1.9338078537450185 5.075400507334812 92.0 
281.0 275.0 1.9338078537450185 5.075400507334812 92.0 
281.0 276.0 1.9338078537450185 5.075400507334812 92.0 
281.0 277.0 1.9338078537450185 5.075400507334812 92.0 
281.0 278.0 1.9338078537450185 5.075400507334812 92.0 
281.0 279.0 1.9338078537450185 5.075400507334812 92.0 
281.0 280.0 1.9338078537450185 5.075400507334812 92.0 
281.0 281.0 1.9338078537450185 5.075400507334812 92.0 
281.0 282.0 1.9338078537450185 5.075400507334812 92.0 
281.0 283.0 1.9338078537450185 5.075400507334812 92.0 
281.0 284.0 1.9338078537450185 5.075400507334812 92.0 
281.0 285.0 1.9338078537450185 5.075400507334812 92.0 
281.0 286.0 1.9338078537450185 5.075400507334812 92.0 
281.0 287.0 1.9338078537450185 5.075400507334812 92.0 
282.0 271.0 1.9338078537450185 5.075400507334812 92.0 
282.0 272.0 1.9338078537450185 5.075400507334812 92.0 
282.0 273.0 1.9338078537450185 5.075400507334812 92.0 
282.0 274.0 1.9338078537450185 5.075400507334812 92.0 
282.0 275.0 1.9338078537450185 5.075400507334812 92.0 
282.0 276.0 1.9338078537450185 5.075400507334812 92.0 
282.0 277.0 1.9338078537450185 5.075400507334812 92.0 
282.0 278.0 1.9338078537450185 5.075400507334812 92.0 
282.0 279.0 1.9338078537450185 5.075400507334812 92.0 
282.0 280.0 1.9338078537450185 5.075400507334812 92.0 
282.0 281.0 1.9338078537450185 5.075400507334812 92.0 
282.0 282.0 1.9338078537450185 5.075400507334812 92.0 
282.0 283.0 1.9338078537450185 5.075400507334812 92.0 
282.0 284.0 1.9338078537450185 5.075400507334812 92.0 
283.0 271.0 1.9338078537450185 5.075400507334812 92.0 
283.0 272.0 1.9338078537450185 5.075400507334812 92.0 
283.0 273.0 1.9338078537450185 5.075400507334812 92.0 
283.0 274.0 1.9338078537450185 5.075400507334812 92.0 
283.0 275.0 1.9338078537450185 5.075400507334812 92.0 
283.0 276.0 1.9338078537450185 5.075400507334812 92.0 
283.0 277.0 1.9338078537450185 5.075400507334812 92.0 
283.0 278.0 1.9338078537450185 5.075400507334812 92.0 
283.0 279.0 1.9338078537450185 5.075400507334812 92.0 
283.0 280.0 1.9338078537450185 5.075400507334812 92.0 
283.0 281.0 1.9338078537450185 5.075400507334812 92.0 
283.0 282.0 1.9338078537450185 5.075400507334812 92.0 
284.0 271.0 1.9338078537450185 5.075400507334812 92.0 
284.0 272.0 1.9338078537450185 5.075400507334812 92.0 
284.0 273.0 1.9338078537450185 5.075400507334812 92.0 
284.0 274.0 1.9338078537450185 5.075400507334812 92.0 
284.0 275.0 1.9338078537450185 5.075400507334812 92.0 
284.0 276.0 1.9338078537450185 5.075400507334812 92.0 
284.0 277.0 1.9338078537450185 5.075400507334812 92.0 
284.0 278.0 1.9338078537450185 5.075400507334812 92.0 
284.0 279.0 1.9338078537450185 5.075400507334812 92.0 
285.0 272.0 1.9338078537450185 5.075400507334812 92.0 
285.0 273.0 1.9338078537450185 5.075400507334812 92.0 
285.0 274.0 1.9338078537450185 5.075400507334812 92.0 
285.0 275.0 1.9338078537450185 5.075400507334812 92.0 
285.0 276.0 1.9338078537450185 5.075400507334812 92.0 
286.0 272.0 1.9338078537450185 5.075400507334812 92.0 
286.0 273.0 1.9338078537450185 5.075400507334812 92.0 
286.0 274.0 1.9338078537450185 5.075400507334812 92.0 
