233.0 330.0 2.8666828121091195 6.008275465698913 40.0 
233.0 331.0 2.8666828121091195 6.008275465698913 40.0 
233.0 332.0 2.8666828121091195 6.008275465698913 40.0 
234.0 330.0 2.8666828121091195 6.008275465698913 40.0 
234.0 331.0 2.8666828121091195 6.008275465698913 40.0 
234.0 332.0 2.8666828121091195 6.008275465698913 40.0 
234.0 333.0 2.8666828121091195 6.008275465698913 40.0 
234.0 334.0 2.8666828121091195 6.008275465698913 40.0 
234.0 335.0 2.8666828121091195 6.008275465698913 40.0 
235.0 330.0 2.8666828121091195 6.008275465698913 40.0 
235.0 331.0 2.8666828121091195 6.008275465698913 40.0 
235.0 332.0 2.8666828121091195 6.008275465698913 40.0 
235.0 333.0 2.8666828121091195 6.008275465698913 40.0 
235.0 334.0 2.8666828121091195 6.008275465698913 40.0 
235.0 335.0 2.8666828121091195 6.008275465698913 40.0 
236.0 330.0 2.8666828121091195 6.008275465698913 40.0 
236.0 331.0 2.8666828121091195 6.008275465698913 40.0 
236.0 332.0 2.8666828121091195 6.008275465698913 40.0 
236.0 333.0 2.8666828121091195 6.008275465698913 40.0 
236.0 334.0 2.8666828121091195 6.008275465698913 40.0 
236.0 335.0 2.8666828121091195 6.008275465698913 40.0 
237.0 329.0 2.8666828121091195 6.008275465698913 40.0 
237.0 330.0 2.8666828121091195 6.008275465698913 40.0 
237.0 331.0 2.8666828121091195 6.008275465698913 40.0 
237.0 332.0 2.8666828121091195 6.008275465698913 40.0 
237.0 333.0 2.8666828121091195 6.008275465698913 40.0 
237.0 334.0 2.8666828121091195 6.008275465698913 40.0 
238.0 329.0 2.8666828121091195 6.008275465698913 40.0 
238.0 330.0 2.8666828121091195 6.008275465698913 40.0 
238.0 331.0 2.8666828121091195 6.008275465698913 40.0 
238.0 332.0 2.8666828121091195 6.008275465698913 40.0 
238.0 333.0 2.8666828121091195 6.008275465698913 40.0 
238.0 334.0 2.8666828121091195 6.008275465698913 40.0 
239.0 329.0 2.8666828121091195 6.008275465698913 40.0 
239.0 330.0 2.8666828121091195 6.008275465698913 40.0 
239.0 331.0 2.8666828121091195 6.008275465698913 40.0 
239.0 332.0 2.8666828121091195 6.008275465698913 40.0 
239.0 333.0 2.8666828121091195 6.008275465698913 40.0 
239.0 334.0 2.8666828121091195 6.008275465698913 40.0 
240.0 328.0 2.8666828121091195 6.008275465698913 40.0 
240.0 329.0 2.8666828121091195 6.008275465698913 40.0 
240.0 330.0 2.8666828121091195 6.008275465698913 40.0 
240.0 331.0 2.8666828121091195 6.008275465698913 40.0 
240.0 332.0 2.8666828121091195 6.008275465698913 40.0 
240.0 333.0 2.8666828121091195 6.008275465698913 40.0 
240.0 334.0 2.8666828121091195 6.008275465698913 40.0 
241.0 328.0 2.8666828121091195 6.008275465698913 40.0 
241.0 329.0 2.8666828121091195 6.008275465698913 40.0 
241.0 330.0 2.8666828121091195 6.008275465698913 40.0 
241.0 331.0 2.8666828121091195 6.008275465698913 40.0 
241.0 332.0 2.8666828121091195 6.008275465698913 40.0 
241.0 333.0 2.8666828121091195 6.008275465698913 40.0 
242.0 328.0 2.8666828121091195 6.008275465698913 40.0 
242.0 329.0 2.8666828121091195 6.008275465698913 40.0 
242.0 330.0 2.8666828121091195 6.008275465698913 40.0 
242.0 331.0 2.8666828121091195 6.008275465698913 40.0 
242.0 332.0 2.8666828121091195 6.008275465698913 40.0 
242.0 333.0 2.8666828121091195 6.008275465698913 40.0 
243.0 328.0 2.8666828121091195 6.008275465698913 40.0 
243.0 329.0 2.8666828121091195 6.008275465698913 40.0 
243.0 330.0 2.8666828121091195 6.008275465698913 40.0 
243.0 331.0 2.8666828121091195 6.008275465698913 40.0 
243.0 332.0 2.8666828121091195 6.008275465698913 40.0 
243.0 333.0 2.8666828121091195 6.008275465698913 40.0 
244.0 327.0 2.8666828121091195 6.008275465698913 40.0 
244.0 328.0 2.8666828121091195 6.008275465698913 40.0 
244.0 329.0 2.8666828121091195 6.008275465698913 40.0 
244.0 330.0 2.8666828121091195 6.008275465698913 40.0 
244.0 331.0 2.8666828121091195 6.008275465698913 40.0 
244.0 332.0 2.8666828121091195 6.008275465698913 40.0 
244.0 333.0 2.8666828121091195 6.008275465698913 40.0 
245.0 327.0 2.8666828121091195 6.008275465698913 40.0 
245.0 328.0 2.8666828121091195 6.008275465698913 40.0 
245.0 329.0 2.8666828121091195 6.008275465698913 40.0 
245.0 330.0 2.8666828121091195 6.008275465698913 40.0 
245.0 331.0 2.8666828121091195 6.008275465698913 40.0 
245.0 332.0 2.8666828121091195 6.008275465698913 40.0 
246.0 327.0 2.8666828121091195 6.008275465698913 40.0 
246.0 328.0 2.8666828121091195 6.008275465698913 40.0 
246.0 329.0 2.8666828121091195 6.008275465698913 40.0 
246.0 330.0 2.8666828121091195 6.008275465698913 40.0 
246.0 331.0 2.8666828121091195 6.008275465698913 40.0 
246.0 332.0 2.8666828121091195 6.008275465698913 40.0 
247.0 326.0 2.8666828121091195 6.008275465698913 40.0 
247.0 327.0 2.8666828121091195 6.008275465698913 40.0 
247.0 328.0 2.8666828121091195 6.008275465698913 40.0 
247.0 329.0 2.8666828121091195 6.008275465698913 40.0 
247.0 330.0 2.8666828121091195 6.008275465698913 40.0 
247.0 331.0 2.8666828121091195 6.008275465698913 40.0 
247.0 332.0 2.8666828121091195 6.008275465698913 40.0 
248.0 326.0 2.8666828121091195 6.008275465698913 40.0 
248.0 327.0 2.8666828121091195 6.008275465698913 40.0 
248.0 328.0 2.8666828121091195 6.008275465698913 40.0 
248.0 329.0 2.8666828121091195 6.008275465698913 40.0 
248.0 330.0 2.8666828121091195 6.008275465698913 40.0 
248.0 331.0 2.8666828121091195 6.008275465698913 40.0 
249.0 326.0 2.8666828121091195 6.008275465698913 40.0 
249.0 327.0 2.8666828121091195 6.008275465698913 40.0 
249.0 328.0 2.8666828121091195 6.008275465698913 40.0 
249.0 329.0 2.8666828121091195 6.008275465698913 40.0 
249.0 330.0 2.8666828121091195 6.008275465698913 40.0 
249.0 331.0 2.8666828121091195 6.008275465698913 40.0 
250.0 326.0 2.8666828121091195 6.008275465698913 40.0 
250.0 327.0 2.8666828121091195 6.008275465698913 40.0 
250.0 328.0 2.8666828121091195 6.008275465698913 40.0 
250.0 329.0 2.8666828121091195 6.008275465698913 40.0 
250.0 330.0 2.8666828121091195 6.008275465698913 40.0 
250.0 331.0 2.8666828121091195 6.008275465698913 40.0 
251.0 325.0 2.8666828121091195 6.008275465698913 40.0 
251.0 326.0 2.8666828121091195 6.008275465698913 40.0 
251.0 327.0 2.8666828121091195 6.008275465698913 40.0 
251.0 328.0 2.8666828121091195 6.008275465698913 40.0 
251.0 329.0 2.8666828121091195 6.008275465698913 40.0 
251.0 330.0 2.8666828121091195 6.008275465698913 40.0 
251.0 331.0 2.8666828121091195 6.008275465698913 40.0 
252.0 325.0 2.8666828121091195 6.008275465698913 40.0 
252.0 326.0 2.8666828121091195 6.008275465698913 40.0 
252.0 327.0 2.8666828121091195 6.008275465698913 40.0 
252.0 328.0 2.8666828121091195 6.008275465698913 40.0 
252.0 329.0 2.8666828121091195 6.008275465698913 40.0 
252.0 330.0 2.8666828121091195 6.008275465698913 40.0 
253.0 325.0 2.8666828121091195 6.008275465698913 40.0 
253.0 326.0 2.8666828121091195 6.008275465698913 40.0 
253.0 327.0 2.8666828121091195 6.008275465698913 40.0 
253.0 328.0 2.8666828121091195 6.008275465698913 40.0 
253.0 329.0 2.8666828121091195 6.008275465698913 40.0 
253.0 330.0 2.8666828121091195 6.008275465698913 40.0 
254.0 324.0 2.8666828121091195 6.008275465698913 40.0 
254.0 325.0 2.8666828121091195 6.008275465698913 40.0 
254.0 326.0 2.8666828121091195 6.008275465698913 40.0 
254.0 327.0 2.8666828121091195 6.008275465698913 40.0 
254.0 328.0 2.8666828121091195 6.008275465698913 40.0 
254.0 329.0 2.8666828121091195 6.008275465698913 40.0 
254.0 330.0 2.8666828121091195 6.008275465698913 40.0 
255.0 324.0 2.8666828121091195 6.008275465698913 40.0 
255.0 325.0 2.8666828121091195 6.008275465698913 40.0 
255.0 326.0 2.8666828121091195 6.008275465698913 40.0 
255.0 327.0 2.8666828121091195 6.008275465698913 40.0 
255.0 328.0 2.8666828121091195 6.008275465698913 40.0 
255.0 329.0 2.8666828121091195 6.008275465698913 40.0 
256.0 324.0 2.8666828121091195 6.008275465698913 40.0 
256.0 325.0 2.8666828121091195 6.008275465698913 40.0 
256.0 326.0 2.8666828121091195 6.008275465698913 40.0 
256.0 327.0 2.8666828121091195 6.008275465698913 40.0 
256.0 328.0 2.8666828121091195 6.008275465698913 40.0 
256.0 329.0 2.8666828121091195 6.008275465698913 40.0 
257.0 324.0 2.8666828121091195 6.008275465698913 40.0 
257.0 325.0 2.8666828121091195 6.008275465698913 40.0 
257.0 326.0 2.8666828121091195 6.008275465698913 40.0 
257.0 327.0 2.8666828121091195 6.008275465698913 40.0 
257.0 328.0 2.8666828121091195 6.008275465698913 40.0 
257.0 329.0 2.8666828121091195 6.008275465698913 40.0 
258.0 323.0 2.8666828121091195 6.008275465698913 40.0 
258.0 324.0 2.8666828121091195 6.008275465698913 40.0 
258.0 325.0 2.8666828121091195 6.008275465698913 40.0 
258.0 326.0 2.8666828121091195 6.008275465698913 40.0 
258.0 327.0 2.8666828121091195 6.008275465698913 40.0 
258.0 328.0 2.8666828121091195 6.008275465698913 40.0 
258.0 329.0 2.8666828121091195 6.008275465698913 40.0 
259.0 323.0 2.8666828121091195 6.008275465698913 40.0 
259.0 324.0 2.8666828121091195 6.008275465698913 40.0 
259.0 325.0 2.8666828121091195 6.008275465698913 40.0 
259.0 326.0 2.8666828121091195 6.008275465698913 40.0 
259.0 327.0 2.8666828121091195 6.008275465698913 40.0 
259.0 328.0 2.8666828121091195 6.008275465698913 40.0 
260.0 323.0 2.8666828121091195 6.008275465698913 40.0 
260.0 324.0 2.8666828121091195 6.008275465698913 40.0 
260.0 325.0 2.8666828121091195 6.008275465698913 40.0 
260.0 326.0 2.8666828121091195 6.008275465698913 40.0 
260.0 327.0 2.8666828121091195 6.008275465698913 40.0 
260.0 328.0 2.8666828121091195 6.008275465698913 40.0 
261.0 322.0 2.8666828121091195 6.008275465698913 40.0 
261.0 323.0 2.8666828121091195 6.008275465698913 40.0 
261.0 324.0 2.8666828121091195 6.008275465698913 40.0 
261.0 325.0 2.8666828121091195 6.008275465698913 40.0 
261.0 326.0 2.8666828121091195 6.008275465698913 40.0 
261.0 327.0 2.8666828121091195 6.008275465698913 40.0 
261.0 328.0 2.8666828121091195 6.008275465698913 40.0 
262.0 322.0 2.8666828121091195 6.008275465698913 40.0 
262.0 323.0 2.8666828121091195 6.008275465698913 40.0 
262.0 324.0 2.8666828121091195 6.008275465698913 40.0 
262.0 325.0 2.8666828121091195 6.008275465698913 40.0 
262.0 326.0 2.8666828121091195 6.008275465698913 40.0 
262.0 327.0 2.8666828121091195 6.008275465698913 40.0 
263.0 322.0 2.8666828121091195 6.008275465698913 40.0 
263.0 323.0 2.8666828121091195 6.008275465698913 40.0 
263.0 324.0 2.8666828121091195 6.008275465698913 40.0 
263.0 325.0 2.8666828121091195 6.008275465698913 40.0 
263.0 326.0 2.8666828121091195 6.008275465698913 40.0 
263.0 327.0 2.8666828121091195 6.008275465698913 40.0 
264.0 322.0 2.8666828121091195 6.008275465698913 40.0 
264.0 323.0 2.8666828121091195 6.008275465698913 40.0 
264.0 324.0 2.8666828121091195 6.008275465698913 40.0 
264.0 325.0 2.8666828121091195 6.008275465698913 40.0 
264.0 326.0 2.8666828121091195 6.008275465698913 40.0 
264.0 327.0 2.8666828121091195 6.008275465698913 40.0 
265.0 321.0 2.8666828121091195 6.008275465698913 40.0 
265.0 322.0 2.8666828121091195 6.008275465698913 40.0 
265.0 323.0 2.8666828121091195 6.008275465698913 40.0 
265.0 324.0 2.8666828121091195 6.008275465698913 40.0 
265.0 325.0 2.8666828121091195 6.008275465698913 40.0 
265.0 326.0 2.8666828121091195 6.008275465698913 40.0 
265.0 327.0 2.8666828121091195 6.008275465698913 40.0 
266.0 321.0 2.8666828121091195 6.008275465698913 40.0 
266.0 322.0 2.8666828121091195 6.008275465698913 40.0 
266.0 323.0 2.8666828121091195 6.008275465698913 40.0 
266.0 324.0 2.8666828121091195 6.008275465698913 40.0 
266.0 325.0 2.8666828121091195 6.008275465698913 40.0 
266.0 326.0 2.8666828121091195 6.008275465698913 40.0 
267.0 321.0 2.8666828121091195 6.008275465698913 40.0 
267.0 322.0 2.8666828121091195 6.008275465698913 40.0 
267.0 323.0 2.8666828121091195 6.008275465698913 40.0 
267.0 324.0 2.8666828121091195 6.008275465698913 40.0 
267.0 325.0 2.8666828121091195 6.008275465698913 40.0 
267.0 326.0 2.8666828121091195 6.008275465698913 40.0 
268.0 321.0 2.8666828121091195 6.008275465698913 40.0 
268.0 322.0 2.8666828121091195 6.008275465698913 40.0 
268.0 323.0 2.8666828121091195 6.008275465698913 40.0 
268.0 324.0 2.8666828121091195 6.008275465698913 40.0 
268.0 325.0 2.8666828121091195 6.008275465698913 40.0 
268.0 326.0 2.8666828121091195 6.008275465698913 40.0 
269.0 320.0 2.8666828121091195 6.008275465698913 40.0 
269.0 321.0 2.8666828121091195 6.008275465698913 40.0 
269.0 322.0 2.8666828121091195 6.008275465698913 40.0 
269.0 323.0 2.8666828121091195 6.008275465698913 40.0 
269.0 324.0 2.8666828121091195 6.008275465698913 40.0 
269.0 325.0 2.8666828121091195 6.008275465698913 40.0 
270.0 320.0 2.8666828121091195 6.008275465698913 40.0 
270.0 321.0 2.8666828121091195 6.008275465698913 40.0 
270.0 322.0 2.8666828121091195 6.008275465698913 40.0 
270.0 323.0 2.8666828121091195 6.008275465698913 40.0 
270.0 324.0 2.8666828121091195 6.008275465698913 40.0 
270.0 325.0 2.8666828121091195 6.008275465698913 40.0 
271.0 320.0 2.8666828121091195 6.008275465698913 40.0 
271.0 321.0 2.8666828121091195 6.008275465698913 40.0 
271.0 322.0 2.8666828121091195 6.008275465698913 40.0 
271.0 323.0 2.8666828121091195 6.008275465698913 40.0 
271.0 324.0 2.8666828121091195 6.008275465698913 40.0 
271.0 325.0 2.8666828121091195 6.008275465698913 40.0 
272.0 319.0 2.8666828121091195 6.008275465698913 40.0 
272.0 320.0 2.8666828121091195 6.008275465698913 40.0 
272.0 321.0 2.8666828121091195 6.008275465698913 40.0 
272.0 322.0 2.8666828121091195 6.008275465698913 40.0 
272.0 323.0 2.8666828121091195 6.008275465698913 40.0 
272.0 324.0 2.8666828121091195 6.008275465698913 40.0 
272.0 325.0 2.8666828121091195 6.008275465698913 40.0 
273.0 319.0 2.8666828121091195 6.008275465698913 40.0 
273.0 320.0 2.8666828121091195 6.008275465698913 40.0 
273.0 321.0 2.8666828121091195 6.008275465698913 40.0 
273.0 322.0 2.8666828121091195 6.008275465698913 40.0 
273.0 323.0 2.8666828121091195 6.008275465698913 40.0 
273.0 324.0 2.8666828121091195 6.008275465698913 40.0 
274.0 319.0 2.8666828121091195 6.008275465698913 40.0 
274.0 320.0 2.8666828121091195 6.008275465698913 40.0 
274.0 321.0 2.8666828121091195 6.008275465698913 40.0 
274.0 322.0 2.8666828121091195 6.008275465698913 40.0 
274.0 323.0 2.8666828121091195 6.008275465698913 40.0 
274.0 324.0 2.8666828121091195 6.008275465698913 40.0 
275.0 319.0 2.8666828121091195 6.008275465698913 40.0 
275.0 320.0 2.8666828121091195 6.008275465698913 40.0 
275.0 321.0 2.8666828121091195 6.008275465698913 40.0 
275.0 322.0 2.8666828121091195 6.008275465698913 40.0 
275.0 323.0 2.8666828121091195 6.008275465698913 40.0 
275.0 324.0 2.8666828121091195 6.008275465698913 40.0 
276.0 318.0 2.8666828121091195 6.008275465698913 40.0 
276.0 319.0 2.8666828121091195 6.008275465698913 40.0 
276.0 320.0 2.8666828121091195 6.008275465698913 40.0 
276.0 321.0 2.8666828121091195 6.008275465698913 40.0 
276.0 322.0 2.8666828121091195 6.008275465698913 40.0 
276.0 323.0 2.8666828121091195 6.008275465698913 40.0 
277.0 318.0 2.8666828121091195 6.008275465698913 40.0 
277.0 319.0 2.8666828121091195 6.008275465698913 40.0 
277.0 320.0 2.8666828121091195 6.008275465698913 40.0 
277.0 321.0 2.8666828121091195 6.008275465698913 40.0 
277.0 322.0 2.8666828121091195 6.008275465698913 40.0 
277.0 323.0 2.8666828121091195 6.008275465698913 40.0 
278.0 318.0 2.8666828121091195 6.008275465698913 40.0 
278.0 319.0 2.8666828121091195 6.008275465698913 40.0 
278.0 320.0 2.8666828121091195 6.008275465698913 40.0 
278.0 321.0 2.8666828121091195 6.008275465698913 40.0 
278.0 322.0 2.8666828121091195 6.008275465698913 40.0 
278.0 323.0 2.8666828121091195 6.008275465698913 40.0 
279.0 317.0 2.8666828121091195 6.008275465698913 40.0 
279.0 318.0 2.8666828121091195 6.008275465698913 40.0 
279.0 319.0 2.8666828121091195 6.008275465698913 40.0 
279.0 320.0 2.8666828121091195 6.008275465698913 40.0 
279.0 321.0 2.8666828121091195 6.008275465698913 40.0 
279.0 322.0 2.8666828121091195 6.008275465698913 40.0 
279.0 323.0 2.8666828121091195 6.008275465698913 40.0 
280.0 317.0 2.8666828121091195 6.008275465698913 40.0 
280.0 318.0 2.8666828121091195 6.008275465698913 40.0 
280.0 319.0 2.8666828121091195 6.008275465698913 40.0 
280.0 320.0 2.8666828121091195 6.008275465698913 40.0 
280.0 321.0 2.8666828121091195 6.008275465698913 40.0 
280.0 322.0 2.8666828121091195 6.008275465698913 40.0 
281.0 317.0 2.8666828121091195 6.008275465698913 40.0 
281.0 318.0 2.8666828121091195 6.008275465698913 40.0 
281.0 319.0 2.8666828121091195 6.008275465698913 40.0 
281.0 320.0 2.8666828121091195 6.008275465698913 40.0 
281.0 321.0 2.8666828121091195 6.008275465698913 40.0 
281.0 322.0 2.8666828121091195 6.008275465698913 40.0 
282.0 317.0 2.8666828121091195 6.008275465698913 40.0 
282.0 318.0 2.8666828121091195 6.008275465698913 40.0 
282.0 319.0 2.8666828121091195 6.008275465698913 40.0 
282.0 320.0 2.8666828121091195 6.008275465698913 40.0 
282.0 321.0 2.8666828121091195 6.008275465698913 40.0 
282.0 322.0 2.8666828121091195 6.008275465698913 40.0 
283.0 316.0 2.8666828121091195 6.008275465698913 40.0 
283.0 317.0 2.8666828121091195 6.008275465698913 40.0 
283.0 318.0 2.8666828121091195 6.008275465698913 40.0 
283.0 319.0 2.8666828121091195 6.008275465698913 40.0 
283.0 320.0 2.8666828121091195 6.008275465698913 40.0 
283.0 321.0 2.8666828121091195 6.008275465698913 40.0 
283.0 322.0 2.8666828121091195 6.008275465698913 40.0 
284.0 316.0 2.8666828121091195 6.008275465698913 40.0 
284.0 317.0 2.8666828121091195 6.008275465698913 40.0 
284.0 318.0 2.8666828121091195 6.008275465698913 40.0 
284.0 319.0 2.8666828121091195 6.008275465698913 40.0 
284.0 320.0 2.8666828121091195 6.008275465698913 40.0 
284.0 321.0 2.8666828121091195 6.008275465698913 40.0 
285.0 316.0 2.8666828121091195 6.008275465698913 40.0 
285.0 317.0 2.8666828121091195 6.008275465698913 40.0 
285.0 318.0 2.8666828121091195 6.008275465698913 40.0 
285.0 319.0 2.8666828121091195 6.008275465698913 40.0 
285.0 320.0 2.8666828121091195 6.008275465698913 40.0 
285.0 321.0 2.8666828121091195 6.008275465698913 40.0 
286.0 315.0 2.8666828121091195 6.008275465698913 40.0 
286.0 316.0 2.8666828121091195 6.008275465698913 40.0 
286.0 317.0 2.8666828121091195 6.008275465698913 40.0 
286.0 318.0 2.8666828121091195 6.008275465698913 40.0 
286.0 319.0 2.8666828121091195 6.008275465698913 40.0 
286.0 320.0 2.8666828121091195 6.008275465698913 40.0 
286.0 321.0 2.8666828121091195 6.008275465698913 40.0 
287.0 315.0 2.8666828121091195 6.008275465698913 40.0 
287.0 316.0 2.8666828121091195 6.008275465698913 40.0 
287.0 317.0 2.8666828121091195 6.008275465698913 40.0 
287.0 318.0 2.8666828121091195 6.008275465698913 40.0 
287.0 319.0 2.8666828121091195 6.008275465698913 40.0 
287.0 320.0 2.8666828121091195 6.008275465698913 40.0 
288.0 315.0 2.8666828121091195 6.008275465698913 40.0 
288.0 316.0 2.8666828121091195 6.008275465698913 40.0 
288.0 317.0 2.8666828121091195 6.008275465698913 40.0 
288.0 318.0 2.8666828121091195 6.008275465698913 40.0 
288.0 319.0 2.8666828121091195 6.008275465698913 40.0 
288.0 320.0 2.8666828121091195 6.008275465698913 40.0 
289.0 315.0 2.8666828121091195 6.008275465698913 40.0 
289.0 316.0 2.8666828121091195 6.008275465698913 40.0 
289.0 317.0 2.8666828121091195 6.008275465698913 40.0 
289.0 318.0 2.8666828121091195 6.008275465698913 40.0 
289.0 319.0 2.8666828121091195 6.008275465698913 40.0 
289.0 320.0 2.8666828121091195 6.008275465698913 40.0 
290.0 314.0 2.8666828121091195 6.008275465698913 40.0 
290.0 315.0 2.8666828121091195 6.008275465698913 40.0 
290.0 316.0 2.8666828121091195 6.008275465698913 40.0 
290.0 317.0 2.8666828121091195 6.008275465698913 40.0 
290.0 318.0 2.8666828121091195 6.008275465698913 40.0 
290.0 319.0 2.8666828121091195 6.008275465698913 40.0 
290.0 320.0 2.8666828121091195 6.008275465698913 40.0 
291.0 314.0 2.8666828121091195 6.008275465698913 40.0 
291.0 315.0 2.8666828121091195 6.008275465698913 40.0 
291.0 316.0 2.8666828121091195 6.008275465698913 40.0 
291.0 317.0 2.8666828121091195 6.008275465698913 40.0 
291.0 318.0 2.8666828121091195 6.008275465698913 40.0 
291.0 319.0 2.8666828121091195 6.008275465698913 40.0 
292.0 314.0 2.8666828121091195 6.008275465698913 40.0 
292.0 315.0 2.8666828121091195 6.008275465698913 40.0 
292.0 316.0 2.8666828121091195 6.008275465698913 40.0 
292.0 317.0 2.8666828121091195 6.008275465698913 40.0 
292.0 318.0 2.8666828121091195 6.008275465698913 40.0 
292.0 319.0 2.8666828121091195 6.008275465698913 40.0 
293.0 313.0 2.8666828121091195 6.008275465698913 40.0 
293.0 314.0 2.8666828121091195 6.008275465698913 40.0 
293.0 315.0 2.8666828121091195 6.008275465698913 40.0 
293.0 316.0 2.8666828121091195 6.008275465698913 40.0 
293.0 317.0 2.8666828121091195 6.008275465698913 40.0 
293.0 318.0 2.8666828121091195 6.008275465698913 40.0 
293.0 319.0 2.8666828121091195 6.008275465698913 40.0 
294.0 313.0 2.8666828121091195 6.008275465698913 40.0 
294.0 314.0 2.8666828121091195 6.008275465698913 40.0 
294.0 315.0 2.8666828121091195 6.008275465698913 40.0 
294.0 316.0 2.8666828121091195 6.008275465698913 40.0 
294.0 317.0 2.8666828121091195 6.008275465698913 40.0 
294.0 318.0 2.8666828121091195 6.008275465698913 40.0 
295.0 313.0 2.8666828121091195 6.008275465698913 40.0 
295.0 314.0 2.8666828121091195 6.008275465698913 40.0 
295.0 315.0 2.8666828121091195 6.008275465698913 40.0 
295.0 316.0 2.8666828121091195 6.008275465698913 40.0 
295.0 317.0 2.8666828121091195 6.008275465698913 40.0 
295.0 318.0 2.8666828121091195 6.008275465698913 40.0 
296.0 313.0 2.8666828121091195 6.008275465698913 40.0 
296.0 314.0 2.8666828121091195 6.008275465698913 40.0 
296.0 315.0 2.8666828121091195 6.008275465698913 40.0 
296.0 316.0 2.8666828121091195 6.008275465698913 40.0 
296.0 317.0 2.8666828121091195 6.008275465698913 40.0 
296.0 318.0 2.8666828121091195 6.008275465698913 40.0 
297.0 312.0 2.8666828121091195 6.008275465698913 40.0 
297.0 313.0 2.8666828121091195 6.008275465698913 40.0 
297.0 314.0 2.8666828121091195 6.008275465698913 40.0 
297.0 315.0 2.8666828121091195 6.008275465698913 40.0 
297.0 316.0 2.8666828121091195 6.008275465698913 40.0 
297.0 317.0 2.8666828121091195 6.008275465698913 40.0 
297.0 318.0 2.8666828121091195 6.008275465698913 40.0 
298.0 312.0 2.8666828121091195 6.008275465698913 40.0 
298.0 313.0 2.8666828121091195 6.008275465698913 40.0 
298.0 314.0 2.8666828121091195 6.008275465698913 40.0 
298.0 315.0 2.8666828121091195 6.008275465698913 40.0 
298.0 316.0 2.8666828121091195 6.008275465698913 40.0 
298.0 317.0 2.8666828121091195 6.008275465698913 40.0 
299.0 312.0 2.8666828121091195 6.008275465698913 40.0 
299.0 313.0 2.8666828121091195 6.008275465698913 40.0 
299.0 314.0 2.8666828121091195 6.008275465698913 40.0 
299.0 315.0 2.8666828121091195 6.008275465698913 40.0 
299.0 316.0 2.8666828121091195 6.008275465698913 40.0 
299.0 317.0 2.8666828121091195 6.008275465698913 40.0 
300.0 311.0 2.8666828121091195 6.008275465698913 40.0 
300.0 312.0 2.8666828121091195 6.008275465698913 40.0 
300.0 313.0 2.8666828121091195 6.008275465698913 40.0 
300.0 314.0 2.8666828121091195 6.008275465698913 40.0 
300.0 315.0 2.8666828121091195 6.008275465698913 40.0 
300.0 316.0 2.8666828121091195 6.008275465698913 40.0 
300.0 317.0 2.8666828121091195 6.008275465698913 40.0 
301.0 311.0 2.8666828121091195 6.008275465698913 40.0 
301.0 312.0 2.8666828121091195 6.008275465698913 40.0 
301.0 313.0 2.8666828121091195 6.008275465698913 40.0 
301.0 314.0 2.8666828121091195 6.008275465698913 40.0 
301.0 315.0 2.8666828121091195 6.008275465698913 40.0 
301.0 316.0 2.8666828121091195 6.008275465698913 40.0 
302.0 311.0 2.8666828121091195 6.008275465698913 40.0 
302.0 312.0 2.8666828121091195 6.008275465698913 40.0 
302.0 313.0 2.8666828121091195 6.008275465698913 40.0 
302.0 314.0 2.8666828121091195 6.008275465698913 40.0 
302.0 315.0 2.8666828121091195 6.008275465698913 40.0 
302.0 316.0 2.8666828121091195 6.008275465698913 40.0 
303.0 311.0 2.8666828121091195 6.008275465698913 40.0 
303.0 312.0 2.8666828121091195 6.008275465698913 40.0 
303.0 313.0 2.8666828121091195 6.008275465698913 40.0 
303.0 314.0 2.8666828121091195 6.008275465698913 40.0 
303.0 315.0 2.8666828121091195 6.008275465698913 40.0 
303.0 316.0 2.8666828121091195 6.008275465698913 40.0 
304.0 310.0 2.8666828121091195 6.008275465698913 40.0 
304.0 311.0 2.8666828121091195 6.008275465698913 40.0 
304.0 312.0 2.8666828121091195 6.008275465698913 40.0 
304.0 313.0 2.8666828121091195 6.008275465698913 40.0 
304.0 314.0 2.8666828121091195 6.008275465698913 40.0 
304.0 315.0 2.8666828121091195 6.008275465698913 40.0 
304.0 316.0 2.8666828121091195 6.008275465698913 40.0 
305.0 310.0 2.8666828121091195 6.008275465698913 40.0 
305.0 311.0 2.8666828121091195 6.008275465698913 40.0 
305.0 312.0 2.8666828121091195 6.008275465698913 40.0 
305.0 313.0 2.8666828121091195 6.008275465698913 40.0 
305.0 314.0 2.8666828121091195 6.008275465698913 40.0 
305.0 315.0 2.8666828121091195 6.008275465698913 40.0 
306.0 310.0 2.8666828121091195 6.008275465698913 40.0 
306.0 311.0 2.8666828121091195 6.008275465698913 40.0 
306.0 312.0 2.8666828121091195 6.008275465698913 40.0 
306.0 313.0 2.8666828121091195 6.008275465698913 40.0 
306.0 314.0 2.8666828121091195 6.008275465698913 40.0 
306.0 315.0 2.8666828121091195 6.008275465698913 40.0 
307.0 310.0 2.8666828121091195 6.008275465698913 40.0 
307.0 311.0 2.8666828121091195 6.008275465698913 40.0 
307.0 312.0 2.8666828121091195 6.008275465698913 40.0 
307.0 313.0 2.8666828121091195 6.008275465698913 40.0 
307.0 314.0 2.8666828121091195 6.008275465698913 40.0 
307.0 315.0 2.8666828121091195 6.008275465698913 40.0 
308.0 309.0 2.8666828121091195 6.008275465698913 40.0 
308.0 310.0 2.8666828121091195 6.008275465698913 40.0 
308.0 311.0 2.8666828121091195 6.008275465698913 40.0 
308.0 312.0 2.8666828121091195 6.008275465698913 40.0 
308.0 313.0 2.8666828121091195 6.008275465698913 40.0 
308.0 314.0 2.8666828121091195 6.008275465698913 40.0 
309.0 309.0 2.8666828121091195 6.008275465698913 40.0 
309.0 310.0 2.8666828121091195 6.008275465698913 40.0 
309.0 311.0 2.8666828121091195 6.008275465698913 40.0 
309.0 312.0 2.8666828121091195 6.008275465698913 40.0 
309.0 313.0 2.8666828121091195 6.008275465698913 40.0 
309.0 314.0 2.8666828121091195 6.008275465698913 40.0 
310.0 309.0 2.8666828121091195 6.008275465698913 40.0 
310.0 310.0 2.8666828121091195 6.008275465698913 40.0 
310.0 311.0 2.8666828121091195 6.008275465698913 40.0 
310.0 312.0 2.8666828121091195 6.008275465698913 40.0 
310.0 313.0 2.8666828121091195 6.008275465698913 40.0 
310.0 314.0 2.8666828121091195 6.008275465698913 40.0 
311.0 311.0 2.8666828121091195 6.008275465698913 40.0 
311.0 312.0 2.8666828121091195 6.008275465698913 40.0 
311.0 313.0 2.8666828121091195 6.008275465698913 40.0 
311.0 314.0 2.8666828121091195 6.008275465698913 40.0 
