208 300 40.0 
208 301 40.0 
208 302 40.0 
208 303 40.0 
208 304 40.0 
209 300 40.0 
209 301 40.0 
209 302 40.0 
209 303 40.0 
209 304 40.0 
210 300 40.0 
210 301 40.0 
210 302 40.0 
210 303 40.0 
210 304 40.0 
211 300 40.0 
211 301 40.0 
211 302 40.0 
211 303 40.0 
211 304 40.0 
212 300 40.0 
212 301 40.0 
212 302 40.0 
212 303 40.0 
212 304 40.0 
224.0 303.0 3.2522498747636885 0.1106572211738955 40.0 
224.0 304.0 3.2522498747636885 0.1106572211738955 40.0 
224.0 305.0 3.2522498747636885 0.1106572211738955 40.0 
224.0 306.0 3.2522498747636885 0.1106572211738955 40.0 
225.0 301.0 3.2522498747636885 0.1106572211738955 40.0 
225.0 302.0 3.2522498747636885 0.1106572211738955 40.0 
225.0 303.0 3.2522498747636885 0.1106572211738955 40.0 
225.0 304.0 3.2522498747636885 0.1106572211738955 40.0 
225.0 305.0 3.2522498747636885 0.1106572211738955 40.0 
225.0 306.0 3.2522498747636885 0.1106572211738955 40.0 
226.0 301.0 3.2522498747636885 0.1106572211738955 40.0 
226.0 302.0 3.2522498747636885 0.1106572211738955 40.0 
226.0 303.0 3.2522498747636885 0.1106572211738955 40.0 
226.0 304.0 3.2522498747636885 0.1106572211738955 40.0 
226.0 305.0 3.2522498747636885 0.1106572211738955 40.0 
226.0 306.0 3.2522498747636885 0.1106572211738955 40.0 
227.0 301.0 3.2522498747636885 0.1106572211738955 40.0 
227.0 302.0 3.2522498747636885 0.1106572211738955 40.0 
227.0 303.0 3.2522498747636885 0.1106572211738955 40.0 
227.0 304.0 3.2522498747636885 0.1106572211738955 40.0 
227.0 305.0 3.2522498747636885 0.1106572211738955 40.0 
227.0 306.0 3.2522498747636885 0.1106572211738955 40.0 
228.0 301.0 3.2522498747636885 0.1106572211738955 40.0 
228.0 302.0 3.2522498747636885 0.1106572211738955 40.0 
228.0 303.0 3.2522498747636885 0.1106572211738955 40.0 
228.0 304.0 3.2522498747636885 0.1106572211738955 40.0 
228.0 305.0 3.2522498747636885 0.1106572211738955 40.0 
228.0 306.0 3.2522498747636885 0.1106572211738955 40.0 
229.0 301.0 3.2522498747636885 0.1106572211738955 40.0 
229.0 302.0 3.2522498747636885 0.1106572211738955 40.0 
229.0 303.0 3.2522498747636885 0.1106572211738955 40.0 
229.0 304.0 3.2522498747636885 0.1106572211738955 40.0 
229.0 305.0 3.2522498747636885 0.1106572211738955 40.0 
229.0 306.0 3.2522498747636885 0.1106572211738955 40.0 
230.0 301.0 3.2522498747636885 0.1106572211738955 40.0 
230.0 302.0 3.2522498747636885 0.1106572211738955 40.0 
230.0 303.0 3.2522498747636885 0.1106572211738955 40.0 
230.0 304.0 3.2522498747636885 0.1106572211738955 40.0 
230.0 305.0 3.2522498747636885 0.1106572211738955 40.0 
230.0 306.0 3.2522498747636885 0.1106572211738955 40.0 
231.0 301.0 3.2522498747636885 0.1106572211738955 40.0 
231.0 302.0 3.2522498747636885 0.1106572211738955 40.0 
231.0 303.0 3.2522498747636885 0.1106572211738955 40.0 
231.0 304.0 3.2522498747636885 0.1106572211738955 40.0 
231.0 305.0 3.2522498747636885 0.1106572211738955 40.0 
231.0 306.0 3.2522498747636885 0.1106572211738955 40.0 
232.0 301.0 3.2522498747636885 0.1106572211738955 40.0 
232.0 302.0 3.2522498747636885 0.1106572211738955 40.0 
232.0 303.0 3.2522498747636885 0.1106572211738955 40.0 
232.0 304.0 3.2522498747636885 0.1106572211738955 40.0 
232.0 305.0 3.2522498747636885 0.1106572211738955 40.0 
232.0 306.0 3.2522498747636885 0.1106572211738955 40.0 
233.0 301.0 3.2522498747636885 0.1106572211738955 40.0 
233.0 302.0 3.2522498747636885 0.1106572211738955 40.0 
233.0 303.0 3.2522498747636885 0.1106572211738955 40.0 
233.0 304.0 3.2522498747636885 0.1106572211738955 40.0 
233.0 305.0 3.2522498747636885 0.1106572211738955 40.0 
233.0 306.0 3.2522498747636885 0.1106572211738955 40.0 
233.0 307.0 3.2522498747636885 0.1106572211738955 40.0 
234.0 302.0 3.2522498747636885 0.1106572211738955 40.0 
234.0 303.0 3.2522498747636885 0.1106572211738955 40.0 
234.0 304.0 3.2522498747636885 0.1106572211738955 40.0 
234.0 305.0 3.2522498747636885 0.1106572211738955 40.0 
234.0 306.0 3.2522498747636885 0.1106572211738955 40.0 
234.0 307.0 3.2522498747636885 0.1106572211738955 40.0 
235.0 302.0 3.2522498747636885 0.1106572211738955 40.0 
235.0 303.0 3.2522498747636885 0.1106572211738955 40.0 
235.0 304.0 3.2522498747636885 0.1106572211738955 40.0 
235.0 305.0 3.2522498747636885 0.1106572211738955 40.0 
235.0 306.0 3.2522498747636885 0.1106572211738955 40.0 
235.0 307.0 3.2522498747636885 0.1106572211738955 40.0 
236.0 302.0 3.2522498747636885 0.1106572211738955 40.0 
236.0 303.0 3.2522498747636885 0.1106572211738955 40.0 
236.0 304.0 3.2522498747636885 0.1106572211738955 40.0 
236.0 305.0 3.2522498747636885 0.1106572211738955 40.0 
236.0 306.0 3.2522498747636885 0.1106572211738955 40.0 
236.0 307.0 3.2522498747636885 0.1106572211738955 40.0 
237.0 302.0 3.2522498747636885 0.1106572211738955 40.0 
237.0 303.0 3.2522498747636885 0.1106572211738955 40.0 
237.0 304.0 3.2522498747636885 0.1106572211738955 40.0 
237.0 305.0 3.2522498747636885 0.1106572211738955 40.0 
237.0 306.0 3.2522498747636885 0.1106572211738955 40.0 
237.0 307.0 3.2522498747636885 0.1106572211738955 40.0 
238.0 302.0 3.2522498747636885 0.1106572211738955 40.0 
238.0 303.0 3.2522498747636885 0.1106572211738955 40.0 
238.0 304.0 3.2522498747636885 0.1106572211738955 40.0 
238.0 305.0 3.2522498747636885 0.1106572211738955 40.0 
238.0 306.0 3.2522498747636885 0.1106572211738955 40.0 
238.0 307.0 3.2522498747636885 0.1106572211738955 40.0 
239.0 302.0 3.2522498747636885 0.1106572211738955 40.0 
239.0 303.0 3.2522498747636885 0.1106572211738955 40.0 
239.0 304.0 3.2522498747636885 0.1106572211738955 40.0 
239.0 305.0 3.2522498747636885 0.1106572211738955 40.0 
239.0 306.0 3.2522498747636885 0.1106572211738955 40.0 
239.0 307.0 3.2522498747636885 0.1106572211738955 40.0 
240.0 302.0 3.2522498747636885 0.1106572211738955 40.0 
240.0 303.0 3.2522498747636885 0.1106572211738955 40.0 
240.0 304.0 3.2522498747636885 0.1106572211738955 40.0 
240.0 305.0 3.2522498747636885 0.1106572211738955 40.0 
240.0 306.0 3.2522498747636885 0.1106572211738955 40.0 
240.0 307.0 3.2522498747636885 0.1106572211738955 40.0 
241.0 302.0 3.2522498747636885 0.1106572211738955 40.0 
241.0 303.0 3.2522498747636885 0.1106572211738955 40.0 
241.0 304.0 3.2522498747636885 0.1106572211738955 40.0 
241.0 305.0 3.2522498747636885 0.1106572211738955 40.0 
241.0 306.0 3.2522498747636885 0.1106572211738955 40.0 
241.0 307.0 3.2522498747636885 0.1106572211738955 40.0 
242.0 302.0 3.2522498747636885 0.1106572211738955 40.0 
242.0 303.0 3.2522498747636885 0.1106572211738955 40.0 
242.0 304.0 3.2522498747636885 0.1106572211738955 40.0 
