263.0 312.0 2.743070207923375 5.884662861513168 32.0 
263.0 313.0 2.743070207923375 5.884662861513168 32.0 
263.0 314.0 2.743070207923375 5.884662861513168 32.0 
264.0 312.0 2.743070207923375 5.884662861513168 32.0 
264.0 313.0 2.743070207923375 5.884662861513168 32.0 
264.0 314.0 2.743070207923375 5.884662861513168 32.0 
264.0 315.0 2.743070207923375 5.884662861513168 32.0 
264.0 316.0 2.743070207923375 5.884662861513168 32.0 
264.0 317.0 2.743070207923375 5.884662861513168 32.0 
265.0 311.0 2.743070207923375 5.884662861513168 32.0 
265.0 312.0 2.743070207923375 5.884662861513168 32.0 
265.0 313.0 2.743070207923375 5.884662861513168 32.0 
265.0 314.0 2.743070207923375 5.884662861513168 32.0 
265.0 315.0 2.743070207923375 5.884662861513168 32.0 
265.0 316.0 2.743070207923375 5.884662861513168 32.0 
265.0 317.0 2.743070207923375 5.884662861513168 32.0 
266.0 311.0 2.743070207923375 5.884662861513168 32.0 
266.0 312.0 2.743070207923375 5.884662861513168 32.0 
266.0 313.0 2.743070207923375 5.884662861513168 32.0 
266.0 314.0 2.743070207923375 5.884662861513168 32.0 
266.0 315.0 2.743070207923375 5.884662861513168 32.0 
266.0 316.0 2.743070207923375 5.884662861513168 32.0 
267.0 311.0 2.743070207923375 5.884662861513168 32.0 
267.0 312.0 2.743070207923375 5.884662861513168 32.0 
267.0 313.0 2.743070207923375 5.884662861513168 32.0 
267.0 314.0 2.743070207923375 5.884662861513168 32.0 
267.0 315.0 2.743070207923375 5.884662861513168 32.0 
267.0 316.0 2.743070207923375 5.884662861513168 32.0 
268.0 310.0 2.743070207923375 5.884662861513168 32.0 
268.0 311.0 2.743070207923375 5.884662861513168 32.0 
268.0 312.0 2.743070207923375 5.884662861513168 32.0 
268.0 313.0 2.743070207923375 5.884662861513168 32.0 
268.0 314.0 2.743070207923375 5.884662861513168 32.0 
268.0 315.0 2.743070207923375 5.884662861513168 32.0 
268.0 316.0 2.743070207923375 5.884662861513168 32.0 
269.0 310.0 2.743070207923375 5.884662861513168 32.0 
269.0 311.0 2.743070207923375 5.884662861513168 32.0 
269.0 312.0 2.743070207923375 5.884662861513168 32.0 
269.0 313.0 2.743070207923375 5.884662861513168 32.0 
269.0 314.0 2.743070207923375 5.884662861513168 32.0 
269.0 315.0 2.743070207923375 5.884662861513168 32.0 
270.0 309.0 2.743070207923375 5.884662861513168 32.0 
270.0 310.0 2.743070207923375 5.884662861513168 32.0 
270.0 311.0 2.743070207923375 5.884662861513168 32.0 
270.0 312.0 2.743070207923375 5.884662861513168 32.0 
270.0 313.0 2.743070207923375 5.884662861513168 32.0 
270.0 314.0 2.743070207923375 5.884662861513168 32.0 
270.0 315.0 2.743070207923375 5.884662861513168 32.0 
271.0 309.0 2.743070207923375 5.884662861513168 32.0 
271.0 310.0 2.743070207923375 5.884662861513168 32.0 
271.0 311.0 2.743070207923375 5.884662861513168 32.0 
271.0 312.0 2.743070207923375 5.884662861513168 32.0 
271.0 313.0 2.743070207923375 5.884662861513168 32.0 
271.0 314.0 2.743070207923375 5.884662861513168 32.0 
272.0 308.0 2.743070207923375 5.884662861513168 32.0 
272.0 309.0 2.743070207923375 5.884662861513168 32.0 
272.0 310.0 2.743070207923375 5.884662861513168 32.0 
272.0 311.0 2.743070207923375 5.884662861513168 32.0 
272.0 312.0 2.743070207923375 5.884662861513168 32.0 
272.0 313.0 2.743070207923375 5.884662861513168 32.0 
272.0 314.0 2.743070207923375 5.884662861513168 32.0 
273.0 308.0 2.743070207923375 5.884662861513168 32.0 
273.0 309.0 2.743070207923375 5.884662861513168 32.0 
273.0 310.0 2.743070207923375 5.884662861513168 32.0 
273.0 311.0 2.743070207923375 5.884662861513168 32.0 
273.0 312.0 2.743070207923375 5.884662861513168 32.0 
273.0 313.0 2.743070207923375 5.884662861513168 32.0 
273.0 314.0 2.743070207923375 5.884662861513168 32.0 
274.0 308.0 2.743070207923375 5.884662861513168 32.0 
274.0 309.0 2.743070207923375 5.884662861513168 32.0 
274.0 310.0 2.743070207923375 5.884662861513168 32.0 
274.0 311.0 2.743070207923375 5.884662861513168 32.0 
274.0 312.0 2.743070207923375 5.884662861513168 32.0 
274.0 313.0 2.743070207923375 5.884662861513168 32.0 
275.0 307.0 2.743070207923375 5.884662861513168 32.0 
275.0 308.0 2.743070207923375 5.884662861513168 32.0 
275.0 309.0 2.743070207923375 5.884662861513168 32.0 
275.0 310.0 2.743070207923375 5.884662861513168 32.0 
275.0 311.0 2.743070207923375 5.884662861513168 32.0 
275.0 312.0 2.743070207923375 5.884662861513168 32.0 
275.0 313.0 2.743070207923375 5.884662861513168 32.0 
276.0 307.0 2.743070207923375 5.884662861513168 32.0 
276.0 308.0 2.743070207923375 5.884662861513168 32.0 
276.0 309.0 2.743070207923375 5.884662861513168 32.0 
276.0 310.0 2.743070207923375 5.884662861513168 32.0 
276.0 311.0 2.743070207923375 5.884662861513168 32.0 
276.0 312.0 2.743070207923375 5.884662861513168 32.0 
277.0 306.0 2.743070207923375 5.884662861513168 32.0 
277.0 307.0 2.743070207923375 5.884662861513168 32.0 
277.0 308.0 2.743070207923375 5.884662861513168 32.0 
277.0 309.0 2.743070207923375 5.884662861513168 32.0 
277.0 310.0 2.743070207923375 5.884662861513168 32.0 
277.0 311.0 2.743070207923375 5.884662861513168 32.0 
277.0 312.0 2.743070207923375 5.884662861513168 32.0 
278.0 306.0 2.743070207923375 5.884662861513168 32.0 
278.0 307.0 2.743070207923375 5.884662861513168 32.0 
278.0 308.0 2.743070207923375 5.884662861513168 32.0 
278.0 309.0 2.743070207923375 5.884662861513168 32.0 
278.0 310.0 2.743070207923375 5.884662861513168 32.0 
278.0 311.0 2.743070207923375 5.884662861513168 32.0 
279.0 306.0 2.743070207923375 5.884662861513168 32.0 
279.0 307.0 2.743070207923375 5.884662861513168 32.0 
279.0 308.0 2.743070207923375 5.884662861513168 32.0 
279.0 309.0 2.743070207923375 5.884662861513168 32.0 
279.0 310.0 2.743070207923375 5.884662861513168 32.0 
279.0 311.0 2.743070207923375 5.884662861513168 32.0 
280.0 305.0 2.743070207923375 5.884662861513168 32.0 
280.0 306.0 2.743070207923375 5.884662861513168 32.0 
280.0 307.0 2.743070207923375 5.884662861513168 32.0 
280.0 308.0 2.743070207923375 5.884662861513168 32.0 
280.0 309.0 2.743070207923375 5.884662861513168 32.0 
280.0 310.0 2.743070207923375 5.884662861513168 32.0 
280.0 311.0 2.743070207923375 5.884662861513168 32.0 
281.0 305.0 2.743070207923375 5.884662861513168 32.0 
281.0 306.0 2.743070207923375 5.884662861513168 32.0 
281.0 307.0 2.743070207923375 5.884662861513168 32.0 
281.0 308.0 2.743070207923375 5.884662861513168 32.0 
281.0 309.0 2.743070207923375 5.884662861513168 32.0 
281.0 310.0 2.743070207923375 5.884662861513168 32.0 
282.0 307.0 2.743070207923375 5.884662861513168 32.0 
282.0 308.0 2.743070207923375 5.884662861513168 32.0 
282.0 309.0 2.743070207923375 5.884662861513168 32.0 
282.0 310.0 2.743070207923375 5.884662861513168 32.0 
282.0 304.0 2.9927027059802955 6.134295359570089 32.0 
282.0 305.0 2.9927027059802955 6.134295359570089 32.0 
282.0 306.0 2.9927027059802955 6.134295359570089 32.0 
283.0 304.0 2.9927027059802955 6.134295359570089 32.0 
283.0 305.0 2.9927027059802955 6.134295359570089 32.0 
283.0 306.0 2.9927027059802955 6.134295359570089 32.0 
283.0 307.0 2.9927027059802955 6.134295359570089 32.0 
283.0 308.0 2.9927027059802955 6.134295359570089 32.0 
283.0 309.0 2.9927027059802955 6.134295359570089 32.0 
284.0 304.0 2.9927027059802955 6.134295359570089 32.0 
284.0 305.0 2.9927027059802955 6.134295359570089 32.0 
284.0 306.0 2.9927027059802955 6.134295359570089 32.0 
284.0 307.0 2.9927027059802955 6.134295359570089 32.0 
284.0 308.0 2.9927027059802955 6.134295359570089 32.0 
284.0 309.0 2.9927027059802955 6.134295359570089 32.0 
285.0 304.0 2.9927027059802955 6.134295359570089 32.0 
285.0 305.0 2.9927027059802955 6.134295359570089 32.0 
285.0 306.0 2.9927027059802955 6.134295359570089 32.0 
285.0 307.0 2.9927027059802955 6.134295359570089 32.0 
285.0 308.0 2.9927027059802955 6.134295359570089 32.0 
285.0 309.0 2.9927027059802955 6.134295359570089 32.0 
286.0 304.0 2.9927027059802955 6.134295359570089 32.0 
286.0 305.0 2.9927027059802955 6.134295359570089 32.0 
286.0 306.0 2.9927027059802955 6.134295359570089 32.0 
286.0 307.0 2.9927027059802955 6.134295359570089 32.0 
286.0 308.0 2.9927027059802955 6.134295359570089 32.0 
286.0 309.0 2.9927027059802955 6.134295359570089 32.0 
287.0 304.0 2.9927027059802955 6.134295359570089 32.0 
287.0 305.0 2.9927027059802955 6.134295359570089 32.0 
287.0 306.0 2.9927027059802955 6.134295359570089 32.0 
287.0 307.0 2.9927027059802955 6.134295359570089 32.0 
287.0 308.0 2.9927027059802955 6.134295359570089 32.0 
287.0 309.0 2.9927027059802955 6.134295359570089 32.0 
288.0 304.0 2.9927027059802955 6.134295359570089 32.0 
288.0 305.0 2.9927027059802955 6.134295359570089 32.0 
288.0 306.0 2.9927027059802955 6.134295359570089 32.0 
288.0 307.0 2.9927027059802955 6.134295359570089 32.0 
288.0 308.0 2.9927027059802955 6.134295359570089 32.0 
288.0 309.0 2.9927027059802955 6.134295359570089 32.0 
289.0 303.0 2.9927027059802955 6.134295359570089 32.0 
289.0 304.0 2.9927027059802955 6.134295359570089 32.0 
289.0 305.0 2.9927027059802955 6.134295359570089 32.0 
289.0 306.0 2.9927027059802955 6.134295359570089 32.0 
289.0 307.0 2.9927027059802955 6.134295359570089 32.0 
289.0 308.0 2.9927027059802955 6.134295359570089 32.0 
290.0 303.0 2.9927027059802955 6.134295359570089 32.0 
290.0 304.0 2.9927027059802955 6.134295359570089 32.0 
290.0 305.0 2.9927027059802955 6.134295359570089 32.0 
290.0 306.0 2.9927027059802955 6.134295359570089 32.0 
290.0 307.0 2.9927027059802955 6.134295359570089 32.0 
290.0 308.0 2.9927027059802955 6.134295359570089 32.0 
291.0 303.0 2.9927027059802955 6.134295359570089 32.0 
291.0 304.0 2.9927027059802955 6.134295359570089 32.0 
291.0 305.0 2.9927027059802955 6.134295359570089 32.0 
291.0 306.0 2.9927027059802955 6.134295359570089 32.0 
291.0 307.0 2.9927027059802955 6.134295359570089 32.0 
291.0 308.0 2.9927027059802955 6.134295359570089 32.0 
292.0 303.0 2.9927027059802955 6.134295359570089 32.0 
292.0 304.0 2.9927027059802955 6.134295359570089 32.0 
292.0 305.0 2.9927027059802955 6.134295359570089 32.0 
292.0 306.0 2.9927027059802955 6.134295359570089 32.0 
292.0 307.0 2.9927027059802955 6.134295359570089 32.0 
292.0 308.0 2.9927027059802955 6.134295359570089 32.0 
293.0 303.0 2.9927027059802955 6.134295359570089 32.0 
293.0 304.0 2.9927027059802955 6.134295359570089 32.0 
293.0 305.0 2.9927027059802955 6.134295359570089 32.0 
293.0 306.0 2.9927027059802955 6.134295359570089 32.0 
293.0 307.0 2.9927027059802955 6.134295359570089 32.0 
293.0 308.0 2.9927027059802955 6.134295359570089 32.0 
294.0 303.0 2.9927027059802955 6.134295359570089 32.0 
294.0 304.0 2.9927027059802955 6.134295359570089 32.0 
294.0 305.0 2.9927027059802955 6.134295359570089 32.0 
294.0 306.0 2.9927027059802955 6.134295359570089 32.0 
294.0 307.0 2.9927027059802955 6.134295359570089 32.0 
294.0 308.0 2.9927027059802955 6.134295359570089 32.0 
295.0 303.0 2.9927027059802955 6.134295359570089 32.0 
295.0 304.0 2.9927027059802955 6.134295359570089 32.0 
295.0 305.0 2.9927027059802955 6.134295359570089 32.0 
295.0 306.0 2.9927027059802955 6.134295359570089 32.0 
295.0 307.0 2.9927027059802955 6.134295359570089 32.0 
295.0 308.0 2.9927027059802955 6.134295359570089 32.0 
296.0 302.0 2.9927027059802955 6.134295359570089 32.0 
296.0 303.0 2.9927027059802955 6.134295359570089 32.0 
296.0 304.0 2.9927027059802955 6.134295359570089 32.0 
296.0 305.0 2.9927027059802955 6.134295359570089 32.0 
296.0 306.0 2.9927027059802955 6.134295359570089 32.0 
296.0 307.0 2.9927027059802955 6.134295359570089 32.0 
297.0 302.0 2.9927027059802955 6.134295359570089 32.0 
297.0 303.0 2.9927027059802955 6.134295359570089 32.0 
297.0 304.0 2.9927027059802955 6.134295359570089 32.0 
297.0 305.0 2.9927027059802955 6.134295359570089 32.0 
297.0 306.0 2.9927027059802955 6.134295359570089 32.0 
297.0 307.0 2.9927027059802955 6.134295359570089 32.0 
298.0 302.0 2.9927027059802955 6.134295359570089 32.0 
298.0 303.0 2.9927027059802955 6.134295359570089 32.0 
298.0 304.0 2.9927027059802955 6.134295359570089 32.0 
298.0 305.0 2.9927027059802955 6.134295359570089 32.0 
298.0 306.0 2.9927027059802955 6.134295359570089 32.0 
298.0 307.0 2.9927027059802955 6.134295359570089 32.0 
299.0 302.0 2.9927027059802955 6.134295359570089 32.0 
299.0 303.0 2.9927027059802955 6.134295359570089 32.0 
299.0 304.0 2.9927027059802955 6.134295359570089 32.0 
299.0 305.0 2.9927027059802955 6.134295359570089 32.0 
299.0 306.0 2.9927027059802955 6.134295359570089 32.0 
299.0 307.0 2.9927027059802955 6.134295359570089 32.0 
300.0 302.0 2.9927027059802955 6.134295359570089 32.0 
300.0 303.0 2.9927027059802955 6.134295359570089 32.0 
300.0 304.0 2.9927027059802955 6.134295359570089 32.0 
300.0 305.0 2.9927027059802955 6.134295359570089 32.0 
300.0 306.0 2.9927027059802955 6.134295359570089 32.0 
300.0 307.0 2.9927027059802955 6.134295359570089 32.0 
301.0 302.0 2.9927027059802955 6.134295359570089 32.0 
301.0 303.0 2.9927027059802955 6.134295359570089 32.0 
301.0 304.0 2.9927027059802955 6.134295359570089 32.0 
301.0 305.0 2.9927027059802955 6.134295359570089 32.0 
301.0 306.0 2.9927027059802955 6.134295359570089 32.0 
301.0 307.0 2.9927027059802955 6.134295359570089 32.0 
302.0 304.0 2.9927027059802955 6.134295359570089 32.0 
302.0 305.0 2.9927027059802955 6.134295359570089 32.0 
302.0 306.0 2.9927027059802955 6.134295359570089 32.0 
302.0 307.0 2.9927027059802955 6.134295359570089 32.0 
