272.0 316.0 4.570491925780525 1.4288992721907314 28.0 
272.0 317.0 4.570491925780525 1.4288992721907314 28.0 
272.0 318.0 4.570491925780525 1.4288992721907314 28.0 
272.0 319.0 4.570491925780525 1.4288992721907314 28.0 
272.0 320.0 4.570491925780525 1.4288992721907314 28.0 
272.0 321.0 4.570491925780525 1.4288992721907314 28.0 
272.0 322.0 4.570491925780525 1.4288992721907314 28.0 
272.0 323.0 4.570491925780525 1.4288992721907314 28.0 
273.0 316.0 4.570491925780525 1.4288992721907314 28.0 
273.0 317.0 4.570491925780525 1.4288992721907314 28.0 
273.0 318.0 4.570491925780525 1.4288992721907314 28.0 
273.0 319.0 4.570491925780525 1.4288992721907314 28.0 
273.0 320.0 4.570491925780525 1.4288992721907314 28.0 
273.0 321.0 4.570491925780525 1.4288992721907314 28.0 
273.0 322.0 4.570491925780525 1.4288992721907314 28.0 
273.0 323.0 4.570491925780525 1.4288992721907314 28.0 
273.0 324.0 4.570491925780525 1.4288992721907314 28.0 
273.0 325.0 4.570491925780525 1.4288992721907314 28.0 
273.0 326.0 4.570491925780525 1.4288992721907314 28.0 
273.0 327.0 4.570491925780525 1.4288992721907314 28.0 
273.0 328.0 4.570491925780525 1.4288992721907314 28.0 
273.0 329.0 4.570491925780525 1.4288992721907314 28.0 
273.0 330.0 4.570491925780525 1.4288992721907314 28.0 
274.0 323.0 4.570491925780525 1.4288992721907314 28.0 
274.0 324.0 4.570491925780525 1.4288992721907314 28.0 
274.0 325.0 4.570491925780525 1.4288992721907314 28.0 
274.0 326.0 4.570491925780525 1.4288992721907314 28.0 
274.0 327.0 4.570491925780525 1.4288992721907314 28.0 
274.0 328.0 4.570491925780525 1.4288992721907314 28.0 
274.0 329.0 4.570491925780525 1.4288992721907314 28.0 
262 367 4.467410317257825 16.0 
262 368 4.467410317257825 16.0 
262 369 4.467410317257825 16.0 
262 370 4.467410317257825 16.0 
262 371 4.467410317257825 16.0 
263 367 4.467410317257825 16.0 
263 368 4.467410317257825 16.0 
263 369 4.467410317257825 16.0 
263 370 4.467410317257825 16.0 
263 371 4.467410317257825 16.0 
263 372 4.467410317257825 16.0 
263 373 4.467410317257825 16.0 
263 374 4.467410317257825 16.0 
263 375 4.467410317257825 16.0 
264 371 4.467410317257825 16.0 
264 372 4.467410317257825 16.0 
264 373 4.467410317257825 16.0 
264 374 4.467410317257825 16.0 
292 361 1.5707963267948966 16.0 
292 362 1.5707963267948966 16.0 
292 363 1.5707963267948966 16.0 
292 364 1.5707963267948966 16.0 
292 365 1.5707963267948966 16.0 
292 366 1.5707963267948966 16.0 
293 361 1.5707963267948966 16.0 
293 362 1.5707963267948966 16.0 
293 363 1.5707963267948966 16.0 
293 364 1.5707963267948966 16.0 
293 365 1.5707963267948966 16.0 
293 366 1.5707963267948966 16.0 
274.0 361.0 4.514993420534809 1.3734007669450163 56.0 
274.0 362.0 4.514993420534809 1.3734007669450163 56.0 
274.0 363.0 4.514993420534809 1.3734007669450163 56.0 
274.0 364.0 4.514993420534809 1.3734007669450163 56.0 
274.0 365.0 4.514993420534809 1.3734007669450163 56.0 
275.0 361.0 4.514993420534809 1.3734007669450163 56.0 
275.0 362.0 4.514993420534809 1.3734007669450163 56.0 
275.0 363.0 4.514993420534809 1.3734007669450163 56.0 
275.0 364.0 4.514993420534809 1.3734007669450163 56.0 
275.0 365.0 4.514993420534809 1.3734007669450163 56.0 
275.0 366.0 4.514993420534809 1.3734007669450163 56.0 
275.0 367.0 4.514993420534809 1.3734007669450163 56.0 
275.0 368.0 4.514993420534809 1.3734007669450163 56.0 
275.0 369.0 4.514993420534809 1.3734007669450163 56.0 
275.0 370.0 4.514993420534809 1.3734007669450163 56.0 
276.0 360.0 4.514993420534809 1.3734007669450163 56.0 
276.0 361.0 4.514993420534809 1.3734007669450163 56.0 
276.0 362.0 4.514993420534809 1.3734007669450163 56.0 
276.0 363.0 4.514993420534809 1.3734007669450163 56.0 
276.0 364.0 4.514993420534809 1.3734007669450163 56.0 
276.0 365.0 4.514993420534809 1.3734007669450163 56.0 
276.0 366.0 4.514993420534809 1.3734007669450163 56.0 
276.0 367.0 4.514993420534809 1.3734007669450163 56.0 
276.0 368.0 4.514993420534809 1.3734007669450163 56.0 
276.0 369.0 4.514993420534809 1.3734007669450163 56.0 
276.0 370.0 4.514993420534809 1.3734007669450163 56.0 
277.0 360.0 4.514993420534809 1.3734007669450163 56.0 
277.0 361.0 4.514993420534809 1.3734007669450163 56.0 
277.0 362.0 4.514993420534809 1.3734007669450163 56.0 
277.0 363.0 4.514993420534809 1.3734007669450163 56.0 
277.0 364.0 4.514993420534809 1.3734007669450163 56.0 
277.0 365.0 4.514993420534809 1.3734007669450163 56.0 
277.0 366.0 4.514993420534809 1.3734007669450163 56.0 
277.0 367.0 4.514993420534809 1.3734007669450163 56.0 
277.0 368.0 4.514993420534809 1.3734007669450163 56.0 
277.0 369.0 4.514993420534809 1.3734007669450163 56.0 
277.0 370.0 4.514993420534809 1.3734007669450163 56.0 
278.0 360.0 4.514993420534809 1.3734007669450163 56.0 
278.0 361.0 4.514993420534809 1.3734007669450163 56.0 
278.0 362.0 4.514993420534809 1.3734007669450163 56.0 
278.0 363.0 4.514993420534809 1.3734007669450163 56.0 
278.0 364.0 4.514993420534809 1.3734007669450163 56.0 
278.0 365.0 4.514993420534809 1.3734007669450163 56.0 
278.0 366.0 4.514993420534809 1.3734007669450163 56.0 
278.0 367.0 4.514993420534809 1.3734007669450163 56.0 
278.0 368.0 4.514993420534809 1.3734007669450163 56.0 
278.0 369.0 4.514993420534809 1.3734007669450163 56.0 
279.0 360.0 4.514993420534809 1.3734007669450163 56.0 
279.0 361.0 4.514993420534809 1.3734007669450163 56.0 
279.0 362.0 4.514993420534809 1.3734007669450163 56.0 
279.0 363.0 4.514993420534809 1.3734007669450163 56.0 
279.0 364.0 4.514993420534809 1.3734007669450163 56.0 
279.0 365.0 4.514993420534809 1.3734007669450163 56.0 
279.0 366.0 4.514993420534809 1.3734007669450163 56.0 
279.0 367.0 4.514993420534809 1.3734007669450163 56.0 
279.0 368.0 4.514993420534809 1.3734007669450163 56.0 
279.0 369.0 4.514993420534809 1.3734007669450163 56.0 
280.0 365.0 4.514993420534809 1.3734007669450163 56.0 
280.0 366.0 4.514993420534809 1.3734007669450163 56.0 
280.0 367.0 4.514993420534809 1.3734007669450163 56.0 
280.0 368.0 4.514993420534809 1.3734007669450163 56.0 
280.0 369.0 4.514993420534809 1.3734007669450163 56.0 
