293.0 240.0 4.441442130046269 1.2998494764564763 28.0 
293.0 241.0 4.441442130046269 1.2998494764564763 28.0 
293.0 242.0 4.441442130046269 1.2998494764564763 28.0 
293.0 243.0 4.441442130046269 1.2998494764564763 28.0 
294.0 240.0 4.441442130046269 1.2998494764564763 28.0 
294.0 241.0 4.441442130046269 1.2998494764564763 28.0 
294.0 242.0 4.441442130046269 1.2998494764564763 28.0 
294.0 243.0 4.441442130046269 1.2998494764564763 28.0 
294.0 244.0 4.441442130046269 1.2998494764564763 28.0 
294.0 245.0 4.441442130046269 1.2998494764564763 28.0 
294.0 246.0 4.441442130046269 1.2998494764564763 28.0 
294.0 247.0 4.441442130046269 1.2998494764564763 28.0 
295.0 244.0 4.441442130046269 1.2998494764564763 28.0 
295.0 245.0 4.441442130046269 1.2998494764564763 28.0 
295.0 246.0 4.441442130046269 1.2998494764564763 28.0 
295.0 247.0 4.441442130046269 1.2998494764564763 28.0 
295.0 248.0 4.441442130046269 1.2998494764564763 28.0 
295.0 249.0 4.441442130046269 1.2998494764564763 28.0 
295.0 250.0 4.441442130046269 1.2998494764564763 28.0 
296.0 248.0 4.441442130046269 1.2998494764564763 28.0 
296.0 249.0 4.441442130046269 1.2998494764564763 28.0 
296.0 250.0 4.441442130046269 1.2998494764564763 28.0 
296.0 251.0 4.441442130046269 1.2998494764564763 28.0 
296.0 252.0 4.441442130046269 1.2998494764564763 28.0 
296.0 253.0 4.441442130046269 1.2998494764564763 28.0 
296.0 254.0 4.441442130046269 1.2998494764564763 28.0 
297.0 251.0 4.441442130046269 1.2998494764564763 28.0 
297.0 252.0 4.441442130046269 1.2998494764564763 28.0 
297.0 253.0 4.441442130046269 1.2998494764564763 28.0 
297.0 254.0 4.441442130046269 1.2998494764564763 28.0 
297.0 255.0 4.441442130046269 1.2998494764564763 28.0 
297.0 256.0 4.441442130046269 1.2998494764564763 28.0 
297.0 257.0 4.441442130046269 1.2998494764564763 28.0 
297.0 258.0 4.441442130046269 1.2998494764564763 28.0 
298.0 255.0 4.441442130046269 1.2998494764564763 28.0 
298.0 256.0 4.441442130046269 1.2998494764564763 28.0 
298.0 257.0 4.441442130046269 1.2998494764564763 28.0 
264.0 244.0 4.467410317257825 1.3258176636680317 40.0 
264.0 245.0 4.467410317257825 1.3258176636680317 40.0 
264.0 246.0 4.467410317257825 1.3258176636680317 40.0 
264.0 247.0 4.467410317257825 1.3258176636680317 40.0 
265.0 244.0 4.467410317257825 1.3258176636680317 40.0 
265.0 245.0 4.467410317257825 1.3258176636680317 40.0 
265.0 246.0 4.467410317257825 1.3258176636680317 40.0 
265.0 247.0 4.467410317257825 1.3258176636680317 40.0 
265.0 248.0 4.467410317257825 1.3258176636680317 40.0 
265.0 249.0 4.467410317257825 1.3258176636680317 40.0 
265.0 250.0 4.467410317257825 1.3258176636680317 40.0 
265.0 251.0 4.467410317257825 1.3258176636680317 40.0 
266.0 243.0 4.467410317257825 1.3258176636680317 40.0 
266.0 244.0 4.467410317257825 1.3258176636680317 40.0 
266.0 245.0 4.467410317257825 1.3258176636680317 40.0 
266.0 246.0 4.467410317257825 1.3258176636680317 40.0 
266.0 247.0 4.467410317257825 1.3258176636680317 40.0 
266.0 248.0 4.467410317257825 1.3258176636680317 40.0 
266.0 249.0 4.467410317257825 1.3258176636680317 40.0 
266.0 250.0 4.467410317257825 1.3258176636680317 40.0 
266.0 251.0 4.467410317257825 1.3258176636680317 40.0 
266.0 252.0 4.467410317257825 1.3258176636680317 40.0 
266.0 253.0 4.467410317257825 1.3258176636680317 40.0 
266.0 254.0 4.467410317257825 1.3258176636680317 40.0 
266.0 255.0 4.467410317257825 1.3258176636680317 40.0 
267.0 243.0 4.467410317257825 1.3258176636680317 40.0 
267.0 244.0 4.467410317257825 1.3258176636680317 40.0 
267.0 245.0 4.467410317257825 1.3258176636680317 40.0 
267.0 246.0 4.467410317257825 1.3258176636680317 40.0 
267.0 247.0 4.467410317257825 1.3258176636680317 40.0 
267.0 248.0 4.467410317257825 1.3258176636680317 40.0 
267.0 249.0 4.467410317257825 1.3258176636680317 40.0 
267.0 250.0 4.467410317257825 1.3258176636680317 40.0 
267.0 251.0 4.467410317257825 1.3258176636680317 40.0 
267.0 252.0 4.467410317257825 1.3258176636680317 40.0 
267.0 253.0 4.467410317257825 1.3258176636680317 40.0 
267.0 254.0 4.467410317257825 1.3258176636680317 40.0 
267.0 255.0 4.467410317257825 1.3258176636680317 40.0 
268.0 243.0 4.467410317257825 1.3258176636680317 40.0 
268.0 244.0 4.467410317257825 1.3258176636680317 40.0 
268.0 245.0 4.467410317257825 1.3258176636680317 40.0 
268.0 246.0 4.467410317257825 1.3258176636680317 40.0 
268.0 247.0 4.467410317257825 1.3258176636680317 40.0 
268.0 248.0 4.467410317257825 1.3258176636680317 40.0 
268.0 249.0 4.467410317257825 1.3258176636680317 40.0 
268.0 250.0 4.467410317257825 1.3258176636680317 40.0 
268.0 251.0 4.467410317257825 1.3258176636680317 40.0 
268.0 252.0 4.467410317257825 1.3258176636680317 40.0 
268.0 253.0 4.467410317257825 1.3258176636680317 40.0 
268.0 254.0 4.467410317257825 1.3258176636680317 40.0 
268.0 255.0 4.467410317257825 1.3258176636680317 40.0 
269.0 243.0 4.467410317257825 1.3258176636680317 40.0 
269.0 244.0 4.467410317257825 1.3258176636680317 40.0 
269.0 245.0 4.467410317257825 1.3258176636680317 40.0 
269.0 246.0 4.467410317257825 1.3258176636680317 40.0 
269.0 247.0 4.467410317257825 1.3258176636680317 40.0 
269.0 248.0 4.467410317257825 1.3258176636680317 40.0 
269.0 249.0 4.467410317257825 1.3258176636680317 40.0 
269.0 250.0 4.467410317257825 1.3258176636680317 40.0 
269.0 251.0 4.467410317257825 1.3258176636680317 40.0 
269.0 252.0 4.467410317257825 1.3258176636680317 40.0 
269.0 253.0 4.467410317257825 1.3258176636680317 40.0 
269.0 254.0 4.467410317257825 1.3258176636680317 40.0 
270.0 247.0 4.467410317257825 1.3258176636680317 40.0 
270.0 248.0 4.467410317257825 1.3258176636680317 40.0 
270.0 249.0 4.467410317257825 1.3258176636680317 40.0 
270.0 250.0 4.467410317257825 1.3258176636680317 40.0 
270.0 251.0 4.467410317257825 1.3258176636680317 40.0 
270.0 252.0 4.467410317257825 1.3258176636680317 40.0 
270.0 253.0 4.467410317257825 1.3258176636680317 40.0 
270.0 254.0 4.467410317257825 1.3258176636680317 40.0 
271.0 251.0 4.467410317257825 1.3258176636680317 40.0 
271.0 252.0 4.467410317257825 1.3258176636680317 40.0 
271.0 253.0 4.467410317257825 1.3258176636680317 40.0 
271.0 254.0 4.467410317257825 1.3258176636680317 40.0 
267.0 276.0 4.41389004879851 1.2722973952087178 40.0 
267.0 277.0 4.41389004879851 1.2722973952087178 40.0 
267.0 278.0 4.41389004879851 1.2722973952087178 40.0 
268.0 276.0 4.41389004879851 1.2722973952087178 40.0 
268.0 277.0 4.41389004879851 1.2722973952087178 40.0 
268.0 278.0 4.41389004879851 1.2722973952087178 40.0 
268.0 279.0 4.41389004879851 1.2722973952087178 40.0 
268.0 280.0 4.41389004879851 1.2722973952087178 40.0 
268.0 281.0 4.41389004879851 1.2722973952087178 40.0 
269.0 275.0 4.41389004879851 1.2722973952087178 40.0 
269.0 276.0 4.41389004879851 1.2722973952087178 40.0 
269.0 277.0 4.41389004879851 1.2722973952087178 40.0 
269.0 278.0 4.41389004879851 1.2722973952087178 40.0 
269.0 279.0 4.41389004879851 1.2722973952087178 40.0 
269.0 280.0 4.41389004879851 1.2722973952087178 40.0 
269.0 281.0 4.41389004879851 1.2722973952087178 40.0 
269.0 282.0 4.41389004879851 1.2722973952087178 40.0 
269.0 283.0 4.41389004879851 1.2722973952087178 40.0 
269.0 284.0 4.41389004879851 1.2722973952087178 40.0 
269.0 285.0 4.41389004879851 1.2722973952087178 40.0 
270.0 275.0 4.41389004879851 1.2722973952087178 40.0 
270.0 276.0 4.41389004879851 1.2722973952087178 40.0 
270.0 277.0 4.41389004879851 1.2722973952087178 40.0 
270.0 278.0 4.41389004879851 1.2722973952087178 40.0 
270.0 279.0 4.41389004879851 1.2722973952087178 40.0 
270.0 280.0 4.41389004879851 1.2722973952087178 40.0 
270.0 281.0 4.41389004879851 1.2722973952087178 40.0 
270.0 282.0 4.41389004879851 1.2722973952087178 40.0 
270.0 283.0 4.41389004879851 1.2722973952087178 40.0 
270.0 284.0 4.41389004879851 1.2722973952087178 40.0 
270.0 285.0 4.41389004879851 1.2722973952087178 40.0 
270.0 286.0 4.41389004879851 1.2722973952087178 40.0 
270.0 287.0 4.41389004879851 1.2722973952087178 40.0 
270.0 288.0 4.41389004879851 1.2722973952087178 40.0 
271.0 275.0 4.41389004879851 1.2722973952087178 40.0 
271.0 276.0 4.41389004879851 1.2722973952087178 40.0 
271.0 277.0 4.41389004879851 1.2722973952087178 40.0 
271.0 278.0 4.41389004879851 1.2722973952087178 40.0 
271.0 279.0 4.41389004879851 1.2722973952087178 40.0 
271.0 280.0 4.41389004879851 1.2722973952087178 40.0 
271.0 281.0 4.41389004879851 1.2722973952087178 40.0 
271.0 282.0 4.41389004879851 1.2722973952087178 40.0 
271.0 283.0 4.41389004879851 1.2722973952087178 40.0 
271.0 284.0 4.41389004879851 1.2722973952087178 40.0 
271.0 285.0 4.41389004879851 1.2722973952087178 40.0 
271.0 286.0 4.41389004879851 1.2722973952087178 40.0 
271.0 287.0 4.41389004879851 1.2722973952087178 40.0 
271.0 288.0 4.41389004879851 1.2722973952087178 40.0 
272.0 275.0 4.41389004879851 1.2722973952087178 40.0 
272.0 276.0 4.41389004879851 1.2722973952087178 40.0 
272.0 277.0 4.41389004879851 1.2722973952087178 40.0 
272.0 278.0 4.41389004879851 1.2722973952087178 40.0 
272.0 279.0 4.41389004879851 1.2722973952087178 40.0 
272.0 280.0 4.41389004879851 1.2722973952087178 40.0 
272.0 281.0 4.41389004879851 1.2722973952087178 40.0 
272.0 282.0 4.41389004879851 1.2722973952087178 40.0 
272.0 283.0 4.41389004879851 1.2722973952087178 40.0 
272.0 284.0 4.41389004879851 1.2722973952087178 40.0 
272.0 285.0 4.41389004879851 1.2722973952087178 40.0 
272.0 286.0 4.41389004879851 1.2722973952087178 40.0 
272.0 287.0 4.41389004879851 1.2722973952087178 40.0 
272.0 288.0 4.41389004879851 1.2722973952087178 40.0 
273.0 278.0 4.41389004879851 1.2722973952087178 40.0 
273.0 279.0 4.41389004879851 1.2722973952087178 40.0 
273.0 280.0 4.41389004879851 1.2722973952087178 40.0 
273.0 281.0 4.41389004879851 1.2722973952087178 40.0 
273.0 282.0 4.41389004879851 1.2722973952087178 40.0 
273.0 283.0 4.41389004879851 1.2722973952087178 40.0 
273.0 284.0 4.41389004879851 1.2722973952087178 40.0 
273.0 285.0 4.41389004879851 1.2722973952087178 40.0 
273.0 286.0 4.41389004879851 1.2722973952087178 40.0 
273.0 287.0 4.41389004879851 1.2722973952087178 40.0 
274.0 282.0 4.41389004879851 1.2722973952087178 40.0 
274.0 283.0 4.41389004879851 1.2722973952087178 40.0 
274.0 284.0 4.41389004879851 1.2722973952087178 40.0 
274.0 285.0 4.41389004879851 1.2722973952087178 40.0 
274.0 286.0 4.41389004879851 1.2722973952087178 40.0 
274.0 287.0 4.41389004879851 1.2722973952087178 40.0 
275.0 285.0 4.41389004879851 1.2722973952087178 40.0 
275.0 286.0 4.41389004879851 1.2722973952087178 40.0 
275.0 287.0 4.41389004879851 1.2722973952087178 40.0 
336 289 2.1910458127777184 28.0 
337 288 2.1910458127777184 28.0 
337 289 2.1910458127777184 28.0 
338 287 2.1910458127777184 28.0 
338 288 2.1910458127777184 28.0 
338 289 2.1910458127777184 28.0 
338 290 2.1910458127777184 28.0 
339 285 2.1910458127777184 28.0 
339 286 2.1910458127777184 28.0 
339 287 2.1910458127777184 28.0 
339 288 2.1910458127777184 28.0 
339 289 2.1910458127777184 28.0 
340 284 2.1910458127777184 28.0 
340 285 2.1910458127777184 28.0 
340 286 2.1910458127777184 28.0 
340 287 2.1910458127777184 28.0 
340 288 2.1910458127777184 28.0 
341 283 2.1910458127777184 28.0 
341 284 2.1910458127777184 28.0 
341 285 2.1910458127777184 28.0 
341 286 2.1910458127777184 28.0 
342 283 2.1910458127777184 28.0 
342 284 2.1910458127777184 28.0 
342 285 2.1910458127777184 28.0 
343 284 2.1910458127777184 28.0 
322 293 3.0648207623200143 28.0 
323 293 3.0648207623200143 28.0 
323 294 3.0648207623200143 28.0 
323 295 3.0648207623200143 28.0 
324 293 3.0648207623200143 28.0 
324 294 3.0648207623200143 28.0 
324 295 3.0648207623200143 28.0 
325 293 3.0648207623200143 28.0 
325 294 3.0648207623200143 28.0 
325 295 3.0648207623200143 28.0 
326 293 3.0648207623200143 28.0 
326 294 3.0648207623200143 28.0 
326 295 3.0648207623200143 28.0 
327 293 3.0648207623200143 28.0 
327 294 3.0648207623200143 28.0 
327 295 3.0648207623200143 28.0 
328 293 3.0648207623200143 28.0 
328 294 3.0648207623200143 28.0 
328 295 3.0648207623200143 28.0 
329 292 3.0648207623200143 28.0 
329 293 3.0648207623200143 28.0 
329 294 3.0648207623200143 28.0 
330 292 3.0648207623200143 28.0 
330 293 3.0648207623200143 28.0 
330 294 3.0648207623200143 28.0 
331 292 3.0648207623200143 28.0 
331 293 3.0648207623200143 28.0 
331 294 3.0648207623200143 28.0 
332 292 3.0648207623200143 28.0 
332 293 3.0648207623200143 28.0 
332 294 3.0648207623200143 28.0 
333 292 3.0648207623200143 28.0 
333 293 3.0648207623200143 28.0 
333 294 3.0648207623200143 28.0 
334 292 3.0648207623200143 28.0 
334 293 3.0648207623200143 28.0 
334 294 3.0648207623200143 28.0 
335 293 3.0648207623200143 28.0 
335 294 3.0648207623200143 28.0 
337 266 1.2679114584199245 24.0 
338 265 1.2679114584199245 24.0 
338 266 1.2679114584199245 24.0 
338 267 1.2679114584199245 24.0 
338 268 1.2679114584199245 24.0 
338 269 1.2679114584199245 24.0 
338 270 1.2679114584199245 24.0 
339 265 1.2679114584199245 24.0 
339 266 1.2679114584199245 24.0 
339 267 1.2679114584199245 24.0 
339 268 1.2679114584199245 24.0 
339 269 1.2679114584199245 24.0 
339 270 1.2679114584199245 24.0 
339 271 1.2679114584199245 24.0 
339 272 1.2679114584199245 24.0 
339 273 1.2679114584199245 24.0 
340 267 1.2679114584199245 24.0 
340 268 1.2679114584199245 24.0 
340 269 1.2679114584199245 24.0 
340 270 1.2679114584199245 24.0 
340 271 1.2679114584199245 24.0 
340 272 1.2679114584199245 24.0 
340 273 1.2679114584199245 24.0 
340 274 1.2679114584199245 24.0 
340 275 1.2679114584199245 24.0 
340 276 1.2679114584199245 24.0 
341 270 1.2679114584199245 24.0 
341 271 1.2679114584199245 24.0 
341 272 1.2679114584199245 24.0 
341 273 1.2679114584199245 24.0 
341 274 1.2679114584199245 24.0 
341 275 1.2679114584199245 24.0 
341 276 1.2679114584199245 24.0 
341 277 1.2679114584199245 24.0 
341 278 1.2679114584199245 24.0 
341 279 1.2679114584199245 24.0 
342 273 1.2679114584199245 24.0 
342 274 1.2679114584199245 24.0 
342 275 1.2679114584199245 24.0 
342 276 1.2679114584199245 24.0 
342 277 1.2679114584199245 24.0 
342 278 1.2679114584199245 24.0 
342 279 1.2679114584199245 24.0 
342 280 1.2679114584199245 24.0 
342 281 1.2679114584199245 24.0 
343 276 1.2679114584199245 24.0 
343 277 1.2679114584199245 24.0 
343 278 1.2679114584199245 24.0 
343 279 1.2679114584199245 24.0 
343 280 1.2679114584199245 24.0 
344 280 1.2679114584199245 24.0 
