329.0 279.0 3.0648207623200143 6.206413415909807 48.0 
329.0 280.0 3.0648207623200143 6.206413415909807 48.0 
329.0 281.0 3.0648207623200143 6.206413415909807 48.0 
330.0 279.0 3.0648207623200143 6.206413415909807 48.0 
330.0 280.0 3.0648207623200143 6.206413415909807 48.0 
330.0 281.0 3.0648207623200143 6.206413415909807 48.0 
330.0 282.0 3.0648207623200143 6.206413415909807 48.0 
330.0 283.0 3.0648207623200143 6.206413415909807 48.0 
330.0 284.0 3.0648207623200143 6.206413415909807 48.0 
331.0 279.0 3.0648207623200143 6.206413415909807 48.0 
331.0 280.0 3.0648207623200143 6.206413415909807 48.0 
331.0 281.0 3.0648207623200143 6.206413415909807 48.0 
331.0 282.0 3.0648207623200143 6.206413415909807 48.0 
331.0 283.0 3.0648207623200143 6.206413415909807 48.0 
331.0 284.0 3.0648207623200143 6.206413415909807 48.0 
332.0 279.0 3.0648207623200143 6.206413415909807 48.0 
332.0 280.0 3.0648207623200143 6.206413415909807 48.0 
332.0 281.0 3.0648207623200143 6.206413415909807 48.0 
332.0 282.0 3.0648207623200143 6.206413415909807 48.0 
332.0 283.0 3.0648207623200143 6.206413415909807 48.0 
332.0 284.0 3.0648207623200143 6.206413415909807 48.0 
333.0 279.0 3.0648207623200143 6.206413415909807 48.0 
333.0 280.0 3.0648207623200143 6.206413415909807 48.0 
333.0 281.0 3.0648207623200143 6.206413415909807 48.0 
333.0 282.0 3.0648207623200143 6.206413415909807 48.0 
333.0 283.0 3.0648207623200143 6.206413415909807 48.0 
333.0 284.0 3.0648207623200143 6.206413415909807 48.0 
334.0 279.0 3.0648207623200143 6.206413415909807 48.0 
334.0 280.0 3.0648207623200143 6.206413415909807 48.0 
334.0 281.0 3.0648207623200143 6.206413415909807 48.0 
334.0 282.0 3.0648207623200143 6.206413415909807 48.0 
334.0 283.0 3.0648207623200143 6.206413415909807 48.0 
334.0 284.0 3.0648207623200143 6.206413415909807 48.0 
335.0 279.0 3.0648207623200143 6.206413415909807 48.0 
335.0 280.0 3.0648207623200143 6.206413415909807 48.0 
335.0 281.0 3.0648207623200143 6.206413415909807 48.0 
335.0 282.0 3.0648207623200143 6.206413415909807 48.0 
335.0 283.0 3.0648207623200143 6.206413415909807 48.0 
335.0 284.0 3.0648207623200143 6.206413415909807 48.0 
336.0 279.0 3.0648207623200143 6.206413415909807 48.0 
336.0 280.0 3.0648207623200143 6.206413415909807 48.0 
336.0 281.0 3.0648207623200143 6.206413415909807 48.0 
336.0 282.0 3.0648207623200143 6.206413415909807 48.0 
336.0 283.0 3.0648207623200143 6.206413415909807 48.0 
336.0 284.0 3.0648207623200143 6.206413415909807 48.0 
337.0 279.0 3.0648207623200143 6.206413415909807 48.0 
337.0 280.0 3.0648207623200143 6.206413415909807 48.0 
337.0 281.0 3.0648207623200143 6.206413415909807 48.0 
337.0 282.0 3.0648207623200143 6.206413415909807 48.0 
337.0 283.0 3.0648207623200143 6.206413415909807 48.0 
337.0 284.0 3.0648207623200143 6.206413415909807 48.0 
338.0 279.0 3.0648207623200143 6.206413415909807 48.0 
338.0 280.0 3.0648207623200143 6.206413415909807 48.0 
338.0 281.0 3.0648207623200143 6.206413415909807 48.0 
338.0 282.0 3.0648207623200143 6.206413415909807 48.0 
338.0 283.0 3.0648207623200143 6.206413415909807 48.0 
338.0 284.0 3.0648207623200143 6.206413415909807 48.0 
339.0 279.0 3.0648207623200143 6.206413415909807 48.0 
339.0 280.0 3.0648207623200143 6.206413415909807 48.0 
339.0 281.0 3.0648207623200143 6.206413415909807 48.0 
339.0 282.0 3.0648207623200143 6.206413415909807 48.0 
339.0 283.0 3.0648207623200143 6.206413415909807 48.0 
339.0 284.0 3.0648207623200143 6.206413415909807 48.0 
340.0 279.0 3.0648207623200143 6.206413415909807 48.0 
340.0 280.0 3.0648207623200143 6.206413415909807 48.0 
340.0 281.0 3.0648207623200143 6.206413415909807 48.0 
340.0 282.0 3.0648207623200143 6.206413415909807 48.0 
340.0 283.0 3.0648207623200143 6.206413415909807 48.0 
340.0 284.0 3.0648207623200143 6.206413415909807 48.0 
341.0 279.0 3.0648207623200143 6.206413415909807 48.0 
341.0 280.0 3.0648207623200143 6.206413415909807 48.0 
341.0 281.0 3.0648207623200143 6.206413415909807 48.0 
341.0 282.0 3.0648207623200143 6.206413415909807 48.0 
341.0 283.0 3.0648207623200143 6.206413415909807 48.0 
341.0 284.0 3.0648207623200143 6.206413415909807 48.0 
342.0 281.0 3.0648207623200143 6.206413415909807 48.0 
342.0 282.0 3.0648207623200143 6.206413415909807 48.0 
342.0 283.0 3.0648207623200143 6.206413415909807 48.0 
342.0 284.0 3.0648207623200143 6.206413415909807 48.0 
