266.0 260.0 3.0393859354825388 6.180978589072332 28.0 
266.0 261.0 3.0393859354825388 6.180978589072332 28.0 
267.0 260.0 3.0393859354825388 6.180978589072332 28.0 
267.0 261.0 3.0393859354825388 6.180978589072332 28.0 
267.0 262.0 3.0393859354825388 6.180978589072332 28.0 
267.0 263.0 3.0393859354825388 6.180978589072332 28.0 
267.0 264.0 3.0393859354825388 6.180978589072332 28.0 
268.0 260.0 3.0393859354825388 6.180978589072332 28.0 
268.0 261.0 3.0393859354825388 6.180978589072332 28.0 
268.0 262.0 3.0393859354825388 6.180978589072332 28.0 
268.0 263.0 3.0393859354825388 6.180978589072332 28.0 
268.0 264.0 3.0393859354825388 6.180978589072332 28.0 
269.0 260.0 3.0393859354825388 6.180978589072332 28.0 
269.0 261.0 3.0393859354825388 6.180978589072332 28.0 
269.0 262.0 3.0393859354825388 6.180978589072332 28.0 
269.0 263.0 3.0393859354825388 6.180978589072332 28.0 
269.0 264.0 3.0393859354825388 6.180978589072332 28.0 
270.0 260.0 3.0393859354825388 6.180978589072332 28.0 
270.0 261.0 3.0393859354825388 6.180978589072332 28.0 
270.0 262.0 3.0393859354825388 6.180978589072332 28.0 
270.0 263.0 3.0393859354825388 6.180978589072332 28.0 
270.0 264.0 3.0393859354825388 6.180978589072332 28.0 
271.0 259.0 3.0393859354825388 6.180978589072332 28.0 
271.0 260.0 3.0393859354825388 6.180978589072332 28.0 
271.0 261.0 3.0393859354825388 6.180978589072332 28.0 
271.0 262.0 3.0393859354825388 6.180978589072332 28.0 
271.0 263.0 3.0393859354825388 6.180978589072332 28.0 
271.0 264.0 3.0393859354825388 6.180978589072332 28.0 
272.0 259.0 3.0393859354825388 6.180978589072332 28.0 
272.0 260.0 3.0393859354825388 6.180978589072332 28.0 
272.0 261.0 3.0393859354825388 6.180978589072332 28.0 
272.0 262.0 3.0393859354825388 6.180978589072332 28.0 
272.0 263.0 3.0393859354825388 6.180978589072332 28.0 
273.0 259.0 3.0393859354825388 6.180978589072332 28.0 
273.0 260.0 3.0393859354825388 6.180978589072332 28.0 
273.0 261.0 3.0393859354825388 6.180978589072332 28.0 
273.0 262.0 3.0393859354825388 6.180978589072332 28.0 
273.0 263.0 3.0393859354825388 6.180978589072332 28.0 
274.0 259.0 3.0393859354825388 6.180978589072332 28.0 
274.0 260.0 3.0393859354825388 6.180978589072332 28.0 
274.0 261.0 3.0393859354825388 6.180978589072332 28.0 
274.0 262.0 3.0393859354825388 6.180978589072332 28.0 
274.0 263.0 3.0393859354825388 6.180978589072332 28.0 
275.0 259.0 3.0393859354825388 6.180978589072332 28.0 
275.0 260.0 3.0393859354825388 6.180978589072332 28.0 
275.0 261.0 3.0393859354825388 6.180978589072332 28.0 
275.0 262.0 3.0393859354825388 6.180978589072332 28.0 
275.0 263.0 3.0393859354825388 6.180978589072332 28.0 
276.0 259.0 3.0393859354825388 6.180978589072332 28.0 
276.0 260.0 3.0393859354825388 6.180978589072332 28.0 
276.0 261.0 3.0393859354825388 6.180978589072332 28.0 
276.0 262.0 3.0393859354825388 6.180978589072332 28.0 
276.0 263.0 3.0393859354825388 6.180978589072332 28.0 
277.0 259.0 3.0393859354825388 6.180978589072332 28.0 
277.0 260.0 3.0393859354825388 6.180978589072332 28.0 
277.0 261.0 3.0393859354825388 6.180978589072332 28.0 
277.0 262.0 3.0393859354825388 6.180978589072332 28.0 
277.0 263.0 3.0393859354825388 6.180978589072332 28.0 
278.0 259.0 3.0393859354825388 6.180978589072332 28.0 
278.0 260.0 3.0393859354825388 6.180978589072332 28.0 
278.0 261.0 3.0393859354825388 6.180978589072332 28.0 
278.0 262.0 3.0393859354825388 6.180978589072332 28.0 
278.0 263.0 3.0393859354825388 6.180978589072332 28.0 
279.0 259.0 3.0393859354825388 6.180978589072332 28.0 
279.0 260.0 3.0393859354825388 6.180978589072332 28.0 
279.0 261.0 3.0393859354825388 6.180978589072332 28.0 
279.0 262.0 3.0393859354825388 6.180978589072332 28.0 
279.0 263.0 3.0393859354825388 6.180978589072332 28.0 
280.0 259.0 3.0393859354825388 6.180978589072332 28.0 
280.0 260.0 3.0393859354825388 6.180978589072332 28.0 
280.0 261.0 3.0393859354825388 6.180978589072332 28.0 
280.0 262.0 3.0393859354825388 6.180978589072332 28.0 
280.0 263.0 3.0393859354825388 6.180978589072332 28.0 
281.0 258.0 3.0393859354825388 6.180978589072332 28.0 
281.0 259.0 3.0393859354825388 6.180978589072332 28.0 
281.0 260.0 3.0393859354825388 6.180978589072332 28.0 
281.0 261.0 3.0393859354825388 6.180978589072332 28.0 
281.0 262.0 3.0393859354825388 6.180978589072332 28.0 
282.0 258.0 3.0393859354825388 6.180978589072332 28.0 
282.0 259.0 3.0393859354825388 6.180978589072332 28.0 
282.0 260.0 3.0393859354825388 6.180978589072332 28.0 
282.0 261.0 3.0393859354825388 6.180978589072332 28.0 
282.0 262.0 3.0393859354825388 6.180978589072332 28.0 
283.0 258.0 3.0393859354825388 6.180978589072332 28.0 
283.0 259.0 3.0393859354825388 6.180978589072332 28.0 
283.0 260.0 3.0393859354825388 6.180978589072332 28.0 
283.0 261.0 3.0393859354825388 6.180978589072332 28.0 
283.0 262.0 3.0393859354825388 6.180978589072332 28.0 
284.0 258.0 3.0393859354825388 6.180978589072332 28.0 
284.0 259.0 3.0393859354825388 6.180978589072332 28.0 
284.0 260.0 3.0393859354825388 6.180978589072332 28.0 
284.0 261.0 3.0393859354825388 6.180978589072332 28.0 
284.0 262.0 3.0393859354825388 6.180978589072332 28.0 
285.0 258.0 3.0393859354825388 6.180978589072332 28.0 
285.0 259.0 3.0393859354825388 6.180978589072332 28.0 
285.0 260.0 3.0393859354825388 6.180978589072332 28.0 
285.0 261.0 3.0393859354825388 6.180978589072332 28.0 
285.0 262.0 3.0393859354825388 6.180978589072332 28.0 
286.0 258.0 3.0393859354825388 6.180978589072332 28.0 
286.0 259.0 3.0393859354825388 6.180978589072332 28.0 
286.0 260.0 3.0393859354825388 6.180978589072332 28.0 
286.0 261.0 3.0393859354825388 6.180978589072332 28.0 
286.0 262.0 3.0393859354825388 6.180978589072332 28.0 
287.0 258.0 3.0393859354825388 6.180978589072332 28.0 
287.0 259.0 3.0393859354825388 6.180978589072332 28.0 
287.0 260.0 3.0393859354825388 6.180978589072332 28.0 
287.0 261.0 3.0393859354825388 6.180978589072332 28.0 
287.0 262.0 3.0393859354825388 6.180978589072332 28.0 
288.0 258.0 3.0393859354825388 6.180978589072332 28.0 
288.0 259.0 3.0393859354825388 6.180978589072332 28.0 
288.0 260.0 3.0393859354825388 6.180978589072332 28.0 
288.0 261.0 3.0393859354825388 6.180978589072332 28.0 
288.0 262.0 3.0393859354825388 6.180978589072332 28.0 
289.0 258.0 3.0393859354825388 6.180978589072332 28.0 
289.0 259.0 3.0393859354825388 6.180978589072332 28.0 
289.0 260.0 3.0393859354825388 6.180978589072332 28.0 
289.0 261.0 3.0393859354825388 6.180978589072332 28.0 
289.0 262.0 3.0393859354825388 6.180978589072332 28.0 
290.0 258.0 3.0393859354825388 6.180978589072332 28.0 
290.0 259.0 3.0393859354825388 6.180978589072332 28.0 
290.0 260.0 3.0393859354825388 6.180978589072332 28.0 
290.0 261.0 3.0393859354825388 6.180978589072332 28.0 
290.0 262.0 3.0393859354825388 6.180978589072332 28.0 
291.0 257.0 3.0393859354825388 6.180978589072332 28.0 
291.0 258.0 3.0393859354825388 6.180978589072332 28.0 
291.0 259.0 3.0393859354825388 6.180978589072332 28.0 
291.0 260.0 3.0393859354825388 6.180978589072332 28.0 
291.0 261.0 3.0393859354825388 6.180978589072332 28.0 
292.0 257.0 3.0393859354825388 6.180978589072332 28.0 
292.0 258.0 3.0393859354825388 6.180978589072332 28.0 
292.0 259.0 3.0393859354825388 6.180978589072332 28.0 
292.0 260.0 3.0393859354825388 6.180978589072332 28.0 
292.0 261.0 3.0393859354825388 6.180978589072332 28.0 
293.0 257.0 3.0393859354825388 6.180978589072332 28.0 
293.0 258.0 3.0393859354825388 6.180978589072332 28.0 
293.0 259.0 3.0393859354825388 6.180978589072332 28.0 
293.0 260.0 3.0393859354825388 6.180978589072332 28.0 
293.0 261.0 3.0393859354825388 6.180978589072332 28.0 
294.0 257.0 3.0393859354825388 6.180978589072332 28.0 
294.0 258.0 3.0393859354825388 6.180978589072332 28.0 
294.0 259.0 3.0393859354825388 6.180978589072332 28.0 
294.0 260.0 3.0393859354825388 6.180978589072332 28.0 
294.0 261.0 3.0393859354825388 6.180978589072332 28.0 
295.0 257.0 3.0393859354825388 6.180978589072332 28.0 
295.0 258.0 3.0393859354825388 6.180978589072332 28.0 
295.0 259.0 3.0393859354825388 6.180978589072332 28.0 
295.0 260.0 3.0393859354825388 6.180978589072332 28.0 
295.0 261.0 3.0393859354825388 6.180978589072332 28.0 
296.0 257.0 3.0393859354825388 6.180978589072332 28.0 
296.0 258.0 3.0393859354825388 6.180978589072332 28.0 
296.0 259.0 3.0393859354825388 6.180978589072332 28.0 
296.0 260.0 3.0393859354825388 6.180978589072332 28.0 
296.0 261.0 3.0393859354825388 6.180978589072332 28.0 
297.0 257.0 3.0393859354825388 6.180978589072332 28.0 
297.0 258.0 3.0393859354825388 6.180978589072332 28.0 
297.0 259.0 3.0393859354825388 6.180978589072332 28.0 
297.0 260.0 3.0393859354825388 6.180978589072332 28.0 
297.0 261.0 3.0393859354825388 6.180978589072332 28.0 
298.0 257.0 3.0393859354825388 6.180978589072332 28.0 
298.0 258.0 3.0393859354825388 6.180978589072332 28.0 
298.0 259.0 3.0393859354825388 6.180978589072332 28.0 
298.0 260.0 3.0393859354825388 6.180978589072332 28.0 
298.0 261.0 3.0393859354825388 6.180978589072332 28.0 
299.0 257.0 3.0393859354825388 6.180978589072332 28.0 
299.0 258.0 3.0393859354825388 6.180978589072332 28.0 
299.0 259.0 3.0393859354825388 6.180978589072332 28.0 
299.0 260.0 3.0393859354825388 6.180978589072332 28.0 
299.0 261.0 3.0393859354825388 6.180978589072332 28.0 
300.0 256.0 3.0393859354825388 6.180978589072332 28.0 
300.0 257.0 3.0393859354825388 6.180978589072332 28.0 
300.0 258.0 3.0393859354825388 6.180978589072332 28.0 
300.0 259.0 3.0393859354825388 6.180978589072332 28.0 
300.0 260.0 3.0393859354825388 6.180978589072332 28.0 
300.0 261.0 3.0393859354825388 6.180978589072332 28.0 
301.0 256.0 3.0393859354825388 6.180978589072332 28.0 
301.0 257.0 3.0393859354825388 6.180978589072332 28.0 
301.0 258.0 3.0393859354825388 6.180978589072332 28.0 
301.0 259.0 3.0393859354825388 6.180978589072332 28.0 
301.0 260.0 3.0393859354825388 6.180978589072332 28.0 
302.0 256.0 3.0393859354825388 6.180978589072332 28.0 
302.0 257.0 3.0393859354825388 6.180978589072332 28.0 
302.0 258.0 3.0393859354825388 6.180978589072332 28.0 
302.0 259.0 3.0393859354825388 6.180978589072332 28.0 
302.0 260.0 3.0393859354825388 6.180978589072332 28.0 
303.0 256.0 3.0393859354825388 6.180978589072332 28.0 
303.0 257.0 3.0393859354825388 6.180978589072332 28.0 
303.0 258.0 3.0393859354825388 6.180978589072332 28.0 
303.0 259.0 3.0393859354825388 6.180978589072332 28.0 
303.0 260.0 3.0393859354825388 6.180978589072332 28.0 
304.0 256.0 3.0393859354825388 6.180978589072332 28.0 
304.0 257.0 3.0393859354825388 6.180978589072332 28.0 
304.0 258.0 3.0393859354825388 6.180978589072332 28.0 
304.0 259.0 3.0393859354825388 6.180978589072332 28.0 
304.0 260.0 3.0393859354825388 6.180978589072332 28.0 
305.0 258.0 3.0393859354825388 6.180978589072332 28.0 
305.0 259.0 3.0393859354825388 6.180978589072332 28.0 
305.0 260.0 3.0393859354825388 6.180978589072332 28.0 
