258.0 209.0 4.547240302970064 1.40564764938027 60.0 
258.0 210.0 4.547240302970064 1.40564764938027 60.0 
258.0 211.0 4.547240302970064 1.40564764938027 60.0 
258.0 212.0 4.547240302970064 1.40564764938027 60.0 
258.0 213.0 4.547240302970064 1.40564764938027 60.0 
258.0 214.0 4.547240302970064 1.40564764938027 60.0 
259.0 209.0 4.547240302970064 1.40564764938027 60.0 
259.0 210.0 4.547240302970064 1.40564764938027 60.0 
259.0 211.0 4.547240302970064 1.40564764938027 60.0 
259.0 212.0 4.547240302970064 1.40564764938027 60.0 
259.0 213.0 4.547240302970064 1.40564764938027 60.0 
259.0 214.0 4.547240302970064 1.40564764938027 60.0 
259.0 215.0 4.547240302970064 1.40564764938027 60.0 
259.0 216.0 4.547240302970064 1.40564764938027 60.0 
259.0 217.0 4.547240302970064 1.40564764938027 60.0 
259.0 218.0 4.547240302970064 1.40564764938027 60.0 
259.0 219.0 4.547240302970064 1.40564764938027 60.0 
259.0 220.0 4.547240302970064 1.40564764938027 60.0 
260.0 208.0 4.547240302970064 1.40564764938027 60.0 
260.0 209.0 4.547240302970064 1.40564764938027 60.0 
260.0 210.0 4.547240302970064 1.40564764938027 60.0 
260.0 211.0 4.547240302970064 1.40564764938027 60.0 
260.0 212.0 4.547240302970064 1.40564764938027 60.0 
260.0 213.0 4.547240302970064 1.40564764938027 60.0 
260.0 214.0 4.547240302970064 1.40564764938027 60.0 
260.0 215.0 4.547240302970064 1.40564764938027 60.0 
260.0 216.0 4.547240302970064 1.40564764938027 60.0 
260.0 217.0 4.547240302970064 1.40564764938027 60.0 
260.0 218.0 4.547240302970064 1.40564764938027 60.0 
260.0 219.0 4.547240302970064 1.40564764938027 60.0 
260.0 220.0 4.547240302970064 1.40564764938027 60.0 
260.0 221.0 4.547240302970064 1.40564764938027 60.0 
260.0 222.0 4.547240302970064 1.40564764938027 60.0 
260.0 223.0 4.547240302970064 1.40564764938027 60.0 
260.0 224.0 4.547240302970064 1.40564764938027 60.0 
260.0 225.0 4.547240302970064 1.40564764938027 60.0 
260.0 226.0 4.547240302970064 1.40564764938027 60.0 
261.0 208.0 4.547240302970064 1.40564764938027 60.0 
261.0 209.0 4.547240302970064 1.40564764938027 60.0 
261.0 210.0 4.547240302970064 1.40564764938027 60.0 
261.0 211.0 4.547240302970064 1.40564764938027 60.0 
261.0 212.0 4.547240302970064 1.40564764938027 60.0 
261.0 213.0 4.547240302970064 1.40564764938027 60.0 
261.0 214.0 4.547240302970064 1.40564764938027 60.0 
261.0 215.0 4.547240302970064 1.40564764938027 60.0 
261.0 216.0 4.547240302970064 1.40564764938027 60.0 
261.0 217.0 4.547240302970064 1.40564764938027 60.0 
261.0 218.0 4.547240302970064 1.40564764938027 60.0 
261.0 219.0 4.547240302970064 1.40564764938027 60.0 
261.0 220.0 4.547240302970064 1.40564764938027 60.0 
261.0 221.0 4.547240302970064 1.40564764938027 60.0 
261.0 222.0 4.547240302970064 1.40564764938027 60.0 
261.0 223.0 4.547240302970064 1.40564764938027 60.0 
261.0 224.0 4.547240302970064 1.40564764938027 60.0 
261.0 225.0 4.547240302970064 1.40564764938027 60.0 
261.0 226.0 4.547240302970064 1.40564764938027 60.0 
261.0 227.0 4.547240302970064 1.40564764938027 60.0 
261.0 228.0 4.547240302970064 1.40564764938027 60.0 
261.0 229.0 4.547240302970064 1.40564764938027 60.0 
261.0 230.0 4.547240302970064 1.40564764938027 60.0 
261.0 231.0 4.547240302970064 1.40564764938027 60.0 
261.0 232.0 4.547240302970064 1.40564764938027 60.0 
262.0 208.0 4.547240302970064 1.40564764938027 60.0 
262.0 209.0 4.547240302970064 1.40564764938027 60.0 
262.0 210.0 4.547240302970064 1.40564764938027 60.0 
262.0 211.0 4.547240302970064 1.40564764938027 60.0 
262.0 212.0 4.547240302970064 1.40564764938027 60.0 
262.0 213.0 4.547240302970064 1.40564764938027 60.0 
262.0 214.0 4.547240302970064 1.40564764938027 60.0 
262.0 215.0 4.547240302970064 1.40564764938027 60.0 
262.0 216.0 4.547240302970064 1.40564764938027 60.0 
262.0 217.0 4.547240302970064 1.40564764938027 60.0 
262.0 218.0 4.547240302970064 1.40564764938027 60.0 
262.0 219.0 4.547240302970064 1.40564764938027 60.0 
262.0 220.0 4.547240302970064 1.40564764938027 60.0 
262.0 221.0 4.547240302970064 1.40564764938027 60.0 
262.0 222.0 4.547240302970064 1.40564764938027 60.0 
262.0 223.0 4.547240302970064 1.40564764938027 60.0 
262.0 224.0 4.547240302970064 1.40564764938027 60.0 
262.0 225.0 4.547240302970064 1.40564764938027 60.0 
262.0 226.0 4.547240302970064 1.40564764938027 60.0 
262.0 227.0 4.547240302970064 1.40564764938027 60.0 
262.0 228.0 4.547240302970064 1.40564764938027 60.0 
262.0 229.0 4.547240302970064 1.40564764938027 60.0 
262.0 230.0 4.547240302970064 1.40564764938027 60.0 
262.0 231.0 4.547240302970064 1.40564764938027 60.0 
262.0 232.0 4.547240302970064 1.40564764938027 60.0 
262.0 233.0 4.547240302970064 1.40564764938027 60.0 
262.0 234.0 4.547240302970064 1.40564764938027 60.0 
262.0 235.0 4.547240302970064 1.40564764938027 60.0 
262.0 236.0 4.547240302970064 1.40564764938027 60.0 
262.0 237.0 4.547240302970064 1.40564764938027 60.0 
262.0 238.0 4.547240302970064 1.40564764938027 60.0 
263.0 208.0 4.547240302970064 1.40564764938027 60.0 
263.0 209.0 4.547240302970064 1.40564764938027 60.0 
263.0 210.0 4.547240302970064 1.40564764938027 60.0 
263.0 211.0 4.547240302970064 1.40564764938027 60.0 
263.0 212.0 4.547240302970064 1.40564764938027 60.0 
263.0 213.0 4.547240302970064 1.40564764938027 60.0 
263.0 214.0 4.547240302970064 1.40564764938027 60.0 
263.0 215.0 4.547240302970064 1.40564764938027 60.0 
263.0 216.0 4.547240302970064 1.40564764938027 60.0 
263.0 217.0 4.547240302970064 1.40564764938027 60.0 
263.0 218.0 4.547240302970064 1.40564764938027 60.0 
263.0 219.0 4.547240302970064 1.40564764938027 60.0 
263.0 220.0 4.547240302970064 1.40564764938027 60.0 
263.0 221.0 4.547240302970064 1.40564764938027 60.0 
263.0 222.0 4.547240302970064 1.40564764938027 60.0 
263.0 223.0 4.547240302970064 1.40564764938027 60.0 
263.0 224.0 4.547240302970064 1.40564764938027 60.0 
263.0 225.0 4.547240302970064 1.40564764938027 60.0 
263.0 226.0 4.547240302970064 1.40564764938027 60.0 
263.0 227.0 4.547240302970064 1.40564764938027 60.0 
263.0 228.0 4.547240302970064 1.40564764938027 60.0 
263.0 229.0 4.547240302970064 1.40564764938027 60.0 
263.0 230.0 4.547240302970064 1.40564764938027 60.0 
263.0 231.0 4.547240302970064 1.40564764938027 60.0 
263.0 232.0 4.547240302970064 1.40564764938027 60.0 
263.0 233.0 4.547240302970064 1.40564764938027 60.0 
263.0 234.0 4.547240302970064 1.40564764938027 60.0 
263.0 235.0 4.547240302970064 1.40564764938027 60.0 
263.0 236.0 4.547240302970064 1.40564764938027 60.0 
263.0 237.0 4.547240302970064 1.40564764938027 60.0 
263.0 238.0 4.547240302970064 1.40564764938027 60.0 
263.0 239.0 4.547240302970064 1.40564764938027 60.0 
263.0 240.0 4.547240302970064 1.40564764938027 60.0 
263.0 241.0 4.547240302970064 1.40564764938027 60.0 
263.0 242.0 4.547240302970064 1.40564764938027 60.0 
263.0 243.0 4.547240302970064 1.40564764938027 60.0 
263.0 244.0 4.547240302970064 1.40564764938027 60.0 
264.0 214.0 4.547240302970064 1.40564764938027 60.0 
264.0 215.0 4.547240302970064 1.40564764938027 60.0 
264.0 216.0 4.547240302970064 1.40564764938027 60.0 
264.0 217.0 4.547240302970064 1.40564764938027 60.0 
264.0 218.0 4.547240302970064 1.40564764938027 60.0 
264.0 219.0 4.547240302970064 1.40564764938027 60.0 
264.0 220.0 4.547240302970064 1.40564764938027 60.0 
264.0 221.0 4.547240302970064 1.40564764938027 60.0 
264.0 222.0 4.547240302970064 1.40564764938027 60.0 
264.0 223.0 4.547240302970064 1.40564764938027 60.0 
264.0 224.0 4.547240302970064 1.40564764938027 60.0 
264.0 225.0 4.547240302970064 1.40564764938027 60.0 
264.0 226.0 4.547240302970064 1.40564764938027 60.0 
264.0 227.0 4.547240302970064 1.40564764938027 60.0 
264.0 228.0 4.547240302970064 1.40564764938027 60.0 
264.0 229.0 4.547240302970064 1.40564764938027 60.0 
264.0 230.0 4.547240302970064 1.40564764938027 60.0 
264.0 231.0 4.547240302970064 1.40564764938027 60.0 
264.0 232.0 4.547240302970064 1.40564764938027 60.0 
264.0 233.0 4.547240302970064 1.40564764938027 60.0 
264.0 234.0 4.547240302970064 1.40564764938027 60.0 
264.0 235.0 4.547240302970064 1.40564764938027 60.0 
264.0 236.0 4.547240302970064 1.40564764938027 60.0 
264.0 237.0 4.547240302970064 1.40564764938027 60.0 
264.0 238.0 4.547240302970064 1.40564764938027 60.0 
264.0 239.0 4.547240302970064 1.40564764938027 60.0 
264.0 240.0 4.547240302970064 1.40564764938027 60.0 
264.0 241.0 4.547240302970064 1.40564764938027 60.0 
264.0 242.0 4.547240302970064 1.40564764938027 60.0 
264.0 243.0 4.547240302970064 1.40564764938027 60.0 
264.0 244.0 4.547240302970064 1.40564764938027 60.0 
264.0 245.0 4.547240302970064 1.40564764938027 60.0 
264.0 246.0 4.547240302970064 1.40564764938027 60.0 
264.0 247.0 4.547240302970064 1.40564764938027 60.0 
264.0 248.0 4.547240302970064 1.40564764938027 60.0 
264.0 249.0 4.547240302970064 1.40564764938027 60.0 
264.0 250.0 4.547240302970064 1.40564764938027 60.0 
265.0 220.0 4.547240302970064 1.40564764938027 60.0 
265.0 221.0 4.547240302970064 1.40564764938027 60.0 
265.0 222.0 4.547240302970064 1.40564764938027 60.0 
265.0 223.0 4.547240302970064 1.40564764938027 60.0 
265.0 224.0 4.547240302970064 1.40564764938027 60.0 
265.0 225.0 4.547240302970064 1.40564764938027 60.0 
265.0 226.0 4.547240302970064 1.40564764938027 60.0 
265.0 227.0 4.547240302970064 1.40564764938027 60.0 
265.0 228.0 4.547240302970064 1.40564764938027 60.0 
265.0 229.0 4.547240302970064 1.40564764938027 60.0 
265.0 230.0 4.547240302970064 1.40564764938027 60.0 
265.0 231.0 4.547240302970064 1.40564764938027 60.0 
265.0 232.0 4.547240302970064 1.40564764938027 60.0 
265.0 233.0 4.547240302970064 1.40564764938027 60.0 
265.0 234.0 4.547240302970064 1.40564764938027 60.0 
265.0 235.0 4.547240302970064 1.40564764938027 60.0 
265.0 236.0 4.547240302970064 1.40564764938027 60.0 
265.0 237.0 4.547240302970064 1.40564764938027 60.0 
265.0 238.0 4.547240302970064 1.40564764938027 60.0 
265.0 239.0 4.547240302970064 1.40564764938027 60.0 
265.0 240.0 4.547240302970064 1.40564764938027 60.0 
265.0 241.0 4.547240302970064 1.40564764938027 60.0 
265.0 242.0 4.547240302970064 1.40564764938027 60.0 
265.0 243.0 4.547240302970064 1.40564764938027 60.0 
265.0 244.0 4.547240302970064 1.40564764938027 60.0 
265.0 245.0 4.547240302970064 1.40564764938027 60.0 
265.0 246.0 4.547240302970064 1.40564764938027 60.0 
265.0 247.0 4.547240302970064 1.40564764938027 60.0 
265.0 248.0 4.547240302970064 1.40564764938027 60.0 
265.0 249.0 4.547240302970064 1.40564764938027 60.0 
265.0 250.0 4.547240302970064 1.40564764938027 60.0 
266.0 226.0 4.547240302970064 1.40564764938027 60.0 
266.0 227.0 4.547240302970064 1.40564764938027 60.0 
266.0 228.0 4.547240302970064 1.40564764938027 60.0 
266.0 229.0 4.547240302970064 1.40564764938027 60.0 
266.0 230.0 4.547240302970064 1.40564764938027 60.0 
266.0 231.0 4.547240302970064 1.40564764938027 60.0 
266.0 232.0 4.547240302970064 1.40564764938027 60.0 
266.0 233.0 4.547240302970064 1.40564764938027 60.0 
266.0 234.0 4.547240302970064 1.40564764938027 60.0 
266.0 235.0 4.547240302970064 1.40564764938027 60.0 
266.0 236.0 4.547240302970064 1.40564764938027 60.0 
266.0 237.0 4.547240302970064 1.40564764938027 60.0 
266.0 238.0 4.547240302970064 1.40564764938027 60.0 
266.0 239.0 4.547240302970064 1.40564764938027 60.0 
266.0 240.0 4.547240302970064 1.40564764938027 60.0 
266.0 241.0 4.547240302970064 1.40564764938027 60.0 
266.0 242.0 4.547240302970064 1.40564764938027 60.0 
266.0 243.0 4.547240302970064 1.40564764938027 60.0 
266.0 244.0 4.547240302970064 1.40564764938027 60.0 
266.0 245.0 4.547240302970064 1.40564764938027 60.0 
266.0 246.0 4.547240302970064 1.40564764938027 60.0 
266.0 247.0 4.547240302970064 1.40564764938027 60.0 
266.0 248.0 4.547240302970064 1.40564764938027 60.0 
266.0 249.0 4.547240302970064 1.40564764938027 60.0 
266.0 250.0 4.547240302970064 1.40564764938027 60.0 
267.0 232.0 4.547240302970064 1.40564764938027 60.0 
267.0 233.0 4.547240302970064 1.40564764938027 60.0 
267.0 234.0 4.547240302970064 1.40564764938027 60.0 
267.0 235.0 4.547240302970064 1.40564764938027 60.0 
267.0 236.0 4.547240302970064 1.40564764938027 60.0 
267.0 237.0 4.547240302970064 1.40564764938027 60.0 
267.0 238.0 4.547240302970064 1.40564764938027 60.0 
267.0 239.0 4.547240302970064 1.40564764938027 60.0 
267.0 240.0 4.547240302970064 1.40564764938027 60.0 
267.0 241.0 4.547240302970064 1.40564764938027 60.0 
267.0 242.0 4.547240302970064 1.40564764938027 60.0 
267.0 243.0 4.547240302970064 1.40564764938027 60.0 
267.0 244.0 4.547240302970064 1.40564764938027 60.0 
267.0 245.0 4.547240302970064 1.40564764938027 60.0 
267.0 246.0 4.547240302970064 1.40564764938027 60.0 
267.0 247.0 4.547240302970064 1.40564764938027 60.0 
267.0 248.0 4.547240302970064 1.40564764938027 60.0 
267.0 249.0 4.547240302970064 1.40564764938027 60.0 
268.0 238.0 4.547240302970064 1.40564764938027 60.0 
268.0 239.0 4.547240302970064 1.40564764938027 60.0 
268.0 240.0 4.547240302970064 1.40564764938027 60.0 
268.0 241.0 4.547240302970064 1.40564764938027 60.0 
268.0 242.0 4.547240302970064 1.40564764938027 60.0 
268.0 243.0 4.547240302970064 1.40564764938027 60.0 
268.0 244.0 4.547240302970064 1.40564764938027 60.0 
268.0 245.0 4.547240302970064 1.40564764938027 60.0 
268.0 246.0 4.547240302970064 1.40564764938027 60.0 
268.0 247.0 4.547240302970064 1.40564764938027 60.0 
268.0 248.0 4.547240302970064 1.40564764938027 60.0 
268.0 249.0 4.547240302970064 1.40564764938027 60.0 
269.0 244.0 4.547240302970064 1.40564764938027 60.0 
269.0 245.0 4.547240302970064 1.40564764938027 60.0 
269.0 246.0 4.547240302970064 1.40564764938027 60.0 
269.0 247.0 4.547240302970064 1.40564764938027 60.0 
269.0 248.0 4.547240302970064 1.40564764938027 60.0 
269.0 249.0 4.547240302970064 1.40564764938027 60.0 
278.0 290.0 4.520600838397985 1.3790081848081919 40.0 
278.0 291.0 4.520600838397985 1.3790081848081919 40.0 
278.0 292.0 4.520600838397985 1.3790081848081919 40.0 
278.0 293.0 4.520600838397985 1.3790081848081919 40.0 
278.0 294.0 4.520600838397985 1.3790081848081919 40.0 
279.0 290.0 4.520600838397985 1.3790081848081919 40.0 
279.0 291.0 4.520600838397985 1.3790081848081919 40.0 
279.0 292.0 4.520600838397985 1.3790081848081919 40.0 
279.0 293.0 4.520600838397985 1.3790081848081919 40.0 
279.0 294.0 4.520600838397985 1.3790081848081919 40.0 
279.0 295.0 4.520600838397985 1.3790081848081919 40.0 
279.0 296.0 4.520600838397985 1.3790081848081919 40.0 
279.0 297.0 4.520600838397985 1.3790081848081919 40.0 
279.0 298.0 4.520600838397985 1.3790081848081919 40.0 
279.0 299.0 4.520600838397985 1.3790081848081919 40.0 
280.0 289.0 4.520600838397985 1.3790081848081919 40.0 
280.0 290.0 4.520600838397985 1.3790081848081919 40.0 
280.0 291.0 4.520600838397985 1.3790081848081919 40.0 
280.0 292.0 4.520600838397985 1.3790081848081919 40.0 
280.0 293.0 4.520600838397985 1.3790081848081919 40.0 
280.0 294.0 4.520600838397985 1.3790081848081919 40.0 
280.0 295.0 4.520600838397985 1.3790081848081919 40.0 
280.0 296.0 4.520600838397985 1.3790081848081919 40.0 
280.0 297.0 4.520600838397985 1.3790081848081919 40.0 
280.0 298.0 4.520600838397985 1.3790081848081919 40.0 
280.0 299.0 4.520600838397985 1.3790081848081919 40.0 
280.0 300.0 4.520600838397985 1.3790081848081919 40.0 
280.0 301.0 4.520600838397985 1.3790081848081919 40.0 
280.0 302.0 4.520600838397985 1.3790081848081919 40.0 
280.0 303.0 4.520600838397985 1.3790081848081919 40.0 
280.0 304.0 4.520600838397985 1.3790081848081919 40.0 
281.0 289.0 4.520600838397985 1.3790081848081919 40.0 
281.0 290.0 4.520600838397985 1.3790081848081919 40.0 
281.0 291.0 4.520600838397985 1.3790081848081919 40.0 
281.0 292.0 4.520600838397985 1.3790081848081919 40.0 
281.0 293.0 4.520600838397985 1.3790081848081919 40.0 
281.0 294.0 4.520600838397985 1.3790081848081919 40.0 
281.0 295.0 4.520600838397985 1.3790081848081919 40.0 
281.0 296.0 4.520600838397985 1.3790081848081919 40.0 
281.0 297.0 4.520600838397985 1.3790081848081919 40.0 
281.0 298.0 4.520600838397985 1.3790081848081919 40.0 
281.0 299.0 4.520600838397985 1.3790081848081919 40.0 
281.0 300.0 4.520600838397985 1.3790081848081919 40.0 
281.0 301.0 4.520600838397985 1.3790081848081919 40.0 
281.0 302.0 4.520600838397985 1.3790081848081919 40.0 
281.0 303.0 4.520600838397985 1.3790081848081919 40.0 
281.0 304.0 4.520600838397985 1.3790081848081919 40.0 
281.0 305.0 4.520600838397985 1.3790081848081919 40.0 
281.0 306.0 4.520600838397985 1.3790081848081919 40.0 
281.0 307.0 4.520600838397985 1.3790081848081919 40.0 
281.0 308.0 4.520600838397985 1.3790081848081919 40.0 
281.0 309.0 4.520600838397985 1.3790081848081919 40.0 
282.0 289.0 4.520600838397985 1.3790081848081919 40.0 
282.0 290.0 4.520600838397985 1.3790081848081919 40.0 
282.0 291.0 4.520600838397985 1.3790081848081919 40.0 
282.0 292.0 4.520600838397985 1.3790081848081919 40.0 
282.0 293.0 4.520600838397985 1.3790081848081919 40.0 
282.0 294.0 4.520600838397985 1.3790081848081919 40.0 
282.0 295.0 4.520600838397985 1.3790081848081919 40.0 
282.0 296.0 4.520600838397985 1.3790081848081919 40.0 
282.0 297.0 4.520600838397985 1.3790081848081919 40.0 
282.0 298.0 4.520600838397985 1.3790081848081919 40.0 
282.0 299.0 4.520600838397985 1.3790081848081919 40.0 
282.0 300.0 4.520600838397985 1.3790081848081919 40.0 
282.0 301.0 4.520600838397985 1.3790081848081919 40.0 
282.0 302.0 4.520600838397985 1.3790081848081919 40.0 
282.0 303.0 4.520600838397985 1.3790081848081919 40.0 
282.0 304.0 4.520600838397985 1.3790081848081919 40.0 
282.0 305.0 4.520600838397985 1.3790081848081919 40.0 
282.0 306.0 4.520600838397985 1.3790081848081919 40.0 
282.0 307.0 4.520600838397985 1.3790081848081919 40.0 
282.0 308.0 4.520600838397985 1.3790081848081919 40.0 
282.0 309.0 4.520600838397985 1.3790081848081919 40.0 
282.0 310.0 4.520600838397985 1.3790081848081919 40.0 
282.0 311.0 4.520600838397985 1.3790081848081919 40.0 
282.0 312.0 4.520600838397985 1.3790081848081919 40.0 
282.0 313.0 4.520600838397985 1.3790081848081919 40.0 
282.0 314.0 4.520600838397985 1.3790081848081919 40.0 
282.0 315.0 4.520600838397985 1.3790081848081919 40.0 
283.0 289.0 4.520600838397985 1.3790081848081919 40.0 
283.0 290.0 4.520600838397985 1.3790081848081919 40.0 
283.0 291.0 4.520600838397985 1.3790081848081919 40.0 
283.0 292.0 4.520600838397985 1.3790081848081919 40.0 
283.0 293.0 4.520600838397985 1.3790081848081919 40.0 
283.0 294.0 4.520600838397985 1.3790081848081919 40.0 
283.0 295.0 4.520600838397985 1.3790081848081919 40.0 
283.0 296.0 4.520600838397985 1.3790081848081919 40.0 
283.0 297.0 4.520600838397985 1.3790081848081919 40.0 
283.0 298.0 4.520600838397985 1.3790081848081919 40.0 
283.0 299.0 4.520600838397985 1.3790081848081919 40.0 
283.0 300.0 4.520600838397985 1.3790081848081919 40.0 
283.0 301.0 4.520600838397985 1.3790081848081919 40.0 
283.0 302.0 4.520600838397985 1.3790081848081919 40.0 
283.0 303.0 4.520600838397985 1.3790081848081919 40.0 
283.0 304.0 4.520600838397985 1.3790081848081919 40.0 
283.0 305.0 4.520600838397985 1.3790081848081919 40.0 
283.0 306.0 4.520600838397985 1.3790081848081919 40.0 
283.0 307.0 4.520600838397985 1.3790081848081919 40.0 
283.0 308.0 4.520600838397985 1.3790081848081919 40.0 
283.0 309.0 4.520600838397985 1.3790081848081919 40.0 
283.0 310.0 4.520600838397985 1.3790081848081919 40.0 
283.0 311.0 4.520600838397985 1.3790081848081919 40.0 
283.0 312.0 4.520600838397985 1.3790081848081919 40.0 
283.0 313.0 4.520600838397985 1.3790081848081919 40.0 
283.0 314.0 4.520600838397985 1.3790081848081919 40.0 
283.0 315.0 4.520600838397985 1.3790081848081919 40.0 
283.0 316.0 4.520600838397985 1.3790081848081919 40.0 
283.0 317.0 4.520600838397985 1.3790081848081919 40.0 
283.0 318.0 4.520600838397985 1.3790081848081919 40.0 
283.0 319.0 4.520600838397985 1.3790081848081919 40.0 
283.0 320.0 4.520600838397985 1.3790081848081919 40.0 
284.0 294.0 4.520600838397985 1.3790081848081919 40.0 
284.0 295.0 4.520600838397985 1.3790081848081919 40.0 
284.0 296.0 4.520600838397985 1.3790081848081919 40.0 
284.0 297.0 4.520600838397985 1.3790081848081919 40.0 
284.0 298.0 4.520600838397985 1.3790081848081919 40.0 
284.0 299.0 4.520600838397985 1.3790081848081919 40.0 
284.0 300.0 4.520600838397985 1.3790081848081919 40.0 
284.0 301.0 4.520600838397985 1.3790081848081919 40.0 
284.0 302.0 4.520600838397985 1.3790081848081919 40.0 
284.0 303.0 4.520600838397985 1.3790081848081919 40.0 
284.0 304.0 4.520600838397985 1.3790081848081919 40.0 
284.0 305.0 4.520600838397985 1.3790081848081919 40.0 
284.0 306.0 4.520600838397985 1.3790081848081919 40.0 
284.0 307.0 4.520600838397985 1.3790081848081919 40.0 
284.0 308.0 4.520600838397985 1.3790081848081919 40.0 
284.0 309.0 4.520600838397985 1.3790081848081919 40.0 
284.0 310.0 4.520600838397985 1.3790081848081919 40.0 
284.0 311.0 4.520600838397985 1.3790081848081919 40.0 
284.0 312.0 4.520600838397985 1.3790081848081919 40.0 
284.0 313.0 4.520600838397985 1.3790081848081919 40.0 
284.0 314.0 4.520600838397985 1.3790081848081919 40.0 
284.0 315.0 4.520600838397985 1.3790081848081919 40.0 
284.0 316.0 4.520600838397985 1.3790081848081919 40.0 
284.0 317.0 4.520600838397985 1.3790081848081919 40.0 
284.0 318.0 4.520600838397985 1.3790081848081919 40.0 
284.0 319.0 4.520600838397985 1.3790081848081919 40.0 
284.0 320.0 4.520600838397985 1.3790081848081919 40.0 
284.0 321.0 4.520600838397985 1.3790081848081919 40.0 
284.0 322.0 4.520600838397985 1.3790081848081919 40.0 
284.0 323.0 4.520600838397985 1.3790081848081919 40.0 
284.0 324.0 4.520600838397985 1.3790081848081919 40.0 
284.0 325.0 4.520600838397985 1.3790081848081919 40.0 
285.0 300.0 4.520600838397985 1.3790081848081919 40.0 
285.0 301.0 4.520600838397985 1.3790081848081919 40.0 
285.0 302.0 4.520600838397985 1.3790081848081919 40.0 
285.0 303.0 4.520600838397985 1.3790081848081919 40.0 
285.0 304.0 4.520600838397985 1.3790081848081919 40.0 
285.0 305.0 4.520600838397985 1.3790081848081919 40.0 
285.0 306.0 4.520600838397985 1.3790081848081919 40.0 
285.0 307.0 4.520600838397985 1.3790081848081919 40.0 
285.0 308.0 4.520600838397985 1.3790081848081919 40.0 
285.0 309.0 4.520600838397985 1.3790081848081919 40.0 
285.0 310.0 4.520600838397985 1.3790081848081919 40.0 
285.0 311.0 4.520600838397985 1.3790081848081919 40.0 
285.0 312.0 4.520600838397985 1.3790081848081919 40.0 
285.0 313.0 4.520600838397985 1.3790081848081919 40.0 
285.0 314.0 4.520600838397985 1.3790081848081919 40.0 
285.0 315.0 4.520600838397985 1.3790081848081919 40.0 
285.0 316.0 4.520600838397985 1.3790081848081919 40.0 
285.0 317.0 4.520600838397985 1.3790081848081919 40.0 
285.0 318.0 4.520600838397985 1.3790081848081919 40.0 
285.0 319.0 4.520600838397985 1.3790081848081919 40.0 
285.0 320.0 4.520600838397985 1.3790081848081919 40.0 
285.0 321.0 4.520600838397985 1.3790081848081919 40.0 
285.0 322.0 4.520600838397985 1.3790081848081919 40.0 
285.0 323.0 4.520600838397985 1.3790081848081919 40.0 
285.0 324.0 4.520600838397985 1.3790081848081919 40.0 
285.0 325.0 4.520600838397985 1.3790081848081919 40.0 
285.0 326.0 4.520600838397985 1.3790081848081919 40.0 
285.0 327.0 4.520600838397985 1.3790081848081919 40.0 
285.0 328.0 4.520600838397985 1.3790081848081919 40.0 
285.0 329.0 4.520600838397985 1.3790081848081919 40.0 
285.0 330.0 4.520600838397985 1.3790081848081919 40.0 
286.0 305.0 4.520600838397985 1.3790081848081919 40.0 
286.0 306.0 4.520600838397985 1.3790081848081919 40.0 
286.0 307.0 4.520600838397985 1.3790081848081919 40.0 
286.0 308.0 4.520600838397985 1.3790081848081919 40.0 
286.0 309.0 4.520600838397985 1.3790081848081919 40.0 
286.0 310.0 4.520600838397985 1.3790081848081919 40.0 
286.0 311.0 4.520600838397985 1.3790081848081919 40.0 
286.0 312.0 4.520600838397985 1.3790081848081919 40.0 
286.0 313.0 4.520600838397985 1.3790081848081919 40.0 
286.0 314.0 4.520600838397985 1.3790081848081919 40.0 
286.0 315.0 4.520600838397985 1.3790081848081919 40.0 
286.0 316.0 4.520600838397985 1.3790081848081919 40.0 
286.0 317.0 4.520600838397985 1.3790081848081919 40.0 
286.0 318.0 4.520600838397985 1.3790081848081919 40.0 
286.0 319.0 4.520600838397985 1.3790081848081919 40.0 
286.0 320.0 4.520600838397985 1.3790081848081919 40.0 
286.0 321.0 4.520600838397985 1.3790081848081919 40.0 
286.0 322.0 4.520600838397985 1.3790081848081919 40.0 
286.0 323.0 4.520600838397985 1.3790081848081919 40.0 
286.0 324.0 4.520600838397985 1.3790081848081919 40.0 
286.0 325.0 4.520600838397985 1.3790081848081919 40.0 
286.0 326.0 4.520600838397985 1.3790081848081919 40.0 
286.0 327.0 4.520600838397985 1.3790081848081919 40.0 
286.0 328.0 4.520600838397985 1.3790081848081919 40.0 
286.0 329.0 4.520600838397985 1.3790081848081919 40.0 
286.0 330.0 4.520600838397985 1.3790081848081919 40.0 
286.0 331.0 4.520600838397985 1.3790081848081919 40.0 
286.0 332.0 4.520600838397985 1.3790081848081919 40.0 
286.0 333.0 4.520600838397985 1.3790081848081919 40.0 
286.0 334.0 4.520600838397985 1.3790081848081919 40.0 
286.0 335.0 4.520600838397985 1.3790081848081919 40.0 
287.0 310.0 4.520600838397985 1.3790081848081919 40.0 
287.0 311.0 4.520600838397985 1.3790081848081919 40.0 
287.0 312.0 4.520600838397985 1.3790081848081919 40.0 
287.0 313.0 4.520600838397985 1.3790081848081919 40.0 
287.0 314.0 4.520600838397985 1.3790081848081919 40.0 
287.0 315.0 4.520600838397985 1.3790081848081919 40.0 
287.0 316.0 4.520600838397985 1.3790081848081919 40.0 
287.0 317.0 4.520600838397985 1.3790081848081919 40.0 
287.0 318.0 4.520600838397985 1.3790081848081919 40.0 
287.0 319.0 4.520600838397985 1.3790081848081919 40.0 
287.0 320.0 4.520600838397985 1.3790081848081919 40.0 
287.0 321.0 4.520600838397985 1.3790081848081919 40.0 
287.0 322.0 4.520600838397985 1.3790081848081919 40.0 
287.0 323.0 4.520600838397985 1.3790081848081919 40.0 
287.0 324.0 4.520600838397985 1.3790081848081919 40.0 
287.0 325.0 4.520600838397985 1.3790081848081919 40.0 
287.0 326.0 4.520600838397985 1.3790081848081919 40.0 
287.0 327.0 4.520600838397985 1.3790081848081919 40.0 
287.0 328.0 4.520600838397985 1.3790081848081919 40.0 
287.0 329.0 4.520600838397985 1.3790081848081919 40.0 
287.0 330.0 4.520600838397985 1.3790081848081919 40.0 
287.0 331.0 4.520600838397985 1.3790081848081919 40.0 
287.0 332.0 4.520600838397985 1.3790081848081919 40.0 
287.0 333.0 4.520600838397985 1.3790081848081919 40.0 
287.0 334.0 4.520600838397985 1.3790081848081919 40.0 
287.0 335.0 4.520600838397985 1.3790081848081919 40.0 
287.0 336.0 4.520600838397985 1.3790081848081919 40.0 
287.0 337.0 4.520600838397985 1.3790081848081919 40.0 
287.0 338.0 4.520600838397985 1.3790081848081919 40.0 
287.0 339.0 4.520600838397985 1.3790081848081919 40.0 
287.0 340.0 4.520600838397985 1.3790081848081919 40.0 
288.0 315.0 4.520600838397985 1.3790081848081919 40.0 
288.0 316.0 4.520600838397985 1.3790081848081919 40.0 
288.0 317.0 4.520600838397985 1.3790081848081919 40.0 
288.0 318.0 4.520600838397985 1.3790081848081919 40.0 
288.0 319.0 4.520600838397985 1.3790081848081919 40.0 
288.0 320.0 4.520600838397985 1.3790081848081919 40.0 
288.0 321.0 4.520600838397985 1.3790081848081919 40.0 
288.0 322.0 4.520600838397985 1.3790081848081919 40.0 
288.0 323.0 4.520600838397985 1.3790081848081919 40.0 
288.0 324.0 4.520600838397985 1.3790081848081919 40.0 
288.0 325.0 4.520600838397985 1.3790081848081919 40.0 
288.0 326.0 4.520600838397985 1.3790081848081919 40.0 
288.0 327.0 4.520600838397985 1.3790081848081919 40.0 
288.0 328.0 4.520600838397985 1.3790081848081919 40.0 
288.0 329.0 4.520600838397985 1.3790081848081919 40.0 
288.0 330.0 4.520600838397985 1.3790081848081919 40.0 
288.0 331.0 4.520600838397985 1.3790081848081919 40.0 
288.0 332.0 4.520600838397985 1.3790081848081919 40.0 
288.0 333.0 4.520600838397985 1.3790081848081919 40.0 
288.0 334.0 4.520600838397985 1.3790081848081919 40.0 
288.0 335.0 4.520600838397985 1.3790081848081919 40.0 
288.0 336.0 4.520600838397985 1.3790081848081919 40.0 
288.0 337.0 4.520600838397985 1.3790081848081919 40.0 
288.0 338.0 4.520600838397985 1.3790081848081919 40.0 
288.0 339.0 4.520600838397985 1.3790081848081919 40.0 
288.0 340.0 4.520600838397985 1.3790081848081919 40.0 
288.0 341.0 4.520600838397985 1.3790081848081919 40.0 
288.0 342.0 4.520600838397985 1.3790081848081919 40.0 
288.0 343.0 4.520600838397985 1.3790081848081919 40.0 
288.0 344.0 4.520600838397985 1.3790081848081919 40.0 
288.0 345.0 4.520600838397985 1.3790081848081919 40.0 
289.0 320.0 4.520600838397985 1.3790081848081919 40.0 
289.0 321.0 4.520600838397985 1.3790081848081919 40.0 
289.0 322.0 4.520600838397985 1.3790081848081919 40.0 
289.0 323.0 4.520600838397985 1.3790081848081919 40.0 
289.0 324.0 4.520600838397985 1.3790081848081919 40.0 
289.0 325.0 4.520600838397985 1.3790081848081919 40.0 
289.0 326.0 4.520600838397985 1.3790081848081919 40.0 
289.0 327.0 4.520600838397985 1.3790081848081919 40.0 
289.0 328.0 4.520600838397985 1.3790081848081919 40.0 
289.0 329.0 4.520600838397985 1.3790081848081919 40.0 
289.0 330.0 4.520600838397985 1.3790081848081919 40.0 
289.0 331.0 4.520600838397985 1.3790081848081919 40.0 
289.0 332.0 4.520600838397985 1.3790081848081919 40.0 
289.0 333.0 4.520600838397985 1.3790081848081919 40.0 
289.0 334.0 4.520600838397985 1.3790081848081919 40.0 
289.0 335.0 4.520600838397985 1.3790081848081919 40.0 
289.0 336.0 4.520600838397985 1.3790081848081919 40.0 
289.0 337.0 4.520600838397985 1.3790081848081919 40.0 
289.0 338.0 4.520600838397985 1.3790081848081919 40.0 
289.0 339.0 4.520600838397985 1.3790081848081919 40.0 
289.0 340.0 4.520600838397985 1.3790081848081919 40.0 
289.0 341.0 4.520600838397985 1.3790081848081919 40.0 
289.0 342.0 4.520600838397985 1.3790081848081919 40.0 
289.0 343.0 4.520600838397985 1.3790081848081919 40.0 
289.0 344.0 4.520600838397985 1.3790081848081919 40.0 
289.0 345.0 4.520600838397985 1.3790081848081919 40.0 
289.0 346.0 4.520600838397985 1.3790081848081919 40.0 
289.0 347.0 4.520600838397985 1.3790081848081919 40.0 
289.0 348.0 4.520600838397985 1.3790081848081919 40.0 
289.0 349.0 4.520600838397985 1.3790081848081919 40.0 
289.0 350.0 4.520600838397985 1.3790081848081919 40.0 
289.0 351.0 4.520600838397985 1.3790081848081919 40.0 
290.0 325.0 4.520600838397985 1.3790081848081919 40.0 
290.0 326.0 4.520600838397985 1.3790081848081919 40.0 
290.0 327.0 4.520600838397985 1.3790081848081919 40.0 
290.0 328.0 4.520600838397985 1.3790081848081919 40.0 
290.0 329.0 4.520600838397985 1.3790081848081919 40.0 
290.0 330.0 4.520600838397985 1.3790081848081919 40.0 
290.0 331.0 4.520600838397985 1.3790081848081919 40.0 
290.0 332.0 4.520600838397985 1.3790081848081919 40.0 
290.0 333.0 4.520600838397985 1.3790081848081919 40.0 
290.0 334.0 4.520600838397985 1.3790081848081919 40.0 
290.0 335.0 4.520600838397985 1.3790081848081919 40.0 
290.0 336.0 4.520600838397985 1.3790081848081919 40.0 
290.0 337.0 4.520600838397985 1.3790081848081919 40.0 
290.0 338.0 4.520600838397985 1.3790081848081919 40.0 
290.0 339.0 4.520600838397985 1.3790081848081919 40.0 
290.0 340.0 4.520600838397985 1.3790081848081919 40.0 
290.0 341.0 4.520600838397985 1.3790081848081919 40.0 
290.0 342.0 4.520600838397985 1.3790081848081919 40.0 
290.0 343.0 4.520600838397985 1.3790081848081919 40.0 
290.0 344.0 4.520600838397985 1.3790081848081919 40.0 
290.0 345.0 4.520600838397985 1.3790081848081919 40.0 
290.0 346.0 4.520600838397985 1.3790081848081919 40.0 
290.0 347.0 4.520600838397985 1.3790081848081919 40.0 
290.0 348.0 4.520600838397985 1.3790081848081919 40.0 
290.0 349.0 4.520600838397985 1.3790081848081919 40.0 
290.0 350.0 4.520600838397985 1.3790081848081919 40.0 
290.0 351.0 4.520600838397985 1.3790081848081919 40.0 
290.0 352.0 4.520600838397985 1.3790081848081919 40.0 
290.0 353.0 4.520600838397985 1.3790081848081919 40.0 
290.0 354.0 4.520600838397985 1.3790081848081919 40.0 
290.0 355.0 4.520600838397985 1.3790081848081919 40.0 
290.0 356.0 4.520600838397985 1.3790081848081919 40.0 
291.0 330.0 4.520600838397985 1.3790081848081919 40.0 
291.0 331.0 4.520600838397985 1.3790081848081919 40.0 
291.0 332.0 4.520600838397985 1.3790081848081919 40.0 
291.0 333.0 4.520600838397985 1.3790081848081919 40.0 
291.0 334.0 4.520600838397985 1.3790081848081919 40.0 
291.0 335.0 4.520600838397985 1.3790081848081919 40.0 
291.0 336.0 4.520600838397985 1.3790081848081919 40.0 
291.0 337.0 4.520600838397985 1.3790081848081919 40.0 
291.0 338.0 4.520600838397985 1.3790081848081919 40.0 
291.0 339.0 4.520600838397985 1.3790081848081919 40.0 
291.0 340.0 4.520600838397985 1.3790081848081919 40.0 
291.0 341.0 4.520600838397985 1.3790081848081919 40.0 
291.0 342.0 4.520600838397985 1.3790081848081919 40.0 
291.0 343.0 4.520600838397985 1.3790081848081919 40.0 
291.0 344.0 4.520600838397985 1.3790081848081919 40.0 
291.0 345.0 4.520600838397985 1.3790081848081919 40.0 
291.0 346.0 4.520600838397985 1.3790081848081919 40.0 
291.0 347.0 4.520600838397985 1.3790081848081919 40.0 
291.0 348.0 4.520600838397985 1.3790081848081919 40.0 
291.0 349.0 4.520600838397985 1.3790081848081919 40.0 
291.0 350.0 4.520600838397985 1.3790081848081919 40.0 
291.0 351.0 4.520600838397985 1.3790081848081919 40.0 
291.0 352.0 4.520600838397985 1.3790081848081919 40.0 
291.0 353.0 4.520600838397985 1.3790081848081919 40.0 
291.0 354.0 4.520600838397985 1.3790081848081919 40.0 
291.0 355.0 4.520600838397985 1.3790081848081919 40.0 
291.0 356.0 4.520600838397985 1.3790081848081919 40.0 
291.0 357.0 4.520600838397985 1.3790081848081919 40.0 
291.0 358.0 4.520600838397985 1.3790081848081919 40.0 
291.0 359.0 4.520600838397985 1.3790081848081919 40.0 
291.0 360.0 4.520600838397985 1.3790081848081919 40.0 
291.0 361.0 4.520600838397985 1.3790081848081919 40.0 
292.0 336.0 4.520600838397985 1.3790081848081919 40.0 
292.0 337.0 4.520600838397985 1.3790081848081919 40.0 
292.0 338.0 4.520600838397985 1.3790081848081919 40.0 
292.0 339.0 4.520600838397985 1.3790081848081919 40.0 
292.0 340.0 4.520600838397985 1.3790081848081919 40.0 
292.0 341.0 4.520600838397985 1.3790081848081919 40.0 
292.0 342.0 4.520600838397985 1.3790081848081919 40.0 
292.0 343.0 4.520600838397985 1.3790081848081919 40.0 
292.0 344.0 4.520600838397985 1.3790081848081919 40.0 
292.0 345.0 4.520600838397985 1.3790081848081919 40.0 
292.0 346.0 4.520600838397985 1.3790081848081919 40.0 
292.0 347.0 4.520600838397985 1.3790081848081919 40.0 
292.0 348.0 4.520600838397985 1.3790081848081919 40.0 
292.0 349.0 4.520600838397985 1.3790081848081919 40.0 
292.0 350.0 4.520600838397985 1.3790081848081919 40.0 
292.0 351.0 4.520600838397985 1.3790081848081919 40.0 
292.0 352.0 4.520600838397985 1.3790081848081919 40.0 
292.0 353.0 4.520600838397985 1.3790081848081919 40.0 
292.0 354.0 4.520600838397985 1.3790081848081919 40.0 
292.0 355.0 4.520600838397985 1.3790081848081919 40.0 
292.0 356.0 4.520600838397985 1.3790081848081919 40.0 
292.0 357.0 4.520600838397985 1.3790081848081919 40.0 
292.0 358.0 4.520600838397985 1.3790081848081919 40.0 
292.0 359.0 4.520600838397985 1.3790081848081919 40.0 
292.0 360.0 4.520600838397985 1.3790081848081919 40.0 
292.0 361.0 4.520600838397985 1.3790081848081919 40.0 
292.0 362.0 4.520600838397985 1.3790081848081919 40.0 
292.0 363.0 4.520600838397985 1.3790081848081919 40.0 
292.0 364.0 4.520600838397985 1.3790081848081919 40.0 
292.0 365.0 4.520600838397985 1.3790081848081919 40.0 
292.0 366.0 4.520600838397985 1.3790081848081919 40.0 
293.0 341.0 4.520600838397985 1.3790081848081919 40.0 
293.0 342.0 4.520600838397985 1.3790081848081919 40.0 
293.0 343.0 4.520600838397985 1.3790081848081919 40.0 
293.0 344.0 4.520600838397985 1.3790081848081919 40.0 
293.0 345.0 4.520600838397985 1.3790081848081919 40.0 
293.0 346.0 4.520600838397985 1.3790081848081919 40.0 
293.0 347.0 4.520600838397985 1.3790081848081919 40.0 
293.0 348.0 4.520600838397985 1.3790081848081919 40.0 
293.0 349.0 4.520600838397985 1.3790081848081919 40.0 
293.0 350.0 4.520600838397985 1.3790081848081919 40.0 
293.0 351.0 4.520600838397985 1.3790081848081919 40.0 
293.0 352.0 4.520600838397985 1.3790081848081919 40.0 
293.0 353.0 4.520600838397985 1.3790081848081919 40.0 
293.0 354.0 4.520600838397985 1.3790081848081919 40.0 
293.0 355.0 4.520600838397985 1.3790081848081919 40.0 
293.0 356.0 4.520600838397985 1.3790081848081919 40.0 
293.0 357.0 4.520600838397985 1.3790081848081919 40.0 
293.0 358.0 4.520600838397985 1.3790081848081919 40.0 
293.0 359.0 4.520600838397985 1.3790081848081919 40.0 
293.0 360.0 4.520600838397985 1.3790081848081919 40.0 
293.0 361.0 4.520600838397985 1.3790081848081919 40.0 
293.0 362.0 4.520600838397985 1.3790081848081919 40.0 
293.0 363.0 4.520600838397985 1.3790081848081919 40.0 
293.0 364.0 4.520600838397985 1.3790081848081919 40.0 
293.0 365.0 4.520600838397985 1.3790081848081919 40.0 
293.0 366.0 4.520600838397985 1.3790081848081919 40.0 
293.0 367.0 4.520600838397985 1.3790081848081919 40.0 
293.0 368.0 4.520600838397985 1.3790081848081919 40.0 
293.0 369.0 4.520600838397985 1.3790081848081919 40.0 
293.0 370.0 4.520600838397985 1.3790081848081919 40.0 
293.0 371.0 4.520600838397985 1.3790081848081919 40.0 
294.0 346.0 4.520600838397985 1.3790081848081919 40.0 
294.0 347.0 4.520600838397985 1.3790081848081919 40.0 
294.0 348.0 4.520600838397985 1.3790081848081919 40.0 
294.0 349.0 4.520600838397985 1.3790081848081919 40.0 
294.0 350.0 4.520600838397985 1.3790081848081919 40.0 
294.0 351.0 4.520600838397985 1.3790081848081919 40.0 
294.0 352.0 4.520600838397985 1.3790081848081919 40.0 
294.0 353.0 4.520600838397985 1.3790081848081919 40.0 
294.0 354.0 4.520600838397985 1.3790081848081919 40.0 
294.0 355.0 4.520600838397985 1.3790081848081919 40.0 
294.0 356.0 4.520600838397985 1.3790081848081919 40.0 
294.0 357.0 4.520600838397985 1.3790081848081919 40.0 
294.0 358.0 4.520600838397985 1.3790081848081919 40.0 
294.0 359.0 4.520600838397985 1.3790081848081919 40.0 
294.0 360.0 4.520600838397985 1.3790081848081919 40.0 
294.0 361.0 4.520600838397985 1.3790081848081919 40.0 
294.0 362.0 4.520600838397985 1.3790081848081919 40.0 
294.0 363.0 4.520600838397985 1.3790081848081919 40.0 
294.0 364.0 4.520600838397985 1.3790081848081919 40.0 
294.0 365.0 4.520600838397985 1.3790081848081919 40.0 
294.0 366.0 4.520600838397985 1.3790081848081919 40.0 
294.0 367.0 4.520600838397985 1.3790081848081919 40.0 
294.0 368.0 4.520600838397985 1.3790081848081919 40.0 
294.0 369.0 4.520600838397985 1.3790081848081919 40.0 
294.0 370.0 4.520600838397985 1.3790081848081919 40.0 
294.0 371.0 4.520600838397985 1.3790081848081919 40.0 
294.0 372.0 4.520600838397985 1.3790081848081919 40.0 
294.0 373.0 4.520600838397985 1.3790081848081919 40.0 
294.0 374.0 4.520600838397985 1.3790081848081919 40.0 
294.0 375.0 4.520600838397985 1.3790081848081919 40.0 
294.0 376.0 4.520600838397985 1.3790081848081919 40.0 
295.0 351.0 4.520600838397985 1.3790081848081919 40.0 
295.0 352.0 4.520600838397985 1.3790081848081919 40.0 
295.0 353.0 4.520600838397985 1.3790081848081919 40.0 
295.0 354.0 4.520600838397985 1.3790081848081919 40.0 
295.0 355.0 4.520600838397985 1.3790081848081919 40.0 
295.0 356.0 4.520600838397985 1.3790081848081919 40.0 
295.0 357.0 4.520600838397985 1.3790081848081919 40.0 
295.0 358.0 4.520600838397985 1.3790081848081919 40.0 
295.0 359.0 4.520600838397985 1.3790081848081919 40.0 
295.0 360.0 4.520600838397985 1.3790081848081919 40.0 
295.0 361.0 4.520600838397985 1.3790081848081919 40.0 
295.0 362.0 4.520600838397985 1.3790081848081919 40.0 
295.0 363.0 4.520600838397985 1.3790081848081919 40.0 
295.0 364.0 4.520600838397985 1.3790081848081919 40.0 
295.0 365.0 4.520600838397985 1.3790081848081919 40.0 
295.0 366.0 4.520600838397985 1.3790081848081919 40.0 
295.0 367.0 4.520600838397985 1.3790081848081919 40.0 
295.0 368.0 4.520600838397985 1.3790081848081919 40.0 
295.0 369.0 4.520600838397985 1.3790081848081919 40.0 
295.0 370.0 4.520600838397985 1.3790081848081919 40.0 
295.0 371.0 4.520600838397985 1.3790081848081919 40.0 
295.0 372.0 4.520600838397985 1.3790081848081919 40.0 
295.0 373.0 4.520600838397985 1.3790081848081919 40.0 
295.0 374.0 4.520600838397985 1.3790081848081919 40.0 
295.0 375.0 4.520600838397985 1.3790081848081919 40.0 
295.0 376.0 4.520600838397985 1.3790081848081919 40.0 
295.0 377.0 4.520600838397985 1.3790081848081919 40.0 
295.0 378.0 4.520600838397985 1.3790081848081919 40.0 
295.0 379.0 4.520600838397985 1.3790081848081919 40.0 
295.0 380.0 4.520600838397985 1.3790081848081919 40.0 
295.0 381.0 4.520600838397985 1.3790081848081919 40.0 
296.0 356.0 4.520600838397985 1.3790081848081919 40.0 
296.0 357.0 4.520600838397985 1.3790081848081919 40.0 
296.0 358.0 4.520600838397985 1.3790081848081919 40.0 
296.0 359.0 4.520600838397985 1.3790081848081919 40.0 
296.0 360.0 4.520600838397985 1.3790081848081919 40.0 
296.0 361.0 4.520600838397985 1.3790081848081919 40.0 
296.0 362.0 4.520600838397985 1.3790081848081919 40.0 
296.0 363.0 4.520600838397985 1.3790081848081919 40.0 
296.0 364.0 4.520600838397985 1.3790081848081919 40.0 
296.0 365.0 4.520600838397985 1.3790081848081919 40.0 
296.0 366.0 4.520600838397985 1.3790081848081919 40.0 
296.0 367.0 4.520600838397985 1.3790081848081919 40.0 
296.0 368.0 4.520600838397985 1.3790081848081919 40.0 
296.0 369.0 4.520600838397985 1.3790081848081919 40.0 
296.0 370.0 4.520600838397985 1.3790081848081919 40.0 
296.0 371.0 4.520600838397985 1.3790081848081919 40.0 
296.0 372.0 4.520600838397985 1.3790081848081919 40.0 
296.0 373.0 4.520600838397985 1.3790081848081919 40.0 
296.0 374.0 4.520600838397985 1.3790081848081919 40.0 
296.0 375.0 4.520600838397985 1.3790081848081919 40.0 
296.0 376.0 4.520600838397985 1.3790081848081919 40.0 
296.0 377.0 4.520600838397985 1.3790081848081919 40.0 
296.0 378.0 4.520600838397985 1.3790081848081919 40.0 
296.0 379.0 4.520600838397985 1.3790081848081919 40.0 
296.0 380.0 4.520600838397985 1.3790081848081919 40.0 
296.0 381.0 4.520600838397985 1.3790081848081919 40.0 
296.0 382.0 4.520600838397985 1.3790081848081919 40.0 
296.0 383.0 4.520600838397985 1.3790081848081919 40.0 
296.0 384.0 4.520600838397985 1.3790081848081919 40.0 
296.0 385.0 4.520600838397985 1.3790081848081919 40.0 
296.0 386.0 4.520600838397985 1.3790081848081919 40.0 
296.0 387.0 4.520600838397985 1.3790081848081919 40.0 
297.0 361.0 4.520600838397985 1.3790081848081919 40.0 
297.0 362.0 4.520600838397985 1.3790081848081919 40.0 
297.0 363.0 4.520600838397985 1.3790081848081919 40.0 
297.0 364.0 4.520600838397985 1.3790081848081919 40.0 
297.0 365.0 4.520600838397985 1.3790081848081919 40.0 
297.0 366.0 4.520600838397985 1.3790081848081919 40.0 
297.0 367.0 4.520600838397985 1.3790081848081919 40.0 
297.0 368.0 4.520600838397985 1.3790081848081919 40.0 
297.0 369.0 4.520600838397985 1.3790081848081919 40.0 
297.0 370.0 4.520600838397985 1.3790081848081919 40.0 
297.0 371.0 4.520600838397985 1.3790081848081919 40.0 
297.0 372.0 4.520600838397985 1.3790081848081919 40.0 
297.0 373.0 4.520600838397985 1.3790081848081919 40.0 
297.0 374.0 4.520600838397985 1.3790081848081919 40.0 
297.0 375.0 4.520600838397985 1.3790081848081919 40.0 
297.0 376.0 4.520600838397985 1.3790081848081919 40.0 
297.0 377.0 4.520600838397985 1.3790081848081919 40.0 
297.0 378.0 4.520600838397985 1.3790081848081919 40.0 
297.0 379.0 4.520600838397985 1.3790081848081919 40.0 
297.0 380.0 4.520600838397985 1.3790081848081919 40.0 
297.0 381.0 4.520600838397985 1.3790081848081919 40.0 
297.0 382.0 4.520600838397985 1.3790081848081919 40.0 
297.0 383.0 4.520600838397985 1.3790081848081919 40.0 
297.0 384.0 4.520600838397985 1.3790081848081919 40.0 
297.0 385.0 4.520600838397985 1.3790081848081919 40.0 
297.0 386.0 4.520600838397985 1.3790081848081919 40.0 
297.0 387.0 4.520600838397985 1.3790081848081919 40.0 
297.0 388.0 4.520600838397985 1.3790081848081919 40.0 
297.0 389.0 4.520600838397985 1.3790081848081919 40.0 
297.0 390.0 4.520600838397985 1.3790081848081919 40.0 
297.0 391.0 4.520600838397985 1.3790081848081919 40.0 
297.0 392.0 4.520600838397985 1.3790081848081919 40.0 
298.0 366.0 4.520600838397985 1.3790081848081919 40.0 
298.0 367.0 4.520600838397985 1.3790081848081919 40.0 
298.0 368.0 4.520600838397985 1.3790081848081919 40.0 
298.0 369.0 4.520600838397985 1.3790081848081919 40.0 
298.0 370.0 4.520600838397985 1.3790081848081919 40.0 
298.0 371.0 4.520600838397985 1.3790081848081919 40.0 
298.0 372.0 4.520600838397985 1.3790081848081919 40.0 
298.0 373.0 4.520600838397985 1.3790081848081919 40.0 
298.0 374.0 4.520600838397985 1.3790081848081919 40.0 
298.0 375.0 4.520600838397985 1.3790081848081919 40.0 
298.0 376.0 4.520600838397985 1.3790081848081919 40.0 
298.0 377.0 4.520600838397985 1.3790081848081919 40.0 
298.0 378.0 4.520600838397985 1.3790081848081919 40.0 
298.0 379.0 4.520600838397985 1.3790081848081919 40.0 
298.0 380.0 4.520600838397985 1.3790081848081919 40.0 
298.0 381.0 4.520600838397985 1.3790081848081919 40.0 
298.0 382.0 4.520600838397985 1.3790081848081919 40.0 
298.0 383.0 4.520600838397985 1.3790081848081919 40.0 
298.0 384.0 4.520600838397985 1.3790081848081919 40.0 
298.0 385.0 4.520600838397985 1.3790081848081919 40.0 
298.0 386.0 4.520600838397985 1.3790081848081919 40.0 
298.0 387.0 4.520600838397985 1.3790081848081919 40.0 
298.0 388.0 4.520600838397985 1.3790081848081919 40.0 
298.0 389.0 4.520600838397985 1.3790081848081919 40.0 
298.0 390.0 4.520600838397985 1.3790081848081919 40.0 
298.0 391.0 4.520600838397985 1.3790081848081919 40.0 
298.0 392.0 4.520600838397985 1.3790081848081919 40.0 
299.0 372.0 4.520600838397985 1.3790081848081919 40.0 
299.0 373.0 4.520600838397985 1.3790081848081919 40.0 
299.0 374.0 4.520600838397985 1.3790081848081919 40.0 
299.0 375.0 4.520600838397985 1.3790081848081919 40.0 
299.0 376.0 4.520600838397985 1.3790081848081919 40.0 
299.0 377.0 4.520600838397985 1.3790081848081919 40.0 
299.0 378.0 4.520600838397985 1.3790081848081919 40.0 
299.0 379.0 4.520600838397985 1.3790081848081919 40.0 
299.0 380.0 4.520600838397985 1.3790081848081919 40.0 
299.0 381.0 4.520600838397985 1.3790081848081919 40.0 
299.0 382.0 4.520600838397985 1.3790081848081919 40.0 
299.0 383.0 4.520600838397985 1.3790081848081919 40.0 
299.0 384.0 4.520600838397985 1.3790081848081919 40.0 
299.0 385.0 4.520600838397985 1.3790081848081919 40.0 
299.0 386.0 4.520600838397985 1.3790081848081919 40.0 
299.0 387.0 4.520600838397985 1.3790081848081919 40.0 
299.0 388.0 4.520600838397985 1.3790081848081919 40.0 
299.0 389.0 4.520600838397985 1.3790081848081919 40.0 
299.0 390.0 4.520600838397985 1.3790081848081919 40.0 
299.0 391.0 4.520600838397985 1.3790081848081919 40.0 
299.0 392.0 4.520600838397985 1.3790081848081919 40.0 
300.0 377.0 4.520600838397985 1.3790081848081919 40.0 
300.0 378.0 4.520600838397985 1.3790081848081919 40.0 
300.0 379.0 4.520600838397985 1.3790081848081919 40.0 
300.0 380.0 4.520600838397985 1.3790081848081919 40.0 
300.0 381.0 4.520600838397985 1.3790081848081919 40.0 
300.0 382.0 4.520600838397985 1.3790081848081919 40.0 
300.0 383.0 4.520600838397985 1.3790081848081919 40.0 
300.0 384.0 4.520600838397985 1.3790081848081919 40.0 
300.0 385.0 4.520600838397985 1.3790081848081919 40.0 
300.0 386.0 4.520600838397985 1.3790081848081919 40.0 
300.0 387.0 4.520600838397985 1.3790081848081919 40.0 
300.0 388.0 4.520600838397985 1.3790081848081919 40.0 
300.0 389.0 4.520600838397985 1.3790081848081919 40.0 
300.0 390.0 4.520600838397985 1.3790081848081919 40.0 
300.0 391.0 4.520600838397985 1.3790081848081919 40.0 
301.0 382.0 4.520600838397985 1.3790081848081919 40.0 
301.0 383.0 4.520600838397985 1.3790081848081919 40.0 
301.0 384.0 4.520600838397985 1.3790081848081919 40.0 
301.0 385.0 4.520600838397985 1.3790081848081919 40.0 
301.0 386.0 4.520600838397985 1.3790081848081919 40.0 
301.0 387.0 4.520600838397985 1.3790081848081919 40.0 
301.0 388.0 4.520600838397985 1.3790081848081919 40.0 
301.0 389.0 4.520600838397985 1.3790081848081919 40.0 
301.0 390.0 4.520600838397985 1.3790081848081919 40.0 
301.0 391.0 4.520600838397985 1.3790081848081919 40.0 
302.0 387.0 4.520600838397985 1.3790081848081919 40.0 
302.0 388.0 4.520600838397985 1.3790081848081919 40.0 
302.0 389.0 4.520600838397985 1.3790081848081919 40.0 
302.0 390.0 4.520600838397985 1.3790081848081919 40.0 
302.0 391.0 4.520600838397985 1.3790081848081919 40.0 
