288 282 32.0 
288 283 32.0 
288 284 32.0 
288 285 32.0 
288 286 32.0 
289 282 32.0 
289 283 32.0 
289 284 32.0 
289 285 32.0 
289 286 32.0 
290 282 32.0 
290 283 32.0 
290 284 32.0 
290 285 32.0 
290 286 32.0 
291 282 32.0 
291 283 32.0 
291 284 32.0 
291 285 32.0 
291 286 32.0 
292 282 32.0 
292 283 32.0 
292 284 32.0 
292 285 32.0 
292 286 32.0 
300.0 284.0 3.141592653589793 0.0 44.0 
300.0 285.0 3.141592653589793 0.0 44.0 
300.0 286.0 3.141592653589793 0.0 44.0 
300.0 287.0 3.141592653589793 0.0 44.0 
300.0 288.0 3.141592653589793 0.0 44.0 
300.0 289.0 3.141592653589793 0.0 44.0 
301.0 284.0 3.141592653589793 0.0 44.0 
301.0 285.0 3.141592653589793 0.0 44.0 
301.0 286.0 3.141592653589793 0.0 44.0 
301.0 287.0 3.141592653589793 0.0 44.0 
301.0 288.0 3.141592653589793 0.0 44.0 
301.0 289.0 3.141592653589793 0.0 44.0 
302.0 284.0 3.141592653589793 0.0 44.0 
302.0 285.0 3.141592653589793 0.0 44.0 
302.0 286.0 3.141592653589793 0.0 44.0 
302.0 287.0 3.141592653589793 0.0 44.0 
302.0 288.0 3.141592653589793 0.0 44.0 
302.0 289.0 3.141592653589793 0.0 44.0 
303.0 284.0 3.141592653589793 0.0 44.0 
303.0 285.0 3.141592653589793 0.0 44.0 
303.0 286.0 3.141592653589793 0.0 44.0 
303.0 287.0 3.141592653589793 0.0 44.0 
303.0 288.0 3.141592653589793 0.0 44.0 
303.0 289.0 3.141592653589793 0.0 44.0 
304.0 284.0 3.141592653589793 0.0 44.0 
304.0 285.0 3.141592653589793 0.0 44.0 
304.0 286.0 3.141592653589793 0.0 44.0 
304.0 287.0 3.141592653589793 0.0 44.0 
304.0 288.0 3.141592653589793 0.0 44.0 
304.0 289.0 3.141592653589793 0.0 44.0 
305.0 284.0 3.141592653589793 0.0 44.0 
305.0 285.0 3.141592653589793 0.0 44.0 
305.0 286.0 3.141592653589793 0.0 44.0 
305.0 287.0 3.141592653589793 0.0 44.0 
305.0 288.0 3.141592653589793 0.0 44.0 
305.0 289.0 3.141592653589793 0.0 44.0 
306.0 284.0 3.141592653589793 0.0 44.0 
306.0 285.0 3.141592653589793 0.0 44.0 
306.0 286.0 3.141592653589793 0.0 44.0 
306.0 287.0 3.141592653589793 0.0 44.0 
306.0 288.0 3.141592653589793 0.0 44.0 
306.0 289.0 3.141592653589793 0.0 44.0 
307.0 284.0 3.141592653589793 0.0 44.0 
307.0 285.0 3.141592653589793 0.0 44.0 
307.0 286.0 3.141592653589793 0.0 44.0 
307.0 287.0 3.141592653589793 0.0 44.0 
307.0 288.0 3.141592653589793 0.0 44.0 
307.0 289.0 3.141592653589793 0.0 44.0 
308.0 284.0 3.141592653589793 0.0 44.0 
308.0 285.0 3.141592653589793 0.0 44.0 
308.0 286.0 3.141592653589793 0.0 44.0 
308.0 287.0 3.141592653589793 0.0 44.0 
308.0 288.0 3.141592653589793 0.0 44.0 
308.0 289.0 3.141592653589793 0.0 44.0 
309.0 284.0 3.141592653589793 0.0 44.0 
309.0 285.0 3.141592653589793 0.0 44.0 
309.0 286.0 3.141592653589793 0.0 44.0 
309.0 287.0 3.141592653589793 0.0 44.0 
309.0 288.0 3.141592653589793 0.0 44.0 
309.0 289.0 3.141592653589793 0.0 44.0 
310.0 284.0 3.141592653589793 0.0 44.0 
310.0 285.0 3.141592653589793 0.0 44.0 
310.0 286.0 3.141592653589793 0.0 44.0 
310.0 287.0 3.141592653589793 0.0 44.0 
310.0 288.0 3.141592653589793 0.0 44.0 
310.0 289.0 3.141592653589793 0.0 44.0 
311.0 284.0 3.141592653589793 0.0 44.0 
311.0 285.0 3.141592653589793 0.0 44.0 
311.0 286.0 3.141592653589793 0.0 44.0 
311.0 287.0 3.141592653589793 0.0 44.0 
311.0 288.0 3.141592653589793 0.0 44.0 
311.0 289.0 3.141592653589793 0.0 44.0 
312.0 284.0 3.141592653589793 0.0 44.0 
312.0 285.0 3.141592653589793 0.0 44.0 
312.0 286.0 3.141592653589793 0.0 44.0 
312.0 287.0 3.141592653589793 0.0 44.0 
312.0 288.0 3.141592653589793 0.0 44.0 
312.0 289.0 3.141592653589793 0.0 44.0 
313.0 284.0 3.141592653589793 0.0 44.0 
313.0 285.0 3.141592653589793 0.0 44.0 
313.0 286.0 3.141592653589793 0.0 44.0 
313.0 287.0 3.141592653589793 0.0 44.0 
313.0 288.0 3.141592653589793 0.0 44.0 
313.0 289.0 3.141592653589793 0.0 44.0 
314.0 284.0 3.141592653589793 0.0 44.0 
314.0 285.0 3.141592653589793 0.0 44.0 
314.0 286.0 3.141592653589793 0.0 44.0 
314.0 287.0 3.141592653589793 0.0 44.0 
314.0 288.0 3.141592653589793 0.0 44.0 
314.0 289.0 3.141592653589793 0.0 44.0 
315.0 284.0 3.141592653589793 0.0 44.0 
315.0 285.0 3.141592653589793 0.0 44.0 
315.0 286.0 3.141592653589793 0.0 44.0 
315.0 287.0 3.141592653589793 0.0 44.0 
315.0 288.0 3.141592653589793 0.0 44.0 
315.0 289.0 3.141592653589793 0.0 44.0 
316.0 284.0 3.141592653589793 0.0 44.0 
316.0 285.0 3.141592653589793 0.0 44.0 
316.0 286.0 3.141592653589793 0.0 44.0 
316.0 287.0 3.141592653589793 0.0 44.0 
316.0 288.0 3.141592653589793 0.0 44.0 
316.0 289.0 3.141592653589793 0.0 44.0 
317.0 284.0 3.141592653589793 0.0 44.0 
317.0 285.0 3.141592653589793 0.0 44.0 
317.0 286.0 3.141592653589793 0.0 44.0 
317.0 287.0 3.141592653589793 0.0 44.0 
317.0 288.0 3.141592653589793 0.0 44.0 
317.0 289.0 3.141592653589793 0.0 44.0 
318.0 284.0 3.141592653589793 0.0 44.0 
318.0 285.0 3.141592653589793 0.0 44.0 
318.0 286.0 3.141592653589793 0.0 44.0 
318.0 287.0 3.141592653589793 0.0 44.0 
318.0 288.0 3.141592653589793 0.0 44.0 
318.0 289.0 3.141592653589793 0.0 44.0 
319.0 284.0 3.141592653589793 0.0 44.0 
319.0 285.0 3.141592653589793 0.0 44.0 
319.0 286.0 3.141592653589793 0.0 44.0 
319.0 287.0 3.141592653589793 0.0 44.0 
319.0 288.0 3.141592653589793 0.0 44.0 
319.0 289.0 3.141592653589793 0.0 44.0 
320.0 284.0 3.141592653589793 0.0 44.0 
320.0 285.0 3.141592653589793 0.0 44.0 
320.0 286.0 3.141592653589793 0.0 44.0 
320.0 287.0 3.141592653589793 0.0 44.0 
320.0 288.0 3.141592653589793 0.0 44.0 
320.0 289.0 3.141592653589793 0.0 44.0 
321.0 284.0 3.141592653589793 0.0 44.0 
321.0 285.0 3.141592653589793 0.0 44.0 
321.0 286.0 3.141592653589793 0.0 44.0 
321.0 287.0 3.141592653589793 0.0 44.0 
321.0 288.0 3.141592653589793 0.0 44.0 
321.0 289.0 3.141592653589793 0.0 44.0 
322.0 284.0 3.141592653589793 0.0 44.0 
322.0 285.0 3.141592653589793 0.0 44.0 
322.0 286.0 3.141592653589793 0.0 44.0 
322.0 287.0 3.141592653589793 0.0 44.0 
322.0 288.0 3.141592653589793 0.0 44.0 
322.0 289.0 3.141592653589793 0.0 44.0 
323.0 284.0 3.141592653589793 0.0 44.0 
323.0 285.0 3.141592653589793 0.0 44.0 
323.0 286.0 3.141592653589793 0.0 44.0 
323.0 287.0 3.141592653589793 0.0 44.0 
323.0 288.0 3.141592653589793 0.0 44.0 
323.0 289.0 3.141592653589793 0.0 44.0 
324.0 284.0 3.141592653589793 0.0 44.0 
324.0 285.0 3.141592653589793 0.0 44.0 
324.0 286.0 3.141592653589793 0.0 44.0 
324.0 287.0 3.141592653589793 0.0 44.0 
324.0 288.0 3.141592653589793 0.0 44.0 
324.0 289.0 3.141592653589793 0.0 44.0 
