238.0 276.0 2.80149553408003 5.943088187669824 28.0 
238.0 277.0 2.80149553408003 5.943088187669824 28.0 
238.0 278.0 2.80149553408003 5.943088187669824 28.0 
239.0 276.0 2.80149553408003 5.943088187669824 28.0 
239.0 277.0 2.80149553408003 5.943088187669824 28.0 
239.0 278.0 2.80149553408003 5.943088187669824 28.0 
239.0 279.0 2.80149553408003 5.943088187669824 28.0 
239.0 280.0 2.80149553408003 5.943088187669824 28.0 
239.0 281.0 2.80149553408003 5.943088187669824 28.0 
240.0 276.0 2.80149553408003 5.943088187669824 28.0 
240.0 277.0 2.80149553408003 5.943088187669824 28.0 
240.0 278.0 2.80149553408003 5.943088187669824 28.0 
240.0 279.0 2.80149553408003 5.943088187669824 28.0 
240.0 280.0 2.80149553408003 5.943088187669824 28.0 
240.0 281.0 2.80149553408003 5.943088187669824 28.0 
241.0 275.0 2.80149553408003 5.943088187669824 28.0 
241.0 276.0 2.80149553408003 5.943088187669824 28.0 
241.0 277.0 2.80149553408003 5.943088187669824 28.0 
241.0 278.0 2.80149553408003 5.943088187669824 28.0 
241.0 279.0 2.80149553408003 5.943088187669824 28.0 
241.0 280.0 2.80149553408003 5.943088187669824 28.0 
241.0 281.0 2.80149553408003 5.943088187669824 28.0 
242.0 275.0 2.80149553408003 5.943088187669824 28.0 
242.0 276.0 2.80149553408003 5.943088187669824 28.0 
242.0 277.0 2.80149553408003 5.943088187669824 28.0 
242.0 278.0 2.80149553408003 5.943088187669824 28.0 
242.0 279.0 2.80149553408003 5.943088187669824 28.0 
242.0 280.0 2.80149553408003 5.943088187669824 28.0 
243.0 275.0 2.80149553408003 5.943088187669824 28.0 
243.0 276.0 2.80149553408003 5.943088187669824 28.0 
243.0 277.0 2.80149553408003 5.943088187669824 28.0 
243.0 278.0 2.80149553408003 5.943088187669824 28.0 
243.0 279.0 2.80149553408003 5.943088187669824 28.0 
243.0 280.0 2.80149553408003 5.943088187669824 28.0 
244.0 274.0 2.80149553408003 5.943088187669824 28.0 
244.0 275.0 2.80149553408003 5.943088187669824 28.0 
244.0 276.0 2.80149553408003 5.943088187669824 28.0 
244.0 277.0 2.80149553408003 5.943088187669824 28.0 
244.0 278.0 2.80149553408003 5.943088187669824 28.0 
244.0 279.0 2.80149553408003 5.943088187669824 28.0 
244.0 280.0 2.80149553408003 5.943088187669824 28.0 
245.0 274.0 2.80149553408003 5.943088187669824 28.0 
245.0 275.0 2.80149553408003 5.943088187669824 28.0 
245.0 276.0 2.80149553408003 5.943088187669824 28.0 
245.0 277.0 2.80149553408003 5.943088187669824 28.0 
245.0 278.0 2.80149553408003 5.943088187669824 28.0 
245.0 279.0 2.80149553408003 5.943088187669824 28.0 
246.0 273.0 2.80149553408003 5.943088187669824 28.0 
246.0 274.0 2.80149553408003 5.943088187669824 28.0 
246.0 275.0 2.80149553408003 5.943088187669824 28.0 
246.0 276.0 2.80149553408003 5.943088187669824 28.0 
246.0 277.0 2.80149553408003 5.943088187669824 28.0 
246.0 278.0 2.80149553408003 5.943088187669824 28.0 
246.0 279.0 2.80149553408003 5.943088187669824 28.0 
247.0 273.0 2.80149553408003 5.943088187669824 28.0 
247.0 274.0 2.80149553408003 5.943088187669824 28.0 
247.0 275.0 2.80149553408003 5.943088187669824 28.0 
247.0 276.0 2.80149553408003 5.943088187669824 28.0 
247.0 277.0 2.80149553408003 5.943088187669824 28.0 
247.0 278.0 2.80149553408003 5.943088187669824 28.0 
248.0 273.0 2.80149553408003 5.943088187669824 28.0 
248.0 274.0 2.80149553408003 5.943088187669824 28.0 
248.0 275.0 2.80149553408003 5.943088187669824 28.0 
248.0 276.0 2.80149553408003 5.943088187669824 28.0 
248.0 277.0 2.80149553408003 5.943088187669824 28.0 
248.0 278.0 2.80149553408003 5.943088187669824 28.0 
249.0 272.0 2.80149553408003 5.943088187669824 28.0 
249.0 273.0 2.80149553408003 5.943088187669824 28.0 
249.0 274.0 2.80149553408003 5.943088187669824 28.0 
249.0 275.0 2.80149553408003 5.943088187669824 28.0 
249.0 276.0 2.80149553408003 5.943088187669824 28.0 
249.0 277.0 2.80149553408003 5.943088187669824 28.0 
249.0 278.0 2.80149553408003 5.943088187669824 28.0 
250.0 272.0 2.80149553408003 5.943088187669824 28.0 
250.0 273.0 2.80149553408003 5.943088187669824 28.0 
250.0 274.0 2.80149553408003 5.943088187669824 28.0 
250.0 275.0 2.80149553408003 5.943088187669824 28.0 
250.0 276.0 2.80149553408003 5.943088187669824 28.0 
250.0 277.0 2.80149553408003 5.943088187669824 28.0 
251.0 272.0 2.80149553408003 5.943088187669824 28.0 
251.0 273.0 2.80149553408003 5.943088187669824 28.0 
251.0 274.0 2.80149553408003 5.943088187669824 28.0 
251.0 275.0 2.80149553408003 5.943088187669824 28.0 
251.0 276.0 2.80149553408003 5.943088187669824 28.0 
251.0 277.0 2.80149553408003 5.943088187669824 28.0 
252.0 271.0 2.80149553408003 5.943088187669824 28.0 
252.0 272.0 2.80149553408003 5.943088187669824 28.0 
252.0 273.0 2.80149553408003 5.943088187669824 28.0 
252.0 274.0 2.80149553408003 5.943088187669824 28.0 
252.0 275.0 2.80149553408003 5.943088187669824 28.0 
252.0 276.0 2.80149553408003 5.943088187669824 28.0 
252.0 277.0 2.80149553408003 5.943088187669824 28.0 
253.0 271.0 2.80149553408003 5.943088187669824 28.0 
253.0 272.0 2.80149553408003 5.943088187669824 28.0 
253.0 273.0 2.80149553408003 5.943088187669824 28.0 
253.0 274.0 2.80149553408003 5.943088187669824 28.0 
253.0 275.0 2.80149553408003 5.943088187669824 28.0 
253.0 276.0 2.80149553408003 5.943088187669824 28.0 
254.0 271.0 2.80149553408003 5.943088187669824 28.0 
254.0 272.0 2.80149553408003 5.943088187669824 28.0 
254.0 273.0 2.80149553408003 5.943088187669824 28.0 
254.0 274.0 2.80149553408003 5.943088187669824 28.0 
254.0 275.0 2.80149553408003 5.943088187669824 28.0 
254.0 276.0 2.80149553408003 5.943088187669824 28.0 
255.0 270.0 2.80149553408003 5.943088187669824 28.0 
255.0 271.0 2.80149553408003 5.943088187669824 28.0 
255.0 272.0 2.80149553408003 5.943088187669824 28.0 
255.0 273.0 2.80149553408003 5.943088187669824 28.0 
255.0 274.0 2.80149553408003 5.943088187669824 28.0 
255.0 275.0 2.80149553408003 5.943088187669824 28.0 
255.0 276.0 2.80149553408003 5.943088187669824 28.0 
256.0 270.0 2.80149553408003 5.943088187669824 28.0 
256.0 271.0 2.80149553408003 5.943088187669824 28.0 
256.0 272.0 2.80149553408003 5.943088187669824 28.0 
256.0 273.0 2.80149553408003 5.943088187669824 28.0 
256.0 274.0 2.80149553408003 5.943088187669824 28.0 
256.0 275.0 2.80149553408003 5.943088187669824 28.0 
257.0 270.0 2.80149553408003 5.943088187669824 28.0 
257.0 271.0 2.80149553408003 5.943088187669824 28.0 
257.0 272.0 2.80149553408003 5.943088187669824 28.0 
257.0 273.0 2.80149553408003 5.943088187669824 28.0 
257.0 274.0 2.80149553408003 5.943088187669824 28.0 
257.0 275.0 2.80149553408003 5.943088187669824 28.0 
258.0 269.0 2.80149553408003 5.943088187669824 28.0 
258.0 270.0 2.80149553408003 5.943088187669824 28.0 
258.0 271.0 2.80149553408003 5.943088187669824 28.0 
258.0 272.0 2.80149553408003 5.943088187669824 28.0 
258.0 273.0 2.80149553408003 5.943088187669824 28.0 
258.0 274.0 2.80149553408003 5.943088187669824 28.0 
258.0 275.0 2.80149553408003 5.943088187669824 28.0 
259.0 269.0 2.80149553408003 5.943088187669824 28.0 
259.0 270.0 2.80149553408003 5.943088187669824 28.0 
259.0 271.0 2.80149553408003 5.943088187669824 28.0 
259.0 272.0 2.80149553408003 5.943088187669824 28.0 
259.0 273.0 2.80149553408003 5.943088187669824 28.0 
259.0 274.0 2.80149553408003 5.943088187669824 28.0 
260.0 269.0 2.80149553408003 5.943088187669824 28.0 
260.0 270.0 2.80149553408003 5.943088187669824 28.0 
260.0 271.0 2.80149553408003 5.943088187669824 28.0 
260.0 272.0 2.80149553408003 5.943088187669824 28.0 
260.0 273.0 2.80149553408003 5.943088187669824 28.0 
260.0 274.0 2.80149553408003 5.943088187669824 28.0 
261.0 268.0 2.80149553408003 5.943088187669824 28.0 
261.0 269.0 2.80149553408003 5.943088187669824 28.0 
261.0 270.0 2.80149553408003 5.943088187669824 28.0 
261.0 271.0 2.80149553408003 5.943088187669824 28.0 
261.0 272.0 2.80149553408003 5.943088187669824 28.0 
261.0 273.0 2.80149553408003 5.943088187669824 28.0 
261.0 274.0 2.80149553408003 5.943088187669824 28.0 
262.0 268.0 2.80149553408003 5.943088187669824 28.0 
262.0 269.0 2.80149553408003 5.943088187669824 28.0 
262.0 270.0 2.80149553408003 5.943088187669824 28.0 
262.0 271.0 2.80149553408003 5.943088187669824 28.0 
262.0 272.0 2.80149553408003 5.943088187669824 28.0 
262.0 273.0 2.80149553408003 5.943088187669824 28.0 
263.0 267.0 2.80149553408003 5.943088187669824 28.0 
263.0 268.0 2.80149553408003 5.943088187669824 28.0 
263.0 269.0 2.80149553408003 5.943088187669824 28.0 
263.0 270.0 2.80149553408003 5.943088187669824 28.0 
263.0 271.0 2.80149553408003 5.943088187669824 28.0 
263.0 272.0 2.80149553408003 5.943088187669824 28.0 
263.0 273.0 2.80149553408003 5.943088187669824 28.0 
264.0 267.0 2.80149553408003 5.943088187669824 28.0 
264.0 268.0 2.80149553408003 5.943088187669824 28.0 
264.0 269.0 2.80149553408003 5.943088187669824 28.0 
264.0 270.0 2.80149553408003 5.943088187669824 28.0 
264.0 271.0 2.80149553408003 5.943088187669824 28.0 
264.0 272.0 2.80149553408003 5.943088187669824 28.0 
265.0 267.0 2.80149553408003 5.943088187669824 28.0 
265.0 268.0 2.80149553408003 5.943088187669824 28.0 
265.0 269.0 2.80149553408003 5.943088187669824 28.0 
265.0 270.0 2.80149553408003 5.943088187669824 28.0 
265.0 271.0 2.80149553408003 5.943088187669824 28.0 
265.0 272.0 2.80149553408003 5.943088187669824 28.0 
266.0 266.0 2.80149553408003 5.943088187669824 28.0 
266.0 267.0 2.80149553408003 5.943088187669824 28.0 
266.0 268.0 2.80149553408003 5.943088187669824 28.0 
266.0 269.0 2.80149553408003 5.943088187669824 28.0 
266.0 270.0 2.80149553408003 5.943088187669824 28.0 
266.0 271.0 2.80149553408003 5.943088187669824 28.0 
266.0 272.0 2.80149553408003 5.943088187669824 28.0 
267.0 266.0 2.80149553408003 5.943088187669824 28.0 
267.0 267.0 2.80149553408003 5.943088187669824 28.0 
267.0 268.0 2.80149553408003 5.943088187669824 28.0 
267.0 269.0 2.80149553408003 5.943088187669824 28.0 
267.0 270.0 2.80149553408003 5.943088187669824 28.0 
267.0 271.0 2.80149553408003 5.943088187669824 28.0 
268.0 266.0 2.80149553408003 5.943088187669824 28.0 
268.0 267.0 2.80149553408003 5.943088187669824 28.0 
268.0 268.0 2.80149553408003 5.943088187669824 28.0 
268.0 269.0 2.80149553408003 5.943088187669824 28.0 
268.0 270.0 2.80149553408003 5.943088187669824 28.0 
268.0 271.0 2.80149553408003 5.943088187669824 28.0 
269.0 265.0 2.80149553408003 5.943088187669824 28.0 
269.0 266.0 2.80149553408003 5.943088187669824 28.0 
269.0 267.0 2.80149553408003 5.943088187669824 28.0 
269.0 268.0 2.80149553408003 5.943088187669824 28.0 
269.0 269.0 2.80149553408003 5.943088187669824 28.0 
269.0 270.0 2.80149553408003 5.943088187669824 28.0 
269.0 271.0 2.80149553408003 5.943088187669824 28.0 
270.0 265.0 2.80149553408003 5.943088187669824 28.0 
270.0 266.0 2.80149553408003 5.943088187669824 28.0 
270.0 267.0 2.80149553408003 5.943088187669824 28.0 
270.0 268.0 2.80149553408003 5.943088187669824 28.0 
270.0 269.0 2.80149553408003 5.943088187669824 28.0 
270.0 270.0 2.80149553408003 5.943088187669824 28.0 
271.0 265.0 2.80149553408003 5.943088187669824 28.0 
271.0 266.0 2.80149553408003 5.943088187669824 28.0 
271.0 267.0 2.80149553408003 5.943088187669824 28.0 
271.0 268.0 2.80149553408003 5.943088187669824 28.0 
271.0 269.0 2.80149553408003 5.943088187669824 28.0 
271.0 270.0 2.80149553408003 5.943088187669824 28.0 
272.0 264.0 2.80149553408003 5.943088187669824 28.0 
272.0 265.0 2.80149553408003 5.943088187669824 28.0 
272.0 266.0 2.80149553408003 5.943088187669824 28.0 
272.0 267.0 2.80149553408003 5.943088187669824 28.0 
272.0 268.0 2.80149553408003 5.943088187669824 28.0 
272.0 269.0 2.80149553408003 5.943088187669824 28.0 
272.0 270.0 2.80149553408003 5.943088187669824 28.0 
273.0 264.0 2.80149553408003 5.943088187669824 28.0 
273.0 265.0 2.80149553408003 5.943088187669824 28.0 
273.0 266.0 2.80149553408003 5.943088187669824 28.0 
273.0 267.0 2.80149553408003 5.943088187669824 28.0 
273.0 268.0 2.80149553408003 5.943088187669824 28.0 
273.0 269.0 2.80149553408003 5.943088187669824 28.0 
274.0 264.0 2.80149553408003 5.943088187669824 28.0 
274.0 265.0 2.80149553408003 5.943088187669824 28.0 
274.0 266.0 2.80149553408003 5.943088187669824 28.0 
274.0 267.0 2.80149553408003 5.943088187669824 28.0 
274.0 268.0 2.80149553408003 5.943088187669824 28.0 
274.0 269.0 2.80149553408003 5.943088187669824 28.0 
275.0 263.0 2.80149553408003 5.943088187669824 28.0 
275.0 264.0 2.80149553408003 5.943088187669824 28.0 
275.0 265.0 2.80149553408003 5.943088187669824 28.0 
275.0 266.0 2.80149553408003 5.943088187669824 28.0 
275.0 267.0 2.80149553408003 5.943088187669824 28.0 
275.0 268.0 2.80149553408003 5.943088187669824 28.0 
275.0 269.0 2.80149553408003 5.943088187669824 28.0 
276.0 263.0 2.80149553408003 5.943088187669824 28.0 
276.0 264.0 2.80149553408003 5.943088187669824 28.0 
276.0 265.0 2.80149553408003 5.943088187669824 28.0 
276.0 266.0 2.80149553408003 5.943088187669824 28.0 
276.0 267.0 2.80149553408003 5.943088187669824 28.0 
276.0 268.0 2.80149553408003 5.943088187669824 28.0 
277.0 263.0 2.80149553408003 5.943088187669824 28.0 
277.0 264.0 2.80149553408003 5.943088187669824 28.0 
277.0 265.0 2.80149553408003 5.943088187669824 28.0 
277.0 266.0 2.80149553408003 5.943088187669824 28.0 
277.0 267.0 2.80149553408003 5.943088187669824 28.0 
277.0 268.0 2.80149553408003 5.943088187669824 28.0 
278.0 262.0 2.80149553408003 5.943088187669824 28.0 
278.0 263.0 2.80149553408003 5.943088187669824 28.0 
278.0 264.0 2.80149553408003 5.943088187669824 28.0 
278.0 265.0 2.80149553408003 5.943088187669824 28.0 
278.0 266.0 2.80149553408003 5.943088187669824 28.0 
278.0 267.0 2.80149553408003 5.943088187669824 28.0 
278.0 268.0 2.80149553408003 5.943088187669824 28.0 
279.0 262.0 2.80149553408003 5.943088187669824 28.0 
279.0 263.0 2.80149553408003 5.943088187669824 28.0 
279.0 264.0 2.80149553408003 5.943088187669824 28.0 
279.0 265.0 2.80149553408003 5.943088187669824 28.0 
279.0 266.0 2.80149553408003 5.943088187669824 28.0 
279.0 267.0 2.80149553408003 5.943088187669824 28.0 
280.0 261.0 2.80149553408003 5.943088187669824 28.0 
280.0 262.0 2.80149553408003 5.943088187669824 28.0 
280.0 263.0 2.80149553408003 5.943088187669824 28.0 
280.0 264.0 2.80149553408003 5.943088187669824 28.0 
280.0 265.0 2.80149553408003 5.943088187669824 28.0 
280.0 266.0 2.80149553408003 5.943088187669824 28.0 
280.0 267.0 2.80149553408003 5.943088187669824 28.0 
281.0 261.0 2.80149553408003 5.943088187669824 28.0 
281.0 262.0 2.80149553408003 5.943088187669824 28.0 
281.0 263.0 2.80149553408003 5.943088187669824 28.0 
281.0 264.0 2.80149553408003 5.943088187669824 28.0 
281.0 265.0 2.80149553408003 5.943088187669824 28.0 
281.0 266.0 2.80149553408003 5.943088187669824 28.0 
282.0 261.0 2.80149553408003 5.943088187669824 28.0 
282.0 262.0 2.80149553408003 5.943088187669824 28.0 
282.0 263.0 2.80149553408003 5.943088187669824 28.0 
282.0 264.0 2.80149553408003 5.943088187669824 28.0 
282.0 265.0 2.80149553408003 5.943088187669824 28.0 
282.0 266.0 2.80149553408003 5.943088187669824 28.0 
283.0 260.0 2.80149553408003 5.943088187669824 28.0 
283.0 261.0 2.80149553408003 5.943088187669824 28.0 
283.0 262.0 2.80149553408003 5.943088187669824 28.0 
283.0 263.0 2.80149553408003 5.943088187669824 28.0 
283.0 264.0 2.80149553408003 5.943088187669824 28.0 
283.0 265.0 2.80149553408003 5.943088187669824 28.0 
283.0 266.0 2.80149553408003 5.943088187669824 28.0 
284.0 260.0 2.80149553408003 5.943088187669824 28.0 
284.0 261.0 2.80149553408003 5.943088187669824 28.0 
284.0 262.0 2.80149553408003 5.943088187669824 28.0 
284.0 263.0 2.80149553408003 5.943088187669824 28.0 
284.0 264.0 2.80149553408003 5.943088187669824 28.0 
284.0 265.0 2.80149553408003 5.943088187669824 28.0 
285.0 260.0 2.80149553408003 5.943088187669824 28.0 
285.0 261.0 2.80149553408003 5.943088187669824 28.0 
285.0 262.0 2.80149553408003 5.943088187669824 28.0 
285.0 263.0 2.80149553408003 5.943088187669824 28.0 
285.0 264.0 2.80149553408003 5.943088187669824 28.0 
285.0 265.0 2.80149553408003 5.943088187669824 28.0 
286.0 259.0 2.80149553408003 5.943088187669824 28.0 
286.0 260.0 2.80149553408003 5.943088187669824 28.0 
286.0 261.0 2.80149553408003 5.943088187669824 28.0 
286.0 262.0 2.80149553408003 5.943088187669824 28.0 
286.0 263.0 2.80149553408003 5.943088187669824 28.0 
286.0 264.0 2.80149553408003 5.943088187669824 28.0 
286.0 265.0 2.80149553408003 5.943088187669824 28.0 
287.0 259.0 2.80149553408003 5.943088187669824 28.0 
287.0 260.0 2.80149553408003 5.943088187669824 28.0 
287.0 261.0 2.80149553408003 5.943088187669824 28.0 
287.0 262.0 2.80149553408003 5.943088187669824 28.0 
287.0 263.0 2.80149553408003 5.943088187669824 28.0 
287.0 264.0 2.80149553408003 5.943088187669824 28.0 
288.0 259.0 2.80149553408003 5.943088187669824 28.0 
288.0 260.0 2.80149553408003 5.943088187669824 28.0 
288.0 261.0 2.80149553408003 5.943088187669824 28.0 
288.0 262.0 2.80149553408003 5.943088187669824 28.0 
288.0 263.0 2.80149553408003 5.943088187669824 28.0 
288.0 264.0 2.80149553408003 5.943088187669824 28.0 
289.0 258.0 2.80149553408003 5.943088187669824 28.0 
289.0 259.0 2.80149553408003 5.943088187669824 28.0 
289.0 260.0 2.80149553408003 5.943088187669824 28.0 
289.0 261.0 2.80149553408003 5.943088187669824 28.0 
289.0 262.0 2.80149553408003 5.943088187669824 28.0 
289.0 263.0 2.80149553408003 5.943088187669824 28.0 
289.0 264.0 2.80149553408003 5.943088187669824 28.0 
290.0 258.0 2.80149553408003 5.943088187669824 28.0 
290.0 259.0 2.80149553408003 5.943088187669824 28.0 
290.0 260.0 2.80149553408003 5.943088187669824 28.0 
290.0 261.0 2.80149553408003 5.943088187669824 28.0 
290.0 262.0 2.80149553408003 5.943088187669824 28.0 
290.0 263.0 2.80149553408003 5.943088187669824 28.0 
291.0 258.0 2.80149553408003 5.943088187669824 28.0 
291.0 259.0 2.80149553408003 5.943088187669824 28.0 
291.0 260.0 2.80149553408003 5.943088187669824 28.0 
291.0 261.0 2.80149553408003 5.943088187669824 28.0 
291.0 262.0 2.80149553408003 5.943088187669824 28.0 
291.0 263.0 2.80149553408003 5.943088187669824 28.0 
292.0 257.0 2.80149553408003 5.943088187669824 28.0 
292.0 258.0 2.80149553408003 5.943088187669824 28.0 
292.0 259.0 2.80149553408003 5.943088187669824 28.0 
292.0 260.0 2.80149553408003 5.943088187669824 28.0 
292.0 261.0 2.80149553408003 5.943088187669824 28.0 
292.0 262.0 2.80149553408003 5.943088187669824 28.0 
292.0 263.0 2.80149553408003 5.943088187669824 28.0 
293.0 257.0 2.80149553408003 5.943088187669824 28.0 
293.0 258.0 2.80149553408003 5.943088187669824 28.0 
293.0 259.0 2.80149553408003 5.943088187669824 28.0 
293.0 260.0 2.80149553408003 5.943088187669824 28.0 
293.0 261.0 2.80149553408003 5.943088187669824 28.0 
293.0 262.0 2.80149553408003 5.943088187669824 28.0 
294.0 257.0 2.80149553408003 5.943088187669824 28.0 
294.0 258.0 2.80149553408003 5.943088187669824 28.0 
294.0 259.0 2.80149553408003 5.943088187669824 28.0 
294.0 260.0 2.80149553408003 5.943088187669824 28.0 
294.0 261.0 2.80149553408003 5.943088187669824 28.0 
294.0 262.0 2.80149553408003 5.943088187669824 28.0 
295.0 256.0 2.80149553408003 5.943088187669824 28.0 
295.0 257.0 2.80149553408003 5.943088187669824 28.0 
295.0 258.0 2.80149553408003 5.943088187669824 28.0 
295.0 259.0 2.80149553408003 5.943088187669824 28.0 
295.0 260.0 2.80149553408003 5.943088187669824 28.0 
295.0 261.0 2.80149553408003 5.943088187669824 28.0 
295.0 262.0 2.80149553408003 5.943088187669824 28.0 
296.0 256.0 2.80149553408003 5.943088187669824 28.0 
296.0 257.0 2.80149553408003 5.943088187669824 28.0 
296.0 258.0 2.80149553408003 5.943088187669824 28.0 
296.0 259.0 2.80149553408003 5.943088187669824 28.0 
296.0 260.0 2.80149553408003 5.943088187669824 28.0 
296.0 261.0 2.80149553408003 5.943088187669824 28.0 
297.0 255.0 2.80149553408003 5.943088187669824 28.0 
297.0 256.0 2.80149553408003 5.943088187669824 28.0 
297.0 257.0 2.80149553408003 5.943088187669824 28.0 
297.0 258.0 2.80149553408003 5.943088187669824 28.0 
297.0 259.0 2.80149553408003 5.943088187669824 28.0 
297.0 260.0 2.80149553408003 5.943088187669824 28.0 
297.0 261.0 2.80149553408003 5.943088187669824 28.0 
298.0 255.0 2.80149553408003 5.943088187669824 28.0 
298.0 256.0 2.80149553408003 5.943088187669824 28.0 
298.0 257.0 2.80149553408003 5.943088187669824 28.0 
298.0 258.0 2.80149553408003 5.943088187669824 28.0 
298.0 259.0 2.80149553408003 5.943088187669824 28.0 
298.0 260.0 2.80149553408003 5.943088187669824 28.0 
299.0 255.0 2.80149553408003 5.943088187669824 28.0 
299.0 256.0 2.80149553408003 5.943088187669824 28.0 
299.0 257.0 2.80149553408003 5.943088187669824 28.0 
299.0 258.0 2.80149553408003 5.943088187669824 28.0 
299.0 259.0 2.80149553408003 5.943088187669824 28.0 
299.0 260.0 2.80149553408003 5.943088187669824 28.0 
300.0 254.0 2.80149553408003 5.943088187669824 28.0 
300.0 255.0 2.80149553408003 5.943088187669824 28.0 
300.0 256.0 2.80149553408003 5.943088187669824 28.0 
300.0 257.0 2.80149553408003 5.943088187669824 28.0 
300.0 258.0 2.80149553408003 5.943088187669824 28.0 
300.0 259.0 2.80149553408003 5.943088187669824 28.0 
300.0 260.0 2.80149553408003 5.943088187669824 28.0 
301.0 254.0 2.80149553408003 5.943088187669824 28.0 
301.0 255.0 2.80149553408003 5.943088187669824 28.0 
301.0 256.0 2.80149553408003 5.943088187669824 28.0 
301.0 257.0 2.80149553408003 5.943088187669824 28.0 
301.0 258.0 2.80149553408003 5.943088187669824 28.0 
301.0 259.0 2.80149553408003 5.943088187669824 28.0 
302.0 254.0 2.80149553408003 5.943088187669824 28.0 
302.0 255.0 2.80149553408003 5.943088187669824 28.0 
302.0 256.0 2.80149553408003 5.943088187669824 28.0 
302.0 257.0 2.80149553408003 5.943088187669824 28.0 
302.0 258.0 2.80149553408003 5.943088187669824 28.0 
302.0 259.0 2.80149553408003 5.943088187669824 28.0 
303.0 256.0 2.80149553408003 5.943088187669824 28.0 
303.0 257.0 2.80149553408003 5.943088187669824 28.0 
303.0 258.0 2.80149553408003 5.943088187669824 28.0 
303.0 259.0 2.80149553408003 5.943088187669824 28.0 
