302.0 242.0 4.320048836169173 1.1784561825793805 44.0 
302.0 243.0 4.320048836169173 1.1784561825793805 44.0 
302.0 244.0 4.320048836169173 1.1784561825793805 44.0 
303.0 242.0 4.320048836169173 1.1784561825793805 44.0 
303.0 243.0 4.320048836169173 1.1784561825793805 44.0 
303.0 244.0 4.320048836169173 1.1784561825793805 44.0 
303.0 245.0 4.320048836169173 1.1784561825793805 44.0 
303.0 246.0 4.320048836169173 1.1784561825793805 44.0 
304.0 241.0 4.320048836169173 1.1784561825793805 44.0 
304.0 242.0 4.320048836169173 1.1784561825793805 44.0 
304.0 243.0 4.320048836169173 1.1784561825793805 44.0 
304.0 244.0 4.320048836169173 1.1784561825793805 44.0 
304.0 245.0 4.320048836169173 1.1784561825793805 44.0 
304.0 246.0 4.320048836169173 1.1784561825793805 44.0 
304.0 247.0 4.320048836169173 1.1784561825793805 44.0 
304.0 248.0 4.320048836169173 1.1784561825793805 44.0 
305.0 241.0 4.320048836169173 1.1784561825793805 44.0 
305.0 242.0 4.320048836169173 1.1784561825793805 44.0 
305.0 243.0 4.320048836169173 1.1784561825793805 44.0 
305.0 244.0 4.320048836169173 1.1784561825793805 44.0 
305.0 245.0 4.320048836169173 1.1784561825793805 44.0 
305.0 246.0 4.320048836169173 1.1784561825793805 44.0 
305.0 247.0 4.320048836169173 1.1784561825793805 44.0 
305.0 248.0 4.320048836169173 1.1784561825793805 44.0 
305.0 249.0 4.320048836169173 1.1784561825793805 44.0 
305.0 250.0 4.320048836169173 1.1784561825793805 44.0 
305.0 251.0 4.320048836169173 1.1784561825793805 44.0 
306.0 241.0 4.320048836169173 1.1784561825793805 44.0 
306.0 242.0 4.320048836169173 1.1784561825793805 44.0 
306.0 243.0 4.320048836169173 1.1784561825793805 44.0 
306.0 244.0 4.320048836169173 1.1784561825793805 44.0 
306.0 245.0 4.320048836169173 1.1784561825793805 44.0 
306.0 246.0 4.320048836169173 1.1784561825793805 44.0 
306.0 247.0 4.320048836169173 1.1784561825793805 44.0 
306.0 248.0 4.320048836169173 1.1784561825793805 44.0 
306.0 249.0 4.320048836169173 1.1784561825793805 44.0 
306.0 250.0 4.320048836169173 1.1784561825793805 44.0 
306.0 251.0 4.320048836169173 1.1784561825793805 44.0 
306.0 252.0 4.320048836169173 1.1784561825793805 44.0 
306.0 253.0 4.320048836169173 1.1784561825793805 44.0 
307.0 241.0 4.320048836169173 1.1784561825793805 44.0 
307.0 242.0 4.320048836169173 1.1784561825793805 44.0 
307.0 243.0 4.320048836169173 1.1784561825793805 44.0 
307.0 244.0 4.320048836169173 1.1784561825793805 44.0 
307.0 245.0 4.320048836169173 1.1784561825793805 44.0 
307.0 246.0 4.320048836169173 1.1784561825793805 44.0 
307.0 247.0 4.320048836169173 1.1784561825793805 44.0 
307.0 248.0 4.320048836169173 1.1784561825793805 44.0 
307.0 249.0 4.320048836169173 1.1784561825793805 44.0 
307.0 250.0 4.320048836169173 1.1784561825793805 44.0 
307.0 251.0 4.320048836169173 1.1784561825793805 44.0 
307.0 252.0 4.320048836169173 1.1784561825793805 44.0 
307.0 253.0 4.320048836169173 1.1784561825793805 44.0 
307.0 254.0 4.320048836169173 1.1784561825793805 44.0 
307.0 255.0 4.320048836169173 1.1784561825793805 44.0 
307.0 256.0 4.320048836169173 1.1784561825793805 44.0 
308.0 243.0 4.320048836169173 1.1784561825793805 44.0 
308.0 244.0 4.320048836169173 1.1784561825793805 44.0 
308.0 245.0 4.320048836169173 1.1784561825793805 44.0 
308.0 246.0 4.320048836169173 1.1784561825793805 44.0 
308.0 247.0 4.320048836169173 1.1784561825793805 44.0 
308.0 248.0 4.320048836169173 1.1784561825793805 44.0 
308.0 249.0 4.320048836169173 1.1784561825793805 44.0 
308.0 250.0 4.320048836169173 1.1784561825793805 44.0 
308.0 251.0 4.320048836169173 1.1784561825793805 44.0 
308.0 252.0 4.320048836169173 1.1784561825793805 44.0 
308.0 253.0 4.320048836169173 1.1784561825793805 44.0 
308.0 254.0 4.320048836169173 1.1784561825793805 44.0 
308.0 255.0 4.320048836169173 1.1784561825793805 44.0 
308.0 256.0 4.320048836169173 1.1784561825793805 44.0 
308.0 257.0 4.320048836169173 1.1784561825793805 44.0 
308.0 258.0 4.320048836169173 1.1784561825793805 44.0 
309.0 246.0 4.320048836169173 1.1784561825793805 44.0 
309.0 247.0 4.320048836169173 1.1784561825793805 44.0 
309.0 248.0 4.320048836169173 1.1784561825793805 44.0 
309.0 249.0 4.320048836169173 1.1784561825793805 44.0 
309.0 250.0 4.320048836169173 1.1784561825793805 44.0 
309.0 251.0 4.320048836169173 1.1784561825793805 44.0 
309.0 252.0 4.320048836169173 1.1784561825793805 44.0 
309.0 253.0 4.320048836169173 1.1784561825793805 44.0 
309.0 254.0 4.320048836169173 1.1784561825793805 44.0 
309.0 255.0 4.320048836169173 1.1784561825793805 44.0 
309.0 256.0 4.320048836169173 1.1784561825793805 44.0 
309.0 257.0 4.320048836169173 1.1784561825793805 44.0 
309.0 258.0 4.320048836169173 1.1784561825793805 44.0 
309.0 259.0 4.320048836169173 1.1784561825793805 44.0 
309.0 260.0 4.320048836169173 1.1784561825793805 44.0 
310.0 248.0 4.320048836169173 1.1784561825793805 44.0 
310.0 249.0 4.320048836169173 1.1784561825793805 44.0 
310.0 250.0 4.320048836169173 1.1784561825793805 44.0 
310.0 251.0 4.320048836169173 1.1784561825793805 44.0 
310.0 252.0 4.320048836169173 1.1784561825793805 44.0 
310.0 253.0 4.320048836169173 1.1784561825793805 44.0 
310.0 254.0 4.320048836169173 1.1784561825793805 44.0 
310.0 255.0 4.320048836169173 1.1784561825793805 44.0 
310.0 256.0 4.320048836169173 1.1784561825793805 44.0 
310.0 257.0 4.320048836169173 1.1784561825793805 44.0 
310.0 258.0 4.320048836169173 1.1784561825793805 44.0 
310.0 259.0 4.320048836169173 1.1784561825793805 44.0 
310.0 260.0 4.320048836169173 1.1784561825793805 44.0 
310.0 261.0 4.320048836169173 1.1784561825793805 44.0 
310.0 262.0 4.320048836169173 1.1784561825793805 44.0 
310.0 263.0 4.320048836169173 1.1784561825793805 44.0 
311.0 251.0 4.320048836169173 1.1784561825793805 44.0 
311.0 252.0 4.320048836169173 1.1784561825793805 44.0 
311.0 253.0 4.320048836169173 1.1784561825793805 44.0 
311.0 254.0 4.320048836169173 1.1784561825793805 44.0 
311.0 255.0 4.320048836169173 1.1784561825793805 44.0 
311.0 256.0 4.320048836169173 1.1784561825793805 44.0 
311.0 257.0 4.320048836169173 1.1784561825793805 44.0 
311.0 258.0 4.320048836169173 1.1784561825793805 44.0 
311.0 259.0 4.320048836169173 1.1784561825793805 44.0 
311.0 260.0 4.320048836169173 1.1784561825793805 44.0 
311.0 261.0 4.320048836169173 1.1784561825793805 44.0 
311.0 262.0 4.320048836169173 1.1784561825793805 44.0 
311.0 263.0 4.320048836169173 1.1784561825793805 44.0 
311.0 264.0 4.320048836169173 1.1784561825793805 44.0 
311.0 265.0 4.320048836169173 1.1784561825793805 44.0 
312.0 253.0 4.320048836169173 1.1784561825793805 44.0 
312.0 254.0 4.320048836169173 1.1784561825793805 44.0 
312.0 255.0 4.320048836169173 1.1784561825793805 44.0 
312.0 256.0 4.320048836169173 1.1784561825793805 44.0 
312.0 257.0 4.320048836169173 1.1784561825793805 44.0 
312.0 258.0 4.320048836169173 1.1784561825793805 44.0 
312.0 259.0 4.320048836169173 1.1784561825793805 44.0 
312.0 260.0 4.320048836169173 1.1784561825793805 44.0 
312.0 261.0 4.320048836169173 1.1784561825793805 44.0 
312.0 262.0 4.320048836169173 1.1784561825793805 44.0 
312.0 263.0 4.320048836169173 1.1784561825793805 44.0 
312.0 264.0 4.320048836169173 1.1784561825793805 44.0 
312.0 265.0 4.320048836169173 1.1784561825793805 44.0 
312.0 266.0 4.320048836169173 1.1784561825793805 44.0 
312.0 267.0 4.320048836169173 1.1784561825793805 44.0 
312.0 268.0 4.320048836169173 1.1784561825793805 44.0 
313.0 255.0 4.320048836169173 1.1784561825793805 44.0 
313.0 256.0 4.320048836169173 1.1784561825793805 44.0 
313.0 257.0 4.320048836169173 1.1784561825793805 44.0 
313.0 258.0 4.320048836169173 1.1784561825793805 44.0 
313.0 259.0 4.320048836169173 1.1784561825793805 44.0 
313.0 260.0 4.320048836169173 1.1784561825793805 44.0 
313.0 261.0 4.320048836169173 1.1784561825793805 44.0 
313.0 262.0 4.320048836169173 1.1784561825793805 44.0 
313.0 263.0 4.320048836169173 1.1784561825793805 44.0 
313.0 264.0 4.320048836169173 1.1784561825793805 44.0 
313.0 265.0 4.320048836169173 1.1784561825793805 44.0 
313.0 266.0 4.320048836169173 1.1784561825793805 44.0 
313.0 267.0 4.320048836169173 1.1784561825793805 44.0 
313.0 268.0 4.320048836169173 1.1784561825793805 44.0 
313.0 269.0 4.320048836169173 1.1784561825793805 44.0 
313.0 270.0 4.320048836169173 1.1784561825793805 44.0 
314.0 258.0 4.320048836169173 1.1784561825793805 44.0 
314.0 259.0 4.320048836169173 1.1784561825793805 44.0 
314.0 260.0 4.320048836169173 1.1784561825793805 44.0 
314.0 261.0 4.320048836169173 1.1784561825793805 44.0 
314.0 262.0 4.320048836169173 1.1784561825793805 44.0 
314.0 263.0 4.320048836169173 1.1784561825793805 44.0 
314.0 264.0 4.320048836169173 1.1784561825793805 44.0 
314.0 265.0 4.320048836169173 1.1784561825793805 44.0 
314.0 266.0 4.320048836169173 1.1784561825793805 44.0 
314.0 267.0 4.320048836169173 1.1784561825793805 44.0 
314.0 268.0 4.320048836169173 1.1784561825793805 44.0 
314.0 269.0 4.320048836169173 1.1784561825793805 44.0 
314.0 270.0 4.320048836169173 1.1784561825793805 44.0 
314.0 271.0 4.320048836169173 1.1784561825793805 44.0 
314.0 272.0 4.320048836169173 1.1784561825793805 44.0 
314.0 273.0 4.320048836169173 1.1784561825793805 44.0 
315.0 260.0 4.320048836169173 1.1784561825793805 44.0 
315.0 261.0 4.320048836169173 1.1784561825793805 44.0 
315.0 262.0 4.320048836169173 1.1784561825793805 44.0 
315.0 263.0 4.320048836169173 1.1784561825793805 44.0 
315.0 264.0 4.320048836169173 1.1784561825793805 44.0 
315.0 265.0 4.320048836169173 1.1784561825793805 44.0 
315.0 266.0 4.320048836169173 1.1784561825793805 44.0 
315.0 267.0 4.320048836169173 1.1784561825793805 44.0 
315.0 268.0 4.320048836169173 1.1784561825793805 44.0 
315.0 269.0 4.320048836169173 1.1784561825793805 44.0 
315.0 270.0 4.320048836169173 1.1784561825793805 44.0 
315.0 271.0 4.320048836169173 1.1784561825793805 44.0 
315.0 272.0 4.320048836169173 1.1784561825793805 44.0 
315.0 273.0 4.320048836169173 1.1784561825793805 44.0 
315.0 274.0 4.320048836169173 1.1784561825793805 44.0 
315.0 275.0 4.320048836169173 1.1784561825793805 44.0 
316.0 263.0 4.320048836169173 1.1784561825793805 44.0 
316.0 264.0 4.320048836169173 1.1784561825793805 44.0 
316.0 265.0 4.320048836169173 1.1784561825793805 44.0 
316.0 266.0 4.320048836169173 1.1784561825793805 44.0 
316.0 267.0 4.320048836169173 1.1784561825793805 44.0 
316.0 268.0 4.320048836169173 1.1784561825793805 44.0 
316.0 269.0 4.320048836169173 1.1784561825793805 44.0 
316.0 270.0 4.320048836169173 1.1784561825793805 44.0 
316.0 271.0 4.320048836169173 1.1784561825793805 44.0 
316.0 272.0 4.320048836169173 1.1784561825793805 44.0 
316.0 273.0 4.320048836169173 1.1784561825793805 44.0 
316.0 274.0 4.320048836169173 1.1784561825793805 44.0 
316.0 275.0 4.320048836169173 1.1784561825793805 44.0 
316.0 276.0 4.320048836169173 1.1784561825793805 44.0 
316.0 277.0 4.320048836169173 1.1784561825793805 44.0 
317.0 265.0 4.320048836169173 1.1784561825793805 44.0 
317.0 266.0 4.320048836169173 1.1784561825793805 44.0 
317.0 267.0 4.320048836169173 1.1784561825793805 44.0 
317.0 268.0 4.320048836169173 1.1784561825793805 44.0 
317.0 269.0 4.320048836169173 1.1784561825793805 44.0 
317.0 270.0 4.320048836169173 1.1784561825793805 44.0 
317.0 271.0 4.320048836169173 1.1784561825793805 44.0 
317.0 272.0 4.320048836169173 1.1784561825793805 44.0 
317.0 273.0 4.320048836169173 1.1784561825793805 44.0 
317.0 274.0 4.320048836169173 1.1784561825793805 44.0 
317.0 275.0 4.320048836169173 1.1784561825793805 44.0 
317.0 276.0 4.320048836169173 1.1784561825793805 44.0 
317.0 277.0 4.320048836169173 1.1784561825793805 44.0 
317.0 278.0 4.320048836169173 1.1784561825793805 44.0 
317.0 279.0 4.320048836169173 1.1784561825793805 44.0 
317.0 280.0 4.320048836169173 1.1784561825793805 44.0 
318.0 267.0 4.320048836169173 1.1784561825793805 44.0 
318.0 268.0 4.320048836169173 1.1784561825793805 44.0 
318.0 269.0 4.320048836169173 1.1784561825793805 44.0 
318.0 270.0 4.320048836169173 1.1784561825793805 44.0 
318.0 271.0 4.320048836169173 1.1784561825793805 44.0 
318.0 272.0 4.320048836169173 1.1784561825793805 44.0 
318.0 273.0 4.320048836169173 1.1784561825793805 44.0 
318.0 274.0 4.320048836169173 1.1784561825793805 44.0 
318.0 275.0 4.320048836169173 1.1784561825793805 44.0 
318.0 276.0 4.320048836169173 1.1784561825793805 44.0 
318.0 277.0 4.320048836169173 1.1784561825793805 44.0 
318.0 278.0 4.320048836169173 1.1784561825793805 44.0 
318.0 279.0 4.320048836169173 1.1784561825793805 44.0 
318.0 280.0 4.320048836169173 1.1784561825793805 44.0 
318.0 281.0 4.320048836169173 1.1784561825793805 44.0 
318.0 282.0 4.320048836169173 1.1784561825793805 44.0 
319.0 270.0 4.320048836169173 1.1784561825793805 44.0 
319.0 271.0 4.320048836169173 1.1784561825793805 44.0 
319.0 272.0 4.320048836169173 1.1784561825793805 44.0 
319.0 273.0 4.320048836169173 1.1784561825793805 44.0 
319.0 274.0 4.320048836169173 1.1784561825793805 44.0 
319.0 275.0 4.320048836169173 1.1784561825793805 44.0 
319.0 276.0 4.320048836169173 1.1784561825793805 44.0 
319.0 277.0 4.320048836169173 1.1784561825793805 44.0 
319.0 278.0 4.320048836169173 1.1784561825793805 44.0 
319.0 279.0 4.320048836169173 1.1784561825793805 44.0 
319.0 280.0 4.320048836169173 1.1784561825793805 44.0 
319.0 281.0 4.320048836169173 1.1784561825793805 44.0 
319.0 282.0 4.320048836169173 1.1784561825793805 44.0 
319.0 283.0 4.320048836169173 1.1784561825793805 44.0 
319.0 284.0 4.320048836169173 1.1784561825793805 44.0 
319.0 285.0 4.320048836169173 1.1784561825793805 44.0 
320.0 272.0 4.320048836169173 1.1784561825793805 44.0 
320.0 273.0 4.320048836169173 1.1784561825793805 44.0 
320.0 274.0 4.320048836169173 1.1784561825793805 44.0 
320.0 275.0 4.320048836169173 1.1784561825793805 44.0 
320.0 276.0 4.320048836169173 1.1784561825793805 44.0 
320.0 277.0 4.320048836169173 1.1784561825793805 44.0 
320.0 278.0 4.320048836169173 1.1784561825793805 44.0 
320.0 279.0 4.320048836169173 1.1784561825793805 44.0 
320.0 280.0 4.320048836169173 1.1784561825793805 44.0 
320.0 281.0 4.320048836169173 1.1784561825793805 44.0 
320.0 282.0 4.320048836169173 1.1784561825793805 44.0 
320.0 283.0 4.320048836169173 1.1784561825793805 44.0 
320.0 284.0 4.320048836169173 1.1784561825793805 44.0 
320.0 285.0 4.320048836169173 1.1784561825793805 44.0 
320.0 286.0 4.320048836169173 1.1784561825793805 44.0 
320.0 287.0 4.320048836169173 1.1784561825793805 44.0 
321.0 275.0 4.320048836169173 1.1784561825793805 44.0 
321.0 276.0 4.320048836169173 1.1784561825793805 44.0 
321.0 277.0 4.320048836169173 1.1784561825793805 44.0 
321.0 278.0 4.320048836169173 1.1784561825793805 44.0 
321.0 279.0 4.320048836169173 1.1784561825793805 44.0 
321.0 280.0 4.320048836169173 1.1784561825793805 44.0 
321.0 281.0 4.320048836169173 1.1784561825793805 44.0 
321.0 282.0 4.320048836169173 1.1784561825793805 44.0 
321.0 283.0 4.320048836169173 1.1784561825793805 44.0 
321.0 284.0 4.320048836169173 1.1784561825793805 44.0 
321.0 285.0 4.320048836169173 1.1784561825793805 44.0 
321.0 286.0 4.320048836169173 1.1784561825793805 44.0 
321.0 287.0 4.320048836169173 1.1784561825793805 44.0 
321.0 288.0 4.320048836169173 1.1784561825793805 44.0 
321.0 289.0 4.320048836169173 1.1784561825793805 44.0 
322.0 277.0 4.320048836169173 1.1784561825793805 44.0 
322.0 278.0 4.320048836169173 1.1784561825793805 44.0 
322.0 279.0 4.320048836169173 1.1784561825793805 44.0 
322.0 280.0 4.320048836169173 1.1784561825793805 44.0 
322.0 281.0 4.320048836169173 1.1784561825793805 44.0 
322.0 282.0 4.320048836169173 1.1784561825793805 44.0 
322.0 283.0 4.320048836169173 1.1784561825793805 44.0 
322.0 284.0 4.320048836169173 1.1784561825793805 44.0 
322.0 285.0 4.320048836169173 1.1784561825793805 44.0 
322.0 286.0 4.320048836169173 1.1784561825793805 44.0 
322.0 287.0 4.320048836169173 1.1784561825793805 44.0 
322.0 288.0 4.320048836169173 1.1784561825793805 44.0 
322.0 289.0 4.320048836169173 1.1784561825793805 44.0 
322.0 290.0 4.320048836169173 1.1784561825793805 44.0 
322.0 291.0 4.320048836169173 1.1784561825793805 44.0 
322.0 292.0 4.320048836169173 1.1784561825793805 44.0 
323.0 280.0 4.320048836169173 1.1784561825793805 44.0 
323.0 281.0 4.320048836169173 1.1784561825793805 44.0 
323.0 282.0 4.320048836169173 1.1784561825793805 44.0 
323.0 283.0 4.320048836169173 1.1784561825793805 44.0 
323.0 284.0 4.320048836169173 1.1784561825793805 44.0 
323.0 285.0 4.320048836169173 1.1784561825793805 44.0 
323.0 286.0 4.320048836169173 1.1784561825793805 44.0 
323.0 287.0 4.320048836169173 1.1784561825793805 44.0 
323.0 288.0 4.320048836169173 1.1784561825793805 44.0 
323.0 289.0 4.320048836169173 1.1784561825793805 44.0 
323.0 290.0 4.320048836169173 1.1784561825793805 44.0 
323.0 291.0 4.320048836169173 1.1784561825793805 44.0 
323.0 292.0 4.320048836169173 1.1784561825793805 44.0 
323.0 293.0 4.320048836169173 1.1784561825793805 44.0 
323.0 294.0 4.320048836169173 1.1784561825793805 44.0 
324.0 282.0 4.320048836169173 1.1784561825793805 44.0 
324.0 283.0 4.320048836169173 1.1784561825793805 44.0 
324.0 284.0 4.320048836169173 1.1784561825793805 44.0 
324.0 285.0 4.320048836169173 1.1784561825793805 44.0 
324.0 286.0 4.320048836169173 1.1784561825793805 44.0 
324.0 287.0 4.320048836169173 1.1784561825793805 44.0 
324.0 288.0 4.320048836169173 1.1784561825793805 44.0 
324.0 289.0 4.320048836169173 1.1784561825793805 44.0 
324.0 290.0 4.320048836169173 1.1784561825793805 44.0 
324.0 291.0 4.320048836169173 1.1784561825793805 44.0 
324.0 292.0 4.320048836169173 1.1784561825793805 44.0 
324.0 293.0 4.320048836169173 1.1784561825793805 44.0 
324.0 294.0 4.320048836169173 1.1784561825793805 44.0 
324.0 295.0 4.320048836169173 1.1784561825793805 44.0 
324.0 296.0 4.320048836169173 1.1784561825793805 44.0 
324.0 297.0 4.320048836169173 1.1784561825793805 44.0 
325.0 284.0 4.320048836169173 1.1784561825793805 44.0 
325.0 285.0 4.320048836169173 1.1784561825793805 44.0 
325.0 286.0 4.320048836169173 1.1784561825793805 44.0 
325.0 287.0 4.320048836169173 1.1784561825793805 44.0 
325.0 288.0 4.320048836169173 1.1784561825793805 44.0 
325.0 289.0 4.320048836169173 1.1784561825793805 44.0 
325.0 290.0 4.320048836169173 1.1784561825793805 44.0 
325.0 291.0 4.320048836169173 1.1784561825793805 44.0 
325.0 292.0 4.320048836169173 1.1784561825793805 44.0 
325.0 293.0 4.320048836169173 1.1784561825793805 44.0 
325.0 294.0 4.320048836169173 1.1784561825793805 44.0 
325.0 295.0 4.320048836169173 1.1784561825793805 44.0 
325.0 296.0 4.320048836169173 1.1784561825793805 44.0 
325.0 297.0 4.320048836169173 1.1784561825793805 44.0 
325.0 298.0 4.320048836169173 1.1784561825793805 44.0 
325.0 299.0 4.320048836169173 1.1784561825793805 44.0 
326.0 287.0 4.320048836169173 1.1784561825793805 44.0 
326.0 288.0 4.320048836169173 1.1784561825793805 44.0 
326.0 289.0 4.320048836169173 1.1784561825793805 44.0 
326.0 290.0 4.320048836169173 1.1784561825793805 44.0 
326.0 291.0 4.320048836169173 1.1784561825793805 44.0 
326.0 292.0 4.320048836169173 1.1784561825793805 44.0 
326.0 293.0 4.320048836169173 1.1784561825793805 44.0 
326.0 294.0 4.320048836169173 1.1784561825793805 44.0 
326.0 295.0 4.320048836169173 1.1784561825793805 44.0 
326.0 296.0 4.320048836169173 1.1784561825793805 44.0 
326.0 297.0 4.320048836169173 1.1784561825793805 44.0 
326.0 298.0 4.320048836169173 1.1784561825793805 44.0 
326.0 299.0 4.320048836169173 1.1784561825793805 44.0 
327.0 289.0 4.320048836169173 1.1784561825793805 44.0 
327.0 290.0 4.320048836169173 1.1784561825793805 44.0 
327.0 291.0 4.320048836169173 1.1784561825793805 44.0 
327.0 292.0 4.320048836169173 1.1784561825793805 44.0 
327.0 293.0 4.320048836169173 1.1784561825793805 44.0 
327.0 294.0 4.320048836169173 1.1784561825793805 44.0 
327.0 295.0 4.320048836169173 1.1784561825793805 44.0 
327.0 296.0 4.320048836169173 1.1784561825793805 44.0 
327.0 297.0 4.320048836169173 1.1784561825793805 44.0 
327.0 298.0 4.320048836169173 1.1784561825793805 44.0 
327.0 299.0 4.320048836169173 1.1784561825793805 44.0 
328.0 292.0 4.320048836169173 1.1784561825793805 44.0 
328.0 293.0 4.320048836169173 1.1784561825793805 44.0 
328.0 294.0 4.320048836169173 1.1784561825793805 44.0 
328.0 295.0 4.320048836169173 1.1784561825793805 44.0 
328.0 296.0 4.320048836169173 1.1784561825793805 44.0 
328.0 297.0 4.320048836169173 1.1784561825793805 44.0 
328.0 298.0 4.320048836169173 1.1784561825793805 44.0 
329.0 294.0 4.320048836169173 1.1784561825793805 44.0 
329.0 295.0 4.320048836169173 1.1784561825793805 44.0 
329.0 296.0 4.320048836169173 1.1784561825793805 44.0 
329.0 297.0 4.320048836169173 1.1784561825793805 44.0 
329.0 298.0 4.320048836169173 1.1784561825793805 44.0 
330.0 296.0 4.320048836169173 1.1784561825793805 44.0 
330.0 297.0 4.320048836169173 1.1784561825793805 44.0 
330.0 298.0 4.320048836169173 1.1784561825793805 44.0 
