263.0 305.0 2.460575643142675 5.602168296732469 52.0 
263.0 306.0 2.460575643142675 5.602168296732469 52.0 
264.0 305.0 2.460575643142675 5.602168296732469 52.0 
264.0 306.0 2.460575643142675 5.602168296732469 52.0 
264.0 307.0 2.460575643142675 5.602168296732469 52.0 
265.0 304.0 2.460575643142675 5.602168296732469 52.0 
265.0 305.0 2.460575643142675 5.602168296732469 52.0 
265.0 306.0 2.460575643142675 5.602168296732469 52.0 
265.0 307.0 2.460575643142675 5.602168296732469 52.0 
265.0 308.0 2.460575643142675 5.602168296732469 52.0 
265.0 309.0 2.460575643142675 5.602168296732469 52.0 
266.0 303.0 2.460575643142675 5.602168296732469 52.0 
266.0 304.0 2.460575643142675 5.602168296732469 52.0 
266.0 305.0 2.460575643142675 5.602168296732469 52.0 
266.0 306.0 2.460575643142675 5.602168296732469 52.0 
266.0 307.0 2.460575643142675 5.602168296732469 52.0 
266.0 308.0 2.460575643142675 5.602168296732469 52.0 
266.0 309.0 2.460575643142675 5.602168296732469 52.0 
266.0 310.0 2.460575643142675 5.602168296732469 52.0 
267.0 302.0 2.460575643142675 5.602168296732469 52.0 
267.0 303.0 2.460575643142675 5.602168296732469 52.0 
267.0 304.0 2.460575643142675 5.602168296732469 52.0 
267.0 305.0 2.460575643142675 5.602168296732469 52.0 
267.0 306.0 2.460575643142675 5.602168296732469 52.0 
267.0 307.0 2.460575643142675 5.602168296732469 52.0 
267.0 308.0 2.460575643142675 5.602168296732469 52.0 
267.0 309.0 2.460575643142675 5.602168296732469 52.0 
268.0 301.0 2.460575643142675 5.602168296732469 52.0 
268.0 302.0 2.460575643142675 5.602168296732469 52.0 
268.0 303.0 2.460575643142675 5.602168296732469 52.0 
268.0 304.0 2.460575643142675 5.602168296732469 52.0 
268.0 305.0 2.460575643142675 5.602168296732469 52.0 
268.0 306.0 2.460575643142675 5.602168296732469 52.0 
268.0 307.0 2.460575643142675 5.602168296732469 52.0 
268.0 308.0 2.460575643142675 5.602168296732469 52.0 
269.0 301.0 2.460575643142675 5.602168296732469 52.0 
269.0 302.0 2.460575643142675 5.602168296732469 52.0 
269.0 303.0 2.460575643142675 5.602168296732469 52.0 
269.0 304.0 2.460575643142675 5.602168296732469 52.0 
269.0 305.0 2.460575643142675 5.602168296732469 52.0 
269.0 306.0 2.460575643142675 5.602168296732469 52.0 
269.0 307.0 2.460575643142675 5.602168296732469 52.0 
270.0 300.0 2.460575643142675 5.602168296732469 52.0 
270.0 301.0 2.460575643142675 5.602168296732469 52.0 
270.0 302.0 2.460575643142675 5.602168296732469 52.0 
270.0 303.0 2.460575643142675 5.602168296732469 52.0 
270.0 304.0 2.460575643142675 5.602168296732469 52.0 
270.0 305.0 2.460575643142675 5.602168296732469 52.0 
270.0 306.0 2.460575643142675 5.602168296732469 52.0 
271.0 299.0 2.460575643142675 5.602168296732469 52.0 
271.0 300.0 2.460575643142675 5.602168296732469 52.0 
271.0 301.0 2.460575643142675 5.602168296732469 52.0 
271.0 302.0 2.460575643142675 5.602168296732469 52.0 
271.0 303.0 2.460575643142675 5.602168296732469 52.0 
271.0 304.0 2.460575643142675 5.602168296732469 52.0 
271.0 305.0 2.460575643142675 5.602168296732469 52.0 
271.0 306.0 2.460575643142675 5.602168296732469 52.0 
272.0 298.0 2.460575643142675 5.602168296732469 52.0 
272.0 299.0 2.460575643142675 5.602168296732469 52.0 
272.0 300.0 2.460575643142675 5.602168296732469 52.0 
272.0 301.0 2.460575643142675 5.602168296732469 52.0 
272.0 302.0 2.460575643142675 5.602168296732469 52.0 
272.0 303.0 2.460575643142675 5.602168296732469 52.0 
272.0 304.0 2.460575643142675 5.602168296732469 52.0 
272.0 305.0 2.460575643142675 5.602168296732469 52.0 
273.0 297.0 2.460575643142675 5.602168296732469 52.0 
273.0 298.0 2.460575643142675 5.602168296732469 52.0 
273.0 299.0 2.460575643142675 5.602168296732469 52.0 
273.0 300.0 2.460575643142675 5.602168296732469 52.0 
273.0 301.0 2.460575643142675 5.602168296732469 52.0 
273.0 302.0 2.460575643142675 5.602168296732469 52.0 
273.0 303.0 2.460575643142675 5.602168296732469 52.0 
273.0 304.0 2.460575643142675 5.602168296732469 52.0 
274.0 297.0 2.460575643142675 5.602168296732469 52.0 
274.0 298.0 2.460575643142675 5.602168296732469 52.0 
274.0 299.0 2.460575643142675 5.602168296732469 52.0 
274.0 300.0 2.460575643142675 5.602168296732469 52.0 
274.0 301.0 2.460575643142675 5.602168296732469 52.0 
274.0 302.0 2.460575643142675 5.602168296732469 52.0 
274.0 303.0 2.460575643142675 5.602168296732469 52.0 
275.0 296.0 2.460575643142675 5.602168296732469 52.0 
275.0 297.0 2.460575643142675 5.602168296732469 52.0 
275.0 298.0 2.460575643142675 5.602168296732469 52.0 
275.0 299.0 2.460575643142675 5.602168296732469 52.0 
275.0 300.0 2.460575643142675 5.602168296732469 52.0 
275.0 301.0 2.460575643142675 5.602168296732469 52.0 
275.0 302.0 2.460575643142675 5.602168296732469 52.0 
276.0 295.0 2.460575643142675 5.602168296732469 52.0 
276.0 296.0 2.460575643142675 5.602168296732469 52.0 
276.0 297.0 2.460575643142675 5.602168296732469 52.0 
276.0 298.0 2.460575643142675 5.602168296732469 52.0 
276.0 299.0 2.460575643142675 5.602168296732469 52.0 
276.0 300.0 2.460575643142675 5.602168296732469 52.0 
276.0 301.0 2.460575643142675 5.602168296732469 52.0 
276.0 302.0 2.460575643142675 5.602168296732469 52.0 
277.0 294.0 2.460575643142675 5.602168296732469 52.0 
277.0 295.0 2.460575643142675 5.602168296732469 52.0 
277.0 296.0 2.460575643142675 5.602168296732469 52.0 
277.0 297.0 2.460575643142675 5.602168296732469 52.0 
277.0 298.0 2.460575643142675 5.602168296732469 52.0 
277.0 299.0 2.460575643142675 5.602168296732469 52.0 
277.0 300.0 2.460575643142675 5.602168296732469 52.0 
277.0 301.0 2.460575643142675 5.602168296732469 52.0 
278.0 293.0 2.460575643142675 5.602168296732469 52.0 
278.0 294.0 2.460575643142675 5.602168296732469 52.0 
278.0 295.0 2.460575643142675 5.602168296732469 52.0 
278.0 296.0 2.460575643142675 5.602168296732469 52.0 
278.0 297.0 2.460575643142675 5.602168296732469 52.0 
278.0 298.0 2.460575643142675 5.602168296732469 52.0 
278.0 299.0 2.460575643142675 5.602168296732469 52.0 
278.0 300.0 2.460575643142675 5.602168296732469 52.0 
279.0 292.0 2.460575643142675 5.602168296732469 52.0 
279.0 293.0 2.460575643142675 5.602168296732469 52.0 
279.0 294.0 2.460575643142675 5.602168296732469 52.0 
279.0 295.0 2.460575643142675 5.602168296732469 52.0 
279.0 296.0 2.460575643142675 5.602168296732469 52.0 
279.0 297.0 2.460575643142675 5.602168296732469 52.0 
279.0 298.0 2.460575643142675 5.602168296732469 52.0 
279.0 299.0 2.460575643142675 5.602168296732469 52.0 
280.0 292.0 2.460575643142675 5.602168296732469 52.0 
280.0 293.0 2.460575643142675 5.602168296732469 52.0 
280.0 294.0 2.460575643142675 5.602168296732469 52.0 
280.0 295.0 2.460575643142675 5.602168296732469 52.0 
280.0 296.0 2.460575643142675 5.602168296732469 52.0 
280.0 297.0 2.460575643142675 5.602168296732469 52.0 
280.0 298.0 2.460575643142675 5.602168296732469 52.0 
281.0 291.0 2.460575643142675 5.602168296732469 52.0 
281.0 292.0 2.460575643142675 5.602168296732469 52.0 
281.0 293.0 2.460575643142675 5.602168296732469 52.0 
281.0 294.0 2.460575643142675 5.602168296732469 52.0 
281.0 295.0 2.460575643142675 5.602168296732469 52.0 
281.0 296.0 2.460575643142675 5.602168296732469 52.0 
281.0 297.0 2.460575643142675 5.602168296732469 52.0 
281.0 298.0 2.460575643142675 5.602168296732469 52.0 
282.0 290.0 2.460575643142675 5.602168296732469 52.0 
282.0 291.0 2.460575643142675 5.602168296732469 52.0 
282.0 292.0 2.460575643142675 5.602168296732469 52.0 
282.0 293.0 2.460575643142675 5.602168296732469 52.0 
282.0 294.0 2.460575643142675 5.602168296732469 52.0 
282.0 295.0 2.460575643142675 5.602168296732469 52.0 
282.0 296.0 2.460575643142675 5.602168296732469 52.0 
282.0 297.0 2.460575643142675 5.602168296732469 52.0 
283.0 289.0 2.460575643142675 5.602168296732469 52.0 
283.0 290.0 2.460575643142675 5.602168296732469 52.0 
283.0 291.0 2.460575643142675 5.602168296732469 52.0 
283.0 292.0 2.460575643142675 5.602168296732469 52.0 
283.0 293.0 2.460575643142675 5.602168296732469 52.0 
283.0 294.0 2.460575643142675 5.602168296732469 52.0 
283.0 295.0 2.460575643142675 5.602168296732469 52.0 
283.0 296.0 2.460575643142675 5.602168296732469 52.0 
284.0 288.0 2.460575643142675 5.602168296732469 52.0 
284.0 289.0 2.460575643142675 5.602168296732469 52.0 
284.0 290.0 2.460575643142675 5.602168296732469 52.0 
284.0 291.0 2.460575643142675 5.602168296732469 52.0 
284.0 292.0 2.460575643142675 5.602168296732469 52.0 
284.0 293.0 2.460575643142675 5.602168296732469 52.0 
284.0 294.0 2.460575643142675 5.602168296732469 52.0 
284.0 295.0 2.460575643142675 5.602168296732469 52.0 
285.0 288.0 2.460575643142675 5.602168296732469 52.0 
285.0 289.0 2.460575643142675 5.602168296732469 52.0 
285.0 290.0 2.460575643142675 5.602168296732469 52.0 
285.0 291.0 2.460575643142675 5.602168296732469 52.0 
285.0 292.0 2.460575643142675 5.602168296732469 52.0 
285.0 293.0 2.460575643142675 5.602168296732469 52.0 
285.0 294.0 2.460575643142675 5.602168296732469 52.0 
286.0 287.0 2.460575643142675 5.602168296732469 52.0 
286.0 288.0 2.460575643142675 5.602168296732469 52.0 
286.0 289.0 2.460575643142675 5.602168296732469 52.0 
286.0 290.0 2.460575643142675 5.602168296732469 52.0 
286.0 291.0 2.460575643142675 5.602168296732469 52.0 
286.0 292.0 2.460575643142675 5.602168296732469 52.0 
286.0 293.0 2.460575643142675 5.602168296732469 52.0 
286.0 294.0 2.460575643142675 5.602168296732469 52.0 
287.0 286.0 2.460575643142675 5.602168296732469 52.0 
287.0 287.0 2.460575643142675 5.602168296732469 52.0 
287.0 288.0 2.460575643142675 5.602168296732469 52.0 
287.0 289.0 2.460575643142675 5.602168296732469 52.0 
287.0 290.0 2.460575643142675 5.602168296732469 52.0 
287.0 291.0 2.460575643142675 5.602168296732469 52.0 
287.0 292.0 2.460575643142675 5.602168296732469 52.0 
287.0 293.0 2.460575643142675 5.602168296732469 52.0 
288.0 285.0 2.460575643142675 5.602168296732469 52.0 
288.0 286.0 2.460575643142675 5.602168296732469 52.0 
288.0 287.0 2.460575643142675 5.602168296732469 52.0 
288.0 288.0 2.460575643142675 5.602168296732469 52.0 
288.0 289.0 2.460575643142675 5.602168296732469 52.0 
288.0 290.0 2.460575643142675 5.602168296732469 52.0 
288.0 291.0 2.460575643142675 5.602168296732469 52.0 
288.0 292.0 2.460575643142675 5.602168296732469 52.0 
289.0 284.0 2.460575643142675 5.602168296732469 52.0 
289.0 285.0 2.460575643142675 5.602168296732469 52.0 
289.0 286.0 2.460575643142675 5.602168296732469 52.0 
289.0 287.0 2.460575643142675 5.602168296732469 52.0 
289.0 288.0 2.460575643142675 5.602168296732469 52.0 
289.0 289.0 2.460575643142675 5.602168296732469 52.0 
289.0 290.0 2.460575643142675 5.602168296732469 52.0 
289.0 291.0 2.460575643142675 5.602168296732469 52.0 
290.0 284.0 2.460575643142675 5.602168296732469 52.0 
290.0 285.0 2.460575643142675 5.602168296732469 52.0 
290.0 286.0 2.460575643142675 5.602168296732469 52.0 
290.0 287.0 2.460575643142675 5.602168296732469 52.0 
290.0 288.0 2.460575643142675 5.602168296732469 52.0 
290.0 289.0 2.460575643142675 5.602168296732469 52.0 
290.0 290.0 2.460575643142675 5.602168296732469 52.0 
291.0 283.0 2.460575643142675 5.602168296732469 52.0 
291.0 284.0 2.460575643142675 5.602168296732469 52.0 
291.0 285.0 2.460575643142675 5.602168296732469 52.0 
291.0 286.0 2.460575643142675 5.602168296732469 52.0 
291.0 287.0 2.460575643142675 5.602168296732469 52.0 
291.0 288.0 2.460575643142675 5.602168296732469 52.0 
291.0 289.0 2.460575643142675 5.602168296732469 52.0 
292.0 282.0 2.460575643142675 5.602168296732469 52.0 
292.0 283.0 2.460575643142675 5.602168296732469 52.0 
292.0 284.0 2.460575643142675 5.602168296732469 52.0 
292.0 285.0 2.460575643142675 5.602168296732469 52.0 
292.0 286.0 2.460575643142675 5.602168296732469 52.0 
292.0 287.0 2.460575643142675 5.602168296732469 52.0 
292.0 288.0 2.460575643142675 5.602168296732469 52.0 
292.0 289.0 2.460575643142675 5.602168296732469 52.0 
293.0 281.0 2.460575643142675 5.602168296732469 52.0 
293.0 282.0 2.460575643142675 5.602168296732469 52.0 
293.0 283.0 2.460575643142675 5.602168296732469 52.0 
293.0 284.0 2.460575643142675 5.602168296732469 52.0 
293.0 285.0 2.460575643142675 5.602168296732469 52.0 
293.0 286.0 2.460575643142675 5.602168296732469 52.0 
293.0 287.0 2.460575643142675 5.602168296732469 52.0 
293.0 288.0 2.460575643142675 5.602168296732469 52.0 
294.0 280.0 2.460575643142675 5.602168296732469 52.0 
294.0 281.0 2.460575643142675 5.602168296732469 52.0 
294.0 282.0 2.460575643142675 5.602168296732469 52.0 
294.0 283.0 2.460575643142675 5.602168296732469 52.0 
294.0 284.0 2.460575643142675 5.602168296732469 52.0 
294.0 285.0 2.460575643142675 5.602168296732469 52.0 
294.0 286.0 2.460575643142675 5.602168296732469 52.0 
294.0 287.0 2.460575643142675 5.602168296732469 52.0 
295.0 280.0 2.460575643142675 5.602168296732469 52.0 
295.0 281.0 2.460575643142675 5.602168296732469 52.0 
295.0 282.0 2.460575643142675 5.602168296732469 52.0 
295.0 283.0 2.460575643142675 5.602168296732469 52.0 
295.0 284.0 2.460575643142675 5.602168296732469 52.0 
295.0 285.0 2.460575643142675 5.602168296732469 52.0 
295.0 286.0 2.460575643142675 5.602168296732469 52.0 
296.0 279.0 2.460575643142675 5.602168296732469 52.0 
296.0 280.0 2.460575643142675 5.602168296732469 52.0 
296.0 281.0 2.460575643142675 5.602168296732469 52.0 
296.0 282.0 2.460575643142675 5.602168296732469 52.0 
296.0 283.0 2.460575643142675 5.602168296732469 52.0 
296.0 284.0 2.460575643142675 5.602168296732469 52.0 
296.0 285.0 2.460575643142675 5.602168296732469 52.0 
297.0 278.0 2.460575643142675 5.602168296732469 52.0 
297.0 279.0 2.460575643142675 5.602168296732469 52.0 
297.0 280.0 2.460575643142675 5.602168296732469 52.0 
297.0 281.0 2.460575643142675 5.602168296732469 52.0 
297.0 282.0 2.460575643142675 5.602168296732469 52.0 
297.0 283.0 2.460575643142675 5.602168296732469 52.0 
297.0 284.0 2.460575643142675 5.602168296732469 52.0 
297.0 285.0 2.460575643142675 5.602168296732469 52.0 
298.0 277.0 2.460575643142675 5.602168296732469 52.0 
298.0 278.0 2.460575643142675 5.602168296732469 52.0 
298.0 279.0 2.460575643142675 5.602168296732469 52.0 
298.0 280.0 2.460575643142675 5.602168296732469 52.0 
298.0 281.0 2.460575643142675 5.602168296732469 52.0 
298.0 282.0 2.460575643142675 5.602168296732469 52.0 
298.0 283.0 2.460575643142675 5.602168296732469 52.0 
298.0 284.0 2.460575643142675 5.602168296732469 52.0 
299.0 276.0 2.460575643142675 5.602168296732469 52.0 
299.0 277.0 2.460575643142675 5.602168296732469 52.0 
299.0 278.0 2.460575643142675 5.602168296732469 52.0 
299.0 279.0 2.460575643142675 5.602168296732469 52.0 
299.0 280.0 2.460575643142675 5.602168296732469 52.0 
299.0 281.0 2.460575643142675 5.602168296732469 52.0 
299.0 282.0 2.460575643142675 5.602168296732469 52.0 
299.0 283.0 2.460575643142675 5.602168296732469 52.0 
300.0 275.0 2.460575643142675 5.602168296732469 52.0 
300.0 276.0 2.460575643142675 5.602168296732469 52.0 
300.0 277.0 2.460575643142675 5.602168296732469 52.0 
300.0 278.0 2.460575643142675 5.602168296732469 52.0 
300.0 279.0 2.460575643142675 5.602168296732469 52.0 
300.0 280.0 2.460575643142675 5.602168296732469 52.0 
300.0 281.0 2.460575643142675 5.602168296732469 52.0 
300.0 282.0 2.460575643142675 5.602168296732469 52.0 
301.0 275.0 2.460575643142675 5.602168296732469 52.0 
301.0 276.0 2.460575643142675 5.602168296732469 52.0 
301.0 277.0 2.460575643142675 5.602168296732469 52.0 
301.0 278.0 2.460575643142675 5.602168296732469 52.0 
301.0 279.0 2.460575643142675 5.602168296732469 52.0 
301.0 280.0 2.460575643142675 5.602168296732469 52.0 
301.0 281.0 2.460575643142675 5.602168296732469 52.0 
302.0 274.0 2.460575643142675 5.602168296732469 52.0 
302.0 275.0 2.460575643142675 5.602168296732469 52.0 
302.0 276.0 2.460575643142675 5.602168296732469 52.0 
302.0 277.0 2.460575643142675 5.602168296732469 52.0 
302.0 278.0 2.460575643142675 5.602168296732469 52.0 
302.0 279.0 2.460575643142675 5.602168296732469 52.0 
302.0 280.0 2.460575643142675 5.602168296732469 52.0 
302.0 281.0 2.460575643142675 5.602168296732469 52.0 
303.0 273.0 2.460575643142675 5.602168296732469 52.0 
303.0 274.0 2.460575643142675 5.602168296732469 52.0 
303.0 275.0 2.460575643142675 5.602168296732469 52.0 
303.0 276.0 2.460575643142675 5.602168296732469 52.0 
303.0 277.0 2.460575643142675 5.602168296732469 52.0 
303.0 278.0 2.460575643142675 5.602168296732469 52.0 
303.0 279.0 2.460575643142675 5.602168296732469 52.0 
303.0 280.0 2.460575643142675 5.602168296732469 52.0 
304.0 272.0 2.460575643142675 5.602168296732469 52.0 
304.0 273.0 2.460575643142675 5.602168296732469 52.0 
304.0 274.0 2.460575643142675 5.602168296732469 52.0 
304.0 275.0 2.460575643142675 5.602168296732469 52.0 
304.0 276.0 2.460575643142675 5.602168296732469 52.0 
304.0 277.0 2.460575643142675 5.602168296732469 52.0 
304.0 278.0 2.460575643142675 5.602168296732469 52.0 
304.0 279.0 2.460575643142675 5.602168296732469 52.0 
305.0 271.0 2.460575643142675 5.602168296732469 52.0 
305.0 272.0 2.460575643142675 5.602168296732469 52.0 
305.0 273.0 2.460575643142675 5.602168296732469 52.0 
305.0 274.0 2.460575643142675 5.602168296732469 52.0 
305.0 275.0 2.460575643142675 5.602168296732469 52.0 
305.0 276.0 2.460575643142675 5.602168296732469 52.0 
305.0 277.0 2.460575643142675 5.602168296732469 52.0 
305.0 278.0 2.460575643142675 5.602168296732469 52.0 
306.0 271.0 2.460575643142675 5.602168296732469 52.0 
306.0 272.0 2.460575643142675 5.602168296732469 52.0 
306.0 273.0 2.460575643142675 5.602168296732469 52.0 
306.0 274.0 2.460575643142675 5.602168296732469 52.0 
306.0 275.0 2.460575643142675 5.602168296732469 52.0 
306.0 276.0 2.460575643142675 5.602168296732469 52.0 
306.0 277.0 2.460575643142675 5.602168296732469 52.0 
307.0 270.0 2.460575643142675 5.602168296732469 52.0 
307.0 271.0 2.460575643142675 5.602168296732469 52.0 
307.0 272.0 2.460575643142675 5.602168296732469 52.0 
307.0 273.0 2.460575643142675 5.602168296732469 52.0 
307.0 274.0 2.460575643142675 5.602168296732469 52.0 
307.0 275.0 2.460575643142675 5.602168296732469 52.0 
307.0 276.0 2.460575643142675 5.602168296732469 52.0 
307.0 277.0 2.460575643142675 5.602168296732469 52.0 
308.0 269.0 2.460575643142675 5.602168296732469 52.0 
308.0 270.0 2.460575643142675 5.602168296732469 52.0 
308.0 271.0 2.460575643142675 5.602168296732469 52.0 
308.0 272.0 2.460575643142675 5.602168296732469 52.0 
308.0 273.0 2.460575643142675 5.602168296732469 52.0 
308.0 274.0 2.460575643142675 5.602168296732469 52.0 
308.0 275.0 2.460575643142675 5.602168296732469 52.0 
308.0 276.0 2.460575643142675 5.602168296732469 52.0 
309.0 268.0 2.460575643142675 5.602168296732469 52.0 
309.0 269.0 2.460575643142675 5.602168296732469 52.0 
309.0 270.0 2.460575643142675 5.602168296732469 52.0 
309.0 271.0 2.460575643142675 5.602168296732469 52.0 
309.0 272.0 2.460575643142675 5.602168296732469 52.0 
309.0 273.0 2.460575643142675 5.602168296732469 52.0 
309.0 274.0 2.460575643142675 5.602168296732469 52.0 
309.0 275.0 2.460575643142675 5.602168296732469 52.0 
310.0 267.0 2.460575643142675 5.602168296732469 52.0 
310.0 268.0 2.460575643142675 5.602168296732469 52.0 
310.0 269.0 2.460575643142675 5.602168296732469 52.0 
310.0 270.0 2.460575643142675 5.602168296732469 52.0 
310.0 271.0 2.460575643142675 5.602168296732469 52.0 
310.0 272.0 2.460575643142675 5.602168296732469 52.0 
310.0 273.0 2.460575643142675 5.602168296732469 52.0 
310.0 274.0 2.460575643142675 5.602168296732469 52.0 
311.0 267.0 2.460575643142675 5.602168296732469 52.0 
311.0 268.0 2.460575643142675 5.602168296732469 52.0 
311.0 269.0 2.460575643142675 5.602168296732469 52.0 
311.0 270.0 2.460575643142675 5.602168296732469 52.0 
311.0 271.0 2.460575643142675 5.602168296732469 52.0 
311.0 272.0 2.460575643142675 5.602168296732469 52.0 
311.0 273.0 2.460575643142675 5.602168296732469 52.0 
312.0 266.0 2.460575643142675 5.602168296732469 52.0 
312.0 267.0 2.460575643142675 5.602168296732469 52.0 
312.0 268.0 2.460575643142675 5.602168296732469 52.0 
312.0 269.0 2.460575643142675 5.602168296732469 52.0 
312.0 270.0 2.460575643142675 5.602168296732469 52.0 
312.0 271.0 2.460575643142675 5.602168296732469 52.0 
312.0 272.0 2.460575643142675 5.602168296732469 52.0 
313.0 265.0 2.460575643142675 5.602168296732469 52.0 
313.0 266.0 2.460575643142675 5.602168296732469 52.0 
313.0 267.0 2.460575643142675 5.602168296732469 52.0 
313.0 268.0 2.460575643142675 5.602168296732469 52.0 
313.0 269.0 2.460575643142675 5.602168296732469 52.0 
313.0 270.0 2.460575643142675 5.602168296732469 52.0 
313.0 271.0 2.460575643142675 5.602168296732469 52.0 
313.0 272.0 2.460575643142675 5.602168296732469 52.0 
314.0 264.0 2.460575643142675 5.602168296732469 52.0 
314.0 265.0 2.460575643142675 5.602168296732469 52.0 
314.0 266.0 2.460575643142675 5.602168296732469 52.0 
314.0 267.0 2.460575643142675 5.602168296732469 52.0 
314.0 268.0 2.460575643142675 5.602168296732469 52.0 
314.0 269.0 2.460575643142675 5.602168296732469 52.0 
314.0 270.0 2.460575643142675 5.602168296732469 52.0 
314.0 271.0 2.460575643142675 5.602168296732469 52.0 
315.0 263.0 2.460575643142675 5.602168296732469 52.0 
315.0 264.0 2.460575643142675 5.602168296732469 52.0 
315.0 265.0 2.460575643142675 5.602168296732469 52.0 
315.0 266.0 2.460575643142675 5.602168296732469 52.0 
315.0 267.0 2.460575643142675 5.602168296732469 52.0 
315.0 268.0 2.460575643142675 5.602168296732469 52.0 
315.0 269.0 2.460575643142675 5.602168296732469 52.0 
315.0 270.0 2.460575643142675 5.602168296732469 52.0 
316.0 263.0 2.460575643142675 5.602168296732469 52.0 
316.0 264.0 2.460575643142675 5.602168296732469 52.0 
316.0 265.0 2.460575643142675 5.602168296732469 52.0 
316.0 266.0 2.460575643142675 5.602168296732469 52.0 
316.0 267.0 2.460575643142675 5.602168296732469 52.0 
316.0 268.0 2.460575643142675 5.602168296732469 52.0 
316.0 269.0 2.460575643142675 5.602168296732469 52.0 
317.0 262.0 2.460575643142675 5.602168296732469 52.0 
317.0 263.0 2.460575643142675 5.602168296732469 52.0 
317.0 264.0 2.460575643142675 5.602168296732469 52.0 
317.0 265.0 2.460575643142675 5.602168296732469 52.0 
317.0 266.0 2.460575643142675 5.602168296732469 52.0 
317.0 267.0 2.460575643142675 5.602168296732469 52.0 
317.0 268.0 2.460575643142675 5.602168296732469 52.0 
318.0 261.0 2.460575643142675 5.602168296732469 52.0 
318.0 262.0 2.460575643142675 5.602168296732469 52.0 
318.0 263.0 2.460575643142675 5.602168296732469 52.0 
318.0 264.0 2.460575643142675 5.602168296732469 52.0 
318.0 265.0 2.460575643142675 5.602168296732469 52.0 
318.0 266.0 2.460575643142675 5.602168296732469 52.0 
318.0 267.0 2.460575643142675 5.602168296732469 52.0 
318.0 268.0 2.460575643142675 5.602168296732469 52.0 
319.0 260.0 2.460575643142675 5.602168296732469 52.0 
319.0 261.0 2.460575643142675 5.602168296732469 52.0 
319.0 262.0 2.460575643142675 5.602168296732469 52.0 
319.0 263.0 2.460575643142675 5.602168296732469 52.0 
319.0 264.0 2.460575643142675 5.602168296732469 52.0 
319.0 265.0 2.460575643142675 5.602168296732469 52.0 
319.0 266.0 2.460575643142675 5.602168296732469 52.0 
319.0 267.0 2.460575643142675 5.602168296732469 52.0 
320.0 259.0 2.460575643142675 5.602168296732469 52.0 
320.0 260.0 2.460575643142675 5.602168296732469 52.0 
320.0 261.0 2.460575643142675 5.602168296732469 52.0 
320.0 262.0 2.460575643142675 5.602168296732469 52.0 
320.0 263.0 2.460575643142675 5.602168296732469 52.0 
320.0 264.0 2.460575643142675 5.602168296732469 52.0 
320.0 265.0 2.460575643142675 5.602168296732469 52.0 
320.0 266.0 2.460575643142675 5.602168296732469 52.0 
321.0 260.0 2.460575643142675 5.602168296732469 52.0 
321.0 261.0 2.460575643142675 5.602168296732469 52.0 
321.0 262.0 2.460575643142675 5.602168296732469 52.0 
321.0 263.0 2.460575643142675 5.602168296732469 52.0 
321.0 264.0 2.460575643142675 5.602168296732469 52.0 
321.0 265.0 2.460575643142675 5.602168296732469 52.0 
322.0 261.0 2.460575643142675 5.602168296732469 52.0 
322.0 262.0 2.460575643142675 5.602168296732469 52.0 
322.0 263.0 2.460575643142675 5.602168296732469 52.0 
322.0 264.0 2.460575643142675 5.602168296732469 52.0 
323.0 263.0 2.460575643142675 5.602168296732469 52.0 
323.0 264.0 2.460575643142675 5.602168296732469 52.0 
