312 209 1.5707963267948966 24.0 
312 210 1.5707963267948966 24.0 
312 211 1.5707963267948966 24.0 
312 212 1.5707963267948966 24.0 
312 213 1.5707963267948966 24.0 
312 214 1.5707963267948966 24.0 
312 215 1.5707963267948966 24.0 
312 216 1.5707963267948966 24.0 
312 217 1.5707963267948966 24.0 
312 218 1.5707963267948966 24.0 
312 219 1.5707963267948966 24.0 
312 220 1.5707963267948966 24.0 
312 221 1.5707963267948966 24.0 
313 209 1.5707963267948966 24.0 
313 210 1.5707963267948966 24.0 
313 211 1.5707963267948966 24.0 
313 212 1.5707963267948966 24.0 
313 213 1.5707963267948966 24.0 
313 214 1.5707963267948966 24.0 
313 215 1.5707963267948966 24.0 
313 216 1.5707963267948966 24.0 
313 217 1.5707963267948966 24.0 
313 218 1.5707963267948966 24.0 
313 219 1.5707963267948966 24.0 
313 220 1.5707963267948966 24.0 
313 221 1.5707963267948966 24.0 
312.0 240.0 1.6332151367908536 4.774807790380646 24.0 
312.0 241.0 1.6332151367908536 4.774807790380646 24.0 
312.0 242.0 1.6332151367908536 4.774807790380646 24.0 
312.0 243.0 1.6332151367908536 4.774807790380646 24.0 
312.0 244.0 1.6332151367908536 4.774807790380646 24.0 
312.0 245.0 1.6332151367908536 4.774807790380646 24.0 
312.0 246.0 1.6332151367908536 4.774807790380646 24.0 
312.0 247.0 1.6332151367908536 4.774807790380646 24.0 
312.0 248.0 1.6332151367908536 4.774807790380646 24.0 
312.0 249.0 1.6332151367908536 4.774807790380646 24.0 
312.0 250.0 1.6332151367908536 4.774807790380646 24.0 
312.0 251.0 1.6332151367908536 4.774807790380646 24.0 
312.0 252.0 1.6332151367908536 4.774807790380646 24.0 
312.0 253.0 1.6332151367908536 4.774807790380646 24.0 
312.0 254.0 1.6332151367908536 4.774807790380646 24.0 
312.0 255.0 1.6332151367908536 4.774807790380646 24.0 
313.0 224.0 1.6332151367908536 4.774807790380646 24.0 
313.0 225.0 1.6332151367908536 4.774807790380646 24.0 
313.0 226.0 1.6332151367908536 4.774807790380646 24.0 
313.0 227.0 1.6332151367908536 4.774807790380646 24.0 
313.0 228.0 1.6332151367908536 4.774807790380646 24.0 
313.0 229.0 1.6332151367908536 4.774807790380646 24.0 
313.0 230.0 1.6332151367908536 4.774807790380646 24.0 
313.0 231.0 1.6332151367908536 4.774807790380646 24.0 
313.0 232.0 1.6332151367908536 4.774807790380646 24.0 
313.0 233.0 1.6332151367908536 4.774807790380646 24.0 
313.0 234.0 1.6332151367908536 4.774807790380646 24.0 
313.0 235.0 1.6332151367908536 4.774807790380646 24.0 
313.0 236.0 1.6332151367908536 4.774807790380646 24.0 
313.0 237.0 1.6332151367908536 4.774807790380646 24.0 
313.0 238.0 1.6332151367908536 4.774807790380646 24.0 
313.0 239.0 1.6332151367908536 4.774807790380646 24.0 
313.0 240.0 1.6332151367908536 4.774807790380646 24.0 
313.0 241.0 1.6332151367908536 4.774807790380646 24.0 
313.0 242.0 1.6332151367908536 4.774807790380646 24.0 
313.0 243.0 1.6332151367908536 4.774807790380646 24.0 
313.0 244.0 1.6332151367908536 4.774807790380646 24.0 
313.0 245.0 1.6332151367908536 4.774807790380646 24.0 
313.0 246.0 1.6332151367908536 4.774807790380646 24.0 
313.0 247.0 1.6332151367908536 4.774807790380646 24.0 
313.0 248.0 1.6332151367908536 4.774807790380646 24.0 
313.0 249.0 1.6332151367908536 4.774807790380646 24.0 
313.0 250.0 1.6332151367908536 4.774807790380646 24.0 
313.0 251.0 1.6332151367908536 4.774807790380646 24.0 
313.0 252.0 1.6332151367908536 4.774807790380646 24.0 
313.0 253.0 1.6332151367908536 4.774807790380646 24.0 
313.0 254.0 1.6332151367908536 4.774807790380646 24.0 
313.0 255.0 1.6332151367908536 4.774807790380646 24.0 
313.0 256.0 1.6332151367908536 4.774807790380646 24.0 
314.0 224.0 1.6332151367908536 4.774807790380646 24.0 
314.0 225.0 1.6332151367908536 4.774807790380646 24.0 
314.0 226.0 1.6332151367908536 4.774807790380646 24.0 
314.0 227.0 1.6332151367908536 4.774807790380646 24.0 
314.0 228.0 1.6332151367908536 4.774807790380646 24.0 
314.0 229.0 1.6332151367908536 4.774807790380646 24.0 
314.0 230.0 1.6332151367908536 4.774807790380646 24.0 
314.0 231.0 1.6332151367908536 4.774807790380646 24.0 
314.0 232.0 1.6332151367908536 4.774807790380646 24.0 
314.0 233.0 1.6332151367908536 4.774807790380646 24.0 
314.0 234.0 1.6332151367908536 4.774807790380646 24.0 
314.0 235.0 1.6332151367908536 4.774807790380646 24.0 
314.0 236.0 1.6332151367908536 4.774807790380646 24.0 
314.0 237.0 1.6332151367908536 4.774807790380646 24.0 
314.0 238.0 1.6332151367908536 4.774807790380646 24.0 
314.0 239.0 1.6332151367908536 4.774807790380646 24.0 
314.0 240.0 1.6332151367908536 4.774807790380646 24.0 
303.0 266.0 2.3086113869153624 5.450204040505156 24.0 
304.0 265.0 2.3086113869153624 5.450204040505156 24.0 
304.0 266.0 2.3086113869153624 5.450204040505156 24.0 
304.0 267.0 2.3086113869153624 5.450204040505156 24.0 
305.0 264.0 2.3086113869153624 5.450204040505156 24.0 
305.0 265.0 2.3086113869153624 5.450204040505156 24.0 
305.0 266.0 2.3086113869153624 5.450204040505156 24.0 
306.0 263.0 2.3086113869153624 5.450204040505156 24.0 
306.0 264.0 2.3086113869153624 5.450204040505156 24.0 
306.0 265.0 2.3086113869153624 5.450204040505156 24.0 
307.0 262.0 2.3086113869153624 5.450204040505156 24.0 
307.0 263.0 2.3086113869153624 5.450204040505156 24.0 
307.0 264.0 2.3086113869153624 5.450204040505156 24.0 
308.0 261.0 2.3086113869153624 5.450204040505156 24.0 
308.0 262.0 2.3086113869153624 5.450204040505156 24.0 
309.0 259.0 2.3086113869153624 5.450204040505156 24.0 
309.0 260.0 2.3086113869153624 5.450204040505156 24.0 
309.0 261.0 2.3086113869153624 5.450204040505156 24.0 
310.0 258.0 2.3086113869153624 5.450204040505156 24.0 
310.0 259.0 2.3086113869153624 5.450204040505156 24.0 
310.0 260.0 2.3086113869153624 5.450204040505156 24.0 
311.0 257.0 2.3086113869153624 5.450204040505156 24.0 
311.0 258.0 2.3086113869153624 5.450204040505156 24.0 
311.0 259.0 2.3086113869153624 5.450204040505156 24.0 
312.0 256.0 2.3086113869153624 5.450204040505156 24.0 
312.0 257.0 2.3086113869153624 5.450204040505156 24.0 
312.0 258.0 2.3086113869153624 5.450204040505156 24.0 
313.0 256.0 2.3086113869153624 5.450204040505156 24.0 
313.0 257.0 2.3086113869153624 5.450204040505156 24.0 
255 267 3.6052402625905984 24.0 
255 268 3.6052402625905984 24.0 
256 267 3.6052402625905984 24.0 
256 268 3.6052402625905984 24.0 
257 267 3.6052402625905984 24.0 
257 268 3.6052402625905984 24.0 
257 269 3.6052402625905984 24.0 
258 268 3.6052402625905984 24.0 
258 269 3.6052402625905984 24.0 
259 268 3.6052402625905984 24.0 
259 269 3.6052402625905984 24.0 
259 270 3.6052402625905984 24.0 
260 269 3.6052402625905984 24.0 
260 270 3.6052402625905984 24.0 
261 269 3.6052402625905984 24.0 
261 270 3.6052402625905984 24.0 
261 271 3.6052402625905984 24.0 
262 270 3.6052402625905984 24.0 
262 271 3.6052402625905984 24.0 
263 270 3.6052402625905984 24.0 
263 271 3.6052402625905984 24.0 
263 272 3.6052402625905984 24.0 
264 271 3.6052402625905984 24.0 
264 272 3.6052402625905984 24.0 
265 271 3.6052402625905984 24.0 
265 272 3.6052402625905984 24.0 
265 273 3.6052402625905984 24.0 
266 272 3.6052402625905984 24.0 
266 273 3.6052402625905984 24.0 
267 272 3.6052402625905984 24.0 
270.0 275.0 3.512483942402456 0.370891288812663 24.0 
270.0 276.0 3.512483942402456 0.370891288812663 24.0 
271.0 275.0 3.512483942402456 0.370891288812663 24.0 
271.0 276.0 3.512483942402456 0.370891288812663 24.0 
272.0 275.0 3.512483942402456 0.370891288812663 24.0 
272.0 276.0 3.512483942402456 0.370891288812663 24.0 
273.0 276.0 3.512483942402456 0.370891288812663 24.0 
273.0 277.0 3.512483942402456 0.370891288812663 24.0 
274.0 276.0 3.512483942402456 0.370891288812663 24.0 
274.0 277.0 3.512483942402456 0.370891288812663 24.0 
275.0 276.0 3.512483942402456 0.370891288812663 24.0 
275.0 277.0 3.512483942402456 0.370891288812663 24.0 
275.0 278.0 3.512483942402456 0.370891288812663 24.0 
276.0 277.0 3.512483942402456 0.370891288812663 24.0 
276.0 278.0 3.512483942402456 0.370891288812663 24.0 
277.0 277.0 3.512483942402456 0.370891288812663 24.0 
277.0 278.0 3.512483942402456 0.370891288812663 24.0 
278.0 278.0 3.512483942402456 0.370891288812663 24.0 
278.0 279.0 3.512483942402456 0.370891288812663 24.0 
279.0 278.0 3.512483942402456 0.370891288812663 24.0 
279.0 279.0 3.512483942402456 0.370891288812663 24.0 
280.0 278.0 3.512483942402456 0.370891288812663 24.0 
280.0 279.0 3.512483942402456 0.370891288812663 24.0 
281.0 279.0 3.512483942402456 0.370891288812663 24.0 
281.0 280.0 3.512483942402456 0.370891288812663 24.0 
282.0 279.0 3.512483942402456 0.370891288812663 24.0 
282.0 280.0 3.512483942402456 0.370891288812663 24.0 
283.0 279.0 3.512483942402456 0.370891288812663 24.0 
283.0 280.0 3.512483942402456 0.370891288812663 24.0 
283.0 281.0 3.512483942402456 0.370891288812663 24.0 
284.0 280.0 3.512483942402456 0.370891288812663 24.0 
284.0 281.0 3.512483942402456 0.370891288812663 24.0 
285.0 280.0 3.512483942402456 0.370891288812663 24.0 
285.0 281.0 3.512483942402456 0.370891288812663 24.0 
286.0 281.0 3.512483942402456 0.370891288812663 24.0 
286.0 282.0 3.512483942402456 0.370891288812663 24.0 
287.0 281.0 3.512483942402456 0.370891288812663 24.0 
287.0 282.0 3.512483942402456 0.370891288812663 24.0 
288.0 281.0 3.512483942402456 0.370891288812663 24.0 
293.0 281.0 3.2247338854782344 0.08314123188844147 24.0 
293.0 282.0 3.2247338854782344 0.08314123188844147 24.0 
294.0 281.0 3.2247338854782344 0.08314123188844147 24.0 
294.0 282.0 3.2247338854782344 0.08314123188844147 24.0 
295.0 281.0 3.2247338854782344 0.08314123188844147 24.0 
295.0 282.0 3.2247338854782344 0.08314123188844147 24.0 
296.0 281.0 3.2247338854782344 0.08314123188844147 24.0 
296.0 282.0 3.2247338854782344 0.08314123188844147 24.0 
297.0 281.0 3.2247338854782344 0.08314123188844147 24.0 
297.0 282.0 3.2247338854782344 0.08314123188844147 24.0 
298.0 281.0 3.2247338854782344 0.08314123188844147 24.0 
298.0 282.0 3.2247338854782344 0.08314123188844147 24.0 
299.0 281.0 3.2247338854782344 0.08314123188844147 24.0 
299.0 282.0 3.2247338854782344 0.08314123188844147 24.0 
300.0 281.0 3.2247338854782344 0.08314123188844147 24.0 
300.0 282.0 3.2247338854782344 0.08314123188844147 24.0 
301.0 281.0 3.2247338854782344 0.08314123188844147 24.0 
301.0 282.0 3.2247338854782344 0.08314123188844147 24.0 
302.0 281.0 3.2247338854782344 0.08314123188844147 24.0 
302.0 282.0 3.2247338854782344 0.08314123188844147 24.0 
303.0 281.0 3.2247338854782344 0.08314123188844147 24.0 
303.0 282.0 3.2247338854782344 0.08314123188844147 24.0 
304.0 281.0 3.2247338854782344 0.08314123188844147 24.0 
304.0 282.0 3.2247338854782344 0.08314123188844147 24.0 
305.0 281.0 3.2247338854782344 0.08314123188844147 24.0 
277.0 214.0 2.432966381462123 5.574559035051916 24.0 
278.0 213.0 2.432966381462123 5.574559035051916 24.0 
278.0 214.0 2.432966381462123 5.574559035051916 24.0 
278.0 215.0 2.432966381462123 5.574559035051916 24.0 
279.0 212.0 2.432966381462123 5.574559035051916 24.0 
279.0 213.0 2.432966381462123 5.574559035051916 24.0 
279.0 214.0 2.432966381462123 5.574559035051916 24.0 
280.0 212.0 2.432966381462123 5.574559035051916 24.0 
280.0 213.0 2.432966381462123 5.574559035051916 24.0 
281.0 211.0 2.432966381462123 5.574559035051916 24.0 
281.0 212.0 2.432966381462123 5.574559035051916 24.0 
282.0 210.0 2.432966381462123 5.574559035051916 24.0 
282.0 211.0 2.432966381462123 5.574559035051916 24.0 
282.0 212.0 2.432966381462123 5.574559035051916 24.0 
283.0 209.0 2.432966381462123 5.574559035051916 24.0 
283.0 210.0 2.432966381462123 5.574559035051916 24.0 
283.0 211.0 2.432966381462123 5.574559035051916 24.0 
284.0 208.0 2.432966381462123 5.574559035051916 24.0 
284.0 209.0 2.432966381462123 5.574559035051916 24.0 
284.0 210.0 2.432966381462123 5.574559035051916 24.0 
285.0 207.0 2.432966381462123 5.574559035051916 24.0 
285.0 208.0 2.432966381462123 5.574559035051916 24.0 
285.0 209.0 2.432966381462123 5.574559035051916 24.0 
286.0 206.0 2.432966381462123 5.574559035051916 24.0 
286.0 207.0 2.432966381462123 5.574559035051916 24.0 
286.0 208.0 2.432966381462123 5.574559035051916 24.0 
287.0 206.0 2.432966381462123 5.574559035051916 24.0 
287.0 207.0 2.432966381462123 5.574559035051916 24.0 
288.0 205.0 2.432966381462123 5.574559035051916 24.0 
288.0 206.0 2.432966381462123 5.574559035051916 24.0 
289.0 204.0 2.432966381462123 5.574559035051916 24.0 
289.0 205.0 2.432966381462123 5.574559035051916 24.0 
289.0 206.0 2.432966381462123 5.574559035051916 24.0 
290.0 203.0 2.432966381462123 5.574559035051916 24.0 
290.0 204.0 2.432966381462123 5.574559035051916 24.0 
290.0 205.0 2.432966381462123 5.574559035051916 24.0 
291.0 203.0 2.432966381462123 5.574559035051916 24.0 
291.0 204.0 2.432966381462123 5.574559035051916 24.0 
252.0 246.0 2.089942441041419 5.231535094631212 24.0 
252.0 247.0 2.089942441041419 5.231535094631212 24.0 
253.0 245.0 2.089942441041419 5.231535094631212 24.0 
253.0 246.0 2.089942441041419 5.231535094631212 24.0 
253.0 247.0 2.089942441041419 5.231535094631212 24.0 
253.0 248.0 2.089942441041419 5.231535094631212 24.0 
254.0 243.0 2.089942441041419 5.231535094631212 24.0 
254.0 244.0 2.089942441041419 5.231535094631212 24.0 
254.0 245.0 2.089942441041419 5.231535094631212 24.0 
254.0 246.0 2.089942441041419 5.231535094631212 24.0 
255.0 241.0 2.089942441041419 5.231535094631212 24.0 
255.0 242.0 2.089942441041419 5.231535094631212 24.0 
255.0 243.0 2.089942441041419 5.231535094631212 24.0 
255.0 244.0 2.089942441041419 5.231535094631212 24.0 
256.0 239.0 2.089942441041419 5.231535094631212 24.0 
256.0 240.0 2.089942441041419 5.231535094631212 24.0 
256.0 241.0 2.089942441041419 5.231535094631212 24.0 
256.0 242.0 2.089942441041419 5.231535094631212 24.0 
256.0 243.0 2.089942441041419 5.231535094631212 24.0 
257.0 238.0 2.089942441041419 5.231535094631212 24.0 
257.0 239.0 2.089942441041419 5.231535094631212 24.0 
257.0 240.0 2.089942441041419 5.231535094631212 24.0 
257.0 241.0 2.089942441041419 5.231535094631212 24.0 
258.0 236.0 2.089942441041419 5.231535094631212 24.0 
258.0 237.0 2.089942441041419 5.231535094631212 24.0 
258.0 238.0 2.089942441041419 5.231535094631212 24.0 
258.0 239.0 2.089942441041419 5.231535094631212 24.0 
259.0 234.0 2.089942441041419 5.231535094631212 24.0 
259.0 235.0 2.089942441041419 5.231535094631212 24.0 
259.0 236.0 2.089942441041419 5.231535094631212 24.0 
259.0 237.0 2.089942441041419 5.231535094631212 24.0 
260.0 234.0 2.089942441041419 5.231535094631212 24.0 
260.0 235.0 2.089942441041419 5.231535094631212 24.0 
260.0 236.0 2.089942441041419 5.231535094631212 24.0 
