248.0 269.0 4.58608086332145 1.4444882097316565 48.0 
248.0 270.0 4.58608086332145 1.4444882097316565 48.0 
248.0 271.0 4.58608086332145 1.4444882097316565 48.0 
248.0 272.0 4.58608086332145 1.4444882097316565 48.0 
248.0 273.0 4.58608086332145 1.4444882097316565 48.0 
248.0 274.0 4.58608086332145 1.4444882097316565 48.0 
248.0 275.0 4.58608086332145 1.4444882097316565 48.0 
248.0 276.0 4.58608086332145 1.4444882097316565 48.0 
249.0 269.0 4.58608086332145 1.4444882097316565 48.0 
249.0 270.0 4.58608086332145 1.4444882097316565 48.0 
249.0 271.0 4.58608086332145 1.4444882097316565 48.0 
249.0 272.0 4.58608086332145 1.4444882097316565 48.0 
249.0 273.0 4.58608086332145 1.4444882097316565 48.0 
249.0 274.0 4.58608086332145 1.4444882097316565 48.0 
249.0 275.0 4.58608086332145 1.4444882097316565 48.0 
249.0 276.0 4.58608086332145 1.4444882097316565 48.0 
249.0 277.0 4.58608086332145 1.4444882097316565 48.0 
249.0 278.0 4.58608086332145 1.4444882097316565 48.0 
249.0 279.0 4.58608086332145 1.4444882097316565 48.0 
249.0 280.0 4.58608086332145 1.4444882097316565 48.0 
249.0 281.0 4.58608086332145 1.4444882097316565 48.0 
249.0 282.0 4.58608086332145 1.4444882097316565 48.0 
249.0 283.0 4.58608086332145 1.4444882097316565 48.0 
250.0 268.0 4.58608086332145 1.4444882097316565 48.0 
250.0 269.0 4.58608086332145 1.4444882097316565 48.0 
250.0 270.0 4.58608086332145 1.4444882097316565 48.0 
250.0 271.0 4.58608086332145 1.4444882097316565 48.0 
250.0 272.0 4.58608086332145 1.4444882097316565 48.0 
250.0 273.0 4.58608086332145 1.4444882097316565 48.0 
250.0 274.0 4.58608086332145 1.4444882097316565 48.0 
250.0 275.0 4.58608086332145 1.4444882097316565 48.0 
250.0 276.0 4.58608086332145 1.4444882097316565 48.0 
250.0 277.0 4.58608086332145 1.4444882097316565 48.0 
250.0 278.0 4.58608086332145 1.4444882097316565 48.0 
250.0 279.0 4.58608086332145 1.4444882097316565 48.0 
250.0 280.0 4.58608086332145 1.4444882097316565 48.0 
250.0 281.0 4.58608086332145 1.4444882097316565 48.0 
250.0 282.0 4.58608086332145 1.4444882097316565 48.0 
250.0 283.0 4.58608086332145 1.4444882097316565 48.0 
250.0 284.0 4.58608086332145 1.4444882097316565 48.0 
250.0 285.0 4.58608086332145 1.4444882097316565 48.0 
250.0 286.0 4.58608086332145 1.4444882097316565 48.0 
250.0 287.0 4.58608086332145 1.4444882097316565 48.0 
250.0 288.0 4.58608086332145 1.4444882097316565 48.0 
250.0 289.0 4.58608086332145 1.4444882097316565 48.0 
250.0 290.0 4.58608086332145 1.4444882097316565 48.0 
250.0 291.0 4.58608086332145 1.4444882097316565 48.0 
251.0 268.0 4.58608086332145 1.4444882097316565 48.0 
251.0 269.0 4.58608086332145 1.4444882097316565 48.0 
251.0 270.0 4.58608086332145 1.4444882097316565 48.0 
251.0 271.0 4.58608086332145 1.4444882097316565 48.0 
251.0 272.0 4.58608086332145 1.4444882097316565 48.0 
251.0 273.0 4.58608086332145 1.4444882097316565 48.0 
251.0 274.0 4.58608086332145 1.4444882097316565 48.0 
251.0 275.0 4.58608086332145 1.4444882097316565 48.0 
251.0 276.0 4.58608086332145 1.4444882097316565 48.0 
251.0 277.0 4.58608086332145 1.4444882097316565 48.0 
251.0 278.0 4.58608086332145 1.4444882097316565 48.0 
251.0 279.0 4.58608086332145 1.4444882097316565 48.0 
251.0 280.0 4.58608086332145 1.4444882097316565 48.0 
251.0 281.0 4.58608086332145 1.4444882097316565 48.0 
251.0 282.0 4.58608086332145 1.4444882097316565 48.0 
251.0 283.0 4.58608086332145 1.4444882097316565 48.0 
251.0 284.0 4.58608086332145 1.4444882097316565 48.0 
251.0 285.0 4.58608086332145 1.4444882097316565 48.0 
251.0 286.0 4.58608086332145 1.4444882097316565 48.0 
251.0 287.0 4.58608086332145 1.4444882097316565 48.0 
251.0 288.0 4.58608086332145 1.4444882097316565 48.0 
251.0 289.0 4.58608086332145 1.4444882097316565 48.0 
251.0 290.0 4.58608086332145 1.4444882097316565 48.0 
251.0 291.0 4.58608086332145 1.4444882097316565 48.0 
251.0 292.0 4.58608086332145 1.4444882097316565 48.0 
251.0 293.0 4.58608086332145 1.4444882097316565 48.0 
251.0 294.0 4.58608086332145 1.4444882097316565 48.0 
251.0 295.0 4.58608086332145 1.4444882097316565 48.0 
251.0 296.0 4.58608086332145 1.4444882097316565 48.0 
251.0 297.0 4.58608086332145 1.4444882097316565 48.0 
251.0 298.0 4.58608086332145 1.4444882097316565 48.0 
251.0 299.0 4.58608086332145 1.4444882097316565 48.0 
252.0 268.0 4.58608086332145 1.4444882097316565 48.0 
252.0 269.0 4.58608086332145 1.4444882097316565 48.0 
252.0 270.0 4.58608086332145 1.4444882097316565 48.0 
252.0 271.0 4.58608086332145 1.4444882097316565 48.0 
252.0 272.0 4.58608086332145 1.4444882097316565 48.0 
252.0 273.0 4.58608086332145 1.4444882097316565 48.0 
252.0 274.0 4.58608086332145 1.4444882097316565 48.0 
252.0 275.0 4.58608086332145 1.4444882097316565 48.0 
252.0 276.0 4.58608086332145 1.4444882097316565 48.0 
252.0 277.0 4.58608086332145 1.4444882097316565 48.0 
252.0 278.0 4.58608086332145 1.4444882097316565 48.0 
252.0 279.0 4.58608086332145 1.4444882097316565 48.0 
252.0 280.0 4.58608086332145 1.4444882097316565 48.0 
252.0 281.0 4.58608086332145 1.4444882097316565 48.0 
252.0 282.0 4.58608086332145 1.4444882097316565 48.0 
252.0 283.0 4.58608086332145 1.4444882097316565 48.0 
252.0 284.0 4.58608086332145 1.4444882097316565 48.0 
252.0 285.0 4.58608086332145 1.4444882097316565 48.0 
252.0 286.0 4.58608086332145 1.4444882097316565 48.0 
252.0 287.0 4.58608086332145 1.4444882097316565 48.0 
252.0 288.0 4.58608086332145 1.4444882097316565 48.0 
252.0 289.0 4.58608086332145 1.4444882097316565 48.0 
252.0 290.0 4.58608086332145 1.4444882097316565 48.0 
252.0 291.0 4.58608086332145 1.4444882097316565 48.0 
252.0 292.0 4.58608086332145 1.4444882097316565 48.0 
252.0 293.0 4.58608086332145 1.4444882097316565 48.0 
252.0 294.0 4.58608086332145 1.4444882097316565 48.0 
252.0 295.0 4.58608086332145 1.4444882097316565 48.0 
252.0 296.0 4.58608086332145 1.4444882097316565 48.0 
252.0 297.0 4.58608086332145 1.4444882097316565 48.0 
252.0 298.0 4.58608086332145 1.4444882097316565 48.0 
252.0 299.0 4.58608086332145 1.4444882097316565 48.0 
252.0 300.0 4.58608086332145 1.4444882097316565 48.0 
252.0 301.0 4.58608086332145 1.4444882097316565 48.0 
252.0 302.0 4.58608086332145 1.4444882097316565 48.0 
252.0 303.0 4.58608086332145 1.4444882097316565 48.0 
252.0 304.0 4.58608086332145 1.4444882097316565 48.0 
252.0 305.0 4.58608086332145 1.4444882097316565 48.0 
252.0 306.0 4.58608086332145 1.4444882097316565 48.0 
252.0 307.0 4.58608086332145 1.4444882097316565 48.0 
253.0 268.0 4.58608086332145 1.4444882097316565 48.0 
253.0 269.0 4.58608086332145 1.4444882097316565 48.0 
253.0 270.0 4.58608086332145 1.4444882097316565 48.0 
253.0 271.0 4.58608086332145 1.4444882097316565 48.0 
253.0 272.0 4.58608086332145 1.4444882097316565 48.0 
253.0 273.0 4.58608086332145 1.4444882097316565 48.0 
253.0 274.0 4.58608086332145 1.4444882097316565 48.0 
253.0 275.0 4.58608086332145 1.4444882097316565 48.0 
253.0 276.0 4.58608086332145 1.4444882097316565 48.0 
253.0 277.0 4.58608086332145 1.4444882097316565 48.0 
253.0 278.0 4.58608086332145 1.4444882097316565 48.0 
253.0 279.0 4.58608086332145 1.4444882097316565 48.0 
253.0 280.0 4.58608086332145 1.4444882097316565 48.0 
253.0 281.0 4.58608086332145 1.4444882097316565 48.0 
253.0 282.0 4.58608086332145 1.4444882097316565 48.0 
253.0 283.0 4.58608086332145 1.4444882097316565 48.0 
253.0 284.0 4.58608086332145 1.4444882097316565 48.0 
253.0 285.0 4.58608086332145 1.4444882097316565 48.0 
253.0 286.0 4.58608086332145 1.4444882097316565 48.0 
253.0 287.0 4.58608086332145 1.4444882097316565 48.0 
253.0 288.0 4.58608086332145 1.4444882097316565 48.0 
253.0 289.0 4.58608086332145 1.4444882097316565 48.0 
253.0 290.0 4.58608086332145 1.4444882097316565 48.0 
253.0 291.0 4.58608086332145 1.4444882097316565 48.0 
253.0 292.0 4.58608086332145 1.4444882097316565 48.0 
253.0 293.0 4.58608086332145 1.4444882097316565 48.0 
253.0 294.0 4.58608086332145 1.4444882097316565 48.0 
253.0 295.0 4.58608086332145 1.4444882097316565 48.0 
253.0 296.0 4.58608086332145 1.4444882097316565 48.0 
253.0 297.0 4.58608086332145 1.4444882097316565 48.0 
253.0 298.0 4.58608086332145 1.4444882097316565 48.0 
253.0 299.0 4.58608086332145 1.4444882097316565 48.0 
253.0 300.0 4.58608086332145 1.4444882097316565 48.0 
253.0 301.0 4.58608086332145 1.4444882097316565 48.0 
253.0 302.0 4.58608086332145 1.4444882097316565 48.0 
253.0 303.0 4.58608086332145 1.4444882097316565 48.0 
253.0 304.0 4.58608086332145 1.4444882097316565 48.0 
253.0 305.0 4.58608086332145 1.4444882097316565 48.0 
253.0 306.0 4.58608086332145 1.4444882097316565 48.0 
253.0 307.0 4.58608086332145 1.4444882097316565 48.0 
253.0 308.0 4.58608086332145 1.4444882097316565 48.0 
253.0 309.0 4.58608086332145 1.4444882097316565 48.0 
253.0 310.0 4.58608086332145 1.4444882097316565 48.0 
253.0 311.0 4.58608086332145 1.4444882097316565 48.0 
253.0 312.0 4.58608086332145 1.4444882097316565 48.0 
253.0 313.0 4.58608086332145 1.4444882097316565 48.0 
253.0 314.0 4.58608086332145 1.4444882097316565 48.0 
253.0 315.0 4.58608086332145 1.4444882097316565 48.0 
254.0 276.0 4.58608086332145 1.4444882097316565 48.0 
254.0 277.0 4.58608086332145 1.4444882097316565 48.0 
254.0 278.0 4.58608086332145 1.4444882097316565 48.0 
254.0 279.0 4.58608086332145 1.4444882097316565 48.0 
254.0 280.0 4.58608086332145 1.4444882097316565 48.0 
254.0 281.0 4.58608086332145 1.4444882097316565 48.0 
254.0 282.0 4.58608086332145 1.4444882097316565 48.0 
254.0 283.0 4.58608086332145 1.4444882097316565 48.0 
254.0 284.0 4.58608086332145 1.4444882097316565 48.0 
254.0 285.0 4.58608086332145 1.4444882097316565 48.0 
254.0 286.0 4.58608086332145 1.4444882097316565 48.0 
254.0 287.0 4.58608086332145 1.4444882097316565 48.0 
254.0 288.0 4.58608086332145 1.4444882097316565 48.0 
254.0 289.0 4.58608086332145 1.4444882097316565 48.0 
254.0 290.0 4.58608086332145 1.4444882097316565 48.0 
254.0 291.0 4.58608086332145 1.4444882097316565 48.0 
254.0 292.0 4.58608086332145 1.4444882097316565 48.0 
254.0 293.0 4.58608086332145 1.4444882097316565 48.0 
254.0 294.0 4.58608086332145 1.4444882097316565 48.0 
254.0 295.0 4.58608086332145 1.4444882097316565 48.0 
254.0 296.0 4.58608086332145 1.4444882097316565 48.0 
254.0 297.0 4.58608086332145 1.4444882097316565 48.0 
254.0 298.0 4.58608086332145 1.4444882097316565 48.0 
254.0 299.0 4.58608086332145 1.4444882097316565 48.0 
254.0 300.0 4.58608086332145 1.4444882097316565 48.0 
254.0 301.0 4.58608086332145 1.4444882097316565 48.0 
254.0 302.0 4.58608086332145 1.4444882097316565 48.0 
254.0 303.0 4.58608086332145 1.4444882097316565 48.0 
254.0 304.0 4.58608086332145 1.4444882097316565 48.0 
254.0 305.0 4.58608086332145 1.4444882097316565 48.0 
254.0 306.0 4.58608086332145 1.4444882097316565 48.0 
254.0 307.0 4.58608086332145 1.4444882097316565 48.0 
254.0 308.0 4.58608086332145 1.4444882097316565 48.0 
254.0 309.0 4.58608086332145 1.4444882097316565 48.0 
254.0 310.0 4.58608086332145 1.4444882097316565 48.0 
254.0 311.0 4.58608086332145 1.4444882097316565 48.0 
254.0 312.0 4.58608086332145 1.4444882097316565 48.0 
254.0 313.0 4.58608086332145 1.4444882097316565 48.0 
254.0 314.0 4.58608086332145 1.4444882097316565 48.0 
254.0 315.0 4.58608086332145 1.4444882097316565 48.0 
254.0 316.0 4.58608086332145 1.4444882097316565 48.0 
254.0 317.0 4.58608086332145 1.4444882097316565 48.0 
254.0 318.0 4.58608086332145 1.4444882097316565 48.0 
254.0 319.0 4.58608086332145 1.4444882097316565 48.0 
254.0 320.0 4.58608086332145 1.4444882097316565 48.0 
254.0 321.0 4.58608086332145 1.4444882097316565 48.0 
254.0 322.0 4.58608086332145 1.4444882097316565 48.0 
254.0 323.0 4.58608086332145 1.4444882097316565 48.0 
255.0 284.0 4.58608086332145 1.4444882097316565 48.0 
255.0 285.0 4.58608086332145 1.4444882097316565 48.0 
255.0 286.0 4.58608086332145 1.4444882097316565 48.0 
255.0 287.0 4.58608086332145 1.4444882097316565 48.0 
255.0 288.0 4.58608086332145 1.4444882097316565 48.0 
255.0 289.0 4.58608086332145 1.4444882097316565 48.0 
255.0 290.0 4.58608086332145 1.4444882097316565 48.0 
255.0 291.0 4.58608086332145 1.4444882097316565 48.0 
255.0 292.0 4.58608086332145 1.4444882097316565 48.0 
255.0 293.0 4.58608086332145 1.4444882097316565 48.0 
255.0 294.0 4.58608086332145 1.4444882097316565 48.0 
255.0 295.0 4.58608086332145 1.4444882097316565 48.0 
255.0 296.0 4.58608086332145 1.4444882097316565 48.0 
255.0 297.0 4.58608086332145 1.4444882097316565 48.0 
255.0 298.0 4.58608086332145 1.4444882097316565 48.0 
255.0 299.0 4.58608086332145 1.4444882097316565 48.0 
255.0 300.0 4.58608086332145 1.4444882097316565 48.0 
255.0 301.0 4.58608086332145 1.4444882097316565 48.0 
255.0 302.0 4.58608086332145 1.4444882097316565 48.0 
255.0 303.0 4.58608086332145 1.4444882097316565 48.0 
255.0 304.0 4.58608086332145 1.4444882097316565 48.0 
255.0 305.0 4.58608086332145 1.4444882097316565 48.0 
255.0 306.0 4.58608086332145 1.4444882097316565 48.0 
255.0 307.0 4.58608086332145 1.4444882097316565 48.0 
255.0 308.0 4.58608086332145 1.4444882097316565 48.0 
255.0 309.0 4.58608086332145 1.4444882097316565 48.0 
255.0 310.0 4.58608086332145 1.4444882097316565 48.0 
255.0 311.0 4.58608086332145 1.4444882097316565 48.0 
255.0 312.0 4.58608086332145 1.4444882097316565 48.0 
255.0 313.0 4.58608086332145 1.4444882097316565 48.0 
255.0 314.0 4.58608086332145 1.4444882097316565 48.0 
255.0 315.0 4.58608086332145 1.4444882097316565 48.0 
255.0 316.0 4.58608086332145 1.4444882097316565 48.0 
255.0 317.0 4.58608086332145 1.4444882097316565 48.0 
255.0 318.0 4.58608086332145 1.4444882097316565 48.0 
255.0 319.0 4.58608086332145 1.4444882097316565 48.0 
255.0 320.0 4.58608086332145 1.4444882097316565 48.0 
255.0 321.0 4.58608086332145 1.4444882097316565 48.0 
255.0 322.0 4.58608086332145 1.4444882097316565 48.0 
255.0 323.0 4.58608086332145 1.4444882097316565 48.0 
255.0 324.0 4.58608086332145 1.4444882097316565 48.0 
255.0 325.0 4.58608086332145 1.4444882097316565 48.0 
255.0 326.0 4.58608086332145 1.4444882097316565 48.0 
255.0 327.0 4.58608086332145 1.4444882097316565 48.0 
255.0 328.0 4.58608086332145 1.4444882097316565 48.0 
255.0 329.0 4.58608086332145 1.4444882097316565 48.0 
255.0 330.0 4.58608086332145 1.4444882097316565 48.0 
255.0 331.0 4.58608086332145 1.4444882097316565 48.0 
256.0 292.0 4.58608086332145 1.4444882097316565 48.0 
256.0 293.0 4.58608086332145 1.4444882097316565 48.0 
256.0 294.0 4.58608086332145 1.4444882097316565 48.0 
256.0 295.0 4.58608086332145 1.4444882097316565 48.0 
256.0 296.0 4.58608086332145 1.4444882097316565 48.0 
256.0 297.0 4.58608086332145 1.4444882097316565 48.0 
256.0 298.0 4.58608086332145 1.4444882097316565 48.0 
256.0 299.0 4.58608086332145 1.4444882097316565 48.0 
256.0 300.0 4.58608086332145 1.4444882097316565 48.0 
256.0 301.0 4.58608086332145 1.4444882097316565 48.0 
256.0 302.0 4.58608086332145 1.4444882097316565 48.0 
256.0 303.0 4.58608086332145 1.4444882097316565 48.0 
256.0 304.0 4.58608086332145 1.4444882097316565 48.0 
256.0 305.0 4.58608086332145 1.4444882097316565 48.0 
256.0 306.0 4.58608086332145 1.4444882097316565 48.0 
256.0 307.0 4.58608086332145 1.4444882097316565 48.0 
256.0 308.0 4.58608086332145 1.4444882097316565 48.0 
256.0 309.0 4.58608086332145 1.4444882097316565 48.0 
256.0 310.0 4.58608086332145 1.4444882097316565 48.0 
256.0 311.0 4.58608086332145 1.4444882097316565 48.0 
256.0 312.0 4.58608086332145 1.4444882097316565 48.0 
256.0 313.0 4.58608086332145 1.4444882097316565 48.0 
256.0 314.0 4.58608086332145 1.4444882097316565 48.0 
256.0 315.0 4.58608086332145 1.4444882097316565 48.0 
256.0 316.0 4.58608086332145 1.4444882097316565 48.0 
256.0 317.0 4.58608086332145 1.4444882097316565 48.0 
256.0 318.0 4.58608086332145 1.4444882097316565 48.0 
256.0 319.0 4.58608086332145 1.4444882097316565 48.0 
256.0 320.0 4.58608086332145 1.4444882097316565 48.0 
256.0 321.0 4.58608086332145 1.4444882097316565 48.0 
256.0 322.0 4.58608086332145 1.4444882097316565 48.0 
256.0 323.0 4.58608086332145 1.4444882097316565 48.0 
256.0 324.0 4.58608086332145 1.4444882097316565 48.0 
256.0 325.0 4.58608086332145 1.4444882097316565 48.0 
256.0 326.0 4.58608086332145 1.4444882097316565 48.0 
256.0 327.0 4.58608086332145 1.4444882097316565 48.0 
256.0 328.0 4.58608086332145 1.4444882097316565 48.0 
256.0 329.0 4.58608086332145 1.4444882097316565 48.0 
256.0 330.0 4.58608086332145 1.4444882097316565 48.0 
256.0 331.0 4.58608086332145 1.4444882097316565 48.0 
257.0 300.0 4.58608086332145 1.4444882097316565 48.0 
257.0 301.0 4.58608086332145 1.4444882097316565 48.0 
257.0 302.0 4.58608086332145 1.4444882097316565 48.0 
257.0 303.0 4.58608086332145 1.4444882097316565 48.0 
257.0 304.0 4.58608086332145 1.4444882097316565 48.0 
257.0 305.0 4.58608086332145 1.4444882097316565 48.0 
257.0 306.0 4.58608086332145 1.4444882097316565 48.0 
257.0 307.0 4.58608086332145 1.4444882097316565 48.0 
257.0 308.0 4.58608086332145 1.4444882097316565 48.0 
257.0 309.0 4.58608086332145 1.4444882097316565 48.0 
257.0 310.0 4.58608086332145 1.4444882097316565 48.0 
257.0 311.0 4.58608086332145 1.4444882097316565 48.0 
257.0 312.0 4.58608086332145 1.4444882097316565 48.0 
257.0 313.0 4.58608086332145 1.4444882097316565 48.0 
257.0 314.0 4.58608086332145 1.4444882097316565 48.0 
257.0 315.0 4.58608086332145 1.4444882097316565 48.0 
257.0 316.0 4.58608086332145 1.4444882097316565 48.0 
257.0 317.0 4.58608086332145 1.4444882097316565 48.0 
257.0 318.0 4.58608086332145 1.4444882097316565 48.0 
257.0 319.0 4.58608086332145 1.4444882097316565 48.0 
257.0 320.0 4.58608086332145 1.4444882097316565 48.0 
257.0 321.0 4.58608086332145 1.4444882097316565 48.0 
257.0 322.0 4.58608086332145 1.4444882097316565 48.0 
257.0 323.0 4.58608086332145 1.4444882097316565 48.0 
257.0 324.0 4.58608086332145 1.4444882097316565 48.0 
257.0 325.0 4.58608086332145 1.4444882097316565 48.0 
257.0 326.0 4.58608086332145 1.4444882097316565 48.0 
257.0 327.0 4.58608086332145 1.4444882097316565 48.0 
257.0 328.0 4.58608086332145 1.4444882097316565 48.0 
257.0 329.0 4.58608086332145 1.4444882097316565 48.0 
257.0 330.0 4.58608086332145 1.4444882097316565 48.0 
257.0 331.0 4.58608086332145 1.4444882097316565 48.0 
258.0 308.0 4.58608086332145 1.4444882097316565 48.0 
258.0 309.0 4.58608086332145 1.4444882097316565 48.0 
258.0 310.0 4.58608086332145 1.4444882097316565 48.0 
258.0 311.0 4.58608086332145 1.4444882097316565 48.0 
258.0 312.0 4.58608086332145 1.4444882097316565 48.0 
258.0 313.0 4.58608086332145 1.4444882097316565 48.0 
258.0 314.0 4.58608086332145 1.4444882097316565 48.0 
258.0 315.0 4.58608086332145 1.4444882097316565 48.0 
258.0 316.0 4.58608086332145 1.4444882097316565 48.0 
258.0 317.0 4.58608086332145 1.4444882097316565 48.0 
258.0 318.0 4.58608086332145 1.4444882097316565 48.0 
258.0 319.0 4.58608086332145 1.4444882097316565 48.0 
258.0 320.0 4.58608086332145 1.4444882097316565 48.0 
258.0 321.0 4.58608086332145 1.4444882097316565 48.0 
258.0 322.0 4.58608086332145 1.4444882097316565 48.0 
258.0 323.0 4.58608086332145 1.4444882097316565 48.0 
258.0 324.0 4.58608086332145 1.4444882097316565 48.0 
258.0 325.0 4.58608086332145 1.4444882097316565 48.0 
258.0 326.0 4.58608086332145 1.4444882097316565 48.0 
258.0 327.0 4.58608086332145 1.4444882097316565 48.0 
258.0 328.0 4.58608086332145 1.4444882097316565 48.0 
258.0 329.0 4.58608086332145 1.4444882097316565 48.0 
258.0 330.0 4.58608086332145 1.4444882097316565 48.0 
259.0 316.0 4.58608086332145 1.4444882097316565 48.0 
259.0 317.0 4.58608086332145 1.4444882097316565 48.0 
259.0 318.0 4.58608086332145 1.4444882097316565 48.0 
259.0 319.0 4.58608086332145 1.4444882097316565 48.0 
259.0 320.0 4.58608086332145 1.4444882097316565 48.0 
259.0 321.0 4.58608086332145 1.4444882097316565 48.0 
259.0 322.0 4.58608086332145 1.4444882097316565 48.0 
259.0 323.0 4.58608086332145 1.4444882097316565 48.0 
259.0 324.0 4.58608086332145 1.4444882097316565 48.0 
259.0 325.0 4.58608086332145 1.4444882097316565 48.0 
259.0 326.0 4.58608086332145 1.4444882097316565 48.0 
259.0 327.0 4.58608086332145 1.4444882097316565 48.0 
259.0 328.0 4.58608086332145 1.4444882097316565 48.0 
259.0 329.0 4.58608086332145 1.4444882097316565 48.0 
259.0 330.0 4.58608086332145 1.4444882097316565 48.0 
260.0 323.0 4.58608086332145 1.4444882097316565 48.0 
260.0 324.0 4.58608086332145 1.4444882097316565 48.0 
260.0 325.0 4.58608086332145 1.4444882097316565 48.0 
260.0 326.0 4.58608086332145 1.4444882097316565 48.0 
260.0 327.0 4.58608086332145 1.4444882097316565 48.0 
260.0 328.0 4.58608086332145 1.4444882097316565 48.0 
260.0 329.0 4.58608086332145 1.4444882097316565 48.0 
260.0 330.0 4.58608086332145 1.4444882097316565 48.0 
