265.0 309.0 1.887082454707052 5.028675108296845 40.0 
266.0 306.0 1.887082454707052 5.028675108296845 40.0 
266.0 307.0 1.887082454707052 5.028675108296845 40.0 
266.0 308.0 1.887082454707052 5.028675108296845 40.0 
266.0 309.0 1.887082454707052 5.028675108296845 40.0 
267.0 302.0 1.887082454707052 5.028675108296845 40.0 
267.0 303.0 1.887082454707052 5.028675108296845 40.0 
267.0 304.0 1.887082454707052 5.028675108296845 40.0 
267.0 305.0 1.887082454707052 5.028675108296845 40.0 
267.0 306.0 1.887082454707052 5.028675108296845 40.0 
267.0 307.0 1.887082454707052 5.028675108296845 40.0 
267.0 308.0 1.887082454707052 5.028675108296845 40.0 
267.0 309.0 1.887082454707052 5.028675108296845 40.0 
268.0 299.0 1.887082454707052 5.028675108296845 40.0 
268.0 300.0 1.887082454707052 5.028675108296845 40.0 
268.0 301.0 1.887082454707052 5.028675108296845 40.0 
268.0 302.0 1.887082454707052 5.028675108296845 40.0 
268.0 303.0 1.887082454707052 5.028675108296845 40.0 
268.0 304.0 1.887082454707052 5.028675108296845 40.0 
268.0 305.0 1.887082454707052 5.028675108296845 40.0 
268.0 306.0 1.887082454707052 5.028675108296845 40.0 
268.0 307.0 1.887082454707052 5.028675108296845 40.0 
268.0 308.0 1.887082454707052 5.028675108296845 40.0 
268.0 309.0 1.887082454707052 5.028675108296845 40.0 
268.0 310.0 1.887082454707052 5.028675108296845 40.0 
269.0 296.0 1.887082454707052 5.028675108296845 40.0 
269.0 297.0 1.887082454707052 5.028675108296845 40.0 
269.0 298.0 1.887082454707052 5.028675108296845 40.0 
269.0 299.0 1.887082454707052 5.028675108296845 40.0 
269.0 300.0 1.887082454707052 5.028675108296845 40.0 
269.0 301.0 1.887082454707052 5.028675108296845 40.0 
269.0 302.0 1.887082454707052 5.028675108296845 40.0 
269.0 303.0 1.887082454707052 5.028675108296845 40.0 
269.0 304.0 1.887082454707052 5.028675108296845 40.0 
269.0 305.0 1.887082454707052 5.028675108296845 40.0 
269.0 306.0 1.887082454707052 5.028675108296845 40.0 
269.0 307.0 1.887082454707052 5.028675108296845 40.0 
269.0 308.0 1.887082454707052 5.028675108296845 40.0 
269.0 309.0 1.887082454707052 5.028675108296845 40.0 
269.0 310.0 1.887082454707052 5.028675108296845 40.0 
270.0 293.0 1.887082454707052 5.028675108296845 40.0 
270.0 294.0 1.887082454707052 5.028675108296845 40.0 
270.0 295.0 1.887082454707052 5.028675108296845 40.0 
270.0 296.0 1.887082454707052 5.028675108296845 40.0 
270.0 297.0 1.887082454707052 5.028675108296845 40.0 
270.0 298.0 1.887082454707052 5.028675108296845 40.0 
270.0 299.0 1.887082454707052 5.028675108296845 40.0 
270.0 300.0 1.887082454707052 5.028675108296845 40.0 
270.0 301.0 1.887082454707052 5.028675108296845 40.0 
270.0 302.0 1.887082454707052 5.028675108296845 40.0 
270.0 303.0 1.887082454707052 5.028675108296845 40.0 
270.0 304.0 1.887082454707052 5.028675108296845 40.0 
270.0 305.0 1.887082454707052 5.028675108296845 40.0 
270.0 306.0 1.887082454707052 5.028675108296845 40.0 
270.0 307.0 1.887082454707052 5.028675108296845 40.0 
270.0 308.0 1.887082454707052 5.028675108296845 40.0 
271.0 290.0 1.887082454707052 5.028675108296845 40.0 
271.0 291.0 1.887082454707052 5.028675108296845 40.0 
271.0 292.0 1.887082454707052 5.028675108296845 40.0 
271.0 293.0 1.887082454707052 5.028675108296845 40.0 
271.0 294.0 1.887082454707052 5.028675108296845 40.0 
271.0 295.0 1.887082454707052 5.028675108296845 40.0 
271.0 296.0 1.887082454707052 5.028675108296845 40.0 
271.0 297.0 1.887082454707052 5.028675108296845 40.0 
271.0 298.0 1.887082454707052 5.028675108296845 40.0 
271.0 299.0 1.887082454707052 5.028675108296845 40.0 
271.0 300.0 1.887082454707052 5.028675108296845 40.0 
271.0 301.0 1.887082454707052 5.028675108296845 40.0 
271.0 302.0 1.887082454707052 5.028675108296845 40.0 
271.0 303.0 1.887082454707052 5.028675108296845 40.0 
271.0 304.0 1.887082454707052 5.028675108296845 40.0 
271.0 305.0 1.887082454707052 5.028675108296845 40.0 
272.0 287.0 1.887082454707052 5.028675108296845 40.0 
272.0 288.0 1.887082454707052 5.028675108296845 40.0 
272.0 289.0 1.887082454707052 5.028675108296845 40.0 
272.0 290.0 1.887082454707052 5.028675108296845 40.0 
272.0 291.0 1.887082454707052 5.028675108296845 40.0 
272.0 292.0 1.887082454707052 5.028675108296845 40.0 
272.0 293.0 1.887082454707052 5.028675108296845 40.0 
272.0 294.0 1.887082454707052 5.028675108296845 40.0 
272.0 295.0 1.887082454707052 5.028675108296845 40.0 
272.0 296.0 1.887082454707052 5.028675108296845 40.0 
272.0 297.0 1.887082454707052 5.028675108296845 40.0 
272.0 298.0 1.887082454707052 5.028675108296845 40.0 
272.0 299.0 1.887082454707052 5.028675108296845 40.0 
272.0 300.0 1.887082454707052 5.028675108296845 40.0 
272.0 301.0 1.887082454707052 5.028675108296845 40.0 
272.0 302.0 1.887082454707052 5.028675108296845 40.0 
273.0 284.0 1.887082454707052 5.028675108296845 40.0 
273.0 285.0 1.887082454707052 5.028675108296845 40.0 
273.0 286.0 1.887082454707052 5.028675108296845 40.0 
273.0 287.0 1.887082454707052 5.028675108296845 40.0 
273.0 288.0 1.887082454707052 5.028675108296845 40.0 
273.0 289.0 1.887082454707052 5.028675108296845 40.0 
273.0 290.0 1.887082454707052 5.028675108296845 40.0 
273.0 291.0 1.887082454707052 5.028675108296845 40.0 
273.0 292.0 1.887082454707052 5.028675108296845 40.0 
273.0 293.0 1.887082454707052 5.028675108296845 40.0 
273.0 294.0 1.887082454707052 5.028675108296845 40.0 
273.0 295.0 1.887082454707052 5.028675108296845 40.0 
273.0 296.0 1.887082454707052 5.028675108296845 40.0 
273.0 297.0 1.887082454707052 5.028675108296845 40.0 
273.0 298.0 1.887082454707052 5.028675108296845 40.0 
273.0 299.0 1.887082454707052 5.028675108296845 40.0 
274.0 281.0 1.887082454707052 5.028675108296845 40.0 
274.0 282.0 1.887082454707052 5.028675108296845 40.0 
274.0 283.0 1.887082454707052 5.028675108296845 40.0 
274.0 284.0 1.887082454707052 5.028675108296845 40.0 
274.0 285.0 1.887082454707052 5.028675108296845 40.0 
274.0 286.0 1.887082454707052 5.028675108296845 40.0 
274.0 287.0 1.887082454707052 5.028675108296845 40.0 
274.0 288.0 1.887082454707052 5.028675108296845 40.0 
274.0 289.0 1.887082454707052 5.028675108296845 40.0 
274.0 290.0 1.887082454707052 5.028675108296845 40.0 
274.0 291.0 1.887082454707052 5.028675108296845 40.0 
274.0 292.0 1.887082454707052 5.028675108296845 40.0 
274.0 293.0 1.887082454707052 5.028675108296845 40.0 
274.0 294.0 1.887082454707052 5.028675108296845 40.0 
274.0 295.0 1.887082454707052 5.028675108296845 40.0 
274.0 296.0 1.887082454707052 5.028675108296845 40.0 
275.0 278.0 1.887082454707052 5.028675108296845 40.0 
275.0 279.0 1.887082454707052 5.028675108296845 40.0 
275.0 280.0 1.887082454707052 5.028675108296845 40.0 
275.0 281.0 1.887082454707052 5.028675108296845 40.0 
275.0 282.0 1.887082454707052 5.028675108296845 40.0 
275.0 283.0 1.887082454707052 5.028675108296845 40.0 
275.0 284.0 1.887082454707052 5.028675108296845 40.0 
275.0 285.0 1.887082454707052 5.028675108296845 40.0 
275.0 286.0 1.887082454707052 5.028675108296845 40.0 
275.0 287.0 1.887082454707052 5.028675108296845 40.0 
275.0 288.0 1.887082454707052 5.028675108296845 40.0 
275.0 289.0 1.887082454707052 5.028675108296845 40.0 
275.0 290.0 1.887082454707052 5.028675108296845 40.0 
275.0 291.0 1.887082454707052 5.028675108296845 40.0 
275.0 292.0 1.887082454707052 5.028675108296845 40.0 
275.0 293.0 1.887082454707052 5.028675108296845 40.0 
276.0 275.0 1.887082454707052 5.028675108296845 40.0 
276.0 276.0 1.887082454707052 5.028675108296845 40.0 
276.0 277.0 1.887082454707052 5.028675108296845 40.0 
276.0 278.0 1.887082454707052 5.028675108296845 40.0 
276.0 279.0 1.887082454707052 5.028675108296845 40.0 
276.0 280.0 1.887082454707052 5.028675108296845 40.0 
276.0 281.0 1.887082454707052 5.028675108296845 40.0 
276.0 282.0 1.887082454707052 5.028675108296845 40.0 
276.0 283.0 1.887082454707052 5.028675108296845 40.0 
276.0 284.0 1.887082454707052 5.028675108296845 40.0 
276.0 285.0 1.887082454707052 5.028675108296845 40.0 
276.0 286.0 1.887082454707052 5.028675108296845 40.0 
276.0 287.0 1.887082454707052 5.028675108296845 40.0 
276.0 288.0 1.887082454707052 5.028675108296845 40.0 
276.0 289.0 1.887082454707052 5.028675108296845 40.0 
276.0 290.0 1.887082454707052 5.028675108296845 40.0 
277.0 272.0 1.887082454707052 5.028675108296845 40.0 
277.0 273.0 1.887082454707052 5.028675108296845 40.0 
277.0 274.0 1.887082454707052 5.028675108296845 40.0 
277.0 275.0 1.887082454707052 5.028675108296845 40.0 
277.0 276.0 1.887082454707052 5.028675108296845 40.0 
277.0 277.0 1.887082454707052 5.028675108296845 40.0 
277.0 278.0 1.887082454707052 5.028675108296845 40.0 
277.0 279.0 1.887082454707052 5.028675108296845 40.0 
277.0 280.0 1.887082454707052 5.028675108296845 40.0 
277.0 281.0 1.887082454707052 5.028675108296845 40.0 
277.0 282.0 1.887082454707052 5.028675108296845 40.0 
277.0 283.0 1.887082454707052 5.028675108296845 40.0 
277.0 284.0 1.887082454707052 5.028675108296845 40.0 
277.0 285.0 1.887082454707052 5.028675108296845 40.0 
277.0 286.0 1.887082454707052 5.028675108296845 40.0 
277.0 287.0 1.887082454707052 5.028675108296845 40.0 
278.0 269.0 1.887082454707052 5.028675108296845 40.0 
278.0 270.0 1.887082454707052 5.028675108296845 40.0 
278.0 271.0 1.887082454707052 5.028675108296845 40.0 
278.0 272.0 1.887082454707052 5.028675108296845 40.0 
278.0 273.0 1.887082454707052 5.028675108296845 40.0 
278.0 274.0 1.887082454707052 5.028675108296845 40.0 
278.0 275.0 1.887082454707052 5.028675108296845 40.0 
278.0 276.0 1.887082454707052 5.028675108296845 40.0 
278.0 277.0 1.887082454707052 5.028675108296845 40.0 
278.0 278.0 1.887082454707052 5.028675108296845 40.0 
278.0 279.0 1.887082454707052 5.028675108296845 40.0 
278.0 280.0 1.887082454707052 5.028675108296845 40.0 
278.0 281.0 1.887082454707052 5.028675108296845 40.0 
278.0 282.0 1.887082454707052 5.028675108296845 40.0 
278.0 283.0 1.887082454707052 5.028675108296845 40.0 
278.0 284.0 1.887082454707052 5.028675108296845 40.0 
279.0 266.0 1.887082454707052 5.028675108296845 40.0 
279.0 267.0 1.887082454707052 5.028675108296845 40.0 
279.0 268.0 1.887082454707052 5.028675108296845 40.0 
279.0 269.0 1.887082454707052 5.028675108296845 40.0 
279.0 270.0 1.887082454707052 5.028675108296845 40.0 
279.0 271.0 1.887082454707052 5.028675108296845 40.0 
279.0 272.0 1.887082454707052 5.028675108296845 40.0 
279.0 273.0 1.887082454707052 5.028675108296845 40.0 
279.0 274.0 1.887082454707052 5.028675108296845 40.0 
279.0 275.0 1.887082454707052 5.028675108296845 40.0 
279.0 276.0 1.887082454707052 5.028675108296845 40.0 
279.0 277.0 1.887082454707052 5.028675108296845 40.0 
279.0 278.0 1.887082454707052 5.028675108296845 40.0 
279.0 279.0 1.887082454707052 5.028675108296845 40.0 
279.0 280.0 1.887082454707052 5.028675108296845 40.0 
279.0 281.0 1.887082454707052 5.028675108296845 40.0 
280.0 263.0 1.887082454707052 5.028675108296845 40.0 
280.0 264.0 1.887082454707052 5.028675108296845 40.0 
280.0 265.0 1.887082454707052 5.028675108296845 40.0 
280.0 266.0 1.887082454707052 5.028675108296845 40.0 
280.0 267.0 1.887082454707052 5.028675108296845 40.0 
280.0 268.0 1.887082454707052 5.028675108296845 40.0 
280.0 269.0 1.887082454707052 5.028675108296845 40.0 
280.0 270.0 1.887082454707052 5.028675108296845 40.0 
280.0 271.0 1.887082454707052 5.028675108296845 40.0 
280.0 272.0 1.887082454707052 5.028675108296845 40.0 
280.0 273.0 1.887082454707052 5.028675108296845 40.0 
280.0 274.0 1.887082454707052 5.028675108296845 40.0 
280.0 275.0 1.887082454707052 5.028675108296845 40.0 
280.0 276.0 1.887082454707052 5.028675108296845 40.0 
280.0 277.0 1.887082454707052 5.028675108296845 40.0 
280.0 278.0 1.887082454707052 5.028675108296845 40.0 
281.0 260.0 1.887082454707052 5.028675108296845 40.0 
281.0 261.0 1.887082454707052 5.028675108296845 40.0 
281.0 262.0 1.887082454707052 5.028675108296845 40.0 
281.0 263.0 1.887082454707052 5.028675108296845 40.0 
281.0 264.0 1.887082454707052 5.028675108296845 40.0 
281.0 265.0 1.887082454707052 5.028675108296845 40.0 
281.0 266.0 1.887082454707052 5.028675108296845 40.0 
281.0 267.0 1.887082454707052 5.028675108296845 40.0 
281.0 268.0 1.887082454707052 5.028675108296845 40.0 
281.0 269.0 1.887082454707052 5.028675108296845 40.0 
281.0 270.0 1.887082454707052 5.028675108296845 40.0 
281.0 271.0 1.887082454707052 5.028675108296845 40.0 
281.0 272.0 1.887082454707052 5.028675108296845 40.0 
281.0 273.0 1.887082454707052 5.028675108296845 40.0 
281.0 274.0 1.887082454707052 5.028675108296845 40.0 
281.0 275.0 1.887082454707052 5.028675108296845 40.0 
282.0 257.0 1.887082454707052 5.028675108296845 40.0 
282.0 258.0 1.887082454707052 5.028675108296845 40.0 
282.0 259.0 1.887082454707052 5.028675108296845 40.0 
282.0 260.0 1.887082454707052 5.028675108296845 40.0 
282.0 261.0 1.887082454707052 5.028675108296845 40.0 
282.0 262.0 1.887082454707052 5.028675108296845 40.0 
282.0 263.0 1.887082454707052 5.028675108296845 40.0 
282.0 264.0 1.887082454707052 5.028675108296845 40.0 
282.0 265.0 1.887082454707052 5.028675108296845 40.0 
282.0 266.0 1.887082454707052 5.028675108296845 40.0 
282.0 267.0 1.887082454707052 5.028675108296845 40.0 
282.0 268.0 1.887082454707052 5.028675108296845 40.0 
282.0 269.0 1.887082454707052 5.028675108296845 40.0 
282.0 270.0 1.887082454707052 5.028675108296845 40.0 
282.0 271.0 1.887082454707052 5.028675108296845 40.0 
282.0 272.0 1.887082454707052 5.028675108296845 40.0 
283.0 255.0 1.887082454707052 5.028675108296845 40.0 
283.0 256.0 1.887082454707052 5.028675108296845 40.0 
283.0 257.0 1.887082454707052 5.028675108296845 40.0 
283.0 258.0 1.887082454707052 5.028675108296845 40.0 
283.0 259.0 1.887082454707052 5.028675108296845 40.0 
283.0 260.0 1.887082454707052 5.028675108296845 40.0 
283.0 261.0 1.887082454707052 5.028675108296845 40.0 
283.0 262.0 1.887082454707052 5.028675108296845 40.0 
283.0 263.0 1.887082454707052 5.028675108296845 40.0 
283.0 264.0 1.887082454707052 5.028675108296845 40.0 
283.0 265.0 1.887082454707052 5.028675108296845 40.0 
283.0 266.0 1.887082454707052 5.028675108296845 40.0 
283.0 267.0 1.887082454707052 5.028675108296845 40.0 
283.0 268.0 1.887082454707052 5.028675108296845 40.0 
283.0 269.0 1.887082454707052 5.028675108296845 40.0 
284.0 255.0 1.887082454707052 5.028675108296845 40.0 
284.0 256.0 1.887082454707052 5.028675108296845 40.0 
284.0 257.0 1.887082454707052 5.028675108296845 40.0 
284.0 258.0 1.887082454707052 5.028675108296845 40.0 
284.0 259.0 1.887082454707052 5.028675108296845 40.0 
284.0 260.0 1.887082454707052 5.028675108296845 40.0 
284.0 261.0 1.887082454707052 5.028675108296845 40.0 
284.0 262.0 1.887082454707052 5.028675108296845 40.0 
284.0 263.0 1.887082454707052 5.028675108296845 40.0 
284.0 264.0 1.887082454707052 5.028675108296845 40.0 
284.0 265.0 1.887082454707052 5.028675108296845 40.0 
284.0 266.0 1.887082454707052 5.028675108296845 40.0 
285.0 255.0 1.887082454707052 5.028675108296845 40.0 
285.0 256.0 1.887082454707052 5.028675108296845 40.0 
285.0 257.0 1.887082454707052 5.028675108296845 40.0 
285.0 258.0 1.887082454707052 5.028675108296845 40.0 
285.0 259.0 1.887082454707052 5.028675108296845 40.0 
285.0 260.0 1.887082454707052 5.028675108296845 40.0 
285.0 261.0 1.887082454707052 5.028675108296845 40.0 
285.0 262.0 1.887082454707052 5.028675108296845 40.0 
285.0 263.0 1.887082454707052 5.028675108296845 40.0 
286.0 256.0 1.887082454707052 5.028675108296845 40.0 
286.0 257.0 1.887082454707052 5.028675108296845 40.0 
286.0 258.0 1.887082454707052 5.028675108296845 40.0 
286.0 259.0 1.887082454707052 5.028675108296845 40.0 
287.0 256.0 1.887082454707052 5.028675108296845 40.0 
