246.0 260.0 3.4633432079864344 0.32175055439664263 24.0 
246.0 261.0 3.4633432079864344 0.32175055439664263 24.0 
247.0 259.0 3.4633432079864344 0.32175055439664263 24.0 
247.0 260.0 3.4633432079864344 0.32175055439664263 24.0 
247.0 261.0 3.4633432079864344 0.32175055439664263 24.0 
248.0 260.0 3.4633432079864344 0.32175055439664263 24.0 
248.0 261.0 3.4633432079864344 0.32175055439664263 24.0 
248.0 262.0 3.4633432079864344 0.32175055439664263 24.0 
249.0 260.0 3.4633432079864344 0.32175055439664263 24.0 
249.0 261.0 3.4633432079864344 0.32175055439664263 24.0 
249.0 262.0 3.4633432079864344 0.32175055439664263 24.0 
250.0 260.0 3.4633432079864344 0.32175055439664263 24.0 
250.0 261.0 3.4633432079864344 0.32175055439664263 24.0 
250.0 262.0 3.4633432079864344 0.32175055439664263 24.0 
251.0 261.0 3.4633432079864344 0.32175055439664263 24.0 
251.0 262.0 3.4633432079864344 0.32175055439664263 24.0 
251.0 263.0 3.4633432079864344 0.32175055439664263 24.0 
252.0 261.0 3.4633432079864344 0.32175055439664263 24.0 
252.0 262.0 3.4633432079864344 0.32175055439664263 24.0 
252.0 263.0 3.4633432079864344 0.32175055439664263 24.0 
253.0 261.0 3.4633432079864344 0.32175055439664263 24.0 
253.0 262.0 3.4633432079864344 0.32175055439664263 24.0 
253.0 263.0 3.4633432079864344 0.32175055439664263 24.0 
254.0 262.0 3.4633432079864344 0.32175055439664263 24.0 
254.0 263.0 3.4633432079864344 0.32175055439664263 24.0 
254.0 264.0 3.4633432079864344 0.32175055439664263 24.0 
255.0 262.0 3.4633432079864344 0.32175055439664263 24.0 
255.0 263.0 3.4633432079864344 0.32175055439664263 24.0 
255.0 264.0 3.4633432079864344 0.32175055439664263 24.0 
256.0 262.0 3.4633432079864344 0.32175055439664263 24.0 
256.0 263.0 3.4633432079864344 0.32175055439664263 24.0 
256.0 264.0 3.4633432079864344 0.32175055439664263 24.0 
257.0 263.0 3.4633432079864344 0.32175055439664263 24.0 
257.0 264.0 3.4633432079864344 0.32175055439664263 24.0 
257.0 265.0 3.4633432079864344 0.32175055439664263 24.0 
258.0 263.0 3.4633432079864344 0.32175055439664263 24.0 
258.0 264.0 3.4633432079864344 0.32175055439664263 24.0 
258.0 265.0 3.4633432079864344 0.32175055439664263 24.0 
259.0 263.0 3.4633432079864344 0.32175055439664263 24.0 
259.0 264.0 3.4633432079864344 0.32175055439664263 24.0 
259.0 265.0 3.4633432079864344 0.32175055439664263 24.0 
260.0 264.0 3.4633432079864344 0.32175055439664263 24.0 
260.0 265.0 3.4633432079864344 0.32175055439664263 24.0 
260.0 266.0 3.4633432079864344 0.32175055439664263 24.0 
261.0 264.0 3.4633432079864344 0.32175055439664263 24.0 
261.0 265.0 3.4633432079864344 0.32175055439664263 24.0 
261.0 266.0 3.4633432079864344 0.32175055439664263 24.0 
262.0 264.0 3.4633432079864344 0.32175055439664263 24.0 
262.0 265.0 3.4633432079864344 0.32175055439664263 24.0 
262.0 266.0 3.4633432079864344 0.32175055439664263 24.0 
263.0 265.0 3.4633432079864344 0.32175055439664263 24.0 
263.0 266.0 3.4633432079864344 0.32175055439664263 24.0 
263.0 267.0 3.4633432079864344 0.32175055439664263 24.0 
264.0 265.0 3.4633432079864344 0.32175055439664263 24.0 
269.0 267.0 3.1760617545892997 0.034469100999506744 24.0 
269.0 268.0 3.1760617545892997 0.034469100999506744 24.0 
270.0 266.0 3.1760617545892997 0.034469100999506744 24.0 
270.0 267.0 3.1760617545892997 0.034469100999506744 24.0 
270.0 268.0 3.1760617545892997 0.034469100999506744 24.0 
271.0 266.0 3.1760617545892997 0.034469100999506744 24.0 
271.0 267.0 3.1760617545892997 0.034469100999506744 24.0 
271.0 268.0 3.1760617545892997 0.034469100999506744 24.0 
272.0 266.0 3.1760617545892997 0.034469100999506744 24.0 
272.0 267.0 3.1760617545892997 0.034469100999506744 24.0 
272.0 268.0 3.1760617545892997 0.034469100999506744 24.0 
273.0 266.0 3.1760617545892997 0.034469100999506744 24.0 
273.0 267.0 3.1760617545892997 0.034469100999506744 24.0 
273.0 268.0 3.1760617545892997 0.034469100999506744 24.0 
274.0 266.0 3.1760617545892997 0.034469100999506744 24.0 
274.0 267.0 3.1760617545892997 0.034469100999506744 24.0 
274.0 268.0 3.1760617545892997 0.034469100999506744 24.0 
275.0 266.0 3.1760617545892997 0.034469100999506744 24.0 
275.0 267.0 3.1760617545892997 0.034469100999506744 24.0 
275.0 268.0 3.1760617545892997 0.034469100999506744 24.0 
276.0 266.0 3.1760617545892997 0.034469100999506744 24.0 
276.0 267.0 3.1760617545892997 0.034469100999506744 24.0 
276.0 268.0 3.1760617545892997 0.034469100999506744 24.0 
277.0 266.0 3.1760617545892997 0.034469100999506744 24.0 
277.0 267.0 3.1760617545892997 0.034469100999506744 24.0 
277.0 268.0 3.1760617545892997 0.034469100999506744 24.0 
278.0 266.0 3.1760617545892997 0.034469100999506744 24.0 
278.0 267.0 3.1760617545892997 0.034469100999506744 24.0 
278.0 268.0 3.1760617545892997 0.034469100999506744 24.0 
279.0 266.0 3.1760617545892997 0.034469100999506744 24.0 
279.0 267.0 3.1760617545892997 0.034469100999506744 24.0 
279.0 268.0 3.1760617545892997 0.034469100999506744 24.0 
280.0 266.0 3.1760617545892997 0.034469100999506744 24.0 
280.0 267.0 3.1760617545892997 0.034469100999506744 24.0 
280.0 268.0 3.1760617545892997 0.034469100999506744 24.0 
281.0 266.0 3.1760617545892997 0.034469100999506744 24.0 
281.0 267.0 3.1760617545892997 0.034469100999506744 24.0 
281.0 268.0 3.1760617545892997 0.034469100999506744 24.0 
282.0 266.0 3.1760617545892997 0.034469100999506744 24.0 
282.0 267.0 3.1760617545892997 0.034469100999506744 24.0 
282.0 268.0 3.1760617545892997 0.034469100999506744 24.0 
283.0 266.0 3.1760617545892997 0.034469100999506744 24.0 
283.0 267.0 3.1760617545892997 0.034469100999506744 24.0 
283.0 268.0 3.1760617545892997 0.034469100999506744 24.0 
284.0 267.0 3.1760617545892997 0.034469100999506744 24.0 
284.0 268.0 3.1760617545892997 0.034469100999506744 24.0 
284.0 269.0 3.1760617545892997 0.034469100999506744 24.0 
285.0 267.0 3.1760617545892997 0.034469100999506744 24.0 
285.0 268.0 3.1760617545892997 0.034469100999506744 24.0 
285.0 269.0 3.1760617545892997 0.034469100999506744 24.0 
286.0 267.0 3.1760617545892997 0.034469100999506744 24.0 
286.0 268.0 3.1760617545892997 0.034469100999506744 24.0 
286.0 269.0 3.1760617545892997 0.034469100999506744 24.0 
287.0 267.0 3.1760617545892997 0.034469100999506744 24.0 
287.0 268.0 3.1760617545892997 0.034469100999506744 24.0 
287.0 269.0 3.1760617545892997 0.034469100999506744 24.0 
288.0 267.0 3.1760617545892997 0.034469100999506744 24.0 
288.0 268.0 3.1760617545892997 0.034469100999506744 24.0 
288.0 269.0 3.1760617545892997 0.034469100999506744 24.0 
289.0 267.0 3.1760617545892997 0.034469100999506744 24.0 
289.0 268.0 3.1760617545892997 0.034469100999506744 24.0 
289.0 269.0 3.1760617545892997 0.034469100999506744 24.0 
290.0 267.0 3.1760617545892997 0.034469100999506744 24.0 
290.0 268.0 3.1760617545892997 0.034469100999506744 24.0 
290.0 269.0 3.1760617545892997 0.034469100999506744 24.0 
291.0 267.0 3.1760617545892997 0.034469100999506744 24.0 
291.0 268.0 3.1760617545892997 0.034469100999506744 24.0 
291.0 269.0 3.1760617545892997 0.034469100999506744 24.0 
292.0 267.0 3.1760617545892997 0.034469100999506744 24.0 
292.0 268.0 3.1760617545892997 0.034469100999506744 24.0 
292.0 269.0 3.1760617545892997 0.034469100999506744 24.0 
293.0 267.0 3.1760617545892997 0.034469100999506744 24.0 
293.0 268.0 3.1760617545892997 0.034469100999506744 24.0 
293.0 269.0 3.1760617545892997 0.034469100999506744 24.0 
294.0 267.0 3.1760617545892997 0.034469100999506744 24.0 
294.0 268.0 3.1760617545892997 0.034469100999506744 24.0 
294.0 269.0 3.1760617545892997 0.034469100999506744 24.0 
295.0 267.0 3.1760617545892997 0.034469100999506744 24.0 
295.0 268.0 3.1760617545892997 0.034469100999506744 24.0 
295.0 269.0 3.1760617545892997 0.034469100999506744 24.0 
296.0 267.0 3.1760617545892997 0.034469100999506744 24.0 
296.0 268.0 3.1760617545892997 0.034469100999506744 24.0 
296.0 269.0 3.1760617545892997 0.034469100999506744 24.0 
297.0 267.0 3.1760617545892997 0.034469100999506744 24.0 
297.0 268.0 3.1760617545892997 0.034469100999506744 24.0 
297.0 269.0 3.1760617545892997 0.034469100999506744 24.0 
298.0 267.0 3.1760617545892997 0.034469100999506744 24.0 
321.0 276.0 3.360261599463736 0.2186689458739429 28.0 
321.0 277.0 3.360261599463736 0.2186689458739429 28.0 
321.0 278.0 3.360261599463736 0.2186689458739429 28.0 
322.0 274.0 3.360261599463736 0.2186689458739429 28.0 
322.0 275.0 3.360261599463736 0.2186689458739429 28.0 
322.0 276.0 3.360261599463736 0.2186689458739429 28.0 
322.0 277.0 3.360261599463736 0.2186689458739429 28.0 
322.0 278.0 3.360261599463736 0.2186689458739429 28.0 
323.0 274.0 3.360261599463736 0.2186689458739429 28.0 
323.0 275.0 3.360261599463736 0.2186689458739429 28.0 
323.0 276.0 3.360261599463736 0.2186689458739429 28.0 
323.0 277.0 3.360261599463736 0.2186689458739429 28.0 
323.0 278.0 3.360261599463736 0.2186689458739429 28.0 
323.0 279.0 3.360261599463736 0.2186689458739429 28.0 
324.0 275.0 3.360261599463736 0.2186689458739429 28.0 
324.0 276.0 3.360261599463736 0.2186689458739429 28.0 
324.0 277.0 3.360261599463736 0.2186689458739429 28.0 
324.0 278.0 3.360261599463736 0.2186689458739429 28.0 
324.0 279.0 3.360261599463736 0.2186689458739429 28.0 
325.0 275.0 3.360261599463736 0.2186689458739429 28.0 
325.0 276.0 3.360261599463736 0.2186689458739429 28.0 
325.0 277.0 3.360261599463736 0.2186689458739429 28.0 
325.0 278.0 3.360261599463736 0.2186689458739429 28.0 
325.0 279.0 3.360261599463736 0.2186689458739429 28.0 
326.0 275.0 3.360261599463736 0.2186689458739429 28.0 
326.0 276.0 3.360261599463736 0.2186689458739429 28.0 
326.0 277.0 3.360261599463736 0.2186689458739429 28.0 
326.0 278.0 3.360261599463736 0.2186689458739429 28.0 
326.0 279.0 3.360261599463736 0.2186689458739429 28.0 
327.0 275.0 3.360261599463736 0.2186689458739429 28.0 
327.0 276.0 3.360261599463736 0.2186689458739429 28.0 
327.0 277.0 3.360261599463736 0.2186689458739429 28.0 
327.0 278.0 3.360261599463736 0.2186689458739429 28.0 
327.0 279.0 3.360261599463736 0.2186689458739429 28.0 
328.0 275.0 3.360261599463736 0.2186689458739429 28.0 
328.0 276.0 3.360261599463736 0.2186689458739429 28.0 
328.0 277.0 3.360261599463736 0.2186689458739429 28.0 
328.0 278.0 3.360261599463736 0.2186689458739429 28.0 
328.0 279.0 3.360261599463736 0.2186689458739429 28.0 
328.0 280.0 3.360261599463736 0.2186689458739429 28.0 
329.0 276.0 3.360261599463736 0.2186689458739429 28.0 
329.0 277.0 3.360261599463736 0.2186689458739429 28.0 
329.0 278.0 3.360261599463736 0.2186689458739429 28.0 
329.0 279.0 3.360261599463736 0.2186689458739429 28.0 
329.0 280.0 3.360261599463736 0.2186689458739429 28.0 
330.0 276.0 3.360261599463736 0.2186689458739429 28.0 
330.0 277.0 3.360261599463736 0.2186689458739429 28.0 
303.0 269.0 3.306741331004421 0.16514867741462777 24.0 
303.0 270.0 3.306741331004421 0.16514867741462777 24.0 
304.0 268.0 3.306741331004421 0.16514867741462777 24.0 
304.0 269.0 3.306741331004421 0.16514867741462777 24.0 
304.0 270.0 3.306741331004421 0.16514867741462777 24.0 
305.0 268.0 3.306741331004421 0.16514867741462777 24.0 
305.0 269.0 3.306741331004421 0.16514867741462777 24.0 
305.0 270.0 3.306741331004421 0.16514867741462777 24.0 
306.0 268.0 3.306741331004421 0.16514867741462777 24.0 
306.0 269.0 3.306741331004421 0.16514867741462777 24.0 
306.0 270.0 3.306741331004421 0.16514867741462777 24.0 
306.0 271.0 3.306741331004421 0.16514867741462777 24.0 
307.0 269.0 3.306741331004421 0.16514867741462777 24.0 
307.0 270.0 3.306741331004421 0.16514867741462777 24.0 
307.0 271.0 3.306741331004421 0.16514867741462777 24.0 
308.0 269.0 3.306741331004421 0.16514867741462777 24.0 
308.0 270.0 3.306741331004421 0.16514867741462777 24.0 
308.0 271.0 3.306741331004421 0.16514867741462777 24.0 
309.0 269.0 3.306741331004421 0.16514867741462777 24.0 
309.0 270.0 3.306741331004421 0.16514867741462777 24.0 
309.0 271.0 3.306741331004421 0.16514867741462777 24.0 
310.0 269.0 3.306741331004421 0.16514867741462777 24.0 
310.0 270.0 3.306741331004421 0.16514867741462777 24.0 
310.0 271.0 3.306741331004421 0.16514867741462777 24.0 
311.0 269.0 3.306741331004421 0.16514867741462777 24.0 
311.0 270.0 3.306741331004421 0.16514867741462777 24.0 
311.0 271.0 3.306741331004421 0.16514867741462777 24.0 
312.0 269.0 3.306741331004421 0.16514867741462777 24.0 
312.0 270.0 3.306741331004421 0.16514867741462777 24.0 
312.0 271.0 3.306741331004421 0.16514867741462777 24.0 
312.0 272.0 3.306741331004421 0.16514867741462777 24.0 
313.0 270.0 3.306741331004421 0.16514867741462777 24.0 
313.0 271.0 3.306741331004421 0.16514867741462777 24.0 
313.0 272.0 3.306741331004421 0.16514867741462777 24.0 
314.0 270.0 3.306741331004421 0.16514867741462777 24.0 
314.0 271.0 3.306741331004421 0.16514867741462777 24.0 
314.0 272.0 3.306741331004421 0.16514867741462777 24.0 
315.0 270.0 3.306741331004421 0.16514867741462777 24.0 
