261.0 331.0 2.951604365671078 6.093197019260871 44.0 
261.0 332.0 2.951604365671078 6.093197019260871 44.0 
261.0 333.0 2.951604365671078 6.093197019260871 44.0 
262.0 331.0 2.951604365671078 6.093197019260871 44.0 
262.0 332.0 2.951604365671078 6.093197019260871 44.0 
262.0 333.0 2.951604365671078 6.093197019260871 44.0 
262.0 334.0 2.951604365671078 6.093197019260871 44.0 
262.0 335.0 2.951604365671078 6.093197019260871 44.0 
262.0 336.0 2.951604365671078 6.093197019260871 44.0 
263.0 331.0 2.951604365671078 6.093197019260871 44.0 
263.0 332.0 2.951604365671078 6.093197019260871 44.0 
263.0 333.0 2.951604365671078 6.093197019260871 44.0 
263.0 334.0 2.951604365671078 6.093197019260871 44.0 
263.0 335.0 2.951604365671078 6.093197019260871 44.0 
263.0 336.0 2.951604365671078 6.093197019260871 44.0 
264.0 331.0 2.951604365671078 6.093197019260871 44.0 
264.0 332.0 2.951604365671078 6.093197019260871 44.0 
264.0 333.0 2.951604365671078 6.093197019260871 44.0 
264.0 334.0 2.951604365671078 6.093197019260871 44.0 
264.0 335.0 2.951604365671078 6.093197019260871 44.0 
264.0 336.0 2.951604365671078 6.093197019260871 44.0 
265.0 331.0 2.951604365671078 6.093197019260871 44.0 
265.0 332.0 2.951604365671078 6.093197019260871 44.0 
265.0 333.0 2.951604365671078 6.093197019260871 44.0 
265.0 334.0 2.951604365671078 6.093197019260871 44.0 
265.0 335.0 2.951604365671078 6.093197019260871 44.0 
265.0 336.0 2.951604365671078 6.093197019260871 44.0 
266.0 330.0 2.951604365671078 6.093197019260871 44.0 
266.0 331.0 2.951604365671078 6.093197019260871 44.0 
266.0 332.0 2.951604365671078 6.093197019260871 44.0 
266.0 333.0 2.951604365671078 6.093197019260871 44.0 
266.0 334.0 2.951604365671078 6.093197019260871 44.0 
266.0 335.0 2.951604365671078 6.093197019260871 44.0 
266.0 336.0 2.951604365671078 6.093197019260871 44.0 
267.0 330.0 2.951604365671078 6.093197019260871 44.0 
267.0 331.0 2.951604365671078 6.093197019260871 44.0 
267.0 332.0 2.951604365671078 6.093197019260871 44.0 
267.0 333.0 2.951604365671078 6.093197019260871 44.0 
267.0 334.0 2.951604365671078 6.093197019260871 44.0 
267.0 335.0 2.951604365671078 6.093197019260871 44.0 
268.0 330.0 2.951604365671078 6.093197019260871 44.0 
268.0 331.0 2.951604365671078 6.093197019260871 44.0 
268.0 332.0 2.951604365671078 6.093197019260871 44.0 
268.0 333.0 2.951604365671078 6.093197019260871 44.0 
268.0 334.0 2.951604365671078 6.093197019260871 44.0 
268.0 335.0 2.951604365671078 6.093197019260871 44.0 
269.0 330.0 2.951604365671078 6.093197019260871 44.0 
269.0 331.0 2.951604365671078 6.093197019260871 44.0 
269.0 332.0 2.951604365671078 6.093197019260871 44.0 
269.0 333.0 2.951604365671078 6.093197019260871 44.0 
269.0 334.0 2.951604365671078 6.093197019260871 44.0 
269.0 335.0 2.951604365671078 6.093197019260871 44.0 
270.0 330.0 2.951604365671078 6.093197019260871 44.0 
270.0 331.0 2.951604365671078 6.093197019260871 44.0 
270.0 332.0 2.951604365671078 6.093197019260871 44.0 
270.0 333.0 2.951604365671078 6.093197019260871 44.0 
270.0 334.0 2.951604365671078 6.093197019260871 44.0 
270.0 335.0 2.951604365671078 6.093197019260871 44.0 
271.0 330.0 2.951604365671078 6.093197019260871 44.0 
271.0 331.0 2.951604365671078 6.093197019260871 44.0 
271.0 332.0 2.951604365671078 6.093197019260871 44.0 
271.0 333.0 2.951604365671078 6.093197019260871 44.0 
271.0 334.0 2.951604365671078 6.093197019260871 44.0 
271.0 335.0 2.951604365671078 6.093197019260871 44.0 
272.0 329.0 2.951604365671078 6.093197019260871 44.0 
272.0 330.0 2.951604365671078 6.093197019260871 44.0 
272.0 331.0 2.951604365671078 6.093197019260871 44.0 
272.0 332.0 2.951604365671078 6.093197019260871 44.0 
272.0 333.0 2.951604365671078 6.093197019260871 44.0 
272.0 334.0 2.951604365671078 6.093197019260871 44.0 
273.0 329.0 2.951604365671078 6.093197019260871 44.0 
273.0 330.0 2.951604365671078 6.093197019260871 44.0 
273.0 331.0 2.951604365671078 6.093197019260871 44.0 
273.0 332.0 2.951604365671078 6.093197019260871 44.0 
273.0 333.0 2.951604365671078 6.093197019260871 44.0 
273.0 334.0 2.951604365671078 6.093197019260871 44.0 
274.0 329.0 2.951604365671078 6.093197019260871 44.0 
274.0 330.0 2.951604365671078 6.093197019260871 44.0 
274.0 331.0 2.951604365671078 6.093197019260871 44.0 
274.0 332.0 2.951604365671078 6.093197019260871 44.0 
274.0 333.0 2.951604365671078 6.093197019260871 44.0 
274.0 334.0 2.951604365671078 6.093197019260871 44.0 
275.0 329.0 2.951604365671078 6.093197019260871 44.0 
275.0 330.0 2.951604365671078 6.093197019260871 44.0 
275.0 331.0 2.951604365671078 6.093197019260871 44.0 
275.0 332.0 2.951604365671078 6.093197019260871 44.0 
275.0 333.0 2.951604365671078 6.093197019260871 44.0 
275.0 334.0 2.951604365671078 6.093197019260871 44.0 
276.0 329.0 2.951604365671078 6.093197019260871 44.0 
276.0 330.0 2.951604365671078 6.093197019260871 44.0 
276.0 331.0 2.951604365671078 6.093197019260871 44.0 
276.0 332.0 2.951604365671078 6.093197019260871 44.0 
276.0 333.0 2.951604365671078 6.093197019260871 44.0 
276.0 334.0 2.951604365671078 6.093197019260871 44.0 
277.0 328.0 2.951604365671078 6.093197019260871 44.0 
277.0 329.0 2.951604365671078 6.093197019260871 44.0 
277.0 330.0 2.951604365671078 6.093197019260871 44.0 
277.0 331.0 2.951604365671078 6.093197019260871 44.0 
277.0 332.0 2.951604365671078 6.093197019260871 44.0 
277.0 333.0 2.951604365671078 6.093197019260871 44.0 
278.0 328.0 2.951604365671078 6.093197019260871 44.0 
278.0 329.0 2.951604365671078 6.093197019260871 44.0 
278.0 330.0 2.951604365671078 6.093197019260871 44.0 
278.0 331.0 2.951604365671078 6.093197019260871 44.0 
278.0 332.0 2.951604365671078 6.093197019260871 44.0 
278.0 333.0 2.951604365671078 6.093197019260871 44.0 
279.0 328.0 2.951604365671078 6.093197019260871 44.0 
279.0 329.0 2.951604365671078 6.093197019260871 44.0 
279.0 330.0 2.951604365671078 6.093197019260871 44.0 
279.0 331.0 2.951604365671078 6.093197019260871 44.0 
279.0 332.0 2.951604365671078 6.093197019260871 44.0 
279.0 333.0 2.951604365671078 6.093197019260871 44.0 
280.0 328.0 2.951604365671078 6.093197019260871 44.0 
280.0 329.0 2.951604365671078 6.093197019260871 44.0 
280.0 330.0 2.951604365671078 6.093197019260871 44.0 
280.0 331.0 2.951604365671078 6.093197019260871 44.0 
280.0 332.0 2.951604365671078 6.093197019260871 44.0 
280.0 333.0 2.951604365671078 6.093197019260871 44.0 
281.0 328.0 2.951604365671078 6.093197019260871 44.0 
281.0 329.0 2.951604365671078 6.093197019260871 44.0 
281.0 330.0 2.951604365671078 6.093197019260871 44.0 
281.0 331.0 2.951604365671078 6.093197019260871 44.0 
281.0 332.0 2.951604365671078 6.093197019260871 44.0 
281.0 333.0 2.951604365671078 6.093197019260871 44.0 
282.0 327.0 2.951604365671078 6.093197019260871 44.0 
282.0 328.0 2.951604365671078 6.093197019260871 44.0 
282.0 329.0 2.951604365671078 6.093197019260871 44.0 
282.0 330.0 2.951604365671078 6.093197019260871 44.0 
282.0 331.0 2.951604365671078 6.093197019260871 44.0 
282.0 332.0 2.951604365671078 6.093197019260871 44.0 
282.0 333.0 2.951604365671078 6.093197019260871 44.0 
283.0 327.0 2.951604365671078 6.093197019260871 44.0 
283.0 328.0 2.951604365671078 6.093197019260871 44.0 
283.0 329.0 2.951604365671078 6.093197019260871 44.0 
283.0 330.0 2.951604365671078 6.093197019260871 44.0 
283.0 331.0 2.951604365671078 6.093197019260871 44.0 
283.0 332.0 2.951604365671078 6.093197019260871 44.0 
284.0 327.0 2.951604365671078 6.093197019260871 44.0 
284.0 328.0 2.951604365671078 6.093197019260871 44.0 
284.0 329.0 2.951604365671078 6.093197019260871 44.0 
284.0 330.0 2.951604365671078 6.093197019260871 44.0 
284.0 331.0 2.951604365671078 6.093197019260871 44.0 
284.0 332.0 2.951604365671078 6.093197019260871 44.0 
285.0 327.0 2.951604365671078 6.093197019260871 44.0 
285.0 328.0 2.951604365671078 6.093197019260871 44.0 
285.0 329.0 2.951604365671078 6.093197019260871 44.0 
285.0 330.0 2.951604365671078 6.093197019260871 44.0 
285.0 331.0 2.951604365671078 6.093197019260871 44.0 
285.0 332.0 2.951604365671078 6.093197019260871 44.0 
286.0 327.0 2.951604365671078 6.093197019260871 44.0 
286.0 328.0 2.951604365671078 6.093197019260871 44.0 
286.0 329.0 2.951604365671078 6.093197019260871 44.0 
286.0 330.0 2.951604365671078 6.093197019260871 44.0 
286.0 331.0 2.951604365671078 6.093197019260871 44.0 
286.0 332.0 2.951604365671078 6.093197019260871 44.0 
287.0 326.0 2.951604365671078 6.093197019260871 44.0 
287.0 327.0 2.951604365671078 6.093197019260871 44.0 
287.0 328.0 2.951604365671078 6.093197019260871 44.0 
287.0 329.0 2.951604365671078 6.093197019260871 44.0 
287.0 330.0 2.951604365671078 6.093197019260871 44.0 
287.0 331.0 2.951604365671078 6.093197019260871 44.0 
287.0 332.0 2.951604365671078 6.093197019260871 44.0 
288.0 326.0 2.951604365671078 6.093197019260871 44.0 
288.0 327.0 2.951604365671078 6.093197019260871 44.0 
288.0 328.0 2.951604365671078 6.093197019260871 44.0 
288.0 329.0 2.951604365671078 6.093197019260871 44.0 
288.0 330.0 2.951604365671078 6.093197019260871 44.0 
288.0 331.0 2.951604365671078 6.093197019260871 44.0 
289.0 326.0 2.951604365671078 6.093197019260871 44.0 
289.0 327.0 2.951604365671078 6.093197019260871 44.0 
289.0 328.0 2.951604365671078 6.093197019260871 44.0 
289.0 329.0 2.951604365671078 6.093197019260871 44.0 
289.0 330.0 2.951604365671078 6.093197019260871 44.0 
289.0 331.0 2.951604365671078 6.093197019260871 44.0 
290.0 326.0 2.951604365671078 6.093197019260871 44.0 
290.0 327.0 2.951604365671078 6.093197019260871 44.0 
290.0 328.0 2.951604365671078 6.093197019260871 44.0 
290.0 329.0 2.951604365671078 6.093197019260871 44.0 
290.0 330.0 2.951604365671078 6.093197019260871 44.0 
290.0 331.0 2.951604365671078 6.093197019260871 44.0 
291.0 326.0 2.951604365671078 6.093197019260871 44.0 
291.0 327.0 2.951604365671078 6.093197019260871 44.0 
291.0 328.0 2.951604365671078 6.093197019260871 44.0 
291.0 329.0 2.951604365671078 6.093197019260871 44.0 
291.0 330.0 2.951604365671078 6.093197019260871 44.0 
291.0 331.0 2.951604365671078 6.093197019260871 44.0 
292.0 325.0 2.951604365671078 6.093197019260871 44.0 
292.0 326.0 2.951604365671078 6.093197019260871 44.0 
292.0 327.0 2.951604365671078 6.093197019260871 44.0 
292.0 328.0 2.951604365671078 6.093197019260871 44.0 
292.0 329.0 2.951604365671078 6.093197019260871 44.0 
292.0 330.0 2.951604365671078 6.093197019260871 44.0 
292.0 331.0 2.951604365671078 6.093197019260871 44.0 
293.0 325.0 2.951604365671078 6.093197019260871 44.0 
293.0 326.0 2.951604365671078 6.093197019260871 44.0 
293.0 327.0 2.951604365671078 6.093197019260871 44.0 
293.0 328.0 2.951604365671078 6.093197019260871 44.0 
293.0 329.0 2.951604365671078 6.093197019260871 44.0 
293.0 330.0 2.951604365671078 6.093197019260871 44.0 
294.0 325.0 2.951604365671078 6.093197019260871 44.0 
294.0 326.0 2.951604365671078 6.093197019260871 44.0 
294.0 327.0 2.951604365671078 6.093197019260871 44.0 
294.0 328.0 2.951604365671078 6.093197019260871 44.0 
294.0 329.0 2.951604365671078 6.093197019260871 44.0 
294.0 330.0 2.951604365671078 6.093197019260871 44.0 
295.0 325.0 2.951604365671078 6.093197019260871 44.0 
295.0 326.0 2.951604365671078 6.093197019260871 44.0 
295.0 327.0 2.951604365671078 6.093197019260871 44.0 
295.0 328.0 2.951604365671078 6.093197019260871 44.0 
295.0 329.0 2.951604365671078 6.093197019260871 44.0 
295.0 330.0 2.951604365671078 6.093197019260871 44.0 
296.0 325.0 2.951604365671078 6.093197019260871 44.0 
296.0 326.0 2.951604365671078 6.093197019260871 44.0 
296.0 327.0 2.951604365671078 6.093197019260871 44.0 
296.0 328.0 2.951604365671078 6.093197019260871 44.0 
296.0 329.0 2.951604365671078 6.093197019260871 44.0 
296.0 330.0 2.951604365671078 6.093197019260871 44.0 
297.0 325.0 2.951604365671078 6.093197019260871 44.0 
297.0 326.0 2.951604365671078 6.093197019260871 44.0 
297.0 327.0 2.951604365671078 6.093197019260871 44.0 
297.0 328.0 2.951604365671078 6.093197019260871 44.0 
297.0 329.0 2.951604365671078 6.093197019260871 44.0 
297.0 330.0 2.951604365671078 6.093197019260871 44.0 
298.0 324.0 2.951604365671078 6.093197019260871 44.0 
298.0 325.0 2.951604365671078 6.093197019260871 44.0 
298.0 326.0 2.951604365671078 6.093197019260871 44.0 
298.0 327.0 2.951604365671078 6.093197019260871 44.0 
298.0 328.0 2.951604365671078 6.093197019260871 44.0 
298.0 329.0 2.951604365671078 6.093197019260871 44.0 
299.0 324.0 2.951604365671078 6.093197019260871 44.0 
299.0 325.0 2.951604365671078 6.093197019260871 44.0 
299.0 326.0 2.951604365671078 6.093197019260871 44.0 
299.0 327.0 2.951604365671078 6.093197019260871 44.0 
299.0 328.0 2.951604365671078 6.093197019260871 44.0 
299.0 329.0 2.951604365671078 6.093197019260871 44.0 
300.0 324.0 2.951604365671078 6.093197019260871 44.0 
300.0 325.0 2.951604365671078 6.093197019260871 44.0 
300.0 326.0 2.951604365671078 6.093197019260871 44.0 
300.0 327.0 2.951604365671078 6.093197019260871 44.0 
300.0 328.0 2.951604365671078 6.093197019260871 44.0 
300.0 329.0 2.951604365671078 6.093197019260871 44.0 
301.0 324.0 2.951604365671078 6.093197019260871 44.0 
301.0 325.0 2.951604365671078 6.093197019260871 44.0 
301.0 326.0 2.951604365671078 6.093197019260871 44.0 
301.0 327.0 2.951604365671078 6.093197019260871 44.0 
301.0 328.0 2.951604365671078 6.093197019260871 44.0 
301.0 329.0 2.951604365671078 6.093197019260871 44.0 
302.0 324.0 2.951604365671078 6.093197019260871 44.0 
302.0 325.0 2.951604365671078 6.093197019260871 44.0 
302.0 326.0 2.951604365671078 6.093197019260871 44.0 
302.0 327.0 2.951604365671078 6.093197019260871 44.0 
302.0 328.0 2.951604365671078 6.093197019260871 44.0 
302.0 329.0 2.951604365671078 6.093197019260871 44.0 
303.0 323.0 2.951604365671078 6.093197019260871 44.0 
303.0 324.0 2.951604365671078 6.093197019260871 44.0 
303.0 325.0 2.951604365671078 6.093197019260871 44.0 
303.0 326.0 2.951604365671078 6.093197019260871 44.0 
303.0 327.0 2.951604365671078 6.093197019260871 44.0 
303.0 328.0 2.951604365671078 6.093197019260871 44.0 
304.0 323.0 2.951604365671078 6.093197019260871 44.0 
304.0 324.0 2.951604365671078 6.093197019260871 44.0 
304.0 325.0 2.951604365671078 6.093197019260871 44.0 
304.0 326.0 2.951604365671078 6.093197019260871 44.0 
304.0 327.0 2.951604365671078 6.093197019260871 44.0 
304.0 328.0 2.951604365671078 6.093197019260871 44.0 
305.0 323.0 2.951604365671078 6.093197019260871 44.0 
305.0 324.0 2.951604365671078 6.093197019260871 44.0 
305.0 325.0 2.951604365671078 6.093197019260871 44.0 
305.0 326.0 2.951604365671078 6.093197019260871 44.0 
305.0 327.0 2.951604365671078 6.093197019260871 44.0 
305.0 328.0 2.951604365671078 6.093197019260871 44.0 
306.0 323.0 2.951604365671078 6.093197019260871 44.0 
306.0 324.0 2.951604365671078 6.093197019260871 44.0 
306.0 325.0 2.951604365671078 6.093197019260871 44.0 
306.0 326.0 2.951604365671078 6.093197019260871 44.0 
306.0 327.0 2.951604365671078 6.093197019260871 44.0 
306.0 328.0 2.951604365671078 6.093197019260871 44.0 
307.0 323.0 2.951604365671078 6.093197019260871 44.0 
307.0 324.0 2.951604365671078 6.093197019260871 44.0 
307.0 325.0 2.951604365671078 6.093197019260871 44.0 
307.0 326.0 2.951604365671078 6.093197019260871 44.0 
307.0 327.0 2.951604365671078 6.093197019260871 44.0 
307.0 328.0 2.951604365671078 6.093197019260871 44.0 
308.0 322.0 2.951604365671078 6.093197019260871 44.0 
308.0 323.0 2.951604365671078 6.093197019260871 44.0 
308.0 324.0 2.951604365671078 6.093197019260871 44.0 
308.0 325.0 2.951604365671078 6.093197019260871 44.0 
308.0 326.0 2.951604365671078 6.093197019260871 44.0 
308.0 327.0 2.951604365671078 6.093197019260871 44.0 
308.0 328.0 2.951604365671078 6.093197019260871 44.0 
309.0 322.0 2.951604365671078 6.093197019260871 44.0 
309.0 323.0 2.951604365671078 6.093197019260871 44.0 
309.0 324.0 2.951604365671078 6.093197019260871 44.0 
309.0 325.0 2.951604365671078 6.093197019260871 44.0 
309.0 326.0 2.951604365671078 6.093197019260871 44.0 
309.0 327.0 2.951604365671078 6.093197019260871 44.0 
310.0 322.0 2.951604365671078 6.093197019260871 44.0 
310.0 323.0 2.951604365671078 6.093197019260871 44.0 
310.0 324.0 2.951604365671078 6.093197019260871 44.0 
310.0 325.0 2.951604365671078 6.093197019260871 44.0 
310.0 326.0 2.951604365671078 6.093197019260871 44.0 
310.0 327.0 2.951604365671078 6.093197019260871 44.0 
311.0 322.0 2.951604365671078 6.093197019260871 44.0 
311.0 323.0 2.951604365671078 6.093197019260871 44.0 
311.0 324.0 2.951604365671078 6.093197019260871 44.0 
311.0 325.0 2.951604365671078 6.093197019260871 44.0 
311.0 326.0 2.951604365671078 6.093197019260871 44.0 
311.0 327.0 2.951604365671078 6.093197019260871 44.0 
312.0 322.0 2.951604365671078 6.093197019260871 44.0 
312.0 323.0 2.951604365671078 6.093197019260871 44.0 
312.0 324.0 2.951604365671078 6.093197019260871 44.0 
312.0 325.0 2.951604365671078 6.093197019260871 44.0 
312.0 326.0 2.951604365671078 6.093197019260871 44.0 
312.0 327.0 2.951604365671078 6.093197019260871 44.0 
313.0 324.0 2.951604365671078 6.093197019260871 44.0 
313.0 325.0 2.951604365671078 6.093197019260871 44.0 
313.0 326.0 2.951604365671078 6.093197019260871 44.0 
313.0 327.0 2.951604365671078 6.093197019260871 44.0 
219.0 343.0 2.964883797519757 6.1064764511095495 24.0 
220.0 343.0 2.964883797519757 6.1064764511095495 24.0 
220.0 344.0 2.964883797519757 6.1064764511095495 24.0 
221.0 343.0 2.964883797519757 6.1064764511095495 24.0 
221.0 344.0 2.964883797519757 6.1064764511095495 24.0 
222.0 343.0 2.964883797519757 6.1064764511095495 24.0 
222.0 344.0 2.964883797519757 6.1064764511095495 24.0 
223.0 343.0 2.964883797519757 6.1064764511095495 24.0 
223.0 344.0 2.964883797519757 6.1064764511095495 24.0 
224.0 343.0 2.964883797519757 6.1064764511095495 24.0 
224.0 344.0 2.964883797519757 6.1064764511095495 24.0 
225.0 342.0 2.964883797519757 6.1064764511095495 24.0 
225.0 343.0 2.964883797519757 6.1064764511095495 24.0 
226.0 342.0 2.964883797519757 6.1064764511095495 24.0 
226.0 343.0 2.964883797519757 6.1064764511095495 24.0 
227.0 342.0 2.964883797519757 6.1064764511095495 24.0 
227.0 343.0 2.964883797519757 6.1064764511095495 24.0 
228.0 342.0 2.964883797519757 6.1064764511095495 24.0 
228.0 343.0 2.964883797519757 6.1064764511095495 24.0 
229.0 342.0 2.964883797519757 6.1064764511095495 24.0 
229.0 343.0 2.964883797519757 6.1064764511095495 24.0 
230.0 342.0 2.964883797519757 6.1064764511095495 24.0 
230.0 343.0 2.964883797519757 6.1064764511095495 24.0 
231.0 341.0 2.964883797519757 6.1064764511095495 24.0 
231.0 342.0 2.964883797519757 6.1064764511095495 24.0 
232.0 341.0 2.964883797519757 6.1064764511095495 24.0 
232.0 342.0 2.964883797519757 6.1064764511095495 24.0 
233.0 341.0 2.964883797519757 6.1064764511095495 24.0 
233.0 342.0 2.964883797519757 6.1064764511095495 24.0 
234.0 341.0 2.964883797519757 6.1064764511095495 24.0 
234.0 342.0 2.964883797519757 6.1064764511095495 24.0 
235.0 341.0 2.964883797519757 6.1064764511095495 24.0 
235.0 342.0 2.964883797519757 6.1064764511095495 24.0 
236.0 340.0 2.964883797519757 6.1064764511095495 24.0 
236.0 341.0 2.964883797519757 6.1064764511095495 24.0 
237.0 340.0 2.964883797519757 6.1064764511095495 24.0 
237.0 341.0 2.964883797519757 6.1064764511095495 24.0 
238.0 340.0 2.964883797519757 6.1064764511095495 24.0 
238.0 341.0 2.964883797519757 6.1064764511095495 24.0 
239.0 340.0 2.964883797519757 6.1064764511095495 24.0 
239.0 341.0 2.964883797519757 6.1064764511095495 24.0 
240.0 340.0 2.964883797519757 6.1064764511095495 24.0 
240.0 341.0 2.964883797519757 6.1064764511095495 24.0 
241.0 340.0 2.964883797519757 6.1064764511095495 24.0 
241.0 341.0 2.964883797519757 6.1064764511095495 24.0 
242.0 339.0 2.964883797519757 6.1064764511095495 24.0 
242.0 340.0 2.964883797519757 6.1064764511095495 24.0 
243.0 339.0 2.964883797519757 6.1064764511095495 24.0 
243.0 340.0 2.964883797519757 6.1064764511095495 24.0 
244.0 339.0 2.964883797519757 6.1064764511095495 24.0 
244.0 340.0 2.964883797519757 6.1064764511095495 24.0 
245.0 339.0 2.964883797519757 6.1064764511095495 24.0 
245.0 340.0 2.964883797519757 6.1064764511095495 24.0 
246.0 339.0 2.964883797519757 6.1064764511095495 24.0 
246.0 340.0 2.964883797519757 6.1064764511095495 24.0 
247.0 339.0 2.964883797519757 6.1064764511095495 24.0 
247.0 340.0 2.964883797519757 6.1064764511095495 24.0 
