271.0 289.0 3.9809923173632096 0.8393996637734167 56.0 
272.0 288.0 3.9809923173632096 0.8393996637734167 56.0 
272.0 289.0 3.9809923173632096 0.8393996637734167 56.0 
272.0 290.0 3.9809923173632096 0.8393996637734167 56.0 
273.0 287.0 3.9809923173632096 0.8393996637734167 56.0 
273.0 288.0 3.9809923173632096 0.8393996637734167 56.0 
273.0 289.0 3.9809923173632096 0.8393996637734167 56.0 
273.0 290.0 3.9809923173632096 0.8393996637734167 56.0 
273.0 291.0 3.9809923173632096 0.8393996637734167 56.0 
274.0 287.0 3.9809923173632096 0.8393996637734167 56.0 
274.0 288.0 3.9809923173632096 0.8393996637734167 56.0 
274.0 289.0 3.9809923173632096 0.8393996637734167 56.0 
274.0 290.0 3.9809923173632096 0.8393996637734167 56.0 
274.0 291.0 3.9809923173632096 0.8393996637734167 56.0 
274.0 292.0 3.9809923173632096 0.8393996637734167 56.0 
275.0 286.0 3.9809923173632096 0.8393996637734167 56.0 
275.0 287.0 3.9809923173632096 0.8393996637734167 56.0 
275.0 288.0 3.9809923173632096 0.8393996637734167 56.0 
275.0 289.0 3.9809923173632096 0.8393996637734167 56.0 
275.0 290.0 3.9809923173632096 0.8393996637734167 56.0 
275.0 291.0 3.9809923173632096 0.8393996637734167 56.0 
275.0 292.0 3.9809923173632096 0.8393996637734167 56.0 
275.0 293.0 3.9809923173632096 0.8393996637734167 56.0 
276.0 286.0 3.9809923173632096 0.8393996637734167 56.0 
276.0 287.0 3.9809923173632096 0.8393996637734167 56.0 
276.0 288.0 3.9809923173632096 0.8393996637734167 56.0 
276.0 289.0 3.9809923173632096 0.8393996637734167 56.0 
276.0 290.0 3.9809923173632096 0.8393996637734167 56.0 
276.0 291.0 3.9809923173632096 0.8393996637734167 56.0 
276.0 292.0 3.9809923173632096 0.8393996637734167 56.0 
276.0 293.0 3.9809923173632096 0.8393996637734167 56.0 
276.0 294.0 3.9809923173632096 0.8393996637734167 56.0 
277.0 287.0 3.9809923173632096 0.8393996637734167 56.0 
277.0 288.0 3.9809923173632096 0.8393996637734167 56.0 
277.0 289.0 3.9809923173632096 0.8393996637734167 56.0 
277.0 290.0 3.9809923173632096 0.8393996637734167 56.0 
277.0 291.0 3.9809923173632096 0.8393996637734167 56.0 
277.0 292.0 3.9809923173632096 0.8393996637734167 56.0 
277.0 293.0 3.9809923173632096 0.8393996637734167 56.0 
277.0 294.0 3.9809923173632096 0.8393996637734167 56.0 
277.0 295.0 3.9809923173632096 0.8393996637734167 56.0 
278.0 289.0 3.9809923173632096 0.8393996637734167 56.0 
278.0 290.0 3.9809923173632096 0.8393996637734167 56.0 
278.0 291.0 3.9809923173632096 0.8393996637734167 56.0 
278.0 292.0 3.9809923173632096 0.8393996637734167 56.0 
278.0 293.0 3.9809923173632096 0.8393996637734167 56.0 
278.0 294.0 3.9809923173632096 0.8393996637734167 56.0 
278.0 295.0 3.9809923173632096 0.8393996637734167 56.0 
278.0 296.0 3.9809923173632096 0.8393996637734167 56.0 
278.0 297.0 3.9809923173632096 0.8393996637734167 56.0 
279.0 290.0 3.9809923173632096 0.8393996637734167 56.0 
279.0 291.0 3.9809923173632096 0.8393996637734167 56.0 
279.0 292.0 3.9809923173632096 0.8393996637734167 56.0 
279.0 293.0 3.9809923173632096 0.8393996637734167 56.0 
279.0 294.0 3.9809923173632096 0.8393996637734167 56.0 
279.0 295.0 3.9809923173632096 0.8393996637734167 56.0 
279.0 296.0 3.9809923173632096 0.8393996637734167 56.0 
279.0 297.0 3.9809923173632096 0.8393996637734167 56.0 
279.0 298.0 3.9809923173632096 0.8393996637734167 56.0 
280.0 291.0 3.9809923173632096 0.8393996637734167 56.0 
280.0 292.0 3.9809923173632096 0.8393996637734167 56.0 
280.0 293.0 3.9809923173632096 0.8393996637734167 56.0 
280.0 294.0 3.9809923173632096 0.8393996637734167 56.0 
280.0 295.0 3.9809923173632096 0.8393996637734167 56.0 
280.0 296.0 3.9809923173632096 0.8393996637734167 56.0 
280.0 297.0 3.9809923173632096 0.8393996637734167 56.0 
280.0 298.0 3.9809923173632096 0.8393996637734167 56.0 
280.0 299.0 3.9809923173632096 0.8393996637734167 56.0 
281.0 292.0 3.9809923173632096 0.8393996637734167 56.0 
281.0 293.0 3.9809923173632096 0.8393996637734167 56.0 
281.0 294.0 3.9809923173632096 0.8393996637734167 56.0 
281.0 295.0 3.9809923173632096 0.8393996637734167 56.0 
281.0 296.0 3.9809923173632096 0.8393996637734167 56.0 
281.0 297.0 3.9809923173632096 0.8393996637734167 56.0 
281.0 298.0 3.9809923173632096 0.8393996637734167 56.0 
281.0 299.0 3.9809923173632096 0.8393996637734167 56.0 
281.0 300.0 3.9809923173632096 0.8393996637734167 56.0 
282.0 293.0 3.9809923173632096 0.8393996637734167 56.0 
282.0 294.0 3.9809923173632096 0.8393996637734167 56.0 
282.0 295.0 3.9809923173632096 0.8393996637734167 56.0 
282.0 296.0 3.9809923173632096 0.8393996637734167 56.0 
282.0 297.0 3.9809923173632096 0.8393996637734167 56.0 
282.0 298.0 3.9809923173632096 0.8393996637734167 56.0 
282.0 299.0 3.9809923173632096 0.8393996637734167 56.0 
282.0 300.0 3.9809923173632096 0.8393996637734167 56.0 
282.0 301.0 3.9809923173632096 0.8393996637734167 56.0 
283.0 294.0 3.9809923173632096 0.8393996637734167 56.0 
283.0 295.0 3.9809923173632096 0.8393996637734167 56.0 
283.0 296.0 3.9809923173632096 0.8393996637734167 56.0 
283.0 297.0 3.9809923173632096 0.8393996637734167 56.0 
283.0 298.0 3.9809923173632096 0.8393996637734167 56.0 
283.0 299.0 3.9809923173632096 0.8393996637734167 56.0 
283.0 300.0 3.9809923173632096 0.8393996637734167 56.0 
283.0 301.0 3.9809923173632096 0.8393996637734167 56.0 
283.0 302.0 3.9809923173632096 0.8393996637734167 56.0 
284.0 295.0 3.9809923173632096 0.8393996637734167 56.0 
284.0 296.0 3.9809923173632096 0.8393996637734167 56.0 
284.0 297.0 3.9809923173632096 0.8393996637734167 56.0 
284.0 298.0 3.9809923173632096 0.8393996637734167 56.0 
284.0 299.0 3.9809923173632096 0.8393996637734167 56.0 
284.0 300.0 3.9809923173632096 0.8393996637734167 56.0 
284.0 301.0 3.9809923173632096 0.8393996637734167 56.0 
284.0 302.0 3.9809923173632096 0.8393996637734167 56.0 
284.0 303.0 3.9809923173632096 0.8393996637734167 56.0 
285.0 296.0 3.9809923173632096 0.8393996637734167 56.0 
285.0 297.0 3.9809923173632096 0.8393996637734167 56.0 
285.0 298.0 3.9809923173632096 0.8393996637734167 56.0 
285.0 299.0 3.9809923173632096 0.8393996637734167 56.0 
285.0 300.0 3.9809923173632096 0.8393996637734167 56.0 
285.0 301.0 3.9809923173632096 0.8393996637734167 56.0 
285.0 302.0 3.9809923173632096 0.8393996637734167 56.0 
285.0 303.0 3.9809923173632096 0.8393996637734167 56.0 
285.0 304.0 3.9809923173632096 0.8393996637734167 56.0 
286.0 297.0 3.9809923173632096 0.8393996637734167 56.0 
286.0 298.0 3.9809923173632096 0.8393996637734167 56.0 
286.0 299.0 3.9809923173632096 0.8393996637734167 56.0 
286.0 300.0 3.9809923173632096 0.8393996637734167 56.0 
286.0 301.0 3.9809923173632096 0.8393996637734167 56.0 
286.0 302.0 3.9809923173632096 0.8393996637734167 56.0 
286.0 303.0 3.9809923173632096 0.8393996637734167 56.0 
286.0 304.0 3.9809923173632096 0.8393996637734167 56.0 
286.0 305.0 3.9809923173632096 0.8393996637734167 56.0 
287.0 299.0 3.9809923173632096 0.8393996637734167 56.0 
287.0 300.0 3.9809923173632096 0.8393996637734167 56.0 
287.0 301.0 3.9809923173632096 0.8393996637734167 56.0 
287.0 302.0 3.9809923173632096 0.8393996637734167 56.0 
287.0 303.0 3.9809923173632096 0.8393996637734167 56.0 
287.0 304.0 3.9809923173632096 0.8393996637734167 56.0 
287.0 305.0 3.9809923173632096 0.8393996637734167 56.0 
287.0 306.0 3.9809923173632096 0.8393996637734167 56.0 
287.0 307.0 3.9809923173632096 0.8393996637734167 56.0 
288.0 300.0 3.9809923173632096 0.8393996637734167 56.0 
288.0 301.0 3.9809923173632096 0.8393996637734167 56.0 
288.0 302.0 3.9809923173632096 0.8393996637734167 56.0 
288.0 303.0 3.9809923173632096 0.8393996637734167 56.0 
288.0 304.0 3.9809923173632096 0.8393996637734167 56.0 
288.0 305.0 3.9809923173632096 0.8393996637734167 56.0 
288.0 306.0 3.9809923173632096 0.8393996637734167 56.0 
288.0 307.0 3.9809923173632096 0.8393996637734167 56.0 
288.0 308.0 3.9809923173632096 0.8393996637734167 56.0 
289.0 301.0 3.9809923173632096 0.8393996637734167 56.0 
289.0 302.0 3.9809923173632096 0.8393996637734167 56.0 
289.0 303.0 3.9809923173632096 0.8393996637734167 56.0 
289.0 304.0 3.9809923173632096 0.8393996637734167 56.0 
289.0 305.0 3.9809923173632096 0.8393996637734167 56.0 
289.0 306.0 3.9809923173632096 0.8393996637734167 56.0 
289.0 307.0 3.9809923173632096 0.8393996637734167 56.0 
289.0 308.0 3.9809923173632096 0.8393996637734167 56.0 
289.0 309.0 3.9809923173632096 0.8393996637734167 56.0 
290.0 302.0 3.9809923173632096 0.8393996637734167 56.0 
290.0 303.0 3.9809923173632096 0.8393996637734167 56.0 
290.0 304.0 3.9809923173632096 0.8393996637734167 56.0 
290.0 305.0 3.9809923173632096 0.8393996637734167 56.0 
290.0 306.0 3.9809923173632096 0.8393996637734167 56.0 
290.0 307.0 3.9809923173632096 0.8393996637734167 56.0 
290.0 308.0 3.9809923173632096 0.8393996637734167 56.0 
290.0 309.0 3.9809923173632096 0.8393996637734167 56.0 
290.0 310.0 3.9809923173632096 0.8393996637734167 56.0 
291.0 303.0 3.9809923173632096 0.8393996637734167 56.0 
291.0 304.0 3.9809923173632096 0.8393996637734167 56.0 
291.0 305.0 3.9809923173632096 0.8393996637734167 56.0 
291.0 306.0 3.9809923173632096 0.8393996637734167 56.0 
291.0 307.0 3.9809923173632096 0.8393996637734167 56.0 
291.0 308.0 3.9809923173632096 0.8393996637734167 56.0 
291.0 309.0 3.9809923173632096 0.8393996637734167 56.0 
291.0 310.0 3.9809923173632096 0.8393996637734167 56.0 
291.0 311.0 3.9809923173632096 0.8393996637734167 56.0 
292.0 304.0 3.9809923173632096 0.8393996637734167 56.0 
292.0 305.0 3.9809923173632096 0.8393996637734167 56.0 
292.0 306.0 3.9809923173632096 0.8393996637734167 56.0 
292.0 307.0 3.9809923173632096 0.8393996637734167 56.0 
292.0 308.0 3.9809923173632096 0.8393996637734167 56.0 
292.0 309.0 3.9809923173632096 0.8393996637734167 56.0 
292.0 310.0 3.9809923173632096 0.8393996637734167 56.0 
292.0 311.0 3.9809923173632096 0.8393996637734167 56.0 
292.0 312.0 3.9809923173632096 0.8393996637734167 56.0 
293.0 305.0 3.9809923173632096 0.8393996637734167 56.0 
293.0 306.0 3.9809923173632096 0.8393996637734167 56.0 
293.0 307.0 3.9809923173632096 0.8393996637734167 56.0 
293.0 308.0 3.9809923173632096 0.8393996637734167 56.0 
293.0 309.0 3.9809923173632096 0.8393996637734167 56.0 
293.0 310.0 3.9809923173632096 0.8393996637734167 56.0 
293.0 311.0 3.9809923173632096 0.8393996637734167 56.0 
293.0 312.0 3.9809923173632096 0.8393996637734167 56.0 
293.0 313.0 3.9809923173632096 0.8393996637734167 56.0 
294.0 306.0 3.9809923173632096 0.8393996637734167 56.0 
294.0 307.0 3.9809923173632096 0.8393996637734167 56.0 
294.0 308.0 3.9809923173632096 0.8393996637734167 56.0 
294.0 309.0 3.9809923173632096 0.8393996637734167 56.0 
294.0 310.0 3.9809923173632096 0.8393996637734167 56.0 
294.0 311.0 3.9809923173632096 0.8393996637734167 56.0 
294.0 312.0 3.9809923173632096 0.8393996637734167 56.0 
294.0 313.0 3.9809923173632096 0.8393996637734167 56.0 
294.0 314.0 3.9809923173632096 0.8393996637734167 56.0 
295.0 308.0 3.9809923173632096 0.8393996637734167 56.0 
295.0 309.0 3.9809923173632096 0.8393996637734167 56.0 
295.0 310.0 3.9809923173632096 0.8393996637734167 56.0 
295.0 311.0 3.9809923173632096 0.8393996637734167 56.0 
295.0 312.0 3.9809923173632096 0.8393996637734167 56.0 
295.0 313.0 3.9809923173632096 0.8393996637734167 56.0 
295.0 314.0 3.9809923173632096 0.8393996637734167 56.0 
295.0 315.0 3.9809923173632096 0.8393996637734167 56.0 
295.0 316.0 3.9809923173632096 0.8393996637734167 56.0 
296.0 309.0 3.9809923173632096 0.8393996637734167 56.0 
296.0 310.0 3.9809923173632096 0.8393996637734167 56.0 
296.0 311.0 3.9809923173632096 0.8393996637734167 56.0 
296.0 312.0 3.9809923173632096 0.8393996637734167 56.0 
296.0 313.0 3.9809923173632096 0.8393996637734167 56.0 
296.0 314.0 3.9809923173632096 0.8393996637734167 56.0 
296.0 315.0 3.9809923173632096 0.8393996637734167 56.0 
296.0 316.0 3.9809923173632096 0.8393996637734167 56.0 
296.0 317.0 3.9809923173632096 0.8393996637734167 56.0 
297.0 310.0 3.9809923173632096 0.8393996637734167 56.0 
297.0 311.0 3.9809923173632096 0.8393996637734167 56.0 
297.0 312.0 3.9809923173632096 0.8393996637734167 56.0 
297.0 313.0 3.9809923173632096 0.8393996637734167 56.0 
297.0 314.0 3.9809923173632096 0.8393996637734167 56.0 
297.0 315.0 3.9809923173632096 0.8393996637734167 56.0 
297.0 316.0 3.9809923173632096 0.8393996637734167 56.0 
297.0 317.0 3.9809923173632096 0.8393996637734167 56.0 
297.0 318.0 3.9809923173632096 0.8393996637734167 56.0 
298.0 311.0 3.9809923173632096 0.8393996637734167 56.0 
298.0 312.0 3.9809923173632096 0.8393996637734167 56.0 
298.0 313.0 3.9809923173632096 0.8393996637734167 56.0 
298.0 314.0 3.9809923173632096 0.8393996637734167 56.0 
298.0 315.0 3.9809923173632096 0.8393996637734167 56.0 
298.0 316.0 3.9809923173632096 0.8393996637734167 56.0 
298.0 317.0 3.9809923173632096 0.8393996637734167 56.0 
298.0 318.0 3.9809923173632096 0.8393996637734167 56.0 
298.0 319.0 3.9809923173632096 0.8393996637734167 56.0 
299.0 312.0 3.9809923173632096 0.8393996637734167 56.0 
299.0 313.0 3.9809923173632096 0.8393996637734167 56.0 
299.0 314.0 3.9809923173632096 0.8393996637734167 56.0 
299.0 315.0 3.9809923173632096 0.8393996637734167 56.0 
299.0 316.0 3.9809923173632096 0.8393996637734167 56.0 
299.0 317.0 3.9809923173632096 0.8393996637734167 56.0 
299.0 318.0 3.9809923173632096 0.8393996637734167 56.0 
299.0 319.0 3.9809923173632096 0.8393996637734167 56.0 
299.0 320.0 3.9809923173632096 0.8393996637734167 56.0 
300.0 313.0 3.9809923173632096 0.8393996637734167 56.0 
300.0 314.0 3.9809923173632096 0.8393996637734167 56.0 
300.0 315.0 3.9809923173632096 0.8393996637734167 56.0 
300.0 316.0 3.9809923173632096 0.8393996637734167 56.0 
300.0 317.0 3.9809923173632096 0.8393996637734167 56.0 
300.0 318.0 3.9809923173632096 0.8393996637734167 56.0 
300.0 319.0 3.9809923173632096 0.8393996637734167 56.0 
300.0 320.0 3.9809923173632096 0.8393996637734167 56.0 
300.0 321.0 3.9809923173632096 0.8393996637734167 56.0 
301.0 314.0 3.9809923173632096 0.8393996637734167 56.0 
301.0 315.0 3.9809923173632096 0.8393996637734167 56.0 
301.0 316.0 3.9809923173632096 0.8393996637734167 56.0 
301.0 317.0 3.9809923173632096 0.8393996637734167 56.0 
301.0 318.0 3.9809923173632096 0.8393996637734167 56.0 
301.0 319.0 3.9809923173632096 0.8393996637734167 56.0 
301.0 320.0 3.9809923173632096 0.8393996637734167 56.0 
301.0 321.0 3.9809923173632096 0.8393996637734167 56.0 
301.0 322.0 3.9809923173632096 0.8393996637734167 56.0 
302.0 315.0 3.9809923173632096 0.8393996637734167 56.0 
302.0 316.0 3.9809923173632096 0.8393996637734167 56.0 
302.0 317.0 3.9809923173632096 0.8393996637734167 56.0 
302.0 318.0 3.9809923173632096 0.8393996637734167 56.0 
302.0 319.0 3.9809923173632096 0.8393996637734167 56.0 
302.0 320.0 3.9809923173632096 0.8393996637734167 56.0 
302.0 321.0 3.9809923173632096 0.8393996637734167 56.0 
302.0 322.0 3.9809923173632096 0.8393996637734167 56.0 
302.0 323.0 3.9809923173632096 0.8393996637734167 56.0 
303.0 316.0 3.9809923173632096 0.8393996637734167 56.0 
303.0 317.0 3.9809923173632096 0.8393996637734167 56.0 
303.0 318.0 3.9809923173632096 0.8393996637734167 56.0 
303.0 319.0 3.9809923173632096 0.8393996637734167 56.0 
303.0 320.0 3.9809923173632096 0.8393996637734167 56.0 
303.0 321.0 3.9809923173632096 0.8393996637734167 56.0 
303.0 322.0 3.9809923173632096 0.8393996637734167 56.0 
303.0 323.0 3.9809923173632096 0.8393996637734167 56.0 
303.0 324.0 3.9809923173632096 0.8393996637734167 56.0 
304.0 318.0 3.9809923173632096 0.8393996637734167 56.0 
304.0 319.0 3.9809923173632096 0.8393996637734167 56.0 
304.0 320.0 3.9809923173632096 0.8393996637734167 56.0 
304.0 321.0 3.9809923173632096 0.8393996637734167 56.0 
304.0 322.0 3.9809923173632096 0.8393996637734167 56.0 
304.0 323.0 3.9809923173632096 0.8393996637734167 56.0 
304.0 324.0 3.9809923173632096 0.8393996637734167 56.0 
304.0 325.0 3.9809923173632096 0.8393996637734167 56.0 
304.0 326.0 3.9809923173632096 0.8393996637734167 56.0 
305.0 319.0 3.9809923173632096 0.8393996637734167 56.0 
305.0 320.0 3.9809923173632096 0.8393996637734167 56.0 
305.0 321.0 3.9809923173632096 0.8393996637734167 56.0 
305.0 322.0 3.9809923173632096 0.8393996637734167 56.0 
305.0 323.0 3.9809923173632096 0.8393996637734167 56.0 
305.0 324.0 3.9809923173632096 0.8393996637734167 56.0 
305.0 325.0 3.9809923173632096 0.8393996637734167 56.0 
305.0 326.0 3.9809923173632096 0.8393996637734167 56.0 
305.0 327.0 3.9809923173632096 0.8393996637734167 56.0 
306.0 320.0 3.9809923173632096 0.8393996637734167 56.0 
306.0 321.0 3.9809923173632096 0.8393996637734167 56.0 
306.0 322.0 3.9809923173632096 0.8393996637734167 56.0 
306.0 323.0 3.9809923173632096 0.8393996637734167 56.0 
306.0 324.0 3.9809923173632096 0.8393996637734167 56.0 
306.0 325.0 3.9809923173632096 0.8393996637734167 56.0 
306.0 326.0 3.9809923173632096 0.8393996637734167 56.0 
306.0 327.0 3.9809923173632096 0.8393996637734167 56.0 
307.0 321.0 3.9809923173632096 0.8393996637734167 56.0 
307.0 322.0 3.9809923173632096 0.8393996637734167 56.0 
307.0 323.0 3.9809923173632096 0.8393996637734167 56.0 
307.0 324.0 3.9809923173632096 0.8393996637734167 56.0 
307.0 325.0 3.9809923173632096 0.8393996637734167 56.0 
307.0 326.0 3.9809923173632096 0.8393996637734167 56.0 
308.0 322.0 3.9809923173632096 0.8393996637734167 56.0 
308.0 323.0 3.9809923173632096 0.8393996637734167 56.0 
308.0 324.0 3.9809923173632096 0.8393996637734167 56.0 
308.0 325.0 3.9809923173632096 0.8393996637734167 56.0 
309.0 323.0 3.9809923173632096 0.8393996637734167 56.0 
309.0 324.0 3.9809923173632096 0.8393996637734167 56.0 
309.0 325.0 3.9809923173632096 0.8393996637734167 56.0 
310.0 324.0 3.9809923173632096 0.8393996637734167 56.0 
