338.0 271.0 4.504892753949488 1.363300100359694 48.0 
338.0 272.0 4.504892753949488 1.363300100359694 48.0 
338.0 273.0 4.504892753949488 1.363300100359694 48.0 
338.0 274.0 4.504892753949488 1.363300100359694 48.0 
338.0 275.0 4.504892753949488 1.363300100359694 48.0 
339.0 271.0 4.504892753949488 1.363300100359694 48.0 
339.0 272.0 4.504892753949488 1.363300100359694 48.0 
339.0 273.0 4.504892753949488 1.363300100359694 48.0 
339.0 274.0 4.504892753949488 1.363300100359694 48.0 
339.0 275.0 4.504892753949488 1.363300100359694 48.0 
339.0 276.0 4.504892753949488 1.363300100359694 48.0 
339.0 277.0 4.504892753949488 1.363300100359694 48.0 
339.0 278.0 4.504892753949488 1.363300100359694 48.0 
339.0 279.0 4.504892753949488 1.363300100359694 48.0 
340.0 270.0 4.504892753949488 1.363300100359694 48.0 
340.0 271.0 4.504892753949488 1.363300100359694 48.0 
340.0 272.0 4.504892753949488 1.363300100359694 48.0 
340.0 273.0 4.504892753949488 1.363300100359694 48.0 
340.0 274.0 4.504892753949488 1.363300100359694 48.0 
340.0 275.0 4.504892753949488 1.363300100359694 48.0 
340.0 276.0 4.504892753949488 1.363300100359694 48.0 
340.0 277.0 4.504892753949488 1.363300100359694 48.0 
340.0 278.0 4.504892753949488 1.363300100359694 48.0 
340.0 279.0 4.504892753949488 1.363300100359694 48.0 
340.0 280.0 4.504892753949488 1.363300100359694 48.0 
340.0 281.0 4.504892753949488 1.363300100359694 48.0 
340.0 282.0 4.504892753949488 1.363300100359694 48.0 
340.0 283.0 4.504892753949488 1.363300100359694 48.0 
340.0 284.0 4.504892753949488 1.363300100359694 48.0 
341.0 270.0 4.504892753949488 1.363300100359694 48.0 
341.0 271.0 4.504892753949488 1.363300100359694 48.0 
341.0 272.0 4.504892753949488 1.363300100359694 48.0 
341.0 273.0 4.504892753949488 1.363300100359694 48.0 
341.0 274.0 4.504892753949488 1.363300100359694 48.0 
341.0 275.0 4.504892753949488 1.363300100359694 48.0 
341.0 276.0 4.504892753949488 1.363300100359694 48.0 
341.0 277.0 4.504892753949488 1.363300100359694 48.0 
341.0 278.0 4.504892753949488 1.363300100359694 48.0 
341.0 279.0 4.504892753949488 1.363300100359694 48.0 
341.0 280.0 4.504892753949488 1.363300100359694 48.0 
341.0 281.0 4.504892753949488 1.363300100359694 48.0 
341.0 282.0 4.504892753949488 1.363300100359694 48.0 
341.0 283.0 4.504892753949488 1.363300100359694 48.0 
341.0 284.0 4.504892753949488 1.363300100359694 48.0 
341.0 285.0 4.504892753949488 1.363300100359694 48.0 
341.0 286.0 4.504892753949488 1.363300100359694 48.0 
341.0 287.0 4.504892753949488 1.363300100359694 48.0 
341.0 288.0 4.504892753949488 1.363300100359694 48.0 
341.0 289.0 4.504892753949488 1.363300100359694 48.0 
342.0 270.0 4.504892753949488 1.363300100359694 48.0 
342.0 271.0 4.504892753949488 1.363300100359694 48.0 
342.0 272.0 4.504892753949488 1.363300100359694 48.0 
342.0 273.0 4.504892753949488 1.363300100359694 48.0 
342.0 274.0 4.504892753949488 1.363300100359694 48.0 
342.0 275.0 4.504892753949488 1.363300100359694 48.0 
342.0 276.0 4.504892753949488 1.363300100359694 48.0 
342.0 277.0 4.504892753949488 1.363300100359694 48.0 
342.0 278.0 4.504892753949488 1.363300100359694 48.0 
342.0 279.0 4.504892753949488 1.363300100359694 48.0 
342.0 280.0 4.504892753949488 1.363300100359694 48.0 
342.0 281.0 4.504892753949488 1.363300100359694 48.0 
342.0 282.0 4.504892753949488 1.363300100359694 48.0 
342.0 283.0 4.504892753949488 1.363300100359694 48.0 
342.0 284.0 4.504892753949488 1.363300100359694 48.0 
342.0 285.0 4.504892753949488 1.363300100359694 48.0 
342.0 286.0 4.504892753949488 1.363300100359694 48.0 
342.0 287.0 4.504892753949488 1.363300100359694 48.0 
342.0 288.0 4.504892753949488 1.363300100359694 48.0 
342.0 289.0 4.504892753949488 1.363300100359694 48.0 
343.0 270.0 4.504892753949488 1.363300100359694 48.0 
343.0 271.0 4.504892753949488 1.363300100359694 48.0 
343.0 272.0 4.504892753949488 1.363300100359694 48.0 
343.0 273.0 4.504892753949488 1.363300100359694 48.0 
343.0 274.0 4.504892753949488 1.363300100359694 48.0 
343.0 275.0 4.504892753949488 1.363300100359694 48.0 
343.0 276.0 4.504892753949488 1.363300100359694 48.0 
343.0 277.0 4.504892753949488 1.363300100359694 48.0 
343.0 278.0 4.504892753949488 1.363300100359694 48.0 
343.0 279.0 4.504892753949488 1.363300100359694 48.0 
343.0 280.0 4.504892753949488 1.363300100359694 48.0 
343.0 281.0 4.504892753949488 1.363300100359694 48.0 
343.0 282.0 4.504892753949488 1.363300100359694 48.0 
343.0 283.0 4.504892753949488 1.363300100359694 48.0 
343.0 284.0 4.504892753949488 1.363300100359694 48.0 
343.0 285.0 4.504892753949488 1.363300100359694 48.0 
343.0 286.0 4.504892753949488 1.363300100359694 48.0 
343.0 287.0 4.504892753949488 1.363300100359694 48.0 
343.0 288.0 4.504892753949488 1.363300100359694 48.0 
343.0 289.0 4.504892753949488 1.363300100359694 48.0 
344.0 275.0 4.504892753949488 1.363300100359694 48.0 
344.0 276.0 4.504892753949488 1.363300100359694 48.0 
344.0 277.0 4.504892753949488 1.363300100359694 48.0 
344.0 278.0 4.504892753949488 1.363300100359694 48.0 
344.0 279.0 4.504892753949488 1.363300100359694 48.0 
344.0 280.0 4.504892753949488 1.363300100359694 48.0 
344.0 281.0 4.504892753949488 1.363300100359694 48.0 
344.0 282.0 4.504892753949488 1.363300100359694 48.0 
344.0 283.0 4.504892753949488 1.363300100359694 48.0 
344.0 284.0 4.504892753949488 1.363300100359694 48.0 
344.0 285.0 4.504892753949488 1.363300100359694 48.0 
344.0 286.0 4.504892753949488 1.363300100359694 48.0 
344.0 287.0 4.504892753949488 1.363300100359694 48.0 
344.0 288.0 4.504892753949488 1.363300100359694 48.0 
345.0 280.0 4.504892753949488 1.363300100359694 48.0 
345.0 281.0 4.504892753949488 1.363300100359694 48.0 
345.0 282.0 4.504892753949488 1.363300100359694 48.0 
345.0 283.0 4.504892753949488 1.363300100359694 48.0 
345.0 284.0 4.504892753949488 1.363300100359694 48.0 
345.0 285.0 4.504892753949488 1.363300100359694 48.0 
345.0 286.0 4.504892753949488 1.363300100359694 48.0 
345.0 287.0 4.504892753949488 1.363300100359694 48.0 
345.0 288.0 4.504892753949488 1.363300100359694 48.0 
346.0 284.0 4.504892753949488 1.363300100359694 48.0 
346.0 285.0 4.504892753949488 1.363300100359694 48.0 
346.0 286.0 4.504892753949488 1.363300100359694 48.0 
346.0 287.0 4.504892753949488 1.363300100359694 48.0 
346.0 288.0 4.504892753949488 1.363300100359694 48.0 
341 251 0.7853981633974483 20.0 
341 252 0.7853981633974483 20.0 
342 251 0.7853981633974483 20.0 
342 252 0.7853981633974483 20.0 
342 253 0.7853981633974483 20.0 
343 252 0.7853981633974483 20.0 
343 253 0.7853981633974483 20.0 
343 254 0.7853981633974483 20.0 
344 253 0.7853981633974483 20.0 
344 254 0.7853981633974483 20.0 
344 255 0.7853981633974483 20.0 
345 254 0.7853981633974483 20.0 
345 255 0.7853981633974483 20.0 
345 256 0.7853981633974483 20.0 
346 255 0.7853981633974483 20.0 
346 256 0.7853981633974483 20.0 
346 257 0.7853981633974483 20.0 
347 256 0.7853981633974483 20.0 
347 257 0.7853981633974483 20.0 
347 258 0.7853981633974483 20.0 
348 257 0.7853981633974483 20.0 
333 255 5.588447030982882 24.0 
334 254 5.588447030982882 24.0 
334 255 5.588447030982882 24.0 
334 256 5.588447030982882 24.0 
335 254 5.588447030982882 24.0 
335 255 5.588447030982882 24.0 
336 253 5.588447030982882 24.0 
336 254 5.588447030982882 24.0 
337 252 5.588447030982882 24.0 
337 253 5.588447030982882 24.0 
338 251 5.588447030982882 24.0 
338 252 5.588447030982882 24.0 
338 253 5.588447030982882 24.0 
339 251 5.588447030982882 24.0 
339 252 5.588447030982882 24.0 
