260.0 268.0 4.3022616398431985 1.1606689862534052 28.0 
261.0 267.0 4.3022616398431985 1.1606689862534052 28.0 
261.0 268.0 4.3022616398431985 1.1606689862534052 28.0 
261.0 269.0 4.3022616398431985 1.1606689862534052 28.0 
261.0 270.0 4.3022616398431985 1.1606689862534052 28.0 
262.0 267.0 4.3022616398431985 1.1606689862534052 28.0 
262.0 268.0 4.3022616398431985 1.1606689862534052 28.0 
262.0 269.0 4.3022616398431985 1.1606689862534052 28.0 
262.0 270.0 4.3022616398431985 1.1606689862534052 28.0 
262.0 271.0 4.3022616398431985 1.1606689862534052 28.0 
262.0 272.0 4.3022616398431985 1.1606689862534052 28.0 
262.0 273.0 4.3022616398431985 1.1606689862534052 28.0 
263.0 268.0 4.3022616398431985 1.1606689862534052 28.0 
263.0 269.0 4.3022616398431985 1.1606689862534052 28.0 
263.0 270.0 4.3022616398431985 1.1606689862534052 28.0 
263.0 271.0 4.3022616398431985 1.1606689862534052 28.0 
263.0 272.0 4.3022616398431985 1.1606689862534052 28.0 
263.0 273.0 4.3022616398431985 1.1606689862534052 28.0 
263.0 274.0 4.3022616398431985 1.1606689862534052 28.0 
263.0 275.0 4.3022616398431985 1.1606689862534052 28.0 
264.0 271.0 4.3022616398431985 1.1606689862534052 28.0 
264.0 272.0 4.3022616398431985 1.1606689862534052 28.0 
264.0 273.0 4.3022616398431985 1.1606689862534052 28.0 
264.0 274.0 4.3022616398431985 1.1606689862534052 28.0 
264.0 275.0 4.3022616398431985 1.1606689862534052 28.0 
264.0 276.0 4.3022616398431985 1.1606689862534052 28.0 
264.0 277.0 4.3022616398431985 1.1606689862534052 28.0 
265.0 273.0 4.3022616398431985 1.1606689862534052 28.0 
265.0 274.0 4.3022616398431985 1.1606689862534052 28.0 
265.0 275.0 4.3022616398431985 1.1606689862534052 28.0 
265.0 276.0 4.3022616398431985 1.1606689862534052 28.0 
265.0 277.0 4.3022616398431985 1.1606689862534052 28.0 
265.0 278.0 4.3022616398431985 1.1606689862534052 28.0 
265.0 279.0 4.3022616398431985 1.1606689862534052 28.0 
266.0 275.0 4.3022616398431985 1.1606689862534052 28.0 
266.0 276.0 4.3022616398431985 1.1606689862534052 28.0 
266.0 277.0 4.3022616398431985 1.1606689862534052 28.0 
266.0 278.0 4.3022616398431985 1.1606689862534052 28.0 
266.0 279.0 4.3022616398431985 1.1606689862534052 28.0 
266.0 280.0 4.3022616398431985 1.1606689862534052 28.0 
266.0 281.0 4.3022616398431985 1.1606689862534052 28.0 
266.0 282.0 4.3022616398431985 1.1606689862534052 28.0 
267.0 278.0 4.3022616398431985 1.1606689862534052 28.0 
267.0 279.0 4.3022616398431985 1.1606689862534052 28.0 
267.0 280.0 4.3022616398431985 1.1606689862534052 28.0 
267.0 281.0 4.3022616398431985 1.1606689862534052 28.0 
267.0 282.0 4.3022616398431985 1.1606689862534052 28.0 
267.0 283.0 4.3022616398431985 1.1606689862534052 28.0 
267.0 284.0 4.3022616398431985 1.1606689862534052 28.0 
268.0 280.0 4.3022616398431985 1.1606689862534052 28.0 
268.0 281.0 4.3022616398431985 1.1606689862534052 28.0 
268.0 282.0 4.3022616398431985 1.1606689862534052 28.0 
268.0 283.0 4.3022616398431985 1.1606689862534052 28.0 
268.0 284.0 4.3022616398431985 1.1606689862534052 28.0 
268.0 285.0 4.3022616398431985 1.1606689862534052 28.0 
268.0 286.0 4.3022616398431985 1.1606689862534052 28.0 
269.0 282.0 4.3022616398431985 1.1606689862534052 28.0 
269.0 283.0 4.3022616398431985 1.1606689862534052 28.0 
269.0 284.0 4.3022616398431985 1.1606689862534052 28.0 
269.0 285.0 4.3022616398431985 1.1606689862534052 28.0 
269.0 286.0 4.3022616398431985 1.1606689862534052 28.0 
269.0 287.0 4.3022616398431985 1.1606689862534052 28.0 
269.0 288.0 4.3022616398431985 1.1606689862534052 28.0 
269.0 289.0 4.3022616398431985 1.1606689862534052 28.0 
270.0 284.0 4.3022616398431985 1.1606689862534052 28.0 
270.0 285.0 4.3022616398431985 1.1606689862534052 28.0 
270.0 286.0 4.3022616398431985 1.1606689862534052 28.0 
270.0 287.0 4.3022616398431985 1.1606689862534052 28.0 
270.0 288.0 4.3022616398431985 1.1606689862534052 28.0 
270.0 289.0 4.3022616398431985 1.1606689862534052 28.0 
270.0 290.0 4.3022616398431985 1.1606689862534052 28.0 
271.0 287.0 4.3022616398431985 1.1606689862534052 28.0 
271.0 288.0 4.3022616398431985 1.1606689862534052 28.0 
271.0 289.0 4.3022616398431985 1.1606689862534052 28.0 
272.0 289.0 4.3022616398431985 1.1606689862534052 28.0 
264.0 318.0 4.497031280686951 1.3554386270971575 32.0 
264.0 319.0 4.497031280686951 1.3554386270971575 32.0 
265.0 317.0 4.497031280686951 1.3554386270971575 32.0 
265.0 318.0 4.497031280686951 1.3554386270971575 32.0 
265.0 319.0 4.497031280686951 1.3554386270971575 32.0 
265.0 320.0 4.497031280686951 1.3554386270971575 32.0 
265.0 321.0 4.497031280686951 1.3554386270971575 32.0 
265.0 322.0 4.497031280686951 1.3554386270971575 32.0 
265.0 323.0 4.497031280686951 1.3554386270971575 32.0 
265.0 324.0 4.497031280686951 1.3554386270971575 32.0 
266.0 317.0 4.497031280686951 1.3554386270971575 32.0 
266.0 318.0 4.497031280686951 1.3554386270971575 32.0 
266.0 319.0 4.497031280686951 1.3554386270971575 32.0 
266.0 320.0 4.497031280686951 1.3554386270971575 32.0 
266.0 321.0 4.497031280686951 1.3554386270971575 32.0 
266.0 322.0 4.497031280686951 1.3554386270971575 32.0 
266.0 323.0 4.497031280686951 1.3554386270971575 32.0 
266.0 324.0 4.497031280686951 1.3554386270971575 32.0 
266.0 325.0 4.497031280686951 1.3554386270971575 32.0 
266.0 326.0 4.497031280686951 1.3554386270971575 32.0 
266.0 327.0 4.497031280686951 1.3554386270971575 32.0 
266.0 328.0 4.497031280686951 1.3554386270971575 32.0 
267.0 320.0 4.497031280686951 1.3554386270971575 32.0 
267.0 321.0 4.497031280686951 1.3554386270971575 32.0 
267.0 322.0 4.497031280686951 1.3554386270971575 32.0 
267.0 323.0 4.497031280686951 1.3554386270971575 32.0 
267.0 324.0 4.497031280686951 1.3554386270971575 32.0 
267.0 325.0 4.497031280686951 1.3554386270971575 32.0 
267.0 326.0 4.497031280686951 1.3554386270971575 32.0 
267.0 327.0 4.497031280686951 1.3554386270971575 32.0 
267.0 328.0 4.497031280686951 1.3554386270971575 32.0 
267.0 329.0 4.497031280686951 1.3554386270971575 32.0 
267.0 330.0 4.497031280686951 1.3554386270971575 32.0 
267.0 331.0 4.497031280686951 1.3554386270971575 32.0 
267.0 332.0 4.497031280686951 1.3554386270971575 32.0 
267.0 333.0 4.497031280686951 1.3554386270971575 32.0 
268.0 324.0 4.497031280686951 1.3554386270971575 32.0 
268.0 325.0 4.497031280686951 1.3554386270971575 32.0 
268.0 326.0 4.497031280686951 1.3554386270971575 32.0 
268.0 327.0 4.497031280686951 1.3554386270971575 32.0 
268.0 328.0 4.497031280686951 1.3554386270971575 32.0 
268.0 329.0 4.497031280686951 1.3554386270971575 32.0 
268.0 330.0 4.497031280686951 1.3554386270971575 32.0 
268.0 331.0 4.497031280686951 1.3554386270971575 32.0 
268.0 332.0 4.497031280686951 1.3554386270971575 32.0 
268.0 333.0 4.497031280686951 1.3554386270971575 32.0 
268.0 334.0 4.497031280686951 1.3554386270971575 32.0 
268.0 335.0 4.497031280686951 1.3554386270971575 32.0 
268.0 336.0 4.497031280686951 1.3554386270971575 32.0 
268.0 337.0 4.497031280686951 1.3554386270971575 32.0 
269.0 329.0 4.497031280686951 1.3554386270971575 32.0 
269.0 330.0 4.497031280686951 1.3554386270971575 32.0 
269.0 331.0 4.497031280686951 1.3554386270971575 32.0 
269.0 332.0 4.497031280686951 1.3554386270971575 32.0 
269.0 333.0 4.497031280686951 1.3554386270971575 32.0 
269.0 334.0 4.497031280686951 1.3554386270971575 32.0 
269.0 335.0 4.497031280686951 1.3554386270971575 32.0 
269.0 336.0 4.497031280686951 1.3554386270971575 32.0 
269.0 337.0 4.497031280686951 1.3554386270971575 32.0 
269.0 338.0 4.497031280686951 1.3554386270971575 32.0 
269.0 339.0 4.497031280686951 1.3554386270971575 32.0 
269.0 340.0 4.497031280686951 1.3554386270971575 32.0 
269.0 341.0 4.497031280686951 1.3554386270971575 32.0 
269.0 342.0 4.497031280686951 1.3554386270971575 32.0 
270.0 333.0 4.497031280686951 1.3554386270971575 32.0 
270.0 334.0 4.497031280686951 1.3554386270971575 32.0 
270.0 335.0 4.497031280686951 1.3554386270971575 32.0 
270.0 336.0 4.497031280686951 1.3554386270971575 32.0 
270.0 337.0 4.497031280686951 1.3554386270971575 32.0 
270.0 338.0 4.497031280686951 1.3554386270971575 32.0 
270.0 339.0 4.497031280686951 1.3554386270971575 32.0 
270.0 340.0 4.497031280686951 1.3554386270971575 32.0 
270.0 341.0 4.497031280686951 1.3554386270971575 32.0 
270.0 342.0 4.497031280686951 1.3554386270971575 32.0 
270.0 343.0 4.497031280686951 1.3554386270971575 32.0 
270.0 344.0 4.497031280686951 1.3554386270971575 32.0 
270.0 345.0 4.497031280686951 1.3554386270971575 32.0 
270.0 346.0 4.497031280686951 1.3554386270971575 32.0 
271.0 338.0 4.497031280686951 1.3554386270971575 32.0 
271.0 339.0 4.497031280686951 1.3554386270971575 32.0 
271.0 340.0 4.497031280686951 1.3554386270971575 32.0 
271.0 341.0 4.497031280686951 1.3554386270971575 32.0 
271.0 342.0 4.497031280686951 1.3554386270971575 32.0 
271.0 343.0 4.497031280686951 1.3554386270971575 32.0 
271.0 344.0 4.497031280686951 1.3554386270971575 32.0 
271.0 345.0 4.497031280686951 1.3554386270971575 32.0 
271.0 346.0 4.497031280686951 1.3554386270971575 32.0 
271.0 347.0 4.497031280686951 1.3554386270971575 32.0 
271.0 348.0 4.497031280686951 1.3554386270971575 32.0 
271.0 349.0 4.497031280686951 1.3554386270971575 32.0 
272.0 342.0 4.497031280686951 1.3554386270971575 32.0 
272.0 343.0 4.497031280686951 1.3554386270971575 32.0 
272.0 344.0 4.497031280686951 1.3554386270971575 32.0 
272.0 345.0 4.497031280686951 1.3554386270971575 32.0 
272.0 346.0 4.497031280686951 1.3554386270971575 32.0 
272.0 347.0 4.497031280686951 1.3554386270971575 32.0 
272.0 348.0 4.497031280686951 1.3554386270971575 32.0 
273.0 347.0 4.497031280686951 1.3554386270971575 32.0 
273.0 348.0 4.497031280686951 1.3554386270971575 32.0 
