275.0 211.0 1.5707963267948966 4.71238898038469 48.0 
275.0 212.0 1.5707963267948966 4.71238898038469 48.0 
275.0 213.0 1.5707963267948966 4.71238898038469 48.0 
275.0 214.0 1.5707963267948966 4.71238898038469 48.0 
275.0 215.0 1.5707963267948966 4.71238898038469 48.0 
275.0 216.0 1.5707963267948966 4.71238898038469 48.0 
275.0 217.0 1.5707963267948966 4.71238898038469 48.0 
275.0 218.0 1.5707963267948966 4.71238898038469 48.0 
275.0 219.0 1.5707963267948966 4.71238898038469 48.0 
275.0 220.0 1.5707963267948966 4.71238898038469 48.0 
275.0 221.0 1.5707963267948966 4.71238898038469 48.0 
275.0 222.0 1.5707963267948966 4.71238898038469 48.0 
275.0 223.0 1.5707963267948966 4.71238898038469 48.0 
275.0 224.0 1.5707963267948966 4.71238898038469 48.0 
275.0 225.0 1.5707963267948966 4.71238898038469 48.0 
275.0 226.0 1.5707963267948966 4.71238898038469 48.0 
275.0 227.0 1.5707963267948966 4.71238898038469 48.0 
275.0 228.0 1.5707963267948966 4.71238898038469 48.0 
275.0 229.0 1.5707963267948966 4.71238898038469 48.0 
275.0 230.0 1.5707963267948966 4.71238898038469 48.0 
275.0 231.0 1.5707963267948966 4.71238898038469 48.0 
275.0 232.0 1.5707963267948966 4.71238898038469 48.0 
275.0 233.0 1.5707963267948966 4.71238898038469 48.0 
275.0 234.0 1.5707963267948966 4.71238898038469 48.0 
275.0 235.0 1.5707963267948966 4.71238898038469 48.0 
275.0 236.0 1.5707963267948966 4.71238898038469 48.0 
275.0 237.0 1.5707963267948966 4.71238898038469 48.0 
275.0 238.0 1.5707963267948966 4.71238898038469 48.0 
275.0 239.0 1.5707963267948966 4.71238898038469 48.0 
275.0 240.0 1.5707963267948966 4.71238898038469 48.0 
275.0 241.0 1.5707963267948966 4.71238898038469 48.0 
275.0 242.0 1.5707963267948966 4.71238898038469 48.0 
275.0 243.0 1.5707963267948966 4.71238898038469 48.0 
275.0 244.0 1.5707963267948966 4.71238898038469 48.0 
275.0 245.0 1.5707963267948966 4.71238898038469 48.0 
275.0 246.0 1.5707963267948966 4.71238898038469 48.0 
275.0 247.0 1.5707963267948966 4.71238898038469 48.0 
275.0 248.0 1.5707963267948966 4.71238898038469 48.0 
275.0 249.0 1.5707963267948966 4.71238898038469 48.0 
276.0 211.0 1.5707963267948966 4.71238898038469 48.0 
276.0 212.0 1.5707963267948966 4.71238898038469 48.0 
276.0 213.0 1.5707963267948966 4.71238898038469 48.0 
276.0 214.0 1.5707963267948966 4.71238898038469 48.0 
276.0 215.0 1.5707963267948966 4.71238898038469 48.0 
276.0 216.0 1.5707963267948966 4.71238898038469 48.0 
276.0 217.0 1.5707963267948966 4.71238898038469 48.0 
276.0 218.0 1.5707963267948966 4.71238898038469 48.0 
276.0 219.0 1.5707963267948966 4.71238898038469 48.0 
276.0 220.0 1.5707963267948966 4.71238898038469 48.0 
276.0 221.0 1.5707963267948966 4.71238898038469 48.0 
276.0 222.0 1.5707963267948966 4.71238898038469 48.0 
276.0 223.0 1.5707963267948966 4.71238898038469 48.0 
276.0 224.0 1.5707963267948966 4.71238898038469 48.0 
276.0 225.0 1.5707963267948966 4.71238898038469 48.0 
276.0 226.0 1.5707963267948966 4.71238898038469 48.0 
276.0 227.0 1.5707963267948966 4.71238898038469 48.0 
276.0 228.0 1.5707963267948966 4.71238898038469 48.0 
276.0 229.0 1.5707963267948966 4.71238898038469 48.0 
276.0 230.0 1.5707963267948966 4.71238898038469 48.0 
276.0 231.0 1.5707963267948966 4.71238898038469 48.0 
276.0 232.0 1.5707963267948966 4.71238898038469 48.0 
276.0 233.0 1.5707963267948966 4.71238898038469 48.0 
276.0 234.0 1.5707963267948966 4.71238898038469 48.0 
276.0 235.0 1.5707963267948966 4.71238898038469 48.0 
276.0 236.0 1.5707963267948966 4.71238898038469 48.0 
276.0 237.0 1.5707963267948966 4.71238898038469 48.0 
276.0 238.0 1.5707963267948966 4.71238898038469 48.0 
276.0 239.0 1.5707963267948966 4.71238898038469 48.0 
276.0 240.0 1.5707963267948966 4.71238898038469 48.0 
276.0 241.0 1.5707963267948966 4.71238898038469 48.0 
276.0 242.0 1.5707963267948966 4.71238898038469 48.0 
276.0 243.0 1.5707963267948966 4.71238898038469 48.0 
276.0 244.0 1.5707963267948966 4.71238898038469 48.0 
276.0 245.0 1.5707963267948966 4.71238898038469 48.0 
276.0 246.0 1.5707963267948966 4.71238898038469 48.0 
276.0 247.0 1.5707963267948966 4.71238898038469 48.0 
276.0 248.0 1.5707963267948966 4.71238898038469 48.0 
276.0 249.0 1.5707963267948966 4.71238898038469 48.0 
277.0 211.0 1.5707963267948966 4.71238898038469 48.0 
277.0 212.0 1.5707963267948966 4.71238898038469 48.0 
277.0 213.0 1.5707963267948966 4.71238898038469 48.0 
277.0 214.0 1.5707963267948966 4.71238898038469 48.0 
277.0 215.0 1.5707963267948966 4.71238898038469 48.0 
277.0 216.0 1.5707963267948966 4.71238898038469 48.0 
277.0 217.0 1.5707963267948966 4.71238898038469 48.0 
277.0 218.0 1.5707963267948966 4.71238898038469 48.0 
277.0 219.0 1.5707963267948966 4.71238898038469 48.0 
277.0 220.0 1.5707963267948966 4.71238898038469 48.0 
277.0 221.0 1.5707963267948966 4.71238898038469 48.0 
277.0 222.0 1.5707963267948966 4.71238898038469 48.0 
277.0 223.0 1.5707963267948966 4.71238898038469 48.0 
277.0 224.0 1.5707963267948966 4.71238898038469 48.0 
277.0 225.0 1.5707963267948966 4.71238898038469 48.0 
277.0 226.0 1.5707963267948966 4.71238898038469 48.0 
277.0 227.0 1.5707963267948966 4.71238898038469 48.0 
277.0 228.0 1.5707963267948966 4.71238898038469 48.0 
277.0 229.0 1.5707963267948966 4.71238898038469 48.0 
277.0 230.0 1.5707963267948966 4.71238898038469 48.0 
277.0 231.0 1.5707963267948966 4.71238898038469 48.0 
277.0 232.0 1.5707963267948966 4.71238898038469 48.0 
277.0 233.0 1.5707963267948966 4.71238898038469 48.0 
277.0 234.0 1.5707963267948966 4.71238898038469 48.0 
277.0 235.0 1.5707963267948966 4.71238898038469 48.0 
277.0 236.0 1.5707963267948966 4.71238898038469 48.0 
277.0 237.0 1.5707963267948966 4.71238898038469 48.0 
277.0 238.0 1.5707963267948966 4.71238898038469 48.0 
277.0 239.0 1.5707963267948966 4.71238898038469 48.0 
277.0 240.0 1.5707963267948966 4.71238898038469 48.0 
277.0 241.0 1.5707963267948966 4.71238898038469 48.0 
277.0 242.0 1.5707963267948966 4.71238898038469 48.0 
277.0 243.0 1.5707963267948966 4.71238898038469 48.0 
277.0 244.0 1.5707963267948966 4.71238898038469 48.0 
277.0 245.0 1.5707963267948966 4.71238898038469 48.0 
277.0 246.0 1.5707963267948966 4.71238898038469 48.0 
277.0 247.0 1.5707963267948966 4.71238898038469 48.0 
277.0 248.0 1.5707963267948966 4.71238898038469 48.0 
277.0 249.0 1.5707963267948966 4.71238898038469 48.0 
278.0 211.0 1.5707963267948966 4.71238898038469 48.0 
278.0 212.0 1.5707963267948966 4.71238898038469 48.0 
278.0 213.0 1.5707963267948966 4.71238898038469 48.0 
278.0 214.0 1.5707963267948966 4.71238898038469 48.0 
278.0 215.0 1.5707963267948966 4.71238898038469 48.0 
278.0 216.0 1.5707963267948966 4.71238898038469 48.0 
278.0 217.0 1.5707963267948966 4.71238898038469 48.0 
278.0 218.0 1.5707963267948966 4.71238898038469 48.0 
278.0 219.0 1.5707963267948966 4.71238898038469 48.0 
278.0 220.0 1.5707963267948966 4.71238898038469 48.0 
278.0 221.0 1.5707963267948966 4.71238898038469 48.0 
278.0 222.0 1.5707963267948966 4.71238898038469 48.0 
278.0 223.0 1.5707963267948966 4.71238898038469 48.0 
278.0 224.0 1.5707963267948966 4.71238898038469 48.0 
278.0 225.0 1.5707963267948966 4.71238898038469 48.0 
278.0 226.0 1.5707963267948966 4.71238898038469 48.0 
278.0 227.0 1.5707963267948966 4.71238898038469 48.0 
278.0 228.0 1.5707963267948966 4.71238898038469 48.0 
278.0 229.0 1.5707963267948966 4.71238898038469 48.0 
278.0 230.0 1.5707963267948966 4.71238898038469 48.0 
278.0 231.0 1.5707963267948966 4.71238898038469 48.0 
278.0 232.0 1.5707963267948966 4.71238898038469 48.0 
278.0 233.0 1.5707963267948966 4.71238898038469 48.0 
278.0 234.0 1.5707963267948966 4.71238898038469 48.0 
278.0 235.0 1.5707963267948966 4.71238898038469 48.0 
278.0 236.0 1.5707963267948966 4.71238898038469 48.0 
278.0 237.0 1.5707963267948966 4.71238898038469 48.0 
278.0 238.0 1.5707963267948966 4.71238898038469 48.0 
278.0 239.0 1.5707963267948966 4.71238898038469 48.0 
278.0 240.0 1.5707963267948966 4.71238898038469 48.0 
278.0 241.0 1.5707963267948966 4.71238898038469 48.0 
278.0 242.0 1.5707963267948966 4.71238898038469 48.0 
278.0 243.0 1.5707963267948966 4.71238898038469 48.0 
278.0 244.0 1.5707963267948966 4.71238898038469 48.0 
278.0 245.0 1.5707963267948966 4.71238898038469 48.0 
278.0 246.0 1.5707963267948966 4.71238898038469 48.0 
278.0 247.0 1.5707963267948966 4.71238898038469 48.0 
278.0 248.0 1.5707963267948966 4.71238898038469 48.0 
278.0 249.0 1.5707963267948966 4.71238898038469 48.0 
279.0 211.0 1.5707963267948966 4.71238898038469 48.0 
279.0 212.0 1.5707963267948966 4.71238898038469 48.0 
279.0 213.0 1.5707963267948966 4.71238898038469 48.0 
279.0 214.0 1.5707963267948966 4.71238898038469 48.0 
279.0 215.0 1.5707963267948966 4.71238898038469 48.0 
279.0 216.0 1.5707963267948966 4.71238898038469 48.0 
279.0 217.0 1.5707963267948966 4.71238898038469 48.0 
279.0 218.0 1.5707963267948966 4.71238898038469 48.0 
279.0 219.0 1.5707963267948966 4.71238898038469 48.0 
279.0 220.0 1.5707963267948966 4.71238898038469 48.0 
279.0 221.0 1.5707963267948966 4.71238898038469 48.0 
279.0 222.0 1.5707963267948966 4.71238898038469 48.0 
279.0 223.0 1.5707963267948966 4.71238898038469 48.0 
279.0 224.0 1.5707963267948966 4.71238898038469 48.0 
279.0 225.0 1.5707963267948966 4.71238898038469 48.0 
279.0 226.0 1.5707963267948966 4.71238898038469 48.0 
279.0 227.0 1.5707963267948966 4.71238898038469 48.0 
279.0 228.0 1.5707963267948966 4.71238898038469 48.0 
279.0 229.0 1.5707963267948966 4.71238898038469 48.0 
279.0 230.0 1.5707963267948966 4.71238898038469 48.0 
279.0 231.0 1.5707963267948966 4.71238898038469 48.0 
279.0 232.0 1.5707963267948966 4.71238898038469 48.0 
279.0 233.0 1.5707963267948966 4.71238898038469 48.0 
279.0 234.0 1.5707963267948966 4.71238898038469 48.0 
279.0 235.0 1.5707963267948966 4.71238898038469 48.0 
279.0 236.0 1.5707963267948966 4.71238898038469 48.0 
279.0 237.0 1.5707963267948966 4.71238898038469 48.0 
279.0 238.0 1.5707963267948966 4.71238898038469 48.0 
279.0 239.0 1.5707963267948966 4.71238898038469 48.0 
279.0 240.0 1.5707963267948966 4.71238898038469 48.0 
279.0 241.0 1.5707963267948966 4.71238898038469 48.0 
279.0 242.0 1.5707963267948966 4.71238898038469 48.0 
279.0 243.0 1.5707963267948966 4.71238898038469 48.0 
279.0 244.0 1.5707963267948966 4.71238898038469 48.0 
279.0 245.0 1.5707963267948966 4.71238898038469 48.0 
279.0 246.0 1.5707963267948966 4.71238898038469 48.0 
279.0 247.0 1.5707963267948966 4.71238898038469 48.0 
279.0 248.0 1.5707963267948966 4.71238898038469 48.0 
279.0 249.0 1.5707963267948966 4.71238898038469 48.0 
280.0 211.0 1.5707963267948966 4.71238898038469 48.0 
280.0 212.0 1.5707963267948966 4.71238898038469 48.0 
280.0 213.0 1.5707963267948966 4.71238898038469 48.0 
280.0 214.0 1.5707963267948966 4.71238898038469 48.0 
280.0 215.0 1.5707963267948966 4.71238898038469 48.0 
280.0 216.0 1.5707963267948966 4.71238898038469 48.0 
280.0 217.0 1.5707963267948966 4.71238898038469 48.0 
280.0 218.0 1.5707963267948966 4.71238898038469 48.0 
280.0 219.0 1.5707963267948966 4.71238898038469 48.0 
280.0 220.0 1.5707963267948966 4.71238898038469 48.0 
280.0 221.0 1.5707963267948966 4.71238898038469 48.0 
280.0 222.0 1.5707963267948966 4.71238898038469 48.0 
280.0 223.0 1.5707963267948966 4.71238898038469 48.0 
280.0 224.0 1.5707963267948966 4.71238898038469 48.0 
280.0 225.0 1.5707963267948966 4.71238898038469 48.0 
280.0 226.0 1.5707963267948966 4.71238898038469 48.0 
280.0 227.0 1.5707963267948966 4.71238898038469 48.0 
280.0 228.0 1.5707963267948966 4.71238898038469 48.0 
280.0 229.0 1.5707963267948966 4.71238898038469 48.0 
280.0 230.0 1.5707963267948966 4.71238898038469 48.0 
280.0 231.0 1.5707963267948966 4.71238898038469 48.0 
280.0 232.0 1.5707963267948966 4.71238898038469 48.0 
280.0 233.0 1.5707963267948966 4.71238898038469 48.0 
280.0 234.0 1.5707963267948966 4.71238898038469 48.0 
280.0 235.0 1.5707963267948966 4.71238898038469 48.0 
280.0 236.0 1.5707963267948966 4.71238898038469 48.0 
280.0 237.0 1.5707963267948966 4.71238898038469 48.0 
280.0 238.0 1.5707963267948966 4.71238898038469 48.0 
280.0 239.0 1.5707963267948966 4.71238898038469 48.0 
280.0 240.0 1.5707963267948966 4.71238898038469 48.0 
280.0 241.0 1.5707963267948966 4.71238898038469 48.0 
280.0 242.0 1.5707963267948966 4.71238898038469 48.0 
280.0 243.0 1.5707963267948966 4.71238898038469 48.0 
280.0 244.0 1.5707963267948966 4.71238898038469 48.0 
280.0 245.0 1.5707963267948966 4.71238898038469 48.0 
280.0 246.0 1.5707963267948966 4.71238898038469 48.0 
280.0 247.0 1.5707963267948966 4.71238898038469 48.0 
280.0 248.0 1.5707963267948966 4.71238898038469 48.0 
280.0 249.0 1.5707963267948966 4.71238898038469 48.0 
280.0 276.0 1.5880359979894263 4.729628651579219 36.0 
280.0 277.0 1.5880359979894263 4.729628651579219 36.0 
280.0 278.0 1.5880359979894263 4.729628651579219 36.0 
280.0 279.0 1.5880359979894263 4.729628651579219 36.0 
280.0 280.0 1.5880359979894263 4.729628651579219 36.0 
280.0 281.0 1.5880359979894263 4.729628651579219 36.0 
280.0 282.0 1.5880359979894263 4.729628651579219 36.0 
280.0 283.0 1.5880359979894263 4.729628651579219 36.0 
280.0 284.0 1.5880359979894263 4.729628651579219 36.0 
280.0 285.0 1.5880359979894263 4.729628651579219 36.0 
280.0 286.0 1.5880359979894263 4.729628651579219 36.0 
280.0 287.0 1.5880359979894263 4.729628651579219 36.0 
280.0 288.0 1.5880359979894263 4.729628651579219 36.0 
280.0 289.0 1.5880359979894263 4.729628651579219 36.0 
280.0 290.0 1.5880359979894263 4.729628651579219 36.0 
280.0 291.0 1.5880359979894263 4.729628651579219 36.0 
280.0 292.0 1.5880359979894263 4.729628651579219 36.0 
280.0 293.0 1.5880359979894263 4.729628651579219 36.0 
280.0 294.0 1.5880359979894263 4.729628651579219 36.0 
280.0 295.0 1.5880359979894263 4.729628651579219 36.0 
280.0 296.0 1.5880359979894263 4.729628651579219 36.0 
280.0 297.0 1.5880359979894263 4.729628651579219 36.0 
280.0 298.0 1.5880359979894263 4.729628651579219 36.0 
280.0 299.0 1.5880359979894263 4.729628651579219 36.0 
280.0 300.0 1.5880359979894263 4.729628651579219 36.0 
280.0 301.0 1.5880359979894263 4.729628651579219 36.0 
280.0 302.0 1.5880359979894263 4.729628651579219 36.0 
280.0 303.0 1.5880359979894263 4.729628651579219 36.0 
280.0 304.0 1.5880359979894263 4.729628651579219 36.0 
280.0 305.0 1.5880359979894263 4.729628651579219 36.0 
280.0 306.0 1.5880359979894263 4.729628651579219 36.0 
280.0 307.0 1.5880359979894263 4.729628651579219 36.0 
280.0 308.0 1.5880359979894263 4.729628651579219 36.0 
280.0 309.0 1.5880359979894263 4.729628651579219 36.0 
280.0 310.0 1.5880359979894263 4.729628651579219 36.0 
280.0 311.0 1.5880359979894263 4.729628651579219 36.0 
280.0 312.0 1.5880359979894263 4.729628651579219 36.0 
280.0 313.0 1.5880359979894263 4.729628651579219 36.0 
280.0 314.0 1.5880359979894263 4.729628651579219 36.0 
280.0 315.0 1.5880359979894263 4.729628651579219 36.0 
280.0 316.0 1.5880359979894263 4.729628651579219 36.0 
280.0 317.0 1.5880359979894263 4.729628651579219 36.0 
280.0 318.0 1.5880359979894263 4.729628651579219 36.0 
280.0 319.0 1.5880359979894263 4.729628651579219 36.0 
280.0 320.0 1.5880359979894263 4.729628651579219 36.0 
280.0 321.0 1.5880359979894263 4.729628651579219 36.0 
280.0 322.0 1.5880359979894263 4.729628651579219 36.0 
280.0 323.0 1.5880359979894263 4.729628651579219 36.0 
280.0 324.0 1.5880359979894263 4.729628651579219 36.0 
280.0 325.0 1.5880359979894263 4.729628651579219 36.0 
280.0 326.0 1.5880359979894263 4.729628651579219 36.0 
280.0 327.0 1.5880359979894263 4.729628651579219 36.0 
280.0 328.0 1.5880359979894263 4.729628651579219 36.0 
280.0 329.0 1.5880359979894263 4.729628651579219 36.0 
280.0 330.0 1.5880359979894263 4.729628651579219 36.0 
280.0 331.0 1.5880359979894263 4.729628651579219 36.0 
280.0 332.0 1.5880359979894263 4.729628651579219 36.0 
280.0 333.0 1.5880359979894263 4.729628651579219 36.0 
281.0 276.0 1.5880359979894263 4.729628651579219 36.0 
281.0 277.0 1.5880359979894263 4.729628651579219 36.0 
281.0 278.0 1.5880359979894263 4.729628651579219 36.0 
281.0 279.0 1.5880359979894263 4.729628651579219 36.0 
281.0 280.0 1.5880359979894263 4.729628651579219 36.0 
281.0 281.0 1.5880359979894263 4.729628651579219 36.0 
281.0 282.0 1.5880359979894263 4.729628651579219 36.0 
281.0 283.0 1.5880359979894263 4.729628651579219 36.0 
281.0 284.0 1.5880359979894263 4.729628651579219 36.0 
281.0 285.0 1.5880359979894263 4.729628651579219 36.0 
281.0 286.0 1.5880359979894263 4.729628651579219 36.0 
281.0 287.0 1.5880359979894263 4.729628651579219 36.0 
281.0 288.0 1.5880359979894263 4.729628651579219 36.0 
281.0 289.0 1.5880359979894263 4.729628651579219 36.0 
281.0 290.0 1.5880359979894263 4.729628651579219 36.0 
281.0 291.0 1.5880359979894263 4.729628651579219 36.0 
281.0 292.0 1.5880359979894263 4.729628651579219 36.0 
281.0 293.0 1.5880359979894263 4.729628651579219 36.0 
281.0 294.0 1.5880359979894263 4.729628651579219 36.0 
281.0 295.0 1.5880359979894263 4.729628651579219 36.0 
281.0 296.0 1.5880359979894263 4.729628651579219 36.0 
281.0 297.0 1.5880359979894263 4.729628651579219 36.0 
281.0 298.0 1.5880359979894263 4.729628651579219 36.0 
281.0 299.0 1.5880359979894263 4.729628651579219 36.0 
281.0 300.0 1.5880359979894263 4.729628651579219 36.0 
281.0 301.0 1.5880359979894263 4.729628651579219 36.0 
281.0 302.0 1.5880359979894263 4.729628651579219 36.0 
281.0 303.0 1.5880359979894263 4.729628651579219 36.0 
281.0 304.0 1.5880359979894263 4.729628651579219 36.0 
281.0 305.0 1.5880359979894263 4.729628651579219 36.0 
281.0 306.0 1.5880359979894263 4.729628651579219 36.0 
281.0 307.0 1.5880359979894263 4.729628651579219 36.0 
281.0 308.0 1.5880359979894263 4.729628651579219 36.0 
281.0 309.0 1.5880359979894263 4.729628651579219 36.0 
281.0 310.0 1.5880359979894263 4.729628651579219 36.0 
281.0 311.0 1.5880359979894263 4.729628651579219 36.0 
281.0 312.0 1.5880359979894263 4.729628651579219 36.0 
281.0 313.0 1.5880359979894263 4.729628651579219 36.0 
281.0 314.0 1.5880359979894263 4.729628651579219 36.0 
281.0 315.0 1.5880359979894263 4.729628651579219 36.0 
281.0 316.0 1.5880359979894263 4.729628651579219 36.0 
281.0 317.0 1.5880359979894263 4.729628651579219 36.0 
281.0 318.0 1.5880359979894263 4.729628651579219 36.0 
281.0 319.0 1.5880359979894263 4.729628651579219 36.0 
281.0 320.0 1.5880359979894263 4.729628651579219 36.0 
281.0 321.0 1.5880359979894263 4.729628651579219 36.0 
281.0 322.0 1.5880359979894263 4.729628651579219 36.0 
281.0 323.0 1.5880359979894263 4.729628651579219 36.0 
281.0 324.0 1.5880359979894263 4.729628651579219 36.0 
281.0 325.0 1.5880359979894263 4.729628651579219 36.0 
281.0 326.0 1.5880359979894263 4.729628651579219 36.0 
281.0 327.0 1.5880359979894263 4.729628651579219 36.0 
281.0 328.0 1.5880359979894263 4.729628651579219 36.0 
281.0 329.0 1.5880359979894263 4.729628651579219 36.0 
281.0 330.0 1.5880359979894263 4.729628651579219 36.0 
281.0 331.0 1.5880359979894263 4.729628651579219 36.0 
281.0 332.0 1.5880359979894263 4.729628651579219 36.0 
281.0 333.0 1.5880359979894263 4.729628651579219 36.0 
282.0 276.0 1.5880359979894263 4.729628651579219 36.0 
282.0 277.0 1.5880359979894263 4.729628651579219 36.0 
282.0 278.0 1.5880359979894263 4.729628651579219 36.0 
282.0 279.0 1.5880359979894263 4.729628651579219 36.0 
282.0 280.0 1.5880359979894263 4.729628651579219 36.0 
282.0 281.0 1.5880359979894263 4.729628651579219 36.0 
282.0 282.0 1.5880359979894263 4.729628651579219 36.0 
282.0 283.0 1.5880359979894263 4.729628651579219 36.0 
282.0 284.0 1.5880359979894263 4.729628651579219 36.0 
282.0 285.0 1.5880359979894263 4.729628651579219 36.0 
282.0 286.0 1.5880359979894263 4.729628651579219 36.0 
282.0 287.0 1.5880359979894263 4.729628651579219 36.0 
282.0 288.0 1.5880359979894263 4.729628651579219 36.0 
282.0 289.0 1.5880359979894263 4.729628651579219 36.0 
282.0 290.0 1.5880359979894263 4.729628651579219 36.0 
282.0 291.0 1.5880359979894263 4.729628651579219 36.0 
282.0 292.0 1.5880359979894263 4.729628651579219 36.0 
282.0 293.0 1.5880359979894263 4.729628651579219 36.0 
282.0 294.0 1.5880359979894263 4.729628651579219 36.0 
282.0 295.0 1.5880359979894263 4.729628651579219 36.0 
282.0 296.0 1.5880359979894263 4.729628651579219 36.0 
282.0 297.0 1.5880359979894263 4.729628651579219 36.0 
282.0 298.0 1.5880359979894263 4.729628651579219 36.0 
282.0 299.0 1.5880359979894263 4.729628651579219 36.0 
282.0 300.0 1.5880359979894263 4.729628651579219 36.0 
282.0 301.0 1.5880359979894263 4.729628651579219 36.0 
282.0 302.0 1.5880359979894263 4.729628651579219 36.0 
282.0 303.0 1.5880359979894263 4.729628651579219 36.0 
282.0 304.0 1.5880359979894263 4.729628651579219 36.0 
282.0 305.0 1.5880359979894263 4.729628651579219 36.0 
282.0 306.0 1.5880359979894263 4.729628651579219 36.0 
282.0 307.0 1.5880359979894263 4.729628651579219 36.0 
282.0 308.0 1.5880359979894263 4.729628651579219 36.0 
282.0 309.0 1.5880359979894263 4.729628651579219 36.0 
282.0 310.0 1.5880359979894263 4.729628651579219 36.0 
282.0 311.0 1.5880359979894263 4.729628651579219 36.0 
282.0 312.0 1.5880359979894263 4.729628651579219 36.0 
282.0 313.0 1.5880359979894263 4.729628651579219 36.0 
282.0 314.0 1.5880359979894263 4.729628651579219 36.0 
282.0 315.0 1.5880359979894263 4.729628651579219 36.0 
282.0 316.0 1.5880359979894263 4.729628651579219 36.0 
282.0 317.0 1.5880359979894263 4.729628651579219 36.0 
282.0 318.0 1.5880359979894263 4.729628651579219 36.0 
282.0 319.0 1.5880359979894263 4.729628651579219 36.0 
282.0 320.0 1.5880359979894263 4.729628651579219 36.0 
282.0 321.0 1.5880359979894263 4.729628651579219 36.0 
282.0 322.0 1.5880359979894263 4.729628651579219 36.0 
282.0 323.0 1.5880359979894263 4.729628651579219 36.0 
282.0 324.0 1.5880359979894263 4.729628651579219 36.0 
282.0 325.0 1.5880359979894263 4.729628651579219 36.0 
282.0 326.0 1.5880359979894263 4.729628651579219 36.0 
282.0 327.0 1.5880359979894263 4.729628651579219 36.0 
282.0 328.0 1.5880359979894263 4.729628651579219 36.0 
282.0 329.0 1.5880359979894263 4.729628651579219 36.0 
282.0 330.0 1.5880359979894263 4.729628651579219 36.0 
282.0 331.0 1.5880359979894263 4.729628651579219 36.0 
282.0 332.0 1.5880359979894263 4.729628651579219 36.0 
282.0 333.0 1.5880359979894263 4.729628651579219 36.0 
283.0 276.0 1.5880359979894263 4.729628651579219 36.0 
283.0 277.0 1.5880359979894263 4.729628651579219 36.0 
283.0 278.0 1.5880359979894263 4.729628651579219 36.0 
283.0 279.0 1.5880359979894263 4.729628651579219 36.0 
283.0 280.0 1.5880359979894263 4.729628651579219 36.0 
283.0 281.0 1.5880359979894263 4.729628651579219 36.0 
283.0 282.0 1.5880359979894263 4.729628651579219 36.0 
283.0 283.0 1.5880359979894263 4.729628651579219 36.0 
283.0 284.0 1.5880359979894263 4.729628651579219 36.0 
283.0 285.0 1.5880359979894263 4.729628651579219 36.0 
283.0 286.0 1.5880359979894263 4.729628651579219 36.0 
283.0 287.0 1.5880359979894263 4.729628651579219 36.0 
283.0 288.0 1.5880359979894263 4.729628651579219 36.0 
283.0 289.0 1.5880359979894263 4.729628651579219 36.0 
283.0 290.0 1.5880359979894263 4.729628651579219 36.0 
283.0 291.0 1.5880359979894263 4.729628651579219 36.0 
283.0 292.0 1.5880359979894263 4.729628651579219 36.0 
283.0 293.0 1.5880359979894263 4.729628651579219 36.0 
283.0 294.0 1.5880359979894263 4.729628651579219 36.0 
283.0 295.0 1.5880359979894263 4.729628651579219 36.0 
283.0 296.0 1.5880359979894263 4.729628651579219 36.0 
283.0 297.0 1.5880359979894263 4.729628651579219 36.0 
283.0 298.0 1.5880359979894263 4.729628651579219 36.0 
283.0 299.0 1.5880359979894263 4.729628651579219 36.0 
283.0 300.0 1.5880359979894263 4.729628651579219 36.0 
283.0 301.0 1.5880359979894263 4.729628651579219 36.0 
283.0 302.0 1.5880359979894263 4.729628651579219 36.0 
283.0 303.0 1.5880359979894263 4.729628651579219 36.0 
283.0 304.0 1.5880359979894263 4.729628651579219 36.0 
283.0 305.0 1.5880359979894263 4.729628651579219 36.0 
283.0 306.0 1.5880359979894263 4.729628651579219 36.0 
283.0 307.0 1.5880359979894263 4.729628651579219 36.0 
283.0 308.0 1.5880359979894263 4.729628651579219 36.0 
283.0 309.0 1.5880359979894263 4.729628651579219 36.0 
283.0 310.0 1.5880359979894263 4.729628651579219 36.0 
283.0 311.0 1.5880359979894263 4.729628651579219 36.0 
283.0 312.0 1.5880359979894263 4.729628651579219 36.0 
283.0 313.0 1.5880359979894263 4.729628651579219 36.0 
283.0 314.0 1.5880359979894263 4.729628651579219 36.0 
283.0 315.0 1.5880359979894263 4.729628651579219 36.0 
283.0 316.0 1.5880359979894263 4.729628651579219 36.0 
283.0 317.0 1.5880359979894263 4.729628651579219 36.0 
283.0 318.0 1.5880359979894263 4.729628651579219 36.0 
283.0 319.0 1.5880359979894263 4.729628651579219 36.0 
283.0 320.0 1.5880359979894263 4.729628651579219 36.0 
283.0 321.0 1.5880359979894263 4.729628651579219 36.0 
283.0 322.0 1.5880359979894263 4.729628651579219 36.0 
283.0 323.0 1.5880359979894263 4.729628651579219 36.0 
283.0 324.0 1.5880359979894263 4.729628651579219 36.0 
283.0 325.0 1.5880359979894263 4.729628651579219 36.0 
283.0 326.0 1.5880359979894263 4.729628651579219 36.0 
283.0 327.0 1.5880359979894263 4.729628651579219 36.0 
283.0 328.0 1.5880359979894263 4.729628651579219 36.0 
283.0 329.0 1.5880359979894263 4.729628651579219 36.0 
283.0 330.0 1.5880359979894263 4.729628651579219 36.0 
283.0 331.0 1.5880359979894263 4.729628651579219 36.0 
283.0 332.0 1.5880359979894263 4.729628651579219 36.0 
283.0 333.0 1.5880359979894263 4.729628651579219 36.0 
283.0 334.0 1.5880359979894263 4.729628651579219 36.0 
284.0 277.0 1.5880359979894263 4.729628651579219 36.0 
284.0 278.0 1.5880359979894263 4.729628651579219 36.0 
284.0 279.0 1.5880359979894263 4.729628651579219 36.0 
284.0 280.0 1.5880359979894263 4.729628651579219 36.0 
284.0 281.0 1.5880359979894263 4.729628651579219 36.0 
284.0 282.0 1.5880359979894263 4.729628651579219 36.0 
284.0 283.0 1.5880359979894263 4.729628651579219 36.0 
284.0 284.0 1.5880359979894263 4.729628651579219 36.0 
284.0 285.0 1.5880359979894263 4.729628651579219 36.0 
284.0 286.0 1.5880359979894263 4.729628651579219 36.0 
284.0 287.0 1.5880359979894263 4.729628651579219 36.0 
284.0 288.0 1.5880359979894263 4.729628651579219 36.0 
284.0 289.0 1.5880359979894263 4.729628651579219 36.0 
284.0 290.0 1.5880359979894263 4.729628651579219 36.0 
284.0 291.0 1.5880359979894263 4.729628651579219 36.0 
284.0 292.0 1.5880359979894263 4.729628651579219 36.0 
284.0 293.0 1.5880359979894263 4.729628651579219 36.0 
284.0 294.0 1.5880359979894263 4.729628651579219 36.0 
284.0 295.0 1.5880359979894263 4.729628651579219 36.0 
284.0 296.0 1.5880359979894263 4.729628651579219 36.0 
284.0 297.0 1.5880359979894263 4.729628651579219 36.0 
284.0 298.0 1.5880359979894263 4.729628651579219 36.0 
284.0 299.0 1.5880359979894263 4.729628651579219 36.0 
284.0 300.0 1.5880359979894263 4.729628651579219 36.0 
284.0 301.0 1.5880359979894263 4.729628651579219 36.0 
284.0 302.0 1.5880359979894263 4.729628651579219 36.0 
284.0 303.0 1.5880359979894263 4.729628651579219 36.0 
284.0 304.0 1.5880359979894263 4.729628651579219 36.0 
284.0 305.0 1.5880359979894263 4.729628651579219 36.0 
284.0 306.0 1.5880359979894263 4.729628651579219 36.0 
284.0 307.0 1.5880359979894263 4.729628651579219 36.0 
284.0 308.0 1.5880359979894263 4.729628651579219 36.0 
284.0 309.0 1.5880359979894263 4.729628651579219 36.0 
284.0 310.0 1.5880359979894263 4.729628651579219 36.0 
284.0 311.0 1.5880359979894263 4.729628651579219 36.0 
284.0 312.0 1.5880359979894263 4.729628651579219 36.0 
284.0 313.0 1.5880359979894263 4.729628651579219 36.0 
284.0 314.0 1.5880359979894263 4.729628651579219 36.0 
284.0 315.0 1.5880359979894263 4.729628651579219 36.0 
284.0 316.0 1.5880359979894263 4.729628651579219 36.0 
284.0 317.0 1.5880359979894263 4.729628651579219 36.0 
284.0 318.0 1.5880359979894263 4.729628651579219 36.0 
284.0 319.0 1.5880359979894263 4.729628651579219 36.0 
284.0 320.0 1.5880359979894263 4.729628651579219 36.0 
284.0 321.0 1.5880359979894263 4.729628651579219 36.0 
284.0 322.0 1.5880359979894263 4.729628651579219 36.0 
284.0 323.0 1.5880359979894263 4.729628651579219 36.0 
284.0 324.0 1.5880359979894263 4.729628651579219 36.0 
284.0 325.0 1.5880359979894263 4.729628651579219 36.0 
284.0 326.0 1.5880359979894263 4.729628651579219 36.0 
284.0 327.0 1.5880359979894263 4.729628651579219 36.0 
284.0 328.0 1.5880359979894263 4.729628651579219 36.0 
284.0 329.0 1.5880359979894263 4.729628651579219 36.0 
284.0 330.0 1.5880359979894263 4.729628651579219 36.0 
284.0 331.0 1.5880359979894263 4.729628651579219 36.0 
284.0 332.0 1.5880359979894263 4.729628651579219 36.0 
284.0 333.0 1.5880359979894263 4.729628651579219 36.0 
284.0 334.0 1.5880359979894263 4.729628651579219 36.0 
285.0 277.0 1.5880359979894263 4.729628651579219 36.0 
285.0 278.0 1.5880359979894263 4.729628651579219 36.0 
285.0 279.0 1.5880359979894263 4.729628651579219 36.0 
285.0 280.0 1.5880359979894263 4.729628651579219 36.0 
285.0 281.0 1.5880359979894263 4.729628651579219 36.0 
285.0 282.0 1.5880359979894263 4.729628651579219 36.0 
285.0 283.0 1.5880359979894263 4.729628651579219 36.0 
285.0 284.0 1.5880359979894263 4.729628651579219 36.0 
285.0 285.0 1.5880359979894263 4.729628651579219 36.0 
285.0 286.0 1.5880359979894263 4.729628651579219 36.0 
285.0 287.0 1.5880359979894263 4.729628651579219 36.0 
285.0 288.0 1.5880359979894263 4.729628651579219 36.0 
285.0 289.0 1.5880359979894263 4.729628651579219 36.0 
285.0 290.0 1.5880359979894263 4.729628651579219 36.0 
285.0 291.0 1.5880359979894263 4.729628651579219 36.0 
285.0 292.0 1.5880359979894263 4.729628651579219 36.0 
285.0 293.0 1.5880359979894263 4.729628651579219 36.0 
285.0 294.0 1.5880359979894263 4.729628651579219 36.0 
285.0 295.0 1.5880359979894263 4.729628651579219 36.0 
285.0 296.0 1.5880359979894263 4.729628651579219 36.0 
285.0 297.0 1.5880359979894263 4.729628651579219 36.0 
285.0 298.0 1.5880359979894263 4.729628651579219 36.0 
285.0 299.0 1.5880359979894263 4.729628651579219 36.0 
285.0 300.0 1.5880359979894263 4.729628651579219 36.0 
285.0 301.0 1.5880359979894263 4.729628651579219 36.0 
285.0 302.0 1.5880359979894263 4.729628651579219 36.0 
285.0 303.0 1.5880359979894263 4.729628651579219 36.0 
285.0 304.0 1.5880359979894263 4.729628651579219 36.0 
285.0 305.0 1.5880359979894263 4.729628651579219 36.0 
285.0 306.0 1.5880359979894263 4.729628651579219 36.0 
285.0 307.0 1.5880359979894263 4.729628651579219 36.0 
285.0 308.0 1.5880359979894263 4.729628651579219 36.0 
285.0 309.0 1.5880359979894263 4.729628651579219 36.0 
285.0 310.0 1.5880359979894263 4.729628651579219 36.0 
285.0 311.0 1.5880359979894263 4.729628651579219 36.0 
285.0 312.0 1.5880359979894263 4.729628651579219 36.0 
285.0 313.0 1.5880359979894263 4.729628651579219 36.0 
285.0 314.0 1.5880359979894263 4.729628651579219 36.0 
285.0 315.0 1.5880359979894263 4.729628651579219 36.0 
285.0 316.0 1.5880359979894263 4.729628651579219 36.0 
285.0 317.0 1.5880359979894263 4.729628651579219 36.0 
285.0 318.0 1.5880359979894263 4.729628651579219 36.0 
285.0 319.0 1.5880359979894263 4.729628651579219 36.0 
285.0 320.0 1.5880359979894263 4.729628651579219 36.0 
285.0 321.0 1.5880359979894263 4.729628651579219 36.0 
285.0 322.0 1.5880359979894263 4.729628651579219 36.0 
285.0 323.0 1.5880359979894263 4.729628651579219 36.0 
285.0 324.0 1.5880359979894263 4.729628651579219 36.0 
285.0 325.0 1.5880359979894263 4.729628651579219 36.0 
285.0 326.0 1.5880359979894263 4.729628651579219 36.0 
285.0 327.0 1.5880359979894263 4.729628651579219 36.0 
285.0 328.0 1.5880359979894263 4.729628651579219 36.0 
285.0 329.0 1.5880359979894263 4.729628651579219 36.0 
285.0 330.0 1.5880359979894263 4.729628651579219 36.0 
285.0 331.0 1.5880359979894263 4.729628651579219 36.0 
285.0 332.0 1.5880359979894263 4.729628651579219 36.0 
285.0 333.0 1.5880359979894263 4.729628651579219 36.0 
285.0 334.0 1.5880359979894263 4.729628651579219 36.0 
