265.0 402.0 1.7359450042095246 4.8775376577993175 24.0 
265.0 403.0 1.7359450042095246 4.8775376577993175 24.0 
265.0 404.0 1.7359450042095246 4.8775376577993175 24.0 
265.0 405.0 1.7359450042095246 4.8775376577993175 24.0 
265.0 406.0 1.7359450042095246 4.8775376577993175 24.0 
265.0 407.0 1.7359450042095246 4.8775376577993175 24.0 
266.0 396.0 1.7359450042095246 4.8775376577993175 24.0 
266.0 397.0 1.7359450042095246 4.8775376577993175 24.0 
266.0 398.0 1.7359450042095246 4.8775376577993175 24.0 
266.0 399.0 1.7359450042095246 4.8775376577993175 24.0 
266.0 400.0 1.7359450042095246 4.8775376577993175 24.0 
266.0 401.0 1.7359450042095246 4.8775376577993175 24.0 
266.0 402.0 1.7359450042095246 4.8775376577993175 24.0 
266.0 403.0 1.7359450042095246 4.8775376577993175 24.0 
266.0 404.0 1.7359450042095246 4.8775376577993175 24.0 
266.0 405.0 1.7359450042095246 4.8775376577993175 24.0 
266.0 406.0 1.7359450042095246 4.8775376577993175 24.0 
266.0 407.0 1.7359450042095246 4.8775376577993175 24.0 
266.0 408.0 1.7359450042095246 4.8775376577993175 24.0 
267.0 390.0 1.7359450042095246 4.8775376577993175 24.0 
267.0 391.0 1.7359450042095246 4.8775376577993175 24.0 
267.0 392.0 1.7359450042095246 4.8775376577993175 24.0 
267.0 393.0 1.7359450042095246 4.8775376577993175 24.0 
267.0 394.0 1.7359450042095246 4.8775376577993175 24.0 
267.0 395.0 1.7359450042095246 4.8775376577993175 24.0 
267.0 396.0 1.7359450042095246 4.8775376577993175 24.0 
267.0 397.0 1.7359450042095246 4.8775376577993175 24.0 
267.0 398.0 1.7359450042095246 4.8775376577993175 24.0 
267.0 399.0 1.7359450042095246 4.8775376577993175 24.0 
267.0 400.0 1.7359450042095246 4.8775376577993175 24.0 
267.0 401.0 1.7359450042095246 4.8775376577993175 24.0 
267.0 402.0 1.7359450042095246 4.8775376577993175 24.0 
268.0 384.0 1.7359450042095246 4.8775376577993175 24.0 
268.0 385.0 1.7359450042095246 4.8775376577993175 24.0 
268.0 386.0 1.7359450042095246 4.8775376577993175 24.0 
268.0 387.0 1.7359450042095246 4.8775376577993175 24.0 
268.0 388.0 1.7359450042095246 4.8775376577993175 24.0 
268.0 389.0 1.7359450042095246 4.8775376577993175 24.0 
268.0 390.0 1.7359450042095246 4.8775376577993175 24.0 
268.0 391.0 1.7359450042095246 4.8775376577993175 24.0 
268.0 392.0 1.7359450042095246 4.8775376577993175 24.0 
268.0 393.0 1.7359450042095246 4.8775376577993175 24.0 
268.0 394.0 1.7359450042095246 4.8775376577993175 24.0 
268.0 395.0 1.7359450042095246 4.8775376577993175 24.0 
268.0 396.0 1.7359450042095246 4.8775376577993175 24.0 
269.0 378.0 1.7359450042095246 4.8775376577993175 24.0 
269.0 379.0 1.7359450042095246 4.8775376577993175 24.0 
269.0 380.0 1.7359450042095246 4.8775376577993175 24.0 
269.0 381.0 1.7359450042095246 4.8775376577993175 24.0 
269.0 382.0 1.7359450042095246 4.8775376577993175 24.0 
269.0 383.0 1.7359450042095246 4.8775376577993175 24.0 
269.0 384.0 1.7359450042095246 4.8775376577993175 24.0 
269.0 385.0 1.7359450042095246 4.8775376577993175 24.0 
269.0 386.0 1.7359450042095246 4.8775376577993175 24.0 
269.0 387.0 1.7359450042095246 4.8775376577993175 24.0 
269.0 388.0 1.7359450042095246 4.8775376577993175 24.0 
269.0 389.0 1.7359450042095246 4.8775376577993175 24.0 
269.0 390.0 1.7359450042095246 4.8775376577993175 24.0 
270.0 372.0 1.7359450042095246 4.8775376577993175 24.0 
270.0 373.0 1.7359450042095246 4.8775376577993175 24.0 
270.0 374.0 1.7359450042095246 4.8775376577993175 24.0 
270.0 375.0 1.7359450042095246 4.8775376577993175 24.0 
270.0 376.0 1.7359450042095246 4.8775376577993175 24.0 
270.0 377.0 1.7359450042095246 4.8775376577993175 24.0 
270.0 378.0 1.7359450042095246 4.8775376577993175 24.0 
270.0 379.0 1.7359450042095246 4.8775376577993175 24.0 
270.0 380.0 1.7359450042095246 4.8775376577993175 24.0 
270.0 381.0 1.7359450042095246 4.8775376577993175 24.0 
270.0 382.0 1.7359450042095246 4.8775376577993175 24.0 
270.0 383.0 1.7359450042095246 4.8775376577993175 24.0 
270.0 384.0 1.7359450042095246 4.8775376577993175 24.0 
271.0 366.0 1.7359450042095246 4.8775376577993175 24.0 
271.0 367.0 1.7359450042095246 4.8775376577993175 24.0 
271.0 368.0 1.7359450042095246 4.8775376577993175 24.0 
271.0 369.0 1.7359450042095246 4.8775376577993175 24.0 
271.0 370.0 1.7359450042095246 4.8775376577993175 24.0 
271.0 371.0 1.7359450042095246 4.8775376577993175 24.0 
271.0 372.0 1.7359450042095246 4.8775376577993175 24.0 
271.0 373.0 1.7359450042095246 4.8775376577993175 24.0 
271.0 374.0 1.7359450042095246 4.8775376577993175 24.0 
271.0 375.0 1.7359450042095246 4.8775376577993175 24.0 
271.0 376.0 1.7359450042095246 4.8775376577993175 24.0 
271.0 377.0 1.7359450042095246 4.8775376577993175 24.0 
271.0 378.0 1.7359450042095246 4.8775376577993175 24.0 
272.0 360.0 1.7359450042095246 4.8775376577993175 24.0 
272.0 361.0 1.7359450042095246 4.8775376577993175 24.0 
272.0 362.0 1.7359450042095246 4.8775376577993175 24.0 
272.0 363.0 1.7359450042095246 4.8775376577993175 24.0 
272.0 364.0 1.7359450042095246 4.8775376577993175 24.0 
272.0 365.0 1.7359450042095246 4.8775376577993175 24.0 
272.0 366.0 1.7359450042095246 4.8775376577993175 24.0 
272.0 367.0 1.7359450042095246 4.8775376577993175 24.0 
272.0 368.0 1.7359450042095246 4.8775376577993175 24.0 
272.0 369.0 1.7359450042095246 4.8775376577993175 24.0 
272.0 370.0 1.7359450042095246 4.8775376577993175 24.0 
272.0 371.0 1.7359450042095246 4.8775376577993175 24.0 
272.0 372.0 1.7359450042095246 4.8775376577993175 24.0 
273.0 354.0 1.7359450042095246 4.8775376577993175 24.0 
273.0 355.0 1.7359450042095246 4.8775376577993175 24.0 
273.0 356.0 1.7359450042095246 4.8775376577993175 24.0 
273.0 357.0 1.7359450042095246 4.8775376577993175 24.0 
273.0 358.0 1.7359450042095246 4.8775376577993175 24.0 
273.0 359.0 1.7359450042095246 4.8775376577993175 24.0 
273.0 360.0 1.7359450042095246 4.8775376577993175 24.0 
273.0 361.0 1.7359450042095246 4.8775376577993175 24.0 
273.0 362.0 1.7359450042095246 4.8775376577993175 24.0 
273.0 363.0 1.7359450042095246 4.8775376577993175 24.0 
273.0 364.0 1.7359450042095246 4.8775376577993175 24.0 
273.0 365.0 1.7359450042095246 4.8775376577993175 24.0 
273.0 366.0 1.7359450042095246 4.8775376577993175 24.0 
274.0 348.0 1.7359450042095246 4.8775376577993175 24.0 
274.0 349.0 1.7359450042095246 4.8775376577993175 24.0 
274.0 350.0 1.7359450042095246 4.8775376577993175 24.0 
274.0 351.0 1.7359450042095246 4.8775376577993175 24.0 
274.0 352.0 1.7359450042095246 4.8775376577993175 24.0 
274.0 353.0 1.7359450042095246 4.8775376577993175 24.0 
274.0 354.0 1.7359450042095246 4.8775376577993175 24.0 
274.0 355.0 1.7359450042095246 4.8775376577993175 24.0 
274.0 356.0 1.7359450042095246 4.8775376577993175 24.0 
274.0 357.0 1.7359450042095246 4.8775376577993175 24.0 
274.0 358.0 1.7359450042095246 4.8775376577993175 24.0 
274.0 359.0 1.7359450042095246 4.8775376577993175 24.0 
274.0 360.0 1.7359450042095246 4.8775376577993175 24.0 
275.0 342.0 1.7359450042095246 4.8775376577993175 24.0 
275.0 343.0 1.7359450042095246 4.8775376577993175 24.0 
275.0 344.0 1.7359450042095246 4.8775376577993175 24.0 
275.0 345.0 1.7359450042095246 4.8775376577993175 24.0 
275.0 346.0 1.7359450042095246 4.8775376577993175 24.0 
275.0 347.0 1.7359450042095246 4.8775376577993175 24.0 
275.0 348.0 1.7359450042095246 4.8775376577993175 24.0 
275.0 349.0 1.7359450042095246 4.8775376577993175 24.0 
275.0 350.0 1.7359450042095246 4.8775376577993175 24.0 
275.0 351.0 1.7359450042095246 4.8775376577993175 24.0 
275.0 352.0 1.7359450042095246 4.8775376577993175 24.0 
275.0 353.0 1.7359450042095246 4.8775376577993175 24.0 
275.0 354.0 1.7359450042095246 4.8775376577993175 24.0 
276.0 336.0 1.7359450042095246 4.8775376577993175 24.0 
276.0 337.0 1.7359450042095246 4.8775376577993175 24.0 
276.0 338.0 1.7359450042095246 4.8775376577993175 24.0 
276.0 339.0 1.7359450042095246 4.8775376577993175 24.0 
276.0 340.0 1.7359450042095246 4.8775376577993175 24.0 
276.0 341.0 1.7359450042095246 4.8775376577993175 24.0 
276.0 342.0 1.7359450042095246 4.8775376577993175 24.0 
276.0 343.0 1.7359450042095246 4.8775376577993175 24.0 
276.0 344.0 1.7359450042095246 4.8775376577993175 24.0 
276.0 345.0 1.7359450042095246 4.8775376577993175 24.0 
276.0 346.0 1.7359450042095246 4.8775376577993175 24.0 
276.0 347.0 1.7359450042095246 4.8775376577993175 24.0 
276.0 348.0 1.7359450042095246 4.8775376577993175 24.0 
277.0 330.0 1.7359450042095246 4.8775376577993175 24.0 
277.0 331.0 1.7359450042095246 4.8775376577993175 24.0 
277.0 332.0 1.7359450042095246 4.8775376577993175 24.0 
277.0 333.0 1.7359450042095246 4.8775376577993175 24.0 
277.0 334.0 1.7359450042095246 4.8775376577993175 24.0 
277.0 335.0 1.7359450042095246 4.8775376577993175 24.0 
277.0 336.0 1.7359450042095246 4.8775376577993175 24.0 
277.0 337.0 1.7359450042095246 4.8775376577993175 24.0 
277.0 338.0 1.7359450042095246 4.8775376577993175 24.0 
277.0 339.0 1.7359450042095246 4.8775376577993175 24.0 
277.0 340.0 1.7359450042095246 4.8775376577993175 24.0 
277.0 341.0 1.7359450042095246 4.8775376577993175 24.0 
277.0 342.0 1.7359450042095246 4.8775376577993175 24.0 
278.0 324.0 1.7359450042095246 4.8775376577993175 24.0 
278.0 325.0 1.7359450042095246 4.8775376577993175 24.0 
278.0 326.0 1.7359450042095246 4.8775376577993175 24.0 
278.0 327.0 1.7359450042095246 4.8775376577993175 24.0 
278.0 328.0 1.7359450042095246 4.8775376577993175 24.0 
278.0 329.0 1.7359450042095246 4.8775376577993175 24.0 
278.0 330.0 1.7359450042095246 4.8775376577993175 24.0 
278.0 331.0 1.7359450042095246 4.8775376577993175 24.0 
278.0 332.0 1.7359450042095246 4.8775376577993175 24.0 
278.0 333.0 1.7359450042095246 4.8775376577993175 24.0 
278.0 334.0 1.7359450042095246 4.8775376577993175 24.0 
278.0 335.0 1.7359450042095246 4.8775376577993175 24.0 
278.0 336.0 1.7359450042095246 4.8775376577993175 24.0 
279.0 324.0 1.7359450042095246 4.8775376577993175 24.0 
279.0 325.0 1.7359450042095246 4.8775376577993175 24.0 
279.0 326.0 1.7359450042095246 4.8775376577993175 24.0 
279.0 327.0 1.7359450042095246 4.8775376577993175 24.0 
279.0 328.0 1.7359450042095246 4.8775376577993175 24.0 
279.0 329.0 1.7359450042095246 4.8775376577993175 24.0 
279.0 330.0 1.7359450042095246 4.8775376577993175 24.0 
242.0 325.0 1.5707963267948966 4.71238898038469 20.0 
242.0 326.0 1.5707963267948966 4.71238898038469 20.0 
242.0 327.0 1.5707963267948966 4.71238898038469 20.0 
242.0 328.0 1.5707963267948966 4.71238898038469 20.0 
242.0 329.0 1.5707963267948966 4.71238898038469 20.0 
242.0 330.0 1.5707963267948966 4.71238898038469 20.0 
242.0 331.0 1.5707963267948966 4.71238898038469 20.0 
242.0 332.0 1.5707963267948966 4.71238898038469 20.0 
242.0 333.0 1.5707963267948966 4.71238898038469 20.0 
242.0 334.0 1.5707963267948966 4.71238898038469 20.0 
242.0 335.0 1.5707963267948966 4.71238898038469 20.0 
242.0 336.0 1.5707963267948966 4.71238898038469 20.0 
242.0 337.0 1.5707963267948966 4.71238898038469 20.0 
242.0 338.0 1.5707963267948966 4.71238898038469 20.0 
242.0 339.0 1.5707963267948966 4.71238898038469 20.0 
242.0 340.0 1.5707963267948966 4.71238898038469 20.0 
242.0 341.0 1.5707963267948966 4.71238898038469 20.0 
242.0 342.0 1.5707963267948966 4.71238898038469 20.0 
242.0 343.0 1.5707963267948966 4.71238898038469 20.0 
242.0 344.0 1.5707963267948966 4.71238898038469 20.0 
242.0 345.0 1.5707963267948966 4.71238898038469 20.0 
242.0 346.0 1.5707963267948966 4.71238898038469 20.0 
242.0 347.0 1.5707963267948966 4.71238898038469 20.0 
242.0 348.0 1.5707963267948966 4.71238898038469 20.0 
242.0 349.0 1.5707963267948966 4.71238898038469 20.0 
242.0 350.0 1.5707963267948966 4.71238898038469 20.0 
242.0 351.0 1.5707963267948966 4.71238898038469 20.0 
242.0 352.0 1.5707963267948966 4.71238898038469 20.0 
242.0 353.0 1.5707963267948966 4.71238898038469 20.0 
242.0 354.0 1.5707963267948966 4.71238898038469 20.0 
242.0 355.0 1.5707963267948966 4.71238898038469 20.0 
242.0 356.0 1.5707963267948966 4.71238898038469 20.0 
242.0 357.0 1.5707963267948966 4.71238898038469 20.0 
242.0 358.0 1.5707963267948966 4.71238898038469 20.0 
242.0 359.0 1.5707963267948966 4.71238898038469 20.0 
242.0 360.0 1.5707963267948966 4.71238898038469 20.0 
242.0 361.0 1.5707963267948966 4.71238898038469 20.0 
242.0 362.0 1.5707963267948966 4.71238898038469 20.0 
242.0 363.0 1.5707963267948966 4.71238898038469 20.0 
242.0 364.0 1.5707963267948966 4.71238898038469 20.0 
242.0 365.0 1.5707963267948966 4.71238898038469 20.0 
242.0 366.0 1.5707963267948966 4.71238898038469 20.0 
242.0 367.0 1.5707963267948966 4.71238898038469 20.0 
242.0 368.0 1.5707963267948966 4.71238898038469 20.0 
242.0 369.0 1.5707963267948966 4.71238898038469 20.0 
242.0 370.0 1.5707963267948966 4.71238898038469 20.0 
242.0 371.0 1.5707963267948966 4.71238898038469 20.0 
242.0 372.0 1.5707963267948966 4.71238898038469 20.0 
242.0 373.0 1.5707963267948966 4.71238898038469 20.0 
242.0 374.0 1.5707963267948966 4.71238898038469 20.0 
242.0 375.0 1.5707963267948966 4.71238898038469 20.0 
242.0 376.0 1.5707963267948966 4.71238898038469 20.0 
242.0 377.0 1.5707963267948966 4.71238898038469 20.0 
242.0 378.0 1.5707963267948966 4.71238898038469 20.0 
242.0 379.0 1.5707963267948966 4.71238898038469 20.0 
242.0 380.0 1.5707963267948966 4.71238898038469 20.0 
242.0 381.0 1.5707963267948966 4.71238898038469 20.0 
242.0 382.0 1.5707963267948966 4.71238898038469 20.0 
242.0 383.0 1.5707963267948966 4.71238898038469 20.0 
242.0 384.0 1.5707963267948966 4.71238898038469 20.0 
242.0 385.0 1.5707963267948966 4.71238898038469 20.0 
242.0 386.0 1.5707963267948966 4.71238898038469 20.0 
242.0 387.0 1.5707963267948966 4.71238898038469 20.0 
242.0 388.0 1.5707963267948966 4.71238898038469 20.0 
242.0 389.0 1.5707963267948966 4.71238898038469 20.0 
242.0 390.0 1.5707963267948966 4.71238898038469 20.0 
242.0 391.0 1.5707963267948966 4.71238898038469 20.0 
242.0 392.0 1.5707963267948966 4.71238898038469 20.0 
242.0 393.0 1.5707963267948966 4.71238898038469 20.0 
242.0 394.0 1.5707963267948966 4.71238898038469 20.0 
242.0 395.0 1.5707963267948966 4.71238898038469 20.0 
242.0 396.0 1.5707963267948966 4.71238898038469 20.0 
242.0 397.0 1.5707963267948966 4.71238898038469 20.0 
242.0 398.0 1.5707963267948966 4.71238898038469 20.0 
242.0 399.0 1.5707963267948966 4.71238898038469 20.0 
242.0 400.0 1.5707963267948966 4.71238898038469 20.0 
243.0 325.0 1.5707963267948966 4.71238898038469 20.0 
243.0 326.0 1.5707963267948966 4.71238898038469 20.0 
243.0 327.0 1.5707963267948966 4.71238898038469 20.0 
243.0 328.0 1.5707963267948966 4.71238898038469 20.0 
243.0 329.0 1.5707963267948966 4.71238898038469 20.0 
243.0 330.0 1.5707963267948966 4.71238898038469 20.0 
243.0 331.0 1.5707963267948966 4.71238898038469 20.0 
243.0 332.0 1.5707963267948966 4.71238898038469 20.0 
243.0 333.0 1.5707963267948966 4.71238898038469 20.0 
243.0 334.0 1.5707963267948966 4.71238898038469 20.0 
243.0 335.0 1.5707963267948966 4.71238898038469 20.0 
243.0 336.0 1.5707963267948966 4.71238898038469 20.0 
243.0 337.0 1.5707963267948966 4.71238898038469 20.0 
243.0 338.0 1.5707963267948966 4.71238898038469 20.0 
243.0 339.0 1.5707963267948966 4.71238898038469 20.0 
243.0 340.0 1.5707963267948966 4.71238898038469 20.0 
243.0 341.0 1.5707963267948966 4.71238898038469 20.0 
243.0 342.0 1.5707963267948966 4.71238898038469 20.0 
243.0 343.0 1.5707963267948966 4.71238898038469 20.0 
243.0 344.0 1.5707963267948966 4.71238898038469 20.0 
243.0 345.0 1.5707963267948966 4.71238898038469 20.0 
243.0 346.0 1.5707963267948966 4.71238898038469 20.0 
243.0 347.0 1.5707963267948966 4.71238898038469 20.0 
243.0 348.0 1.5707963267948966 4.71238898038469 20.0 
243.0 349.0 1.5707963267948966 4.71238898038469 20.0 
243.0 350.0 1.5707963267948966 4.71238898038469 20.0 
243.0 351.0 1.5707963267948966 4.71238898038469 20.0 
243.0 352.0 1.5707963267948966 4.71238898038469 20.0 
243.0 353.0 1.5707963267948966 4.71238898038469 20.0 
243.0 354.0 1.5707963267948966 4.71238898038469 20.0 
243.0 355.0 1.5707963267948966 4.71238898038469 20.0 
243.0 356.0 1.5707963267948966 4.71238898038469 20.0 
243.0 357.0 1.5707963267948966 4.71238898038469 20.0 
243.0 358.0 1.5707963267948966 4.71238898038469 20.0 
243.0 359.0 1.5707963267948966 4.71238898038469 20.0 
243.0 360.0 1.5707963267948966 4.71238898038469 20.0 
243.0 361.0 1.5707963267948966 4.71238898038469 20.0 
243.0 362.0 1.5707963267948966 4.71238898038469 20.0 
243.0 363.0 1.5707963267948966 4.71238898038469 20.0 
243.0 364.0 1.5707963267948966 4.71238898038469 20.0 
243.0 365.0 1.5707963267948966 4.71238898038469 20.0 
243.0 366.0 1.5707963267948966 4.71238898038469 20.0 
243.0 367.0 1.5707963267948966 4.71238898038469 20.0 
243.0 368.0 1.5707963267948966 4.71238898038469 20.0 
243.0 369.0 1.5707963267948966 4.71238898038469 20.0 
243.0 370.0 1.5707963267948966 4.71238898038469 20.0 
243.0 371.0 1.5707963267948966 4.71238898038469 20.0 
243.0 372.0 1.5707963267948966 4.71238898038469 20.0 
243.0 373.0 1.5707963267948966 4.71238898038469 20.0 
243.0 374.0 1.5707963267948966 4.71238898038469 20.0 
243.0 375.0 1.5707963267948966 4.71238898038469 20.0 
243.0 376.0 1.5707963267948966 4.71238898038469 20.0 
243.0 377.0 1.5707963267948966 4.71238898038469 20.0 
243.0 378.0 1.5707963267948966 4.71238898038469 20.0 
243.0 379.0 1.5707963267948966 4.71238898038469 20.0 
243.0 380.0 1.5707963267948966 4.71238898038469 20.0 
243.0 381.0 1.5707963267948966 4.71238898038469 20.0 
243.0 382.0 1.5707963267948966 4.71238898038469 20.0 
243.0 383.0 1.5707963267948966 4.71238898038469 20.0 
243.0 384.0 1.5707963267948966 4.71238898038469 20.0 
243.0 385.0 1.5707963267948966 4.71238898038469 20.0 
243.0 386.0 1.5707963267948966 4.71238898038469 20.0 
243.0 387.0 1.5707963267948966 4.71238898038469 20.0 
243.0 388.0 1.5707963267948966 4.71238898038469 20.0 
243.0 389.0 1.5707963267948966 4.71238898038469 20.0 
243.0 390.0 1.5707963267948966 4.71238898038469 20.0 
243.0 391.0 1.5707963267948966 4.71238898038469 20.0 
243.0 392.0 1.5707963267948966 4.71238898038469 20.0 
243.0 393.0 1.5707963267948966 4.71238898038469 20.0 
243.0 394.0 1.5707963267948966 4.71238898038469 20.0 
243.0 395.0 1.5707963267948966 4.71238898038469 20.0 
243.0 396.0 1.5707963267948966 4.71238898038469 20.0 
243.0 397.0 1.5707963267948966 4.71238898038469 20.0 
243.0 398.0 1.5707963267948966 4.71238898038469 20.0 
243.0 399.0 1.5707963267948966 4.71238898038469 20.0 
243.0 400.0 1.5707963267948966 4.71238898038469 20.0 
250 420 2.9764439761751667 24.0 
251 420 2.9764439761751667 24.0 
251 421 2.9764439761751667 24.0 
252 420 2.9764439761751667 24.0 
252 421 2.9764439761751667 24.0 
253 420 2.9764439761751667 24.0 
253 421 2.9764439761751667 24.0 
254 420 2.9764439761751667 24.0 
254 421 2.9764439761751667 24.0 
255 420 2.9764439761751667 24.0 
255 421 2.9764439761751667 24.0 
256 421 2.9764439761751667 24.0 
253.0 373.0 1.5997737206464593 4.741366374236252 72.0 
253.0 374.0 1.5997737206464593 4.741366374236252 72.0 
253.0 375.0 1.5997737206464593 4.741366374236252 72.0 
253.0 376.0 1.5997737206464593 4.741366374236252 72.0 
253.0 377.0 1.5997737206464593 4.741366374236252 72.0 
253.0 378.0 1.5997737206464593 4.741366374236252 72.0 
253.0 379.0 1.5997737206464593 4.741366374236252 72.0 
253.0 380.0 1.5997737206464593 4.741366374236252 72.0 
253.0 381.0 1.5997737206464593 4.741366374236252 72.0 
253.0 382.0 1.5997737206464593 4.741366374236252 72.0 
253.0 383.0 1.5997737206464593 4.741366374236252 72.0 
253.0 384.0 1.5997737206464593 4.741366374236252 72.0 
253.0 385.0 1.5997737206464593 4.741366374236252 72.0 
253.0 386.0 1.5997737206464593 4.741366374236252 72.0 
253.0 387.0 1.5997737206464593 4.741366374236252 72.0 
253.0 388.0 1.5997737206464593 4.741366374236252 72.0 
253.0 389.0 1.5997737206464593 4.741366374236252 72.0 
253.0 390.0 1.5997737206464593 4.741366374236252 72.0 
253.0 391.0 1.5997737206464593 4.741366374236252 72.0 
253.0 392.0 1.5997737206464593 4.741366374236252 72.0 
253.0 393.0 1.5997737206464593 4.741366374236252 72.0 
253.0 394.0 1.5997737206464593 4.741366374236252 72.0 
253.0 395.0 1.5997737206464593 4.741366374236252 72.0 
253.0 396.0 1.5997737206464593 4.741366374236252 72.0 
253.0 397.0 1.5997737206464593 4.741366374236252 72.0 
253.0 398.0 1.5997737206464593 4.741366374236252 72.0 
253.0 399.0 1.5997737206464593 4.741366374236252 72.0 
253.0 400.0 1.5997737206464593 4.741366374236252 72.0 
253.0 401.0 1.5997737206464593 4.741366374236252 72.0 
253.0 402.0 1.5997737206464593 4.741366374236252 72.0 
253.0 403.0 1.5997737206464593 4.741366374236252 72.0 
253.0 404.0 1.5997737206464593 4.741366374236252 72.0 
253.0 405.0 1.5997737206464593 4.741366374236252 72.0 
253.0 406.0 1.5997737206464593 4.741366374236252 72.0 
254.0 338.0 1.5997737206464593 4.741366374236252 72.0 
254.0 339.0 1.5997737206464593 4.741366374236252 72.0 
254.0 340.0 1.5997737206464593 4.741366374236252 72.0 
254.0 341.0 1.5997737206464593 4.741366374236252 72.0 
254.0 342.0 1.5997737206464593 4.741366374236252 72.0 
254.0 343.0 1.5997737206464593 4.741366374236252 72.0 
254.0 344.0 1.5997737206464593 4.741366374236252 72.0 
254.0 345.0 1.5997737206464593 4.741366374236252 72.0 
254.0 346.0 1.5997737206464593 4.741366374236252 72.0 
254.0 347.0 1.5997737206464593 4.741366374236252 72.0 
254.0 348.0 1.5997737206464593 4.741366374236252 72.0 
254.0 349.0 1.5997737206464593 4.741366374236252 72.0 
254.0 350.0 1.5997737206464593 4.741366374236252 72.0 
254.0 351.0 1.5997737206464593 4.741366374236252 72.0 
254.0 352.0 1.5997737206464593 4.741366374236252 72.0 
254.0 353.0 1.5997737206464593 4.741366374236252 72.0 
254.0 354.0 1.5997737206464593 4.741366374236252 72.0 
254.0 355.0 1.5997737206464593 4.741366374236252 72.0 
254.0 356.0 1.5997737206464593 4.741366374236252 72.0 
254.0 357.0 1.5997737206464593 4.741366374236252 72.0 
254.0 358.0 1.5997737206464593 4.741366374236252 72.0 
254.0 359.0 1.5997737206464593 4.741366374236252 72.0 
254.0 360.0 1.5997737206464593 4.741366374236252 72.0 
254.0 361.0 1.5997737206464593 4.741366374236252 72.0 
254.0 362.0 1.5997737206464593 4.741366374236252 72.0 
254.0 363.0 1.5997737206464593 4.741366374236252 72.0 
254.0 364.0 1.5997737206464593 4.741366374236252 72.0 
254.0 365.0 1.5997737206464593 4.741366374236252 72.0 
254.0 366.0 1.5997737206464593 4.741366374236252 72.0 
254.0 367.0 1.5997737206464593 4.741366374236252 72.0 
254.0 368.0 1.5997737206464593 4.741366374236252 72.0 
254.0 369.0 1.5997737206464593 4.741366374236252 72.0 
254.0 370.0 1.5997737206464593 4.741366374236252 72.0 
254.0 371.0 1.5997737206464593 4.741366374236252 72.0 
254.0 372.0 1.5997737206464593 4.741366374236252 72.0 
254.0 373.0 1.5997737206464593 4.741366374236252 72.0 
254.0 374.0 1.5997737206464593 4.741366374236252 72.0 
254.0 375.0 1.5997737206464593 4.741366374236252 72.0 
254.0 376.0 1.5997737206464593 4.741366374236252 72.0 
254.0 377.0 1.5997737206464593 4.741366374236252 72.0 
254.0 378.0 1.5997737206464593 4.741366374236252 72.0 
254.0 379.0 1.5997737206464593 4.741366374236252 72.0 
254.0 380.0 1.5997737206464593 4.741366374236252 72.0 
254.0 381.0 1.5997737206464593 4.741366374236252 72.0 
254.0 382.0 1.5997737206464593 4.741366374236252 72.0 
254.0 383.0 1.5997737206464593 4.741366374236252 72.0 
254.0 384.0 1.5997737206464593 4.741366374236252 72.0 
254.0 385.0 1.5997737206464593 4.741366374236252 72.0 
254.0 386.0 1.5997737206464593 4.741366374236252 72.0 
254.0 387.0 1.5997737206464593 4.741366374236252 72.0 
254.0 388.0 1.5997737206464593 4.741366374236252 72.0 
254.0 389.0 1.5997737206464593 4.741366374236252 72.0 
254.0 390.0 1.5997737206464593 4.741366374236252 72.0 
254.0 391.0 1.5997737206464593 4.741366374236252 72.0 
254.0 392.0 1.5997737206464593 4.741366374236252 72.0 
254.0 393.0 1.5997737206464593 4.741366374236252 72.0 
254.0 394.0 1.5997737206464593 4.741366374236252 72.0 
254.0 395.0 1.5997737206464593 4.741366374236252 72.0 
254.0 396.0 1.5997737206464593 4.741366374236252 72.0 
254.0 397.0 1.5997737206464593 4.741366374236252 72.0 
254.0 398.0 1.5997737206464593 4.741366374236252 72.0 
254.0 399.0 1.5997737206464593 4.741366374236252 72.0 
254.0 400.0 1.5997737206464593 4.741366374236252 72.0 
254.0 401.0 1.5997737206464593 4.741366374236252 72.0 
254.0 402.0 1.5997737206464593 4.741366374236252 72.0 
254.0 403.0 1.5997737206464593 4.741366374236252 72.0 
254.0 404.0 1.5997737206464593 4.741366374236252 72.0 
254.0 405.0 1.5997737206464593 4.741366374236252 72.0 
254.0 406.0 1.5997737206464593 4.741366374236252 72.0 
255.0 304.0 1.5997737206464593 4.741366374236252 72.0 
255.0 305.0 1.5997737206464593 4.741366374236252 72.0 
255.0 306.0 1.5997737206464593 4.741366374236252 72.0 
255.0 307.0 1.5997737206464593 4.741366374236252 72.0 
255.0 308.0 1.5997737206464593 4.741366374236252 72.0 
255.0 309.0 1.5997737206464593 4.741366374236252 72.0 
255.0 310.0 1.5997737206464593 4.741366374236252 72.0 
255.0 311.0 1.5997737206464593 4.741366374236252 72.0 
255.0 312.0 1.5997737206464593 4.741366374236252 72.0 
255.0 313.0 1.5997737206464593 4.741366374236252 72.0 
255.0 314.0 1.5997737206464593 4.741366374236252 72.0 
255.0 315.0 1.5997737206464593 4.741366374236252 72.0 
255.0 316.0 1.5997737206464593 4.741366374236252 72.0 
255.0 317.0 1.5997737206464593 4.741366374236252 72.0 
255.0 318.0 1.5997737206464593 4.741366374236252 72.0 
255.0 319.0 1.5997737206464593 4.741366374236252 72.0 
255.0 320.0 1.5997737206464593 4.741366374236252 72.0 
255.0 321.0 1.5997737206464593 4.741366374236252 72.0 
255.0 322.0 1.5997737206464593 4.741366374236252 72.0 
255.0 323.0 1.5997737206464593 4.741366374236252 72.0 
255.0 324.0 1.5997737206464593 4.741366374236252 72.0 
255.0 325.0 1.5997737206464593 4.741366374236252 72.0 
255.0 326.0 1.5997737206464593 4.741366374236252 72.0 
255.0 327.0 1.5997737206464593 4.741366374236252 72.0 
255.0 328.0 1.5997737206464593 4.741366374236252 72.0 
255.0 329.0 1.5997737206464593 4.741366374236252 72.0 
255.0 330.0 1.5997737206464593 4.741366374236252 72.0 
255.0 331.0 1.5997737206464593 4.741366374236252 72.0 
255.0 332.0 1.5997737206464593 4.741366374236252 72.0 
255.0 333.0 1.5997737206464593 4.741366374236252 72.0 
255.0 334.0 1.5997737206464593 4.741366374236252 72.0 
255.0 335.0 1.5997737206464593 4.741366374236252 72.0 
255.0 336.0 1.5997737206464593 4.741366374236252 72.0 
255.0 337.0 1.5997737206464593 4.741366374236252 72.0 
255.0 338.0 1.5997737206464593 4.741366374236252 72.0 
255.0 339.0 1.5997737206464593 4.741366374236252 72.0 
255.0 340.0 1.5997737206464593 4.741366374236252 72.0 
255.0 341.0 1.5997737206464593 4.741366374236252 72.0 
255.0 342.0 1.5997737206464593 4.741366374236252 72.0 
255.0 343.0 1.5997737206464593 4.741366374236252 72.0 
255.0 344.0 1.5997737206464593 4.741366374236252 72.0 
255.0 345.0 1.5997737206464593 4.741366374236252 72.0 
255.0 346.0 1.5997737206464593 4.741366374236252 72.0 
255.0 347.0 1.5997737206464593 4.741366374236252 72.0 
255.0 348.0 1.5997737206464593 4.741366374236252 72.0 
255.0 349.0 1.5997737206464593 4.741366374236252 72.0 
255.0 350.0 1.5997737206464593 4.741366374236252 72.0 
255.0 351.0 1.5997737206464593 4.741366374236252 72.0 
255.0 352.0 1.5997737206464593 4.741366374236252 72.0 
255.0 353.0 1.5997737206464593 4.741366374236252 72.0 
255.0 354.0 1.5997737206464593 4.741366374236252 72.0 
255.0 355.0 1.5997737206464593 4.741366374236252 72.0 
255.0 356.0 1.5997737206464593 4.741366374236252 72.0 
255.0 357.0 1.5997737206464593 4.741366374236252 72.0 
255.0 358.0 1.5997737206464593 4.741366374236252 72.0 
255.0 359.0 1.5997737206464593 4.741366374236252 72.0 
255.0 360.0 1.5997737206464593 4.741366374236252 72.0 
255.0 361.0 1.5997737206464593 4.741366374236252 72.0 
255.0 362.0 1.5997737206464593 4.741366374236252 72.0 
255.0 363.0 1.5997737206464593 4.741366374236252 72.0 
255.0 364.0 1.5997737206464593 4.741366374236252 72.0 
255.0 365.0 1.5997737206464593 4.741366374236252 72.0 
255.0 366.0 1.5997737206464593 4.741366374236252 72.0 
255.0 367.0 1.5997737206464593 4.741366374236252 72.0 
255.0 368.0 1.5997737206464593 4.741366374236252 72.0 
255.0 369.0 1.5997737206464593 4.741366374236252 72.0 
255.0 370.0 1.5997737206464593 4.741366374236252 72.0 
255.0 371.0 1.5997737206464593 4.741366374236252 72.0 
255.0 372.0 1.5997737206464593 4.741366374236252 72.0 
255.0 373.0 1.5997737206464593 4.741366374236252 72.0 
255.0 374.0 1.5997737206464593 4.741366374236252 72.0 
255.0 375.0 1.5997737206464593 4.741366374236252 72.0 
255.0 376.0 1.5997737206464593 4.741366374236252 72.0 
255.0 377.0 1.5997737206464593 4.741366374236252 72.0 
255.0 378.0 1.5997737206464593 4.741366374236252 72.0 
255.0 379.0 1.5997737206464593 4.741366374236252 72.0 
255.0 380.0 1.5997737206464593 4.741366374236252 72.0 
255.0 381.0 1.5997737206464593 4.741366374236252 72.0 
255.0 382.0 1.5997737206464593 4.741366374236252 72.0 
255.0 383.0 1.5997737206464593 4.741366374236252 72.0 
255.0 384.0 1.5997737206464593 4.741366374236252 72.0 
255.0 385.0 1.5997737206464593 4.741366374236252 72.0 
255.0 386.0 1.5997737206464593 4.741366374236252 72.0 
255.0 387.0 1.5997737206464593 4.741366374236252 72.0 
255.0 388.0 1.5997737206464593 4.741366374236252 72.0 
255.0 389.0 1.5997737206464593 4.741366374236252 72.0 
255.0 390.0 1.5997737206464593 4.741366374236252 72.0 
255.0 391.0 1.5997737206464593 4.741366374236252 72.0 
255.0 392.0 1.5997737206464593 4.741366374236252 72.0 
255.0 393.0 1.5997737206464593 4.741366374236252 72.0 
255.0 394.0 1.5997737206464593 4.741366374236252 72.0 
255.0 395.0 1.5997737206464593 4.741366374236252 72.0 
255.0 396.0 1.5997737206464593 4.741366374236252 72.0 
255.0 397.0 1.5997737206464593 4.741366374236252 72.0 
255.0 398.0 1.5997737206464593 4.741366374236252 72.0 
255.0 399.0 1.5997737206464593 4.741366374236252 72.0 
255.0 400.0 1.5997737206464593 4.741366374236252 72.0 
255.0 401.0 1.5997737206464593 4.741366374236252 72.0 
255.0 402.0 1.5997737206464593 4.741366374236252 72.0 
255.0 403.0 1.5997737206464593 4.741366374236252 72.0 
255.0 404.0 1.5997737206464593 4.741366374236252 72.0 
255.0 405.0 1.5997737206464593 4.741366374236252 72.0 
255.0 406.0 1.5997737206464593 4.741366374236252 72.0 
256.0 269.0 1.5997737206464593 4.741366374236252 72.0 
256.0 270.0 1.5997737206464593 4.741366374236252 72.0 
256.0 271.0 1.5997737206464593 4.741366374236252 72.0 
256.0 272.0 1.5997737206464593 4.741366374236252 72.0 
256.0 273.0 1.5997737206464593 4.741366374236252 72.0 
256.0 274.0 1.5997737206464593 4.741366374236252 72.0 
256.0 275.0 1.5997737206464593 4.741366374236252 72.0 
256.0 276.0 1.5997737206464593 4.741366374236252 72.0 
256.0 277.0 1.5997737206464593 4.741366374236252 72.0 
256.0 278.0 1.5997737206464593 4.741366374236252 72.0 
256.0 279.0 1.5997737206464593 4.741366374236252 72.0 
256.0 280.0 1.5997737206464593 4.741366374236252 72.0 
256.0 281.0 1.5997737206464593 4.741366374236252 72.0 
256.0 282.0 1.5997737206464593 4.741366374236252 72.0 
256.0 283.0 1.5997737206464593 4.741366374236252 72.0 
256.0 284.0 1.5997737206464593 4.741366374236252 72.0 
256.0 285.0 1.5997737206464593 4.741366374236252 72.0 
256.0 286.0 1.5997737206464593 4.741366374236252 72.0 
256.0 287.0 1.5997737206464593 4.741366374236252 72.0 
256.0 288.0 1.5997737206464593 4.741366374236252 72.0 
256.0 289.0 1.5997737206464593 4.741366374236252 72.0 
256.0 290.0 1.5997737206464593 4.741366374236252 72.0 
256.0 291.0 1.5997737206464593 4.741366374236252 72.0 
256.0 292.0 1.5997737206464593 4.741366374236252 72.0 
256.0 293.0 1.5997737206464593 4.741366374236252 72.0 
256.0 294.0 1.5997737206464593 4.741366374236252 72.0 
256.0 295.0 1.5997737206464593 4.741366374236252 72.0 
256.0 296.0 1.5997737206464593 4.741366374236252 72.0 
256.0 297.0 1.5997737206464593 4.741366374236252 72.0 
256.0 298.0 1.5997737206464593 4.741366374236252 72.0 
256.0 299.0 1.5997737206464593 4.741366374236252 72.0 
256.0 300.0 1.5997737206464593 4.741366374236252 72.0 
256.0 301.0 1.5997737206464593 4.741366374236252 72.0 
256.0 302.0 1.5997737206464593 4.741366374236252 72.0 
256.0 303.0 1.5997737206464593 4.741366374236252 72.0 
256.0 304.0 1.5997737206464593 4.741366374236252 72.0 
256.0 305.0 1.5997737206464593 4.741366374236252 72.0 
256.0 306.0 1.5997737206464593 4.741366374236252 72.0 
256.0 307.0 1.5997737206464593 4.741366374236252 72.0 
256.0 308.0 1.5997737206464593 4.741366374236252 72.0 
256.0 309.0 1.5997737206464593 4.741366374236252 72.0 
256.0 310.0 1.5997737206464593 4.741366374236252 72.0 
256.0 311.0 1.5997737206464593 4.741366374236252 72.0 
256.0 312.0 1.5997737206464593 4.741366374236252 72.0 
256.0 313.0 1.5997737206464593 4.741366374236252 72.0 
256.0 314.0 1.5997737206464593 4.741366374236252 72.0 
256.0 315.0 1.5997737206464593 4.741366374236252 72.0 
256.0 316.0 1.5997737206464593 4.741366374236252 72.0 
256.0 317.0 1.5997737206464593 4.741366374236252 72.0 
256.0 318.0 1.5997737206464593 4.741366374236252 72.0 
256.0 319.0 1.5997737206464593 4.741366374236252 72.0 
256.0 320.0 1.5997737206464593 4.741366374236252 72.0 
256.0 321.0 1.5997737206464593 4.741366374236252 72.0 
256.0 322.0 1.5997737206464593 4.741366374236252 72.0 
256.0 323.0 1.5997737206464593 4.741366374236252 72.0 
256.0 324.0 1.5997737206464593 4.741366374236252 72.0 
256.0 325.0 1.5997737206464593 4.741366374236252 72.0 
256.0 326.0 1.5997737206464593 4.741366374236252 72.0 
256.0 327.0 1.5997737206464593 4.741366374236252 72.0 
256.0 328.0 1.5997737206464593 4.741366374236252 72.0 
256.0 329.0 1.5997737206464593 4.741366374236252 72.0 
256.0 330.0 1.5997737206464593 4.741366374236252 72.0 
256.0 331.0 1.5997737206464593 4.741366374236252 72.0 
256.0 332.0 1.5997737206464593 4.741366374236252 72.0 
256.0 333.0 1.5997737206464593 4.741366374236252 72.0 
256.0 334.0 1.5997737206464593 4.741366374236252 72.0 
256.0 335.0 1.5997737206464593 4.741366374236252 72.0 
256.0 336.0 1.5997737206464593 4.741366374236252 72.0 
256.0 337.0 1.5997737206464593 4.741366374236252 72.0 
256.0 338.0 1.5997737206464593 4.741366374236252 72.0 
256.0 339.0 1.5997737206464593 4.741366374236252 72.0 
256.0 340.0 1.5997737206464593 4.741366374236252 72.0 
256.0 341.0 1.5997737206464593 4.741366374236252 72.0 
256.0 342.0 1.5997737206464593 4.741366374236252 72.0 
256.0 343.0 1.5997737206464593 4.741366374236252 72.0 
256.0 344.0 1.5997737206464593 4.741366374236252 72.0 
256.0 345.0 1.5997737206464593 4.741366374236252 72.0 
256.0 346.0 1.5997737206464593 4.741366374236252 72.0 
256.0 347.0 1.5997737206464593 4.741366374236252 72.0 
256.0 348.0 1.5997737206464593 4.741366374236252 72.0 
256.0 349.0 1.5997737206464593 4.741366374236252 72.0 
256.0 350.0 1.5997737206464593 4.741366374236252 72.0 
256.0 351.0 1.5997737206464593 4.741366374236252 72.0 
256.0 352.0 1.5997737206464593 4.741366374236252 72.0 
256.0 353.0 1.5997737206464593 4.741366374236252 72.0 
256.0 354.0 1.5997737206464593 4.741366374236252 72.0 
256.0 355.0 1.5997737206464593 4.741366374236252 72.0 
256.0 356.0 1.5997737206464593 4.741366374236252 72.0 
256.0 357.0 1.5997737206464593 4.741366374236252 72.0 
256.0 358.0 1.5997737206464593 4.741366374236252 72.0 
256.0 359.0 1.5997737206464593 4.741366374236252 72.0 
256.0 360.0 1.5997737206464593 4.741366374236252 72.0 
256.0 361.0 1.5997737206464593 4.741366374236252 72.0 
256.0 362.0 1.5997737206464593 4.741366374236252 72.0 
256.0 363.0 1.5997737206464593 4.741366374236252 72.0 
256.0 364.0 1.5997737206464593 4.741366374236252 72.0 
256.0 365.0 1.5997737206464593 4.741366374236252 72.0 
256.0 366.0 1.5997737206464593 4.741366374236252 72.0 
256.0 367.0 1.5997737206464593 4.741366374236252 72.0 
256.0 368.0 1.5997737206464593 4.741366374236252 72.0 
256.0 369.0 1.5997737206464593 4.741366374236252 72.0 
256.0 370.0 1.5997737206464593 4.741366374236252 72.0 
256.0 371.0 1.5997737206464593 4.741366374236252 72.0 
256.0 372.0 1.5997737206464593 4.741366374236252 72.0 
256.0 373.0 1.5997737206464593 4.741366374236252 72.0 
256.0 374.0 1.5997737206464593 4.741366374236252 72.0 
256.0 375.0 1.5997737206464593 4.741366374236252 72.0 
256.0 376.0 1.5997737206464593 4.741366374236252 72.0 
256.0 377.0 1.5997737206464593 4.741366374236252 72.0 
256.0 378.0 1.5997737206464593 4.741366374236252 72.0 
256.0 379.0 1.5997737206464593 4.741366374236252 72.0 
256.0 380.0 1.5997737206464593 4.741366374236252 72.0 
256.0 381.0 1.5997737206464593 4.741366374236252 72.0 
256.0 382.0 1.5997737206464593 4.741366374236252 72.0 
256.0 383.0 1.5997737206464593 4.741366374236252 72.0 
256.0 384.0 1.5997737206464593 4.741366374236252 72.0 
256.0 385.0 1.5997737206464593 4.741366374236252 72.0 
256.0 386.0 1.5997737206464593 4.741366374236252 72.0 
256.0 387.0 1.5997737206464593 4.741366374236252 72.0 
256.0 388.0 1.5997737206464593 4.741366374236252 72.0 
256.0 389.0 1.5997737206464593 4.741366374236252 72.0 
256.0 390.0 1.5997737206464593 4.741366374236252 72.0 
256.0 391.0 1.5997737206464593 4.741366374236252 72.0 
256.0 392.0 1.5997737206464593 4.741366374236252 72.0 
256.0 393.0 1.5997737206464593 4.741366374236252 72.0 
256.0 394.0 1.5997737206464593 4.741366374236252 72.0 
256.0 395.0 1.5997737206464593 4.741366374236252 72.0 
256.0 396.0 1.5997737206464593 4.741366374236252 72.0 
256.0 397.0 1.5997737206464593 4.741366374236252 72.0 
256.0 398.0 1.5997737206464593 4.741366374236252 72.0 
256.0 399.0 1.5997737206464593 4.741366374236252 72.0 
256.0 400.0 1.5997737206464593 4.741366374236252 72.0 
256.0 401.0 1.5997737206464593 4.741366374236252 72.0 
256.0 402.0 1.5997737206464593 4.741366374236252 72.0 
256.0 403.0 1.5997737206464593 4.741366374236252 72.0 
256.0 404.0 1.5997737206464593 4.741366374236252 72.0 
256.0 405.0 1.5997737206464593 4.741366374236252 72.0 
256.0 406.0 1.5997737206464593 4.741366374236252 72.0 
256.0 407.0 1.5997737206464593 4.741366374236252 72.0 
257.0 269.0 1.5997737206464593 4.741366374236252 72.0 
257.0 270.0 1.5997737206464593 4.741366374236252 72.0 
257.0 271.0 1.5997737206464593 4.741366374236252 72.0 
257.0 272.0 1.5997737206464593 4.741366374236252 72.0 
257.0 273.0 1.5997737206464593 4.741366374236252 72.0 
257.0 274.0 1.5997737206464593 4.741366374236252 72.0 
257.0 275.0 1.5997737206464593 4.741366374236252 72.0 
257.0 276.0 1.5997737206464593 4.741366374236252 72.0 
257.0 277.0 1.5997737206464593 4.741366374236252 72.0 
257.0 278.0 1.5997737206464593 4.741366374236252 72.0 
257.0 279.0 1.5997737206464593 4.741366374236252 72.0 
257.0 280.0 1.5997737206464593 4.741366374236252 72.0 
257.0 281.0 1.5997737206464593 4.741366374236252 72.0 
257.0 282.0 1.5997737206464593 4.741366374236252 72.0 
257.0 283.0 1.5997737206464593 4.741366374236252 72.0 
257.0 284.0 1.5997737206464593 4.741366374236252 72.0 
257.0 285.0 1.5997737206464593 4.741366374236252 72.0 
257.0 286.0 1.5997737206464593 4.741366374236252 72.0 
257.0 287.0 1.5997737206464593 4.741366374236252 72.0 
257.0 288.0 1.5997737206464593 4.741366374236252 72.0 
257.0 289.0 1.5997737206464593 4.741366374236252 72.0 
257.0 290.0 1.5997737206464593 4.741366374236252 72.0 
257.0 291.0 1.5997737206464593 4.741366374236252 72.0 
257.0 292.0 1.5997737206464593 4.741366374236252 72.0 
257.0 293.0 1.5997737206464593 4.741366374236252 72.0 
257.0 294.0 1.5997737206464593 4.741366374236252 72.0 
257.0 295.0 1.5997737206464593 4.741366374236252 72.0 
257.0 296.0 1.5997737206464593 4.741366374236252 72.0 
257.0 297.0 1.5997737206464593 4.741366374236252 72.0 
257.0 298.0 1.5997737206464593 4.741366374236252 72.0 
257.0 299.0 1.5997737206464593 4.741366374236252 72.0 
257.0 300.0 1.5997737206464593 4.741366374236252 72.0 
257.0 301.0 1.5997737206464593 4.741366374236252 72.0 
257.0 302.0 1.5997737206464593 4.741366374236252 72.0 
257.0 303.0 1.5997737206464593 4.741366374236252 72.0 
257.0 304.0 1.5997737206464593 4.741366374236252 72.0 
257.0 305.0 1.5997737206464593 4.741366374236252 72.0 
257.0 306.0 1.5997737206464593 4.741366374236252 72.0 
257.0 307.0 1.5997737206464593 4.741366374236252 72.0 
257.0 308.0 1.5997737206464593 4.741366374236252 72.0 
257.0 309.0 1.5997737206464593 4.741366374236252 72.0 
257.0 310.0 1.5997737206464593 4.741366374236252 72.0 
257.0 311.0 1.5997737206464593 4.741366374236252 72.0 
257.0 312.0 1.5997737206464593 4.741366374236252 72.0 
257.0 313.0 1.5997737206464593 4.741366374236252 72.0 
257.0 314.0 1.5997737206464593 4.741366374236252 72.0 
257.0 315.0 1.5997737206464593 4.741366374236252 72.0 
257.0 316.0 1.5997737206464593 4.741366374236252 72.0 
257.0 317.0 1.5997737206464593 4.741366374236252 72.0 
257.0 318.0 1.5997737206464593 4.741366374236252 72.0 
257.0 319.0 1.5997737206464593 4.741366374236252 72.0 
257.0 320.0 1.5997737206464593 4.741366374236252 72.0 
257.0 321.0 1.5997737206464593 4.741366374236252 72.0 
257.0 322.0 1.5997737206464593 4.741366374236252 72.0 
257.0 323.0 1.5997737206464593 4.741366374236252 72.0 
257.0 324.0 1.5997737206464593 4.741366374236252 72.0 
257.0 325.0 1.5997737206464593 4.741366374236252 72.0 
257.0 326.0 1.5997737206464593 4.741366374236252 72.0 
257.0 327.0 1.5997737206464593 4.741366374236252 72.0 
257.0 328.0 1.5997737206464593 4.741366374236252 72.0 
257.0 329.0 1.5997737206464593 4.741366374236252 72.0 
257.0 330.0 1.5997737206464593 4.741366374236252 72.0 
257.0 331.0 1.5997737206464593 4.741366374236252 72.0 
257.0 332.0 1.5997737206464593 4.741366374236252 72.0 
257.0 333.0 1.5997737206464593 4.741366374236252 72.0 
257.0 334.0 1.5997737206464593 4.741366374236252 72.0 
257.0 335.0 1.5997737206464593 4.741366374236252 72.0 
257.0 336.0 1.5997737206464593 4.741366374236252 72.0 
257.0 337.0 1.5997737206464593 4.741366374236252 72.0 
257.0 338.0 1.5997737206464593 4.741366374236252 72.0 
257.0 339.0 1.5997737206464593 4.741366374236252 72.0 
257.0 340.0 1.5997737206464593 4.741366374236252 72.0 
257.0 341.0 1.5997737206464593 4.741366374236252 72.0 
257.0 342.0 1.5997737206464593 4.741366374236252 72.0 
257.0 343.0 1.5997737206464593 4.741366374236252 72.0 
257.0 344.0 1.5997737206464593 4.741366374236252 72.0 
257.0 345.0 1.5997737206464593 4.741366374236252 72.0 
257.0 346.0 1.5997737206464593 4.741366374236252 72.0 
257.0 347.0 1.5997737206464593 4.741366374236252 72.0 
257.0 348.0 1.5997737206464593 4.741366374236252 72.0 
257.0 349.0 1.5997737206464593 4.741366374236252 72.0 
257.0 350.0 1.5997737206464593 4.741366374236252 72.0 
257.0 351.0 1.5997737206464593 4.741366374236252 72.0 
257.0 352.0 1.5997737206464593 4.741366374236252 72.0 
257.0 353.0 1.5997737206464593 4.741366374236252 72.0 
257.0 354.0 1.5997737206464593 4.741366374236252 72.0 
257.0 355.0 1.5997737206464593 4.741366374236252 72.0 
257.0 356.0 1.5997737206464593 4.741366374236252 72.0 
257.0 357.0 1.5997737206464593 4.741366374236252 72.0 
257.0 358.0 1.5997737206464593 4.741366374236252 72.0 
257.0 359.0 1.5997737206464593 4.741366374236252 72.0 
257.0 360.0 1.5997737206464593 4.741366374236252 72.0 
257.0 361.0 1.5997737206464593 4.741366374236252 72.0 
257.0 362.0 1.5997737206464593 4.741366374236252 72.0 
257.0 363.0 1.5997737206464593 4.741366374236252 72.0 
257.0 364.0 1.5997737206464593 4.741366374236252 72.0 
257.0 365.0 1.5997737206464593 4.741366374236252 72.0 
257.0 366.0 1.5997737206464593 4.741366374236252 72.0 
257.0 367.0 1.5997737206464593 4.741366374236252 72.0 
257.0 368.0 1.5997737206464593 4.741366374236252 72.0 
257.0 369.0 1.5997737206464593 4.741366374236252 72.0 
257.0 370.0 1.5997737206464593 4.741366374236252 72.0 
257.0 371.0 1.5997737206464593 4.741366374236252 72.0 
257.0 372.0 1.5997737206464593 4.741366374236252 72.0 
257.0 373.0 1.5997737206464593 4.741366374236252 72.0 
257.0 374.0 1.5997737206464593 4.741366374236252 72.0 
257.0 375.0 1.5997737206464593 4.741366374236252 72.0 
257.0 376.0 1.5997737206464593 4.741366374236252 72.0 
257.0 377.0 1.5997737206464593 4.741366374236252 72.0 
257.0 378.0 1.5997737206464593 4.741366374236252 72.0 
257.0 379.0 1.5997737206464593 4.741366374236252 72.0 
257.0 380.0 1.5997737206464593 4.741366374236252 72.0 
257.0 381.0 1.5997737206464593 4.741366374236252 72.0 
257.0 382.0 1.5997737206464593 4.741366374236252 72.0 
257.0 383.0 1.5997737206464593 4.741366374236252 72.0 
257.0 384.0 1.5997737206464593 4.741366374236252 72.0 
257.0 385.0 1.5997737206464593 4.741366374236252 72.0 
257.0 386.0 1.5997737206464593 4.741366374236252 72.0 
257.0 387.0 1.5997737206464593 4.741366374236252 72.0 
257.0 388.0 1.5997737206464593 4.741366374236252 72.0 
257.0 389.0 1.5997737206464593 4.741366374236252 72.0 
257.0 390.0 1.5997737206464593 4.741366374236252 72.0 
257.0 391.0 1.5997737206464593 4.741366374236252 72.0 
257.0 392.0 1.5997737206464593 4.741366374236252 72.0 
257.0 393.0 1.5997737206464593 4.741366374236252 72.0 
257.0 394.0 1.5997737206464593 4.741366374236252 72.0 
257.0 395.0 1.5997737206464593 4.741366374236252 72.0 
257.0 396.0 1.5997737206464593 4.741366374236252 72.0 
257.0 397.0 1.5997737206464593 4.741366374236252 72.0 
257.0 398.0 1.5997737206464593 4.741366374236252 72.0 
257.0 399.0 1.5997737206464593 4.741366374236252 72.0 
257.0 400.0 1.5997737206464593 4.741366374236252 72.0 
257.0 401.0 1.5997737206464593 4.741366374236252 72.0 
257.0 402.0 1.5997737206464593 4.741366374236252 72.0 
257.0 403.0 1.5997737206464593 4.741366374236252 72.0 
257.0 404.0 1.5997737206464593 4.741366374236252 72.0 
257.0 405.0 1.5997737206464593 4.741366374236252 72.0 
257.0 406.0 1.5997737206464593 4.741366374236252 72.0 
257.0 407.0 1.5997737206464593 4.741366374236252 72.0 
258.0 269.0 1.5997737206464593 4.741366374236252 72.0 
258.0 270.0 1.5997737206464593 4.741366374236252 72.0 
258.0 271.0 1.5997737206464593 4.741366374236252 72.0 
258.0 272.0 1.5997737206464593 4.741366374236252 72.0 
258.0 273.0 1.5997737206464593 4.741366374236252 72.0 
258.0 274.0 1.5997737206464593 4.741366374236252 72.0 
258.0 275.0 1.5997737206464593 4.741366374236252 72.0 
258.0 276.0 1.5997737206464593 4.741366374236252 72.0 
258.0 277.0 1.5997737206464593 4.741366374236252 72.0 
258.0 278.0 1.5997737206464593 4.741366374236252 72.0 
258.0 279.0 1.5997737206464593 4.741366374236252 72.0 
258.0 280.0 1.5997737206464593 4.741366374236252 72.0 
258.0 281.0 1.5997737206464593 4.741366374236252 72.0 
258.0 282.0 1.5997737206464593 4.741366374236252 72.0 
258.0 283.0 1.5997737206464593 4.741366374236252 72.0 
258.0 284.0 1.5997737206464593 4.741366374236252 72.0 
258.0 285.0 1.5997737206464593 4.741366374236252 72.0 
258.0 286.0 1.5997737206464593 4.741366374236252 72.0 
258.0 287.0 1.5997737206464593 4.741366374236252 72.0 
258.0 288.0 1.5997737206464593 4.741366374236252 72.0 
258.0 289.0 1.5997737206464593 4.741366374236252 72.0 
258.0 290.0 1.5997737206464593 4.741366374236252 72.0 
258.0 291.0 1.5997737206464593 4.741366374236252 72.0 
258.0 292.0 1.5997737206464593 4.741366374236252 72.0 
258.0 293.0 1.5997737206464593 4.741366374236252 72.0 
258.0 294.0 1.5997737206464593 4.741366374236252 72.0 
258.0 295.0 1.5997737206464593 4.741366374236252 72.0 
258.0 296.0 1.5997737206464593 4.741366374236252 72.0 
258.0 297.0 1.5997737206464593 4.741366374236252 72.0 
258.0 298.0 1.5997737206464593 4.741366374236252 72.0 
258.0 299.0 1.5997737206464593 4.741366374236252 72.0 
258.0 300.0 1.5997737206464593 4.741366374236252 72.0 
258.0 301.0 1.5997737206464593 4.741366374236252 72.0 
258.0 302.0 1.5997737206464593 4.741366374236252 72.0 
258.0 303.0 1.5997737206464593 4.741366374236252 72.0 
258.0 304.0 1.5997737206464593 4.741366374236252 72.0 
258.0 305.0 1.5997737206464593 4.741366374236252 72.0 
258.0 306.0 1.5997737206464593 4.741366374236252 72.0 
258.0 307.0 1.5997737206464593 4.741366374236252 72.0 
258.0 308.0 1.5997737206464593 4.741366374236252 72.0 
258.0 309.0 1.5997737206464593 4.741366374236252 72.0 
258.0 310.0 1.5997737206464593 4.741366374236252 72.0 
258.0 311.0 1.5997737206464593 4.741366374236252 72.0 
258.0 312.0 1.5997737206464593 4.741366374236252 72.0 
258.0 313.0 1.5997737206464593 4.741366374236252 72.0 
258.0 314.0 1.5997737206464593 4.741366374236252 72.0 
258.0 315.0 1.5997737206464593 4.741366374236252 72.0 
258.0 316.0 1.5997737206464593 4.741366374236252 72.0 
258.0 317.0 1.5997737206464593 4.741366374236252 72.0 
258.0 318.0 1.5997737206464593 4.741366374236252 72.0 
258.0 319.0 1.5997737206464593 4.741366374236252 72.0 
258.0 320.0 1.5997737206464593 4.741366374236252 72.0 
258.0 321.0 1.5997737206464593 4.741366374236252 72.0 
258.0 322.0 1.5997737206464593 4.741366374236252 72.0 
258.0 323.0 1.5997737206464593 4.741366374236252 72.0 
258.0 324.0 1.5997737206464593 4.741366374236252 72.0 
258.0 325.0 1.5997737206464593 4.741366374236252 72.0 
258.0 326.0 1.5997737206464593 4.741366374236252 72.0 
258.0 327.0 1.5997737206464593 4.741366374236252 72.0 
258.0 328.0 1.5997737206464593 4.741366374236252 72.0 
258.0 329.0 1.5997737206464593 4.741366374236252 72.0 
258.0 330.0 1.5997737206464593 4.741366374236252 72.0 
258.0 331.0 1.5997737206464593 4.741366374236252 72.0 
258.0 332.0 1.5997737206464593 4.741366374236252 72.0 
258.0 333.0 1.5997737206464593 4.741366374236252 72.0 
258.0 334.0 1.5997737206464593 4.741366374236252 72.0 
258.0 335.0 1.5997737206464593 4.741366374236252 72.0 
258.0 336.0 1.5997737206464593 4.741366374236252 72.0 
258.0 337.0 1.5997737206464593 4.741366374236252 72.0 
258.0 338.0 1.5997737206464593 4.741366374236252 72.0 
258.0 339.0 1.5997737206464593 4.741366374236252 72.0 
258.0 340.0 1.5997737206464593 4.741366374236252 72.0 
258.0 341.0 1.5997737206464593 4.741366374236252 72.0 
258.0 342.0 1.5997737206464593 4.741366374236252 72.0 
258.0 343.0 1.5997737206464593 4.741366374236252 72.0 
258.0 344.0 1.5997737206464593 4.741366374236252 72.0 
258.0 345.0 1.5997737206464593 4.741366374236252 72.0 
258.0 346.0 1.5997737206464593 4.741366374236252 72.0 
258.0 347.0 1.5997737206464593 4.741366374236252 72.0 
258.0 348.0 1.5997737206464593 4.741366374236252 72.0 
258.0 349.0 1.5997737206464593 4.741366374236252 72.0 
258.0 350.0 1.5997737206464593 4.741366374236252 72.0 
258.0 351.0 1.5997737206464593 4.741366374236252 72.0 
258.0 352.0 1.5997737206464593 4.741366374236252 72.0 
258.0 353.0 1.5997737206464593 4.741366374236252 72.0 
258.0 354.0 1.5997737206464593 4.741366374236252 72.0 
258.0 355.0 1.5997737206464593 4.741366374236252 72.0 
258.0 356.0 1.5997737206464593 4.741366374236252 72.0 
258.0 357.0 1.5997737206464593 4.741366374236252 72.0 
258.0 358.0 1.5997737206464593 4.741366374236252 72.0 
258.0 359.0 1.5997737206464593 4.741366374236252 72.0 
258.0 360.0 1.5997737206464593 4.741366374236252 72.0 
258.0 361.0 1.5997737206464593 4.741366374236252 72.0 
258.0 362.0 1.5997737206464593 4.741366374236252 72.0 
258.0 363.0 1.5997737206464593 4.741366374236252 72.0 
258.0 364.0 1.5997737206464593 4.741366374236252 72.0 
258.0 365.0 1.5997737206464593 4.741366374236252 72.0 
258.0 366.0 1.5997737206464593 4.741366374236252 72.0 
258.0 367.0 1.5997737206464593 4.741366374236252 72.0 
258.0 368.0 1.5997737206464593 4.741366374236252 72.0 
258.0 369.0 1.5997737206464593 4.741366374236252 72.0 
258.0 370.0 1.5997737206464593 4.741366374236252 72.0 
258.0 371.0 1.5997737206464593 4.741366374236252 72.0 
258.0 372.0 1.5997737206464593 4.741366374236252 72.0 
258.0 373.0 1.5997737206464593 4.741366374236252 72.0 
258.0 374.0 1.5997737206464593 4.741366374236252 72.0 
258.0 375.0 1.5997737206464593 4.741366374236252 72.0 
258.0 376.0 1.5997737206464593 4.741366374236252 72.0 
258.0 377.0 1.5997737206464593 4.741366374236252 72.0 
258.0 378.0 1.5997737206464593 4.741366374236252 72.0 
258.0 379.0 1.5997737206464593 4.741366374236252 72.0 
258.0 380.0 1.5997737206464593 4.741366374236252 72.0 
258.0 381.0 1.5997737206464593 4.741366374236252 72.0 
258.0 382.0 1.5997737206464593 4.741366374236252 72.0 
258.0 383.0 1.5997737206464593 4.741366374236252 72.0 
258.0 384.0 1.5997737206464593 4.741366374236252 72.0 
258.0 385.0 1.5997737206464593 4.741366374236252 72.0 
258.0 386.0 1.5997737206464593 4.741366374236252 72.0 
258.0 387.0 1.5997737206464593 4.741366374236252 72.0 
258.0 388.0 1.5997737206464593 4.741366374236252 72.0 
258.0 389.0 1.5997737206464593 4.741366374236252 72.0 
258.0 390.0 1.5997737206464593 4.741366374236252 72.0 
258.0 391.0 1.5997737206464593 4.741366374236252 72.0 
258.0 392.0 1.5997737206464593 4.741366374236252 72.0 
258.0 393.0 1.5997737206464593 4.741366374236252 72.0 
258.0 394.0 1.5997737206464593 4.741366374236252 72.0 
258.0 395.0 1.5997737206464593 4.741366374236252 72.0 
258.0 396.0 1.5997737206464593 4.741366374236252 72.0 
258.0 397.0 1.5997737206464593 4.741366374236252 72.0 
258.0 398.0 1.5997737206464593 4.741366374236252 72.0 
258.0 399.0 1.5997737206464593 4.741366374236252 72.0 
258.0 400.0 1.5997737206464593 4.741366374236252 72.0 
258.0 401.0 1.5997737206464593 4.741366374236252 72.0 
258.0 402.0 1.5997737206464593 4.741366374236252 72.0 
258.0 403.0 1.5997737206464593 4.741366374236252 72.0 
258.0 404.0 1.5997737206464593 4.741366374236252 72.0 
258.0 405.0 1.5997737206464593 4.741366374236252 72.0 
258.0 406.0 1.5997737206464593 4.741366374236252 72.0 
258.0 407.0 1.5997737206464593 4.741366374236252 72.0 
259.0 269.0 1.5997737206464593 4.741366374236252 72.0 
259.0 270.0 1.5997737206464593 4.741366374236252 72.0 
259.0 271.0 1.5997737206464593 4.741366374236252 72.0 
259.0 272.0 1.5997737206464593 4.741366374236252 72.0 
259.0 273.0 1.5997737206464593 4.741366374236252 72.0 
259.0 274.0 1.5997737206464593 4.741366374236252 72.0 
259.0 275.0 1.5997737206464593 4.741366374236252 72.0 
259.0 276.0 1.5997737206464593 4.741366374236252 72.0 
259.0 277.0 1.5997737206464593 4.741366374236252 72.0 
259.0 278.0 1.5997737206464593 4.741366374236252 72.0 
259.0 279.0 1.5997737206464593 4.741366374236252 72.0 
259.0 280.0 1.5997737206464593 4.741366374236252 72.0 
259.0 281.0 1.5997737206464593 4.741366374236252 72.0 
259.0 282.0 1.5997737206464593 4.741366374236252 72.0 
259.0 283.0 1.5997737206464593 4.741366374236252 72.0 
259.0 284.0 1.5997737206464593 4.741366374236252 72.0 
259.0 285.0 1.5997737206464593 4.741366374236252 72.0 
259.0 286.0 1.5997737206464593 4.741366374236252 72.0 
259.0 287.0 1.5997737206464593 4.741366374236252 72.0 
259.0 288.0 1.5997737206464593 4.741366374236252 72.0 
259.0 289.0 1.5997737206464593 4.741366374236252 72.0 
259.0 290.0 1.5997737206464593 4.741366374236252 72.0 
259.0 291.0 1.5997737206464593 4.741366374236252 72.0 
259.0 292.0 1.5997737206464593 4.741366374236252 72.0 
259.0 293.0 1.5997737206464593 4.741366374236252 72.0 
259.0 294.0 1.5997737206464593 4.741366374236252 72.0 
259.0 295.0 1.5997737206464593 4.741366374236252 72.0 
259.0 296.0 1.5997737206464593 4.741366374236252 72.0 
259.0 297.0 1.5997737206464593 4.741366374236252 72.0 
259.0 298.0 1.5997737206464593 4.741366374236252 72.0 
259.0 299.0 1.5997737206464593 4.741366374236252 72.0 
259.0 300.0 1.5997737206464593 4.741366374236252 72.0 
259.0 301.0 1.5997737206464593 4.741366374236252 72.0 
259.0 302.0 1.5997737206464593 4.741366374236252 72.0 
259.0 303.0 1.5997737206464593 4.741366374236252 72.0 
259.0 304.0 1.5997737206464593 4.741366374236252 72.0 
259.0 305.0 1.5997737206464593 4.741366374236252 72.0 
259.0 306.0 1.5997737206464593 4.741366374236252 72.0 
259.0 307.0 1.5997737206464593 4.741366374236252 72.0 
259.0 308.0 1.5997737206464593 4.741366374236252 72.0 
259.0 309.0 1.5997737206464593 4.741366374236252 72.0 
259.0 310.0 1.5997737206464593 4.741366374236252 72.0 
259.0 311.0 1.5997737206464593 4.741366374236252 72.0 
259.0 312.0 1.5997737206464593 4.741366374236252 72.0 
259.0 313.0 1.5997737206464593 4.741366374236252 72.0 
259.0 314.0 1.5997737206464593 4.741366374236252 72.0 
259.0 315.0 1.5997737206464593 4.741366374236252 72.0 
259.0 316.0 1.5997737206464593 4.741366374236252 72.0 
259.0 317.0 1.5997737206464593 4.741366374236252 72.0 
259.0 318.0 1.5997737206464593 4.741366374236252 72.0 
259.0 319.0 1.5997737206464593 4.741366374236252 72.0 
259.0 320.0 1.5997737206464593 4.741366374236252 72.0 
259.0 321.0 1.5997737206464593 4.741366374236252 72.0 
259.0 322.0 1.5997737206464593 4.741366374236252 72.0 
259.0 323.0 1.5997737206464593 4.741366374236252 72.0 
259.0 324.0 1.5997737206464593 4.741366374236252 72.0 
259.0 325.0 1.5997737206464593 4.741366374236252 72.0 
259.0 326.0 1.5997737206464593 4.741366374236252 72.0 
259.0 327.0 1.5997737206464593 4.741366374236252 72.0 
259.0 328.0 1.5997737206464593 4.741366374236252 72.0 
259.0 329.0 1.5997737206464593 4.741366374236252 72.0 
259.0 330.0 1.5997737206464593 4.741366374236252 72.0 
259.0 331.0 1.5997737206464593 4.741366374236252 72.0 
259.0 332.0 1.5997737206464593 4.741366374236252 72.0 
259.0 333.0 1.5997737206464593 4.741366374236252 72.0 
259.0 334.0 1.5997737206464593 4.741366374236252 72.0 
259.0 335.0 1.5997737206464593 4.741366374236252 72.0 
259.0 336.0 1.5997737206464593 4.741366374236252 72.0 
259.0 337.0 1.5997737206464593 4.741366374236252 72.0 
259.0 338.0 1.5997737206464593 4.741366374236252 72.0 
259.0 339.0 1.5997737206464593 4.741366374236252 72.0 
259.0 340.0 1.5997737206464593 4.741366374236252 72.0 
259.0 341.0 1.5997737206464593 4.741366374236252 72.0 
259.0 342.0 1.5997737206464593 4.741366374236252 72.0 
259.0 343.0 1.5997737206464593 4.741366374236252 72.0 
259.0 344.0 1.5997737206464593 4.741366374236252 72.0 
259.0 345.0 1.5997737206464593 4.741366374236252 72.0 
259.0 346.0 1.5997737206464593 4.741366374236252 72.0 
259.0 347.0 1.5997737206464593 4.741366374236252 72.0 
259.0 348.0 1.5997737206464593 4.741366374236252 72.0 
259.0 349.0 1.5997737206464593 4.741366374236252 72.0 
259.0 350.0 1.5997737206464593 4.741366374236252 72.0 
259.0 351.0 1.5997737206464593 4.741366374236252 72.0 
259.0 352.0 1.5997737206464593 4.741366374236252 72.0 
259.0 353.0 1.5997737206464593 4.741366374236252 72.0 
259.0 354.0 1.5997737206464593 4.741366374236252 72.0 
259.0 355.0 1.5997737206464593 4.741366374236252 72.0 
259.0 356.0 1.5997737206464593 4.741366374236252 72.0 
259.0 357.0 1.5997737206464593 4.741366374236252 72.0 
259.0 358.0 1.5997737206464593 4.741366374236252 72.0 
259.0 359.0 1.5997737206464593 4.741366374236252 72.0 
259.0 360.0 1.5997737206464593 4.741366374236252 72.0 
259.0 361.0 1.5997737206464593 4.741366374236252 72.0 
259.0 362.0 1.5997737206464593 4.741366374236252 72.0 
259.0 363.0 1.5997737206464593 4.741366374236252 72.0 
259.0 364.0 1.5997737206464593 4.741366374236252 72.0 
259.0 365.0 1.5997737206464593 4.741366374236252 72.0 
259.0 366.0 1.5997737206464593 4.741366374236252 72.0 
259.0 367.0 1.5997737206464593 4.741366374236252 72.0 
259.0 368.0 1.5997737206464593 4.741366374236252 72.0 
259.0 369.0 1.5997737206464593 4.741366374236252 72.0 
259.0 370.0 1.5997737206464593 4.741366374236252 72.0 
259.0 371.0 1.5997737206464593 4.741366374236252 72.0 
259.0 372.0 1.5997737206464593 4.741366374236252 72.0 
260.0 270.0 1.5997737206464593 4.741366374236252 72.0 
260.0 271.0 1.5997737206464593 4.741366374236252 72.0 
260.0 272.0 1.5997737206464593 4.741366374236252 72.0 
260.0 273.0 1.5997737206464593 4.741366374236252 72.0 
260.0 274.0 1.5997737206464593 4.741366374236252 72.0 
260.0 275.0 1.5997737206464593 4.741366374236252 72.0 
260.0 276.0 1.5997737206464593 4.741366374236252 72.0 
260.0 277.0 1.5997737206464593 4.741366374236252 72.0 
260.0 278.0 1.5997737206464593 4.741366374236252 72.0 
260.0 279.0 1.5997737206464593 4.741366374236252 72.0 
260.0 280.0 1.5997737206464593 4.741366374236252 72.0 
260.0 281.0 1.5997737206464593 4.741366374236252 72.0 
260.0 282.0 1.5997737206464593 4.741366374236252 72.0 
260.0 283.0 1.5997737206464593 4.741366374236252 72.0 
260.0 284.0 1.5997737206464593 4.741366374236252 72.0 
260.0 285.0 1.5997737206464593 4.741366374236252 72.0 
260.0 286.0 1.5997737206464593 4.741366374236252 72.0 
260.0 287.0 1.5997737206464593 4.741366374236252 72.0 
260.0 288.0 1.5997737206464593 4.741366374236252 72.0 
260.0 289.0 1.5997737206464593 4.741366374236252 72.0 
260.0 290.0 1.5997737206464593 4.741366374236252 72.0 
260.0 291.0 1.5997737206464593 4.741366374236252 72.0 
260.0 292.0 1.5997737206464593 4.741366374236252 72.0 
260.0 293.0 1.5997737206464593 4.741366374236252 72.0 
260.0 294.0 1.5997737206464593 4.741366374236252 72.0 
260.0 295.0 1.5997737206464593 4.741366374236252 72.0 
260.0 296.0 1.5997737206464593 4.741366374236252 72.0 
260.0 297.0 1.5997737206464593 4.741366374236252 72.0 
260.0 298.0 1.5997737206464593 4.741366374236252 72.0 
260.0 299.0 1.5997737206464593 4.741366374236252 72.0 
260.0 300.0 1.5997737206464593 4.741366374236252 72.0 
260.0 301.0 1.5997737206464593 4.741366374236252 72.0 
260.0 302.0 1.5997737206464593 4.741366374236252 72.0 
260.0 303.0 1.5997737206464593 4.741366374236252 72.0 
260.0 304.0 1.5997737206464593 4.741366374236252 72.0 
260.0 305.0 1.5997737206464593 4.741366374236252 72.0 
260.0 306.0 1.5997737206464593 4.741366374236252 72.0 
260.0 307.0 1.5997737206464593 4.741366374236252 72.0 
260.0 308.0 1.5997737206464593 4.741366374236252 72.0 
260.0 309.0 1.5997737206464593 4.741366374236252 72.0 
260.0 310.0 1.5997737206464593 4.741366374236252 72.0 
260.0 311.0 1.5997737206464593 4.741366374236252 72.0 
260.0 312.0 1.5997737206464593 4.741366374236252 72.0 
260.0 313.0 1.5997737206464593 4.741366374236252 72.0 
260.0 314.0 1.5997737206464593 4.741366374236252 72.0 
260.0 315.0 1.5997737206464593 4.741366374236252 72.0 
260.0 316.0 1.5997737206464593 4.741366374236252 72.0 
260.0 317.0 1.5997737206464593 4.741366374236252 72.0 
260.0 318.0 1.5997737206464593 4.741366374236252 72.0 
260.0 319.0 1.5997737206464593 4.741366374236252 72.0 
260.0 320.0 1.5997737206464593 4.741366374236252 72.0 
260.0 321.0 1.5997737206464593 4.741366374236252 72.0 
260.0 322.0 1.5997737206464593 4.741366374236252 72.0 
260.0 323.0 1.5997737206464593 4.741366374236252 72.0 
260.0 324.0 1.5997737206464593 4.741366374236252 72.0 
260.0 325.0 1.5997737206464593 4.741366374236252 72.0 
260.0 326.0 1.5997737206464593 4.741366374236252 72.0 
260.0 327.0 1.5997737206464593 4.741366374236252 72.0 
260.0 328.0 1.5997737206464593 4.741366374236252 72.0 
260.0 329.0 1.5997737206464593 4.741366374236252 72.0 
260.0 330.0 1.5997737206464593 4.741366374236252 72.0 
260.0 331.0 1.5997737206464593 4.741366374236252 72.0 
260.0 332.0 1.5997737206464593 4.741366374236252 72.0 
260.0 333.0 1.5997737206464593 4.741366374236252 72.0 
260.0 334.0 1.5997737206464593 4.741366374236252 72.0 
260.0 335.0 1.5997737206464593 4.741366374236252 72.0 
260.0 336.0 1.5997737206464593 4.741366374236252 72.0 
260.0 337.0 1.5997737206464593 4.741366374236252 72.0 
260.0 338.0 1.5997737206464593 4.741366374236252 72.0 
261.0 270.0 1.5997737206464593 4.741366374236252 72.0 
261.0 271.0 1.5997737206464593 4.741366374236252 72.0 
261.0 272.0 1.5997737206464593 4.741366374236252 72.0 
261.0 273.0 1.5997737206464593 4.741366374236252 72.0 
261.0 274.0 1.5997737206464593 4.741366374236252 72.0 
261.0 275.0 1.5997737206464593 4.741366374236252 72.0 
261.0 276.0 1.5997737206464593 4.741366374236252 72.0 
261.0 277.0 1.5997737206464593 4.741366374236252 72.0 
261.0 278.0 1.5997737206464593 4.741366374236252 72.0 
261.0 279.0 1.5997737206464593 4.741366374236252 72.0 
261.0 280.0 1.5997737206464593 4.741366374236252 72.0 
261.0 281.0 1.5997737206464593 4.741366374236252 72.0 
261.0 282.0 1.5997737206464593 4.741366374236252 72.0 
261.0 283.0 1.5997737206464593 4.741366374236252 72.0 
261.0 284.0 1.5997737206464593 4.741366374236252 72.0 
261.0 285.0 1.5997737206464593 4.741366374236252 72.0 
261.0 286.0 1.5997737206464593 4.741366374236252 72.0 
261.0 287.0 1.5997737206464593 4.741366374236252 72.0 
261.0 288.0 1.5997737206464593 4.741366374236252 72.0 
261.0 289.0 1.5997737206464593 4.741366374236252 72.0 
261.0 290.0 1.5997737206464593 4.741366374236252 72.0 
261.0 291.0 1.5997737206464593 4.741366374236252 72.0 
261.0 292.0 1.5997737206464593 4.741366374236252 72.0 
261.0 293.0 1.5997737206464593 4.741366374236252 72.0 
261.0 294.0 1.5997737206464593 4.741366374236252 72.0 
261.0 295.0 1.5997737206464593 4.741366374236252 72.0 
261.0 296.0 1.5997737206464593 4.741366374236252 72.0 
261.0 297.0 1.5997737206464593 4.741366374236252 72.0 
261.0 298.0 1.5997737206464593 4.741366374236252 72.0 
261.0 299.0 1.5997737206464593 4.741366374236252 72.0 
261.0 300.0 1.5997737206464593 4.741366374236252 72.0 
261.0 301.0 1.5997737206464593 4.741366374236252 72.0 
261.0 302.0 1.5997737206464593 4.741366374236252 72.0 
261.0 303.0 1.5997737206464593 4.741366374236252 72.0 
