274.0 294.0 4.697005578604095 1.5554129250143023 24.0 
274.0 295.0 4.697005578604095 1.5554129250143023 24.0 
274.0 296.0 4.697005578604095 1.5554129250143023 24.0 
274.0 297.0 4.697005578604095 1.5554129250143023 24.0 
274.0 298.0 4.697005578604095 1.5554129250143023 24.0 
274.0 299.0 4.697005578604095 1.5554129250143023 24.0 
274.0 300.0 4.697005578604095 1.5554129250143023 24.0 
274.0 301.0 4.697005578604095 1.5554129250143023 24.0 
274.0 302.0 4.697005578604095 1.5554129250143023 24.0 
274.0 303.0 4.697005578604095 1.5554129250143023 24.0 
274.0 304.0 4.697005578604095 1.5554129250143023 24.0 
274.0 305.0 4.697005578604095 1.5554129250143023 24.0 
274.0 306.0 4.697005578604095 1.5554129250143023 24.0 
274.0 307.0 4.697005578604095 1.5554129250143023 24.0 
274.0 308.0 4.697005578604095 1.5554129250143023 24.0 
274.0 309.0 4.697005578604095 1.5554129250143023 24.0 
274.0 310.0 4.697005578604095 1.5554129250143023 24.0 
274.0 311.0 4.697005578604095 1.5554129250143023 24.0 
274.0 312.0 4.697005578604095 1.5554129250143023 24.0 
274.0 313.0 4.697005578604095 1.5554129250143023 24.0 
274.0 314.0 4.697005578604095 1.5554129250143023 24.0 
274.0 315.0 4.697005578604095 1.5554129250143023 24.0 
274.0 316.0 4.697005578604095 1.5554129250143023 24.0 
274.0 317.0 4.697005578604095 1.5554129250143023 24.0 
274.0 318.0 4.697005578604095 1.5554129250143023 24.0 
274.0 319.0 4.697005578604095 1.5554129250143023 24.0 
274.0 320.0 4.697005578604095 1.5554129250143023 24.0 
274.0 321.0 4.697005578604095 1.5554129250143023 24.0 
274.0 322.0 4.697005578604095 1.5554129250143023 24.0 
274.0 323.0 4.697005578604095 1.5554129250143023 24.0 
274.0 324.0 4.697005578604095 1.5554129250143023 24.0 
274.0 325.0 4.697005578604095 1.5554129250143023 24.0 
274.0 326.0 4.697005578604095 1.5554129250143023 24.0 
274.0 327.0 4.697005578604095 1.5554129250143023 24.0 
274.0 328.0 4.697005578604095 1.5554129250143023 24.0 
274.0 329.0 4.697005578604095 1.5554129250143023 24.0 
274.0 330.0 4.697005578604095 1.5554129250143023 24.0 
274.0 331.0 4.697005578604095 1.5554129250143023 24.0 
274.0 332.0 4.697005578604095 1.5554129250143023 24.0 
274.0 333.0 4.697005578604095 1.5554129250143023 24.0 
274.0 334.0 4.697005578604095 1.5554129250143023 24.0 
274.0 335.0 4.697005578604095 1.5554129250143023 24.0 
274.0 336.0 4.697005578604095 1.5554129250143023 24.0 
274.0 337.0 4.697005578604095 1.5554129250143023 24.0 
274.0 338.0 4.697005578604095 1.5554129250143023 24.0 
274.0 339.0 4.697005578604095 1.5554129250143023 24.0 
274.0 340.0 4.697005578604095 1.5554129250143023 24.0 
274.0 341.0 4.697005578604095 1.5554129250143023 24.0 
274.0 342.0 4.697005578604095 1.5554129250143023 24.0 
274.0 343.0 4.697005578604095 1.5554129250143023 24.0 
274.0 344.0 4.697005578604095 1.5554129250143023 24.0 
274.0 345.0 4.697005578604095 1.5554129250143023 24.0 
274.0 346.0 4.697005578604095 1.5554129250143023 24.0 
274.0 347.0 4.697005578604095 1.5554129250143023 24.0 
274.0 348.0 4.697005578604095 1.5554129250143023 24.0 
274.0 349.0 4.697005578604095 1.5554129250143023 24.0 
274.0 350.0 4.697005578604095 1.5554129250143023 24.0 
274.0 351.0 4.697005578604095 1.5554129250143023 24.0 
274.0 352.0 4.697005578604095 1.5554129250143023 24.0 
274.0 353.0 4.697005578604095 1.5554129250143023 24.0 
274.0 354.0 4.697005578604095 1.5554129250143023 24.0 
274.0 355.0 4.697005578604095 1.5554129250143023 24.0 
274.0 356.0 4.697005578604095 1.5554129250143023 24.0 
274.0 357.0 4.697005578604095 1.5554129250143023 24.0 
274.0 358.0 4.697005578604095 1.5554129250143023 24.0 
275.0 293.0 4.697005578604095 1.5554129250143023 24.0 
275.0 294.0 4.697005578604095 1.5554129250143023 24.0 
275.0 295.0 4.697005578604095 1.5554129250143023 24.0 
275.0 296.0 4.697005578604095 1.5554129250143023 24.0 
275.0 297.0 4.697005578604095 1.5554129250143023 24.0 
275.0 298.0 4.697005578604095 1.5554129250143023 24.0 
275.0 299.0 4.697005578604095 1.5554129250143023 24.0 
275.0 300.0 4.697005578604095 1.5554129250143023 24.0 
275.0 301.0 4.697005578604095 1.5554129250143023 24.0 
275.0 302.0 4.697005578604095 1.5554129250143023 24.0 
275.0 303.0 4.697005578604095 1.5554129250143023 24.0 
275.0 304.0 4.697005578604095 1.5554129250143023 24.0 
275.0 305.0 4.697005578604095 1.5554129250143023 24.0 
275.0 306.0 4.697005578604095 1.5554129250143023 24.0 
275.0 307.0 4.697005578604095 1.5554129250143023 24.0 
275.0 308.0 4.697005578604095 1.5554129250143023 24.0 
275.0 309.0 4.697005578604095 1.5554129250143023 24.0 
275.0 310.0 4.697005578604095 1.5554129250143023 24.0 
275.0 311.0 4.697005578604095 1.5554129250143023 24.0 
275.0 312.0 4.697005578604095 1.5554129250143023 24.0 
275.0 313.0 4.697005578604095 1.5554129250143023 24.0 
275.0 314.0 4.697005578604095 1.5554129250143023 24.0 
275.0 315.0 4.697005578604095 1.5554129250143023 24.0 
275.0 316.0 4.697005578604095 1.5554129250143023 24.0 
275.0 317.0 4.697005578604095 1.5554129250143023 24.0 
275.0 318.0 4.697005578604095 1.5554129250143023 24.0 
275.0 319.0 4.697005578604095 1.5554129250143023 24.0 
275.0 320.0 4.697005578604095 1.5554129250143023 24.0 
275.0 321.0 4.697005578604095 1.5554129250143023 24.0 
275.0 322.0 4.697005578604095 1.5554129250143023 24.0 
275.0 323.0 4.697005578604095 1.5554129250143023 24.0 
275.0 324.0 4.697005578604095 1.5554129250143023 24.0 
275.0 325.0 4.697005578604095 1.5554129250143023 24.0 
275.0 326.0 4.697005578604095 1.5554129250143023 24.0 
275.0 327.0 4.697005578604095 1.5554129250143023 24.0 
275.0 328.0 4.697005578604095 1.5554129250143023 24.0 
275.0 329.0 4.697005578604095 1.5554129250143023 24.0 
275.0 330.0 4.697005578604095 1.5554129250143023 24.0 
275.0 331.0 4.697005578604095 1.5554129250143023 24.0 
275.0 332.0 4.697005578604095 1.5554129250143023 24.0 
275.0 333.0 4.697005578604095 1.5554129250143023 24.0 
275.0 334.0 4.697005578604095 1.5554129250143023 24.0 
275.0 335.0 4.697005578604095 1.5554129250143023 24.0 
275.0 336.0 4.697005578604095 1.5554129250143023 24.0 
275.0 337.0 4.697005578604095 1.5554129250143023 24.0 
275.0 338.0 4.697005578604095 1.5554129250143023 24.0 
275.0 339.0 4.697005578604095 1.5554129250143023 24.0 
275.0 340.0 4.697005578604095 1.5554129250143023 24.0 
275.0 341.0 4.697005578604095 1.5554129250143023 24.0 
275.0 342.0 4.697005578604095 1.5554129250143023 24.0 
275.0 343.0 4.697005578604095 1.5554129250143023 24.0 
275.0 344.0 4.697005578604095 1.5554129250143023 24.0 
275.0 345.0 4.697005578604095 1.5554129250143023 24.0 
275.0 346.0 4.697005578604095 1.5554129250143023 24.0 
275.0 347.0 4.697005578604095 1.5554129250143023 24.0 
275.0 348.0 4.697005578604095 1.5554129250143023 24.0 
275.0 349.0 4.697005578604095 1.5554129250143023 24.0 
275.0 350.0 4.697005578604095 1.5554129250143023 24.0 
275.0 351.0 4.697005578604095 1.5554129250143023 24.0 
275.0 352.0 4.697005578604095 1.5554129250143023 24.0 
275.0 353.0 4.697005578604095 1.5554129250143023 24.0 
275.0 354.0 4.697005578604095 1.5554129250143023 24.0 
275.0 355.0 4.697005578604095 1.5554129250143023 24.0 
275.0 356.0 4.697005578604095 1.5554129250143023 24.0 
275.0 357.0 4.697005578604095 1.5554129250143023 24.0 
275.0 358.0 4.697005578604095 1.5554129250143023 24.0 
276.0 293.0 4.697005578604095 1.5554129250143023 24.0 
276.0 294.0 4.697005578604095 1.5554129250143023 24.0 
276.0 295.0 4.697005578604095 1.5554129250143023 24.0 
276.0 296.0 4.697005578604095 1.5554129250143023 24.0 
276.0 297.0 4.697005578604095 1.5554129250143023 24.0 
276.0 298.0 4.697005578604095 1.5554129250143023 24.0 
276.0 299.0 4.697005578604095 1.5554129250143023 24.0 
276.0 300.0 4.697005578604095 1.5554129250143023 24.0 
276.0 301.0 4.697005578604095 1.5554129250143023 24.0 
276.0 302.0 4.697005578604095 1.5554129250143023 24.0 
276.0 303.0 4.697005578604095 1.5554129250143023 24.0 
276.0 304.0 4.697005578604095 1.5554129250143023 24.0 
276.0 305.0 4.697005578604095 1.5554129250143023 24.0 
276.0 306.0 4.697005578604095 1.5554129250143023 24.0 
276.0 307.0 4.697005578604095 1.5554129250143023 24.0 
276.0 308.0 4.697005578604095 1.5554129250143023 24.0 
276.0 309.0 4.697005578604095 1.5554129250143023 24.0 
276.0 310.0 4.697005578604095 1.5554129250143023 24.0 
276.0 311.0 4.697005578604095 1.5554129250143023 24.0 
276.0 312.0 4.697005578604095 1.5554129250143023 24.0 
276.0 313.0 4.697005578604095 1.5554129250143023 24.0 
276.0 314.0 4.697005578604095 1.5554129250143023 24.0 
276.0 315.0 4.697005578604095 1.5554129250143023 24.0 
276.0 316.0 4.697005578604095 1.5554129250143023 24.0 
276.0 317.0 4.697005578604095 1.5554129250143023 24.0 
276.0 318.0 4.697005578604095 1.5554129250143023 24.0 
276.0 319.0 4.697005578604095 1.5554129250143023 24.0 
276.0 320.0 4.697005578604095 1.5554129250143023 24.0 
276.0 321.0 4.697005578604095 1.5554129250143023 24.0 
276.0 322.0 4.697005578604095 1.5554129250143023 24.0 
276.0 323.0 4.697005578604095 1.5554129250143023 24.0 
276.0 324.0 4.697005578604095 1.5554129250143023 24.0 
276.0 325.0 4.697005578604095 1.5554129250143023 24.0 
276.0 326.0 4.697005578604095 1.5554129250143023 24.0 
276.0 327.0 4.697005578604095 1.5554129250143023 24.0 
276.0 328.0 4.697005578604095 1.5554129250143023 24.0 
276.0 329.0 4.697005578604095 1.5554129250143023 24.0 
276.0 330.0 4.697005578604095 1.5554129250143023 24.0 
276.0 331.0 4.697005578604095 1.5554129250143023 24.0 
276.0 332.0 4.697005578604095 1.5554129250143023 24.0 
276.0 333.0 4.697005578604095 1.5554129250143023 24.0 
276.0 334.0 4.697005578604095 1.5554129250143023 24.0 
276.0 335.0 4.697005578604095 1.5554129250143023 24.0 
276.0 336.0 4.697005578604095 1.5554129250143023 24.0 
276.0 337.0 4.697005578604095 1.5554129250143023 24.0 
276.0 338.0 4.697005578604095 1.5554129250143023 24.0 
276.0 339.0 4.697005578604095 1.5554129250143023 24.0 
276.0 340.0 4.697005578604095 1.5554129250143023 24.0 
276.0 341.0 4.697005578604095 1.5554129250143023 24.0 
276.0 342.0 4.697005578604095 1.5554129250143023 24.0 
276.0 343.0 4.697005578604095 1.5554129250143023 24.0 
276.0 344.0 4.697005578604095 1.5554129250143023 24.0 
276.0 345.0 4.697005578604095 1.5554129250143023 24.0 
276.0 346.0 4.697005578604095 1.5554129250143023 24.0 
276.0 347.0 4.697005578604095 1.5554129250143023 24.0 
276.0 348.0 4.697005578604095 1.5554129250143023 24.0 
276.0 349.0 4.697005578604095 1.5554129250143023 24.0 
276.0 350.0 4.697005578604095 1.5554129250143023 24.0 
276.0 351.0 4.697005578604095 1.5554129250143023 24.0 
276.0 352.0 4.697005578604095 1.5554129250143023 24.0 
276.0 353.0 4.697005578604095 1.5554129250143023 24.0 
276.0 354.0 4.697005578604095 1.5554129250143023 24.0 
276.0 355.0 4.697005578604095 1.5554129250143023 24.0 
276.0 356.0 4.697005578604095 1.5554129250143023 24.0 
276.0 357.0 4.697005578604095 1.5554129250143023 24.0 
277.0 293.0 4.697005578604095 1.5554129250143023 24.0 
277.0 294.0 4.697005578604095 1.5554129250143023 24.0 
277.0 295.0 4.697005578604095 1.5554129250143023 24.0 
277.0 296.0 4.697005578604095 1.5554129250143023 24.0 
277.0 297.0 4.697005578604095 1.5554129250143023 24.0 
277.0 298.0 4.697005578604095 1.5554129250143023 24.0 
277.0 299.0 4.697005578604095 1.5554129250143023 24.0 
277.0 300.0 4.697005578604095 1.5554129250143023 24.0 
277.0 301.0 4.697005578604095 1.5554129250143023 24.0 
277.0 302.0 4.697005578604095 1.5554129250143023 24.0 
277.0 303.0 4.697005578604095 1.5554129250143023 24.0 
277.0 304.0 4.697005578604095 1.5554129250143023 24.0 
277.0 305.0 4.697005578604095 1.5554129250143023 24.0 
277.0 306.0 4.697005578604095 1.5554129250143023 24.0 
277.0 307.0 4.697005578604095 1.5554129250143023 24.0 
277.0 308.0 4.697005578604095 1.5554129250143023 24.0 
277.0 309.0 4.697005578604095 1.5554129250143023 24.0 
277.0 310.0 4.697005578604095 1.5554129250143023 24.0 
277.0 311.0 4.697005578604095 1.5554129250143023 24.0 
277.0 312.0 4.697005578604095 1.5554129250143023 24.0 
277.0 313.0 4.697005578604095 1.5554129250143023 24.0 
277.0 314.0 4.697005578604095 1.5554129250143023 24.0 
277.0 315.0 4.697005578604095 1.5554129250143023 24.0 
277.0 316.0 4.697005578604095 1.5554129250143023 24.0 
277.0 317.0 4.697005578604095 1.5554129250143023 24.0 
277.0 318.0 4.697005578604095 1.5554129250143023 24.0 
277.0 319.0 4.697005578604095 1.5554129250143023 24.0 
277.0 320.0 4.697005578604095 1.5554129250143023 24.0 
277.0 321.0 4.697005578604095 1.5554129250143023 24.0 
277.0 322.0 4.697005578604095 1.5554129250143023 24.0 
277.0 323.0 4.697005578604095 1.5554129250143023 24.0 
277.0 324.0 4.697005578604095 1.5554129250143023 24.0 
277.0 325.0 4.697005578604095 1.5554129250143023 24.0 
277.0 326.0 4.697005578604095 1.5554129250143023 24.0 
277.0 327.0 4.697005578604095 1.5554129250143023 24.0 
277.0 328.0 4.697005578604095 1.5554129250143023 24.0 
277.0 329.0 4.697005578604095 1.5554129250143023 24.0 
277.0 330.0 4.697005578604095 1.5554129250143023 24.0 
277.0 331.0 4.697005578604095 1.5554129250143023 24.0 
277.0 332.0 4.697005578604095 1.5554129250143023 24.0 
277.0 333.0 4.697005578604095 1.5554129250143023 24.0 
277.0 334.0 4.697005578604095 1.5554129250143023 24.0 
277.0 335.0 4.697005578604095 1.5554129250143023 24.0 
277.0 336.0 4.697005578604095 1.5554129250143023 24.0 
277.0 337.0 4.697005578604095 1.5554129250143023 24.0 
277.0 338.0 4.697005578604095 1.5554129250143023 24.0 
277.0 339.0 4.697005578604095 1.5554129250143023 24.0 
277.0 340.0 4.697005578604095 1.5554129250143023 24.0 
277.0 341.0 4.697005578604095 1.5554129250143023 24.0 
277.0 342.0 4.697005578604095 1.5554129250143023 24.0 
277.0 343.0 4.697005578604095 1.5554129250143023 24.0 
277.0 344.0 4.697005578604095 1.5554129250143023 24.0 
277.0 345.0 4.697005578604095 1.5554129250143023 24.0 
277.0 346.0 4.697005578604095 1.5554129250143023 24.0 
277.0 347.0 4.697005578604095 1.5554129250143023 24.0 
277.0 348.0 4.697005578604095 1.5554129250143023 24.0 
277.0 349.0 4.697005578604095 1.5554129250143023 24.0 
277.0 350.0 4.697005578604095 1.5554129250143023 24.0 
277.0 351.0 4.697005578604095 1.5554129250143023 24.0 
277.0 352.0 4.697005578604095 1.5554129250143023 24.0 
277.0 353.0 4.697005578604095 1.5554129250143023 24.0 
277.0 354.0 4.697005578604095 1.5554129250143023 24.0 
277.0 355.0 4.697005578604095 1.5554129250143023 24.0 
277.0 356.0 4.697005578604095 1.5554129250143023 24.0 
277.0 357.0 4.697005578604095 1.5554129250143023 24.0 
