226.0 289.0 1.5707963267948966 4.71238898038469 84.0 
226.0 290.0 1.5707963267948966 4.71238898038469 84.0 
226.0 291.0 1.5707963267948966 4.71238898038469 84.0 
226.0 292.0 1.5707963267948966 4.71238898038469 84.0 
226.0 293.0 1.5707963267948966 4.71238898038469 84.0 
226.0 294.0 1.5707963267948966 4.71238898038469 84.0 
226.0 295.0 1.5707963267948966 4.71238898038469 84.0 
226.0 296.0 1.5707963267948966 4.71238898038469 84.0 
226.0 297.0 1.5707963267948966 4.71238898038469 84.0 
226.0 298.0 1.5707963267948966 4.71238898038469 84.0 
226.0 299.0 1.5707963267948966 4.71238898038469 84.0 
226.0 300.0 1.5707963267948966 4.71238898038469 84.0 
226.0 301.0 1.5707963267948966 4.71238898038469 84.0 
226.0 302.0 1.5707963267948966 4.71238898038469 84.0 
226.0 303.0 1.5707963267948966 4.71238898038469 84.0 
226.0 304.0 1.5707963267948966 4.71238898038469 84.0 
226.0 305.0 1.5707963267948966 4.71238898038469 84.0 
226.0 306.0 1.5707963267948966 4.71238898038469 84.0 
226.0 307.0 1.5707963267948966 4.71238898038469 84.0 
226.0 308.0 1.5707963267948966 4.71238898038469 84.0 
226.0 309.0 1.5707963267948966 4.71238898038469 84.0 
226.0 310.0 1.5707963267948966 4.71238898038469 84.0 
226.0 311.0 1.5707963267948966 4.71238898038469 84.0 
226.0 312.0 1.5707963267948966 4.71238898038469 84.0 
226.0 313.0 1.5707963267948966 4.71238898038469 84.0 
226.0 314.0 1.5707963267948966 4.71238898038469 84.0 
226.0 315.0 1.5707963267948966 4.71238898038469 84.0 
226.0 316.0 1.5707963267948966 4.71238898038469 84.0 
226.0 317.0 1.5707963267948966 4.71238898038469 84.0 
226.0 318.0 1.5707963267948966 4.71238898038469 84.0 
226.0 319.0 1.5707963267948966 4.71238898038469 84.0 
226.0 320.0 1.5707963267948966 4.71238898038469 84.0 
226.0 321.0 1.5707963267948966 4.71238898038469 84.0 
226.0 322.0 1.5707963267948966 4.71238898038469 84.0 
226.0 323.0 1.5707963267948966 4.71238898038469 84.0 
226.0 324.0 1.5707963267948966 4.71238898038469 84.0 
226.0 325.0 1.5707963267948966 4.71238898038469 84.0 
226.0 326.0 1.5707963267948966 4.71238898038469 84.0 
226.0 327.0 1.5707963267948966 4.71238898038469 84.0 
227.0 289.0 1.5707963267948966 4.71238898038469 84.0 
227.0 290.0 1.5707963267948966 4.71238898038469 84.0 
227.0 291.0 1.5707963267948966 4.71238898038469 84.0 
227.0 292.0 1.5707963267948966 4.71238898038469 84.0 
227.0 293.0 1.5707963267948966 4.71238898038469 84.0 
227.0 294.0 1.5707963267948966 4.71238898038469 84.0 
227.0 295.0 1.5707963267948966 4.71238898038469 84.0 
227.0 296.0 1.5707963267948966 4.71238898038469 84.0 
227.0 297.0 1.5707963267948966 4.71238898038469 84.0 
227.0 298.0 1.5707963267948966 4.71238898038469 84.0 
227.0 299.0 1.5707963267948966 4.71238898038469 84.0 
227.0 300.0 1.5707963267948966 4.71238898038469 84.0 
227.0 301.0 1.5707963267948966 4.71238898038469 84.0 
227.0 302.0 1.5707963267948966 4.71238898038469 84.0 
227.0 303.0 1.5707963267948966 4.71238898038469 84.0 
227.0 304.0 1.5707963267948966 4.71238898038469 84.0 
227.0 305.0 1.5707963267948966 4.71238898038469 84.0 
227.0 306.0 1.5707963267948966 4.71238898038469 84.0 
227.0 307.0 1.5707963267948966 4.71238898038469 84.0 
227.0 308.0 1.5707963267948966 4.71238898038469 84.0 
227.0 309.0 1.5707963267948966 4.71238898038469 84.0 
227.0 310.0 1.5707963267948966 4.71238898038469 84.0 
227.0 311.0 1.5707963267948966 4.71238898038469 84.0 
227.0 312.0 1.5707963267948966 4.71238898038469 84.0 
227.0 313.0 1.5707963267948966 4.71238898038469 84.0 
227.0 314.0 1.5707963267948966 4.71238898038469 84.0 
227.0 315.0 1.5707963267948966 4.71238898038469 84.0 
227.0 316.0 1.5707963267948966 4.71238898038469 84.0 
227.0 317.0 1.5707963267948966 4.71238898038469 84.0 
227.0 318.0 1.5707963267948966 4.71238898038469 84.0 
227.0 319.0 1.5707963267948966 4.71238898038469 84.0 
227.0 320.0 1.5707963267948966 4.71238898038469 84.0 
227.0 321.0 1.5707963267948966 4.71238898038469 84.0 
227.0 322.0 1.5707963267948966 4.71238898038469 84.0 
227.0 323.0 1.5707963267948966 4.71238898038469 84.0 
227.0 324.0 1.5707963267948966 4.71238898038469 84.0 
227.0 325.0 1.5707963267948966 4.71238898038469 84.0 
227.0 326.0 1.5707963267948966 4.71238898038469 84.0 
227.0 327.0 1.5707963267948966 4.71238898038469 84.0 
228.0 289.0 1.5707963267948966 4.71238898038469 84.0 
228.0 290.0 1.5707963267948966 4.71238898038469 84.0 
228.0 291.0 1.5707963267948966 4.71238898038469 84.0 
228.0 292.0 1.5707963267948966 4.71238898038469 84.0 
228.0 293.0 1.5707963267948966 4.71238898038469 84.0 
228.0 294.0 1.5707963267948966 4.71238898038469 84.0 
228.0 295.0 1.5707963267948966 4.71238898038469 84.0 
228.0 296.0 1.5707963267948966 4.71238898038469 84.0 
228.0 297.0 1.5707963267948966 4.71238898038469 84.0 
228.0 298.0 1.5707963267948966 4.71238898038469 84.0 
228.0 299.0 1.5707963267948966 4.71238898038469 84.0 
228.0 300.0 1.5707963267948966 4.71238898038469 84.0 
228.0 301.0 1.5707963267948966 4.71238898038469 84.0 
228.0 302.0 1.5707963267948966 4.71238898038469 84.0 
228.0 303.0 1.5707963267948966 4.71238898038469 84.0 
228.0 304.0 1.5707963267948966 4.71238898038469 84.0 
228.0 305.0 1.5707963267948966 4.71238898038469 84.0 
228.0 306.0 1.5707963267948966 4.71238898038469 84.0 
228.0 307.0 1.5707963267948966 4.71238898038469 84.0 
228.0 308.0 1.5707963267948966 4.71238898038469 84.0 
228.0 309.0 1.5707963267948966 4.71238898038469 84.0 
228.0 310.0 1.5707963267948966 4.71238898038469 84.0 
228.0 311.0 1.5707963267948966 4.71238898038469 84.0 
228.0 312.0 1.5707963267948966 4.71238898038469 84.0 
228.0 313.0 1.5707963267948966 4.71238898038469 84.0 
228.0 314.0 1.5707963267948966 4.71238898038469 84.0 
228.0 315.0 1.5707963267948966 4.71238898038469 84.0 
228.0 316.0 1.5707963267948966 4.71238898038469 84.0 
228.0 317.0 1.5707963267948966 4.71238898038469 84.0 
228.0 318.0 1.5707963267948966 4.71238898038469 84.0 
228.0 319.0 1.5707963267948966 4.71238898038469 84.0 
228.0 320.0 1.5707963267948966 4.71238898038469 84.0 
228.0 321.0 1.5707963267948966 4.71238898038469 84.0 
228.0 322.0 1.5707963267948966 4.71238898038469 84.0 
228.0 323.0 1.5707963267948966 4.71238898038469 84.0 
228.0 324.0 1.5707963267948966 4.71238898038469 84.0 
228.0 325.0 1.5707963267948966 4.71238898038469 84.0 
228.0 326.0 1.5707963267948966 4.71238898038469 84.0 
228.0 327.0 1.5707963267948966 4.71238898038469 84.0 
229.0 289.0 1.5707963267948966 4.71238898038469 84.0 
229.0 290.0 1.5707963267948966 4.71238898038469 84.0 
229.0 291.0 1.5707963267948966 4.71238898038469 84.0 
229.0 292.0 1.5707963267948966 4.71238898038469 84.0 
229.0 293.0 1.5707963267948966 4.71238898038469 84.0 
229.0 294.0 1.5707963267948966 4.71238898038469 84.0 
229.0 295.0 1.5707963267948966 4.71238898038469 84.0 
229.0 296.0 1.5707963267948966 4.71238898038469 84.0 
229.0 297.0 1.5707963267948966 4.71238898038469 84.0 
229.0 298.0 1.5707963267948966 4.71238898038469 84.0 
229.0 299.0 1.5707963267948966 4.71238898038469 84.0 
229.0 300.0 1.5707963267948966 4.71238898038469 84.0 
229.0 301.0 1.5707963267948966 4.71238898038469 84.0 
229.0 302.0 1.5707963267948966 4.71238898038469 84.0 
229.0 303.0 1.5707963267948966 4.71238898038469 84.0 
229.0 304.0 1.5707963267948966 4.71238898038469 84.0 
229.0 305.0 1.5707963267948966 4.71238898038469 84.0 
229.0 306.0 1.5707963267948966 4.71238898038469 84.0 
229.0 307.0 1.5707963267948966 4.71238898038469 84.0 
229.0 308.0 1.5707963267948966 4.71238898038469 84.0 
229.0 309.0 1.5707963267948966 4.71238898038469 84.0 
229.0 310.0 1.5707963267948966 4.71238898038469 84.0 
229.0 311.0 1.5707963267948966 4.71238898038469 84.0 
229.0 312.0 1.5707963267948966 4.71238898038469 84.0 
229.0 313.0 1.5707963267948966 4.71238898038469 84.0 
229.0 314.0 1.5707963267948966 4.71238898038469 84.0 
229.0 315.0 1.5707963267948966 4.71238898038469 84.0 
229.0 316.0 1.5707963267948966 4.71238898038469 84.0 
229.0 317.0 1.5707963267948966 4.71238898038469 84.0 
229.0 318.0 1.5707963267948966 4.71238898038469 84.0 
229.0 319.0 1.5707963267948966 4.71238898038469 84.0 
229.0 320.0 1.5707963267948966 4.71238898038469 84.0 
229.0 321.0 1.5707963267948966 4.71238898038469 84.0 
229.0 322.0 1.5707963267948966 4.71238898038469 84.0 
229.0 323.0 1.5707963267948966 4.71238898038469 84.0 
229.0 324.0 1.5707963267948966 4.71238898038469 84.0 
229.0 325.0 1.5707963267948966 4.71238898038469 84.0 
229.0 326.0 1.5707963267948966 4.71238898038469 84.0 
229.0 327.0 1.5707963267948966 4.71238898038469 84.0 
230.0 289.0 1.5707963267948966 4.71238898038469 84.0 
230.0 290.0 1.5707963267948966 4.71238898038469 84.0 
230.0 291.0 1.5707963267948966 4.71238898038469 84.0 
230.0 292.0 1.5707963267948966 4.71238898038469 84.0 
230.0 293.0 1.5707963267948966 4.71238898038469 84.0 
230.0 294.0 1.5707963267948966 4.71238898038469 84.0 
230.0 295.0 1.5707963267948966 4.71238898038469 84.0 
230.0 296.0 1.5707963267948966 4.71238898038469 84.0 
230.0 297.0 1.5707963267948966 4.71238898038469 84.0 
230.0 298.0 1.5707963267948966 4.71238898038469 84.0 
230.0 299.0 1.5707963267948966 4.71238898038469 84.0 
230.0 300.0 1.5707963267948966 4.71238898038469 84.0 
230.0 301.0 1.5707963267948966 4.71238898038469 84.0 
230.0 302.0 1.5707963267948966 4.71238898038469 84.0 
230.0 303.0 1.5707963267948966 4.71238898038469 84.0 
230.0 304.0 1.5707963267948966 4.71238898038469 84.0 
230.0 305.0 1.5707963267948966 4.71238898038469 84.0 
230.0 306.0 1.5707963267948966 4.71238898038469 84.0 
230.0 307.0 1.5707963267948966 4.71238898038469 84.0 
230.0 308.0 1.5707963267948966 4.71238898038469 84.0 
230.0 309.0 1.5707963267948966 4.71238898038469 84.0 
230.0 310.0 1.5707963267948966 4.71238898038469 84.0 
230.0 311.0 1.5707963267948966 4.71238898038469 84.0 
230.0 312.0 1.5707963267948966 4.71238898038469 84.0 
230.0 313.0 1.5707963267948966 4.71238898038469 84.0 
230.0 314.0 1.5707963267948966 4.71238898038469 84.0 
230.0 315.0 1.5707963267948966 4.71238898038469 84.0 
230.0 316.0 1.5707963267948966 4.71238898038469 84.0 
230.0 317.0 1.5707963267948966 4.71238898038469 84.0 
230.0 318.0 1.5707963267948966 4.71238898038469 84.0 
230.0 319.0 1.5707963267948966 4.71238898038469 84.0 
230.0 320.0 1.5707963267948966 4.71238898038469 84.0 
230.0 321.0 1.5707963267948966 4.71238898038469 84.0 
230.0 322.0 1.5707963267948966 4.71238898038469 84.0 
230.0 323.0 1.5707963267948966 4.71238898038469 84.0 
230.0 324.0 1.5707963267948966 4.71238898038469 84.0 
230.0 325.0 1.5707963267948966 4.71238898038469 84.0 
230.0 326.0 1.5707963267948966 4.71238898038469 84.0 
230.0 327.0 1.5707963267948966 4.71238898038469 84.0 
231.0 289.0 1.5707963267948966 4.71238898038469 84.0 
231.0 290.0 1.5707963267948966 4.71238898038469 84.0 
231.0 291.0 1.5707963267948966 4.71238898038469 84.0 
231.0 292.0 1.5707963267948966 4.71238898038469 84.0 
231.0 293.0 1.5707963267948966 4.71238898038469 84.0 
231.0 294.0 1.5707963267948966 4.71238898038469 84.0 
231.0 295.0 1.5707963267948966 4.71238898038469 84.0 
231.0 296.0 1.5707963267948966 4.71238898038469 84.0 
231.0 297.0 1.5707963267948966 4.71238898038469 84.0 
231.0 298.0 1.5707963267948966 4.71238898038469 84.0 
231.0 299.0 1.5707963267948966 4.71238898038469 84.0 
231.0 300.0 1.5707963267948966 4.71238898038469 84.0 
231.0 301.0 1.5707963267948966 4.71238898038469 84.0 
231.0 302.0 1.5707963267948966 4.71238898038469 84.0 
231.0 303.0 1.5707963267948966 4.71238898038469 84.0 
231.0 304.0 1.5707963267948966 4.71238898038469 84.0 
231.0 305.0 1.5707963267948966 4.71238898038469 84.0 
231.0 306.0 1.5707963267948966 4.71238898038469 84.0 
231.0 307.0 1.5707963267948966 4.71238898038469 84.0 
231.0 308.0 1.5707963267948966 4.71238898038469 84.0 
231.0 309.0 1.5707963267948966 4.71238898038469 84.0 
231.0 310.0 1.5707963267948966 4.71238898038469 84.0 
231.0 311.0 1.5707963267948966 4.71238898038469 84.0 
231.0 312.0 1.5707963267948966 4.71238898038469 84.0 
231.0 313.0 1.5707963267948966 4.71238898038469 84.0 
231.0 314.0 1.5707963267948966 4.71238898038469 84.0 
231.0 315.0 1.5707963267948966 4.71238898038469 84.0 
231.0 316.0 1.5707963267948966 4.71238898038469 84.0 
231.0 317.0 1.5707963267948966 4.71238898038469 84.0 
231.0 318.0 1.5707963267948966 4.71238898038469 84.0 
231.0 319.0 1.5707963267948966 4.71238898038469 84.0 
231.0 320.0 1.5707963267948966 4.71238898038469 84.0 
231.0 321.0 1.5707963267948966 4.71238898038469 84.0 
231.0 322.0 1.5707963267948966 4.71238898038469 84.0 
231.0 323.0 1.5707963267948966 4.71238898038469 84.0 
231.0 324.0 1.5707963267948966 4.71238898038469 84.0 
231.0 325.0 1.5707963267948966 4.71238898038469 84.0 
231.0 326.0 1.5707963267948966 4.71238898038469 84.0 
231.0 327.0 1.5707963267948966 4.71238898038469 84.0 
