279.0 258.0 3.2564692590066926 0.11487660541689947 28.0 
279.0 259.0 3.2564692590066926 0.11487660541689947 28.0 
279.0 260.0 3.2564692590066926 0.11487660541689947 28.0 
279.0 261.0 3.2564692590066926 0.11487660541689947 28.0 
280.0 256.0 3.2564692590066926 0.11487660541689947 28.0 
280.0 257.0 3.2564692590066926 0.11487660541689947 28.0 
280.0 258.0 3.2564692590066926 0.11487660541689947 28.0 
280.0 259.0 3.2564692590066926 0.11487660541689947 28.0 
280.0 260.0 3.2564692590066926 0.11487660541689947 28.0 
280.0 261.0 3.2564692590066926 0.11487660541689947 28.0 
281.0 256.0 3.2564692590066926 0.11487660541689947 28.0 
281.0 257.0 3.2564692590066926 0.11487660541689947 28.0 
281.0 258.0 3.2564692590066926 0.11487660541689947 28.0 
281.0 259.0 3.2564692590066926 0.11487660541689947 28.0 
281.0 260.0 3.2564692590066926 0.11487660541689947 28.0 
281.0 261.0 3.2564692590066926 0.11487660541689947 28.0 
282.0 256.0 3.2564692590066926 0.11487660541689947 28.0 
282.0 257.0 3.2564692590066926 0.11487660541689947 28.0 
282.0 258.0 3.2564692590066926 0.11487660541689947 28.0 
282.0 259.0 3.2564692590066926 0.11487660541689947 28.0 
282.0 260.0 3.2564692590066926 0.11487660541689947 28.0 
282.0 261.0 3.2564692590066926 0.11487660541689947 28.0 
283.0 256.0 3.2564692590066926 0.11487660541689947 28.0 
283.0 257.0 3.2564692590066926 0.11487660541689947 28.0 
283.0 258.0 3.2564692590066926 0.11487660541689947 28.0 
283.0 259.0 3.2564692590066926 0.11487660541689947 28.0 
283.0 260.0 3.2564692590066926 0.11487660541689947 28.0 
283.0 261.0 3.2564692590066926 0.11487660541689947 28.0 
284.0 256.0 3.2564692590066926 0.11487660541689947 28.0 
284.0 257.0 3.2564692590066926 0.11487660541689947 28.0 
284.0 258.0 3.2564692590066926 0.11487660541689947 28.0 
284.0 259.0 3.2564692590066926 0.11487660541689947 28.0 
284.0 260.0 3.2564692590066926 0.11487660541689947 28.0 
284.0 261.0 3.2564692590066926 0.11487660541689947 28.0 
285.0 256.0 3.2564692590066926 0.11487660541689947 28.0 
285.0 257.0 3.2564692590066926 0.11487660541689947 28.0 
285.0 258.0 3.2564692590066926 0.11487660541689947 28.0 
285.0 259.0 3.2564692590066926 0.11487660541689947 28.0 
285.0 260.0 3.2564692590066926 0.11487660541689947 28.0 
285.0 261.0 3.2564692590066926 0.11487660541689947 28.0 
286.0 256.0 3.2564692590066926 0.11487660541689947 28.0 
286.0 257.0 3.2564692590066926 0.11487660541689947 28.0 
286.0 258.0 3.2564692590066926 0.11487660541689947 28.0 
286.0 259.0 3.2564692590066926 0.11487660541689947 28.0 
286.0 260.0 3.2564692590066926 0.11487660541689947 28.0 
286.0 261.0 3.2564692590066926 0.11487660541689947 28.0 
287.0 256.0 3.2564692590066926 0.11487660541689947 28.0 
287.0 257.0 3.2564692590066926 0.11487660541689947 28.0 
287.0 258.0 3.2564692590066926 0.11487660541689947 28.0 
287.0 259.0 3.2564692590066926 0.11487660541689947 28.0 
287.0 260.0 3.2564692590066926 0.11487660541689947 28.0 
287.0 261.0 3.2564692590066926 0.11487660541689947 28.0 
288.0 257.0 3.2564692590066926 0.11487660541689947 28.0 
288.0 258.0 3.2564692590066926 0.11487660541689947 28.0 
288.0 259.0 3.2564692590066926 0.11487660541689947 28.0 
288.0 260.0 3.2564692590066926 0.11487660541689947 28.0 
288.0 261.0 3.2564692590066926 0.11487660541689947 28.0 
288.0 262.0 3.2564692590066926 0.11487660541689947 28.0 
289.0 257.0 3.2564692590066926 0.11487660541689947 28.0 
289.0 258.0 3.2564692590066926 0.11487660541689947 28.0 
289.0 259.0 3.2564692590066926 0.11487660541689947 28.0 
289.0 260.0 3.2564692590066926 0.11487660541689947 28.0 
289.0 261.0 3.2564692590066926 0.11487660541689947 28.0 
289.0 262.0 3.2564692590066926 0.11487660541689947 28.0 
290.0 257.0 3.2564692590066926 0.11487660541689947 28.0 
290.0 258.0 3.2564692590066926 0.11487660541689947 28.0 
290.0 259.0 3.2564692590066926 0.11487660541689947 28.0 
290.0 260.0 3.2564692590066926 0.11487660541689947 28.0 
290.0 261.0 3.2564692590066926 0.11487660541689947 28.0 
290.0 262.0 3.2564692590066926 0.11487660541689947 28.0 
291.0 257.0 3.2564692590066926 0.11487660541689947 28.0 
291.0 258.0 3.2564692590066926 0.11487660541689947 28.0 
291.0 259.0 3.2564692590066926 0.11487660541689947 28.0 
291.0 260.0 3.2564692590066926 0.11487660541689947 28.0 
291.0 261.0 3.2564692590066926 0.11487660541689947 28.0 
291.0 262.0 3.2564692590066926 0.11487660541689947 28.0 
292.0 257.0 3.2564692590066926 0.11487660541689947 28.0 
292.0 258.0 3.2564692590066926 0.11487660541689947 28.0 
292.0 259.0 3.2564692590066926 0.11487660541689947 28.0 
292.0 260.0 3.2564692590066926 0.11487660541689947 28.0 
292.0 261.0 3.2564692590066926 0.11487660541689947 28.0 
292.0 262.0 3.2564692590066926 0.11487660541689947 28.0 
293.0 257.0 3.2564692590066926 0.11487660541689947 28.0 
293.0 258.0 3.2564692590066926 0.11487660541689947 28.0 
293.0 259.0 3.2564692590066926 0.11487660541689947 28.0 
293.0 260.0 3.2564692590066926 0.11487660541689947 28.0 
293.0 261.0 3.2564692590066926 0.11487660541689947 28.0 
293.0 262.0 3.2564692590066926 0.11487660541689947 28.0 
294.0 257.0 3.2564692590066926 0.11487660541689947 28.0 
294.0 258.0 3.2564692590066926 0.11487660541689947 28.0 
294.0 259.0 3.2564692590066926 0.11487660541689947 28.0 
294.0 260.0 3.2564692590066926 0.11487660541689947 28.0 
294.0 261.0 3.2564692590066926 0.11487660541689947 28.0 
294.0 262.0 3.2564692590066926 0.11487660541689947 28.0 
295.0 257.0 3.2564692590066926 0.11487660541689947 28.0 
295.0 258.0 3.2564692590066926 0.11487660541689947 28.0 
295.0 259.0 3.2564692590066926 0.11487660541689947 28.0 
295.0 260.0 3.2564692590066926 0.11487660541689947 28.0 
295.0 261.0 3.2564692590066926 0.11487660541689947 28.0 
295.0 262.0 3.2564692590066926 0.11487660541689947 28.0 
296.0 257.0 3.2564692590066926 0.11487660541689947 28.0 
296.0 258.0 3.2564692590066926 0.11487660541689947 28.0 
296.0 259.0 3.2564692590066926 0.11487660541689947 28.0 
296.0 260.0 3.2564692590066926 0.11487660541689947 28.0 
296.0 261.0 3.2564692590066926 0.11487660541689947 28.0 
296.0 262.0 3.2564692590066926 0.11487660541689947 28.0 
297.0 258.0 3.2564692590066926 0.11487660541689947 28.0 
297.0 259.0 3.2564692590066926 0.11487660541689947 28.0 
297.0 260.0 3.2564692590066926 0.11487660541689947 28.0 
297.0 261.0 3.2564692590066926 0.11487660541689947 28.0 
297.0 262.0 3.2564692590066926 0.11487660541689947 28.0 
297.0 263.0 3.2564692590066926 0.11487660541689947 28.0 
298.0 258.0 3.2564692590066926 0.11487660541689947 28.0 
298.0 259.0 3.2564692590066926 0.11487660541689947 28.0 
298.0 260.0 3.2564692590066926 0.11487660541689947 28.0 
298.0 261.0 3.2564692590066926 0.11487660541689947 28.0 
298.0 262.0 3.2564692590066926 0.11487660541689947 28.0 
298.0 263.0 3.2564692590066926 0.11487660541689947 28.0 
299.0 258.0 3.2564692590066926 0.11487660541689947 28.0 
299.0 259.0 3.2564692590066926 0.11487660541689947 28.0 
299.0 260.0 3.2564692590066926 0.11487660541689947 28.0 
299.0 261.0 3.2564692590066926 0.11487660541689947 28.0 
299.0 262.0 3.2564692590066926 0.11487660541689947 28.0 
299.0 263.0 3.2564692590066926 0.11487660541689947 28.0 
300.0 258.0 3.2564692590066926 0.11487660541689947 28.0 
300.0 259.0 3.2564692590066926 0.11487660541689947 28.0 
300.0 260.0 3.2564692590066926 0.11487660541689947 28.0 
300.0 261.0 3.2564692590066926 0.11487660541689947 28.0 
300.0 262.0 3.2564692590066926 0.11487660541689947 28.0 
300.0 263.0 3.2564692590066926 0.11487660541689947 28.0 
301.0 258.0 3.2564692590066926 0.11487660541689947 28.0 
301.0 259.0 3.2564692590066926 0.11487660541689947 28.0 
301.0 260.0 3.2564692590066926 0.11487660541689947 28.0 
301.0 261.0 3.2564692590066926 0.11487660541689947 28.0 
301.0 262.0 3.2564692590066926 0.11487660541689947 28.0 
301.0 263.0 3.2564692590066926 0.11487660541689947 28.0 
302.0 258.0 3.2564692590066926 0.11487660541689947 28.0 
302.0 259.0 3.2564692590066926 0.11487660541689947 28.0 
302.0 260.0 3.2564692590066926 0.11487660541689947 28.0 
302.0 261.0 3.2564692590066926 0.11487660541689947 28.0 
302.0 262.0 3.2564692590066926 0.11487660541689947 28.0 
302.0 263.0 3.2564692590066926 0.11487660541689947 28.0 
303.0 258.0 3.2564692590066926 0.11487660541689947 28.0 
303.0 259.0 3.2564692590066926 0.11487660541689947 28.0 
303.0 260.0 3.2564692590066926 0.11487660541689947 28.0 
303.0 261.0 3.2564692590066926 0.11487660541689947 28.0 
303.0 262.0 3.2564692590066926 0.11487660541689947 28.0 
303.0 263.0 3.2564692590066926 0.11487660541689947 28.0 
304.0 258.0 3.2564692590066926 0.11487660541689947 28.0 
304.0 259.0 3.2564692590066926 0.11487660541689947 28.0 
304.0 260.0 3.2564692590066926 0.11487660541689947 28.0 
304.0 261.0 3.2564692590066926 0.11487660541689947 28.0 
304.0 262.0 3.2564692590066926 0.11487660541689947 28.0 
304.0 263.0 3.2564692590066926 0.11487660541689947 28.0 
305.0 258.0 3.2564692590066926 0.11487660541689947 28.0 
305.0 259.0 3.2564692590066926 0.11487660541689947 28.0 
305.0 260.0 3.2564692590066926 0.11487660541689947 28.0 
