173.0 353.0 2.8329417865129285 5.974534440102722 68.0 
173.0 354.0 2.8329417865129285 5.974534440102722 68.0 
173.0 355.0 2.8329417865129285 5.974534440102722 68.0 
174.0 353.0 2.8329417865129285 5.974534440102722 68.0 
174.0 354.0 2.8329417865129285 5.974534440102722 68.0 
174.0 355.0 2.8329417865129285 5.974534440102722 68.0 
174.0 356.0 2.8329417865129285 5.974534440102722 68.0 
174.0 357.0 2.8329417865129285 5.974534440102722 68.0 
174.0 358.0 2.8329417865129285 5.974534440102722 68.0 
175.0 353.0 2.8329417865129285 5.974534440102722 68.0 
175.0 354.0 2.8329417865129285 5.974534440102722 68.0 
175.0 355.0 2.8329417865129285 5.974534440102722 68.0 
175.0 356.0 2.8329417865129285 5.974534440102722 68.0 
175.0 357.0 2.8329417865129285 5.974534440102722 68.0 
175.0 358.0 2.8329417865129285 5.974534440102722 68.0 
176.0 352.0 2.8329417865129285 5.974534440102722 68.0 
176.0 353.0 2.8329417865129285 5.974534440102722 68.0 
176.0 354.0 2.8329417865129285 5.974534440102722 68.0 
176.0 355.0 2.8329417865129285 5.974534440102722 68.0 
176.0 356.0 2.8329417865129285 5.974534440102722 68.0 
176.0 357.0 2.8329417865129285 5.974534440102722 68.0 
176.0 358.0 2.8329417865129285 5.974534440102722 68.0 
177.0 352.0 2.8329417865129285 5.974534440102722 68.0 
177.0 353.0 2.8329417865129285 5.974534440102722 68.0 
177.0 354.0 2.8329417865129285 5.974534440102722 68.0 
177.0 355.0 2.8329417865129285 5.974534440102722 68.0 
177.0 356.0 2.8329417865129285 5.974534440102722 68.0 
177.0 357.0 2.8329417865129285 5.974534440102722 68.0 
178.0 352.0 2.8329417865129285 5.974534440102722 68.0 
178.0 353.0 2.8329417865129285 5.974534440102722 68.0 
178.0 354.0 2.8329417865129285 5.974534440102722 68.0 
178.0 355.0 2.8329417865129285 5.974534440102722 68.0 
178.0 356.0 2.8329417865129285 5.974534440102722 68.0 
178.0 357.0 2.8329417865129285 5.974534440102722 68.0 
179.0 351.0 2.8329417865129285 5.974534440102722 68.0 
179.0 352.0 2.8329417865129285 5.974534440102722 68.0 
179.0 353.0 2.8329417865129285 5.974534440102722 68.0 
179.0 354.0 2.8329417865129285 5.974534440102722 68.0 
179.0 355.0 2.8329417865129285 5.974534440102722 68.0 
179.0 356.0 2.8329417865129285 5.974534440102722 68.0 
179.0 357.0 2.8329417865129285 5.974534440102722 68.0 
180.0 351.0 2.8329417865129285 5.974534440102722 68.0 
180.0 352.0 2.8329417865129285 5.974534440102722 68.0 
180.0 353.0 2.8329417865129285 5.974534440102722 68.0 
180.0 354.0 2.8329417865129285 5.974534440102722 68.0 
180.0 355.0 2.8329417865129285 5.974534440102722 68.0 
180.0 356.0 2.8329417865129285 5.974534440102722 68.0 
181.0 351.0 2.8329417865129285 5.974534440102722 68.0 
181.0 352.0 2.8329417865129285 5.974534440102722 68.0 
181.0 353.0 2.8329417865129285 5.974534440102722 68.0 
181.0 354.0 2.8329417865129285 5.974534440102722 68.0 
181.0 355.0 2.8329417865129285 5.974534440102722 68.0 
181.0 356.0 2.8329417865129285 5.974534440102722 68.0 
182.0 350.0 2.8329417865129285 5.974534440102722 68.0 
182.0 351.0 2.8329417865129285 5.974534440102722 68.0 
182.0 352.0 2.8329417865129285 5.974534440102722 68.0 
182.0 353.0 2.8329417865129285 5.974534440102722 68.0 
182.0 354.0 2.8329417865129285 5.974534440102722 68.0 
182.0 355.0 2.8329417865129285 5.974534440102722 68.0 
182.0 356.0 2.8329417865129285 5.974534440102722 68.0 
183.0 350.0 2.8329417865129285 5.974534440102722 68.0 
183.0 351.0 2.8329417865129285 5.974534440102722 68.0 
183.0 352.0 2.8329417865129285 5.974534440102722 68.0 
183.0 353.0 2.8329417865129285 5.974534440102722 68.0 
183.0 354.0 2.8329417865129285 5.974534440102722 68.0 
183.0 355.0 2.8329417865129285 5.974534440102722 68.0 
184.0 350.0 2.8329417865129285 5.974534440102722 68.0 
184.0 351.0 2.8329417865129285 5.974534440102722 68.0 
184.0 352.0 2.8329417865129285 5.974534440102722 68.0 
184.0 353.0 2.8329417865129285 5.974534440102722 68.0 
184.0 354.0 2.8329417865129285 5.974534440102722 68.0 
184.0 355.0 2.8329417865129285 5.974534440102722 68.0 
185.0 350.0 2.8329417865129285 5.974534440102722 68.0 
185.0 351.0 2.8329417865129285 5.974534440102722 68.0 
185.0 352.0 2.8329417865129285 5.974534440102722 68.0 
185.0 353.0 2.8329417865129285 5.974534440102722 68.0 
185.0 354.0 2.8329417865129285 5.974534440102722 68.0 
185.0 355.0 2.8329417865129285 5.974534440102722 68.0 
186.0 349.0 2.8329417865129285 5.974534440102722 68.0 
186.0 350.0 2.8329417865129285 5.974534440102722 68.0 
186.0 351.0 2.8329417865129285 5.974534440102722 68.0 
186.0 352.0 2.8329417865129285 5.974534440102722 68.0 
186.0 353.0 2.8329417865129285 5.974534440102722 68.0 
186.0 354.0 2.8329417865129285 5.974534440102722 68.0 
186.0 355.0 2.8329417865129285 5.974534440102722 68.0 
187.0 349.0 2.8329417865129285 5.974534440102722 68.0 
187.0 350.0 2.8329417865129285 5.974534440102722 68.0 
187.0 351.0 2.8329417865129285 5.974534440102722 68.0 
187.0 352.0 2.8329417865129285 5.974534440102722 68.0 
187.0 353.0 2.8329417865129285 5.974534440102722 68.0 
187.0 354.0 2.8329417865129285 5.974534440102722 68.0 
188.0 349.0 2.8329417865129285 5.974534440102722 68.0 
188.0 350.0 2.8329417865129285 5.974534440102722 68.0 
188.0 351.0 2.8329417865129285 5.974534440102722 68.0 
188.0 352.0 2.8329417865129285 5.974534440102722 68.0 
188.0 353.0 2.8329417865129285 5.974534440102722 68.0 
188.0 354.0 2.8329417865129285 5.974534440102722 68.0 
189.0 348.0 2.8329417865129285 5.974534440102722 68.0 
189.0 349.0 2.8329417865129285 5.974534440102722 68.0 
189.0 350.0 2.8329417865129285 5.974534440102722 68.0 
189.0 351.0 2.8329417865129285 5.974534440102722 68.0 
189.0 352.0 2.8329417865129285 5.974534440102722 68.0 
189.0 353.0 2.8329417865129285 5.974534440102722 68.0 
189.0 354.0 2.8329417865129285 5.974534440102722 68.0 
190.0 348.0 2.8329417865129285 5.974534440102722 68.0 
190.0 349.0 2.8329417865129285 5.974534440102722 68.0 
190.0 350.0 2.8329417865129285 5.974534440102722 68.0 
190.0 351.0 2.8329417865129285 5.974534440102722 68.0 
190.0 352.0 2.8329417865129285 5.974534440102722 68.0 
190.0 353.0 2.8329417865129285 5.974534440102722 68.0 
191.0 348.0 2.8329417865129285 5.974534440102722 68.0 
191.0 349.0 2.8329417865129285 5.974534440102722 68.0 
191.0 350.0 2.8329417865129285 5.974534440102722 68.0 
191.0 351.0 2.8329417865129285 5.974534440102722 68.0 
191.0 352.0 2.8329417865129285 5.974534440102722 68.0 
191.0 353.0 2.8329417865129285 5.974534440102722 68.0 
192.0 347.0 2.8329417865129285 5.974534440102722 68.0 
192.0 348.0 2.8329417865129285 5.974534440102722 68.0 
192.0 349.0 2.8329417865129285 5.974534440102722 68.0 
192.0 350.0 2.8329417865129285 5.974534440102722 68.0 
192.0 351.0 2.8329417865129285 5.974534440102722 68.0 
192.0 352.0 2.8329417865129285 5.974534440102722 68.0 
192.0 353.0 2.8329417865129285 5.974534440102722 68.0 
193.0 347.0 2.8329417865129285 5.974534440102722 68.0 
193.0 348.0 2.8329417865129285 5.974534440102722 68.0 
193.0 349.0 2.8329417865129285 5.974534440102722 68.0 
193.0 350.0 2.8329417865129285 5.974534440102722 68.0 
193.0 351.0 2.8329417865129285 5.974534440102722 68.0 
193.0 352.0 2.8329417865129285 5.974534440102722 68.0 
194.0 347.0 2.8329417865129285 5.974534440102722 68.0 
194.0 348.0 2.8329417865129285 5.974534440102722 68.0 
194.0 349.0 2.8329417865129285 5.974534440102722 68.0 
194.0 350.0 2.8329417865129285 5.974534440102722 68.0 
194.0 351.0 2.8329417865129285 5.974534440102722 68.0 
194.0 352.0 2.8329417865129285 5.974534440102722 68.0 
195.0 346.0 2.8329417865129285 5.974534440102722 68.0 
195.0 347.0 2.8329417865129285 5.974534440102722 68.0 
195.0 348.0 2.8329417865129285 5.974534440102722 68.0 
195.0 349.0 2.8329417865129285 5.974534440102722 68.0 
195.0 350.0 2.8329417865129285 5.974534440102722 68.0 
195.0 351.0 2.8329417865129285 5.974534440102722 68.0 
195.0 352.0 2.8329417865129285 5.974534440102722 68.0 
196.0 346.0 2.8329417865129285 5.974534440102722 68.0 
196.0 347.0 2.8329417865129285 5.974534440102722 68.0 
196.0 348.0 2.8329417865129285 5.974534440102722 68.0 
196.0 349.0 2.8329417865129285 5.974534440102722 68.0 
196.0 350.0 2.8329417865129285 5.974534440102722 68.0 
196.0 351.0 2.8329417865129285 5.974534440102722 68.0 
197.0 346.0 2.8329417865129285 5.974534440102722 68.0 
197.0 347.0 2.8329417865129285 5.974534440102722 68.0 
197.0 348.0 2.8329417865129285 5.974534440102722 68.0 
197.0 349.0 2.8329417865129285 5.974534440102722 68.0 
197.0 350.0 2.8329417865129285 5.974534440102722 68.0 
197.0 351.0 2.8329417865129285 5.974534440102722 68.0 
198.0 345.0 2.8329417865129285 5.974534440102722 68.0 
198.0 346.0 2.8329417865129285 5.974534440102722 68.0 
198.0 347.0 2.8329417865129285 5.974534440102722 68.0 
198.0 348.0 2.8329417865129285 5.974534440102722 68.0 
198.0 349.0 2.8329417865129285 5.974534440102722 68.0 
198.0 350.0 2.8329417865129285 5.974534440102722 68.0 
198.0 351.0 2.8329417865129285 5.974534440102722 68.0 
199.0 345.0 2.8329417865129285 5.974534440102722 68.0 
199.0 346.0 2.8329417865129285 5.974534440102722 68.0 
199.0 347.0 2.8329417865129285 5.974534440102722 68.0 
199.0 348.0 2.8329417865129285 5.974534440102722 68.0 
199.0 349.0 2.8329417865129285 5.974534440102722 68.0 
199.0 350.0 2.8329417865129285 5.974534440102722 68.0 
200.0 345.0 2.8329417865129285 5.974534440102722 68.0 
200.0 346.0 2.8329417865129285 5.974534440102722 68.0 
200.0 347.0 2.8329417865129285 5.974534440102722 68.0 
200.0 348.0 2.8329417865129285 5.974534440102722 68.0 
200.0 349.0 2.8329417865129285 5.974534440102722 68.0 
200.0 350.0 2.8329417865129285 5.974534440102722 68.0 
201.0 344.0 2.8329417865129285 5.974534440102722 68.0 
201.0 345.0 2.8329417865129285 5.974534440102722 68.0 
201.0 346.0 2.8329417865129285 5.974534440102722 68.0 
201.0 347.0 2.8329417865129285 5.974534440102722 68.0 
201.0 348.0 2.8329417865129285 5.974534440102722 68.0 
201.0 349.0 2.8329417865129285 5.974534440102722 68.0 
201.0 350.0 2.8329417865129285 5.974534440102722 68.0 
202.0 344.0 2.8329417865129285 5.974534440102722 68.0 
202.0 345.0 2.8329417865129285 5.974534440102722 68.0 
202.0 346.0 2.8329417865129285 5.974534440102722 68.0 
202.0 347.0 2.8329417865129285 5.974534440102722 68.0 
202.0 348.0 2.8329417865129285 5.974534440102722 68.0 
202.0 349.0 2.8329417865129285 5.974534440102722 68.0 
203.0 344.0 2.8329417865129285 5.974534440102722 68.0 
203.0 345.0 2.8329417865129285 5.974534440102722 68.0 
203.0 346.0 2.8329417865129285 5.974534440102722 68.0 
203.0 347.0 2.8329417865129285 5.974534440102722 68.0 
203.0 348.0 2.8329417865129285 5.974534440102722 68.0 
203.0 349.0 2.8329417865129285 5.974534440102722 68.0 
204.0 343.0 2.8329417865129285 5.974534440102722 68.0 
204.0 344.0 2.8329417865129285 5.974534440102722 68.0 
204.0 345.0 2.8329417865129285 5.974534440102722 68.0 
204.0 346.0 2.8329417865129285 5.974534440102722 68.0 
204.0 347.0 2.8329417865129285 5.974534440102722 68.0 
204.0 348.0 2.8329417865129285 5.974534440102722 68.0 
204.0 349.0 2.8329417865129285 5.974534440102722 68.0 
205.0 343.0 2.8329417865129285 5.974534440102722 68.0 
205.0 344.0 2.8329417865129285 5.974534440102722 68.0 
205.0 345.0 2.8329417865129285 5.974534440102722 68.0 
205.0 346.0 2.8329417865129285 5.974534440102722 68.0 
205.0 347.0 2.8329417865129285 5.974534440102722 68.0 
205.0 348.0 2.8329417865129285 5.974534440102722 68.0 
206.0 343.0 2.8329417865129285 5.974534440102722 68.0 
206.0 344.0 2.8329417865129285 5.974534440102722 68.0 
206.0 345.0 2.8329417865129285 5.974534440102722 68.0 
206.0 346.0 2.8329417865129285 5.974534440102722 68.0 
206.0 347.0 2.8329417865129285 5.974534440102722 68.0 
206.0 348.0 2.8329417865129285 5.974534440102722 68.0 
207.0 343.0 2.8329417865129285 5.974534440102722 68.0 
207.0 344.0 2.8329417865129285 5.974534440102722 68.0 
207.0 345.0 2.8329417865129285 5.974534440102722 68.0 
207.0 346.0 2.8329417865129285 5.974534440102722 68.0 
207.0 347.0 2.8329417865129285 5.974534440102722 68.0 
207.0 348.0 2.8329417865129285 5.974534440102722 68.0 
208.0 342.0 2.8329417865129285 5.974534440102722 68.0 
208.0 343.0 2.8329417865129285 5.974534440102722 68.0 
208.0 344.0 2.8329417865129285 5.974534440102722 68.0 
208.0 345.0 2.8329417865129285 5.974534440102722 68.0 
208.0 346.0 2.8329417865129285 5.974534440102722 68.0 
208.0 347.0 2.8329417865129285 5.974534440102722 68.0 
209.0 342.0 2.8329417865129285 5.974534440102722 68.0 
209.0 343.0 2.8329417865129285 5.974534440102722 68.0 
209.0 344.0 2.8329417865129285 5.974534440102722 68.0 
209.0 345.0 2.8329417865129285 5.974534440102722 68.0 
209.0 346.0 2.8329417865129285 5.974534440102722 68.0 
209.0 347.0 2.8329417865129285 5.974534440102722 68.0 
210.0 342.0 2.8329417865129285 5.974534440102722 68.0 
210.0 343.0 2.8329417865129285 5.974534440102722 68.0 
210.0 344.0 2.8329417865129285 5.974534440102722 68.0 
210.0 345.0 2.8329417865129285 5.974534440102722 68.0 
210.0 346.0 2.8329417865129285 5.974534440102722 68.0 
210.0 347.0 2.8329417865129285 5.974534440102722 68.0 
211.0 341.0 2.8329417865129285 5.974534440102722 68.0 
211.0 342.0 2.8329417865129285 5.974534440102722 68.0 
211.0 343.0 2.8329417865129285 5.974534440102722 68.0 
211.0 344.0 2.8329417865129285 5.974534440102722 68.0 
211.0 345.0 2.8329417865129285 5.974534440102722 68.0 
211.0 346.0 2.8329417865129285 5.974534440102722 68.0 
211.0 347.0 2.8329417865129285 5.974534440102722 68.0 
212.0 341.0 2.8329417865129285 5.974534440102722 68.0 
212.0 342.0 2.8329417865129285 5.974534440102722 68.0 
212.0 343.0 2.8329417865129285 5.974534440102722 68.0 
212.0 344.0 2.8329417865129285 5.974534440102722 68.0 
212.0 345.0 2.8329417865129285 5.974534440102722 68.0 
212.0 346.0 2.8329417865129285 5.974534440102722 68.0 
213.0 341.0 2.8329417865129285 5.974534440102722 68.0 
213.0 342.0 2.8329417865129285 5.974534440102722 68.0 
213.0 343.0 2.8329417865129285 5.974534440102722 68.0 
213.0 344.0 2.8329417865129285 5.974534440102722 68.0 
213.0 345.0 2.8329417865129285 5.974534440102722 68.0 
213.0 346.0 2.8329417865129285 5.974534440102722 68.0 
214.0 340.0 2.8329417865129285 5.974534440102722 68.0 
214.0 341.0 2.8329417865129285 5.974534440102722 68.0 
214.0 342.0 2.8329417865129285 5.974534440102722 68.0 
214.0 343.0 2.8329417865129285 5.974534440102722 68.0 
214.0 344.0 2.8329417865129285 5.974534440102722 68.0 
214.0 345.0 2.8329417865129285 5.974534440102722 68.0 
214.0 346.0 2.8329417865129285 5.974534440102722 68.0 
215.0 340.0 2.8329417865129285 5.974534440102722 68.0 
215.0 341.0 2.8329417865129285 5.974534440102722 68.0 
215.0 342.0 2.8329417865129285 5.974534440102722 68.0 
215.0 343.0 2.8329417865129285 5.974534440102722 68.0 
215.0 344.0 2.8329417865129285 5.974534440102722 68.0 
215.0 345.0 2.8329417865129285 5.974534440102722 68.0 
216.0 340.0 2.8329417865129285 5.974534440102722 68.0 
216.0 341.0 2.8329417865129285 5.974534440102722 68.0 
216.0 342.0 2.8329417865129285 5.974534440102722 68.0 
216.0 343.0 2.8329417865129285 5.974534440102722 68.0 
216.0 344.0 2.8329417865129285 5.974534440102722 68.0 
216.0 345.0 2.8329417865129285 5.974534440102722 68.0 
217.0 339.0 2.8329417865129285 5.974534440102722 68.0 
217.0 340.0 2.8329417865129285 5.974534440102722 68.0 
217.0 341.0 2.8329417865129285 5.974534440102722 68.0 
217.0 342.0 2.8329417865129285 5.974534440102722 68.0 
217.0 343.0 2.8329417865129285 5.974534440102722 68.0 
217.0 344.0 2.8329417865129285 5.974534440102722 68.0 
217.0 345.0 2.8329417865129285 5.974534440102722 68.0 
218.0 339.0 2.8329417865129285 5.974534440102722 68.0 
218.0 340.0 2.8329417865129285 5.974534440102722 68.0 
218.0 341.0 2.8329417865129285 5.974534440102722 68.0 
218.0 342.0 2.8329417865129285 5.974534440102722 68.0 
218.0 343.0 2.8329417865129285 5.974534440102722 68.0 
218.0 344.0 2.8329417865129285 5.974534440102722 68.0 
219.0 339.0 2.8329417865129285 5.974534440102722 68.0 
219.0 340.0 2.8329417865129285 5.974534440102722 68.0 
219.0 341.0 2.8329417865129285 5.974534440102722 68.0 
219.0 342.0 2.8329417865129285 5.974534440102722 68.0 
219.0 343.0 2.8329417865129285 5.974534440102722 68.0 
219.0 344.0 2.8329417865129285 5.974534440102722 68.0 
220.0 338.0 2.8329417865129285 5.974534440102722 68.0 
220.0 339.0 2.8329417865129285 5.974534440102722 68.0 
220.0 340.0 2.8329417865129285 5.974534440102722 68.0 
220.0 341.0 2.8329417865129285 5.974534440102722 68.0 
220.0 342.0 2.8329417865129285 5.974534440102722 68.0 
220.0 343.0 2.8329417865129285 5.974534440102722 68.0 
220.0 344.0 2.8329417865129285 5.974534440102722 68.0 
221.0 338.0 2.8329417865129285 5.974534440102722 68.0 
221.0 339.0 2.8329417865129285 5.974534440102722 68.0 
221.0 340.0 2.8329417865129285 5.974534440102722 68.0 
221.0 341.0 2.8329417865129285 5.974534440102722 68.0 
221.0 342.0 2.8329417865129285 5.974534440102722 68.0 
221.0 343.0 2.8329417865129285 5.974534440102722 68.0 
222.0 338.0 2.8329417865129285 5.974534440102722 68.0 
222.0 339.0 2.8329417865129285 5.974534440102722 68.0 
222.0 340.0 2.8329417865129285 5.974534440102722 68.0 
222.0 341.0 2.8329417865129285 5.974534440102722 68.0 
222.0 342.0 2.8329417865129285 5.974534440102722 68.0 
222.0 343.0 2.8329417865129285 5.974534440102722 68.0 
223.0 337.0 2.8329417865129285 5.974534440102722 68.0 
223.0 338.0 2.8329417865129285 5.974534440102722 68.0 
223.0 339.0 2.8329417865129285 5.974534440102722 68.0 
223.0 340.0 2.8329417865129285 5.974534440102722 68.0 
223.0 341.0 2.8329417865129285 5.974534440102722 68.0 
223.0 342.0 2.8329417865129285 5.974534440102722 68.0 
223.0 343.0 2.8329417865129285 5.974534440102722 68.0 
224.0 337.0 2.8329417865129285 5.974534440102722 68.0 
224.0 338.0 2.8329417865129285 5.974534440102722 68.0 
224.0 339.0 2.8329417865129285 5.974534440102722 68.0 
224.0 340.0 2.8329417865129285 5.974534440102722 68.0 
224.0 341.0 2.8329417865129285 5.974534440102722 68.0 
224.0 342.0 2.8329417865129285 5.974534440102722 68.0 
225.0 337.0 2.8329417865129285 5.974534440102722 68.0 
225.0 338.0 2.8329417865129285 5.974534440102722 68.0 
225.0 339.0 2.8329417865129285 5.974534440102722 68.0 
225.0 340.0 2.8329417865129285 5.974534440102722 68.0 
225.0 341.0 2.8329417865129285 5.974534440102722 68.0 
225.0 342.0 2.8329417865129285 5.974534440102722 68.0 
226.0 336.0 2.8329417865129285 5.974534440102722 68.0 
226.0 337.0 2.8329417865129285 5.974534440102722 68.0 
226.0 338.0 2.8329417865129285 5.974534440102722 68.0 
226.0 339.0 2.8329417865129285 5.974534440102722 68.0 
226.0 340.0 2.8329417865129285 5.974534440102722 68.0 
226.0 341.0 2.8329417865129285 5.974534440102722 68.0 
226.0 342.0 2.8329417865129285 5.974534440102722 68.0 
227.0 336.0 2.8329417865129285 5.974534440102722 68.0 
227.0 337.0 2.8329417865129285 5.974534440102722 68.0 
227.0 338.0 2.8329417865129285 5.974534440102722 68.0 
227.0 339.0 2.8329417865129285 5.974534440102722 68.0 
227.0 340.0 2.8329417865129285 5.974534440102722 68.0 
227.0 341.0 2.8329417865129285 5.974534440102722 68.0 
228.0 336.0 2.8329417865129285 5.974534440102722 68.0 
228.0 337.0 2.8329417865129285 5.974534440102722 68.0 
228.0 338.0 2.8329417865129285 5.974534440102722 68.0 
228.0 339.0 2.8329417865129285 5.974534440102722 68.0 
228.0 340.0 2.8329417865129285 5.974534440102722 68.0 
228.0 341.0 2.8329417865129285 5.974534440102722 68.0 
229.0 335.0 2.8329417865129285 5.974534440102722 68.0 
229.0 336.0 2.8329417865129285 5.974534440102722 68.0 
229.0 337.0 2.8329417865129285 5.974534440102722 68.0 
229.0 338.0 2.8329417865129285 5.974534440102722 68.0 
229.0 339.0 2.8329417865129285 5.974534440102722 68.0 
229.0 340.0 2.8329417865129285 5.974534440102722 68.0 
229.0 341.0 2.8329417865129285 5.974534440102722 68.0 
230.0 335.0 2.8329417865129285 5.974534440102722 68.0 
230.0 336.0 2.8329417865129285 5.974534440102722 68.0 
230.0 337.0 2.8329417865129285 5.974534440102722 68.0 
230.0 338.0 2.8329417865129285 5.974534440102722 68.0 
230.0 339.0 2.8329417865129285 5.974534440102722 68.0 
230.0 340.0 2.8329417865129285 5.974534440102722 68.0 
231.0 335.0 2.8329417865129285 5.974534440102722 68.0 
231.0 336.0 2.8329417865129285 5.974534440102722 68.0 
231.0 337.0 2.8329417865129285 5.974534440102722 68.0 
231.0 338.0 2.8329417865129285 5.974534440102722 68.0 
231.0 339.0 2.8329417865129285 5.974534440102722 68.0 
231.0 340.0 2.8329417865129285 5.974534440102722 68.0 
232.0 335.0 2.8329417865129285 5.974534440102722 68.0 
232.0 336.0 2.8329417865129285 5.974534440102722 68.0 
232.0 337.0 2.8329417865129285 5.974534440102722 68.0 
232.0 338.0 2.8329417865129285 5.974534440102722 68.0 
232.0 339.0 2.8329417865129285 5.974534440102722 68.0 
232.0 340.0 2.8329417865129285 5.974534440102722 68.0 
233.0 334.0 2.8329417865129285 5.974534440102722 68.0 
233.0 335.0 2.8329417865129285 5.974534440102722 68.0 
233.0 336.0 2.8329417865129285 5.974534440102722 68.0 
233.0 337.0 2.8329417865129285 5.974534440102722 68.0 
233.0 338.0 2.8329417865129285 5.974534440102722 68.0 
233.0 339.0 2.8329417865129285 5.974534440102722 68.0 
233.0 340.0 2.8329417865129285 5.974534440102722 68.0 
234.0 334.0 2.8329417865129285 5.974534440102722 68.0 
234.0 335.0 2.8329417865129285 5.974534440102722 68.0 
234.0 336.0 2.8329417865129285 5.974534440102722 68.0 
234.0 337.0 2.8329417865129285 5.974534440102722 68.0 
234.0 338.0 2.8329417865129285 5.974534440102722 68.0 
234.0 339.0 2.8329417865129285 5.974534440102722 68.0 
235.0 334.0 2.8329417865129285 5.974534440102722 68.0 
235.0 335.0 2.8329417865129285 5.974534440102722 68.0 
235.0 336.0 2.8329417865129285 5.974534440102722 68.0 
235.0 337.0 2.8329417865129285 5.974534440102722 68.0 
235.0 338.0 2.8329417865129285 5.974534440102722 68.0 
235.0 339.0 2.8329417865129285 5.974534440102722 68.0 
236.0 333.0 2.8329417865129285 5.974534440102722 68.0 
236.0 334.0 2.8329417865129285 5.974534440102722 68.0 
236.0 335.0 2.8329417865129285 5.974534440102722 68.0 
236.0 336.0 2.8329417865129285 5.974534440102722 68.0 
236.0 337.0 2.8329417865129285 5.974534440102722 68.0 
236.0 338.0 2.8329417865129285 5.974534440102722 68.0 
236.0 339.0 2.8329417865129285 5.974534440102722 68.0 
237.0 333.0 2.8329417865129285 5.974534440102722 68.0 
237.0 334.0 2.8329417865129285 5.974534440102722 68.0 
237.0 335.0 2.8329417865129285 5.974534440102722 68.0 
237.0 336.0 2.8329417865129285 5.974534440102722 68.0 
237.0 337.0 2.8329417865129285 5.974534440102722 68.0 
237.0 338.0 2.8329417865129285 5.974534440102722 68.0 
238.0 333.0 2.8329417865129285 5.974534440102722 68.0 
238.0 334.0 2.8329417865129285 5.974534440102722 68.0 
238.0 335.0 2.8329417865129285 5.974534440102722 68.0 
238.0 336.0 2.8329417865129285 5.974534440102722 68.0 
238.0 337.0 2.8329417865129285 5.974534440102722 68.0 
238.0 338.0 2.8329417865129285 5.974534440102722 68.0 
239.0 332.0 2.8329417865129285 5.974534440102722 68.0 
239.0 333.0 2.8329417865129285 5.974534440102722 68.0 
239.0 334.0 2.8329417865129285 5.974534440102722 68.0 
239.0 335.0 2.8329417865129285 5.974534440102722 68.0 
239.0 336.0 2.8329417865129285 5.974534440102722 68.0 
239.0 337.0 2.8329417865129285 5.974534440102722 68.0 
239.0 338.0 2.8329417865129285 5.974534440102722 68.0 
240.0 332.0 2.8329417865129285 5.974534440102722 68.0 
240.0 333.0 2.8329417865129285 5.974534440102722 68.0 
240.0 334.0 2.8329417865129285 5.974534440102722 68.0 
240.0 335.0 2.8329417865129285 5.974534440102722 68.0 
240.0 336.0 2.8329417865129285 5.974534440102722 68.0 
240.0 337.0 2.8329417865129285 5.974534440102722 68.0 
241.0 332.0 2.8329417865129285 5.974534440102722 68.0 
241.0 333.0 2.8329417865129285 5.974534440102722 68.0 
241.0 334.0 2.8329417865129285 5.974534440102722 68.0 
241.0 335.0 2.8329417865129285 5.974534440102722 68.0 
241.0 336.0 2.8329417865129285 5.974534440102722 68.0 
241.0 337.0 2.8329417865129285 5.974534440102722 68.0 
242.0 334.0 2.8329417865129285 5.974534440102722 68.0 
242.0 335.0 2.8329417865129285 5.974534440102722 68.0 
242.0 336.0 2.8329417865129285 5.974534440102722 68.0 
242.0 337.0 2.8329417865129285 5.974534440102722 68.0 
250.0 332.0 3.235653888217779 0.09406123462798607 68.0 
250.0 333.0 3.235653888217779 0.09406123462798607 68.0 
250.0 334.0 3.235653888217779 0.09406123462798607 68.0 
250.0 335.0 3.235653888217779 0.09406123462798607 68.0 
251.0 330.0 3.235653888217779 0.09406123462798607 68.0 
251.0 331.0 3.235653888217779 0.09406123462798607 68.0 
251.0 332.0 3.235653888217779 0.09406123462798607 68.0 
251.0 333.0 3.235653888217779 0.09406123462798607 68.0 
251.0 334.0 3.235653888217779 0.09406123462798607 68.0 
251.0 335.0 3.235653888217779 0.09406123462798607 68.0 
252.0 330.0 3.235653888217779 0.09406123462798607 68.0 
252.0 331.0 3.235653888217779 0.09406123462798607 68.0 
252.0 332.0 3.235653888217779 0.09406123462798607 68.0 
252.0 333.0 3.235653888217779 0.09406123462798607 68.0 
252.0 334.0 3.235653888217779 0.09406123462798607 68.0 
252.0 335.0 3.235653888217779 0.09406123462798607 68.0 
253.0 330.0 3.235653888217779 0.09406123462798607 68.0 
253.0 331.0 3.235653888217779 0.09406123462798607 68.0 
253.0 332.0 3.235653888217779 0.09406123462798607 68.0 
253.0 333.0 3.235653888217779 0.09406123462798607 68.0 
253.0 334.0 3.235653888217779 0.09406123462798607 68.0 
253.0 335.0 3.235653888217779 0.09406123462798607 68.0 
254.0 330.0 3.235653888217779 0.09406123462798607 68.0 
254.0 331.0 3.235653888217779 0.09406123462798607 68.0 
254.0 332.0 3.235653888217779 0.09406123462798607 68.0 
254.0 333.0 3.235653888217779 0.09406123462798607 68.0 
254.0 334.0 3.235653888217779 0.09406123462798607 68.0 
254.0 335.0 3.235653888217779 0.09406123462798607 68.0 
255.0 330.0 3.235653888217779 0.09406123462798607 68.0 
255.0 331.0 3.235653888217779 0.09406123462798607 68.0 
255.0 332.0 3.235653888217779 0.09406123462798607 68.0 
255.0 333.0 3.235653888217779 0.09406123462798607 68.0 
255.0 334.0 3.235653888217779 0.09406123462798607 68.0 
255.0 335.0 3.235653888217779 0.09406123462798607 68.0 
256.0 330.0 3.235653888217779 0.09406123462798607 68.0 
256.0 331.0 3.235653888217779 0.09406123462798607 68.0 
256.0 332.0 3.235653888217779 0.09406123462798607 68.0 
256.0 333.0 3.235653888217779 0.09406123462798607 68.0 
256.0 334.0 3.235653888217779 0.09406123462798607 68.0 
256.0 335.0 3.235653888217779 0.09406123462798607 68.0 
257.0 330.0 3.235653888217779 0.09406123462798607 68.0 
257.0 331.0 3.235653888217779 0.09406123462798607 68.0 
257.0 332.0 3.235653888217779 0.09406123462798607 68.0 
257.0 333.0 3.235653888217779 0.09406123462798607 68.0 
257.0 334.0 3.235653888217779 0.09406123462798607 68.0 
257.0 335.0 3.235653888217779 0.09406123462798607 68.0 
258.0 330.0 3.235653888217779 0.09406123462798607 68.0 
258.0 331.0 3.235653888217779 0.09406123462798607 68.0 
258.0 332.0 3.235653888217779 0.09406123462798607 68.0 
258.0 333.0 3.235653888217779 0.09406123462798607 68.0 
258.0 334.0 3.235653888217779 0.09406123462798607 68.0 
258.0 335.0 3.235653888217779 0.09406123462798607 68.0 
259.0 330.0 3.235653888217779 0.09406123462798607 68.0 
259.0 331.0 3.235653888217779 0.09406123462798607 68.0 
259.0 332.0 3.235653888217779 0.09406123462798607 68.0 
259.0 333.0 3.235653888217779 0.09406123462798607 68.0 
259.0 334.0 3.235653888217779 0.09406123462798607 68.0 
259.0 335.0 3.235653888217779 0.09406123462798607 68.0 
260.0 330.0 3.235653888217779 0.09406123462798607 68.0 
260.0 331.0 3.235653888217779 0.09406123462798607 68.0 
260.0 332.0 3.235653888217779 0.09406123462798607 68.0 
260.0 333.0 3.235653888217779 0.09406123462798607 68.0 
260.0 334.0 3.235653888217779 0.09406123462798607 68.0 
260.0 335.0 3.235653888217779 0.09406123462798607 68.0 
261.0 331.0 3.235653888217779 0.09406123462798607 68.0 
261.0 332.0 3.235653888217779 0.09406123462798607 68.0 
261.0 333.0 3.235653888217779 0.09406123462798607 68.0 
261.0 334.0 3.235653888217779 0.09406123462798607 68.0 
261.0 335.0 3.235653888217779 0.09406123462798607 68.0 
261.0 336.0 3.235653888217779 0.09406123462798607 68.0 
262.0 331.0 3.235653888217779 0.09406123462798607 68.0 
262.0 332.0 3.235653888217779 0.09406123462798607 68.0 
262.0 333.0 3.235653888217779 0.09406123462798607 68.0 
262.0 334.0 3.235653888217779 0.09406123462798607 68.0 
262.0 335.0 3.235653888217779 0.09406123462798607 68.0 
262.0 336.0 3.235653888217779 0.09406123462798607 68.0 
263.0 331.0 3.235653888217779 0.09406123462798607 68.0 
263.0 332.0 3.235653888217779 0.09406123462798607 68.0 
263.0 333.0 3.235653888217779 0.09406123462798607 68.0 
263.0 334.0 3.235653888217779 0.09406123462798607 68.0 
263.0 335.0 3.235653888217779 0.09406123462798607 68.0 
263.0 336.0 3.235653888217779 0.09406123462798607 68.0 
264.0 331.0 3.235653888217779 0.09406123462798607 68.0 
264.0 332.0 3.235653888217779 0.09406123462798607 68.0 
264.0 333.0 3.235653888217779 0.09406123462798607 68.0 
264.0 334.0 3.235653888217779 0.09406123462798607 68.0 
264.0 335.0 3.235653888217779 0.09406123462798607 68.0 
264.0 336.0 3.235653888217779 0.09406123462798607 68.0 
265.0 331.0 3.235653888217779 0.09406123462798607 68.0 
265.0 332.0 3.235653888217779 0.09406123462798607 68.0 
265.0 333.0 3.235653888217779 0.09406123462798607 68.0 
265.0 334.0 3.235653888217779 0.09406123462798607 68.0 
265.0 335.0 3.235653888217779 0.09406123462798607 68.0 
265.0 336.0 3.235653888217779 0.09406123462798607 68.0 
266.0 331.0 3.235653888217779 0.09406123462798607 68.0 
266.0 332.0 3.235653888217779 0.09406123462798607 68.0 
266.0 333.0 3.235653888217779 0.09406123462798607 68.0 
266.0 334.0 3.235653888217779 0.09406123462798607 68.0 
266.0 335.0 3.235653888217779 0.09406123462798607 68.0 
266.0 336.0 3.235653888217779 0.09406123462798607 68.0 
267.0 331.0 3.235653888217779 0.09406123462798607 68.0 
267.0 332.0 3.235653888217779 0.09406123462798607 68.0 
267.0 333.0 3.235653888217779 0.09406123462798607 68.0 
267.0 334.0 3.235653888217779 0.09406123462798607 68.0 
267.0 335.0 3.235653888217779 0.09406123462798607 68.0 
267.0 336.0 3.235653888217779 0.09406123462798607 68.0 
268.0 331.0 3.235653888217779 0.09406123462798607 68.0 
268.0 332.0 3.235653888217779 0.09406123462798607 68.0 
268.0 333.0 3.235653888217779 0.09406123462798607 68.0 
268.0 334.0 3.235653888217779 0.09406123462798607 68.0 
268.0 335.0 3.235653888217779 0.09406123462798607 68.0 
268.0 336.0 3.235653888217779 0.09406123462798607 68.0 
269.0 331.0 3.235653888217779 0.09406123462798607 68.0 
269.0 332.0 3.235653888217779 0.09406123462798607 68.0 
269.0 333.0 3.235653888217779 0.09406123462798607 68.0 
269.0 334.0 3.235653888217779 0.09406123462798607 68.0 
269.0 335.0 3.235653888217779 0.09406123462798607 68.0 
269.0 336.0 3.235653888217779 0.09406123462798607 68.0 
270.0 331.0 3.235653888217779 0.09406123462798607 68.0 
270.0 332.0 3.235653888217779 0.09406123462798607 68.0 
270.0 333.0 3.235653888217779 0.09406123462798607 68.0 
270.0 334.0 3.235653888217779 0.09406123462798607 68.0 
270.0 335.0 3.235653888217779 0.09406123462798607 68.0 
270.0 336.0 3.235653888217779 0.09406123462798607 68.0 
271.0 331.0 3.235653888217779 0.09406123462798607 68.0 
271.0 332.0 3.235653888217779 0.09406123462798607 68.0 
271.0 333.0 3.235653888217779 0.09406123462798607 68.0 
271.0 334.0 3.235653888217779 0.09406123462798607 68.0 
271.0 335.0 3.235653888217779 0.09406123462798607 68.0 
271.0 336.0 3.235653888217779 0.09406123462798607 68.0 
272.0 332.0 3.235653888217779 0.09406123462798607 68.0 
272.0 333.0 3.235653888217779 0.09406123462798607 68.0 
272.0 334.0 3.235653888217779 0.09406123462798607 68.0 
272.0 335.0 3.235653888217779 0.09406123462798607 68.0 
272.0 336.0 3.235653888217779 0.09406123462798607 68.0 
272.0 337.0 3.235653888217779 0.09406123462798607 68.0 
273.0 332.0 3.235653888217779 0.09406123462798607 68.0 
273.0 333.0 3.235653888217779 0.09406123462798607 68.0 
273.0 334.0 3.235653888217779 0.09406123462798607 68.0 
273.0 335.0 3.235653888217779 0.09406123462798607 68.0 
273.0 336.0 3.235653888217779 0.09406123462798607 68.0 
273.0 337.0 3.235653888217779 0.09406123462798607 68.0 
274.0 332.0 3.235653888217779 0.09406123462798607 68.0 
274.0 333.0 3.235653888217779 0.09406123462798607 68.0 
274.0 334.0 3.235653888217779 0.09406123462798607 68.0 
274.0 335.0 3.235653888217779 0.09406123462798607 68.0 
274.0 336.0 3.235653888217779 0.09406123462798607 68.0 
274.0 337.0 3.235653888217779 0.09406123462798607 68.0 
275.0 332.0 3.235653888217779 0.09406123462798607 68.0 
275.0 333.0 3.235653888217779 0.09406123462798607 68.0 
275.0 334.0 3.235653888217779 0.09406123462798607 68.0 
275.0 335.0 3.235653888217779 0.09406123462798607 68.0 
275.0 336.0 3.235653888217779 0.09406123462798607 68.0 
275.0 337.0 3.235653888217779 0.09406123462798607 68.0 
276.0 332.0 3.235653888217779 0.09406123462798607 68.0 
276.0 333.0 3.235653888217779 0.09406123462798607 68.0 
276.0 334.0 3.235653888217779 0.09406123462798607 68.0 
276.0 335.0 3.235653888217779 0.09406123462798607 68.0 
276.0 336.0 3.235653888217779 0.09406123462798607 68.0 
276.0 337.0 3.235653888217779 0.09406123462798607 68.0 
277.0 332.0 3.235653888217779 0.09406123462798607 68.0 
277.0 333.0 3.235653888217779 0.09406123462798607 68.0 
277.0 334.0 3.235653888217779 0.09406123462798607 68.0 
277.0 335.0 3.235653888217779 0.09406123462798607 68.0 
277.0 336.0 3.235653888217779 0.09406123462798607 68.0 
277.0 337.0 3.235653888217779 0.09406123462798607 68.0 
278.0 332.0 3.235653888217779 0.09406123462798607 68.0 
278.0 333.0 3.235653888217779 0.09406123462798607 68.0 
278.0 334.0 3.235653888217779 0.09406123462798607 68.0 
278.0 335.0 3.235653888217779 0.09406123462798607 68.0 
278.0 336.0 3.235653888217779 0.09406123462798607 68.0 
278.0 337.0 3.235653888217779 0.09406123462798607 68.0 
279.0 332.0 3.235653888217779 0.09406123462798607 68.0 
279.0 333.0 3.235653888217779 0.09406123462798607 68.0 
279.0 334.0 3.235653888217779 0.09406123462798607 68.0 
279.0 335.0 3.235653888217779 0.09406123462798607 68.0 
279.0 336.0 3.235653888217779 0.09406123462798607 68.0 
279.0 337.0 3.235653888217779 0.09406123462798607 68.0 
280.0 332.0 3.235653888217779 0.09406123462798607 68.0 
280.0 333.0 3.235653888217779 0.09406123462798607 68.0 
280.0 334.0 3.235653888217779 0.09406123462798607 68.0 
280.0 335.0 3.235653888217779 0.09406123462798607 68.0 
280.0 336.0 3.235653888217779 0.09406123462798607 68.0 
280.0 337.0 3.235653888217779 0.09406123462798607 68.0 
281.0 332.0 3.235653888217779 0.09406123462798607 68.0 
281.0 333.0 3.235653888217779 0.09406123462798607 68.0 
281.0 334.0 3.235653888217779 0.09406123462798607 68.0 
281.0 335.0 3.235653888217779 0.09406123462798607 68.0 
281.0 336.0 3.235653888217779 0.09406123462798607 68.0 
281.0 337.0 3.235653888217779 0.09406123462798607 68.0 
282.0 333.0 3.235653888217779 0.09406123462798607 68.0 
282.0 334.0 3.235653888217779 0.09406123462798607 68.0 
282.0 335.0 3.235653888217779 0.09406123462798607 68.0 
282.0 336.0 3.235653888217779 0.09406123462798607 68.0 
282.0 337.0 3.235653888217779 0.09406123462798607 68.0 
282.0 338.0 3.235653888217779 0.09406123462798607 68.0 
283.0 333.0 3.235653888217779 0.09406123462798607 68.0 
283.0 334.0 3.235653888217779 0.09406123462798607 68.0 
283.0 335.0 3.235653888217779 0.09406123462798607 68.0 
283.0 336.0 3.235653888217779 0.09406123462798607 68.0 
283.0 337.0 3.235653888217779 0.09406123462798607 68.0 
283.0 338.0 3.235653888217779 0.09406123462798607 68.0 
284.0 333.0 3.235653888217779 0.09406123462798607 68.0 
284.0 334.0 3.235653888217779 0.09406123462798607 68.0 
284.0 335.0 3.235653888217779 0.09406123462798607 68.0 
284.0 336.0 3.235653888217779 0.09406123462798607 68.0 
284.0 337.0 3.235653888217779 0.09406123462798607 68.0 
284.0 338.0 3.235653888217779 0.09406123462798607 68.0 
285.0 333.0 3.235653888217779 0.09406123462798607 68.0 
285.0 334.0 3.235653888217779 0.09406123462798607 68.0 
285.0 335.0 3.235653888217779 0.09406123462798607 68.0 
285.0 336.0 3.235653888217779 0.09406123462798607 68.0 
285.0 337.0 3.235653888217779 0.09406123462798607 68.0 
285.0 338.0 3.235653888217779 0.09406123462798607 68.0 
286.0 333.0 3.235653888217779 0.09406123462798607 68.0 
286.0 334.0 3.235653888217779 0.09406123462798607 68.0 
286.0 335.0 3.235653888217779 0.09406123462798607 68.0 
286.0 336.0 3.235653888217779 0.09406123462798607 68.0 
286.0 337.0 3.235653888217779 0.09406123462798607 68.0 
286.0 338.0 3.235653888217779 0.09406123462798607 68.0 
287.0 333.0 3.235653888217779 0.09406123462798607 68.0 
287.0 334.0 3.235653888217779 0.09406123462798607 68.0 
287.0 335.0 3.235653888217779 0.09406123462798607 68.0 
287.0 336.0 3.235653888217779 0.09406123462798607 68.0 
287.0 337.0 3.235653888217779 0.09406123462798607 68.0 
287.0 338.0 3.235653888217779 0.09406123462798607 68.0 
288.0 333.0 3.235653888217779 0.09406123462798607 68.0 
288.0 334.0 3.235653888217779 0.09406123462798607 68.0 
288.0 335.0 3.235653888217779 0.09406123462798607 68.0 
288.0 336.0 3.235653888217779 0.09406123462798607 68.0 
288.0 337.0 3.235653888217779 0.09406123462798607 68.0 
288.0 338.0 3.235653888217779 0.09406123462798607 68.0 
289.0 333.0 3.235653888217779 0.09406123462798607 68.0 
289.0 334.0 3.235653888217779 0.09406123462798607 68.0 
289.0 335.0 3.235653888217779 0.09406123462798607 68.0 
289.0 336.0 3.235653888217779 0.09406123462798607 68.0 
289.0 337.0 3.235653888217779 0.09406123462798607 68.0 
289.0 338.0 3.235653888217779 0.09406123462798607 68.0 
290.0 333.0 3.235653888217779 0.09406123462798607 68.0 
290.0 334.0 3.235653888217779 0.09406123462798607 68.0 
290.0 335.0 3.235653888217779 0.09406123462798607 68.0 
290.0 336.0 3.235653888217779 0.09406123462798607 68.0 
290.0 337.0 3.235653888217779 0.09406123462798607 68.0 
290.0 338.0 3.235653888217779 0.09406123462798607 68.0 
291.0 333.0 3.235653888217779 0.09406123462798607 68.0 
291.0 334.0 3.235653888217779 0.09406123462798607 68.0 
291.0 335.0 3.235653888217779 0.09406123462798607 68.0 
291.0 336.0 3.235653888217779 0.09406123462798607 68.0 
291.0 337.0 3.235653888217779 0.09406123462798607 68.0 
291.0 338.0 3.235653888217779 0.09406123462798607 68.0 
292.0 333.0 3.235653888217779 0.09406123462798607 68.0 
292.0 334.0 3.235653888217779 0.09406123462798607 68.0 
292.0 335.0 3.235653888217779 0.09406123462798607 68.0 
292.0 336.0 3.235653888217779 0.09406123462798607 68.0 
292.0 337.0 3.235653888217779 0.09406123462798607 68.0 
292.0 338.0 3.235653888217779 0.09406123462798607 68.0 
293.0 334.0 3.235653888217779 0.09406123462798607 68.0 
293.0 335.0 3.235653888217779 0.09406123462798607 68.0 
293.0 336.0 3.235653888217779 0.09406123462798607 68.0 
293.0 337.0 3.235653888217779 0.09406123462798607 68.0 
293.0 338.0 3.235653888217779 0.09406123462798607 68.0 
293.0 339.0 3.235653888217779 0.09406123462798607 68.0 
294.0 334.0 3.235653888217779 0.09406123462798607 68.0 
294.0 335.0 3.235653888217779 0.09406123462798607 68.0 
294.0 336.0 3.235653888217779 0.09406123462798607 68.0 
294.0 337.0 3.235653888217779 0.09406123462798607 68.0 
294.0 338.0 3.235653888217779 0.09406123462798607 68.0 
294.0 339.0 3.235653888217779 0.09406123462798607 68.0 
295.0 334.0 3.235653888217779 0.09406123462798607 68.0 
295.0 335.0 3.235653888217779 0.09406123462798607 68.0 
295.0 336.0 3.235653888217779 0.09406123462798607 68.0 
295.0 337.0 3.235653888217779 0.09406123462798607 68.0 
295.0 338.0 3.235653888217779 0.09406123462798607 68.0 
295.0 339.0 3.235653888217779 0.09406123462798607 68.0 
296.0 334.0 3.235653888217779 0.09406123462798607 68.0 
296.0 335.0 3.235653888217779 0.09406123462798607 68.0 
296.0 336.0 3.235653888217779 0.09406123462798607 68.0 
296.0 337.0 3.235653888217779 0.09406123462798607 68.0 
296.0 338.0 3.235653888217779 0.09406123462798607 68.0 
296.0 339.0 3.235653888217779 0.09406123462798607 68.0 
297.0 334.0 3.235653888217779 0.09406123462798607 68.0 
297.0 335.0 3.235653888217779 0.09406123462798607 68.0 
297.0 336.0 3.235653888217779 0.09406123462798607 68.0 
297.0 337.0 3.235653888217779 0.09406123462798607 68.0 
297.0 338.0 3.235653888217779 0.09406123462798607 68.0 
297.0 339.0 3.235653888217779 0.09406123462798607 68.0 
298.0 334.0 3.235653888217779 0.09406123462798607 68.0 
298.0 335.0 3.235653888217779 0.09406123462798607 68.0 
298.0 336.0 3.235653888217779 0.09406123462798607 68.0 
298.0 337.0 3.235653888217779 0.09406123462798607 68.0 
298.0 338.0 3.235653888217779 0.09406123462798607 68.0 
298.0 339.0 3.235653888217779 0.09406123462798607 68.0 
299.0 334.0 3.235653888217779 0.09406123462798607 68.0 
299.0 335.0 3.235653888217779 0.09406123462798607 68.0 
299.0 336.0 3.235653888217779 0.09406123462798607 68.0 
299.0 337.0 3.235653888217779 0.09406123462798607 68.0 
299.0 338.0 3.235653888217779 0.09406123462798607 68.0 
299.0 339.0 3.235653888217779 0.09406123462798607 68.0 
300.0 334.0 3.235653888217779 0.09406123462798607 68.0 
300.0 335.0 3.235653888217779 0.09406123462798607 68.0 
300.0 336.0 3.235653888217779 0.09406123462798607 68.0 
300.0 337.0 3.235653888217779 0.09406123462798607 68.0 
300.0 338.0 3.235653888217779 0.09406123462798607 68.0 
300.0 339.0 3.235653888217779 0.09406123462798607 68.0 
301.0 334.0 3.235653888217779 0.09406123462798607 68.0 
301.0 335.0 3.235653888217779 0.09406123462798607 68.0 
301.0 336.0 3.235653888217779 0.09406123462798607 68.0 
301.0 337.0 3.235653888217779 0.09406123462798607 68.0 
301.0 338.0 3.235653888217779 0.09406123462798607 68.0 
301.0 339.0 3.235653888217779 0.09406123462798607 68.0 
302.0 334.0 3.235653888217779 0.09406123462798607 68.0 
302.0 335.0 3.235653888217779 0.09406123462798607 68.0 
302.0 336.0 3.235653888217779 0.09406123462798607 68.0 
302.0 337.0 3.235653888217779 0.09406123462798607 68.0 
302.0 338.0 3.235653888217779 0.09406123462798607 68.0 
302.0 339.0 3.235653888217779 0.09406123462798607 68.0 
303.0 334.0 3.235653888217779 0.09406123462798607 68.0 
303.0 335.0 3.235653888217779 0.09406123462798607 68.0 
303.0 336.0 3.235653888217779 0.09406123462798607 68.0 
