266.0 291.0 1.5707963267948966 4.71238898038469 48.0 
266.0 292.0 1.5707963267948966 4.71238898038469 48.0 
266.0 293.0 1.5707963267948966 4.71238898038469 48.0 
266.0 294.0 1.5707963267948966 4.71238898038469 48.0 
266.0 295.0 1.5707963267948966 4.71238898038469 48.0 
266.0 296.0 1.5707963267948966 4.71238898038469 48.0 
266.0 297.0 1.5707963267948966 4.71238898038469 48.0 
266.0 298.0 1.5707963267948966 4.71238898038469 48.0 
266.0 299.0 1.5707963267948966 4.71238898038469 48.0 
266.0 300.0 1.5707963267948966 4.71238898038469 48.0 
266.0 301.0 1.5707963267948966 4.71238898038469 48.0 
266.0 302.0 1.5707963267948966 4.71238898038469 48.0 
266.0 303.0 1.5707963267948966 4.71238898038469 48.0 
266.0 304.0 1.5707963267948966 4.71238898038469 48.0 
266.0 305.0 1.5707963267948966 4.71238898038469 48.0 
266.0 306.0 1.5707963267948966 4.71238898038469 48.0 
266.0 307.0 1.5707963267948966 4.71238898038469 48.0 
266.0 308.0 1.5707963267948966 4.71238898038469 48.0 
266.0 309.0 1.5707963267948966 4.71238898038469 48.0 
266.0 310.0 1.5707963267948966 4.71238898038469 48.0 
266.0 311.0 1.5707963267948966 4.71238898038469 48.0 
266.0 312.0 1.5707963267948966 4.71238898038469 48.0 
266.0 313.0 1.5707963267948966 4.71238898038469 48.0 
266.0 314.0 1.5707963267948966 4.71238898038469 48.0 
266.0 315.0 1.5707963267948966 4.71238898038469 48.0 
266.0 316.0 1.5707963267948966 4.71238898038469 48.0 
266.0 317.0 1.5707963267948966 4.71238898038469 48.0 
266.0 318.0 1.5707963267948966 4.71238898038469 48.0 
267.0 291.0 1.5707963267948966 4.71238898038469 48.0 
267.0 292.0 1.5707963267948966 4.71238898038469 48.0 
267.0 293.0 1.5707963267948966 4.71238898038469 48.0 
267.0 294.0 1.5707963267948966 4.71238898038469 48.0 
267.0 295.0 1.5707963267948966 4.71238898038469 48.0 
267.0 296.0 1.5707963267948966 4.71238898038469 48.0 
267.0 297.0 1.5707963267948966 4.71238898038469 48.0 
267.0 298.0 1.5707963267948966 4.71238898038469 48.0 
267.0 299.0 1.5707963267948966 4.71238898038469 48.0 
267.0 300.0 1.5707963267948966 4.71238898038469 48.0 
267.0 301.0 1.5707963267948966 4.71238898038469 48.0 
267.0 302.0 1.5707963267948966 4.71238898038469 48.0 
267.0 303.0 1.5707963267948966 4.71238898038469 48.0 
267.0 304.0 1.5707963267948966 4.71238898038469 48.0 
267.0 305.0 1.5707963267948966 4.71238898038469 48.0 
267.0 306.0 1.5707963267948966 4.71238898038469 48.0 
267.0 307.0 1.5707963267948966 4.71238898038469 48.0 
267.0 308.0 1.5707963267948966 4.71238898038469 48.0 
267.0 309.0 1.5707963267948966 4.71238898038469 48.0 
267.0 310.0 1.5707963267948966 4.71238898038469 48.0 
267.0 311.0 1.5707963267948966 4.71238898038469 48.0 
267.0 312.0 1.5707963267948966 4.71238898038469 48.0 
267.0 313.0 1.5707963267948966 4.71238898038469 48.0 
267.0 314.0 1.5707963267948966 4.71238898038469 48.0 
267.0 315.0 1.5707963267948966 4.71238898038469 48.0 
267.0 316.0 1.5707963267948966 4.71238898038469 48.0 
267.0 317.0 1.5707963267948966 4.71238898038469 48.0 
267.0 318.0 1.5707963267948966 4.71238898038469 48.0 
268.0 291.0 1.5707963267948966 4.71238898038469 48.0 
268.0 292.0 1.5707963267948966 4.71238898038469 48.0 
268.0 293.0 1.5707963267948966 4.71238898038469 48.0 
268.0 294.0 1.5707963267948966 4.71238898038469 48.0 
268.0 295.0 1.5707963267948966 4.71238898038469 48.0 
268.0 296.0 1.5707963267948966 4.71238898038469 48.0 
268.0 297.0 1.5707963267948966 4.71238898038469 48.0 
268.0 298.0 1.5707963267948966 4.71238898038469 48.0 
268.0 299.0 1.5707963267948966 4.71238898038469 48.0 
268.0 300.0 1.5707963267948966 4.71238898038469 48.0 
268.0 301.0 1.5707963267948966 4.71238898038469 48.0 
268.0 302.0 1.5707963267948966 4.71238898038469 48.0 
268.0 303.0 1.5707963267948966 4.71238898038469 48.0 
268.0 304.0 1.5707963267948966 4.71238898038469 48.0 
268.0 305.0 1.5707963267948966 4.71238898038469 48.0 
268.0 306.0 1.5707963267948966 4.71238898038469 48.0 
268.0 307.0 1.5707963267948966 4.71238898038469 48.0 
268.0 308.0 1.5707963267948966 4.71238898038469 48.0 
268.0 309.0 1.5707963267948966 4.71238898038469 48.0 
268.0 310.0 1.5707963267948966 4.71238898038469 48.0 
268.0 311.0 1.5707963267948966 4.71238898038469 48.0 
268.0 312.0 1.5707963267948966 4.71238898038469 48.0 
268.0 313.0 1.5707963267948966 4.71238898038469 48.0 
268.0 314.0 1.5707963267948966 4.71238898038469 48.0 
268.0 315.0 1.5707963267948966 4.71238898038469 48.0 
268.0 316.0 1.5707963267948966 4.71238898038469 48.0 
268.0 317.0 1.5707963267948966 4.71238898038469 48.0 
268.0 318.0 1.5707963267948966 4.71238898038469 48.0 
269.0 291.0 1.5707963267948966 4.71238898038469 48.0 
269.0 292.0 1.5707963267948966 4.71238898038469 48.0 
269.0 293.0 1.5707963267948966 4.71238898038469 48.0 
269.0 294.0 1.5707963267948966 4.71238898038469 48.0 
269.0 295.0 1.5707963267948966 4.71238898038469 48.0 
269.0 296.0 1.5707963267948966 4.71238898038469 48.0 
269.0 297.0 1.5707963267948966 4.71238898038469 48.0 
269.0 298.0 1.5707963267948966 4.71238898038469 48.0 
269.0 299.0 1.5707963267948966 4.71238898038469 48.0 
269.0 300.0 1.5707963267948966 4.71238898038469 48.0 
269.0 301.0 1.5707963267948966 4.71238898038469 48.0 
269.0 302.0 1.5707963267948966 4.71238898038469 48.0 
269.0 303.0 1.5707963267948966 4.71238898038469 48.0 
269.0 304.0 1.5707963267948966 4.71238898038469 48.0 
269.0 305.0 1.5707963267948966 4.71238898038469 48.0 
269.0 306.0 1.5707963267948966 4.71238898038469 48.0 
269.0 307.0 1.5707963267948966 4.71238898038469 48.0 
269.0 308.0 1.5707963267948966 4.71238898038469 48.0 
269.0 309.0 1.5707963267948966 4.71238898038469 48.0 
269.0 310.0 1.5707963267948966 4.71238898038469 48.0 
269.0 311.0 1.5707963267948966 4.71238898038469 48.0 
269.0 312.0 1.5707963267948966 4.71238898038469 48.0 
269.0 313.0 1.5707963267948966 4.71238898038469 48.0 
269.0 314.0 1.5707963267948966 4.71238898038469 48.0 
269.0 315.0 1.5707963267948966 4.71238898038469 48.0 
269.0 316.0 1.5707963267948966 4.71238898038469 48.0 
269.0 317.0 1.5707963267948966 4.71238898038469 48.0 
269.0 318.0 1.5707963267948966 4.71238898038469 48.0 
270.0 291.0 1.5707963267948966 4.71238898038469 48.0 
270.0 292.0 1.5707963267948966 4.71238898038469 48.0 
270.0 293.0 1.5707963267948966 4.71238898038469 48.0 
270.0 294.0 1.5707963267948966 4.71238898038469 48.0 
270.0 295.0 1.5707963267948966 4.71238898038469 48.0 
270.0 296.0 1.5707963267948966 4.71238898038469 48.0 
270.0 297.0 1.5707963267948966 4.71238898038469 48.0 
270.0 298.0 1.5707963267948966 4.71238898038469 48.0 
270.0 299.0 1.5707963267948966 4.71238898038469 48.0 
270.0 300.0 1.5707963267948966 4.71238898038469 48.0 
270.0 301.0 1.5707963267948966 4.71238898038469 48.0 
270.0 302.0 1.5707963267948966 4.71238898038469 48.0 
270.0 303.0 1.5707963267948966 4.71238898038469 48.0 
270.0 304.0 1.5707963267948966 4.71238898038469 48.0 
270.0 305.0 1.5707963267948966 4.71238898038469 48.0 
270.0 306.0 1.5707963267948966 4.71238898038469 48.0 
270.0 307.0 1.5707963267948966 4.71238898038469 48.0 
270.0 308.0 1.5707963267948966 4.71238898038469 48.0 
270.0 309.0 1.5707963267948966 4.71238898038469 48.0 
270.0 310.0 1.5707963267948966 4.71238898038469 48.0 
270.0 311.0 1.5707963267948966 4.71238898038469 48.0 
270.0 312.0 1.5707963267948966 4.71238898038469 48.0 
270.0 313.0 1.5707963267948966 4.71238898038469 48.0 
270.0 314.0 1.5707963267948966 4.71238898038469 48.0 
270.0 315.0 1.5707963267948966 4.71238898038469 48.0 
270.0 316.0 1.5707963267948966 4.71238898038469 48.0 
270.0 317.0 1.5707963267948966 4.71238898038469 48.0 
270.0 318.0 1.5707963267948966 4.71238898038469 48.0 
271.0 291.0 1.5707963267948966 4.71238898038469 48.0 
271.0 292.0 1.5707963267948966 4.71238898038469 48.0 
271.0 293.0 1.5707963267948966 4.71238898038469 48.0 
271.0 294.0 1.5707963267948966 4.71238898038469 48.0 
271.0 295.0 1.5707963267948966 4.71238898038469 48.0 
271.0 296.0 1.5707963267948966 4.71238898038469 48.0 
271.0 297.0 1.5707963267948966 4.71238898038469 48.0 
271.0 298.0 1.5707963267948966 4.71238898038469 48.0 
271.0 299.0 1.5707963267948966 4.71238898038469 48.0 
271.0 300.0 1.5707963267948966 4.71238898038469 48.0 
271.0 301.0 1.5707963267948966 4.71238898038469 48.0 
271.0 302.0 1.5707963267948966 4.71238898038469 48.0 
271.0 303.0 1.5707963267948966 4.71238898038469 48.0 
271.0 304.0 1.5707963267948966 4.71238898038469 48.0 
271.0 305.0 1.5707963267948966 4.71238898038469 48.0 
271.0 306.0 1.5707963267948966 4.71238898038469 48.0 
271.0 307.0 1.5707963267948966 4.71238898038469 48.0 
271.0 308.0 1.5707963267948966 4.71238898038469 48.0 
271.0 309.0 1.5707963267948966 4.71238898038469 48.0 
271.0 310.0 1.5707963267948966 4.71238898038469 48.0 
271.0 311.0 1.5707963267948966 4.71238898038469 48.0 
271.0 312.0 1.5707963267948966 4.71238898038469 48.0 
271.0 313.0 1.5707963267948966 4.71238898038469 48.0 
271.0 314.0 1.5707963267948966 4.71238898038469 48.0 
271.0 315.0 1.5707963267948966 4.71238898038469 48.0 
271.0 316.0 1.5707963267948966 4.71238898038469 48.0 
271.0 317.0 1.5707963267948966 4.71238898038469 48.0 
271.0 318.0 1.5707963267948966 4.71238898038469 48.0 
267.0 318.0 4.420932185906823 1.2793395323170298 44.0 
267.0 319.0 4.420932185906823 1.2793395323170298 44.0 
267.0 320.0 4.420932185906823 1.2793395323170298 44.0 
268.0 318.0 4.420932185906823 1.2793395323170298 44.0 
268.0 319.0 4.420932185906823 1.2793395323170298 44.0 
268.0 320.0 4.420932185906823 1.2793395323170298 44.0 
268.0 321.0 4.420932185906823 1.2793395323170298 44.0 
268.0 322.0 4.420932185906823 1.2793395323170298 44.0 
268.0 323.0 4.420932185906823 1.2793395323170298 44.0 
268.0 324.0 4.420932185906823 1.2793395323170298 44.0 
269.0 317.0 4.420932185906823 1.2793395323170298 44.0 
269.0 318.0 4.420932185906823 1.2793395323170298 44.0 
269.0 319.0 4.420932185906823 1.2793395323170298 44.0 
269.0 320.0 4.420932185906823 1.2793395323170298 44.0 
269.0 321.0 4.420932185906823 1.2793395323170298 44.0 
269.0 322.0 4.420932185906823 1.2793395323170298 44.0 
269.0 323.0 4.420932185906823 1.2793395323170298 44.0 
269.0 324.0 4.420932185906823 1.2793395323170298 44.0 
269.0 325.0 4.420932185906823 1.2793395323170298 44.0 
269.0 326.0 4.420932185906823 1.2793395323170298 44.0 
269.0 327.0 4.420932185906823 1.2793395323170298 44.0 
270.0 317.0 4.420932185906823 1.2793395323170298 44.0 
270.0 318.0 4.420932185906823 1.2793395323170298 44.0 
270.0 319.0 4.420932185906823 1.2793395323170298 44.0 
270.0 320.0 4.420932185906823 1.2793395323170298 44.0 
270.0 321.0 4.420932185906823 1.2793395323170298 44.0 
270.0 322.0 4.420932185906823 1.2793395323170298 44.0 
270.0 323.0 4.420932185906823 1.2793395323170298 44.0 
270.0 324.0 4.420932185906823 1.2793395323170298 44.0 
270.0 325.0 4.420932185906823 1.2793395323170298 44.0 
270.0 326.0 4.420932185906823 1.2793395323170298 44.0 
270.0 327.0 4.420932185906823 1.2793395323170298 44.0 
270.0 328.0 4.420932185906823 1.2793395323170298 44.0 
270.0 329.0 4.420932185906823 1.2793395323170298 44.0 
270.0 330.0 4.420932185906823 1.2793395323170298 44.0 
271.0 317.0 4.420932185906823 1.2793395323170298 44.0 
271.0 318.0 4.420932185906823 1.2793395323170298 44.0 
271.0 319.0 4.420932185906823 1.2793395323170298 44.0 
271.0 320.0 4.420932185906823 1.2793395323170298 44.0 
271.0 321.0 4.420932185906823 1.2793395323170298 44.0 
271.0 322.0 4.420932185906823 1.2793395323170298 44.0 
271.0 323.0 4.420932185906823 1.2793395323170298 44.0 
271.0 324.0 4.420932185906823 1.2793395323170298 44.0 
271.0 325.0 4.420932185906823 1.2793395323170298 44.0 
271.0 326.0 4.420932185906823 1.2793395323170298 44.0 
271.0 327.0 4.420932185906823 1.2793395323170298 44.0 
271.0 328.0 4.420932185906823 1.2793395323170298 44.0 
271.0 329.0 4.420932185906823 1.2793395323170298 44.0 
271.0 330.0 4.420932185906823 1.2793395323170298 44.0 
271.0 331.0 4.420932185906823 1.2793395323170298 44.0 
271.0 332.0 4.420932185906823 1.2793395323170298 44.0 
271.0 333.0 4.420932185906823 1.2793395323170298 44.0 
271.0 334.0 4.420932185906823 1.2793395323170298 44.0 
272.0 317.0 4.420932185906823 1.2793395323170298 44.0 
272.0 318.0 4.420932185906823 1.2793395323170298 44.0 
272.0 319.0 4.420932185906823 1.2793395323170298 44.0 
272.0 320.0 4.420932185906823 1.2793395323170298 44.0 
272.0 321.0 4.420932185906823 1.2793395323170298 44.0 
272.0 322.0 4.420932185906823 1.2793395323170298 44.0 
272.0 323.0 4.420932185906823 1.2793395323170298 44.0 
272.0 324.0 4.420932185906823 1.2793395323170298 44.0 
272.0 325.0 4.420932185906823 1.2793395323170298 44.0 
272.0 326.0 4.420932185906823 1.2793395323170298 44.0 
272.0 327.0 4.420932185906823 1.2793395323170298 44.0 
272.0 328.0 4.420932185906823 1.2793395323170298 44.0 
272.0 329.0 4.420932185906823 1.2793395323170298 44.0 
272.0 330.0 4.420932185906823 1.2793395323170298 44.0 
272.0 331.0 4.420932185906823 1.2793395323170298 44.0 
272.0 332.0 4.420932185906823 1.2793395323170298 44.0 
272.0 333.0 4.420932185906823 1.2793395323170298 44.0 
272.0 334.0 4.420932185906823 1.2793395323170298 44.0 
272.0 335.0 4.420932185906823 1.2793395323170298 44.0 
272.0 336.0 4.420932185906823 1.2793395323170298 44.0 
272.0 337.0 4.420932185906823 1.2793395323170298 44.0 
273.0 320.0 4.420932185906823 1.2793395323170298 44.0 
273.0 321.0 4.420932185906823 1.2793395323170298 44.0 
273.0 322.0 4.420932185906823 1.2793395323170298 44.0 
273.0 323.0 4.420932185906823 1.2793395323170298 44.0 
273.0 324.0 4.420932185906823 1.2793395323170298 44.0 
273.0 325.0 4.420932185906823 1.2793395323170298 44.0 
273.0 326.0 4.420932185906823 1.2793395323170298 44.0 
273.0 327.0 4.420932185906823 1.2793395323170298 44.0 
273.0 328.0 4.420932185906823 1.2793395323170298 44.0 
273.0 329.0 4.420932185906823 1.2793395323170298 44.0 
273.0 330.0 4.420932185906823 1.2793395323170298 44.0 
273.0 331.0 4.420932185906823 1.2793395323170298 44.0 
273.0 332.0 4.420932185906823 1.2793395323170298 44.0 
273.0 333.0 4.420932185906823 1.2793395323170298 44.0 
273.0 334.0 4.420932185906823 1.2793395323170298 44.0 
273.0 335.0 4.420932185906823 1.2793395323170298 44.0 
273.0 336.0 4.420932185906823 1.2793395323170298 44.0 
273.0 337.0 4.420932185906823 1.2793395323170298 44.0 
274.0 324.0 4.420932185906823 1.2793395323170298 44.0 
274.0 325.0 4.420932185906823 1.2793395323170298 44.0 
274.0 326.0 4.420932185906823 1.2793395323170298 44.0 
274.0 327.0 4.420932185906823 1.2793395323170298 44.0 
274.0 328.0 4.420932185906823 1.2793395323170298 44.0 
274.0 329.0 4.420932185906823 1.2793395323170298 44.0 
274.0 330.0 4.420932185906823 1.2793395323170298 44.0 
274.0 331.0 4.420932185906823 1.2793395323170298 44.0 
274.0 332.0 4.420932185906823 1.2793395323170298 44.0 
274.0 333.0 4.420932185906823 1.2793395323170298 44.0 
274.0 334.0 4.420932185906823 1.2793395323170298 44.0 
274.0 335.0 4.420932185906823 1.2793395323170298 44.0 
274.0 336.0 4.420932185906823 1.2793395323170298 44.0 
274.0 337.0 4.420932185906823 1.2793395323170298 44.0 
275.0 327.0 4.420932185906823 1.2793395323170298 44.0 
275.0 328.0 4.420932185906823 1.2793395323170298 44.0 
275.0 329.0 4.420932185906823 1.2793395323170298 44.0 
275.0 330.0 4.420932185906823 1.2793395323170298 44.0 
275.0 331.0 4.420932185906823 1.2793395323170298 44.0 
275.0 332.0 4.420932185906823 1.2793395323170298 44.0 
275.0 333.0 4.420932185906823 1.2793395323170298 44.0 
275.0 334.0 4.420932185906823 1.2793395323170298 44.0 
275.0 335.0 4.420932185906823 1.2793395323170298 44.0 
275.0 336.0 4.420932185906823 1.2793395323170298 44.0 
276.0 330.0 4.420932185906823 1.2793395323170298 44.0 
276.0 331.0 4.420932185906823 1.2793395323170298 44.0 
276.0 332.0 4.420932185906823 1.2793395323170298 44.0 
276.0 333.0 4.420932185906823 1.2793395323170298 44.0 
276.0 334.0 4.420932185906823 1.2793395323170298 44.0 
276.0 335.0 4.420932185906823 1.2793395323170298 44.0 
276.0 336.0 4.420932185906823 1.2793395323170298 44.0 
277.0 334.0 4.420932185906823 1.2793395323170298 44.0 
277.0 335.0 4.420932185906823 1.2793395323170298 44.0 
277.0 336.0 4.420932185906823 1.2793395323170298 44.0 
