245.0 356.0 2.5841615620138523 5.725754215603645 52.0 
246.0 355.0 2.5841615620138523 5.725754215603645 52.0 
246.0 356.0 2.5841615620138523 5.725754215603645 52.0 
246.0 357.0 2.5841615620138523 5.725754215603645 52.0 
247.0 354.0 2.5841615620138523 5.725754215603645 52.0 
247.0 355.0 2.5841615620138523 5.725754215603645 52.0 
247.0 356.0 2.5841615620138523 5.725754215603645 52.0 
247.0 357.0 2.5841615620138523 5.725754215603645 52.0 
247.0 358.0 2.5841615620138523 5.725754215603645 52.0 
247.0 359.0 2.5841615620138523 5.725754215603645 52.0 
248.0 354.0 2.5841615620138523 5.725754215603645 52.0 
248.0 355.0 2.5841615620138523 5.725754215603645 52.0 
248.0 356.0 2.5841615620138523 5.725754215603645 52.0 
248.0 357.0 2.5841615620138523 5.725754215603645 52.0 
248.0 358.0 2.5841615620138523 5.725754215603645 52.0 
248.0 359.0 2.5841615620138523 5.725754215603645 52.0 
248.0 360.0 2.5841615620138523 5.725754215603645 52.0 
249.0 353.0 2.5841615620138523 5.725754215603645 52.0 
249.0 354.0 2.5841615620138523 5.725754215603645 52.0 
249.0 355.0 2.5841615620138523 5.725754215603645 52.0 
249.0 356.0 2.5841615620138523 5.725754215603645 52.0 
249.0 357.0 2.5841615620138523 5.725754215603645 52.0 
249.0 358.0 2.5841615620138523 5.725754215603645 52.0 
249.0 359.0 2.5841615620138523 5.725754215603645 52.0 
250.0 352.0 2.5841615620138523 5.725754215603645 52.0 
250.0 353.0 2.5841615620138523 5.725754215603645 52.0 
250.0 354.0 2.5841615620138523 5.725754215603645 52.0 
250.0 355.0 2.5841615620138523 5.725754215603645 52.0 
250.0 356.0 2.5841615620138523 5.725754215603645 52.0 
250.0 357.0 2.5841615620138523 5.725754215603645 52.0 
250.0 358.0 2.5841615620138523 5.725754215603645 52.0 
250.0 359.0 2.5841615620138523 5.725754215603645 52.0 
251.0 352.0 2.5841615620138523 5.725754215603645 52.0 
251.0 353.0 2.5841615620138523 5.725754215603645 52.0 
251.0 354.0 2.5841615620138523 5.725754215603645 52.0 
251.0 355.0 2.5841615620138523 5.725754215603645 52.0 
251.0 356.0 2.5841615620138523 5.725754215603645 52.0 
251.0 357.0 2.5841615620138523 5.725754215603645 52.0 
251.0 358.0 2.5841615620138523 5.725754215603645 52.0 
252.0 351.0 2.5841615620138523 5.725754215603645 52.0 
252.0 352.0 2.5841615620138523 5.725754215603645 52.0 
252.0 353.0 2.5841615620138523 5.725754215603645 52.0 
252.0 354.0 2.5841615620138523 5.725754215603645 52.0 
252.0 355.0 2.5841615620138523 5.725754215603645 52.0 
252.0 356.0 2.5841615620138523 5.725754215603645 52.0 
252.0 357.0 2.5841615620138523 5.725754215603645 52.0 
253.0 351.0 2.5841615620138523 5.725754215603645 52.0 
253.0 352.0 2.5841615620138523 5.725754215603645 52.0 
253.0 353.0 2.5841615620138523 5.725754215603645 52.0 
253.0 354.0 2.5841615620138523 5.725754215603645 52.0 
253.0 355.0 2.5841615620138523 5.725754215603645 52.0 
253.0 356.0 2.5841615620138523 5.725754215603645 52.0 
253.0 357.0 2.5841615620138523 5.725754215603645 52.0 
254.0 350.0 2.5841615620138523 5.725754215603645 52.0 
254.0 351.0 2.5841615620138523 5.725754215603645 52.0 
254.0 352.0 2.5841615620138523 5.725754215603645 52.0 
254.0 353.0 2.5841615620138523 5.725754215603645 52.0 
254.0 354.0 2.5841615620138523 5.725754215603645 52.0 
254.0 355.0 2.5841615620138523 5.725754215603645 52.0 
254.0 356.0 2.5841615620138523 5.725754215603645 52.0 
255.0 349.0 2.5841615620138523 5.725754215603645 52.0 
255.0 350.0 2.5841615620138523 5.725754215603645 52.0 
255.0 351.0 2.5841615620138523 5.725754215603645 52.0 
255.0 352.0 2.5841615620138523 5.725754215603645 52.0 
255.0 353.0 2.5841615620138523 5.725754215603645 52.0 
255.0 354.0 2.5841615620138523 5.725754215603645 52.0 
255.0 355.0 2.5841615620138523 5.725754215603645 52.0 
256.0 349.0 2.5841615620138523 5.725754215603645 52.0 
256.0 350.0 2.5841615620138523 5.725754215603645 52.0 
256.0 351.0 2.5841615620138523 5.725754215603645 52.0 
256.0 352.0 2.5841615620138523 5.725754215603645 52.0 
256.0 353.0 2.5841615620138523 5.725754215603645 52.0 
256.0 354.0 2.5841615620138523 5.725754215603645 52.0 
256.0 355.0 2.5841615620138523 5.725754215603645 52.0 
257.0 348.0 2.5841615620138523 5.725754215603645 52.0 
257.0 349.0 2.5841615620138523 5.725754215603645 52.0 
257.0 350.0 2.5841615620138523 5.725754215603645 52.0 
257.0 351.0 2.5841615620138523 5.725754215603645 52.0 
257.0 352.0 2.5841615620138523 5.725754215603645 52.0 
257.0 353.0 2.5841615620138523 5.725754215603645 52.0 
257.0 354.0 2.5841615620138523 5.725754215603645 52.0 
258.0 347.0 2.5841615620138523 5.725754215603645 52.0 
258.0 348.0 2.5841615620138523 5.725754215603645 52.0 
258.0 349.0 2.5841615620138523 5.725754215603645 52.0 
258.0 350.0 2.5841615620138523 5.725754215603645 52.0 
258.0 351.0 2.5841615620138523 5.725754215603645 52.0 
258.0 352.0 2.5841615620138523 5.725754215603645 52.0 
258.0 353.0 2.5841615620138523 5.725754215603645 52.0 
258.0 354.0 2.5841615620138523 5.725754215603645 52.0 
259.0 347.0 2.5841615620138523 5.725754215603645 52.0 
259.0 348.0 2.5841615620138523 5.725754215603645 52.0 
259.0 349.0 2.5841615620138523 5.725754215603645 52.0 
259.0 350.0 2.5841615620138523 5.725754215603645 52.0 
259.0 351.0 2.5841615620138523 5.725754215603645 52.0 
259.0 352.0 2.5841615620138523 5.725754215603645 52.0 
259.0 353.0 2.5841615620138523 5.725754215603645 52.0 
260.0 346.0 2.5841615620138523 5.725754215603645 52.0 
260.0 347.0 2.5841615620138523 5.725754215603645 52.0 
260.0 348.0 2.5841615620138523 5.725754215603645 52.0 
260.0 349.0 2.5841615620138523 5.725754215603645 52.0 
260.0 350.0 2.5841615620138523 5.725754215603645 52.0 
260.0 351.0 2.5841615620138523 5.725754215603645 52.0 
260.0 352.0 2.5841615620138523 5.725754215603645 52.0 
261.0 346.0 2.5841615620138523 5.725754215603645 52.0 
261.0 347.0 2.5841615620138523 5.725754215603645 52.0 
261.0 348.0 2.5841615620138523 5.725754215603645 52.0 
261.0 349.0 2.5841615620138523 5.725754215603645 52.0 
261.0 350.0 2.5841615620138523 5.725754215603645 52.0 
261.0 351.0 2.5841615620138523 5.725754215603645 52.0 
261.0 352.0 2.5841615620138523 5.725754215603645 52.0 
262.0 345.0 2.5841615620138523 5.725754215603645 52.0 
262.0 346.0 2.5841615620138523 5.725754215603645 52.0 
262.0 347.0 2.5841615620138523 5.725754215603645 52.0 
262.0 348.0 2.5841615620138523 5.725754215603645 52.0 
262.0 349.0 2.5841615620138523 5.725754215603645 52.0 
262.0 350.0 2.5841615620138523 5.725754215603645 52.0 
262.0 351.0 2.5841615620138523 5.725754215603645 52.0 
263.0 344.0 2.5841615620138523 5.725754215603645 52.0 
263.0 345.0 2.5841615620138523 5.725754215603645 52.0 
263.0 346.0 2.5841615620138523 5.725754215603645 52.0 
263.0 347.0 2.5841615620138523 5.725754215603645 52.0 
263.0 348.0 2.5841615620138523 5.725754215603645 52.0 
263.0 349.0 2.5841615620138523 5.725754215603645 52.0 
263.0 350.0 2.5841615620138523 5.725754215603645 52.0 
264.0 344.0 2.5841615620138523 5.725754215603645 52.0 
264.0 345.0 2.5841615620138523 5.725754215603645 52.0 
264.0 346.0 2.5841615620138523 5.725754215603645 52.0 
264.0 347.0 2.5841615620138523 5.725754215603645 52.0 
264.0 348.0 2.5841615620138523 5.725754215603645 52.0 
264.0 349.0 2.5841615620138523 5.725754215603645 52.0 
264.0 350.0 2.5841615620138523 5.725754215603645 52.0 
265.0 343.0 2.5841615620138523 5.725754215603645 52.0 
265.0 344.0 2.5841615620138523 5.725754215603645 52.0 
265.0 345.0 2.5841615620138523 5.725754215603645 52.0 
265.0 346.0 2.5841615620138523 5.725754215603645 52.0 
265.0 347.0 2.5841615620138523 5.725754215603645 52.0 
265.0 348.0 2.5841615620138523 5.725754215603645 52.0 
265.0 349.0 2.5841615620138523 5.725754215603645 52.0 
266.0 342.0 2.5841615620138523 5.725754215603645 52.0 
266.0 343.0 2.5841615620138523 5.725754215603645 52.0 
266.0 344.0 2.5841615620138523 5.725754215603645 52.0 
266.0 345.0 2.5841615620138523 5.725754215603645 52.0 
266.0 346.0 2.5841615620138523 5.725754215603645 52.0 
266.0 347.0 2.5841615620138523 5.725754215603645 52.0 
266.0 348.0 2.5841615620138523 5.725754215603645 52.0 
266.0 349.0 2.5841615620138523 5.725754215603645 52.0 
267.0 342.0 2.5841615620138523 5.725754215603645 52.0 
267.0 343.0 2.5841615620138523 5.725754215603645 52.0 
267.0 344.0 2.5841615620138523 5.725754215603645 52.0 
267.0 345.0 2.5841615620138523 5.725754215603645 52.0 
267.0 346.0 2.5841615620138523 5.725754215603645 52.0 
267.0 347.0 2.5841615620138523 5.725754215603645 52.0 
267.0 348.0 2.5841615620138523 5.725754215603645 52.0 
268.0 341.0 2.5841615620138523 5.725754215603645 52.0 
268.0 342.0 2.5841615620138523 5.725754215603645 52.0 
268.0 343.0 2.5841615620138523 5.725754215603645 52.0 
268.0 344.0 2.5841615620138523 5.725754215603645 52.0 
268.0 345.0 2.5841615620138523 5.725754215603645 52.0 
268.0 346.0 2.5841615620138523 5.725754215603645 52.0 
268.0 347.0 2.5841615620138523 5.725754215603645 52.0 
269.0 341.0 2.5841615620138523 5.725754215603645 52.0 
269.0 342.0 2.5841615620138523 5.725754215603645 52.0 
269.0 343.0 2.5841615620138523 5.725754215603645 52.0 
269.0 344.0 2.5841615620138523 5.725754215603645 52.0 
269.0 345.0 2.5841615620138523 5.725754215603645 52.0 
269.0 346.0 2.5841615620138523 5.725754215603645 52.0 
269.0 347.0 2.5841615620138523 5.725754215603645 52.0 
270.0 340.0 2.5841615620138523 5.725754215603645 52.0 
270.0 341.0 2.5841615620138523 5.725754215603645 52.0 
270.0 342.0 2.5841615620138523 5.725754215603645 52.0 
270.0 343.0 2.5841615620138523 5.725754215603645 52.0 
270.0 344.0 2.5841615620138523 5.725754215603645 52.0 
270.0 345.0 2.5841615620138523 5.725754215603645 52.0 
270.0 346.0 2.5841615620138523 5.725754215603645 52.0 
271.0 339.0 2.5841615620138523 5.725754215603645 52.0 
271.0 340.0 2.5841615620138523 5.725754215603645 52.0 
271.0 341.0 2.5841615620138523 5.725754215603645 52.0 
271.0 342.0 2.5841615620138523 5.725754215603645 52.0 
271.0 343.0 2.5841615620138523 5.725754215603645 52.0 
271.0 344.0 2.5841615620138523 5.725754215603645 52.0 
271.0 345.0 2.5841615620138523 5.725754215603645 52.0 
272.0 339.0 2.5841615620138523 5.725754215603645 52.0 
272.0 340.0 2.5841615620138523 5.725754215603645 52.0 
272.0 341.0 2.5841615620138523 5.725754215603645 52.0 
272.0 342.0 2.5841615620138523 5.725754215603645 52.0 
272.0 343.0 2.5841615620138523 5.725754215603645 52.0 
272.0 344.0 2.5841615620138523 5.725754215603645 52.0 
272.0 345.0 2.5841615620138523 5.725754215603645 52.0 
273.0 338.0 2.5841615620138523 5.725754215603645 52.0 
273.0 339.0 2.5841615620138523 5.725754215603645 52.0 
273.0 340.0 2.5841615620138523 5.725754215603645 52.0 
273.0 341.0 2.5841615620138523 5.725754215603645 52.0 
273.0 342.0 2.5841615620138523 5.725754215603645 52.0 
273.0 343.0 2.5841615620138523 5.725754215603645 52.0 
273.0 344.0 2.5841615620138523 5.725754215603645 52.0 
274.0 338.0 2.5841615620138523 5.725754215603645 52.0 
274.0 339.0 2.5841615620138523 5.725754215603645 52.0 
274.0 340.0 2.5841615620138523 5.725754215603645 52.0 
274.0 341.0 2.5841615620138523 5.725754215603645 52.0 
274.0 342.0 2.5841615620138523 5.725754215603645 52.0 
274.0 343.0 2.5841615620138523 5.725754215603645 52.0 
274.0 344.0 2.5841615620138523 5.725754215603645 52.0 
275.0 337.0 2.5841615620138523 5.725754215603645 52.0 
275.0 338.0 2.5841615620138523 5.725754215603645 52.0 
275.0 339.0 2.5841615620138523 5.725754215603645 52.0 
275.0 340.0 2.5841615620138523 5.725754215603645 52.0 
275.0 341.0 2.5841615620138523 5.725754215603645 52.0 
275.0 342.0 2.5841615620138523 5.725754215603645 52.0 
275.0 343.0 2.5841615620138523 5.725754215603645 52.0 
276.0 336.0 2.5841615620138523 5.725754215603645 52.0 
276.0 337.0 2.5841615620138523 5.725754215603645 52.0 
276.0 338.0 2.5841615620138523 5.725754215603645 52.0 
276.0 339.0 2.5841615620138523 5.725754215603645 52.0 
276.0 340.0 2.5841615620138523 5.725754215603645 52.0 
276.0 341.0 2.5841615620138523 5.725754215603645 52.0 
276.0 342.0 2.5841615620138523 5.725754215603645 52.0 
277.0 336.0 2.5841615620138523 5.725754215603645 52.0 
277.0 337.0 2.5841615620138523 5.725754215603645 52.0 
277.0 338.0 2.5841615620138523 5.725754215603645 52.0 
277.0 339.0 2.5841615620138523 5.725754215603645 52.0 
277.0 340.0 2.5841615620138523 5.725754215603645 52.0 
277.0 341.0 2.5841615620138523 5.725754215603645 52.0 
277.0 342.0 2.5841615620138523 5.725754215603645 52.0 
278.0 335.0 2.5841615620138523 5.725754215603645 52.0 
278.0 336.0 2.5841615620138523 5.725754215603645 52.0 
278.0 337.0 2.5841615620138523 5.725754215603645 52.0 
278.0 338.0 2.5841615620138523 5.725754215603645 52.0 
278.0 339.0 2.5841615620138523 5.725754215603645 52.0 
278.0 340.0 2.5841615620138523 5.725754215603645 52.0 
278.0 341.0 2.5841615620138523 5.725754215603645 52.0 
279.0 334.0 2.5841615620138523 5.725754215603645 52.0 
279.0 335.0 2.5841615620138523 5.725754215603645 52.0 
279.0 336.0 2.5841615620138523 5.725754215603645 52.0 
279.0 337.0 2.5841615620138523 5.725754215603645 52.0 
279.0 338.0 2.5841615620138523 5.725754215603645 52.0 
279.0 339.0 2.5841615620138523 5.725754215603645 52.0 
279.0 340.0 2.5841615620138523 5.725754215603645 52.0 
280.0 334.0 2.5841615620138523 5.725754215603645 52.0 
280.0 335.0 2.5841615620138523 5.725754215603645 52.0 
280.0 336.0 2.5841615620138523 5.725754215603645 52.0 
280.0 337.0 2.5841615620138523 5.725754215603645 52.0 
280.0 338.0 2.5841615620138523 5.725754215603645 52.0 
280.0 339.0 2.5841615620138523 5.725754215603645 52.0 
280.0 340.0 2.5841615620138523 5.725754215603645 52.0 
281.0 333.0 2.5841615620138523 5.725754215603645 52.0 
281.0 334.0 2.5841615620138523 5.725754215603645 52.0 
281.0 335.0 2.5841615620138523 5.725754215603645 52.0 
281.0 336.0 2.5841615620138523 5.725754215603645 52.0 
281.0 337.0 2.5841615620138523 5.725754215603645 52.0 
281.0 338.0 2.5841615620138523 5.725754215603645 52.0 
281.0 339.0 2.5841615620138523 5.725754215603645 52.0 
282.0 333.0 2.5841615620138523 5.725754215603645 52.0 
282.0 334.0 2.5841615620138523 5.725754215603645 52.0 
282.0 335.0 2.5841615620138523 5.725754215603645 52.0 
282.0 336.0 2.5841615620138523 5.725754215603645 52.0 
282.0 337.0 2.5841615620138523 5.725754215603645 52.0 
282.0 338.0 2.5841615620138523 5.725754215603645 52.0 
282.0 339.0 2.5841615620138523 5.725754215603645 52.0 
283.0 332.0 2.5841615620138523 5.725754215603645 52.0 
283.0 333.0 2.5841615620138523 5.725754215603645 52.0 
283.0 334.0 2.5841615620138523 5.725754215603645 52.0 
283.0 335.0 2.5841615620138523 5.725754215603645 52.0 
283.0 336.0 2.5841615620138523 5.725754215603645 52.0 
283.0 337.0 2.5841615620138523 5.725754215603645 52.0 
283.0 338.0 2.5841615620138523 5.725754215603645 52.0 
284.0 331.0 2.5841615620138523 5.725754215603645 52.0 
284.0 332.0 2.5841615620138523 5.725754215603645 52.0 
284.0 333.0 2.5841615620138523 5.725754215603645 52.0 
284.0 334.0 2.5841615620138523 5.725754215603645 52.0 
284.0 335.0 2.5841615620138523 5.725754215603645 52.0 
284.0 336.0 2.5841615620138523 5.725754215603645 52.0 
284.0 337.0 2.5841615620138523 5.725754215603645 52.0 
285.0 331.0 2.5841615620138523 5.725754215603645 52.0 
285.0 332.0 2.5841615620138523 5.725754215603645 52.0 
285.0 333.0 2.5841615620138523 5.725754215603645 52.0 
285.0 334.0 2.5841615620138523 5.725754215603645 52.0 
285.0 335.0 2.5841615620138523 5.725754215603645 52.0 
285.0 336.0 2.5841615620138523 5.725754215603645 52.0 
285.0 337.0 2.5841615620138523 5.725754215603645 52.0 
286.0 330.0 2.5841615620138523 5.725754215603645 52.0 
286.0 331.0 2.5841615620138523 5.725754215603645 52.0 
286.0 332.0 2.5841615620138523 5.725754215603645 52.0 
286.0 333.0 2.5841615620138523 5.725754215603645 52.0 
286.0 334.0 2.5841615620138523 5.725754215603645 52.0 
286.0 335.0 2.5841615620138523 5.725754215603645 52.0 
286.0 336.0 2.5841615620138523 5.725754215603645 52.0 
287.0 329.0 2.5841615620138523 5.725754215603645 52.0 
287.0 330.0 2.5841615620138523 5.725754215603645 52.0 
287.0 331.0 2.5841615620138523 5.725754215603645 52.0 
287.0 332.0 2.5841615620138523 5.725754215603645 52.0 
287.0 333.0 2.5841615620138523 5.725754215603645 52.0 
287.0 334.0 2.5841615620138523 5.725754215603645 52.0 
287.0 335.0 2.5841615620138523 5.725754215603645 52.0 
288.0 329.0 2.5841615620138523 5.725754215603645 52.0 
288.0 330.0 2.5841615620138523 5.725754215603645 52.0 
288.0 331.0 2.5841615620138523 5.725754215603645 52.0 
288.0 332.0 2.5841615620138523 5.725754215603645 52.0 
288.0 333.0 2.5841615620138523 5.725754215603645 52.0 
288.0 334.0 2.5841615620138523 5.725754215603645 52.0 
288.0 335.0 2.5841615620138523 5.725754215603645 52.0 
289.0 328.0 2.5841615620138523 5.725754215603645 52.0 
289.0 329.0 2.5841615620138523 5.725754215603645 52.0 
289.0 330.0 2.5841615620138523 5.725754215603645 52.0 
289.0 331.0 2.5841615620138523 5.725754215603645 52.0 
289.0 332.0 2.5841615620138523 5.725754215603645 52.0 
289.0 333.0 2.5841615620138523 5.725754215603645 52.0 
289.0 334.0 2.5841615620138523 5.725754215603645 52.0 
290.0 328.0 2.5841615620138523 5.725754215603645 52.0 
290.0 329.0 2.5841615620138523 5.725754215603645 52.0 
290.0 330.0 2.5841615620138523 5.725754215603645 52.0 
290.0 331.0 2.5841615620138523 5.725754215603645 52.0 
290.0 332.0 2.5841615620138523 5.725754215603645 52.0 
290.0 333.0 2.5841615620138523 5.725754215603645 52.0 
290.0 334.0 2.5841615620138523 5.725754215603645 52.0 
291.0 327.0 2.5841615620138523 5.725754215603645 52.0 
291.0 328.0 2.5841615620138523 5.725754215603645 52.0 
291.0 329.0 2.5841615620138523 5.725754215603645 52.0 
291.0 330.0 2.5841615620138523 5.725754215603645 52.0 
291.0 331.0 2.5841615620138523 5.725754215603645 52.0 
291.0 332.0 2.5841615620138523 5.725754215603645 52.0 
291.0 333.0 2.5841615620138523 5.725754215603645 52.0 
292.0 326.0 2.5841615620138523 5.725754215603645 52.0 
292.0 327.0 2.5841615620138523 5.725754215603645 52.0 
292.0 328.0 2.5841615620138523 5.725754215603645 52.0 
292.0 329.0 2.5841615620138523 5.725754215603645 52.0 
292.0 330.0 2.5841615620138523 5.725754215603645 52.0 
292.0 331.0 2.5841615620138523 5.725754215603645 52.0 
292.0 332.0 2.5841615620138523 5.725754215603645 52.0 
293.0 326.0 2.5841615620138523 5.725754215603645 52.0 
293.0 327.0 2.5841615620138523 5.725754215603645 52.0 
293.0 328.0 2.5841615620138523 5.725754215603645 52.0 
293.0 329.0 2.5841615620138523 5.725754215603645 52.0 
293.0 330.0 2.5841615620138523 5.725754215603645 52.0 
293.0 331.0 2.5841615620138523 5.725754215603645 52.0 
293.0 332.0 2.5841615620138523 5.725754215603645 52.0 
294.0 325.0 2.5841615620138523 5.725754215603645 52.0 
294.0 326.0 2.5841615620138523 5.725754215603645 52.0 
294.0 327.0 2.5841615620138523 5.725754215603645 52.0 
294.0 328.0 2.5841615620138523 5.725754215603645 52.0 
294.0 329.0 2.5841615620138523 5.725754215603645 52.0 
294.0 330.0 2.5841615620138523 5.725754215603645 52.0 
294.0 331.0 2.5841615620138523 5.725754215603645 52.0 
295.0 324.0 2.5841615620138523 5.725754215603645 52.0 
295.0 325.0 2.5841615620138523 5.725754215603645 52.0 
295.0 326.0 2.5841615620138523 5.725754215603645 52.0 
295.0 327.0 2.5841615620138523 5.725754215603645 52.0 
295.0 328.0 2.5841615620138523 5.725754215603645 52.0 
295.0 329.0 2.5841615620138523 5.725754215603645 52.0 
295.0 330.0 2.5841615620138523 5.725754215603645 52.0 
296.0 324.0 2.5841615620138523 5.725754215603645 52.0 
296.0 325.0 2.5841615620138523 5.725754215603645 52.0 
296.0 326.0 2.5841615620138523 5.725754215603645 52.0 
296.0 327.0 2.5841615620138523 5.725754215603645 52.0 
296.0 328.0 2.5841615620138523 5.725754215603645 52.0 
296.0 329.0 2.5841615620138523 5.725754215603645 52.0 
296.0 330.0 2.5841615620138523 5.725754215603645 52.0 
297.0 323.0 2.5841615620138523 5.725754215603645 52.0 
297.0 324.0 2.5841615620138523 5.725754215603645 52.0 
297.0 325.0 2.5841615620138523 5.725754215603645 52.0 
297.0 326.0 2.5841615620138523 5.725754215603645 52.0 
297.0 327.0 2.5841615620138523 5.725754215603645 52.0 
297.0 328.0 2.5841615620138523 5.725754215603645 52.0 
297.0 329.0 2.5841615620138523 5.725754215603645 52.0 
298.0 323.0 2.5841615620138523 5.725754215603645 52.0 
298.0 324.0 2.5841615620138523 5.725754215603645 52.0 
298.0 325.0 2.5841615620138523 5.725754215603645 52.0 
298.0 326.0 2.5841615620138523 5.725754215603645 52.0 
298.0 327.0 2.5841615620138523 5.725754215603645 52.0 
298.0 328.0 2.5841615620138523 5.725754215603645 52.0 
298.0 329.0 2.5841615620138523 5.725754215603645 52.0 
299.0 322.0 2.5841615620138523 5.725754215603645 52.0 
299.0 323.0 2.5841615620138523 5.725754215603645 52.0 
299.0 324.0 2.5841615620138523 5.725754215603645 52.0 
299.0 325.0 2.5841615620138523 5.725754215603645 52.0 
299.0 326.0 2.5841615620138523 5.725754215603645 52.0 
299.0 327.0 2.5841615620138523 5.725754215603645 52.0 
299.0 328.0 2.5841615620138523 5.725754215603645 52.0 
300.0 321.0 2.5841615620138523 5.725754215603645 52.0 
300.0 322.0 2.5841615620138523 5.725754215603645 52.0 
300.0 323.0 2.5841615620138523 5.725754215603645 52.0 
300.0 324.0 2.5841615620138523 5.725754215603645 52.0 
300.0 325.0 2.5841615620138523 5.725754215603645 52.0 
300.0 326.0 2.5841615620138523 5.725754215603645 52.0 
300.0 327.0 2.5841615620138523 5.725754215603645 52.0 
301.0 321.0 2.5841615620138523 5.725754215603645 52.0 
301.0 322.0 2.5841615620138523 5.725754215603645 52.0 
301.0 323.0 2.5841615620138523 5.725754215603645 52.0 
301.0 324.0 2.5841615620138523 5.725754215603645 52.0 
301.0 325.0 2.5841615620138523 5.725754215603645 52.0 
301.0 326.0 2.5841615620138523 5.725754215603645 52.0 
301.0 327.0 2.5841615620138523 5.725754215603645 52.0 
302.0 320.0 2.5841615620138523 5.725754215603645 52.0 
302.0 321.0 2.5841615620138523 5.725754215603645 52.0 
302.0 322.0 2.5841615620138523 5.725754215603645 52.0 
302.0 323.0 2.5841615620138523 5.725754215603645 52.0 
302.0 324.0 2.5841615620138523 5.725754215603645 52.0 
302.0 325.0 2.5841615620138523 5.725754215603645 52.0 
302.0 326.0 2.5841615620138523 5.725754215603645 52.0 
303.0 319.0 2.5841615620138523 5.725754215603645 52.0 
303.0 320.0 2.5841615620138523 5.725754215603645 52.0 
303.0 321.0 2.5841615620138523 5.725754215603645 52.0 
303.0 322.0 2.5841615620138523 5.725754215603645 52.0 
303.0 323.0 2.5841615620138523 5.725754215603645 52.0 
303.0 324.0 2.5841615620138523 5.725754215603645 52.0 
303.0 325.0 2.5841615620138523 5.725754215603645 52.0 
303.0 326.0 2.5841615620138523 5.725754215603645 52.0 
304.0 319.0 2.5841615620138523 5.725754215603645 52.0 
304.0 320.0 2.5841615620138523 5.725754215603645 52.0 
304.0 321.0 2.5841615620138523 5.725754215603645 52.0 
304.0 322.0 2.5841615620138523 5.725754215603645 52.0 
304.0 323.0 2.5841615620138523 5.725754215603645 52.0 
304.0 324.0 2.5841615620138523 5.725754215603645 52.0 
304.0 325.0 2.5841615620138523 5.725754215603645 52.0 
305.0 318.0 2.5841615620138523 5.725754215603645 52.0 
305.0 319.0 2.5841615620138523 5.725754215603645 52.0 
305.0 320.0 2.5841615620138523 5.725754215603645 52.0 
305.0 321.0 2.5841615620138523 5.725754215603645 52.0 
305.0 322.0 2.5841615620138523 5.725754215603645 52.0 
305.0 323.0 2.5841615620138523 5.725754215603645 52.0 
305.0 324.0 2.5841615620138523 5.725754215603645 52.0 
306.0 318.0 2.5841615620138523 5.725754215603645 52.0 
306.0 319.0 2.5841615620138523 5.725754215603645 52.0 
306.0 320.0 2.5841615620138523 5.725754215603645 52.0 
306.0 321.0 2.5841615620138523 5.725754215603645 52.0 
306.0 322.0 2.5841615620138523 5.725754215603645 52.0 
306.0 323.0 2.5841615620138523 5.725754215603645 52.0 
306.0 324.0 2.5841615620138523 5.725754215603645 52.0 
307.0 317.0 2.5841615620138523 5.725754215603645 52.0 
307.0 318.0 2.5841615620138523 5.725754215603645 52.0 
307.0 319.0 2.5841615620138523 5.725754215603645 52.0 
307.0 320.0 2.5841615620138523 5.725754215603645 52.0 
307.0 321.0 2.5841615620138523 5.725754215603645 52.0 
307.0 322.0 2.5841615620138523 5.725754215603645 52.0 
307.0 323.0 2.5841615620138523 5.725754215603645 52.0 
308.0 316.0 2.5841615620138523 5.725754215603645 52.0 
308.0 317.0 2.5841615620138523 5.725754215603645 52.0 
308.0 318.0 2.5841615620138523 5.725754215603645 52.0 
308.0 319.0 2.5841615620138523 5.725754215603645 52.0 
308.0 320.0 2.5841615620138523 5.725754215603645 52.0 
308.0 321.0 2.5841615620138523 5.725754215603645 52.0 
308.0 322.0 2.5841615620138523 5.725754215603645 52.0 
309.0 316.0 2.5841615620138523 5.725754215603645 52.0 
309.0 317.0 2.5841615620138523 5.725754215603645 52.0 
309.0 318.0 2.5841615620138523 5.725754215603645 52.0 
309.0 319.0 2.5841615620138523 5.725754215603645 52.0 
309.0 320.0 2.5841615620138523 5.725754215603645 52.0 
309.0 321.0 2.5841615620138523 5.725754215603645 52.0 
309.0 322.0 2.5841615620138523 5.725754215603645 52.0 
310.0 315.0 2.5841615620138523 5.725754215603645 52.0 
310.0 316.0 2.5841615620138523 5.725754215603645 52.0 
310.0 317.0 2.5841615620138523 5.725754215603645 52.0 
310.0 318.0 2.5841615620138523 5.725754215603645 52.0 
310.0 319.0 2.5841615620138523 5.725754215603645 52.0 
310.0 320.0 2.5841615620138523 5.725754215603645 52.0 
310.0 321.0 2.5841615620138523 5.725754215603645 52.0 
311.0 314.0 2.5841615620138523 5.725754215603645 52.0 
311.0 315.0 2.5841615620138523 5.725754215603645 52.0 
311.0 316.0 2.5841615620138523 5.725754215603645 52.0 
311.0 317.0 2.5841615620138523 5.725754215603645 52.0 
311.0 318.0 2.5841615620138523 5.725754215603645 52.0 
311.0 319.0 2.5841615620138523 5.725754215603645 52.0 
311.0 320.0 2.5841615620138523 5.725754215603645 52.0 
311.0 321.0 2.5841615620138523 5.725754215603645 52.0 
312.0 314.0 2.5841615620138523 5.725754215603645 52.0 
312.0 315.0 2.5841615620138523 5.725754215603645 52.0 
312.0 316.0 2.5841615620138523 5.725754215603645 52.0 
312.0 317.0 2.5841615620138523 5.725754215603645 52.0 
312.0 318.0 2.5841615620138523 5.725754215603645 52.0 
312.0 319.0 2.5841615620138523 5.725754215603645 52.0 
312.0 320.0 2.5841615620138523 5.725754215603645 52.0 
313.0 313.0 2.5841615620138523 5.725754215603645 52.0 
313.0 314.0 2.5841615620138523 5.725754215603645 52.0 
313.0 315.0 2.5841615620138523 5.725754215603645 52.0 
313.0 316.0 2.5841615620138523 5.725754215603645 52.0 
313.0 317.0 2.5841615620138523 5.725754215603645 52.0 
313.0 318.0 2.5841615620138523 5.725754215603645 52.0 
313.0 319.0 2.5841615620138523 5.725754215603645 52.0 
314.0 313.0 2.5841615620138523 5.725754215603645 52.0 
314.0 314.0 2.5841615620138523 5.725754215603645 52.0 
314.0 315.0 2.5841615620138523 5.725754215603645 52.0 
314.0 316.0 2.5841615620138523 5.725754215603645 52.0 
314.0 317.0 2.5841615620138523 5.725754215603645 52.0 
314.0 318.0 2.5841615620138523 5.725754215603645 52.0 
314.0 319.0 2.5841615620138523 5.725754215603645 52.0 
315.0 312.0 2.5841615620138523 5.725754215603645 52.0 
315.0 313.0 2.5841615620138523 5.725754215603645 52.0 
315.0 314.0 2.5841615620138523 5.725754215603645 52.0 
315.0 315.0 2.5841615620138523 5.725754215603645 52.0 
315.0 316.0 2.5841615620138523 5.725754215603645 52.0 
315.0 317.0 2.5841615620138523 5.725754215603645 52.0 
315.0 318.0 2.5841615620138523 5.725754215603645 52.0 
316.0 311.0 2.5841615620138523 5.725754215603645 52.0 
316.0 312.0 2.5841615620138523 5.725754215603645 52.0 
316.0 313.0 2.5841615620138523 5.725754215603645 52.0 
316.0 314.0 2.5841615620138523 5.725754215603645 52.0 
316.0 315.0 2.5841615620138523 5.725754215603645 52.0 
316.0 316.0 2.5841615620138523 5.725754215603645 52.0 
316.0 317.0 2.5841615620138523 5.725754215603645 52.0 
317.0 311.0 2.5841615620138523 5.725754215603645 52.0 
317.0 312.0 2.5841615620138523 5.725754215603645 52.0 
317.0 313.0 2.5841615620138523 5.725754215603645 52.0 
317.0 314.0 2.5841615620138523 5.725754215603645 52.0 
317.0 315.0 2.5841615620138523 5.725754215603645 52.0 
317.0 316.0 2.5841615620138523 5.725754215603645 52.0 
317.0 317.0 2.5841615620138523 5.725754215603645 52.0 
318.0 310.0 2.5841615620138523 5.725754215603645 52.0 
318.0 311.0 2.5841615620138523 5.725754215603645 52.0 
318.0 312.0 2.5841615620138523 5.725754215603645 52.0 
318.0 313.0 2.5841615620138523 5.725754215603645 52.0 
318.0 314.0 2.5841615620138523 5.725754215603645 52.0 
318.0 315.0 2.5841615620138523 5.725754215603645 52.0 
318.0 316.0 2.5841615620138523 5.725754215603645 52.0 
319.0 309.0 2.5841615620138523 5.725754215603645 52.0 
319.0 310.0 2.5841615620138523 5.725754215603645 52.0 
319.0 311.0 2.5841615620138523 5.725754215603645 52.0 
319.0 312.0 2.5841615620138523 5.725754215603645 52.0 
319.0 313.0 2.5841615620138523 5.725754215603645 52.0 
319.0 314.0 2.5841615620138523 5.725754215603645 52.0 
319.0 315.0 2.5841615620138523 5.725754215603645 52.0 
319.0 316.0 2.5841615620138523 5.725754215603645 52.0 
320.0 309.0 2.5841615620138523 5.725754215603645 52.0 
320.0 310.0 2.5841615620138523 5.725754215603645 52.0 
320.0 311.0 2.5841615620138523 5.725754215603645 52.0 
320.0 312.0 2.5841615620138523 5.725754215603645 52.0 
320.0 313.0 2.5841615620138523 5.725754215603645 52.0 
320.0 314.0 2.5841615620138523 5.725754215603645 52.0 
320.0 315.0 2.5841615620138523 5.725754215603645 52.0 
321.0 308.0 2.5841615620138523 5.725754215603645 52.0 
321.0 309.0 2.5841615620138523 5.725754215603645 52.0 
321.0 310.0 2.5841615620138523 5.725754215603645 52.0 
321.0 311.0 2.5841615620138523 5.725754215603645 52.0 
321.0 312.0 2.5841615620138523 5.725754215603645 52.0 
321.0 313.0 2.5841615620138523 5.725754215603645 52.0 
321.0 314.0 2.5841615620138523 5.725754215603645 52.0 
322.0 309.0 2.5841615620138523 5.725754215603645 52.0 
322.0 310.0 2.5841615620138523 5.725754215603645 52.0 
322.0 311.0 2.5841615620138523 5.725754215603645 52.0 
322.0 312.0 2.5841615620138523 5.725754215603645 52.0 
322.0 313.0 2.5841615620138523 5.725754215603645 52.0 
322.0 314.0 2.5841615620138523 5.725754215603645 52.0 
323.0 310.0 2.5841615620138523 5.725754215603645 52.0 
323.0 311.0 2.5841615620138523 5.725754215603645 52.0 
323.0 312.0 2.5841615620138523 5.725754215603645 52.0 
323.0 313.0 2.5841615620138523 5.725754215603645 52.0 
324.0 312.0 2.5841615620138523 5.725754215603645 52.0 
