201.0 297.0 2.9669204545815537 6.108513108171347 24.0 
202.0 297.0 2.9669204545815537 6.108513108171347 24.0 
202.0 298.0 2.9669204545815537 6.108513108171347 24.0 
203.0 297.0 2.9669204545815537 6.108513108171347 24.0 
203.0 298.0 2.9669204545815537 6.108513108171347 24.0 
204.0 297.0 2.9669204545815537 6.108513108171347 24.0 
204.0 298.0 2.9669204545815537 6.108513108171347 24.0 
205.0 297.0 2.9669204545815537 6.108513108171347 24.0 
205.0 298.0 2.9669204545815537 6.108513108171347 24.0 
206.0 297.0 2.9669204545815537 6.108513108171347 24.0 
206.0 298.0 2.9669204545815537 6.108513108171347 24.0 
207.0 296.0 2.9669204545815537 6.108513108171347 24.0 
207.0 297.0 2.9669204545815537 6.108513108171347 24.0 
208.0 296.0 2.9669204545815537 6.108513108171347 24.0 
208.0 297.0 2.9669204545815537 6.108513108171347 24.0 
209.0 296.0 2.9669204545815537 6.108513108171347 24.0 
209.0 297.0 2.9669204545815537 6.108513108171347 24.0 
210.0 296.0 2.9669204545815537 6.108513108171347 24.0 
210.0 297.0 2.9669204545815537 6.108513108171347 24.0 
211.0 296.0 2.9669204545815537 6.108513108171347 24.0 
211.0 297.0 2.9669204545815537 6.108513108171347 24.0 
212.0 296.0 2.9669204545815537 6.108513108171347 24.0 
212.0 297.0 2.9669204545815537 6.108513108171347 24.0 
213.0 295.0 2.9669204545815537 6.108513108171347 24.0 
213.0 296.0 2.9669204545815537 6.108513108171347 24.0 
214.0 295.0 2.9669204545815537 6.108513108171347 24.0 
214.0 296.0 2.9669204545815537 6.108513108171347 24.0 
215.0 295.0 2.9669204545815537 6.108513108171347 24.0 
215.0 296.0 2.9669204545815537 6.108513108171347 24.0 
216.0 295.0 2.9669204545815537 6.108513108171347 24.0 
216.0 296.0 2.9669204545815537 6.108513108171347 24.0 
217.0 295.0 2.9669204545815537 6.108513108171347 24.0 
217.0 296.0 2.9669204545815537 6.108513108171347 24.0 
218.0 294.0 2.9669204545815537 6.108513108171347 24.0 
218.0 295.0 2.9669204545815537 6.108513108171347 24.0 
218.0 296.0 2.9669204545815537 6.108513108171347 24.0 
219.0 294.0 2.9669204545815537 6.108513108171347 24.0 
219.0 295.0 2.9669204545815537 6.108513108171347 24.0 
220.0 294.0 2.9669204545815537 6.108513108171347 24.0 
220.0 295.0 2.9669204545815537 6.108513108171347 24.0 
221.0 294.0 2.9669204545815537 6.108513108171347 24.0 
221.0 295.0 2.9669204545815537 6.108513108171347 24.0 
222.0 294.0 2.9669204545815537 6.108513108171347 24.0 
222.0 295.0 2.9669204545815537 6.108513108171347 24.0 
223.0 294.0 2.9669204545815537 6.108513108171347 24.0 
223.0 295.0 2.9669204545815537 6.108513108171347 24.0 
224.0 293.0 2.9669204545815537 6.108513108171347 24.0 
224.0 294.0 2.9669204545815537 6.108513108171347 24.0 
225.0 293.0 2.9669204545815537 6.108513108171347 24.0 
225.0 294.0 2.9669204545815537 6.108513108171347 24.0 
226.0 293.0 2.9669204545815537 6.108513108171347 24.0 
226.0 294.0 2.9669204545815537 6.108513108171347 24.0 
227.0 293.0 2.9669204545815537 6.108513108171347 24.0 
227.0 294.0 2.9669204545815537 6.108513108171347 24.0 
228.0 293.0 2.9669204545815537 6.108513108171347 24.0 
228.0 294.0 2.9669204545815537 6.108513108171347 24.0 
229.0 293.0 2.9669204545815537 6.108513108171347 24.0 
229.0 294.0 2.9669204545815537 6.108513108171347 24.0 
230.0 292.0 2.9669204545815537 6.108513108171347 24.0 
230.0 293.0 2.9669204545815537 6.108513108171347 24.0 
231.0 292.0 2.9669204545815537 6.108513108171347 24.0 
231.0 293.0 2.9669204545815537 6.108513108171347 24.0 
232.0 292.0 2.9669204545815537 6.108513108171347 24.0 
232.0 293.0 2.9669204545815537 6.108513108171347 24.0 
233.0 292.0 2.9669204545815537 6.108513108171347 24.0 
233.0 293.0 2.9669204545815537 6.108513108171347 24.0 
234.0 292.0 2.9669204545815537 6.108513108171347 24.0 
234.0 293.0 2.9669204545815537 6.108513108171347 24.0 
235.0 291.0 2.9669204545815537 6.108513108171347 24.0 
235.0 292.0 2.9669204545815537 6.108513108171347 24.0 
235.0 293.0 2.9669204545815537 6.108513108171347 24.0 
236.0 291.0 2.9669204545815537 6.108513108171347 24.0 
236.0 292.0 2.9669204545815537 6.108513108171347 24.0 
237.0 291.0 2.9669204545815537 6.108513108171347 24.0 
237.0 292.0 2.9669204545815537 6.108513108171347 24.0 
238.0 291.0 2.9669204545815537 6.108513108171347 24.0 
238.0 292.0 2.9669204545815537 6.108513108171347 24.0 
239.0 291.0 2.9669204545815537 6.108513108171347 24.0 
239.0 292.0 2.9669204545815537 6.108513108171347 24.0 
240.0 291.0 2.9669204545815537 6.108513108171347 24.0 
240.0 292.0 2.9669204545815537 6.108513108171347 24.0 
241.0 290.0 2.9669204545815537 6.108513108171347 24.0 
241.0 291.0 2.9669204545815537 6.108513108171347 24.0 
242.0 290.0 2.9669204545815537 6.108513108171347 24.0 
242.0 291.0 2.9669204545815537 6.108513108171347 24.0 
243.0 290.0 2.9669204545815537 6.108513108171347 24.0 
243.0 291.0 2.9669204545815537 6.108513108171347 24.0 
244.0 290.0 2.9669204545815537 6.108513108171347 24.0 
244.0 291.0 2.9669204545815537 6.108513108171347 24.0 
245.0 290.0 2.9669204545815537 6.108513108171347 24.0 
245.0 291.0 2.9669204545815537 6.108513108171347 24.0 
246.0 290.0 2.9669204545815537 6.108513108171347 24.0 
246.0 291.0 2.9669204545815537 6.108513108171347 24.0 
247.0 289.0 2.9669204545815537 6.108513108171347 24.0 
247.0 290.0 2.9669204545815537 6.108513108171347 24.0 
248.0 289.0 2.9669204545815537 6.108513108171347 24.0 
248.0 290.0 2.9669204545815537 6.108513108171347 24.0 
249.0 289.0 2.9669204545815537 6.108513108171347 24.0 
249.0 290.0 2.9669204545815537 6.108513108171347 24.0 
250.0 289.0 2.9669204545815537 6.108513108171347 24.0 
250.0 290.0 2.9669204545815537 6.108513108171347 24.0 
251.0 289.0 2.9669204545815537 6.108513108171347 24.0 
251.0 290.0 2.9669204545815537 6.108513108171347 24.0 
252.0 289.0 2.9669204545815537 6.108513108171347 24.0 
252.0 290.0 2.9669204545815537 6.108513108171347 24.0 
210.0 310.0 3.0288650419994156 6.170457695589208 56.0 
210.0 311.0 3.0288650419994156 6.170457695589208 56.0 
210.0 312.0 3.0288650419994156 6.170457695589208 56.0 
211.0 310.0 3.0288650419994156 6.170457695589208 56.0 
211.0 311.0 3.0288650419994156 6.170457695589208 56.0 
211.0 312.0 3.0288650419994156 6.170457695589208 56.0 
211.0 313.0 3.0288650419994156 6.170457695589208 56.0 
211.0 314.0 3.0288650419994156 6.170457695589208 56.0 
211.0 315.0 3.0288650419994156 6.170457695589208 56.0 
212.0 310.0 3.0288650419994156 6.170457695589208 56.0 
212.0 311.0 3.0288650419994156 6.170457695589208 56.0 
212.0 312.0 3.0288650419994156 6.170457695589208 56.0 
212.0 313.0 3.0288650419994156 6.170457695589208 56.0 
212.0 314.0 3.0288650419994156 6.170457695589208 56.0 
212.0 315.0 3.0288650419994156 6.170457695589208 56.0 
213.0 310.0 3.0288650419994156 6.170457695589208 56.0 
213.0 311.0 3.0288650419994156 6.170457695589208 56.0 
213.0 312.0 3.0288650419994156 6.170457695589208 56.0 
213.0 313.0 3.0288650419994156 6.170457695589208 56.0 
213.0 314.0 3.0288650419994156 6.170457695589208 56.0 
213.0 315.0 3.0288650419994156 6.170457695589208 56.0 
214.0 310.0 3.0288650419994156 6.170457695589208 56.0 
214.0 311.0 3.0288650419994156 6.170457695589208 56.0 
214.0 312.0 3.0288650419994156 6.170457695589208 56.0 
214.0 313.0 3.0288650419994156 6.170457695589208 56.0 
214.0 314.0 3.0288650419994156 6.170457695589208 56.0 
214.0 315.0 3.0288650419994156 6.170457695589208 56.0 
215.0 310.0 3.0288650419994156 6.170457695589208 56.0 
215.0 311.0 3.0288650419994156 6.170457695589208 56.0 
215.0 312.0 3.0288650419994156 6.170457695589208 56.0 
215.0 313.0 3.0288650419994156 6.170457695589208 56.0 
215.0 314.0 3.0288650419994156 6.170457695589208 56.0 
215.0 315.0 3.0288650419994156 6.170457695589208 56.0 
216.0 310.0 3.0288650419994156 6.170457695589208 56.0 
216.0 311.0 3.0288650419994156 6.170457695589208 56.0 
216.0 312.0 3.0288650419994156 6.170457695589208 56.0 
216.0 313.0 3.0288650419994156 6.170457695589208 56.0 
216.0 314.0 3.0288650419994156 6.170457695589208 56.0 
216.0 315.0 3.0288650419994156 6.170457695589208 56.0 
217.0 310.0 3.0288650419994156 6.170457695589208 56.0 
217.0 311.0 3.0288650419994156 6.170457695589208 56.0 
217.0 312.0 3.0288650419994156 6.170457695589208 56.0 
217.0 313.0 3.0288650419994156 6.170457695589208 56.0 
217.0 314.0 3.0288650419994156 6.170457695589208 56.0 
217.0 315.0 3.0288650419994156 6.170457695589208 56.0 
218.0 310.0 3.0288650419994156 6.170457695589208 56.0 
218.0 311.0 3.0288650419994156 6.170457695589208 56.0 
218.0 312.0 3.0288650419994156 6.170457695589208 56.0 
218.0 313.0 3.0288650419994156 6.170457695589208 56.0 
218.0 314.0 3.0288650419994156 6.170457695589208 56.0 
218.0 315.0 3.0288650419994156 6.170457695589208 56.0 
219.0 309.0 3.0288650419994156 6.170457695589208 56.0 
219.0 310.0 3.0288650419994156 6.170457695589208 56.0 
219.0 311.0 3.0288650419994156 6.170457695589208 56.0 
219.0 312.0 3.0288650419994156 6.170457695589208 56.0 
219.0 313.0 3.0288650419994156 6.170457695589208 56.0 
219.0 314.0 3.0288650419994156 6.170457695589208 56.0 
219.0 315.0 3.0288650419994156 6.170457695589208 56.0 
220.0 309.0 3.0288650419994156 6.170457695589208 56.0 
220.0 310.0 3.0288650419994156 6.170457695589208 56.0 
220.0 311.0 3.0288650419994156 6.170457695589208 56.0 
220.0 312.0 3.0288650419994156 6.170457695589208 56.0 
220.0 313.0 3.0288650419994156 6.170457695589208 56.0 
220.0 314.0 3.0288650419994156 6.170457695589208 56.0 
221.0 309.0 3.0288650419994156 6.170457695589208 56.0 
221.0 310.0 3.0288650419994156 6.170457695589208 56.0 
221.0 311.0 3.0288650419994156 6.170457695589208 56.0 
221.0 312.0 3.0288650419994156 6.170457695589208 56.0 
221.0 313.0 3.0288650419994156 6.170457695589208 56.0 
221.0 314.0 3.0288650419994156 6.170457695589208 56.0 
222.0 309.0 3.0288650419994156 6.170457695589208 56.0 
222.0 310.0 3.0288650419994156 6.170457695589208 56.0 
222.0 311.0 3.0288650419994156 6.170457695589208 56.0 
222.0 312.0 3.0288650419994156 6.170457695589208 56.0 
222.0 313.0 3.0288650419994156 6.170457695589208 56.0 
222.0 314.0 3.0288650419994156 6.170457695589208 56.0 
223.0 309.0 3.0288650419994156 6.170457695589208 56.0 
223.0 310.0 3.0288650419994156 6.170457695589208 56.0 
223.0 311.0 3.0288650419994156 6.170457695589208 56.0 
223.0 312.0 3.0288650419994156 6.170457695589208 56.0 
223.0 313.0 3.0288650419994156 6.170457695589208 56.0 
223.0 314.0 3.0288650419994156 6.170457695589208 56.0 
224.0 309.0 3.0288650419994156 6.170457695589208 56.0 
224.0 310.0 3.0288650419994156 6.170457695589208 56.0 
224.0 311.0 3.0288650419994156 6.170457695589208 56.0 
224.0 312.0 3.0288650419994156 6.170457695589208 56.0 
224.0 313.0 3.0288650419994156 6.170457695589208 56.0 
224.0 314.0 3.0288650419994156 6.170457695589208 56.0 
225.0 309.0 3.0288650419994156 6.170457695589208 56.0 
225.0 310.0 3.0288650419994156 6.170457695589208 56.0 
225.0 311.0 3.0288650419994156 6.170457695589208 56.0 
225.0 312.0 3.0288650419994156 6.170457695589208 56.0 
225.0 313.0 3.0288650419994156 6.170457695589208 56.0 
225.0 314.0 3.0288650419994156 6.170457695589208 56.0 
226.0 309.0 3.0288650419994156 6.170457695589208 56.0 
226.0 310.0 3.0288650419994156 6.170457695589208 56.0 
226.0 311.0 3.0288650419994156 6.170457695589208 56.0 
226.0 312.0 3.0288650419994156 6.170457695589208 56.0 
226.0 313.0 3.0288650419994156 6.170457695589208 56.0 
226.0 314.0 3.0288650419994156 6.170457695589208 56.0 
227.0 309.0 3.0288650419994156 6.170457695589208 56.0 
227.0 310.0 3.0288650419994156 6.170457695589208 56.0 
227.0 311.0 3.0288650419994156 6.170457695589208 56.0 
227.0 312.0 3.0288650419994156 6.170457695589208 56.0 
227.0 313.0 3.0288650419994156 6.170457695589208 56.0 
227.0 314.0 3.0288650419994156 6.170457695589208 56.0 
228.0 308.0 3.0288650419994156 6.170457695589208 56.0 
228.0 309.0 3.0288650419994156 6.170457695589208 56.0 
228.0 310.0 3.0288650419994156 6.170457695589208 56.0 
228.0 311.0 3.0288650419994156 6.170457695589208 56.0 
228.0 312.0 3.0288650419994156 6.170457695589208 56.0 
228.0 313.0 3.0288650419994156 6.170457695589208 56.0 
229.0 308.0 3.0288650419994156 6.170457695589208 56.0 
229.0 309.0 3.0288650419994156 6.170457695589208 56.0 
229.0 310.0 3.0288650419994156 6.170457695589208 56.0 
229.0 311.0 3.0288650419994156 6.170457695589208 56.0 
229.0 312.0 3.0288650419994156 6.170457695589208 56.0 
229.0 313.0 3.0288650419994156 6.170457695589208 56.0 
230.0 308.0 3.0288650419994156 6.170457695589208 56.0 
230.0 309.0 3.0288650419994156 6.170457695589208 56.0 
230.0 310.0 3.0288650419994156 6.170457695589208 56.0 
230.0 311.0 3.0288650419994156 6.170457695589208 56.0 
230.0 312.0 3.0288650419994156 6.170457695589208 56.0 
230.0 313.0 3.0288650419994156 6.170457695589208 56.0 
231.0 308.0 3.0288650419994156 6.170457695589208 56.0 
231.0 309.0 3.0288650419994156 6.170457695589208 56.0 
231.0 310.0 3.0288650419994156 6.170457695589208 56.0 
231.0 311.0 3.0288650419994156 6.170457695589208 56.0 
231.0 312.0 3.0288650419994156 6.170457695589208 56.0 
231.0 313.0 3.0288650419994156 6.170457695589208 56.0 
232.0 308.0 3.0288650419994156 6.170457695589208 56.0 
232.0 309.0 3.0288650419994156 6.170457695589208 56.0 
232.0 310.0 3.0288650419994156 6.170457695589208 56.0 
232.0 311.0 3.0288650419994156 6.170457695589208 56.0 
232.0 312.0 3.0288650419994156 6.170457695589208 56.0 
232.0 313.0 3.0288650419994156 6.170457695589208 56.0 
233.0 308.0 3.0288650419994156 6.170457695589208 56.0 
233.0 309.0 3.0288650419994156 6.170457695589208 56.0 
233.0 310.0 3.0288650419994156 6.170457695589208 56.0 
233.0 311.0 3.0288650419994156 6.170457695589208 56.0 
233.0 312.0 3.0288650419994156 6.170457695589208 56.0 
233.0 313.0 3.0288650419994156 6.170457695589208 56.0 
234.0 308.0 3.0288650419994156 6.170457695589208 56.0 
234.0 309.0 3.0288650419994156 6.170457695589208 56.0 
234.0 310.0 3.0288650419994156 6.170457695589208 56.0 
234.0 311.0 3.0288650419994156 6.170457695589208 56.0 
234.0 312.0 3.0288650419994156 6.170457695589208 56.0 
234.0 313.0 3.0288650419994156 6.170457695589208 56.0 
235.0 308.0 3.0288650419994156 6.170457695589208 56.0 
235.0 309.0 3.0288650419994156 6.170457695589208 56.0 
235.0 310.0 3.0288650419994156 6.170457695589208 56.0 
235.0 311.0 3.0288650419994156 6.170457695589208 56.0 
235.0 312.0 3.0288650419994156 6.170457695589208 56.0 
235.0 313.0 3.0288650419994156 6.170457695589208 56.0 
236.0 308.0 3.0288650419994156 6.170457695589208 56.0 
236.0 309.0 3.0288650419994156 6.170457695589208 56.0 
236.0 310.0 3.0288650419994156 6.170457695589208 56.0 
236.0 311.0 3.0288650419994156 6.170457695589208 56.0 
236.0 312.0 3.0288650419994156 6.170457695589208 56.0 
236.0 313.0 3.0288650419994156 6.170457695589208 56.0 
237.0 307.0 3.0288650419994156 6.170457695589208 56.0 
237.0 308.0 3.0288650419994156 6.170457695589208 56.0 
237.0 309.0 3.0288650419994156 6.170457695589208 56.0 
237.0 310.0 3.0288650419994156 6.170457695589208 56.0 
237.0 311.0 3.0288650419994156 6.170457695589208 56.0 
237.0 312.0 3.0288650419994156 6.170457695589208 56.0 
238.0 307.0 3.0288650419994156 6.170457695589208 56.0 
238.0 308.0 3.0288650419994156 6.170457695589208 56.0 
238.0 309.0 3.0288650419994156 6.170457695589208 56.0 
238.0 310.0 3.0288650419994156 6.170457695589208 56.0 
238.0 311.0 3.0288650419994156 6.170457695589208 56.0 
238.0 312.0 3.0288650419994156 6.170457695589208 56.0 
239.0 307.0 3.0288650419994156 6.170457695589208 56.0 
239.0 308.0 3.0288650419994156 6.170457695589208 56.0 
239.0 309.0 3.0288650419994156 6.170457695589208 56.0 
239.0 310.0 3.0288650419994156 6.170457695589208 56.0 
239.0 311.0 3.0288650419994156 6.170457695589208 56.0 
239.0 312.0 3.0288650419994156 6.170457695589208 56.0 
240.0 307.0 3.0288650419994156 6.170457695589208 56.0 
240.0 308.0 3.0288650419994156 6.170457695589208 56.0 
240.0 309.0 3.0288650419994156 6.170457695589208 56.0 
240.0 310.0 3.0288650419994156 6.170457695589208 56.0 
240.0 311.0 3.0288650419994156 6.170457695589208 56.0 
240.0 312.0 3.0288650419994156 6.170457695589208 56.0 
241.0 307.0 3.0288650419994156 6.170457695589208 56.0 
241.0 308.0 3.0288650419994156 6.170457695589208 56.0 
241.0 309.0 3.0288650419994156 6.170457695589208 56.0 
241.0 310.0 3.0288650419994156 6.170457695589208 56.0 
241.0 311.0 3.0288650419994156 6.170457695589208 56.0 
241.0 312.0 3.0288650419994156 6.170457695589208 56.0 
242.0 307.0 3.0288650419994156 6.170457695589208 56.0 
242.0 308.0 3.0288650419994156 6.170457695589208 56.0 
242.0 309.0 3.0288650419994156 6.170457695589208 56.0 
242.0 310.0 3.0288650419994156 6.170457695589208 56.0 
242.0 311.0 3.0288650419994156 6.170457695589208 56.0 
242.0 312.0 3.0288650419994156 6.170457695589208 56.0 
243.0 307.0 3.0288650419994156 6.170457695589208 56.0 
243.0 308.0 3.0288650419994156 6.170457695589208 56.0 
243.0 309.0 3.0288650419994156 6.170457695589208 56.0 
243.0 310.0 3.0288650419994156 6.170457695589208 56.0 
243.0 311.0 3.0288650419994156 6.170457695589208 56.0 
243.0 312.0 3.0288650419994156 6.170457695589208 56.0 
244.0 307.0 3.0288650419994156 6.170457695589208 56.0 
244.0 308.0 3.0288650419994156 6.170457695589208 56.0 
244.0 309.0 3.0288650419994156 6.170457695589208 56.0 
244.0 310.0 3.0288650419994156 6.170457695589208 56.0 
244.0 311.0 3.0288650419994156 6.170457695589208 56.0 
244.0 312.0 3.0288650419994156 6.170457695589208 56.0 
245.0 307.0 3.0288650419994156 6.170457695589208 56.0 
245.0 308.0 3.0288650419994156 6.170457695589208 56.0 
245.0 309.0 3.0288650419994156 6.170457695589208 56.0 
245.0 310.0 3.0288650419994156 6.170457695589208 56.0 
245.0 311.0 3.0288650419994156 6.170457695589208 56.0 
245.0 312.0 3.0288650419994156 6.170457695589208 56.0 
246.0 306.0 3.0288650419994156 6.170457695589208 56.0 
246.0 307.0 3.0288650419994156 6.170457695589208 56.0 
246.0 308.0 3.0288650419994156 6.170457695589208 56.0 
246.0 309.0 3.0288650419994156 6.170457695589208 56.0 
246.0 310.0 3.0288650419994156 6.170457695589208 56.0 
246.0 311.0 3.0288650419994156 6.170457695589208 56.0 
247.0 306.0 3.0288650419994156 6.170457695589208 56.0 
247.0 307.0 3.0288650419994156 6.170457695589208 56.0 
247.0 308.0 3.0288650419994156 6.170457695589208 56.0 
247.0 309.0 3.0288650419994156 6.170457695589208 56.0 
247.0 310.0 3.0288650419994156 6.170457695589208 56.0 
247.0 311.0 3.0288650419994156 6.170457695589208 56.0 
248.0 306.0 3.0288650419994156 6.170457695589208 56.0 
248.0 307.0 3.0288650419994156 6.170457695589208 56.0 
248.0 308.0 3.0288650419994156 6.170457695589208 56.0 
248.0 309.0 3.0288650419994156 6.170457695589208 56.0 
248.0 310.0 3.0288650419994156 6.170457695589208 56.0 
248.0 311.0 3.0288650419994156 6.170457695589208 56.0 
249.0 306.0 3.0288650419994156 6.170457695589208 56.0 
249.0 307.0 3.0288650419994156 6.170457695589208 56.0 
249.0 308.0 3.0288650419994156 6.170457695589208 56.0 
249.0 309.0 3.0288650419994156 6.170457695589208 56.0 
249.0 310.0 3.0288650419994156 6.170457695589208 56.0 
249.0 311.0 3.0288650419994156 6.170457695589208 56.0 
250.0 306.0 3.0288650419994156 6.170457695589208 56.0 
250.0 307.0 3.0288650419994156 6.170457695589208 56.0 
250.0 308.0 3.0288650419994156 6.170457695589208 56.0 
250.0 309.0 3.0288650419994156 6.170457695589208 56.0 
250.0 310.0 3.0288650419994156 6.170457695589208 56.0 
250.0 311.0 3.0288650419994156 6.170457695589208 56.0 
251.0 306.0 3.0288650419994156 6.170457695589208 56.0 
251.0 307.0 3.0288650419994156 6.170457695589208 56.0 
251.0 308.0 3.0288650419994156 6.170457695589208 56.0 
251.0 309.0 3.0288650419994156 6.170457695589208 56.0 
251.0 310.0 3.0288650419994156 6.170457695589208 56.0 
251.0 311.0 3.0288650419994156 6.170457695589208 56.0 
252.0 306.0 3.0288650419994156 6.170457695589208 56.0 
252.0 307.0 3.0288650419994156 6.170457695589208 56.0 
252.0 308.0 3.0288650419994156 6.170457695589208 56.0 
252.0 309.0 3.0288650419994156 6.170457695589208 56.0 
252.0 310.0 3.0288650419994156 6.170457695589208 56.0 
252.0 311.0 3.0288650419994156 6.170457695589208 56.0 
253.0 306.0 3.0288650419994156 6.170457695589208 56.0 
253.0 307.0 3.0288650419994156 6.170457695589208 56.0 
253.0 308.0 3.0288650419994156 6.170457695589208 56.0 
253.0 309.0 3.0288650419994156 6.170457695589208 56.0 
253.0 310.0 3.0288650419994156 6.170457695589208 56.0 
253.0 311.0 3.0288650419994156 6.170457695589208 56.0 
254.0 305.0 3.0288650419994156 6.170457695589208 56.0 
254.0 306.0 3.0288650419994156 6.170457695589208 56.0 
254.0 307.0 3.0288650419994156 6.170457695589208 56.0 
254.0 308.0 3.0288650419994156 6.170457695589208 56.0 
254.0 309.0 3.0288650419994156 6.170457695589208 56.0 
254.0 310.0 3.0288650419994156 6.170457695589208 56.0 
254.0 311.0 3.0288650419994156 6.170457695589208 56.0 
255.0 305.0 3.0288650419994156 6.170457695589208 56.0 
255.0 306.0 3.0288650419994156 6.170457695589208 56.0 
255.0 307.0 3.0288650419994156 6.170457695589208 56.0 
255.0 308.0 3.0288650419994156 6.170457695589208 56.0 
255.0 309.0 3.0288650419994156 6.170457695589208 56.0 
255.0 310.0 3.0288650419994156 6.170457695589208 56.0 
256.0 305.0 3.0288650419994156 6.170457695589208 56.0 
256.0 306.0 3.0288650419994156 6.170457695589208 56.0 
256.0 307.0 3.0288650419994156 6.170457695589208 56.0 
256.0 308.0 3.0288650419994156 6.170457695589208 56.0 
256.0 309.0 3.0288650419994156 6.170457695589208 56.0 
256.0 310.0 3.0288650419994156 6.170457695589208 56.0 
257.0 305.0 3.0288650419994156 6.170457695589208 56.0 
257.0 306.0 3.0288650419994156 6.170457695589208 56.0 
257.0 307.0 3.0288650419994156 6.170457695589208 56.0 
257.0 308.0 3.0288650419994156 6.170457695589208 56.0 
257.0 309.0 3.0288650419994156 6.170457695589208 56.0 
257.0 310.0 3.0288650419994156 6.170457695589208 56.0 
258.0 305.0 3.0288650419994156 6.170457695589208 56.0 
258.0 306.0 3.0288650419994156 6.170457695589208 56.0 
258.0 307.0 3.0288650419994156 6.170457695589208 56.0 
258.0 308.0 3.0288650419994156 6.170457695589208 56.0 
258.0 309.0 3.0288650419994156 6.170457695589208 56.0 
258.0 310.0 3.0288650419994156 6.170457695589208 56.0 
259.0 305.0 3.0288650419994156 6.170457695589208 56.0 
259.0 306.0 3.0288650419994156 6.170457695589208 56.0 
259.0 307.0 3.0288650419994156 6.170457695589208 56.0 
259.0 308.0 3.0288650419994156 6.170457695589208 56.0 
259.0 309.0 3.0288650419994156 6.170457695589208 56.0 
259.0 310.0 3.0288650419994156 6.170457695589208 56.0 
260.0 305.0 3.0288650419994156 6.170457695589208 56.0 
260.0 306.0 3.0288650419994156 6.170457695589208 56.0 
260.0 307.0 3.0288650419994156 6.170457695589208 56.0 
260.0 308.0 3.0288650419994156 6.170457695589208 56.0 
260.0 309.0 3.0288650419994156 6.170457695589208 56.0 
260.0 310.0 3.0288650419994156 6.170457695589208 56.0 
261.0 305.0 3.0288650419994156 6.170457695589208 56.0 
261.0 306.0 3.0288650419994156 6.170457695589208 56.0 
261.0 307.0 3.0288650419994156 6.170457695589208 56.0 
261.0 308.0 3.0288650419994156 6.170457695589208 56.0 
261.0 309.0 3.0288650419994156 6.170457695589208 56.0 
261.0 310.0 3.0288650419994156 6.170457695589208 56.0 
262.0 305.0 3.0288650419994156 6.170457695589208 56.0 
262.0 306.0 3.0288650419994156 6.170457695589208 56.0 
262.0 307.0 3.0288650419994156 6.170457695589208 56.0 
262.0 308.0 3.0288650419994156 6.170457695589208 56.0 
262.0 309.0 3.0288650419994156 6.170457695589208 56.0 
262.0 310.0 3.0288650419994156 6.170457695589208 56.0 
263.0 307.0 3.0288650419994156 6.170457695589208 56.0 
263.0 308.0 3.0288650419994156 6.170457695589208 56.0 
263.0 309.0 3.0288650419994156 6.170457695589208 56.0 
263.0 310.0 3.0288650419994156 6.170457695589208 56.0 
264.0 308.0 3.311370927558131 0.16977827396833797 52.0 
264.0 309.0 3.311370927558131 0.16977827396833797 52.0 
264.0 310.0 3.311370927558131 0.16977827396833797 52.0 
264.0 311.0 3.311370927558131 0.16977827396833797 52.0 
265.0 306.0 3.311370927558131 0.16977827396833797 52.0 
265.0 307.0 3.311370927558131 0.16977827396833797 52.0 
265.0 308.0 3.311370927558131 0.16977827396833797 52.0 
265.0 309.0 3.311370927558131 0.16977827396833797 52.0 
265.0 310.0 3.311370927558131 0.16977827396833797 52.0 
265.0 311.0 3.311370927558131 0.16977827396833797 52.0 
266.0 306.0 3.311370927558131 0.16977827396833797 52.0 
266.0 307.0 3.311370927558131 0.16977827396833797 52.0 
266.0 308.0 3.311370927558131 0.16977827396833797 52.0 
266.0 309.0 3.311370927558131 0.16977827396833797 52.0 
266.0 310.0 3.311370927558131 0.16977827396833797 52.0 
266.0 311.0 3.311370927558131 0.16977827396833797 52.0 
267.0 306.0 3.311370927558131 0.16977827396833797 52.0 
267.0 307.0 3.311370927558131 0.16977827396833797 52.0 
267.0 308.0 3.311370927558131 0.16977827396833797 52.0 
267.0 309.0 3.311370927558131 0.16977827396833797 52.0 
267.0 310.0 3.311370927558131 0.16977827396833797 52.0 
267.0 311.0 3.311370927558131 0.16977827396833797 52.0 
268.0 306.0 3.311370927558131 0.16977827396833797 52.0 
268.0 307.0 3.311370927558131 0.16977827396833797 52.0 
268.0 308.0 3.311370927558131 0.16977827396833797 52.0 
268.0 309.0 3.311370927558131 0.16977827396833797 52.0 
268.0 310.0 3.311370927558131 0.16977827396833797 52.0 
268.0 311.0 3.311370927558131 0.16977827396833797 52.0 
269.0 306.0 3.311370927558131 0.16977827396833797 52.0 
269.0 307.0 3.311370927558131 0.16977827396833797 52.0 
269.0 308.0 3.311370927558131 0.16977827396833797 52.0 
269.0 309.0 3.311370927558131 0.16977827396833797 52.0 
269.0 310.0 3.311370927558131 0.16977827396833797 52.0 
269.0 311.0 3.311370927558131 0.16977827396833797 52.0 
270.0 306.0 3.311370927558131 0.16977827396833797 52.0 
270.0 307.0 3.311370927558131 0.16977827396833797 52.0 
270.0 308.0 3.311370927558131 0.16977827396833797 52.0 
270.0 309.0 3.311370927558131 0.16977827396833797 52.0 
270.0 310.0 3.311370927558131 0.16977827396833797 52.0 
270.0 311.0 3.311370927558131 0.16977827396833797 52.0 
270.0 312.0 3.311370927558131 0.16977827396833797 52.0 
271.0 307.0 3.311370927558131 0.16977827396833797 52.0 
271.0 308.0 3.311370927558131 0.16977827396833797 52.0 
271.0 309.0 3.311370927558131 0.16977827396833797 52.0 
271.0 310.0 3.311370927558131 0.16977827396833797 52.0 
271.0 311.0 3.311370927558131 0.16977827396833797 52.0 
271.0 312.0 3.311370927558131 0.16977827396833797 52.0 
272.0 307.0 3.311370927558131 0.16977827396833797 52.0 
272.0 308.0 3.311370927558131 0.16977827396833797 52.0 
272.0 309.0 3.311370927558131 0.16977827396833797 52.0 
272.0 310.0 3.311370927558131 0.16977827396833797 52.0 
272.0 311.0 3.311370927558131 0.16977827396833797 52.0 
272.0 312.0 3.311370927558131 0.16977827396833797 52.0 
273.0 307.0 3.311370927558131 0.16977827396833797 52.0 
273.0 308.0 3.311370927558131 0.16977827396833797 52.0 
273.0 309.0 3.311370927558131 0.16977827396833797 52.0 
273.0 310.0 3.311370927558131 0.16977827396833797 52.0 
273.0 311.0 3.311370927558131 0.16977827396833797 52.0 
273.0 312.0 3.311370927558131 0.16977827396833797 52.0 
274.0 307.0 3.311370927558131 0.16977827396833797 52.0 
274.0 308.0 3.311370927558131 0.16977827396833797 52.0 
274.0 309.0 3.311370927558131 0.16977827396833797 52.0 
274.0 310.0 3.311370927558131 0.16977827396833797 52.0 
274.0 311.0 3.311370927558131 0.16977827396833797 52.0 
274.0 312.0 3.311370927558131 0.16977827396833797 52.0 
275.0 307.0 3.311370927558131 0.16977827396833797 52.0 
275.0 308.0 3.311370927558131 0.16977827396833797 52.0 
275.0 309.0 3.311370927558131 0.16977827396833797 52.0 
275.0 310.0 3.311370927558131 0.16977827396833797 52.0 
275.0 311.0 3.311370927558131 0.16977827396833797 52.0 
275.0 312.0 3.311370927558131 0.16977827396833797 52.0 
276.0 308.0 3.311370927558131 0.16977827396833797 52.0 
276.0 309.0 3.311370927558131 0.16977827396833797 52.0 
276.0 310.0 3.311370927558131 0.16977827396833797 52.0 
276.0 311.0 3.311370927558131 0.16977827396833797 52.0 
276.0 312.0 3.311370927558131 0.16977827396833797 52.0 
276.0 313.0 3.311370927558131 0.16977827396833797 52.0 
277.0 308.0 3.311370927558131 0.16977827396833797 52.0 
277.0 309.0 3.311370927558131 0.16977827396833797 52.0 
277.0 310.0 3.311370927558131 0.16977827396833797 52.0 
277.0 311.0 3.311370927558131 0.16977827396833797 52.0 
277.0 312.0 3.311370927558131 0.16977827396833797 52.0 
277.0 313.0 3.311370927558131 0.16977827396833797 52.0 
278.0 308.0 3.311370927558131 0.16977827396833797 52.0 
278.0 309.0 3.311370927558131 0.16977827396833797 52.0 
278.0 310.0 3.311370927558131 0.16977827396833797 52.0 
278.0 311.0 3.311370927558131 0.16977827396833797 52.0 
278.0 312.0 3.311370927558131 0.16977827396833797 52.0 
278.0 313.0 3.311370927558131 0.16977827396833797 52.0 
279.0 308.0 3.311370927558131 0.16977827396833797 52.0 
279.0 309.0 3.311370927558131 0.16977827396833797 52.0 
279.0 310.0 3.311370927558131 0.16977827396833797 52.0 
279.0 311.0 3.311370927558131 0.16977827396833797 52.0 
279.0 312.0 3.311370927558131 0.16977827396833797 52.0 
279.0 313.0 3.311370927558131 0.16977827396833797 52.0 
280.0 308.0 3.311370927558131 0.16977827396833797 52.0 
280.0 309.0 3.311370927558131 0.16977827396833797 52.0 
280.0 310.0 3.311370927558131 0.16977827396833797 52.0 
280.0 311.0 3.311370927558131 0.16977827396833797 52.0 
280.0 312.0 3.311370927558131 0.16977827396833797 52.0 
280.0 313.0 3.311370927558131 0.16977827396833797 52.0 
281.0 308.0 3.311370927558131 0.16977827396833797 52.0 
281.0 309.0 3.311370927558131 0.16977827396833797 52.0 
281.0 310.0 3.311370927558131 0.16977827396833797 52.0 
281.0 311.0 3.311370927558131 0.16977827396833797 52.0 
281.0 312.0 3.311370927558131 0.16977827396833797 52.0 
281.0 313.0 3.311370927558131 0.16977827396833797 52.0 
282.0 309.0 3.311370927558131 0.16977827396833797 52.0 
282.0 310.0 3.311370927558131 0.16977827396833797 52.0 
282.0 311.0 3.311370927558131 0.16977827396833797 52.0 
282.0 312.0 3.311370927558131 0.16977827396833797 52.0 
282.0 313.0 3.311370927558131 0.16977827396833797 52.0 
282.0 314.0 3.311370927558131 0.16977827396833797 52.0 
283.0 309.0 3.311370927558131 0.16977827396833797 52.0 
283.0 310.0 3.311370927558131 0.16977827396833797 52.0 
283.0 311.0 3.311370927558131 0.16977827396833797 52.0 
283.0 312.0 3.311370927558131 0.16977827396833797 52.0 
283.0 313.0 3.311370927558131 0.16977827396833797 52.0 
283.0 314.0 3.311370927558131 0.16977827396833797 52.0 
284.0 309.0 3.311370927558131 0.16977827396833797 52.0 
284.0 310.0 3.311370927558131 0.16977827396833797 52.0 
284.0 311.0 3.311370927558131 0.16977827396833797 52.0 
284.0 312.0 3.311370927558131 0.16977827396833797 52.0 
284.0 313.0 3.311370927558131 0.16977827396833797 52.0 
284.0 314.0 3.311370927558131 0.16977827396833797 52.0 
285.0 309.0 3.311370927558131 0.16977827396833797 52.0 
285.0 310.0 3.311370927558131 0.16977827396833797 52.0 
285.0 311.0 3.311370927558131 0.16977827396833797 52.0 
285.0 312.0 3.311370927558131 0.16977827396833797 52.0 
285.0 313.0 3.311370927558131 0.16977827396833797 52.0 
285.0 314.0 3.311370927558131 0.16977827396833797 52.0 
286.0 309.0 3.311370927558131 0.16977827396833797 52.0 
286.0 310.0 3.311370927558131 0.16977827396833797 52.0 
286.0 311.0 3.311370927558131 0.16977827396833797 52.0 
286.0 312.0 3.311370927558131 0.16977827396833797 52.0 
286.0 313.0 3.311370927558131 0.16977827396833797 52.0 
286.0 314.0 3.311370927558131 0.16977827396833797 52.0 
287.0 309.0 3.311370927558131 0.16977827396833797 52.0 
287.0 310.0 3.311370927558131 0.16977827396833797 52.0 
287.0 311.0 3.311370927558131 0.16977827396833797 52.0 
287.0 312.0 3.311370927558131 0.16977827396833797 52.0 
287.0 313.0 3.311370927558131 0.16977827396833797 52.0 
287.0 314.0 3.311370927558131 0.16977827396833797 52.0 
288.0 310.0 3.311370927558131 0.16977827396833797 52.0 
288.0 311.0 3.311370927558131 0.16977827396833797 52.0 
288.0 312.0 3.311370927558131 0.16977827396833797 52.0 
288.0 313.0 3.311370927558131 0.16977827396833797 52.0 
288.0 314.0 3.311370927558131 0.16977827396833797 52.0 
288.0 315.0 3.311370927558131 0.16977827396833797 52.0 
289.0 310.0 3.311370927558131 0.16977827396833797 52.0 
289.0 311.0 3.311370927558131 0.16977827396833797 52.0 
289.0 312.0 3.311370927558131 0.16977827396833797 52.0 
289.0 313.0 3.311370927558131 0.16977827396833797 52.0 
289.0 314.0 3.311370927558131 0.16977827396833797 52.0 
289.0 315.0 3.311370927558131 0.16977827396833797 52.0 
290.0 310.0 3.311370927558131 0.16977827396833797 52.0 
290.0 311.0 3.311370927558131 0.16977827396833797 52.0 
290.0 312.0 3.311370927558131 0.16977827396833797 52.0 
290.0 313.0 3.311370927558131 0.16977827396833797 52.0 
290.0 314.0 3.311370927558131 0.16977827396833797 52.0 
290.0 315.0 3.311370927558131 0.16977827396833797 52.0 
291.0 310.0 3.311370927558131 0.16977827396833797 52.0 
291.0 311.0 3.311370927558131 0.16977827396833797 52.0 
291.0 312.0 3.311370927558131 0.16977827396833797 52.0 
291.0 313.0 3.311370927558131 0.16977827396833797 52.0 
291.0 314.0 3.311370927558131 0.16977827396833797 52.0 
291.0 315.0 3.311370927558131 0.16977827396833797 52.0 
292.0 310.0 3.311370927558131 0.16977827396833797 52.0 
292.0 311.0 3.311370927558131 0.16977827396833797 52.0 
292.0 312.0 3.311370927558131 0.16977827396833797 52.0 
292.0 313.0 3.311370927558131 0.16977827396833797 52.0 
292.0 314.0 3.311370927558131 0.16977827396833797 52.0 
292.0 315.0 3.311370927558131 0.16977827396833797 52.0 
293.0 310.0 3.311370927558131 0.16977827396833797 52.0 
293.0 311.0 3.311370927558131 0.16977827396833797 52.0 
293.0 312.0 3.311370927558131 0.16977827396833797 52.0 
293.0 313.0 3.311370927558131 0.16977827396833797 52.0 
293.0 314.0 3.311370927558131 0.16977827396833797 52.0 
293.0 315.0 3.311370927558131 0.16977827396833797 52.0 
293.0 316.0 3.311370927558131 0.16977827396833797 52.0 
294.0 311.0 3.311370927558131 0.16977827396833797 52.0 
294.0 312.0 3.311370927558131 0.16977827396833797 52.0 
294.0 313.0 3.311370927558131 0.16977827396833797 52.0 
294.0 314.0 3.311370927558131 0.16977827396833797 52.0 
294.0 315.0 3.311370927558131 0.16977827396833797 52.0 
294.0 316.0 3.311370927558131 0.16977827396833797 52.0 
295.0 311.0 3.311370927558131 0.16977827396833797 52.0 
295.0 312.0 3.311370927558131 0.16977827396833797 52.0 
295.0 313.0 3.311370927558131 0.16977827396833797 52.0 
295.0 314.0 3.311370927558131 0.16977827396833797 52.0 
295.0 315.0 3.311370927558131 0.16977827396833797 52.0 
295.0 316.0 3.311370927558131 0.16977827396833797 52.0 
296.0 311.0 3.311370927558131 0.16977827396833797 52.0 
296.0 312.0 3.311370927558131 0.16977827396833797 52.0 
296.0 313.0 3.311370927558131 0.16977827396833797 52.0 
296.0 314.0 3.311370927558131 0.16977827396833797 52.0 
296.0 315.0 3.311370927558131 0.16977827396833797 52.0 
296.0 316.0 3.311370927558131 0.16977827396833797 52.0 
297.0 311.0 3.311370927558131 0.16977827396833797 52.0 
297.0 312.0 3.311370927558131 0.16977827396833797 52.0 
297.0 313.0 3.311370927558131 0.16977827396833797 52.0 
297.0 314.0 3.311370927558131 0.16977827396833797 52.0 
297.0 315.0 3.311370927558131 0.16977827396833797 52.0 
297.0 316.0 3.311370927558131 0.16977827396833797 52.0 
298.0 311.0 3.311370927558131 0.16977827396833797 52.0 
298.0 312.0 3.311370927558131 0.16977827396833797 52.0 
298.0 313.0 3.311370927558131 0.16977827396833797 52.0 
298.0 314.0 3.311370927558131 0.16977827396833797 52.0 
298.0 315.0 3.311370927558131 0.16977827396833797 52.0 
298.0 316.0 3.311370927558131 0.16977827396833797 52.0 
299.0 311.0 3.311370927558131 0.16977827396833797 52.0 
299.0 312.0 3.311370927558131 0.16977827396833797 52.0 
299.0 313.0 3.311370927558131 0.16977827396833797 52.0 
