210.0 317.0 3.0419240010986317 6.183516654688424 32.0 
210.0 318.0 3.0419240010986317 6.183516654688424 32.0 
211.0 317.0 3.0419240010986317 6.183516654688424 32.0 
211.0 318.0 3.0419240010986317 6.183516654688424 32.0 
211.0 319.0 3.0419240010986317 6.183516654688424 32.0 
211.0 320.0 3.0419240010986317 6.183516654688424 32.0 
211.0 321.0 3.0419240010986317 6.183516654688424 32.0 
212.0 317.0 3.0419240010986317 6.183516654688424 32.0 
212.0 318.0 3.0419240010986317 6.183516654688424 32.0 
212.0 319.0 3.0419240010986317 6.183516654688424 32.0 
212.0 320.0 3.0419240010986317 6.183516654688424 32.0 
212.0 321.0 3.0419240010986317 6.183516654688424 32.0 
213.0 317.0 3.0419240010986317 6.183516654688424 32.0 
213.0 318.0 3.0419240010986317 6.183516654688424 32.0 
213.0 319.0 3.0419240010986317 6.183516654688424 32.0 
213.0 320.0 3.0419240010986317 6.183516654688424 32.0 
213.0 321.0 3.0419240010986317 6.183516654688424 32.0 
214.0 317.0 3.0419240010986317 6.183516654688424 32.0 
214.0 318.0 3.0419240010986317 6.183516654688424 32.0 
214.0 319.0 3.0419240010986317 6.183516654688424 32.0 
214.0 320.0 3.0419240010986317 6.183516654688424 32.0 
214.0 321.0 3.0419240010986317 6.183516654688424 32.0 
215.0 316.0 3.0419240010986317 6.183516654688424 32.0 
215.0 317.0 3.0419240010986317 6.183516654688424 32.0 
215.0 318.0 3.0419240010986317 6.183516654688424 32.0 
215.0 319.0 3.0419240010986317 6.183516654688424 32.0 
215.0 320.0 3.0419240010986317 6.183516654688424 32.0 
215.0 321.0 3.0419240010986317 6.183516654688424 32.0 
216.0 316.0 3.0419240010986317 6.183516654688424 32.0 
216.0 317.0 3.0419240010986317 6.183516654688424 32.0 
216.0 318.0 3.0419240010986317 6.183516654688424 32.0 
216.0 319.0 3.0419240010986317 6.183516654688424 32.0 
216.0 320.0 3.0419240010986317 6.183516654688424 32.0 
217.0 316.0 3.0419240010986317 6.183516654688424 32.0 
217.0 317.0 3.0419240010986317 6.183516654688424 32.0 
217.0 318.0 3.0419240010986317 6.183516654688424 32.0 
217.0 319.0 3.0419240010986317 6.183516654688424 32.0 
217.0 320.0 3.0419240010986317 6.183516654688424 32.0 
218.0 316.0 3.0419240010986317 6.183516654688424 32.0 
218.0 317.0 3.0419240010986317 6.183516654688424 32.0 
218.0 318.0 3.0419240010986317 6.183516654688424 32.0 
218.0 319.0 3.0419240010986317 6.183516654688424 32.0 
218.0 320.0 3.0419240010986317 6.183516654688424 32.0 
219.0 316.0 3.0419240010986317 6.183516654688424 32.0 
219.0 317.0 3.0419240010986317 6.183516654688424 32.0 
219.0 318.0 3.0419240010986317 6.183516654688424 32.0 
219.0 319.0 3.0419240010986317 6.183516654688424 32.0 
219.0 320.0 3.0419240010986317 6.183516654688424 32.0 
220.0 318.0 3.0419240010986317 6.183516654688424 32.0 
220.0 319.0 3.0419240010986317 6.183516654688424 32.0 
220.0 320.0 3.0419240010986317 6.183516654688424 32.0 
229.0 316.0 2.7233683240105644 5.864960977600357 32.0 
229.0 317.0 2.7233683240105644 5.864960977600357 32.0 
230.0 315.0 2.7233683240105644 5.864960977600357 32.0 
230.0 316.0 2.7233683240105644 5.864960977600357 32.0 
230.0 317.0 2.7233683240105644 5.864960977600357 32.0 
230.0 318.0 2.7233683240105644 5.864960977600357 32.0 
230.0 319.0 2.7233683240105644 5.864960977600357 32.0 
230.0 320.0 2.7233683240105644 5.864960977600357 32.0 
231.0 315.0 2.7233683240105644 5.864960977600357 32.0 
231.0 316.0 2.7233683240105644 5.864960977600357 32.0 
231.0 317.0 2.7233683240105644 5.864960977600357 32.0 
231.0 318.0 2.7233683240105644 5.864960977600357 32.0 
231.0 319.0 2.7233683240105644 5.864960977600357 32.0 
232.0 314.0 2.7233683240105644 5.864960977600357 32.0 
232.0 315.0 2.7233683240105644 5.864960977600357 32.0 
232.0 316.0 2.7233683240105644 5.864960977600357 32.0 
232.0 317.0 2.7233683240105644 5.864960977600357 32.0 
232.0 318.0 2.7233683240105644 5.864960977600357 32.0 
232.0 319.0 2.7233683240105644 5.864960977600357 32.0 
233.0 314.0 2.7233683240105644 5.864960977600357 32.0 
233.0 315.0 2.7233683240105644 5.864960977600357 32.0 
233.0 316.0 2.7233683240105644 5.864960977600357 32.0 
233.0 317.0 2.7233683240105644 5.864960977600357 32.0 
233.0 318.0 2.7233683240105644 5.864960977600357 32.0 
234.0 314.0 2.7233683240105644 5.864960977600357 32.0 
234.0 315.0 2.7233683240105644 5.864960977600357 32.0 
234.0 316.0 2.7233683240105644 5.864960977600357 32.0 
234.0 317.0 2.7233683240105644 5.864960977600357 32.0 
234.0 318.0 2.7233683240105644 5.864960977600357 32.0 
235.0 313.0 2.7233683240105644 5.864960977600357 32.0 
235.0 314.0 2.7233683240105644 5.864960977600357 32.0 
235.0 315.0 2.7233683240105644 5.864960977600357 32.0 
235.0 316.0 2.7233683240105644 5.864960977600357 32.0 
235.0 317.0 2.7233683240105644 5.864960977600357 32.0 
235.0 318.0 2.7233683240105644 5.864960977600357 32.0 
236.0 313.0 2.7233683240105644 5.864960977600357 32.0 
236.0 314.0 2.7233683240105644 5.864960977600357 32.0 
236.0 315.0 2.7233683240105644 5.864960977600357 32.0 
236.0 316.0 2.7233683240105644 5.864960977600357 32.0 
236.0 317.0 2.7233683240105644 5.864960977600357 32.0 
237.0 312.0 2.7233683240105644 5.864960977600357 32.0 
237.0 313.0 2.7233683240105644 5.864960977600357 32.0 
237.0 314.0 2.7233683240105644 5.864960977600357 32.0 
237.0 315.0 2.7233683240105644 5.864960977600357 32.0 
237.0 316.0 2.7233683240105644 5.864960977600357 32.0 
237.0 317.0 2.7233683240105644 5.864960977600357 32.0 
238.0 312.0 2.7233683240105644 5.864960977600357 32.0 
238.0 313.0 2.7233683240105644 5.864960977600357 32.0 
238.0 314.0 2.7233683240105644 5.864960977600357 32.0 
238.0 315.0 2.7233683240105644 5.864960977600357 32.0 
238.0 316.0 2.7233683240105644 5.864960977600357 32.0 
239.0 311.0 2.7233683240105644 5.864960977600357 32.0 
239.0 312.0 2.7233683240105644 5.864960977600357 32.0 
239.0 313.0 2.7233683240105644 5.864960977600357 32.0 
239.0 314.0 2.7233683240105644 5.864960977600357 32.0 
239.0 315.0 2.7233683240105644 5.864960977600357 32.0 
239.0 316.0 2.7233683240105644 5.864960977600357 32.0 
240.0 311.0 2.7233683240105644 5.864960977600357 32.0 
240.0 312.0 2.7233683240105644 5.864960977600357 32.0 
240.0 313.0 2.7233683240105644 5.864960977600357 32.0 
240.0 314.0 2.7233683240105644 5.864960977600357 32.0 
240.0 315.0 2.7233683240105644 5.864960977600357 32.0 
241.0 310.0 2.7233683240105644 5.864960977600357 32.0 
241.0 311.0 2.7233683240105644 5.864960977600357 32.0 
241.0 312.0 2.7233683240105644 5.864960977600357 32.0 
241.0 313.0 2.7233683240105644 5.864960977600357 32.0 
241.0 314.0 2.7233683240105644 5.864960977600357 32.0 
241.0 315.0 2.7233683240105644 5.864960977600357 32.0 
242.0 310.0 2.7233683240105644 5.864960977600357 32.0 
242.0 311.0 2.7233683240105644 5.864960977600357 32.0 
242.0 312.0 2.7233683240105644 5.864960977600357 32.0 
242.0 313.0 2.7233683240105644 5.864960977600357 32.0 
242.0 314.0 2.7233683240105644 5.864960977600357 32.0 
243.0 310.0 2.7233683240105644 5.864960977600357 32.0 
243.0 311.0 2.7233683240105644 5.864960977600357 32.0 
243.0 312.0 2.7233683240105644 5.864960977600357 32.0 
243.0 313.0 2.7233683240105644 5.864960977600357 32.0 
243.0 314.0 2.7233683240105644 5.864960977600357 32.0 
244.0 309.0 2.7233683240105644 5.864960977600357 32.0 
244.0 310.0 2.7233683240105644 5.864960977600357 32.0 
244.0 311.0 2.7233683240105644 5.864960977600357 32.0 
244.0 312.0 2.7233683240105644 5.864960977600357 32.0 
244.0 313.0 2.7233683240105644 5.864960977600357 32.0 
244.0 314.0 2.7233683240105644 5.864960977600357 32.0 
245.0 309.0 2.7233683240105644 5.864960977600357 32.0 
245.0 310.0 2.7233683240105644 5.864960977600357 32.0 
245.0 311.0 2.7233683240105644 5.864960977600357 32.0 
245.0 312.0 2.7233683240105644 5.864960977600357 32.0 
245.0 313.0 2.7233683240105644 5.864960977600357 32.0 
246.0 308.0 2.7233683240105644 5.864960977600357 32.0 
246.0 309.0 2.7233683240105644 5.864960977600357 32.0 
246.0 310.0 2.7233683240105644 5.864960977600357 32.0 
246.0 311.0 2.7233683240105644 5.864960977600357 32.0 
246.0 312.0 2.7233683240105644 5.864960977600357 32.0 
246.0 313.0 2.7233683240105644 5.864960977600357 32.0 
247.0 308.0 2.7233683240105644 5.864960977600357 32.0 
247.0 309.0 2.7233683240105644 5.864960977600357 32.0 
247.0 310.0 2.7233683240105644 5.864960977600357 32.0 
247.0 311.0 2.7233683240105644 5.864960977600357 32.0 
247.0 312.0 2.7233683240105644 5.864960977600357 32.0 
248.0 307.0 2.7233683240105644 5.864960977600357 32.0 
248.0 308.0 2.7233683240105644 5.864960977600357 32.0 
248.0 309.0 2.7233683240105644 5.864960977600357 32.0 
248.0 310.0 2.7233683240105644 5.864960977600357 32.0 
248.0 311.0 2.7233683240105644 5.864960977600357 32.0 
248.0 312.0 2.7233683240105644 5.864960977600357 32.0 
249.0 307.0 2.7233683240105644 5.864960977600357 32.0 
249.0 308.0 2.7233683240105644 5.864960977600357 32.0 
249.0 309.0 2.7233683240105644 5.864960977600357 32.0 
249.0 310.0 2.7233683240105644 5.864960977600357 32.0 
249.0 311.0 2.7233683240105644 5.864960977600357 32.0 
250.0 306.0 2.7233683240105644 5.864960977600357 32.0 
250.0 307.0 2.7233683240105644 5.864960977600357 32.0 
250.0 308.0 2.7233683240105644 5.864960977600357 32.0 
250.0 309.0 2.7233683240105644 5.864960977600357 32.0 
250.0 310.0 2.7233683240105644 5.864960977600357 32.0 
250.0 311.0 2.7233683240105644 5.864960977600357 32.0 
251.0 306.0 2.7233683240105644 5.864960977600357 32.0 
251.0 307.0 2.7233683240105644 5.864960977600357 32.0 
251.0 308.0 2.7233683240105644 5.864960977600357 32.0 
251.0 309.0 2.7233683240105644 5.864960977600357 32.0 
251.0 310.0 2.7233683240105644 5.864960977600357 32.0 
252.0 306.0 2.7233683240105644 5.864960977600357 32.0 
252.0 307.0 2.7233683240105644 5.864960977600357 32.0 
252.0 308.0 2.7233683240105644 5.864960977600357 32.0 
252.0 309.0 2.7233683240105644 5.864960977600357 32.0 
252.0 310.0 2.7233683240105644 5.864960977600357 32.0 
253.0 305.0 2.7233683240105644 5.864960977600357 32.0 
253.0 306.0 2.7233683240105644 5.864960977600357 32.0 
253.0 307.0 2.7233683240105644 5.864960977600357 32.0 
253.0 308.0 2.7233683240105644 5.864960977600357 32.0 
253.0 309.0 2.7233683240105644 5.864960977600357 32.0 
253.0 310.0 2.7233683240105644 5.864960977600357 32.0 
254.0 305.0 2.7233683240105644 5.864960977600357 32.0 
254.0 306.0 2.7233683240105644 5.864960977600357 32.0 
254.0 307.0 2.7233683240105644 5.864960977600357 32.0 
254.0 308.0 2.7233683240105644 5.864960977600357 32.0 
254.0 309.0 2.7233683240105644 5.864960977600357 32.0 
255.0 304.0 2.7233683240105644 5.864960977600357 32.0 
255.0 305.0 2.7233683240105644 5.864960977600357 32.0 
255.0 306.0 2.7233683240105644 5.864960977600357 32.0 
255.0 307.0 2.7233683240105644 5.864960977600357 32.0 
255.0 308.0 2.7233683240105644 5.864960977600357 32.0 
255.0 309.0 2.7233683240105644 5.864960977600357 32.0 
256.0 306.0 2.7233683240105644 5.864960977600357 32.0 
256.0 307.0 2.7233683240105644 5.864960977600357 32.0 
256.0 308.0 2.7233683240105644 5.864960977600357 32.0 
256.0 304.0 2.819842099193152 5.961434752782945 32.0 
256.0 305.0 2.819842099193152 5.961434752782945 32.0 
257.0 304.0 2.819842099193152 5.961434752782945 32.0 
257.0 305.0 2.819842099193152 5.961434752782945 32.0 
257.0 306.0 2.819842099193152 5.961434752782945 32.0 
257.0 307.0 2.819842099193152 5.961434752782945 32.0 
257.0 308.0 2.819842099193152 5.961434752782945 32.0 
258.0 303.0 2.819842099193152 5.961434752782945 32.0 
258.0 304.0 2.819842099193152 5.961434752782945 32.0 
258.0 305.0 2.819842099193152 5.961434752782945 32.0 
258.0 306.0 2.819842099193152 5.961434752782945 32.0 
258.0 307.0 2.819842099193152 5.961434752782945 32.0 
259.0 303.0 2.819842099193152 5.961434752782945 32.0 
259.0 304.0 2.819842099193152 5.961434752782945 32.0 
259.0 305.0 2.819842099193152 5.961434752782945 32.0 
259.0 306.0 2.819842099193152 5.961434752782945 32.0 
259.0 307.0 2.819842099193152 5.961434752782945 32.0 
260.0 303.0 2.819842099193152 5.961434752782945 32.0 
260.0 304.0 2.819842099193152 5.961434752782945 32.0 
260.0 305.0 2.819842099193152 5.961434752782945 32.0 
260.0 306.0 2.819842099193152 5.961434752782945 32.0 
260.0 307.0 2.819842099193152 5.961434752782945 32.0 
261.0 302.0 2.819842099193152 5.961434752782945 32.0 
261.0 303.0 2.819842099193152 5.961434752782945 32.0 
261.0 304.0 2.819842099193152 5.961434752782945 32.0 
261.0 305.0 2.819842099193152 5.961434752782945 32.0 
261.0 306.0 2.819842099193152 5.961434752782945 32.0 
262.0 302.0 2.819842099193152 5.961434752782945 32.0 
262.0 303.0 2.819842099193152 5.961434752782945 32.0 
262.0 304.0 2.819842099193152 5.961434752782945 32.0 
262.0 305.0 2.819842099193152 5.961434752782945 32.0 
262.0 306.0 2.819842099193152 5.961434752782945 32.0 
263.0 302.0 2.819842099193152 5.961434752782945 32.0 
263.0 303.0 2.819842099193152 5.961434752782945 32.0 
263.0 304.0 2.819842099193152 5.961434752782945 32.0 
263.0 305.0 2.819842099193152 5.961434752782945 32.0 
263.0 306.0 2.819842099193152 5.961434752782945 32.0 
264.0 301.0 2.819842099193152 5.961434752782945 32.0 
264.0 302.0 2.819842099193152 5.961434752782945 32.0 
264.0 303.0 2.819842099193152 5.961434752782945 32.0 
264.0 304.0 2.819842099193152 5.961434752782945 32.0 
264.0 305.0 2.819842099193152 5.961434752782945 32.0 
265.0 301.0 2.819842099193152 5.961434752782945 32.0 
265.0 302.0 2.819842099193152 5.961434752782945 32.0 
265.0 303.0 2.819842099193152 5.961434752782945 32.0 
265.0 304.0 2.819842099193152 5.961434752782945 32.0 
265.0 305.0 2.819842099193152 5.961434752782945 32.0 
266.0 301.0 2.819842099193152 5.961434752782945 32.0 
266.0 302.0 2.819842099193152 5.961434752782945 32.0 
266.0 303.0 2.819842099193152 5.961434752782945 32.0 
266.0 304.0 2.819842099193152 5.961434752782945 32.0 
266.0 305.0 2.819842099193152 5.961434752782945 32.0 
267.0 300.0 2.819842099193152 5.961434752782945 32.0 
267.0 301.0 2.819842099193152 5.961434752782945 32.0 
267.0 302.0 2.819842099193152 5.961434752782945 32.0 
267.0 303.0 2.819842099193152 5.961434752782945 32.0 
267.0 304.0 2.819842099193152 5.961434752782945 32.0 
268.0 300.0 2.819842099193152 5.961434752782945 32.0 
268.0 301.0 2.819842099193152 5.961434752782945 32.0 
268.0 302.0 2.819842099193152 5.961434752782945 32.0 
268.0 303.0 2.819842099193152 5.961434752782945 32.0 
268.0 304.0 2.819842099193152 5.961434752782945 32.0 
269.0 300.0 2.819842099193152 5.961434752782945 32.0 
269.0 301.0 2.819842099193152 5.961434752782945 32.0 
269.0 302.0 2.819842099193152 5.961434752782945 32.0 
269.0 303.0 2.819842099193152 5.961434752782945 32.0 
269.0 304.0 2.819842099193152 5.961434752782945 32.0 
270.0 299.0 2.819842099193152 5.961434752782945 32.0 
270.0 300.0 2.819842099193152 5.961434752782945 32.0 
270.0 301.0 2.819842099193152 5.961434752782945 32.0 
270.0 302.0 2.819842099193152 5.961434752782945 32.0 
270.0 303.0 2.819842099193152 5.961434752782945 32.0 
271.0 299.0 2.819842099193152 5.961434752782945 32.0 
271.0 300.0 2.819842099193152 5.961434752782945 32.0 
271.0 301.0 2.819842099193152 5.961434752782945 32.0 
271.0 302.0 2.819842099193152 5.961434752782945 32.0 
271.0 303.0 2.819842099193152 5.961434752782945 32.0 
272.0 299.0 2.819842099193152 5.961434752782945 32.0 
272.0 300.0 2.819842099193152 5.961434752782945 32.0 
272.0 301.0 2.819842099193152 5.961434752782945 32.0 
272.0 302.0 2.819842099193152 5.961434752782945 32.0 
272.0 303.0 2.819842099193152 5.961434752782945 32.0 
273.0 298.0 2.819842099193152 5.961434752782945 32.0 
273.0 299.0 2.819842099193152 5.961434752782945 32.0 
273.0 300.0 2.819842099193152 5.961434752782945 32.0 
273.0 301.0 2.819842099193152 5.961434752782945 32.0 
273.0 302.0 2.819842099193152 5.961434752782945 32.0 
274.0 298.0 2.819842099193152 5.961434752782945 32.0 
274.0 299.0 2.819842099193152 5.961434752782945 32.0 
274.0 300.0 2.819842099193152 5.961434752782945 32.0 
274.0 301.0 2.819842099193152 5.961434752782945 32.0 
274.0 302.0 2.819842099193152 5.961434752782945 32.0 
275.0 298.0 2.819842099193152 5.961434752782945 32.0 
275.0 299.0 2.819842099193152 5.961434752782945 32.0 
275.0 300.0 2.819842099193152 5.961434752782945 32.0 
275.0 301.0 2.819842099193152 5.961434752782945 32.0 
275.0 302.0 2.819842099193152 5.961434752782945 32.0 
276.0 297.0 2.819842099193152 5.961434752782945 32.0 
276.0 298.0 2.819842099193152 5.961434752782945 32.0 
276.0 299.0 2.819842099193152 5.961434752782945 32.0 
276.0 300.0 2.819842099193152 5.961434752782945 32.0 
276.0 301.0 2.819842099193152 5.961434752782945 32.0 
277.0 297.0 2.819842099193152 5.961434752782945 32.0 
277.0 298.0 2.819842099193152 5.961434752782945 32.0 
277.0 299.0 2.819842099193152 5.961434752782945 32.0 
277.0 300.0 2.819842099193152 5.961434752782945 32.0 
277.0 301.0 2.819842099193152 5.961434752782945 32.0 
278.0 297.0 2.819842099193152 5.961434752782945 32.0 
278.0 298.0 2.819842099193152 5.961434752782945 32.0 
278.0 299.0 2.819842099193152 5.961434752782945 32.0 
278.0 300.0 2.819842099193152 5.961434752782945 32.0 
278.0 301.0 2.819842099193152 5.961434752782945 32.0 
279.0 296.0 2.819842099193152 5.961434752782945 32.0 
279.0 297.0 2.819842099193152 5.961434752782945 32.0 
279.0 298.0 2.819842099193152 5.961434752782945 32.0 
279.0 299.0 2.819842099193152 5.961434752782945 32.0 
279.0 300.0 2.819842099193152 5.961434752782945 32.0 
280.0 298.0 2.819842099193152 5.961434752782945 32.0 
280.0 299.0 2.819842099193152 5.961434752782945 32.0 
280.0 300.0 2.819842099193152 5.961434752782945 32.0 
280.0 295.0 3.058451421701352 6.200044075291145 32.0 
280.0 296.0 3.058451421701352 6.200044075291145 32.0 
280.0 297.0 3.058451421701352 6.200044075291145 32.0 
281.0 295.0 3.058451421701352 6.200044075291145 32.0 
281.0 296.0 3.058451421701352 6.200044075291145 32.0 
281.0 297.0 3.058451421701352 6.200044075291145 32.0 
281.0 298.0 3.058451421701352 6.200044075291145 32.0 
281.0 299.0 3.058451421701352 6.200044075291145 32.0 
281.0 300.0 3.058451421701352 6.200044075291145 32.0 
281.0 301.0 3.058451421701352 6.200044075291145 32.0 
282.0 295.0 3.058451421701352 6.200044075291145 32.0 
282.0 296.0 3.058451421701352 6.200044075291145 32.0 
282.0 297.0 3.058451421701352 6.200044075291145 32.0 
282.0 298.0 3.058451421701352 6.200044075291145 32.0 
282.0 299.0 3.058451421701352 6.200044075291145 32.0 
282.0 300.0 3.058451421701352 6.200044075291145 32.0 
282.0 301.0 3.058451421701352 6.200044075291145 32.0 
283.0 295.0 3.058451421701352 6.200044075291145 32.0 
283.0 296.0 3.058451421701352 6.200044075291145 32.0 
283.0 297.0 3.058451421701352 6.200044075291145 32.0 
283.0 298.0 3.058451421701352 6.200044075291145 32.0 
283.0 299.0 3.058451421701352 6.200044075291145 32.0 
283.0 300.0 3.058451421701352 6.200044075291145 32.0 
283.0 301.0 3.058451421701352 6.200044075291145 32.0 
284.0 295.0 3.058451421701352 6.200044075291145 32.0 
284.0 296.0 3.058451421701352 6.200044075291145 32.0 
284.0 297.0 3.058451421701352 6.200044075291145 32.0 
284.0 298.0 3.058451421701352 6.200044075291145 32.0 
284.0 299.0 3.058451421701352 6.200044075291145 32.0 
284.0 300.0 3.058451421701352 6.200044075291145 32.0 
284.0 301.0 3.058451421701352 6.200044075291145 32.0 
285.0 295.0 3.058451421701352 6.200044075291145 32.0 
285.0 296.0 3.058451421701352 6.200044075291145 32.0 
285.0 297.0 3.058451421701352 6.200044075291145 32.0 
285.0 298.0 3.058451421701352 6.200044075291145 32.0 
285.0 299.0 3.058451421701352 6.200044075291145 32.0 
285.0 300.0 3.058451421701352 6.200044075291145 32.0 
285.0 301.0 3.058451421701352 6.200044075291145 32.0 
286.0 294.0 3.058451421701352 6.200044075291145 32.0 
286.0 295.0 3.058451421701352 6.200044075291145 32.0 
286.0 296.0 3.058451421701352 6.200044075291145 32.0 
286.0 297.0 3.058451421701352 6.200044075291145 32.0 
286.0 298.0 3.058451421701352 6.200044075291145 32.0 
286.0 299.0 3.058451421701352 6.200044075291145 32.0 
286.0 300.0 3.058451421701352 6.200044075291145 32.0 
286.0 301.0 3.058451421701352 6.200044075291145 32.0 
287.0 294.0 3.058451421701352 6.200044075291145 32.0 
287.0 295.0 3.058451421701352 6.200044075291145 32.0 
287.0 296.0 3.058451421701352 6.200044075291145 32.0 
287.0 297.0 3.058451421701352 6.200044075291145 32.0 
287.0 298.0 3.058451421701352 6.200044075291145 32.0 
287.0 299.0 3.058451421701352 6.200044075291145 32.0 
287.0 300.0 3.058451421701352 6.200044075291145 32.0 
288.0 294.0 3.058451421701352 6.200044075291145 32.0 
288.0 295.0 3.058451421701352 6.200044075291145 32.0 
288.0 296.0 3.058451421701352 6.200044075291145 32.0 
288.0 297.0 3.058451421701352 6.200044075291145 32.0 
288.0 298.0 3.058451421701352 6.200044075291145 32.0 
288.0 299.0 3.058451421701352 6.200044075291145 32.0 
288.0 300.0 3.058451421701352 6.200044075291145 32.0 
289.0 294.0 3.058451421701352 6.200044075291145 32.0 
289.0 295.0 3.058451421701352 6.200044075291145 32.0 
289.0 296.0 3.058451421701352 6.200044075291145 32.0 
289.0 297.0 3.058451421701352 6.200044075291145 32.0 
289.0 298.0 3.058451421701352 6.200044075291145 32.0 
289.0 299.0 3.058451421701352 6.200044075291145 32.0 
289.0 300.0 3.058451421701352 6.200044075291145 32.0 
290.0 294.0 3.058451421701352 6.200044075291145 32.0 
290.0 295.0 3.058451421701352 6.200044075291145 32.0 
290.0 296.0 3.058451421701352 6.200044075291145 32.0 
290.0 297.0 3.058451421701352 6.200044075291145 32.0 
290.0 298.0 3.058451421701352 6.200044075291145 32.0 
290.0 299.0 3.058451421701352 6.200044075291145 32.0 
290.0 300.0 3.058451421701352 6.200044075291145 32.0 
291.0 294.0 3.058451421701352 6.200044075291145 32.0 
291.0 295.0 3.058451421701352 6.200044075291145 32.0 
291.0 296.0 3.058451421701352 6.200044075291145 32.0 
291.0 297.0 3.058451421701352 6.200044075291145 32.0 
291.0 298.0 3.058451421701352 6.200044075291145 32.0 
291.0 299.0 3.058451421701352 6.200044075291145 32.0 
291.0 300.0 3.058451421701352 6.200044075291145 32.0 
292.0 294.0 3.058451421701352 6.200044075291145 32.0 
292.0 295.0 3.058451421701352 6.200044075291145 32.0 
292.0 296.0 3.058451421701352 6.200044075291145 32.0 
292.0 297.0 3.058451421701352 6.200044075291145 32.0 
292.0 298.0 3.058451421701352 6.200044075291145 32.0 
292.0 299.0 3.058451421701352 6.200044075291145 32.0 
292.0 300.0 3.058451421701352 6.200044075291145 32.0 
293.0 294.0 3.058451421701352 6.200044075291145 32.0 
293.0 295.0 3.058451421701352 6.200044075291145 32.0 
293.0 296.0 3.058451421701352 6.200044075291145 32.0 
293.0 297.0 3.058451421701352 6.200044075291145 32.0 
293.0 298.0 3.058451421701352 6.200044075291145 32.0 
293.0 299.0 3.058451421701352 6.200044075291145 32.0 
293.0 300.0 3.058451421701352 6.200044075291145 32.0 
294.0 294.0 3.058451421701352 6.200044075291145 32.0 
294.0 295.0 3.058451421701352 6.200044075291145 32.0 
294.0 296.0 3.058451421701352 6.200044075291145 32.0 
294.0 297.0 3.058451421701352 6.200044075291145 32.0 
294.0 298.0 3.058451421701352 6.200044075291145 32.0 
294.0 299.0 3.058451421701352 6.200044075291145 32.0 
294.0 300.0 3.058451421701352 6.200044075291145 32.0 
295.0 294.0 3.058451421701352 6.200044075291145 32.0 
295.0 295.0 3.058451421701352 6.200044075291145 32.0 
295.0 296.0 3.058451421701352 6.200044075291145 32.0 
295.0 297.0 3.058451421701352 6.200044075291145 32.0 
295.0 298.0 3.058451421701352 6.200044075291145 32.0 
295.0 299.0 3.058451421701352 6.200044075291145 32.0 
295.0 300.0 3.058451421701352 6.200044075291145 32.0 
296.0 294.0 3.058451421701352 6.200044075291145 32.0 
296.0 295.0 3.058451421701352 6.200044075291145 32.0 
296.0 296.0 3.058451421701352 6.200044075291145 32.0 
296.0 297.0 3.058451421701352 6.200044075291145 32.0 
296.0 298.0 3.058451421701352 6.200044075291145 32.0 
296.0 299.0 3.058451421701352 6.200044075291145 32.0 
296.0 300.0 3.058451421701352 6.200044075291145 32.0 
297.0 294.0 3.058451421701352 6.200044075291145 32.0 
297.0 295.0 3.058451421701352 6.200044075291145 32.0 
297.0 296.0 3.058451421701352 6.200044075291145 32.0 
297.0 297.0 3.058451421701352 6.200044075291145 32.0 
297.0 298.0 3.058451421701352 6.200044075291145 32.0 
297.0 299.0 3.058451421701352 6.200044075291145 32.0 
297.0 300.0 3.058451421701352 6.200044075291145 32.0 
298.0 293.0 3.058451421701352 6.200044075291145 32.0 
298.0 294.0 3.058451421701352 6.200044075291145 32.0 
298.0 295.0 3.058451421701352 6.200044075291145 32.0 
298.0 296.0 3.058451421701352 6.200044075291145 32.0 
298.0 297.0 3.058451421701352 6.200044075291145 32.0 
298.0 298.0 3.058451421701352 6.200044075291145 32.0 
298.0 299.0 3.058451421701352 6.200044075291145 32.0 
298.0 300.0 3.058451421701352 6.200044075291145 32.0 
299.0 293.0 3.058451421701352 6.200044075291145 32.0 
299.0 294.0 3.058451421701352 6.200044075291145 32.0 
299.0 295.0 3.058451421701352 6.200044075291145 32.0 
299.0 296.0 3.058451421701352 6.200044075291145 32.0 
299.0 297.0 3.058451421701352 6.200044075291145 32.0 
299.0 298.0 3.058451421701352 6.200044075291145 32.0 
299.0 299.0 3.058451421701352 6.200044075291145 32.0 
300.0 293.0 3.058451421701352 6.200044075291145 32.0 
300.0 294.0 3.058451421701352 6.200044075291145 32.0 
300.0 295.0 3.058451421701352 6.200044075291145 32.0 
300.0 296.0 3.058451421701352 6.200044075291145 32.0 
300.0 297.0 3.058451421701352 6.200044075291145 32.0 
300.0 298.0 3.058451421701352 6.200044075291145 32.0 
300.0 299.0 3.058451421701352 6.200044075291145 32.0 
301.0 293.0 3.058451421701352 6.200044075291145 32.0 
301.0 294.0 3.058451421701352 6.200044075291145 32.0 
301.0 295.0 3.058451421701352 6.200044075291145 32.0 
301.0 296.0 3.058451421701352 6.200044075291145 32.0 
301.0 297.0 3.058451421701352 6.200044075291145 32.0 
301.0 298.0 3.058451421701352 6.200044075291145 32.0 
301.0 299.0 3.058451421701352 6.200044075291145 32.0 
302.0 293.0 3.058451421701352 6.200044075291145 32.0 
302.0 294.0 3.058451421701352 6.200044075291145 32.0 
302.0 295.0 3.058451421701352 6.200044075291145 32.0 
302.0 296.0 3.058451421701352 6.200044075291145 32.0 
302.0 297.0 3.058451421701352 6.200044075291145 32.0 
302.0 298.0 3.058451421701352 6.200044075291145 32.0 
302.0 299.0 3.058451421701352 6.200044075291145 32.0 
303.0 293.0 3.058451421701352 6.200044075291145 32.0 
303.0 294.0 3.058451421701352 6.200044075291145 32.0 
303.0 295.0 3.058451421701352 6.200044075291145 32.0 
303.0 296.0 3.058451421701352 6.200044075291145 32.0 
303.0 297.0 3.058451421701352 6.200044075291145 32.0 
303.0 298.0 3.058451421701352 6.200044075291145 32.0 
303.0 299.0 3.058451421701352 6.200044075291145 32.0 
304.0 296.0 3.058451421701352 6.200044075291145 32.0 
304.0 297.0 3.058451421701352 6.200044075291145 32.0 
304.0 298.0 3.058451421701352 6.200044075291145 32.0 
304.0 299.0 3.058451421701352 6.200044075291145 32.0 
