258.0 380.0 1.7942729279355285 4.935865581525322 40.0 
258.0 381.0 1.7942729279355285 4.935865581525322 40.0 
258.0 382.0 1.7942729279355285 4.935865581525322 40.0 
258.0 383.0 1.7942729279355285 4.935865581525322 40.0 
259.0 375.0 1.7942729279355285 4.935865581525322 40.0 
259.0 376.0 1.7942729279355285 4.935865581525322 40.0 
259.0 377.0 1.7942729279355285 4.935865581525322 40.0 
259.0 378.0 1.7942729279355285 4.935865581525322 40.0 
259.0 379.0 1.7942729279355285 4.935865581525322 40.0 
259.0 380.0 1.7942729279355285 4.935865581525322 40.0 
259.0 381.0 1.7942729279355285 4.935865581525322 40.0 
259.0 382.0 1.7942729279355285 4.935865581525322 40.0 
259.0 383.0 1.7942729279355285 4.935865581525322 40.0 
260.0 371.0 1.7942729279355285 4.935865581525322 40.0 
260.0 372.0 1.7942729279355285 4.935865581525322 40.0 
260.0 373.0 1.7942729279355285 4.935865581525322 40.0 
260.0 374.0 1.7942729279355285 4.935865581525322 40.0 
260.0 375.0 1.7942729279355285 4.935865581525322 40.0 
260.0 376.0 1.7942729279355285 4.935865581525322 40.0 
260.0 377.0 1.7942729279355285 4.935865581525322 40.0 
260.0 378.0 1.7942729279355285 4.935865581525322 40.0 
260.0 379.0 1.7942729279355285 4.935865581525322 40.0 
260.0 380.0 1.7942729279355285 4.935865581525322 40.0 
260.0 381.0 1.7942729279355285 4.935865581525322 40.0 
260.0 382.0 1.7942729279355285 4.935865581525322 40.0 
260.0 383.0 1.7942729279355285 4.935865581525322 40.0 
261.0 367.0 1.7942729279355285 4.935865581525322 40.0 
261.0 368.0 1.7942729279355285 4.935865581525322 40.0 
261.0 369.0 1.7942729279355285 4.935865581525322 40.0 
261.0 370.0 1.7942729279355285 4.935865581525322 40.0 
261.0 371.0 1.7942729279355285 4.935865581525322 40.0 
261.0 372.0 1.7942729279355285 4.935865581525322 40.0 
261.0 373.0 1.7942729279355285 4.935865581525322 40.0 
261.0 374.0 1.7942729279355285 4.935865581525322 40.0 
261.0 375.0 1.7942729279355285 4.935865581525322 40.0 
261.0 376.0 1.7942729279355285 4.935865581525322 40.0 
261.0 377.0 1.7942729279355285 4.935865581525322 40.0 
261.0 378.0 1.7942729279355285 4.935865581525322 40.0 
261.0 379.0 1.7942729279355285 4.935865581525322 40.0 
261.0 380.0 1.7942729279355285 4.935865581525322 40.0 
261.0 381.0 1.7942729279355285 4.935865581525322 40.0 
261.0 382.0 1.7942729279355285 4.935865581525322 40.0 
261.0 383.0 1.7942729279355285 4.935865581525322 40.0 
261.0 384.0 1.7942729279355285 4.935865581525322 40.0 
262.0 362.0 1.7942729279355285 4.935865581525322 40.0 
262.0 363.0 1.7942729279355285 4.935865581525322 40.0 
262.0 364.0 1.7942729279355285 4.935865581525322 40.0 
262.0 365.0 1.7942729279355285 4.935865581525322 40.0 
262.0 366.0 1.7942729279355285 4.935865581525322 40.0 
262.0 367.0 1.7942729279355285 4.935865581525322 40.0 
262.0 368.0 1.7942729279355285 4.935865581525322 40.0 
262.0 369.0 1.7942729279355285 4.935865581525322 40.0 
262.0 370.0 1.7942729279355285 4.935865581525322 40.0 
262.0 371.0 1.7942729279355285 4.935865581525322 40.0 
262.0 372.0 1.7942729279355285 4.935865581525322 40.0 
262.0 373.0 1.7942729279355285 4.935865581525322 40.0 
262.0 374.0 1.7942729279355285 4.935865581525322 40.0 
262.0 375.0 1.7942729279355285 4.935865581525322 40.0 
262.0 376.0 1.7942729279355285 4.935865581525322 40.0 
262.0 377.0 1.7942729279355285 4.935865581525322 40.0 
262.0 378.0 1.7942729279355285 4.935865581525322 40.0 
262.0 379.0 1.7942729279355285 4.935865581525322 40.0 
262.0 380.0 1.7942729279355285 4.935865581525322 40.0 
262.0 381.0 1.7942729279355285 4.935865581525322 40.0 
262.0 382.0 1.7942729279355285 4.935865581525322 40.0 
262.0 383.0 1.7942729279355285 4.935865581525322 40.0 
262.0 384.0 1.7942729279355285 4.935865581525322 40.0 
263.0 358.0 1.7942729279355285 4.935865581525322 40.0 
263.0 359.0 1.7942729279355285 4.935865581525322 40.0 
263.0 360.0 1.7942729279355285 4.935865581525322 40.0 
263.0 361.0 1.7942729279355285 4.935865581525322 40.0 
263.0 362.0 1.7942729279355285 4.935865581525322 40.0 
263.0 363.0 1.7942729279355285 4.935865581525322 40.0 
263.0 364.0 1.7942729279355285 4.935865581525322 40.0 
263.0 365.0 1.7942729279355285 4.935865581525322 40.0 
263.0 366.0 1.7942729279355285 4.935865581525322 40.0 
263.0 367.0 1.7942729279355285 4.935865581525322 40.0 
263.0 368.0 1.7942729279355285 4.935865581525322 40.0 
263.0 369.0 1.7942729279355285 4.935865581525322 40.0 
263.0 370.0 1.7942729279355285 4.935865581525322 40.0 
263.0 371.0 1.7942729279355285 4.935865581525322 40.0 
263.0 372.0 1.7942729279355285 4.935865581525322 40.0 
263.0 373.0 1.7942729279355285 4.935865581525322 40.0 
263.0 374.0 1.7942729279355285 4.935865581525322 40.0 
263.0 375.0 1.7942729279355285 4.935865581525322 40.0 
263.0 376.0 1.7942729279355285 4.935865581525322 40.0 
263.0 377.0 1.7942729279355285 4.935865581525322 40.0 
263.0 378.0 1.7942729279355285 4.935865581525322 40.0 
263.0 379.0 1.7942729279355285 4.935865581525322 40.0 
263.0 380.0 1.7942729279355285 4.935865581525322 40.0 
263.0 381.0 1.7942729279355285 4.935865581525322 40.0 
263.0 382.0 1.7942729279355285 4.935865581525322 40.0 
263.0 383.0 1.7942729279355285 4.935865581525322 40.0 
263.0 384.0 1.7942729279355285 4.935865581525322 40.0 
264.0 353.0 1.7942729279355285 4.935865581525322 40.0 
264.0 354.0 1.7942729279355285 4.935865581525322 40.0 
264.0 355.0 1.7942729279355285 4.935865581525322 40.0 
264.0 356.0 1.7942729279355285 4.935865581525322 40.0 
264.0 357.0 1.7942729279355285 4.935865581525322 40.0 
264.0 358.0 1.7942729279355285 4.935865581525322 40.0 
264.0 359.0 1.7942729279355285 4.935865581525322 40.0 
264.0 360.0 1.7942729279355285 4.935865581525322 40.0 
264.0 361.0 1.7942729279355285 4.935865581525322 40.0 
264.0 362.0 1.7942729279355285 4.935865581525322 40.0 
264.0 363.0 1.7942729279355285 4.935865581525322 40.0 
264.0 364.0 1.7942729279355285 4.935865581525322 40.0 
264.0 365.0 1.7942729279355285 4.935865581525322 40.0 
264.0 366.0 1.7942729279355285 4.935865581525322 40.0 
264.0 367.0 1.7942729279355285 4.935865581525322 40.0 
264.0 368.0 1.7942729279355285 4.935865581525322 40.0 
264.0 369.0 1.7942729279355285 4.935865581525322 40.0 
264.0 370.0 1.7942729279355285 4.935865581525322 40.0 
264.0 371.0 1.7942729279355285 4.935865581525322 40.0 
264.0 372.0 1.7942729279355285 4.935865581525322 40.0 
264.0 373.0 1.7942729279355285 4.935865581525322 40.0 
264.0 374.0 1.7942729279355285 4.935865581525322 40.0 
264.0 375.0 1.7942729279355285 4.935865581525322 40.0 
264.0 376.0 1.7942729279355285 4.935865581525322 40.0 
264.0 377.0 1.7942729279355285 4.935865581525322 40.0 
264.0 378.0 1.7942729279355285 4.935865581525322 40.0 
264.0 379.0 1.7942729279355285 4.935865581525322 40.0 
265.0 349.0 1.7942729279355285 4.935865581525322 40.0 
265.0 350.0 1.7942729279355285 4.935865581525322 40.0 
265.0 351.0 1.7942729279355285 4.935865581525322 40.0 
265.0 352.0 1.7942729279355285 4.935865581525322 40.0 
265.0 353.0 1.7942729279355285 4.935865581525322 40.0 
265.0 354.0 1.7942729279355285 4.935865581525322 40.0 
265.0 355.0 1.7942729279355285 4.935865581525322 40.0 
265.0 356.0 1.7942729279355285 4.935865581525322 40.0 
265.0 357.0 1.7942729279355285 4.935865581525322 40.0 
265.0 358.0 1.7942729279355285 4.935865581525322 40.0 
265.0 359.0 1.7942729279355285 4.935865581525322 40.0 
265.0 360.0 1.7942729279355285 4.935865581525322 40.0 
265.0 361.0 1.7942729279355285 4.935865581525322 40.0 
265.0 362.0 1.7942729279355285 4.935865581525322 40.0 
265.0 363.0 1.7942729279355285 4.935865581525322 40.0 
265.0 364.0 1.7942729279355285 4.935865581525322 40.0 
265.0 365.0 1.7942729279355285 4.935865581525322 40.0 
265.0 366.0 1.7942729279355285 4.935865581525322 40.0 
265.0 367.0 1.7942729279355285 4.935865581525322 40.0 
265.0 368.0 1.7942729279355285 4.935865581525322 40.0 
265.0 369.0 1.7942729279355285 4.935865581525322 40.0 
265.0 370.0 1.7942729279355285 4.935865581525322 40.0 
265.0 371.0 1.7942729279355285 4.935865581525322 40.0 
265.0 372.0 1.7942729279355285 4.935865581525322 40.0 
265.0 373.0 1.7942729279355285 4.935865581525322 40.0 
265.0 374.0 1.7942729279355285 4.935865581525322 40.0 
265.0 375.0 1.7942729279355285 4.935865581525322 40.0 
266.0 345.0 1.7942729279355285 4.935865581525322 40.0 
266.0 346.0 1.7942729279355285 4.935865581525322 40.0 
266.0 347.0 1.7942729279355285 4.935865581525322 40.0 
266.0 348.0 1.7942729279355285 4.935865581525322 40.0 
266.0 349.0 1.7942729279355285 4.935865581525322 40.0 
266.0 350.0 1.7942729279355285 4.935865581525322 40.0 
266.0 351.0 1.7942729279355285 4.935865581525322 40.0 
266.0 352.0 1.7942729279355285 4.935865581525322 40.0 
266.0 353.0 1.7942729279355285 4.935865581525322 40.0 
266.0 354.0 1.7942729279355285 4.935865581525322 40.0 
266.0 355.0 1.7942729279355285 4.935865581525322 40.0 
266.0 356.0 1.7942729279355285 4.935865581525322 40.0 
266.0 357.0 1.7942729279355285 4.935865581525322 40.0 
266.0 358.0 1.7942729279355285 4.935865581525322 40.0 
266.0 359.0 1.7942729279355285 4.935865581525322 40.0 
266.0 360.0 1.7942729279355285 4.935865581525322 40.0 
266.0 361.0 1.7942729279355285 4.935865581525322 40.0 
266.0 362.0 1.7942729279355285 4.935865581525322 40.0 
266.0 363.0 1.7942729279355285 4.935865581525322 40.0 
266.0 364.0 1.7942729279355285 4.935865581525322 40.0 
266.0 365.0 1.7942729279355285 4.935865581525322 40.0 
266.0 366.0 1.7942729279355285 4.935865581525322 40.0 
266.0 367.0 1.7942729279355285 4.935865581525322 40.0 
266.0 368.0 1.7942729279355285 4.935865581525322 40.0 
266.0 369.0 1.7942729279355285 4.935865581525322 40.0 
266.0 370.0 1.7942729279355285 4.935865581525322 40.0 
266.0 371.0 1.7942729279355285 4.935865581525322 40.0 
267.0 340.0 1.7942729279355285 4.935865581525322 40.0 
267.0 341.0 1.7942729279355285 4.935865581525322 40.0 
267.0 342.0 1.7942729279355285 4.935865581525322 40.0 
267.0 343.0 1.7942729279355285 4.935865581525322 40.0 
267.0 344.0 1.7942729279355285 4.935865581525322 40.0 
267.0 345.0 1.7942729279355285 4.935865581525322 40.0 
267.0 346.0 1.7942729279355285 4.935865581525322 40.0 
267.0 347.0 1.7942729279355285 4.935865581525322 40.0 
267.0 348.0 1.7942729279355285 4.935865581525322 40.0 
267.0 349.0 1.7942729279355285 4.935865581525322 40.0 
267.0 350.0 1.7942729279355285 4.935865581525322 40.0 
267.0 351.0 1.7942729279355285 4.935865581525322 40.0 
267.0 352.0 1.7942729279355285 4.935865581525322 40.0 
267.0 353.0 1.7942729279355285 4.935865581525322 40.0 
267.0 354.0 1.7942729279355285 4.935865581525322 40.0 
267.0 355.0 1.7942729279355285 4.935865581525322 40.0 
267.0 356.0 1.7942729279355285 4.935865581525322 40.0 
267.0 357.0 1.7942729279355285 4.935865581525322 40.0 
267.0 358.0 1.7942729279355285 4.935865581525322 40.0 
267.0 359.0 1.7942729279355285 4.935865581525322 40.0 
267.0 360.0 1.7942729279355285 4.935865581525322 40.0 
267.0 361.0 1.7942729279355285 4.935865581525322 40.0 
267.0 362.0 1.7942729279355285 4.935865581525322 40.0 
267.0 363.0 1.7942729279355285 4.935865581525322 40.0 
267.0 364.0 1.7942729279355285 4.935865581525322 40.0 
267.0 365.0 1.7942729279355285 4.935865581525322 40.0 
267.0 366.0 1.7942729279355285 4.935865581525322 40.0 
268.0 336.0 1.7942729279355285 4.935865581525322 40.0 
268.0 337.0 1.7942729279355285 4.935865581525322 40.0 
268.0 338.0 1.7942729279355285 4.935865581525322 40.0 
268.0 339.0 1.7942729279355285 4.935865581525322 40.0 
268.0 340.0 1.7942729279355285 4.935865581525322 40.0 
268.0 341.0 1.7942729279355285 4.935865581525322 40.0 
268.0 342.0 1.7942729279355285 4.935865581525322 40.0 
268.0 343.0 1.7942729279355285 4.935865581525322 40.0 
268.0 344.0 1.7942729279355285 4.935865581525322 40.0 
268.0 345.0 1.7942729279355285 4.935865581525322 40.0 
268.0 346.0 1.7942729279355285 4.935865581525322 40.0 
268.0 347.0 1.7942729279355285 4.935865581525322 40.0 
268.0 348.0 1.7942729279355285 4.935865581525322 40.0 
268.0 349.0 1.7942729279355285 4.935865581525322 40.0 
268.0 350.0 1.7942729279355285 4.935865581525322 40.0 
268.0 351.0 1.7942729279355285 4.935865581525322 40.0 
268.0 352.0 1.7942729279355285 4.935865581525322 40.0 
268.0 353.0 1.7942729279355285 4.935865581525322 40.0 
268.0 354.0 1.7942729279355285 4.935865581525322 40.0 
268.0 355.0 1.7942729279355285 4.935865581525322 40.0 
268.0 356.0 1.7942729279355285 4.935865581525322 40.0 
268.0 357.0 1.7942729279355285 4.935865581525322 40.0 
268.0 358.0 1.7942729279355285 4.935865581525322 40.0 
268.0 359.0 1.7942729279355285 4.935865581525322 40.0 
268.0 360.0 1.7942729279355285 4.935865581525322 40.0 
268.0 361.0 1.7942729279355285 4.935865581525322 40.0 
268.0 362.0 1.7942729279355285 4.935865581525322 40.0 
269.0 331.0 1.7942729279355285 4.935865581525322 40.0 
269.0 332.0 1.7942729279355285 4.935865581525322 40.0 
269.0 333.0 1.7942729279355285 4.935865581525322 40.0 
269.0 334.0 1.7942729279355285 4.935865581525322 40.0 
269.0 335.0 1.7942729279355285 4.935865581525322 40.0 
269.0 336.0 1.7942729279355285 4.935865581525322 40.0 
269.0 337.0 1.7942729279355285 4.935865581525322 40.0 
269.0 338.0 1.7942729279355285 4.935865581525322 40.0 
269.0 339.0 1.7942729279355285 4.935865581525322 40.0 
269.0 340.0 1.7942729279355285 4.935865581525322 40.0 
269.0 341.0 1.7942729279355285 4.935865581525322 40.0 
269.0 342.0 1.7942729279355285 4.935865581525322 40.0 
269.0 343.0 1.7942729279355285 4.935865581525322 40.0 
269.0 344.0 1.7942729279355285 4.935865581525322 40.0 
269.0 345.0 1.7942729279355285 4.935865581525322 40.0 
269.0 346.0 1.7942729279355285 4.935865581525322 40.0 
269.0 347.0 1.7942729279355285 4.935865581525322 40.0 
269.0 348.0 1.7942729279355285 4.935865581525322 40.0 
269.0 349.0 1.7942729279355285 4.935865581525322 40.0 
269.0 350.0 1.7942729279355285 4.935865581525322 40.0 
269.0 351.0 1.7942729279355285 4.935865581525322 40.0 
269.0 352.0 1.7942729279355285 4.935865581525322 40.0 
269.0 353.0 1.7942729279355285 4.935865581525322 40.0 
269.0 354.0 1.7942729279355285 4.935865581525322 40.0 
269.0 355.0 1.7942729279355285 4.935865581525322 40.0 
269.0 356.0 1.7942729279355285 4.935865581525322 40.0 
269.0 357.0 1.7942729279355285 4.935865581525322 40.0 
270.0 327.0 1.7942729279355285 4.935865581525322 40.0 
270.0 328.0 1.7942729279355285 4.935865581525322 40.0 
270.0 329.0 1.7942729279355285 4.935865581525322 40.0 
270.0 330.0 1.7942729279355285 4.935865581525322 40.0 
270.0 331.0 1.7942729279355285 4.935865581525322 40.0 
270.0 332.0 1.7942729279355285 4.935865581525322 40.0 
270.0 333.0 1.7942729279355285 4.935865581525322 40.0 
270.0 334.0 1.7942729279355285 4.935865581525322 40.0 
270.0 335.0 1.7942729279355285 4.935865581525322 40.0 
270.0 336.0 1.7942729279355285 4.935865581525322 40.0 
270.0 337.0 1.7942729279355285 4.935865581525322 40.0 
270.0 338.0 1.7942729279355285 4.935865581525322 40.0 
270.0 339.0 1.7942729279355285 4.935865581525322 40.0 
270.0 340.0 1.7942729279355285 4.935865581525322 40.0 
270.0 341.0 1.7942729279355285 4.935865581525322 40.0 
270.0 342.0 1.7942729279355285 4.935865581525322 40.0 
270.0 343.0 1.7942729279355285 4.935865581525322 40.0 
270.0 344.0 1.7942729279355285 4.935865581525322 40.0 
270.0 345.0 1.7942729279355285 4.935865581525322 40.0 
270.0 346.0 1.7942729279355285 4.935865581525322 40.0 
270.0 347.0 1.7942729279355285 4.935865581525322 40.0 
270.0 348.0 1.7942729279355285 4.935865581525322 40.0 
270.0 349.0 1.7942729279355285 4.935865581525322 40.0 
270.0 350.0 1.7942729279355285 4.935865581525322 40.0 
270.0 351.0 1.7942729279355285 4.935865581525322 40.0 
270.0 352.0 1.7942729279355285 4.935865581525322 40.0 
270.0 353.0 1.7942729279355285 4.935865581525322 40.0 
271.0 323.0 1.7942729279355285 4.935865581525322 40.0 
271.0 324.0 1.7942729279355285 4.935865581525322 40.0 
271.0 325.0 1.7942729279355285 4.935865581525322 40.0 
271.0 326.0 1.7942729279355285 4.935865581525322 40.0 
271.0 327.0 1.7942729279355285 4.935865581525322 40.0 
271.0 328.0 1.7942729279355285 4.935865581525322 40.0 
271.0 329.0 1.7942729279355285 4.935865581525322 40.0 
271.0 330.0 1.7942729279355285 4.935865581525322 40.0 
271.0 331.0 1.7942729279355285 4.935865581525322 40.0 
271.0 332.0 1.7942729279355285 4.935865581525322 40.0 
271.0 333.0 1.7942729279355285 4.935865581525322 40.0 
271.0 334.0 1.7942729279355285 4.935865581525322 40.0 
271.0 335.0 1.7942729279355285 4.935865581525322 40.0 
271.0 336.0 1.7942729279355285 4.935865581525322 40.0 
271.0 337.0 1.7942729279355285 4.935865581525322 40.0 
271.0 338.0 1.7942729279355285 4.935865581525322 40.0 
271.0 339.0 1.7942729279355285 4.935865581525322 40.0 
271.0 340.0 1.7942729279355285 4.935865581525322 40.0 
271.0 341.0 1.7942729279355285 4.935865581525322 40.0 
271.0 342.0 1.7942729279355285 4.935865581525322 40.0 
271.0 343.0 1.7942729279355285 4.935865581525322 40.0 
271.0 344.0 1.7942729279355285 4.935865581525322 40.0 
271.0 345.0 1.7942729279355285 4.935865581525322 40.0 
271.0 346.0 1.7942729279355285 4.935865581525322 40.0 
271.0 347.0 1.7942729279355285 4.935865581525322 40.0 
271.0 348.0 1.7942729279355285 4.935865581525322 40.0 
271.0 349.0 1.7942729279355285 4.935865581525322 40.0 
272.0 318.0 1.7942729279355285 4.935865581525322 40.0 
272.0 319.0 1.7942729279355285 4.935865581525322 40.0 
272.0 320.0 1.7942729279355285 4.935865581525322 40.0 
272.0 321.0 1.7942729279355285 4.935865581525322 40.0 
272.0 322.0 1.7942729279355285 4.935865581525322 40.0 
272.0 323.0 1.7942729279355285 4.935865581525322 40.0 
272.0 324.0 1.7942729279355285 4.935865581525322 40.0 
272.0 325.0 1.7942729279355285 4.935865581525322 40.0 
272.0 326.0 1.7942729279355285 4.935865581525322 40.0 
272.0 327.0 1.7942729279355285 4.935865581525322 40.0 
272.0 328.0 1.7942729279355285 4.935865581525322 40.0 
272.0 329.0 1.7942729279355285 4.935865581525322 40.0 
272.0 330.0 1.7942729279355285 4.935865581525322 40.0 
272.0 331.0 1.7942729279355285 4.935865581525322 40.0 
272.0 332.0 1.7942729279355285 4.935865581525322 40.0 
272.0 333.0 1.7942729279355285 4.935865581525322 40.0 
272.0 334.0 1.7942729279355285 4.935865581525322 40.0 
272.0 335.0 1.7942729279355285 4.935865581525322 40.0 
272.0 336.0 1.7942729279355285 4.935865581525322 40.0 
272.0 337.0 1.7942729279355285 4.935865581525322 40.0 
272.0 338.0 1.7942729279355285 4.935865581525322 40.0 
272.0 339.0 1.7942729279355285 4.935865581525322 40.0 
272.0 340.0 1.7942729279355285 4.935865581525322 40.0 
272.0 341.0 1.7942729279355285 4.935865581525322 40.0 
272.0 342.0 1.7942729279355285 4.935865581525322 40.0 
272.0 343.0 1.7942729279355285 4.935865581525322 40.0 
272.0 344.0 1.7942729279355285 4.935865581525322 40.0 
273.0 314.0 1.7942729279355285 4.935865581525322 40.0 
273.0 315.0 1.7942729279355285 4.935865581525322 40.0 
273.0 316.0 1.7942729279355285 4.935865581525322 40.0 
273.0 317.0 1.7942729279355285 4.935865581525322 40.0 
273.0 318.0 1.7942729279355285 4.935865581525322 40.0 
273.0 319.0 1.7942729279355285 4.935865581525322 40.0 
273.0 320.0 1.7942729279355285 4.935865581525322 40.0 
273.0 321.0 1.7942729279355285 4.935865581525322 40.0 
273.0 322.0 1.7942729279355285 4.935865581525322 40.0 
273.0 323.0 1.7942729279355285 4.935865581525322 40.0 
273.0 324.0 1.7942729279355285 4.935865581525322 40.0 
273.0 325.0 1.7942729279355285 4.935865581525322 40.0 
273.0 326.0 1.7942729279355285 4.935865581525322 40.0 
273.0 327.0 1.7942729279355285 4.935865581525322 40.0 
273.0 328.0 1.7942729279355285 4.935865581525322 40.0 
273.0 329.0 1.7942729279355285 4.935865581525322 40.0 
273.0 330.0 1.7942729279355285 4.935865581525322 40.0 
273.0 331.0 1.7942729279355285 4.935865581525322 40.0 
273.0 332.0 1.7942729279355285 4.935865581525322 40.0 
273.0 333.0 1.7942729279355285 4.935865581525322 40.0 
273.0 334.0 1.7942729279355285 4.935865581525322 40.0 
273.0 335.0 1.7942729279355285 4.935865581525322 40.0 
273.0 336.0 1.7942729279355285 4.935865581525322 40.0 
273.0 337.0 1.7942729279355285 4.935865581525322 40.0 
273.0 338.0 1.7942729279355285 4.935865581525322 40.0 
273.0 339.0 1.7942729279355285 4.935865581525322 40.0 
273.0 340.0 1.7942729279355285 4.935865581525322 40.0 
274.0 309.0 1.7942729279355285 4.935865581525322 40.0 
274.0 310.0 1.7942729279355285 4.935865581525322 40.0 
274.0 311.0 1.7942729279355285 4.935865581525322 40.0 
274.0 312.0 1.7942729279355285 4.935865581525322 40.0 
274.0 313.0 1.7942729279355285 4.935865581525322 40.0 
274.0 314.0 1.7942729279355285 4.935865581525322 40.0 
274.0 315.0 1.7942729279355285 4.935865581525322 40.0 
274.0 316.0 1.7942729279355285 4.935865581525322 40.0 
274.0 317.0 1.7942729279355285 4.935865581525322 40.0 
274.0 318.0 1.7942729279355285 4.935865581525322 40.0 
274.0 319.0 1.7942729279355285 4.935865581525322 40.0 
274.0 320.0 1.7942729279355285 4.935865581525322 40.0 
274.0 321.0 1.7942729279355285 4.935865581525322 40.0 
274.0 322.0 1.7942729279355285 4.935865581525322 40.0 
274.0 323.0 1.7942729279355285 4.935865581525322 40.0 
274.0 324.0 1.7942729279355285 4.935865581525322 40.0 
274.0 325.0 1.7942729279355285 4.935865581525322 40.0 
274.0 326.0 1.7942729279355285 4.935865581525322 40.0 
274.0 327.0 1.7942729279355285 4.935865581525322 40.0 
274.0 328.0 1.7942729279355285 4.935865581525322 40.0 
274.0 329.0 1.7942729279355285 4.935865581525322 40.0 
274.0 330.0 1.7942729279355285 4.935865581525322 40.0 
274.0 331.0 1.7942729279355285 4.935865581525322 40.0 
274.0 332.0 1.7942729279355285 4.935865581525322 40.0 
274.0 333.0 1.7942729279355285 4.935865581525322 40.0 
274.0 334.0 1.7942729279355285 4.935865581525322 40.0 
274.0 335.0 1.7942729279355285 4.935865581525322 40.0 
275.0 305.0 1.7942729279355285 4.935865581525322 40.0 
275.0 306.0 1.7942729279355285 4.935865581525322 40.0 
275.0 307.0 1.7942729279355285 4.935865581525322 40.0 
275.0 308.0 1.7942729279355285 4.935865581525322 40.0 
275.0 309.0 1.7942729279355285 4.935865581525322 40.0 
275.0 310.0 1.7942729279355285 4.935865581525322 40.0 
275.0 311.0 1.7942729279355285 4.935865581525322 40.0 
275.0 312.0 1.7942729279355285 4.935865581525322 40.0 
275.0 313.0 1.7942729279355285 4.935865581525322 40.0 
275.0 314.0 1.7942729279355285 4.935865581525322 40.0 
275.0 315.0 1.7942729279355285 4.935865581525322 40.0 
275.0 316.0 1.7942729279355285 4.935865581525322 40.0 
275.0 317.0 1.7942729279355285 4.935865581525322 40.0 
275.0 318.0 1.7942729279355285 4.935865581525322 40.0 
275.0 319.0 1.7942729279355285 4.935865581525322 40.0 
275.0 320.0 1.7942729279355285 4.935865581525322 40.0 
275.0 321.0 1.7942729279355285 4.935865581525322 40.0 
275.0 322.0 1.7942729279355285 4.935865581525322 40.0 
275.0 323.0 1.7942729279355285 4.935865581525322 40.0 
275.0 324.0 1.7942729279355285 4.935865581525322 40.0 
275.0 325.0 1.7942729279355285 4.935865581525322 40.0 
275.0 326.0 1.7942729279355285 4.935865581525322 40.0 
275.0 327.0 1.7942729279355285 4.935865581525322 40.0 
275.0 328.0 1.7942729279355285 4.935865581525322 40.0 
275.0 329.0 1.7942729279355285 4.935865581525322 40.0 
275.0 330.0 1.7942729279355285 4.935865581525322 40.0 
275.0 331.0 1.7942729279355285 4.935865581525322 40.0 
276.0 301.0 1.7942729279355285 4.935865581525322 40.0 
276.0 302.0 1.7942729279355285 4.935865581525322 40.0 
276.0 303.0 1.7942729279355285 4.935865581525322 40.0 
276.0 304.0 1.7942729279355285 4.935865581525322 40.0 
276.0 305.0 1.7942729279355285 4.935865581525322 40.0 
276.0 306.0 1.7942729279355285 4.935865581525322 40.0 
276.0 307.0 1.7942729279355285 4.935865581525322 40.0 
276.0 308.0 1.7942729279355285 4.935865581525322 40.0 
276.0 309.0 1.7942729279355285 4.935865581525322 40.0 
276.0 310.0 1.7942729279355285 4.935865581525322 40.0 
276.0 311.0 1.7942729279355285 4.935865581525322 40.0 
276.0 312.0 1.7942729279355285 4.935865581525322 40.0 
276.0 313.0 1.7942729279355285 4.935865581525322 40.0 
276.0 314.0 1.7942729279355285 4.935865581525322 40.0 
276.0 315.0 1.7942729279355285 4.935865581525322 40.0 
276.0 316.0 1.7942729279355285 4.935865581525322 40.0 
276.0 317.0 1.7942729279355285 4.935865581525322 40.0 
276.0 318.0 1.7942729279355285 4.935865581525322 40.0 
276.0 319.0 1.7942729279355285 4.935865581525322 40.0 
276.0 320.0 1.7942729279355285 4.935865581525322 40.0 
276.0 321.0 1.7942729279355285 4.935865581525322 40.0 
276.0 322.0 1.7942729279355285 4.935865581525322 40.0 
276.0 323.0 1.7942729279355285 4.935865581525322 40.0 
276.0 324.0 1.7942729279355285 4.935865581525322 40.0 
276.0 325.0 1.7942729279355285 4.935865581525322 40.0 
276.0 326.0 1.7942729279355285 4.935865581525322 40.0 
276.0 327.0 1.7942729279355285 4.935865581525322 40.0 
277.0 296.0 1.7942729279355285 4.935865581525322 40.0 
277.0 297.0 1.7942729279355285 4.935865581525322 40.0 
277.0 298.0 1.7942729279355285 4.935865581525322 40.0 
277.0 299.0 1.7942729279355285 4.935865581525322 40.0 
277.0 300.0 1.7942729279355285 4.935865581525322 40.0 
277.0 301.0 1.7942729279355285 4.935865581525322 40.0 
277.0 302.0 1.7942729279355285 4.935865581525322 40.0 
277.0 303.0 1.7942729279355285 4.935865581525322 40.0 
277.0 304.0 1.7942729279355285 4.935865581525322 40.0 
277.0 305.0 1.7942729279355285 4.935865581525322 40.0 
277.0 306.0 1.7942729279355285 4.935865581525322 40.0 
277.0 307.0 1.7942729279355285 4.935865581525322 40.0 
277.0 308.0 1.7942729279355285 4.935865581525322 40.0 
277.0 309.0 1.7942729279355285 4.935865581525322 40.0 
277.0 310.0 1.7942729279355285 4.935865581525322 40.0 
277.0 311.0 1.7942729279355285 4.935865581525322 40.0 
277.0 312.0 1.7942729279355285 4.935865581525322 40.0 
277.0 313.0 1.7942729279355285 4.935865581525322 40.0 
277.0 314.0 1.7942729279355285 4.935865581525322 40.0 
277.0 315.0 1.7942729279355285 4.935865581525322 40.0 
277.0 316.0 1.7942729279355285 4.935865581525322 40.0 
277.0 317.0 1.7942729279355285 4.935865581525322 40.0 
277.0 318.0 1.7942729279355285 4.935865581525322 40.0 
277.0 319.0 1.7942729279355285 4.935865581525322 40.0 
277.0 320.0 1.7942729279355285 4.935865581525322 40.0 
277.0 321.0 1.7942729279355285 4.935865581525322 40.0 
277.0 322.0 1.7942729279355285 4.935865581525322 40.0 
278.0 296.0 1.7942729279355285 4.935865581525322 40.0 
278.0 297.0 1.7942729279355285 4.935865581525322 40.0 
278.0 298.0 1.7942729279355285 4.935865581525322 40.0 
278.0 299.0 1.7942729279355285 4.935865581525322 40.0 
278.0 300.0 1.7942729279355285 4.935865581525322 40.0 
278.0 301.0 1.7942729279355285 4.935865581525322 40.0 
278.0 302.0 1.7942729279355285 4.935865581525322 40.0 
278.0 303.0 1.7942729279355285 4.935865581525322 40.0 
278.0 304.0 1.7942729279355285 4.935865581525322 40.0 
278.0 305.0 1.7942729279355285 4.935865581525322 40.0 
278.0 306.0 1.7942729279355285 4.935865581525322 40.0 
278.0 307.0 1.7942729279355285 4.935865581525322 40.0 
278.0 308.0 1.7942729279355285 4.935865581525322 40.0 
278.0 309.0 1.7942729279355285 4.935865581525322 40.0 
278.0 310.0 1.7942729279355285 4.935865581525322 40.0 
278.0 311.0 1.7942729279355285 4.935865581525322 40.0 
278.0 312.0 1.7942729279355285 4.935865581525322 40.0 
278.0 313.0 1.7942729279355285 4.935865581525322 40.0 
278.0 314.0 1.7942729279355285 4.935865581525322 40.0 
278.0 315.0 1.7942729279355285 4.935865581525322 40.0 
278.0 316.0 1.7942729279355285 4.935865581525322 40.0 
278.0 317.0 1.7942729279355285 4.935865581525322 40.0 
278.0 318.0 1.7942729279355285 4.935865581525322 40.0 
279.0 296.0 1.7942729279355285 4.935865581525322 40.0 
279.0 297.0 1.7942729279355285 4.935865581525322 40.0 
279.0 298.0 1.7942729279355285 4.935865581525322 40.0 
279.0 299.0 1.7942729279355285 4.935865581525322 40.0 
279.0 300.0 1.7942729279355285 4.935865581525322 40.0 
279.0 301.0 1.7942729279355285 4.935865581525322 40.0 
279.0 302.0 1.7942729279355285 4.935865581525322 40.0 
279.0 303.0 1.7942729279355285 4.935865581525322 40.0 
279.0 304.0 1.7942729279355285 4.935865581525322 40.0 
279.0 305.0 1.7942729279355285 4.935865581525322 40.0 
279.0 306.0 1.7942729279355285 4.935865581525322 40.0 
279.0 307.0 1.7942729279355285 4.935865581525322 40.0 
279.0 308.0 1.7942729279355285 4.935865581525322 40.0 
279.0 309.0 1.7942729279355285 4.935865581525322 40.0 
279.0 310.0 1.7942729279355285 4.935865581525322 40.0 
279.0 311.0 1.7942729279355285 4.935865581525322 40.0 
279.0 312.0 1.7942729279355285 4.935865581525322 40.0 
279.0 313.0 1.7942729279355285 4.935865581525322 40.0 
280.0 296.0 1.7942729279355285 4.935865581525322 40.0 
280.0 297.0 1.7942729279355285 4.935865581525322 40.0 
280.0 298.0 1.7942729279355285 4.935865581525322 40.0 
280.0 299.0 1.7942729279355285 4.935865581525322 40.0 
280.0 300.0 1.7942729279355285 4.935865581525322 40.0 
280.0 301.0 1.7942729279355285 4.935865581525322 40.0 
280.0 302.0 1.7942729279355285 4.935865581525322 40.0 
280.0 303.0 1.7942729279355285 4.935865581525322 40.0 
280.0 304.0 1.7942729279355285 4.935865581525322 40.0 
280.0 305.0 1.7942729279355285 4.935865581525322 40.0 
280.0 306.0 1.7942729279355285 4.935865581525322 40.0 
280.0 307.0 1.7942729279355285 4.935865581525322 40.0 
280.0 308.0 1.7942729279355285 4.935865581525322 40.0 
280.0 309.0 1.7942729279355285 4.935865581525322 40.0 
281.0 297.0 1.7942729279355285 4.935865581525322 40.0 
281.0 298.0 1.7942729279355285 4.935865581525322 40.0 
281.0 299.0 1.7942729279355285 4.935865581525322 40.0 
281.0 300.0 1.7942729279355285 4.935865581525322 40.0 
281.0 301.0 1.7942729279355285 4.935865581525322 40.0 
281.0 302.0 1.7942729279355285 4.935865581525322 40.0 
281.0 303.0 1.7942729279355285 4.935865581525322 40.0 
281.0 304.0 1.7942729279355285 4.935865581525322 40.0 
281.0 305.0 1.7942729279355285 4.935865581525322 40.0 
282.0 297.0 1.7942729279355285 4.935865581525322 40.0 
282.0 298.0 1.7942729279355285 4.935865581525322 40.0 
282.0 299.0 1.7942729279355285 4.935865581525322 40.0 
282.0 300.0 1.7942729279355285 4.935865581525322 40.0 
