223.0 315.0 2.9849907766077783 6.126583430197571 68.0 
223.0 316.0 2.9849907766077783 6.126583430197571 68.0 
223.0 317.0 2.9849907766077783 6.126583430197571 68.0 
224.0 315.0 2.9849907766077783 6.126583430197571 68.0 
224.0 316.0 2.9849907766077783 6.126583430197571 68.0 
224.0 317.0 2.9849907766077783 6.126583430197571 68.0 
224.0 318.0 2.9849907766077783 6.126583430197571 68.0 
224.0 319.0 2.9849907766077783 6.126583430197571 68.0 
224.0 320.0 2.9849907766077783 6.126583430197571 68.0 
225.0 315.0 2.9849907766077783 6.126583430197571 68.0 
225.0 316.0 2.9849907766077783 6.126583430197571 68.0 
225.0 317.0 2.9849907766077783 6.126583430197571 68.0 
225.0 318.0 2.9849907766077783 6.126583430197571 68.0 
225.0 319.0 2.9849907766077783 6.126583430197571 68.0 
225.0 320.0 2.9849907766077783 6.126583430197571 68.0 
226.0 315.0 2.9849907766077783 6.126583430197571 68.0 
226.0 316.0 2.9849907766077783 6.126583430197571 68.0 
226.0 317.0 2.9849907766077783 6.126583430197571 68.0 
226.0 318.0 2.9849907766077783 6.126583430197571 68.0 
226.0 319.0 2.9849907766077783 6.126583430197571 68.0 
226.0 320.0 2.9849907766077783 6.126583430197571 68.0 
227.0 315.0 2.9849907766077783 6.126583430197571 68.0 
227.0 316.0 2.9849907766077783 6.126583430197571 68.0 
227.0 317.0 2.9849907766077783 6.126583430197571 68.0 
227.0 318.0 2.9849907766077783 6.126583430197571 68.0 
227.0 319.0 2.9849907766077783 6.126583430197571 68.0 
227.0 320.0 2.9849907766077783 6.126583430197571 68.0 
228.0 315.0 2.9849907766077783 6.126583430197571 68.0 
228.0 316.0 2.9849907766077783 6.126583430197571 68.0 
228.0 317.0 2.9849907766077783 6.126583430197571 68.0 
228.0 318.0 2.9849907766077783 6.126583430197571 68.0 
228.0 319.0 2.9849907766077783 6.126583430197571 68.0 
228.0 320.0 2.9849907766077783 6.126583430197571 68.0 
229.0 315.0 2.9849907766077783 6.126583430197571 68.0 
229.0 316.0 2.9849907766077783 6.126583430197571 68.0 
229.0 317.0 2.9849907766077783 6.126583430197571 68.0 
229.0 318.0 2.9849907766077783 6.126583430197571 68.0 
229.0 319.0 2.9849907766077783 6.126583430197571 68.0 
229.0 320.0 2.9849907766077783 6.126583430197571 68.0 
230.0 314.0 2.9849907766077783 6.126583430197571 68.0 
230.0 315.0 2.9849907766077783 6.126583430197571 68.0 
230.0 316.0 2.9849907766077783 6.126583430197571 68.0 
230.0 317.0 2.9849907766077783 6.126583430197571 68.0 
230.0 318.0 2.9849907766077783 6.126583430197571 68.0 
230.0 319.0 2.9849907766077783 6.126583430197571 68.0 
231.0 314.0 2.9849907766077783 6.126583430197571 68.0 
231.0 315.0 2.9849907766077783 6.126583430197571 68.0 
231.0 316.0 2.9849907766077783 6.126583430197571 68.0 
231.0 317.0 2.9849907766077783 6.126583430197571 68.0 
231.0 318.0 2.9849907766077783 6.126583430197571 68.0 
231.0 319.0 2.9849907766077783 6.126583430197571 68.0 
232.0 314.0 2.9849907766077783 6.126583430197571 68.0 
232.0 315.0 2.9849907766077783 6.126583430197571 68.0 
232.0 316.0 2.9849907766077783 6.126583430197571 68.0 
232.0 317.0 2.9849907766077783 6.126583430197571 68.0 
232.0 318.0 2.9849907766077783 6.126583430197571 68.0 
232.0 319.0 2.9849907766077783 6.126583430197571 68.0 
233.0 314.0 2.9849907766077783 6.126583430197571 68.0 
233.0 315.0 2.9849907766077783 6.126583430197571 68.0 
233.0 316.0 2.9849907766077783 6.126583430197571 68.0 
233.0 317.0 2.9849907766077783 6.126583430197571 68.0 
233.0 318.0 2.9849907766077783 6.126583430197571 68.0 
233.0 319.0 2.9849907766077783 6.126583430197571 68.0 
234.0 314.0 2.9849907766077783 6.126583430197571 68.0 
234.0 315.0 2.9849907766077783 6.126583430197571 68.0 
234.0 316.0 2.9849907766077783 6.126583430197571 68.0 
234.0 317.0 2.9849907766077783 6.126583430197571 68.0 
234.0 318.0 2.9849907766077783 6.126583430197571 68.0 
234.0 319.0 2.9849907766077783 6.126583430197571 68.0 
235.0 314.0 2.9849907766077783 6.126583430197571 68.0 
235.0 315.0 2.9849907766077783 6.126583430197571 68.0 
235.0 316.0 2.9849907766077783 6.126583430197571 68.0 
235.0 317.0 2.9849907766077783 6.126583430197571 68.0 
235.0 318.0 2.9849907766077783 6.126583430197571 68.0 
235.0 319.0 2.9849907766077783 6.126583430197571 68.0 
236.0 313.0 2.9849907766077783 6.126583430197571 68.0 
236.0 314.0 2.9849907766077783 6.126583430197571 68.0 
236.0 315.0 2.9849907766077783 6.126583430197571 68.0 
236.0 316.0 2.9849907766077783 6.126583430197571 68.0 
236.0 317.0 2.9849907766077783 6.126583430197571 68.0 
236.0 318.0 2.9849907766077783 6.126583430197571 68.0 
237.0 313.0 2.9849907766077783 6.126583430197571 68.0 
237.0 314.0 2.9849907766077783 6.126583430197571 68.0 
237.0 315.0 2.9849907766077783 6.126583430197571 68.0 
237.0 316.0 2.9849907766077783 6.126583430197571 68.0 
237.0 317.0 2.9849907766077783 6.126583430197571 68.0 
237.0 318.0 2.9849907766077783 6.126583430197571 68.0 
238.0 313.0 2.9849907766077783 6.126583430197571 68.0 
238.0 314.0 2.9849907766077783 6.126583430197571 68.0 
238.0 315.0 2.9849907766077783 6.126583430197571 68.0 
238.0 316.0 2.9849907766077783 6.126583430197571 68.0 
238.0 317.0 2.9849907766077783 6.126583430197571 68.0 
238.0 318.0 2.9849907766077783 6.126583430197571 68.0 
239.0 313.0 2.9849907766077783 6.126583430197571 68.0 
239.0 314.0 2.9849907766077783 6.126583430197571 68.0 
239.0 315.0 2.9849907766077783 6.126583430197571 68.0 
239.0 316.0 2.9849907766077783 6.126583430197571 68.0 
239.0 317.0 2.9849907766077783 6.126583430197571 68.0 
239.0 318.0 2.9849907766077783 6.126583430197571 68.0 
240.0 313.0 2.9849907766077783 6.126583430197571 68.0 
240.0 314.0 2.9849907766077783 6.126583430197571 68.0 
240.0 315.0 2.9849907766077783 6.126583430197571 68.0 
240.0 316.0 2.9849907766077783 6.126583430197571 68.0 
240.0 317.0 2.9849907766077783 6.126583430197571 68.0 
240.0 318.0 2.9849907766077783 6.126583430197571 68.0 
241.0 313.0 2.9849907766077783 6.126583430197571 68.0 
241.0 314.0 2.9849907766077783 6.126583430197571 68.0 
241.0 315.0 2.9849907766077783 6.126583430197571 68.0 
241.0 316.0 2.9849907766077783 6.126583430197571 68.0 
241.0 317.0 2.9849907766077783 6.126583430197571 68.0 
241.0 318.0 2.9849907766077783 6.126583430197571 68.0 
242.0 312.0 2.9849907766077783 6.126583430197571 68.0 
242.0 313.0 2.9849907766077783 6.126583430197571 68.0 
242.0 314.0 2.9849907766077783 6.126583430197571 68.0 
242.0 315.0 2.9849907766077783 6.126583430197571 68.0 
242.0 316.0 2.9849907766077783 6.126583430197571 68.0 
242.0 317.0 2.9849907766077783 6.126583430197571 68.0 
242.0 318.0 2.9849907766077783 6.126583430197571 68.0 
243.0 312.0 2.9849907766077783 6.126583430197571 68.0 
243.0 313.0 2.9849907766077783 6.126583430197571 68.0 
243.0 314.0 2.9849907766077783 6.126583430197571 68.0 
243.0 315.0 2.9849907766077783 6.126583430197571 68.0 
243.0 316.0 2.9849907766077783 6.126583430197571 68.0 
243.0 317.0 2.9849907766077783 6.126583430197571 68.0 
244.0 312.0 2.9849907766077783 6.126583430197571 68.0 
244.0 313.0 2.9849907766077783 6.126583430197571 68.0 
244.0 314.0 2.9849907766077783 6.126583430197571 68.0 
244.0 315.0 2.9849907766077783 6.126583430197571 68.0 
244.0 316.0 2.9849907766077783 6.126583430197571 68.0 
244.0 317.0 2.9849907766077783 6.126583430197571 68.0 
245.0 312.0 2.9849907766077783 6.126583430197571 68.0 
245.0 313.0 2.9849907766077783 6.126583430197571 68.0 
245.0 314.0 2.9849907766077783 6.126583430197571 68.0 
245.0 315.0 2.9849907766077783 6.126583430197571 68.0 
245.0 316.0 2.9849907766077783 6.126583430197571 68.0 
245.0 317.0 2.9849907766077783 6.126583430197571 68.0 
246.0 312.0 2.9849907766077783 6.126583430197571 68.0 
246.0 313.0 2.9849907766077783 6.126583430197571 68.0 
246.0 314.0 2.9849907766077783 6.126583430197571 68.0 
246.0 315.0 2.9849907766077783 6.126583430197571 68.0 
246.0 316.0 2.9849907766077783 6.126583430197571 68.0 
246.0 317.0 2.9849907766077783 6.126583430197571 68.0 
247.0 312.0 2.9849907766077783 6.126583430197571 68.0 
247.0 313.0 2.9849907766077783 6.126583430197571 68.0 
247.0 314.0 2.9849907766077783 6.126583430197571 68.0 
247.0 315.0 2.9849907766077783 6.126583430197571 68.0 
247.0 316.0 2.9849907766077783 6.126583430197571 68.0 
247.0 317.0 2.9849907766077783 6.126583430197571 68.0 
248.0 312.0 2.9849907766077783 6.126583430197571 68.0 
248.0 313.0 2.9849907766077783 6.126583430197571 68.0 
248.0 314.0 2.9849907766077783 6.126583430197571 68.0 
248.0 315.0 2.9849907766077783 6.126583430197571 68.0 
248.0 316.0 2.9849907766077783 6.126583430197571 68.0 
248.0 317.0 2.9849907766077783 6.126583430197571 68.0 
249.0 311.0 2.9849907766077783 6.126583430197571 68.0 
249.0 312.0 2.9849907766077783 6.126583430197571 68.0 
249.0 313.0 2.9849907766077783 6.126583430197571 68.0 
249.0 314.0 2.9849907766077783 6.126583430197571 68.0 
249.0 315.0 2.9849907766077783 6.126583430197571 68.0 
249.0 316.0 2.9849907766077783 6.126583430197571 68.0 
250.0 311.0 2.9849907766077783 6.126583430197571 68.0 
250.0 312.0 2.9849907766077783 6.126583430197571 68.0 
250.0 313.0 2.9849907766077783 6.126583430197571 68.0 
250.0 314.0 2.9849907766077783 6.126583430197571 68.0 
250.0 315.0 2.9849907766077783 6.126583430197571 68.0 
250.0 316.0 2.9849907766077783 6.126583430197571 68.0 
251.0 311.0 2.9849907766077783 6.126583430197571 68.0 
251.0 312.0 2.9849907766077783 6.126583430197571 68.0 
251.0 313.0 2.9849907766077783 6.126583430197571 68.0 
251.0 314.0 2.9849907766077783 6.126583430197571 68.0 
251.0 315.0 2.9849907766077783 6.126583430197571 68.0 
251.0 316.0 2.9849907766077783 6.126583430197571 68.0 
252.0 311.0 2.9849907766077783 6.126583430197571 68.0 
252.0 312.0 2.9849907766077783 6.126583430197571 68.0 
252.0 313.0 2.9849907766077783 6.126583430197571 68.0 
252.0 314.0 2.9849907766077783 6.126583430197571 68.0 
252.0 315.0 2.9849907766077783 6.126583430197571 68.0 
252.0 316.0 2.9849907766077783 6.126583430197571 68.0 
253.0 311.0 2.9849907766077783 6.126583430197571 68.0 
253.0 312.0 2.9849907766077783 6.126583430197571 68.0 
253.0 313.0 2.9849907766077783 6.126583430197571 68.0 
253.0 314.0 2.9849907766077783 6.126583430197571 68.0 
253.0 315.0 2.9849907766077783 6.126583430197571 68.0 
253.0 316.0 2.9849907766077783 6.126583430197571 68.0 
254.0 311.0 2.9849907766077783 6.126583430197571 68.0 
254.0 312.0 2.9849907766077783 6.126583430197571 68.0 
254.0 313.0 2.9849907766077783 6.126583430197571 68.0 
254.0 314.0 2.9849907766077783 6.126583430197571 68.0 
254.0 315.0 2.9849907766077783 6.126583430197571 68.0 
254.0 316.0 2.9849907766077783 6.126583430197571 68.0 
255.0 310.0 2.9849907766077783 6.126583430197571 68.0 
255.0 311.0 2.9849907766077783 6.126583430197571 68.0 
255.0 312.0 2.9849907766077783 6.126583430197571 68.0 
255.0 313.0 2.9849907766077783 6.126583430197571 68.0 
255.0 314.0 2.9849907766077783 6.126583430197571 68.0 
255.0 315.0 2.9849907766077783 6.126583430197571 68.0 
256.0 310.0 2.9849907766077783 6.126583430197571 68.0 
256.0 311.0 2.9849907766077783 6.126583430197571 68.0 
256.0 312.0 2.9849907766077783 6.126583430197571 68.0 
256.0 313.0 2.9849907766077783 6.126583430197571 68.0 
256.0 314.0 2.9849907766077783 6.126583430197571 68.0 
256.0 315.0 2.9849907766077783 6.126583430197571 68.0 
257.0 310.0 2.9849907766077783 6.126583430197571 68.0 
257.0 311.0 2.9849907766077783 6.126583430197571 68.0 
257.0 312.0 2.9849907766077783 6.126583430197571 68.0 
257.0 313.0 2.9849907766077783 6.126583430197571 68.0 
257.0 314.0 2.9849907766077783 6.126583430197571 68.0 
257.0 315.0 2.9849907766077783 6.126583430197571 68.0 
258.0 310.0 2.9849907766077783 6.126583430197571 68.0 
258.0 311.0 2.9849907766077783 6.126583430197571 68.0 
258.0 312.0 2.9849907766077783 6.126583430197571 68.0 
258.0 313.0 2.9849907766077783 6.126583430197571 68.0 
258.0 314.0 2.9849907766077783 6.126583430197571 68.0 
258.0 315.0 2.9849907766077783 6.126583430197571 68.0 
259.0 310.0 2.9849907766077783 6.126583430197571 68.0 
259.0 311.0 2.9849907766077783 6.126583430197571 68.0 
259.0 312.0 2.9849907766077783 6.126583430197571 68.0 
259.0 313.0 2.9849907766077783 6.126583430197571 68.0 
259.0 314.0 2.9849907766077783 6.126583430197571 68.0 
259.0 315.0 2.9849907766077783 6.126583430197571 68.0 
260.0 310.0 2.9849907766077783 6.126583430197571 68.0 
260.0 311.0 2.9849907766077783 6.126583430197571 68.0 
260.0 312.0 2.9849907766077783 6.126583430197571 68.0 
260.0 313.0 2.9849907766077783 6.126583430197571 68.0 
260.0 314.0 2.9849907766077783 6.126583430197571 68.0 
260.0 315.0 2.9849907766077783 6.126583430197571 68.0 
261.0 312.0 2.9849907766077783 6.126583430197571 68.0 
261.0 313.0 2.9849907766077783 6.126583430197571 68.0 
261.0 314.0 2.9849907766077783 6.126583430197571 68.0 
261.0 315.0 2.9849907766077783 6.126583430197571 68.0 
