261.0 285.0 2.3884413726275984 5.5300340262173915 28.0 
262.0 284.0 2.3884413726275984 5.5300340262173915 28.0 
262.0 285.0 2.3884413726275984 5.5300340262173915 28.0 
262.0 286.0 2.3884413726275984 5.5300340262173915 28.0 
263.0 283.0 2.3884413726275984 5.5300340262173915 28.0 
263.0 284.0 2.3884413726275984 5.5300340262173915 28.0 
263.0 285.0 2.3884413726275984 5.5300340262173915 28.0 
264.0 282.0 2.3884413726275984 5.5300340262173915 28.0 
264.0 283.0 2.3884413726275984 5.5300340262173915 28.0 
264.0 284.0 2.3884413726275984 5.5300340262173915 28.0 
265.0 281.0 2.3884413726275984 5.5300340262173915 28.0 
265.0 282.0 2.3884413726275984 5.5300340262173915 28.0 
265.0 283.0 2.3884413726275984 5.5300340262173915 28.0 
266.0 280.0 2.3884413726275984 5.5300340262173915 28.0 
266.0 281.0 2.3884413726275984 5.5300340262173915 28.0 
266.0 282.0 2.3884413726275984 5.5300340262173915 28.0 
267.0 280.0 2.3884413726275984 5.5300340262173915 28.0 
267.0 281.0 2.3884413726275984 5.5300340262173915 28.0 
268.0 279.0 2.3884413726275984 5.5300340262173915 28.0 
268.0 280.0 2.3884413726275984 5.5300340262173915 28.0 
269.0 278.0 2.3884413726275984 5.5300340262173915 28.0 
269.0 279.0 2.3884413726275984 5.5300340262173915 28.0 
270.0 277.0 2.3884413726275984 5.5300340262173915 28.0 
270.0 278.0 2.3884413726275984 5.5300340262173915 28.0 
271.0 276.0 2.3884413726275984 5.5300340262173915 28.0 
271.0 277.0 2.3884413726275984 5.5300340262173915 28.0 
272.0 275.0 2.3884413726275984 5.5300340262173915 28.0 
272.0 276.0 2.3884413726275984 5.5300340262173915 28.0 
272.0 277.0 2.3884413726275984 5.5300340262173915 28.0 
273.0 274.0 2.3884413726275984 5.5300340262173915 28.0 
273.0 275.0 2.3884413726275984 5.5300340262173915 28.0 
273.0 276.0 2.3884413726275984 5.5300340262173915 28.0 
274.0 273.0 2.3884413726275984 5.5300340262173915 28.0 
274.0 274.0 2.3884413726275984 5.5300340262173915 28.0 
274.0 275.0 2.3884413726275984 5.5300340262173915 28.0 
275.0 272.0 2.3884413726275984 5.5300340262173915 28.0 
275.0 273.0 2.3884413726275984 5.5300340262173915 28.0 
275.0 274.0 2.3884413726275984 5.5300340262173915 28.0 
276.0 271.0 2.3884413726275984 5.5300340262173915 28.0 
276.0 272.0 2.3884413726275984 5.5300340262173915 28.0 
276.0 273.0 2.3884413726275984 5.5300340262173915 28.0 
277.0 271.0 2.3884413726275984 5.5300340262173915 28.0 
277.0 272.0 2.3884413726275984 5.5300340262173915 28.0 
255.0 306.0 1.8370483759458234 4.978641029535616 28.0 
255.0 307.0 1.8370483759458234 4.978641029535616 28.0 
255.0 308.0 1.8370483759458234 4.978641029535616 28.0 
256.0 302.0 1.8370483759458234 4.978641029535616 28.0 
256.0 303.0 1.8370483759458234 4.978641029535616 28.0 
256.0 304.0 1.8370483759458234 4.978641029535616 28.0 
256.0 305.0 1.8370483759458234 4.978641029535616 28.0 
256.0 306.0 1.8370483759458234 4.978641029535616 28.0 
256.0 307.0 1.8370483759458234 4.978641029535616 28.0 
256.0 308.0 1.8370483759458234 4.978641029535616 28.0 
256.0 309.0 1.8370483759458234 4.978641029535616 28.0 
257.0 298.0 1.8370483759458234 4.978641029535616 28.0 
257.0 299.0 1.8370483759458234 4.978641029535616 28.0 
257.0 300.0 1.8370483759458234 4.978641029535616 28.0 
257.0 301.0 1.8370483759458234 4.978641029535616 28.0 
257.0 302.0 1.8370483759458234 4.978641029535616 28.0 
257.0 303.0 1.8370483759458234 4.978641029535616 28.0 
257.0 304.0 1.8370483759458234 4.978641029535616 28.0 
257.0 305.0 1.8370483759458234 4.978641029535616 28.0 
258.0 295.0 1.8370483759458234 4.978641029535616 28.0 
258.0 296.0 1.8370483759458234 4.978641029535616 28.0 
258.0 297.0 1.8370483759458234 4.978641029535616 28.0 
258.0 298.0 1.8370483759458234 4.978641029535616 28.0 
258.0 299.0 1.8370483759458234 4.978641029535616 28.0 
258.0 300.0 1.8370483759458234 4.978641029535616 28.0 
258.0 301.0 1.8370483759458234 4.978641029535616 28.0 
259.0 291.0 1.8370483759458234 4.978641029535616 28.0 
259.0 292.0 1.8370483759458234 4.978641029535616 28.0 
259.0 293.0 1.8370483759458234 4.978641029535616 28.0 
259.0 294.0 1.8370483759458234 4.978641029535616 28.0 
259.0 295.0 1.8370483759458234 4.978641029535616 28.0 
259.0 296.0 1.8370483759458234 4.978641029535616 28.0 
259.0 297.0 1.8370483759458234 4.978641029535616 28.0 
259.0 298.0 1.8370483759458234 4.978641029535616 28.0 
260.0 287.0 1.8370483759458234 4.978641029535616 28.0 
260.0 288.0 1.8370483759458234 4.978641029535616 28.0 
260.0 289.0 1.8370483759458234 4.978641029535616 28.0 
260.0 290.0 1.8370483759458234 4.978641029535616 28.0 
260.0 291.0 1.8370483759458234 4.978641029535616 28.0 
260.0 292.0 1.8370483759458234 4.978641029535616 28.0 
260.0 293.0 1.8370483759458234 4.978641029535616 28.0 
260.0 294.0 1.8370483759458234 4.978641029535616 28.0 
261.0 287.0 1.8370483759458234 4.978641029535616 28.0 
261.0 288.0 1.8370483759458234 4.978641029535616 28.0 
261.0 289.0 1.8370483759458234 4.978641029535616 28.0 
261.0 290.0 1.8370483759458234 4.978641029535616 28.0 
254.0 310.0 4.547240302970062 1.4056476493802685 28.0 
254.0 311.0 4.547240302970062 1.4056476493802685 28.0 
254.0 312.0 4.547240302970062 1.4056476493802685 28.0 
254.0 313.0 4.547240302970062 1.4056476493802685 28.0 
254.0 314.0 4.547240302970062 1.4056476493802685 28.0 
254.0 315.0 4.547240302970062 1.4056476493802685 28.0 
254.0 316.0 4.547240302970062 1.4056476493802685 28.0 
255.0 310.0 4.547240302970062 1.4056476493802685 28.0 
255.0 311.0 4.547240302970062 1.4056476493802685 28.0 
255.0 312.0 4.547240302970062 1.4056476493802685 28.0 
255.0 313.0 4.547240302970062 1.4056476493802685 28.0 
255.0 314.0 4.547240302970062 1.4056476493802685 28.0 
255.0 315.0 4.547240302970062 1.4056476493802685 28.0 
255.0 316.0 4.547240302970062 1.4056476493802685 28.0 
255.0 317.0 4.547240302970062 1.4056476493802685 28.0 
255.0 318.0 4.547240302970062 1.4056476493802685 28.0 
255.0 319.0 4.547240302970062 1.4056476493802685 28.0 
255.0 320.0 4.547240302970062 1.4056476493802685 28.0 
255.0 321.0 4.547240302970062 1.4056476493802685 28.0 
255.0 322.0 4.547240302970062 1.4056476493802685 28.0 
256.0 316.0 4.547240302970062 1.4056476493802685 28.0 
256.0 317.0 4.547240302970062 1.4056476493802685 28.0 
256.0 318.0 4.547240302970062 1.4056476493802685 28.0 
256.0 319.0 4.547240302970062 1.4056476493802685 28.0 
256.0 320.0 4.547240302970062 1.4056476493802685 28.0 
256.0 321.0 4.547240302970062 1.4056476493802685 28.0 
256.0 322.0 4.547240302970062 1.4056476493802685 28.0 
256.0 323.0 4.547240302970062 1.4056476493802685 28.0 
256.0 324.0 4.547240302970062 1.4056476493802685 28.0 
256.0 325.0 4.547240302970062 1.4056476493802685 28.0 
256.0 326.0 4.547240302970062 1.4056476493802685 28.0 
256.0 327.0 4.547240302970062 1.4056476493802685 28.0 
256.0 328.0 4.547240302970062 1.4056476493802685 28.0 
257.0 322.0 4.547240302970062 1.4056476493802685 28.0 
257.0 323.0 4.547240302970062 1.4056476493802685 28.0 
257.0 324.0 4.547240302970062 1.4056476493802685 28.0 
257.0 325.0 4.547240302970062 1.4056476493802685 28.0 
257.0 326.0 4.547240302970062 1.4056476493802685 28.0 
257.0 327.0 4.547240302970062 1.4056476493802685 28.0 
257.0 328.0 4.547240302970062 1.4056476493802685 28.0 
257.0 329.0 4.547240302970062 1.4056476493802685 28.0 
257.0 330.0 4.547240302970062 1.4056476493802685 28.0 
257.0 331.0 4.547240302970062 1.4056476493802685 28.0 
257.0 332.0 4.547240302970062 1.4056476493802685 28.0 
257.0 333.0 4.547240302970062 1.4056476493802685 28.0 
257.0 334.0 4.547240302970062 1.4056476493802685 28.0 
258.0 328.0 4.547240302970062 1.4056476493802685 28.0 
258.0 329.0 4.547240302970062 1.4056476493802685 28.0 
258.0 330.0 4.547240302970062 1.4056476493802685 28.0 
258.0 331.0 4.547240302970062 1.4056476493802685 28.0 
258.0 332.0 4.547240302970062 1.4056476493802685 28.0 
258.0 333.0 4.547240302970062 1.4056476493802685 28.0 
258.0 335.0 4.149072718892722 1.007480065302929 28.0 
258.0 336.0 4.149072718892722 1.007480065302929 28.0 
259.0 335.0 4.149072718892722 1.007480065302929 28.0 
259.0 336.0 4.149072718892722 1.007480065302929 28.0 
259.0 337.0 4.149072718892722 1.007480065302929 28.0 
259.0 338.0 4.149072718892722 1.007480065302929 28.0 
260.0 337.0 4.149072718892722 1.007480065302929 28.0 
260.0 338.0 4.149072718892722 1.007480065302929 28.0 
260.0 339.0 4.149072718892722 1.007480065302929 28.0 
260.0 340.0 4.149072718892722 1.007480065302929 28.0 
261.0 338.0 4.149072718892722 1.007480065302929 28.0 
261.0 339.0 4.149072718892722 1.007480065302929 28.0 
261.0 340.0 4.149072718892722 1.007480065302929 28.0 
261.0 341.0 4.149072718892722 1.007480065302929 28.0 
262.0 340.0 4.149072718892722 1.007480065302929 28.0 
262.0 341.0 4.149072718892722 1.007480065302929 28.0 
262.0 342.0 4.149072718892722 1.007480065302929 28.0 
262.0 343.0 4.149072718892722 1.007480065302929 28.0 
263.0 342.0 4.149072718892722 1.007480065302929 28.0 
263.0 343.0 4.149072718892722 1.007480065302929 28.0 
263.0 344.0 4.149072718892722 1.007480065302929 28.0 
264.0 343.0 4.149072718892722 1.007480065302929 28.0 
264.0 344.0 4.149072718892722 1.007480065302929 28.0 
264.0 345.0 4.149072718892722 1.007480065302929 28.0 
264.0 346.0 4.149072718892722 1.007480065302929 28.0 
265.0 345.0 4.149072718892722 1.007480065302929 28.0 
265.0 346.0 4.149072718892722 1.007480065302929 28.0 
265.0 347.0 4.149072718892722 1.007480065302929 28.0 
266.0 346.0 4.149072718892722 1.007480065302929 28.0 
266.0 347.0 4.149072718892722 1.007480065302929 28.0 
266.0 348.0 4.149072718892722 1.007480065302929 28.0 
266.0 349.0 4.149072718892722 1.007480065302929 28.0 
267.0 348.0 4.149072718892722 1.007480065302929 28.0 
267.0 349.0 4.149072718892722 1.007480065302929 28.0 
267.0 350.0 4.149072718892722 1.007480065302929 28.0 
267.0 351.0 4.149072718892722 1.007480065302929 28.0 
268.0 349.0 4.149072718892722 1.007480065302929 28.0 
268.0 350.0 4.149072718892722 1.007480065302929 28.0 
268.0 351.0 4.149072718892722 1.007480065302929 28.0 
268.0 352.0 4.149072718892722 1.007480065302929 28.0 
269.0 351.0 4.149072718892722 1.007480065302929 28.0 
269.0 352.0 4.149072718892722 1.007480065302929 28.0 
269.0 353.0 4.149072718892722 1.007480065302929 28.0 
269.0 354.0 4.149072718892722 1.007480065302929 28.0 
270.0 353.0 4.149072718892722 1.007480065302929 28.0 
290.0 330.0 1.685672932211796 4.827265585801589 20.0 
290.0 331.0 1.685672932211796 4.827265585801589 20.0 
290.0 332.0 1.685672932211796 4.827265585801589 20.0 
290.0 333.0 1.685672932211796 4.827265585801589 20.0 
290.0 334.0 1.685672932211796 4.827265585801589 20.0 
290.0 335.0 1.685672932211796 4.827265585801589 20.0 
290.0 336.0 1.685672932211796 4.827265585801589 20.0 
290.0 337.0 1.685672932211796 4.827265585801589 20.0 
291.0 321.0 1.685672932211796 4.827265585801589 20.0 
291.0 322.0 1.685672932211796 4.827265585801589 20.0 
291.0 323.0 1.685672932211796 4.827265585801589 20.0 
291.0 324.0 1.685672932211796 4.827265585801589 20.0 
291.0 325.0 1.685672932211796 4.827265585801589 20.0 
291.0 326.0 1.685672932211796 4.827265585801589 20.0 
291.0 327.0 1.685672932211796 4.827265585801589 20.0 
291.0 328.0 1.685672932211796 4.827265585801589 20.0 
291.0 329.0 1.685672932211796 4.827265585801589 20.0 
291.0 330.0 1.685672932211796 4.827265585801589 20.0 
291.0 331.0 1.685672932211796 4.827265585801589 20.0 
291.0 332.0 1.685672932211796 4.827265585801589 20.0 
291.0 333.0 1.685672932211796 4.827265585801589 20.0 
291.0 334.0 1.685672932211796 4.827265585801589 20.0 
291.0 335.0 1.685672932211796 4.827265585801589 20.0 
291.0 336.0 1.685672932211796 4.827265585801589 20.0 
291.0 337.0 1.685672932211796 4.827265585801589 20.0 
291.0 338.0 1.685672932211796 4.827265585801589 20.0 
292.0 312.0 1.685672932211796 4.827265585801589 20.0 
292.0 313.0 1.685672932211796 4.827265585801589 20.0 
292.0 314.0 1.685672932211796 4.827265585801589 20.0 
292.0 315.0 1.685672932211796 4.827265585801589 20.0 
292.0 316.0 1.685672932211796 4.827265585801589 20.0 
292.0 317.0 1.685672932211796 4.827265585801589 20.0 
292.0 318.0 1.685672932211796 4.827265585801589 20.0 
292.0 319.0 1.685672932211796 4.827265585801589 20.0 
292.0 320.0 1.685672932211796 4.827265585801589 20.0 
292.0 321.0 1.685672932211796 4.827265585801589 20.0 
292.0 322.0 1.685672932211796 4.827265585801589 20.0 
292.0 323.0 1.685672932211796 4.827265585801589 20.0 
292.0 324.0 1.685672932211796 4.827265585801589 20.0 
292.0 325.0 1.685672932211796 4.827265585801589 20.0 
292.0 326.0 1.685672932211796 4.827265585801589 20.0 
292.0 327.0 1.685672932211796 4.827265585801589 20.0 
292.0 328.0 1.685672932211796 4.827265585801589 20.0 
292.0 329.0 1.685672932211796 4.827265585801589 20.0 
293.0 312.0 1.685672932211796 4.827265585801589 20.0 
293.0 313.0 1.685672932211796 4.827265585801589 20.0 
293.0 314.0 1.685672932211796 4.827265585801589 20.0 
293.0 315.0 1.685672932211796 4.827265585801589 20.0 
293.0 316.0 1.685672932211796 4.827265585801589 20.0 
293.0 317.0 1.685672932211796 4.827265585801589 20.0 
293.0 318.0 1.685672932211796 4.827265585801589 20.0 
293.0 319.0 1.685672932211796 4.827265585801589 20.0 
293.0 320.0 1.685672932211796 4.827265585801589 20.0 
287 347 1.8157749899217615 20.0 
287 348 1.8157749899217615 20.0 
287 349 1.8157749899217615 20.0 
287 350 1.8157749899217615 20.0 
288 343 1.8157749899217615 20.0 
288 344 1.8157749899217615 20.0 
288 345 1.8157749899217615 20.0 
288 346 1.8157749899217615 20.0 
288 347 1.8157749899217615 20.0 
288 348 1.8157749899217615 20.0 
288 349 1.8157749899217615 20.0 
288 350 1.8157749899217615 20.0 
288 351 1.8157749899217615 20.0 
289 339 1.8157749899217615 20.0 
289 340 1.8157749899217615 20.0 
289 341 1.8157749899217615 20.0 
289 342 1.8157749899217615 20.0 
289 343 1.8157749899217615 20.0 
289 344 1.8157749899217615 20.0 
289 345 1.8157749899217615 20.0 
289 346 1.8157749899217615 20.0 
289 347 1.8157749899217615 20.0 
290 339 1.8157749899217615 20.0 
290 340 1.8157749899217615 20.0 
290 341 1.8157749899217615 20.0 
290 342 1.8157749899217615 20.0 
290 343 1.8157749899217615 20.0 
