213.0 303.0 2.9282240114379863 6.06981666502778 56.0 
213.0 304.0 2.9282240114379863 6.06981666502778 56.0 
213.0 305.0 2.9282240114379863 6.06981666502778 56.0 
214.0 303.0 2.9282240114379863 6.06981666502778 56.0 
214.0 304.0 2.9282240114379863 6.06981666502778 56.0 
214.0 305.0 2.9282240114379863 6.06981666502778 56.0 
214.0 306.0 2.9282240114379863 6.06981666502778 56.0 
214.0 307.0 2.9282240114379863 6.06981666502778 56.0 
214.0 308.0 2.9282240114379863 6.06981666502778 56.0 
215.0 303.0 2.9282240114379863 6.06981666502778 56.0 
215.0 304.0 2.9282240114379863 6.06981666502778 56.0 
215.0 305.0 2.9282240114379863 6.06981666502778 56.0 
215.0 306.0 2.9282240114379863 6.06981666502778 56.0 
215.0 307.0 2.9282240114379863 6.06981666502778 56.0 
215.0 308.0 2.9282240114379863 6.06981666502778 56.0 
216.0 303.0 2.9282240114379863 6.06981666502778 56.0 
216.0 304.0 2.9282240114379863 6.06981666502778 56.0 
216.0 305.0 2.9282240114379863 6.06981666502778 56.0 
216.0 306.0 2.9282240114379863 6.06981666502778 56.0 
216.0 307.0 2.9282240114379863 6.06981666502778 56.0 
216.0 308.0 2.9282240114379863 6.06981666502778 56.0 
217.0 303.0 2.9282240114379863 6.06981666502778 56.0 
217.0 304.0 2.9282240114379863 6.06981666502778 56.0 
217.0 305.0 2.9282240114379863 6.06981666502778 56.0 
217.0 306.0 2.9282240114379863 6.06981666502778 56.0 
217.0 307.0 2.9282240114379863 6.06981666502778 56.0 
217.0 308.0 2.9282240114379863 6.06981666502778 56.0 
218.0 302.0 2.9282240114379863 6.06981666502778 56.0 
218.0 303.0 2.9282240114379863 6.06981666502778 56.0 
218.0 304.0 2.9282240114379863 6.06981666502778 56.0 
218.0 305.0 2.9282240114379863 6.06981666502778 56.0 
218.0 306.0 2.9282240114379863 6.06981666502778 56.0 
218.0 307.0 2.9282240114379863 6.06981666502778 56.0 
219.0 302.0 2.9282240114379863 6.06981666502778 56.0 
219.0 303.0 2.9282240114379863 6.06981666502778 56.0 
219.0 304.0 2.9282240114379863 6.06981666502778 56.0 
219.0 305.0 2.9282240114379863 6.06981666502778 56.0 
219.0 306.0 2.9282240114379863 6.06981666502778 56.0 
219.0 307.0 2.9282240114379863 6.06981666502778 56.0 
220.0 302.0 2.9282240114379863 6.06981666502778 56.0 
220.0 303.0 2.9282240114379863 6.06981666502778 56.0 
220.0 304.0 2.9282240114379863 6.06981666502778 56.0 
220.0 305.0 2.9282240114379863 6.06981666502778 56.0 
220.0 306.0 2.9282240114379863 6.06981666502778 56.0 
220.0 307.0 2.9282240114379863 6.06981666502778 56.0 
221.0 302.0 2.9282240114379863 6.06981666502778 56.0 
221.0 303.0 2.9282240114379863 6.06981666502778 56.0 
221.0 304.0 2.9282240114379863 6.06981666502778 56.0 
221.0 305.0 2.9282240114379863 6.06981666502778 56.0 
221.0 306.0 2.9282240114379863 6.06981666502778 56.0 
221.0 307.0 2.9282240114379863 6.06981666502778 56.0 
222.0 301.0 2.9282240114379863 6.06981666502778 56.0 
222.0 302.0 2.9282240114379863 6.06981666502778 56.0 
222.0 303.0 2.9282240114379863 6.06981666502778 56.0 
222.0 304.0 2.9282240114379863 6.06981666502778 56.0 
222.0 305.0 2.9282240114379863 6.06981666502778 56.0 
222.0 306.0 2.9282240114379863 6.06981666502778 56.0 
222.0 307.0 2.9282240114379863 6.06981666502778 56.0 
223.0 301.0 2.9282240114379863 6.06981666502778 56.0 
223.0 302.0 2.9282240114379863 6.06981666502778 56.0 
223.0 303.0 2.9282240114379863 6.06981666502778 56.0 
223.0 304.0 2.9282240114379863 6.06981666502778 56.0 
223.0 305.0 2.9282240114379863 6.06981666502778 56.0 
223.0 306.0 2.9282240114379863 6.06981666502778 56.0 
224.0 301.0 2.9282240114379863 6.06981666502778 56.0 
224.0 302.0 2.9282240114379863 6.06981666502778 56.0 
224.0 303.0 2.9282240114379863 6.06981666502778 56.0 
224.0 304.0 2.9282240114379863 6.06981666502778 56.0 
224.0 305.0 2.9282240114379863 6.06981666502778 56.0 
224.0 306.0 2.9282240114379863 6.06981666502778 56.0 
225.0 301.0 2.9282240114379863 6.06981666502778 56.0 
225.0 302.0 2.9282240114379863 6.06981666502778 56.0 
225.0 303.0 2.9282240114379863 6.06981666502778 56.0 
225.0 304.0 2.9282240114379863 6.06981666502778 56.0 
225.0 305.0 2.9282240114379863 6.06981666502778 56.0 
225.0 306.0 2.9282240114379863 6.06981666502778 56.0 
226.0 301.0 2.9282240114379863 6.06981666502778 56.0 
226.0 302.0 2.9282240114379863 6.06981666502778 56.0 
226.0 303.0 2.9282240114379863 6.06981666502778 56.0 
226.0 304.0 2.9282240114379863 6.06981666502778 56.0 
226.0 305.0 2.9282240114379863 6.06981666502778 56.0 
226.0 306.0 2.9282240114379863 6.06981666502778 56.0 
227.0 300.0 2.9282240114379863 6.06981666502778 56.0 
227.0 301.0 2.9282240114379863 6.06981666502778 56.0 
227.0 302.0 2.9282240114379863 6.06981666502778 56.0 
227.0 303.0 2.9282240114379863 6.06981666502778 56.0 
227.0 304.0 2.9282240114379863 6.06981666502778 56.0 
227.0 305.0 2.9282240114379863 6.06981666502778 56.0 
227.0 306.0 2.9282240114379863 6.06981666502778 56.0 
228.0 300.0 2.9282240114379863 6.06981666502778 56.0 
228.0 301.0 2.9282240114379863 6.06981666502778 56.0 
228.0 302.0 2.9282240114379863 6.06981666502778 56.0 
228.0 303.0 2.9282240114379863 6.06981666502778 56.0 
228.0 304.0 2.9282240114379863 6.06981666502778 56.0 
228.0 305.0 2.9282240114379863 6.06981666502778 56.0 
229.0 300.0 2.9282240114379863 6.06981666502778 56.0 
229.0 301.0 2.9282240114379863 6.06981666502778 56.0 
229.0 302.0 2.9282240114379863 6.06981666502778 56.0 
229.0 303.0 2.9282240114379863 6.06981666502778 56.0 
229.0 304.0 2.9282240114379863 6.06981666502778 56.0 
229.0 305.0 2.9282240114379863 6.06981666502778 56.0 
230.0 300.0 2.9282240114379863 6.06981666502778 56.0 
230.0 301.0 2.9282240114379863 6.06981666502778 56.0 
230.0 302.0 2.9282240114379863 6.06981666502778 56.0 
230.0 303.0 2.9282240114379863 6.06981666502778 56.0 
230.0 304.0 2.9282240114379863 6.06981666502778 56.0 
230.0 305.0 2.9282240114379863 6.06981666502778 56.0 
231.0 300.0 2.9282240114379863 6.06981666502778 56.0 
231.0 301.0 2.9282240114379863 6.06981666502778 56.0 
231.0 302.0 2.9282240114379863 6.06981666502778 56.0 
231.0 303.0 2.9282240114379863 6.06981666502778 56.0 
231.0 304.0 2.9282240114379863 6.06981666502778 56.0 
231.0 305.0 2.9282240114379863 6.06981666502778 56.0 
232.0 299.0 2.9282240114379863 6.06981666502778 56.0 
232.0 300.0 2.9282240114379863 6.06981666502778 56.0 
232.0 301.0 2.9282240114379863 6.06981666502778 56.0 
232.0 302.0 2.9282240114379863 6.06981666502778 56.0 
232.0 303.0 2.9282240114379863 6.06981666502778 56.0 
232.0 304.0 2.9282240114379863 6.06981666502778 56.0 
233.0 299.0 2.9282240114379863 6.06981666502778 56.0 
233.0 300.0 2.9282240114379863 6.06981666502778 56.0 
233.0 301.0 2.9282240114379863 6.06981666502778 56.0 
233.0 302.0 2.9282240114379863 6.06981666502778 56.0 
233.0 303.0 2.9282240114379863 6.06981666502778 56.0 
233.0 304.0 2.9282240114379863 6.06981666502778 56.0 
234.0 299.0 2.9282240114379863 6.06981666502778 56.0 
234.0 300.0 2.9282240114379863 6.06981666502778 56.0 
234.0 301.0 2.9282240114379863 6.06981666502778 56.0 
234.0 302.0 2.9282240114379863 6.06981666502778 56.0 
234.0 303.0 2.9282240114379863 6.06981666502778 56.0 
234.0 304.0 2.9282240114379863 6.06981666502778 56.0 
235.0 299.0 2.9282240114379863 6.06981666502778 56.0 
235.0 300.0 2.9282240114379863 6.06981666502778 56.0 
235.0 301.0 2.9282240114379863 6.06981666502778 56.0 
235.0 302.0 2.9282240114379863 6.06981666502778 56.0 
235.0 303.0 2.9282240114379863 6.06981666502778 56.0 
235.0 304.0 2.9282240114379863 6.06981666502778 56.0 
236.0 298.0 2.9282240114379863 6.06981666502778 56.0 
236.0 299.0 2.9282240114379863 6.06981666502778 56.0 
236.0 300.0 2.9282240114379863 6.06981666502778 56.0 
236.0 301.0 2.9282240114379863 6.06981666502778 56.0 
236.0 302.0 2.9282240114379863 6.06981666502778 56.0 
236.0 303.0 2.9282240114379863 6.06981666502778 56.0 
236.0 304.0 2.9282240114379863 6.06981666502778 56.0 
237.0 298.0 2.9282240114379863 6.06981666502778 56.0 
237.0 299.0 2.9282240114379863 6.06981666502778 56.0 
237.0 300.0 2.9282240114379863 6.06981666502778 56.0 
237.0 301.0 2.9282240114379863 6.06981666502778 56.0 
237.0 302.0 2.9282240114379863 6.06981666502778 56.0 
237.0 303.0 2.9282240114379863 6.06981666502778 56.0 
238.0 298.0 2.9282240114379863 6.06981666502778 56.0 
238.0 299.0 2.9282240114379863 6.06981666502778 56.0 
238.0 300.0 2.9282240114379863 6.06981666502778 56.0 
238.0 301.0 2.9282240114379863 6.06981666502778 56.0 
238.0 302.0 2.9282240114379863 6.06981666502778 56.0 
238.0 303.0 2.9282240114379863 6.06981666502778 56.0 
239.0 298.0 2.9282240114379863 6.06981666502778 56.0 
239.0 299.0 2.9282240114379863 6.06981666502778 56.0 
239.0 300.0 2.9282240114379863 6.06981666502778 56.0 
239.0 301.0 2.9282240114379863 6.06981666502778 56.0 
239.0 302.0 2.9282240114379863 6.06981666502778 56.0 
239.0 303.0 2.9282240114379863 6.06981666502778 56.0 
240.0 298.0 2.9282240114379863 6.06981666502778 56.0 
240.0 299.0 2.9282240114379863 6.06981666502778 56.0 
240.0 300.0 2.9282240114379863 6.06981666502778 56.0 
240.0 301.0 2.9282240114379863 6.06981666502778 56.0 
240.0 302.0 2.9282240114379863 6.06981666502778 56.0 
240.0 303.0 2.9282240114379863 6.06981666502778 56.0 
241.0 297.0 2.9282240114379863 6.06981666502778 56.0 
241.0 298.0 2.9282240114379863 6.06981666502778 56.0 
241.0 299.0 2.9282240114379863 6.06981666502778 56.0 
241.0 300.0 2.9282240114379863 6.06981666502778 56.0 
241.0 301.0 2.9282240114379863 6.06981666502778 56.0 
241.0 302.0 2.9282240114379863 6.06981666502778 56.0 
241.0 303.0 2.9282240114379863 6.06981666502778 56.0 
242.0 297.0 2.9282240114379863 6.06981666502778 56.0 
242.0 298.0 2.9282240114379863 6.06981666502778 56.0 
242.0 299.0 2.9282240114379863 6.06981666502778 56.0 
242.0 300.0 2.9282240114379863 6.06981666502778 56.0 
242.0 301.0 2.9282240114379863 6.06981666502778 56.0 
242.0 302.0 2.9282240114379863 6.06981666502778 56.0 
243.0 297.0 2.9282240114379863 6.06981666502778 56.0 
243.0 298.0 2.9282240114379863 6.06981666502778 56.0 
243.0 299.0 2.9282240114379863 6.06981666502778 56.0 
243.0 300.0 2.9282240114379863 6.06981666502778 56.0 
243.0 301.0 2.9282240114379863 6.06981666502778 56.0 
243.0 302.0 2.9282240114379863 6.06981666502778 56.0 
244.0 297.0 2.9282240114379863 6.06981666502778 56.0 
244.0 298.0 2.9282240114379863 6.06981666502778 56.0 
244.0 299.0 2.9282240114379863 6.06981666502778 56.0 
244.0 300.0 2.9282240114379863 6.06981666502778 56.0 
244.0 301.0 2.9282240114379863 6.06981666502778 56.0 
244.0 302.0 2.9282240114379863 6.06981666502778 56.0 
245.0 296.0 2.9282240114379863 6.06981666502778 56.0 
245.0 297.0 2.9282240114379863 6.06981666502778 56.0 
245.0 298.0 2.9282240114379863 6.06981666502778 56.0 
245.0 299.0 2.9282240114379863 6.06981666502778 56.0 
245.0 300.0 2.9282240114379863 6.06981666502778 56.0 
245.0 301.0 2.9282240114379863 6.06981666502778 56.0 
245.0 302.0 2.9282240114379863 6.06981666502778 56.0 
246.0 296.0 2.9282240114379863 6.06981666502778 56.0 
246.0 297.0 2.9282240114379863 6.06981666502778 56.0 
246.0 298.0 2.9282240114379863 6.06981666502778 56.0 
246.0 299.0 2.9282240114379863 6.06981666502778 56.0 
246.0 300.0 2.9282240114379863 6.06981666502778 56.0 
246.0 301.0 2.9282240114379863 6.06981666502778 56.0 
247.0 296.0 2.9282240114379863 6.06981666502778 56.0 
247.0 297.0 2.9282240114379863 6.06981666502778 56.0 
247.0 298.0 2.9282240114379863 6.06981666502778 56.0 
247.0 299.0 2.9282240114379863 6.06981666502778 56.0 
247.0 300.0 2.9282240114379863 6.06981666502778 56.0 
247.0 301.0 2.9282240114379863 6.06981666502778 56.0 
248.0 296.0 2.9282240114379863 6.06981666502778 56.0 
248.0 297.0 2.9282240114379863 6.06981666502778 56.0 
248.0 298.0 2.9282240114379863 6.06981666502778 56.0 
248.0 299.0 2.9282240114379863 6.06981666502778 56.0 
248.0 300.0 2.9282240114379863 6.06981666502778 56.0 
248.0 301.0 2.9282240114379863 6.06981666502778 56.0 
249.0 296.0 2.9282240114379863 6.06981666502778 56.0 
249.0 297.0 2.9282240114379863 6.06981666502778 56.0 
249.0 298.0 2.9282240114379863 6.06981666502778 56.0 
249.0 299.0 2.9282240114379863 6.06981666502778 56.0 
249.0 300.0 2.9282240114379863 6.06981666502778 56.0 
249.0 301.0 2.9282240114379863 6.06981666502778 56.0 
250.0 295.0 2.9282240114379863 6.06981666502778 56.0 
250.0 296.0 2.9282240114379863 6.06981666502778 56.0 
250.0 297.0 2.9282240114379863 6.06981666502778 56.0 
250.0 298.0 2.9282240114379863 6.06981666502778 56.0 
250.0 299.0 2.9282240114379863 6.06981666502778 56.0 
250.0 300.0 2.9282240114379863 6.06981666502778 56.0 
250.0 301.0 2.9282240114379863 6.06981666502778 56.0 
251.0 295.0 2.9282240114379863 6.06981666502778 56.0 
251.0 296.0 2.9282240114379863 6.06981666502778 56.0 
251.0 297.0 2.9282240114379863 6.06981666502778 56.0 
251.0 298.0 2.9282240114379863 6.06981666502778 56.0 
251.0 299.0 2.9282240114379863 6.06981666502778 56.0 
251.0 300.0 2.9282240114379863 6.06981666502778 56.0 
252.0 295.0 2.9282240114379863 6.06981666502778 56.0 
252.0 296.0 2.9282240114379863 6.06981666502778 56.0 
252.0 297.0 2.9282240114379863 6.06981666502778 56.0 
252.0 298.0 2.9282240114379863 6.06981666502778 56.0 
252.0 299.0 2.9282240114379863 6.06981666502778 56.0 
252.0 300.0 2.9282240114379863 6.06981666502778 56.0 
253.0 295.0 2.9282240114379863 6.06981666502778 56.0 
253.0 296.0 2.9282240114379863 6.06981666502778 56.0 
253.0 297.0 2.9282240114379863 6.06981666502778 56.0 
253.0 298.0 2.9282240114379863 6.06981666502778 56.0 
253.0 299.0 2.9282240114379863 6.06981666502778 56.0 
253.0 300.0 2.9282240114379863 6.06981666502778 56.0 
254.0 295.0 2.9282240114379863 6.06981666502778 56.0 
254.0 296.0 2.9282240114379863 6.06981666502778 56.0 
254.0 297.0 2.9282240114379863 6.06981666502778 56.0 
254.0 298.0 2.9282240114379863 6.06981666502778 56.0 
254.0 299.0 2.9282240114379863 6.06981666502778 56.0 
254.0 300.0 2.9282240114379863 6.06981666502778 56.0 
255.0 294.0 2.9282240114379863 6.06981666502778 56.0 
255.0 295.0 2.9282240114379863 6.06981666502778 56.0 
255.0 296.0 2.9282240114379863 6.06981666502778 56.0 
255.0 297.0 2.9282240114379863 6.06981666502778 56.0 
255.0 298.0 2.9282240114379863 6.06981666502778 56.0 
255.0 299.0 2.9282240114379863 6.06981666502778 56.0 
256.0 294.0 2.9282240114379863 6.06981666502778 56.0 
256.0 295.0 2.9282240114379863 6.06981666502778 56.0 
256.0 296.0 2.9282240114379863 6.06981666502778 56.0 
256.0 297.0 2.9282240114379863 6.06981666502778 56.0 
256.0 298.0 2.9282240114379863 6.06981666502778 56.0 
256.0 299.0 2.9282240114379863 6.06981666502778 56.0 
257.0 294.0 2.9282240114379863 6.06981666502778 56.0 
257.0 295.0 2.9282240114379863 6.06981666502778 56.0 
257.0 296.0 2.9282240114379863 6.06981666502778 56.0 
257.0 297.0 2.9282240114379863 6.06981666502778 56.0 
257.0 298.0 2.9282240114379863 6.06981666502778 56.0 
257.0 299.0 2.9282240114379863 6.06981666502778 56.0 
258.0 294.0 2.9282240114379863 6.06981666502778 56.0 
258.0 295.0 2.9282240114379863 6.06981666502778 56.0 
258.0 296.0 2.9282240114379863 6.06981666502778 56.0 
258.0 297.0 2.9282240114379863 6.06981666502778 56.0 
258.0 298.0 2.9282240114379863 6.06981666502778 56.0 
258.0 299.0 2.9282240114379863 6.06981666502778 56.0 
259.0 293.0 2.9282240114379863 6.06981666502778 56.0 
259.0 294.0 2.9282240114379863 6.06981666502778 56.0 
259.0 295.0 2.9282240114379863 6.06981666502778 56.0 
259.0 296.0 2.9282240114379863 6.06981666502778 56.0 
259.0 297.0 2.9282240114379863 6.06981666502778 56.0 
259.0 298.0 2.9282240114379863 6.06981666502778 56.0 
259.0 299.0 2.9282240114379863 6.06981666502778 56.0 
260.0 293.0 2.9282240114379863 6.06981666502778 56.0 
260.0 294.0 2.9282240114379863 6.06981666502778 56.0 
260.0 295.0 2.9282240114379863 6.06981666502778 56.0 
260.0 296.0 2.9282240114379863 6.06981666502778 56.0 
260.0 297.0 2.9282240114379863 6.06981666502778 56.0 
260.0 298.0 2.9282240114379863 6.06981666502778 56.0 
261.0 293.0 2.9282240114379863 6.06981666502778 56.0 
261.0 294.0 2.9282240114379863 6.06981666502778 56.0 
261.0 295.0 2.9282240114379863 6.06981666502778 56.0 
261.0 296.0 2.9282240114379863 6.06981666502778 56.0 
261.0 297.0 2.9282240114379863 6.06981666502778 56.0 
261.0 298.0 2.9282240114379863 6.06981666502778 56.0 
262.0 293.0 2.9282240114379863 6.06981666502778 56.0 
262.0 294.0 2.9282240114379863 6.06981666502778 56.0 
262.0 295.0 2.9282240114379863 6.06981666502778 56.0 
262.0 296.0 2.9282240114379863 6.06981666502778 56.0 
262.0 297.0 2.9282240114379863 6.06981666502778 56.0 
262.0 298.0 2.9282240114379863 6.06981666502778 56.0 
263.0 293.0 2.9282240114379863 6.06981666502778 56.0 
263.0 294.0 2.9282240114379863 6.06981666502778 56.0 
263.0 295.0 2.9282240114379863 6.06981666502778 56.0 
263.0 296.0 2.9282240114379863 6.06981666502778 56.0 
263.0 297.0 2.9282240114379863 6.06981666502778 56.0 
263.0 298.0 2.9282240114379863 6.06981666502778 56.0 
264.0 292.0 2.9282240114379863 6.06981666502778 56.0 
264.0 293.0 2.9282240114379863 6.06981666502778 56.0 
264.0 294.0 2.9282240114379863 6.06981666502778 56.0 
264.0 295.0 2.9282240114379863 6.06981666502778 56.0 
264.0 296.0 2.9282240114379863 6.06981666502778 56.0 
264.0 297.0 2.9282240114379863 6.06981666502778 56.0 
264.0 298.0 2.9282240114379863 6.06981666502778 56.0 
265.0 292.0 2.9282240114379863 6.06981666502778 56.0 
265.0 293.0 2.9282240114379863 6.06981666502778 56.0 
265.0 294.0 2.9282240114379863 6.06981666502778 56.0 
265.0 295.0 2.9282240114379863 6.06981666502778 56.0 
265.0 296.0 2.9282240114379863 6.06981666502778 56.0 
265.0 297.0 2.9282240114379863 6.06981666502778 56.0 
266.0 292.0 2.9282240114379863 6.06981666502778 56.0 
266.0 293.0 2.9282240114379863 6.06981666502778 56.0 
266.0 294.0 2.9282240114379863 6.06981666502778 56.0 
266.0 295.0 2.9282240114379863 6.06981666502778 56.0 
266.0 296.0 2.9282240114379863 6.06981666502778 56.0 
266.0 297.0 2.9282240114379863 6.06981666502778 56.0 
267.0 292.0 2.9282240114379863 6.06981666502778 56.0 
267.0 293.0 2.9282240114379863 6.06981666502778 56.0 
267.0 294.0 2.9282240114379863 6.06981666502778 56.0 
267.0 295.0 2.9282240114379863 6.06981666502778 56.0 
267.0 296.0 2.9282240114379863 6.06981666502778 56.0 
267.0 297.0 2.9282240114379863 6.06981666502778 56.0 
268.0 292.0 2.9282240114379863 6.06981666502778 56.0 
268.0 293.0 2.9282240114379863 6.06981666502778 56.0 
268.0 294.0 2.9282240114379863 6.06981666502778 56.0 
268.0 295.0 2.9282240114379863 6.06981666502778 56.0 
268.0 296.0 2.9282240114379863 6.06981666502778 56.0 
268.0 297.0 2.9282240114379863 6.06981666502778 56.0 
269.0 291.0 2.9282240114379863 6.06981666502778 56.0 
269.0 292.0 2.9282240114379863 6.06981666502778 56.0 
269.0 293.0 2.9282240114379863 6.06981666502778 56.0 
269.0 294.0 2.9282240114379863 6.06981666502778 56.0 
269.0 295.0 2.9282240114379863 6.06981666502778 56.0 
269.0 296.0 2.9282240114379863 6.06981666502778 56.0 
270.0 291.0 2.9282240114379863 6.06981666502778 56.0 
270.0 292.0 2.9282240114379863 6.06981666502778 56.0 
270.0 293.0 2.9282240114379863 6.06981666502778 56.0 
270.0 294.0 2.9282240114379863 6.06981666502778 56.0 
270.0 295.0 2.9282240114379863 6.06981666502778 56.0 
270.0 296.0 2.9282240114379863 6.06981666502778 56.0 
271.0 291.0 2.9282240114379863 6.06981666502778 56.0 
271.0 292.0 2.9282240114379863 6.06981666502778 56.0 
271.0 293.0 2.9282240114379863 6.06981666502778 56.0 
271.0 294.0 2.9282240114379863 6.06981666502778 56.0 
271.0 295.0 2.9282240114379863 6.06981666502778 56.0 
271.0 296.0 2.9282240114379863 6.06981666502778 56.0 
272.0 291.0 2.9282240114379863 6.06981666502778 56.0 
272.0 292.0 2.9282240114379863 6.06981666502778 56.0 
272.0 293.0 2.9282240114379863 6.06981666502778 56.0 
272.0 294.0 2.9282240114379863 6.06981666502778 56.0 
272.0 295.0 2.9282240114379863 6.06981666502778 56.0 
272.0 296.0 2.9282240114379863 6.06981666502778 56.0 
273.0 290.0 2.9282240114379863 6.06981666502778 56.0 
273.0 291.0 2.9282240114379863 6.06981666502778 56.0 
273.0 292.0 2.9282240114379863 6.06981666502778 56.0 
273.0 293.0 2.9282240114379863 6.06981666502778 56.0 
273.0 294.0 2.9282240114379863 6.06981666502778 56.0 
273.0 295.0 2.9282240114379863 6.06981666502778 56.0 
273.0 296.0 2.9282240114379863 6.06981666502778 56.0 
274.0 290.0 2.9282240114379863 6.06981666502778 56.0 
274.0 291.0 2.9282240114379863 6.06981666502778 56.0 
274.0 292.0 2.9282240114379863 6.06981666502778 56.0 
274.0 293.0 2.9282240114379863 6.06981666502778 56.0 
274.0 294.0 2.9282240114379863 6.06981666502778 56.0 
274.0 295.0 2.9282240114379863 6.06981666502778 56.0 
275.0 290.0 2.9282240114379863 6.06981666502778 56.0 
275.0 291.0 2.9282240114379863 6.06981666502778 56.0 
275.0 292.0 2.9282240114379863 6.06981666502778 56.0 
275.0 293.0 2.9282240114379863 6.06981666502778 56.0 
275.0 294.0 2.9282240114379863 6.06981666502778 56.0 
275.0 295.0 2.9282240114379863 6.06981666502778 56.0 
276.0 290.0 2.9282240114379863 6.06981666502778 56.0 
276.0 291.0 2.9282240114379863 6.06981666502778 56.0 
276.0 292.0 2.9282240114379863 6.06981666502778 56.0 
276.0 293.0 2.9282240114379863 6.06981666502778 56.0 
276.0 294.0 2.9282240114379863 6.06981666502778 56.0 
276.0 295.0 2.9282240114379863 6.06981666502778 56.0 
277.0 290.0 2.9282240114379863 6.06981666502778 56.0 
277.0 291.0 2.9282240114379863 6.06981666502778 56.0 
277.0 292.0 2.9282240114379863 6.06981666502778 56.0 
277.0 293.0 2.9282240114379863 6.06981666502778 56.0 
277.0 294.0 2.9282240114379863 6.06981666502778 56.0 
277.0 295.0 2.9282240114379863 6.06981666502778 56.0 
278.0 289.0 2.9282240114379863 6.06981666502778 56.0 
278.0 290.0 2.9282240114379863 6.06981666502778 56.0 
278.0 291.0 2.9282240114379863 6.06981666502778 56.0 
278.0 292.0 2.9282240114379863 6.06981666502778 56.0 
278.0 293.0 2.9282240114379863 6.06981666502778 56.0 
278.0 294.0 2.9282240114379863 6.06981666502778 56.0 
279.0 289.0 2.9282240114379863 6.06981666502778 56.0 
279.0 290.0 2.9282240114379863 6.06981666502778 56.0 
279.0 291.0 2.9282240114379863 6.06981666502778 56.0 
279.0 292.0 2.9282240114379863 6.06981666502778 56.0 
279.0 293.0 2.9282240114379863 6.06981666502778 56.0 
279.0 294.0 2.9282240114379863 6.06981666502778 56.0 
280.0 289.0 2.9282240114379863 6.06981666502778 56.0 
280.0 290.0 2.9282240114379863 6.06981666502778 56.0 
280.0 291.0 2.9282240114379863 6.06981666502778 56.0 
280.0 292.0 2.9282240114379863 6.06981666502778 56.0 
280.0 293.0 2.9282240114379863 6.06981666502778 56.0 
280.0 294.0 2.9282240114379863 6.06981666502778 56.0 
281.0 289.0 2.9282240114379863 6.06981666502778 56.0 
281.0 290.0 2.9282240114379863 6.06981666502778 56.0 
281.0 291.0 2.9282240114379863 6.06981666502778 56.0 
281.0 292.0 2.9282240114379863 6.06981666502778 56.0 
281.0 293.0 2.9282240114379863 6.06981666502778 56.0 
281.0 294.0 2.9282240114379863 6.06981666502778 56.0 
282.0 288.0 2.9282240114379863 6.06981666502778 56.0 
282.0 289.0 2.9282240114379863 6.06981666502778 56.0 
282.0 290.0 2.9282240114379863 6.06981666502778 56.0 
282.0 291.0 2.9282240114379863 6.06981666502778 56.0 
282.0 292.0 2.9282240114379863 6.06981666502778 56.0 
282.0 293.0 2.9282240114379863 6.06981666502778 56.0 
282.0 294.0 2.9282240114379863 6.06981666502778 56.0 
283.0 288.0 2.9282240114379863 6.06981666502778 56.0 
283.0 289.0 2.9282240114379863 6.06981666502778 56.0 
283.0 290.0 2.9282240114379863 6.06981666502778 56.0 
283.0 291.0 2.9282240114379863 6.06981666502778 56.0 
283.0 292.0 2.9282240114379863 6.06981666502778 56.0 
283.0 293.0 2.9282240114379863 6.06981666502778 56.0 
284.0 288.0 2.9282240114379863 6.06981666502778 56.0 
284.0 289.0 2.9282240114379863 6.06981666502778 56.0 
284.0 290.0 2.9282240114379863 6.06981666502778 56.0 
284.0 291.0 2.9282240114379863 6.06981666502778 56.0 
284.0 292.0 2.9282240114379863 6.06981666502778 56.0 
284.0 293.0 2.9282240114379863 6.06981666502778 56.0 
285.0 288.0 2.9282240114379863 6.06981666502778 56.0 
285.0 289.0 2.9282240114379863 6.06981666502778 56.0 
285.0 290.0 2.9282240114379863 6.06981666502778 56.0 
285.0 291.0 2.9282240114379863 6.06981666502778 56.0 
285.0 292.0 2.9282240114379863 6.06981666502778 56.0 
285.0 293.0 2.9282240114379863 6.06981666502778 56.0 
286.0 288.0 2.9282240114379863 6.06981666502778 56.0 
286.0 289.0 2.9282240114379863 6.06981666502778 56.0 
286.0 290.0 2.9282240114379863 6.06981666502778 56.0 
286.0 291.0 2.9282240114379863 6.06981666502778 56.0 
286.0 292.0 2.9282240114379863 6.06981666502778 56.0 
286.0 293.0 2.9282240114379863 6.06981666502778 56.0 
287.0 287.0 2.9282240114379863 6.06981666502778 56.0 
287.0 288.0 2.9282240114379863 6.06981666502778 56.0 
287.0 289.0 2.9282240114379863 6.06981666502778 56.0 
287.0 290.0 2.9282240114379863 6.06981666502778 56.0 
287.0 291.0 2.9282240114379863 6.06981666502778 56.0 
287.0 292.0 2.9282240114379863 6.06981666502778 56.0 
287.0 293.0 2.9282240114379863 6.06981666502778 56.0 
288.0 287.0 2.9282240114379863 6.06981666502778 56.0 
288.0 288.0 2.9282240114379863 6.06981666502778 56.0 
288.0 289.0 2.9282240114379863 6.06981666502778 56.0 
288.0 290.0 2.9282240114379863 6.06981666502778 56.0 
288.0 291.0 2.9282240114379863 6.06981666502778 56.0 
288.0 292.0 2.9282240114379863 6.06981666502778 56.0 
289.0 287.0 2.9282240114379863 6.06981666502778 56.0 
289.0 288.0 2.9282240114379863 6.06981666502778 56.0 
289.0 289.0 2.9282240114379863 6.06981666502778 56.0 
289.0 290.0 2.9282240114379863 6.06981666502778 56.0 
289.0 291.0 2.9282240114379863 6.06981666502778 56.0 
289.0 292.0 2.9282240114379863 6.06981666502778 56.0 
290.0 287.0 2.9282240114379863 6.06981666502778 56.0 
290.0 288.0 2.9282240114379863 6.06981666502778 56.0 
290.0 289.0 2.9282240114379863 6.06981666502778 56.0 
290.0 290.0 2.9282240114379863 6.06981666502778 56.0 
290.0 291.0 2.9282240114379863 6.06981666502778 56.0 
290.0 292.0 2.9282240114379863 6.06981666502778 56.0 
291.0 287.0 2.9282240114379863 6.06981666502778 56.0 
291.0 288.0 2.9282240114379863 6.06981666502778 56.0 
291.0 289.0 2.9282240114379863 6.06981666502778 56.0 
291.0 290.0 2.9282240114379863 6.06981666502778 56.0 
291.0 291.0 2.9282240114379863 6.06981666502778 56.0 
291.0 292.0 2.9282240114379863 6.06981666502778 56.0 
292.0 286.0 2.9282240114379863 6.06981666502778 56.0 
292.0 287.0 2.9282240114379863 6.06981666502778 56.0 
292.0 288.0 2.9282240114379863 6.06981666502778 56.0 
292.0 289.0 2.9282240114379863 6.06981666502778 56.0 
292.0 290.0 2.9282240114379863 6.06981666502778 56.0 
292.0 291.0 2.9282240114379863 6.06981666502778 56.0 
293.0 286.0 2.9282240114379863 6.06981666502778 56.0 
293.0 287.0 2.9282240114379863 6.06981666502778 56.0 
293.0 288.0 2.9282240114379863 6.06981666502778 56.0 
293.0 289.0 2.9282240114379863 6.06981666502778 56.0 
293.0 290.0 2.9282240114379863 6.06981666502778 56.0 
293.0 291.0 2.9282240114379863 6.06981666502778 56.0 
294.0 286.0 2.9282240114379863 6.06981666502778 56.0 
294.0 287.0 2.9282240114379863 6.06981666502778 56.0 
294.0 288.0 2.9282240114379863 6.06981666502778 56.0 
294.0 289.0 2.9282240114379863 6.06981666502778 56.0 
294.0 290.0 2.9282240114379863 6.06981666502778 56.0 
294.0 291.0 2.9282240114379863 6.06981666502778 56.0 
295.0 286.0 2.9282240114379863 6.06981666502778 56.0 
295.0 287.0 2.9282240114379863 6.06981666502778 56.0 
295.0 288.0 2.9282240114379863 6.06981666502778 56.0 
295.0 289.0 2.9282240114379863 6.06981666502778 56.0 
295.0 290.0 2.9282240114379863 6.06981666502778 56.0 
295.0 291.0 2.9282240114379863 6.06981666502778 56.0 
296.0 285.0 2.9282240114379863 6.06981666502778 56.0 
296.0 286.0 2.9282240114379863 6.06981666502778 56.0 
296.0 287.0 2.9282240114379863 6.06981666502778 56.0 
296.0 288.0 2.9282240114379863 6.06981666502778 56.0 
296.0 289.0 2.9282240114379863 6.06981666502778 56.0 
296.0 290.0 2.9282240114379863 6.06981666502778 56.0 
296.0 291.0 2.9282240114379863 6.06981666502778 56.0 
297.0 285.0 2.9282240114379863 6.06981666502778 56.0 
297.0 286.0 2.9282240114379863 6.06981666502778 56.0 
297.0 287.0 2.9282240114379863 6.06981666502778 56.0 
297.0 288.0 2.9282240114379863 6.06981666502778 56.0 
297.0 289.0 2.9282240114379863 6.06981666502778 56.0 
297.0 290.0 2.9282240114379863 6.06981666502778 56.0 
298.0 285.0 2.9282240114379863 6.06981666502778 56.0 
298.0 286.0 2.9282240114379863 6.06981666502778 56.0 
298.0 287.0 2.9282240114379863 6.06981666502778 56.0 
298.0 288.0 2.9282240114379863 6.06981666502778 56.0 
298.0 289.0 2.9282240114379863 6.06981666502778 56.0 
298.0 290.0 2.9282240114379863 6.06981666502778 56.0 
299.0 285.0 2.9282240114379863 6.06981666502778 56.0 
299.0 286.0 2.9282240114379863 6.06981666502778 56.0 
299.0 287.0 2.9282240114379863 6.06981666502778 56.0 
299.0 288.0 2.9282240114379863 6.06981666502778 56.0 
299.0 289.0 2.9282240114379863 6.06981666502778 56.0 
299.0 290.0 2.9282240114379863 6.06981666502778 56.0 
300.0 285.0 2.9282240114379863 6.06981666502778 56.0 
300.0 286.0 2.9282240114379863 6.06981666502778 56.0 
300.0 287.0 2.9282240114379863 6.06981666502778 56.0 
300.0 288.0 2.9282240114379863 6.06981666502778 56.0 
300.0 289.0 2.9282240114379863 6.06981666502778 56.0 
300.0 290.0 2.9282240114379863 6.06981666502778 56.0 
301.0 284.0 2.9282240114379863 6.06981666502778 56.0 
301.0 285.0 2.9282240114379863 6.06981666502778 56.0 
301.0 286.0 2.9282240114379863 6.06981666502778 56.0 
301.0 287.0 2.9282240114379863 6.06981666502778 56.0 
301.0 288.0 2.9282240114379863 6.06981666502778 56.0 
301.0 289.0 2.9282240114379863 6.06981666502778 56.0 
301.0 290.0 2.9282240114379863 6.06981666502778 56.0 
302.0 284.0 2.9282240114379863 6.06981666502778 56.0 
302.0 285.0 2.9282240114379863 6.06981666502778 56.0 
302.0 286.0 2.9282240114379863 6.06981666502778 56.0 
302.0 287.0 2.9282240114379863 6.06981666502778 56.0 
302.0 288.0 2.9282240114379863 6.06981666502778 56.0 
302.0 289.0 2.9282240114379863 6.06981666502778 56.0 
303.0 284.0 2.9282240114379863 6.06981666502778 56.0 
303.0 285.0 2.9282240114379863 6.06981666502778 56.0 
303.0 286.0 2.9282240114379863 6.06981666502778 56.0 
303.0 287.0 2.9282240114379863 6.06981666502778 56.0 
303.0 288.0 2.9282240114379863 6.06981666502778 56.0 
303.0 289.0 2.9282240114379863 6.06981666502778 56.0 
304.0 284.0 2.9282240114379863 6.06981666502778 56.0 
304.0 285.0 2.9282240114379863 6.06981666502778 56.0 
304.0 286.0 2.9282240114379863 6.06981666502778 56.0 
304.0 287.0 2.9282240114379863 6.06981666502778 56.0 
304.0 288.0 2.9282240114379863 6.06981666502778 56.0 
304.0 289.0 2.9282240114379863 6.06981666502778 56.0 
305.0 283.0 2.9282240114379863 6.06981666502778 56.0 
305.0 284.0 2.9282240114379863 6.06981666502778 56.0 
305.0 285.0 2.9282240114379863 6.06981666502778 56.0 
305.0 286.0 2.9282240114379863 6.06981666502778 56.0 
305.0 287.0 2.9282240114379863 6.06981666502778 56.0 
305.0 288.0 2.9282240114379863 6.06981666502778 56.0 
305.0 289.0 2.9282240114379863 6.06981666502778 56.0 
306.0 283.0 2.9282240114379863 6.06981666502778 56.0 
306.0 284.0 2.9282240114379863 6.06981666502778 56.0 
306.0 285.0 2.9282240114379863 6.06981666502778 56.0 
306.0 286.0 2.9282240114379863 6.06981666502778 56.0 
306.0 287.0 2.9282240114379863 6.06981666502778 56.0 
306.0 288.0 2.9282240114379863 6.06981666502778 56.0 
307.0 283.0 2.9282240114379863 6.06981666502778 56.0 
307.0 284.0 2.9282240114379863 6.06981666502778 56.0 
307.0 285.0 2.9282240114379863 6.06981666502778 56.0 
307.0 286.0 2.9282240114379863 6.06981666502778 56.0 
307.0 287.0 2.9282240114379863 6.06981666502778 56.0 
307.0 288.0 2.9282240114379863 6.06981666502778 56.0 
308.0 283.0 2.9282240114379863 6.06981666502778 56.0 
308.0 284.0 2.9282240114379863 6.06981666502778 56.0 
308.0 285.0 2.9282240114379863 6.06981666502778 56.0 
308.0 286.0 2.9282240114379863 6.06981666502778 56.0 
308.0 287.0 2.9282240114379863 6.06981666502778 56.0 
308.0 288.0 2.9282240114379863 6.06981666502778 56.0 
309.0 283.0 2.9282240114379863 6.06981666502778 56.0 
309.0 284.0 2.9282240114379863 6.06981666502778 56.0 
309.0 285.0 2.9282240114379863 6.06981666502778 56.0 
309.0 286.0 2.9282240114379863 6.06981666502778 56.0 
309.0 287.0 2.9282240114379863 6.06981666502778 56.0 
309.0 288.0 2.9282240114379863 6.06981666502778 56.0 
310.0 282.0 2.9282240114379863 6.06981666502778 56.0 
310.0 283.0 2.9282240114379863 6.06981666502778 56.0 
310.0 284.0 2.9282240114379863 6.06981666502778 56.0 
310.0 285.0 2.9282240114379863 6.06981666502778 56.0 
310.0 286.0 2.9282240114379863 6.06981666502778 56.0 
310.0 287.0 2.9282240114379863 6.06981666502778 56.0 
310.0 288.0 2.9282240114379863 6.06981666502778 56.0 
311.0 282.0 2.9282240114379863 6.06981666502778 56.0 
311.0 283.0 2.9282240114379863 6.06981666502778 56.0 
311.0 284.0 2.9282240114379863 6.06981666502778 56.0 
311.0 285.0 2.9282240114379863 6.06981666502778 56.0 
311.0 286.0 2.9282240114379863 6.06981666502778 56.0 
311.0 287.0 2.9282240114379863 6.06981666502778 56.0 
312.0 282.0 2.9282240114379863 6.06981666502778 56.0 
312.0 283.0 2.9282240114379863 6.06981666502778 56.0 
312.0 284.0 2.9282240114379863 6.06981666502778 56.0 
312.0 285.0 2.9282240114379863 6.06981666502778 56.0 
312.0 286.0 2.9282240114379863 6.06981666502778 56.0 
312.0 287.0 2.9282240114379863 6.06981666502778 56.0 
313.0 282.0 2.9282240114379863 6.06981666502778 56.0 
313.0 283.0 2.9282240114379863 6.06981666502778 56.0 
313.0 284.0 2.9282240114379863 6.06981666502778 56.0 
313.0 285.0 2.9282240114379863 6.06981666502778 56.0 
313.0 286.0 2.9282240114379863 6.06981666502778 56.0 
313.0 287.0 2.9282240114379863 6.06981666502778 56.0 
314.0 282.0 2.9282240114379863 6.06981666502778 56.0 
314.0 283.0 2.9282240114379863 6.06981666502778 56.0 
314.0 284.0 2.9282240114379863 6.06981666502778 56.0 
314.0 285.0 2.9282240114379863 6.06981666502778 56.0 
314.0 286.0 2.9282240114379863 6.06981666502778 56.0 
314.0 287.0 2.9282240114379863 6.06981666502778 56.0 
315.0 281.0 2.9282240114379863 6.06981666502778 56.0 
315.0 282.0 2.9282240114379863 6.06981666502778 56.0 
315.0 283.0 2.9282240114379863 6.06981666502778 56.0 
315.0 284.0 2.9282240114379863 6.06981666502778 56.0 
315.0 285.0 2.9282240114379863 6.06981666502778 56.0 
315.0 286.0 2.9282240114379863 6.06981666502778 56.0 
316.0 281.0 2.9282240114379863 6.06981666502778 56.0 
316.0 282.0 2.9282240114379863 6.06981666502778 56.0 
316.0 283.0 2.9282240114379863 6.06981666502778 56.0 
316.0 284.0 2.9282240114379863 6.06981666502778 56.0 
316.0 285.0 2.9282240114379863 6.06981666502778 56.0 
316.0 286.0 2.9282240114379863 6.06981666502778 56.0 
317.0 281.0 2.9282240114379863 6.06981666502778 56.0 
317.0 282.0 2.9282240114379863 6.06981666502778 56.0 
317.0 283.0 2.9282240114379863 6.06981666502778 56.0 
317.0 284.0 2.9282240114379863 6.06981666502778 56.0 
317.0 285.0 2.9282240114379863 6.06981666502778 56.0 
317.0 286.0 2.9282240114379863 6.06981666502778 56.0 
318.0 281.0 2.9282240114379863 6.06981666502778 56.0 
318.0 282.0 2.9282240114379863 6.06981666502778 56.0 
318.0 283.0 2.9282240114379863 6.06981666502778 56.0 
318.0 284.0 2.9282240114379863 6.06981666502778 56.0 
318.0 285.0 2.9282240114379863 6.06981666502778 56.0 
318.0 286.0 2.9282240114379863 6.06981666502778 56.0 
319.0 280.0 2.9282240114379863 6.06981666502778 56.0 
319.0 281.0 2.9282240114379863 6.06981666502778 56.0 
319.0 282.0 2.9282240114379863 6.06981666502778 56.0 
319.0 283.0 2.9282240114379863 6.06981666502778 56.0 
319.0 284.0 2.9282240114379863 6.06981666502778 56.0 
319.0 285.0 2.9282240114379863 6.06981666502778 56.0 
319.0 286.0 2.9282240114379863 6.06981666502778 56.0 
320.0 280.0 2.9282240114379863 6.06981666502778 56.0 
320.0 281.0 2.9282240114379863 6.06981666502778 56.0 
320.0 282.0 2.9282240114379863 6.06981666502778 56.0 
320.0 283.0 2.9282240114379863 6.06981666502778 56.0 
320.0 284.0 2.9282240114379863 6.06981666502778 56.0 
320.0 285.0 2.9282240114379863 6.06981666502778 56.0 
321.0 280.0 2.9282240114379863 6.06981666502778 56.0 
321.0 281.0 2.9282240114379863 6.06981666502778 56.0 
321.0 282.0 2.9282240114379863 6.06981666502778 56.0 
321.0 283.0 2.9282240114379863 6.06981666502778 56.0 
321.0 284.0 2.9282240114379863 6.06981666502778 56.0 
321.0 285.0 2.9282240114379863 6.06981666502778 56.0 
322.0 280.0 2.9282240114379863 6.06981666502778 56.0 
322.0 281.0 2.9282240114379863 6.06981666502778 56.0 
322.0 282.0 2.9282240114379863 6.06981666502778 56.0 
322.0 283.0 2.9282240114379863 6.06981666502778 56.0 
322.0 284.0 2.9282240114379863 6.06981666502778 56.0 
322.0 285.0 2.9282240114379863 6.06981666502778 56.0 
323.0 280.0 2.9282240114379863 6.06981666502778 56.0 
323.0 281.0 2.9282240114379863 6.06981666502778 56.0 
323.0 282.0 2.9282240114379863 6.06981666502778 56.0 
323.0 283.0 2.9282240114379863 6.06981666502778 56.0 
323.0 284.0 2.9282240114379863 6.06981666502778 56.0 
323.0 285.0 2.9282240114379863 6.06981666502778 56.0 
324.0 279.0 2.9282240114379863 6.06981666502778 56.0 
324.0 280.0 2.9282240114379863 6.06981666502778 56.0 
324.0 281.0 2.9282240114379863 6.06981666502778 56.0 
324.0 282.0 2.9282240114379863 6.06981666502778 56.0 
324.0 283.0 2.9282240114379863 6.06981666502778 56.0 
324.0 284.0 2.9282240114379863 6.06981666502778 56.0 
324.0 285.0 2.9282240114379863 6.06981666502778 56.0 
325.0 279.0 2.9282240114379863 6.06981666502778 56.0 
325.0 280.0 2.9282240114379863 6.06981666502778 56.0 
325.0 281.0 2.9282240114379863 6.06981666502778 56.0 
325.0 282.0 2.9282240114379863 6.06981666502778 56.0 
325.0 283.0 2.9282240114379863 6.06981666502778 56.0 
325.0 284.0 2.9282240114379863 6.06981666502778 56.0 
326.0 279.0 2.9282240114379863 6.06981666502778 56.0 
326.0 280.0 2.9282240114379863 6.06981666502778 56.0 
326.0 281.0 2.9282240114379863 6.06981666502778 56.0 
326.0 282.0 2.9282240114379863 6.06981666502778 56.0 
326.0 283.0 2.9282240114379863 6.06981666502778 56.0 
326.0 284.0 2.9282240114379863 6.06981666502778 56.0 
327.0 279.0 2.9282240114379863 6.06981666502778 56.0 
327.0 280.0 2.9282240114379863 6.06981666502778 56.0 
327.0 281.0 2.9282240114379863 6.06981666502778 56.0 
327.0 282.0 2.9282240114379863 6.06981666502778 56.0 
327.0 283.0 2.9282240114379863 6.06981666502778 56.0 
327.0 284.0 2.9282240114379863 6.06981666502778 56.0 
328.0 279.0 2.9282240114379863 6.06981666502778 56.0 
328.0 280.0 2.9282240114379863 6.06981666502778 56.0 
328.0 281.0 2.9282240114379863 6.06981666502778 56.0 
328.0 282.0 2.9282240114379863 6.06981666502778 56.0 
328.0 283.0 2.9282240114379863 6.06981666502778 56.0 
328.0 284.0 2.9282240114379863 6.06981666502778 56.0 
329.0 278.0 2.9282240114379863 6.06981666502778 56.0 
329.0 279.0 2.9282240114379863 6.06981666502778 56.0 
329.0 280.0 2.9282240114379863 6.06981666502778 56.0 
329.0 281.0 2.9282240114379863 6.06981666502778 56.0 
329.0 282.0 2.9282240114379863 6.06981666502778 56.0 
329.0 283.0 2.9282240114379863 6.06981666502778 56.0 
330.0 278.0 2.9282240114379863 6.06981666502778 56.0 
330.0 279.0 2.9282240114379863 6.06981666502778 56.0 
330.0 280.0 2.9282240114379863 6.06981666502778 56.0 
330.0 281.0 2.9282240114379863 6.06981666502778 56.0 
330.0 282.0 2.9282240114379863 6.06981666502778 56.0 
330.0 283.0 2.9282240114379863 6.06981666502778 56.0 
331.0 278.0 2.9282240114379863 6.06981666502778 56.0 
331.0 279.0 2.9282240114379863 6.06981666502778 56.0 
331.0 280.0 2.9282240114379863 6.06981666502778 56.0 
331.0 281.0 2.9282240114379863 6.06981666502778 56.0 
331.0 282.0 2.9282240114379863 6.06981666502778 56.0 
331.0 283.0 2.9282240114379863 6.06981666502778 56.0 
332.0 278.0 2.9282240114379863 6.06981666502778 56.0 
332.0 279.0 2.9282240114379863 6.06981666502778 56.0 
332.0 280.0 2.9282240114379863 6.06981666502778 56.0 
332.0 281.0 2.9282240114379863 6.06981666502778 56.0 
332.0 282.0 2.9282240114379863 6.06981666502778 56.0 
332.0 283.0 2.9282240114379863 6.06981666502778 56.0 
333.0 280.0 2.9282240114379863 6.06981666502778 56.0 
333.0 281.0 2.9282240114379863 6.06981666502778 56.0 
333.0 282.0 2.9282240114379863 6.06981666502778 56.0 
333.0 283.0 2.9282240114379863 6.06981666502778 56.0 
