168.0 272.0 4.5634990327751925 1.4219063791853992 40.0 
168.0 273.0 4.5634990327751925 1.4219063791853992 40.0 
168.0 274.0 4.5634990327751925 1.4219063791853992 40.0 
168.0 275.0 4.5634990327751925 1.4219063791853992 40.0 
168.0 276.0 4.5634990327751925 1.4219063791853992 40.0 
168.0 277.0 4.5634990327751925 1.4219063791853992 40.0 
169.0 272.0 4.5634990327751925 1.4219063791853992 40.0 
169.0 273.0 4.5634990327751925 1.4219063791853992 40.0 
169.0 274.0 4.5634990327751925 1.4219063791853992 40.0 
169.0 275.0 4.5634990327751925 1.4219063791853992 40.0 
169.0 276.0 4.5634990327751925 1.4219063791853992 40.0 
169.0 277.0 4.5634990327751925 1.4219063791853992 40.0 
169.0 278.0 4.5634990327751925 1.4219063791853992 40.0 
169.0 279.0 4.5634990327751925 1.4219063791853992 40.0 
169.0 280.0 4.5634990327751925 1.4219063791853992 40.0 
169.0 281.0 4.5634990327751925 1.4219063791853992 40.0 
169.0 282.0 4.5634990327751925 1.4219063791853992 40.0 
169.0 283.0 4.5634990327751925 1.4219063791853992 40.0 
169.0 284.0 4.5634990327751925 1.4219063791853992 40.0 
170.0 271.0 4.5634990327751925 1.4219063791853992 40.0 
170.0 272.0 4.5634990327751925 1.4219063791853992 40.0 
170.0 273.0 4.5634990327751925 1.4219063791853992 40.0 
170.0 274.0 4.5634990327751925 1.4219063791853992 40.0 
170.0 275.0 4.5634990327751925 1.4219063791853992 40.0 
170.0 276.0 4.5634990327751925 1.4219063791853992 40.0 
170.0 277.0 4.5634990327751925 1.4219063791853992 40.0 
170.0 278.0 4.5634990327751925 1.4219063791853992 40.0 
170.0 279.0 4.5634990327751925 1.4219063791853992 40.0 
170.0 280.0 4.5634990327751925 1.4219063791853992 40.0 
170.0 281.0 4.5634990327751925 1.4219063791853992 40.0 
170.0 282.0 4.5634990327751925 1.4219063791853992 40.0 
170.0 283.0 4.5634990327751925 1.4219063791853992 40.0 
170.0 284.0 4.5634990327751925 1.4219063791853992 40.0 
170.0 285.0 4.5634990327751925 1.4219063791853992 40.0 
170.0 286.0 4.5634990327751925 1.4219063791853992 40.0 
170.0 287.0 4.5634990327751925 1.4219063791853992 40.0 
170.0 288.0 4.5634990327751925 1.4219063791853992 40.0 
170.0 289.0 4.5634990327751925 1.4219063791853992 40.0 
170.0 290.0 4.5634990327751925 1.4219063791853992 40.0 
170.0 291.0 4.5634990327751925 1.4219063791853992 40.0 
171.0 271.0 4.5634990327751925 1.4219063791853992 40.0 
171.0 272.0 4.5634990327751925 1.4219063791853992 40.0 
171.0 273.0 4.5634990327751925 1.4219063791853992 40.0 
171.0 274.0 4.5634990327751925 1.4219063791853992 40.0 
171.0 275.0 4.5634990327751925 1.4219063791853992 40.0 
171.0 276.0 4.5634990327751925 1.4219063791853992 40.0 
171.0 277.0 4.5634990327751925 1.4219063791853992 40.0 
171.0 278.0 4.5634990327751925 1.4219063791853992 40.0 
171.0 279.0 4.5634990327751925 1.4219063791853992 40.0 
171.0 280.0 4.5634990327751925 1.4219063791853992 40.0 
171.0 281.0 4.5634990327751925 1.4219063791853992 40.0 
171.0 282.0 4.5634990327751925 1.4219063791853992 40.0 
171.0 283.0 4.5634990327751925 1.4219063791853992 40.0 
171.0 284.0 4.5634990327751925 1.4219063791853992 40.0 
171.0 285.0 4.5634990327751925 1.4219063791853992 40.0 
171.0 286.0 4.5634990327751925 1.4219063791853992 40.0 
171.0 287.0 4.5634990327751925 1.4219063791853992 40.0 
171.0 288.0 4.5634990327751925 1.4219063791853992 40.0 
171.0 289.0 4.5634990327751925 1.4219063791853992 40.0 
171.0 290.0 4.5634990327751925 1.4219063791853992 40.0 
171.0 291.0 4.5634990327751925 1.4219063791853992 40.0 
172.0 271.0 4.5634990327751925 1.4219063791853992 40.0 
172.0 272.0 4.5634990327751925 1.4219063791853992 40.0 
172.0 273.0 4.5634990327751925 1.4219063791853992 40.0 
172.0 274.0 4.5634990327751925 1.4219063791853992 40.0 
172.0 275.0 4.5634990327751925 1.4219063791853992 40.0 
172.0 276.0 4.5634990327751925 1.4219063791853992 40.0 
172.0 277.0 4.5634990327751925 1.4219063791853992 40.0 
172.0 278.0 4.5634990327751925 1.4219063791853992 40.0 
172.0 279.0 4.5634990327751925 1.4219063791853992 40.0 
172.0 280.0 4.5634990327751925 1.4219063791853992 40.0 
172.0 281.0 4.5634990327751925 1.4219063791853992 40.0 
172.0 282.0 4.5634990327751925 1.4219063791853992 40.0 
172.0 283.0 4.5634990327751925 1.4219063791853992 40.0 
172.0 284.0 4.5634990327751925 1.4219063791853992 40.0 
172.0 285.0 4.5634990327751925 1.4219063791853992 40.0 
172.0 286.0 4.5634990327751925 1.4219063791853992 40.0 
172.0 287.0 4.5634990327751925 1.4219063791853992 40.0 
172.0 288.0 4.5634990327751925 1.4219063791853992 40.0 
172.0 289.0 4.5634990327751925 1.4219063791853992 40.0 
172.0 290.0 4.5634990327751925 1.4219063791853992 40.0 
172.0 291.0 4.5634990327751925 1.4219063791853992 40.0 
173.0 271.0 4.5634990327751925 1.4219063791853992 40.0 
173.0 272.0 4.5634990327751925 1.4219063791853992 40.0 
173.0 273.0 4.5634990327751925 1.4219063791853992 40.0 
173.0 274.0 4.5634990327751925 1.4219063791853992 40.0 
173.0 275.0 4.5634990327751925 1.4219063791853992 40.0 
173.0 276.0 4.5634990327751925 1.4219063791853992 40.0 
173.0 277.0 4.5634990327751925 1.4219063791853992 40.0 
173.0 278.0 4.5634990327751925 1.4219063791853992 40.0 
173.0 279.0 4.5634990327751925 1.4219063791853992 40.0 
173.0 280.0 4.5634990327751925 1.4219063791853992 40.0 
173.0 281.0 4.5634990327751925 1.4219063791853992 40.0 
173.0 282.0 4.5634990327751925 1.4219063791853992 40.0 
173.0 283.0 4.5634990327751925 1.4219063791853992 40.0 
173.0 284.0 4.5634990327751925 1.4219063791853992 40.0 
173.0 285.0 4.5634990327751925 1.4219063791853992 40.0 
173.0 286.0 4.5634990327751925 1.4219063791853992 40.0 
173.0 287.0 4.5634990327751925 1.4219063791853992 40.0 
173.0 288.0 4.5634990327751925 1.4219063791853992 40.0 
173.0 289.0 4.5634990327751925 1.4219063791853992 40.0 
173.0 290.0 4.5634990327751925 1.4219063791853992 40.0 
174.0 278.0 4.5634990327751925 1.4219063791853992 40.0 
174.0 279.0 4.5634990327751925 1.4219063791853992 40.0 
174.0 280.0 4.5634990327751925 1.4219063791853992 40.0 
174.0 281.0 4.5634990327751925 1.4219063791853992 40.0 
174.0 282.0 4.5634990327751925 1.4219063791853992 40.0 
174.0 283.0 4.5634990327751925 1.4219063791853992 40.0 
174.0 284.0 4.5634990327751925 1.4219063791853992 40.0 
174.0 285.0 4.5634990327751925 1.4219063791853992 40.0 
174.0 286.0 4.5634990327751925 1.4219063791853992 40.0 
174.0 287.0 4.5634990327751925 1.4219063791853992 40.0 
174.0 288.0 4.5634990327751925 1.4219063791853992 40.0 
174.0 289.0 4.5634990327751925 1.4219063791853992 40.0 
174.0 290.0 4.5634990327751925 1.4219063791853992 40.0 
175.0 285.0 4.5634990327751925 1.4219063791853992 40.0 
175.0 286.0 4.5634990327751925 1.4219063791853992 40.0 
175.0 287.0 4.5634990327751925 1.4219063791853992 40.0 
175.0 288.0 4.5634990327751925 1.4219063791853992 40.0 
175.0 289.0 4.5634990327751925 1.4219063791853992 40.0 
175.0 290.0 4.5634990327751925 1.4219063791853992 40.0 
190.0 285.0 3.2543202651801706 0.1127276115903777 60.0 
190.0 286.0 3.2543202651801706 0.1127276115903777 60.0 
190.0 287.0 3.2543202651801706 0.1127276115903777 60.0 
190.0 288.0 3.2543202651801706 0.1127276115903777 60.0 
191.0 283.0 3.2543202651801706 0.1127276115903777 60.0 
191.0 284.0 3.2543202651801706 0.1127276115903777 60.0 
191.0 285.0 3.2543202651801706 0.1127276115903777 60.0 
191.0 286.0 3.2543202651801706 0.1127276115903777 60.0 
191.0 287.0 3.2543202651801706 0.1127276115903777 60.0 
191.0 288.0 3.2543202651801706 0.1127276115903777 60.0 
192.0 283.0 3.2543202651801706 0.1127276115903777 60.0 
192.0 284.0 3.2543202651801706 0.1127276115903777 60.0 
192.0 285.0 3.2543202651801706 0.1127276115903777 60.0 
192.0 286.0 3.2543202651801706 0.1127276115903777 60.0 
192.0 287.0 3.2543202651801706 0.1127276115903777 60.0 
192.0 288.0 3.2543202651801706 0.1127276115903777 60.0 
193.0 283.0 3.2543202651801706 0.1127276115903777 60.0 
193.0 284.0 3.2543202651801706 0.1127276115903777 60.0 
193.0 285.0 3.2543202651801706 0.1127276115903777 60.0 
193.0 286.0 3.2543202651801706 0.1127276115903777 60.0 
193.0 287.0 3.2543202651801706 0.1127276115903777 60.0 
193.0 288.0 3.2543202651801706 0.1127276115903777 60.0 
194.0 283.0 3.2543202651801706 0.1127276115903777 60.0 
194.0 284.0 3.2543202651801706 0.1127276115903777 60.0 
194.0 285.0 3.2543202651801706 0.1127276115903777 60.0 
194.0 286.0 3.2543202651801706 0.1127276115903777 60.0 
194.0 287.0 3.2543202651801706 0.1127276115903777 60.0 
194.0 288.0 3.2543202651801706 0.1127276115903777 60.0 
195.0 283.0 3.2543202651801706 0.1127276115903777 60.0 
195.0 284.0 3.2543202651801706 0.1127276115903777 60.0 
195.0 285.0 3.2543202651801706 0.1127276115903777 60.0 
195.0 286.0 3.2543202651801706 0.1127276115903777 60.0 
195.0 287.0 3.2543202651801706 0.1127276115903777 60.0 
195.0 288.0 3.2543202651801706 0.1127276115903777 60.0 
196.0 283.0 3.2543202651801706 0.1127276115903777 60.0 
196.0 284.0 3.2543202651801706 0.1127276115903777 60.0 
196.0 285.0 3.2543202651801706 0.1127276115903777 60.0 
196.0 286.0 3.2543202651801706 0.1127276115903777 60.0 
196.0 287.0 3.2543202651801706 0.1127276115903777 60.0 
196.0 288.0 3.2543202651801706 0.1127276115903777 60.0 
197.0 283.0 3.2543202651801706 0.1127276115903777 60.0 
197.0 284.0 3.2543202651801706 0.1127276115903777 60.0 
197.0 285.0 3.2543202651801706 0.1127276115903777 60.0 
197.0 286.0 3.2543202651801706 0.1127276115903777 60.0 
197.0 287.0 3.2543202651801706 0.1127276115903777 60.0 
197.0 288.0 3.2543202651801706 0.1127276115903777 60.0 
198.0 283.0 3.2543202651801706 0.1127276115903777 60.0 
198.0 284.0 3.2543202651801706 0.1127276115903777 60.0 
198.0 285.0 3.2543202651801706 0.1127276115903777 60.0 
198.0 286.0 3.2543202651801706 0.1127276115903777 60.0 
198.0 287.0 3.2543202651801706 0.1127276115903777 60.0 
198.0 288.0 3.2543202651801706 0.1127276115903777 60.0 
199.0 283.0 3.2543202651801706 0.1127276115903777 60.0 
199.0 284.0 3.2543202651801706 0.1127276115903777 60.0 
199.0 285.0 3.2543202651801706 0.1127276115903777 60.0 
199.0 286.0 3.2543202651801706 0.1127276115903777 60.0 
199.0 287.0 3.2543202651801706 0.1127276115903777 60.0 
199.0 288.0 3.2543202651801706 0.1127276115903777 60.0 
199.0 289.0 3.2543202651801706 0.1127276115903777 60.0 
200.0 284.0 3.2543202651801706 0.1127276115903777 60.0 
200.0 285.0 3.2543202651801706 0.1127276115903777 60.0 
200.0 286.0 3.2543202651801706 0.1127276115903777 60.0 
200.0 287.0 3.2543202651801706 0.1127276115903777 60.0 
200.0 288.0 3.2543202651801706 0.1127276115903777 60.0 
200.0 289.0 3.2543202651801706 0.1127276115903777 60.0 
201.0 284.0 3.2543202651801706 0.1127276115903777 60.0 
201.0 285.0 3.2543202651801706 0.1127276115903777 60.0 
201.0 286.0 3.2543202651801706 0.1127276115903777 60.0 
201.0 287.0 3.2543202651801706 0.1127276115903777 60.0 
201.0 288.0 3.2543202651801706 0.1127276115903777 60.0 
201.0 289.0 3.2543202651801706 0.1127276115903777 60.0 
202.0 284.0 3.2543202651801706 0.1127276115903777 60.0 
202.0 285.0 3.2543202651801706 0.1127276115903777 60.0 
202.0 286.0 3.2543202651801706 0.1127276115903777 60.0 
202.0 287.0 3.2543202651801706 0.1127276115903777 60.0 
202.0 288.0 3.2543202651801706 0.1127276115903777 60.0 
202.0 289.0 3.2543202651801706 0.1127276115903777 60.0 
203.0 284.0 3.2543202651801706 0.1127276115903777 60.0 
203.0 285.0 3.2543202651801706 0.1127276115903777 60.0 
203.0 286.0 3.2543202651801706 0.1127276115903777 60.0 
203.0 287.0 3.2543202651801706 0.1127276115903777 60.0 
203.0 288.0 3.2543202651801706 0.1127276115903777 60.0 
203.0 289.0 3.2543202651801706 0.1127276115903777 60.0 
204.0 284.0 3.2543202651801706 0.1127276115903777 60.0 
204.0 285.0 3.2543202651801706 0.1127276115903777 60.0 
204.0 286.0 3.2543202651801706 0.1127276115903777 60.0 
204.0 287.0 3.2543202651801706 0.1127276115903777 60.0 
204.0 288.0 3.2543202651801706 0.1127276115903777 60.0 
204.0 289.0 3.2543202651801706 0.1127276115903777 60.0 
205.0 284.0 3.2543202651801706 0.1127276115903777 60.0 
205.0 285.0 3.2543202651801706 0.1127276115903777 60.0 
205.0 286.0 3.2543202651801706 0.1127276115903777 60.0 
205.0 287.0 3.2543202651801706 0.1127276115903777 60.0 
205.0 288.0 3.2543202651801706 0.1127276115903777 60.0 
205.0 289.0 3.2543202651801706 0.1127276115903777 60.0 
206.0 284.0 3.2543202651801706 0.1127276115903777 60.0 
206.0 285.0 3.2543202651801706 0.1127276115903777 60.0 
206.0 286.0 3.2543202651801706 0.1127276115903777 60.0 
206.0 287.0 3.2543202651801706 0.1127276115903777 60.0 
206.0 288.0 3.2543202651801706 0.1127276115903777 60.0 
206.0 289.0 3.2543202651801706 0.1127276115903777 60.0 
207.0 284.0 3.2543202651801706 0.1127276115903777 60.0 
207.0 285.0 3.2543202651801706 0.1127276115903777 60.0 
207.0 286.0 3.2543202651801706 0.1127276115903777 60.0 
207.0 287.0 3.2543202651801706 0.1127276115903777 60.0 
207.0 288.0 3.2543202651801706 0.1127276115903777 60.0 
207.0 289.0 3.2543202651801706 0.1127276115903777 60.0 
208.0 285.0 3.2543202651801706 0.1127276115903777 60.0 
208.0 286.0 3.2543202651801706 0.1127276115903777 60.0 
208.0 287.0 3.2543202651801706 0.1127276115903777 60.0 
208.0 288.0 3.2543202651801706 0.1127276115903777 60.0 
208.0 289.0 3.2543202651801706 0.1127276115903777 60.0 
208.0 290.0 3.2543202651801706 0.1127276115903777 60.0 
209.0 285.0 3.2543202651801706 0.1127276115903777 60.0 
209.0 286.0 3.2543202651801706 0.1127276115903777 60.0 
209.0 287.0 3.2543202651801706 0.1127276115903777 60.0 
209.0 288.0 3.2543202651801706 0.1127276115903777 60.0 
209.0 289.0 3.2543202651801706 0.1127276115903777 60.0 
209.0 290.0 3.2543202651801706 0.1127276115903777 60.0 
210.0 285.0 3.2543202651801706 0.1127276115903777 60.0 
210.0 286.0 3.2543202651801706 0.1127276115903777 60.0 
210.0 287.0 3.2543202651801706 0.1127276115903777 60.0 
210.0 288.0 3.2543202651801706 0.1127276115903777 60.0 
210.0 289.0 3.2543202651801706 0.1127276115903777 60.0 
210.0 290.0 3.2543202651801706 0.1127276115903777 60.0 
211.0 285.0 3.2543202651801706 0.1127276115903777 60.0 
211.0 286.0 3.2543202651801706 0.1127276115903777 60.0 
211.0 287.0 3.2543202651801706 0.1127276115903777 60.0 
211.0 288.0 3.2543202651801706 0.1127276115903777 60.0 
211.0 289.0 3.2543202651801706 0.1127276115903777 60.0 
211.0 290.0 3.2543202651801706 0.1127276115903777 60.0 
212.0 285.0 3.2543202651801706 0.1127276115903777 60.0 
212.0 286.0 3.2543202651801706 0.1127276115903777 60.0 
212.0 287.0 3.2543202651801706 0.1127276115903777 60.0 
212.0 288.0 3.2543202651801706 0.1127276115903777 60.0 
212.0 289.0 3.2543202651801706 0.1127276115903777 60.0 
212.0 290.0 3.2543202651801706 0.1127276115903777 60.0 
213.0 285.0 3.2543202651801706 0.1127276115903777 60.0 
213.0 286.0 3.2543202651801706 0.1127276115903777 60.0 
213.0 287.0 3.2543202651801706 0.1127276115903777 60.0 
213.0 288.0 3.2543202651801706 0.1127276115903777 60.0 
213.0 289.0 3.2543202651801706 0.1127276115903777 60.0 
213.0 290.0 3.2543202651801706 0.1127276115903777 60.0 
214.0 285.0 3.2543202651801706 0.1127276115903777 60.0 
214.0 286.0 3.2543202651801706 0.1127276115903777 60.0 
214.0 287.0 3.2543202651801706 0.1127276115903777 60.0 
214.0 288.0 3.2543202651801706 0.1127276115903777 60.0 
214.0 289.0 3.2543202651801706 0.1127276115903777 60.0 
214.0 290.0 3.2543202651801706 0.1127276115903777 60.0 
215.0 285.0 3.2543202651801706 0.1127276115903777 60.0 
215.0 286.0 3.2543202651801706 0.1127276115903777 60.0 
215.0 287.0 3.2543202651801706 0.1127276115903777 60.0 
215.0 288.0 3.2543202651801706 0.1127276115903777 60.0 
215.0 289.0 3.2543202651801706 0.1127276115903777 60.0 
215.0 290.0 3.2543202651801706 0.1127276115903777 60.0 
216.0 285.0 3.2543202651801706 0.1127276115903777 60.0 
216.0 286.0 3.2543202651801706 0.1127276115903777 60.0 
216.0 287.0 3.2543202651801706 0.1127276115903777 60.0 
216.0 288.0 3.2543202651801706 0.1127276115903777 60.0 
216.0 289.0 3.2543202651801706 0.1127276115903777 60.0 
216.0 290.0 3.2543202651801706 0.1127276115903777 60.0 
217.0 286.0 3.2543202651801706 0.1127276115903777 60.0 
217.0 287.0 3.2543202651801706 0.1127276115903777 60.0 
217.0 288.0 3.2543202651801706 0.1127276115903777 60.0 
217.0 289.0 3.2543202651801706 0.1127276115903777 60.0 
217.0 290.0 3.2543202651801706 0.1127276115903777 60.0 
217.0 291.0 3.2543202651801706 0.1127276115903777 60.0 
218.0 286.0 3.2543202651801706 0.1127276115903777 60.0 
218.0 287.0 3.2543202651801706 0.1127276115903777 60.0 
218.0 288.0 3.2543202651801706 0.1127276115903777 60.0 
218.0 289.0 3.2543202651801706 0.1127276115903777 60.0 
218.0 290.0 3.2543202651801706 0.1127276115903777 60.0 
218.0 291.0 3.2543202651801706 0.1127276115903777 60.0 
219.0 286.0 3.2543202651801706 0.1127276115903777 60.0 
219.0 287.0 3.2543202651801706 0.1127276115903777 60.0 
219.0 288.0 3.2543202651801706 0.1127276115903777 60.0 
219.0 289.0 3.2543202651801706 0.1127276115903777 60.0 
219.0 290.0 3.2543202651801706 0.1127276115903777 60.0 
219.0 291.0 3.2543202651801706 0.1127276115903777 60.0 
220.0 286.0 3.2543202651801706 0.1127276115903777 60.0 
220.0 287.0 3.2543202651801706 0.1127276115903777 60.0 
220.0 288.0 3.2543202651801706 0.1127276115903777 60.0 
220.0 289.0 3.2543202651801706 0.1127276115903777 60.0 
220.0 290.0 3.2543202651801706 0.1127276115903777 60.0 
220.0 291.0 3.2543202651801706 0.1127276115903777 60.0 
221.0 286.0 3.2543202651801706 0.1127276115903777 60.0 
221.0 287.0 3.2543202651801706 0.1127276115903777 60.0 
221.0 288.0 3.2543202651801706 0.1127276115903777 60.0 
221.0 289.0 3.2543202651801706 0.1127276115903777 60.0 
221.0 290.0 3.2543202651801706 0.1127276115903777 60.0 
221.0 291.0 3.2543202651801706 0.1127276115903777 60.0 
222.0 286.0 3.2543202651801706 0.1127276115903777 60.0 
222.0 287.0 3.2543202651801706 0.1127276115903777 60.0 
222.0 288.0 3.2543202651801706 0.1127276115903777 60.0 
222.0 289.0 3.2543202651801706 0.1127276115903777 60.0 
222.0 290.0 3.2543202651801706 0.1127276115903777 60.0 
222.0 291.0 3.2543202651801706 0.1127276115903777 60.0 
223.0 286.0 3.2543202651801706 0.1127276115903777 60.0 
223.0 287.0 3.2543202651801706 0.1127276115903777 60.0 
223.0 288.0 3.2543202651801706 0.1127276115903777 60.0 
223.0 289.0 3.2543202651801706 0.1127276115903777 60.0 
223.0 290.0 3.2543202651801706 0.1127276115903777 60.0 
223.0 291.0 3.2543202651801706 0.1127276115903777 60.0 
224.0 286.0 3.2543202651801706 0.1127276115903777 60.0 
224.0 287.0 3.2543202651801706 0.1127276115903777 60.0 
224.0 288.0 3.2543202651801706 0.1127276115903777 60.0 
224.0 289.0 3.2543202651801706 0.1127276115903777 60.0 
224.0 290.0 3.2543202651801706 0.1127276115903777 60.0 
224.0 291.0 3.2543202651801706 0.1127276115903777 60.0 
225.0 286.0 3.2543202651801706 0.1127276115903777 60.0 
225.0 287.0 3.2543202651801706 0.1127276115903777 60.0 
225.0 288.0 3.2543202651801706 0.1127276115903777 60.0 
225.0 289.0 3.2543202651801706 0.1127276115903777 60.0 
225.0 290.0 3.2543202651801706 0.1127276115903777 60.0 
225.0 291.0 3.2543202651801706 0.1127276115903777 60.0 
226.0 287.0 3.2543202651801706 0.1127276115903777 60.0 
226.0 288.0 3.2543202651801706 0.1127276115903777 60.0 
226.0 289.0 3.2543202651801706 0.1127276115903777 60.0 
226.0 290.0 3.2543202651801706 0.1127276115903777 60.0 
226.0 291.0 3.2543202651801706 0.1127276115903777 60.0 
226.0 292.0 3.2543202651801706 0.1127276115903777 60.0 
227.0 287.0 3.2543202651801706 0.1127276115903777 60.0 
227.0 288.0 3.2543202651801706 0.1127276115903777 60.0 
227.0 289.0 3.2543202651801706 0.1127276115903777 60.0 
227.0 290.0 3.2543202651801706 0.1127276115903777 60.0 
227.0 291.0 3.2543202651801706 0.1127276115903777 60.0 
227.0 292.0 3.2543202651801706 0.1127276115903777 60.0 
228.0 287.0 3.2543202651801706 0.1127276115903777 60.0 
228.0 288.0 3.2543202651801706 0.1127276115903777 60.0 
228.0 289.0 3.2543202651801706 0.1127276115903777 60.0 
228.0 290.0 3.2543202651801706 0.1127276115903777 60.0 
228.0 291.0 3.2543202651801706 0.1127276115903777 60.0 
228.0 292.0 3.2543202651801706 0.1127276115903777 60.0 
229.0 287.0 3.2543202651801706 0.1127276115903777 60.0 
229.0 288.0 3.2543202651801706 0.1127276115903777 60.0 
229.0 289.0 3.2543202651801706 0.1127276115903777 60.0 
229.0 290.0 3.2543202651801706 0.1127276115903777 60.0 
229.0 291.0 3.2543202651801706 0.1127276115903777 60.0 
229.0 292.0 3.2543202651801706 0.1127276115903777 60.0 
230.0 287.0 3.2543202651801706 0.1127276115903777 60.0 
230.0 288.0 3.2543202651801706 0.1127276115903777 60.0 
230.0 289.0 3.2543202651801706 0.1127276115903777 60.0 
230.0 290.0 3.2543202651801706 0.1127276115903777 60.0 
230.0 291.0 3.2543202651801706 0.1127276115903777 60.0 
230.0 292.0 3.2543202651801706 0.1127276115903777 60.0 
231.0 287.0 3.2543202651801706 0.1127276115903777 60.0 
231.0 288.0 3.2543202651801706 0.1127276115903777 60.0 
231.0 289.0 3.2543202651801706 0.1127276115903777 60.0 
231.0 290.0 3.2543202651801706 0.1127276115903777 60.0 
231.0 291.0 3.2543202651801706 0.1127276115903777 60.0 
231.0 292.0 3.2543202651801706 0.1127276115903777 60.0 
232.0 287.0 3.2543202651801706 0.1127276115903777 60.0 
232.0 288.0 3.2543202651801706 0.1127276115903777 60.0 
232.0 289.0 3.2543202651801706 0.1127276115903777 60.0 
232.0 290.0 3.2543202651801706 0.1127276115903777 60.0 
232.0 291.0 3.2543202651801706 0.1127276115903777 60.0 
232.0 292.0 3.2543202651801706 0.1127276115903777 60.0 
233.0 287.0 3.2543202651801706 0.1127276115903777 60.0 
233.0 288.0 3.2543202651801706 0.1127276115903777 60.0 
233.0 289.0 3.2543202651801706 0.1127276115903777 60.0 
233.0 290.0 3.2543202651801706 0.1127276115903777 60.0 
233.0 291.0 3.2543202651801706 0.1127276115903777 60.0 
233.0 292.0 3.2543202651801706 0.1127276115903777 60.0 
234.0 287.0 3.2543202651801706 0.1127276115903777 60.0 
234.0 288.0 3.2543202651801706 0.1127276115903777 60.0 
234.0 289.0 3.2543202651801706 0.1127276115903777 60.0 
234.0 290.0 3.2543202651801706 0.1127276115903777 60.0 
234.0 291.0 3.2543202651801706 0.1127276115903777 60.0 
234.0 292.0 3.2543202651801706 0.1127276115903777 60.0 
234.0 293.0 3.2543202651801706 0.1127276115903777 60.0 
235.0 288.0 3.2543202651801706 0.1127276115903777 60.0 
235.0 289.0 3.2543202651801706 0.1127276115903777 60.0 
235.0 290.0 3.2543202651801706 0.1127276115903777 60.0 
235.0 291.0 3.2543202651801706 0.1127276115903777 60.0 
235.0 292.0 3.2543202651801706 0.1127276115903777 60.0 
235.0 293.0 3.2543202651801706 0.1127276115903777 60.0 
236.0 288.0 3.2543202651801706 0.1127276115903777 60.0 
236.0 289.0 3.2543202651801706 0.1127276115903777 60.0 
236.0 290.0 3.2543202651801706 0.1127276115903777 60.0 
236.0 291.0 3.2543202651801706 0.1127276115903777 60.0 
236.0 292.0 3.2543202651801706 0.1127276115903777 60.0 
236.0 293.0 3.2543202651801706 0.1127276115903777 60.0 
237.0 288.0 3.2543202651801706 0.1127276115903777 60.0 
237.0 289.0 3.2543202651801706 0.1127276115903777 60.0 
237.0 290.0 3.2543202651801706 0.1127276115903777 60.0 
237.0 291.0 3.2543202651801706 0.1127276115903777 60.0 
237.0 292.0 3.2543202651801706 0.1127276115903777 60.0 
237.0 293.0 3.2543202651801706 0.1127276115903777 60.0 
238.0 288.0 3.2543202651801706 0.1127276115903777 60.0 
238.0 289.0 3.2543202651801706 0.1127276115903777 60.0 
238.0 290.0 3.2543202651801706 0.1127276115903777 60.0 
238.0 291.0 3.2543202651801706 0.1127276115903777 60.0 
238.0 292.0 3.2543202651801706 0.1127276115903777 60.0 
238.0 293.0 3.2543202651801706 0.1127276115903777 60.0 
239.0 288.0 3.2543202651801706 0.1127276115903777 60.0 
239.0 289.0 3.2543202651801706 0.1127276115903777 60.0 
239.0 290.0 3.2543202651801706 0.1127276115903777 60.0 
239.0 291.0 3.2543202651801706 0.1127276115903777 60.0 
239.0 292.0 3.2543202651801706 0.1127276115903777 60.0 
239.0 293.0 3.2543202651801706 0.1127276115903777 60.0 
240.0 288.0 3.2543202651801706 0.1127276115903777 60.0 
240.0 289.0 3.2543202651801706 0.1127276115903777 60.0 
240.0 290.0 3.2543202651801706 0.1127276115903777 60.0 
240.0 291.0 3.2543202651801706 0.1127276115903777 60.0 
240.0 292.0 3.2543202651801706 0.1127276115903777 60.0 
240.0 293.0 3.2543202651801706 0.1127276115903777 60.0 
241.0 288.0 3.2543202651801706 0.1127276115903777 60.0 
241.0 289.0 3.2543202651801706 0.1127276115903777 60.0 
241.0 290.0 3.2543202651801706 0.1127276115903777 60.0 
241.0 291.0 3.2543202651801706 0.1127276115903777 60.0 
241.0 292.0 3.2543202651801706 0.1127276115903777 60.0 
241.0 293.0 3.2543202651801706 0.1127276115903777 60.0 
242.0 288.0 3.2543202651801706 0.1127276115903777 60.0 
242.0 289.0 3.2543202651801706 0.1127276115903777 60.0 
242.0 290.0 3.2543202651801706 0.1127276115903777 60.0 
242.0 291.0 3.2543202651801706 0.1127276115903777 60.0 
242.0 292.0 3.2543202651801706 0.1127276115903777 60.0 
242.0 293.0 3.2543202651801706 0.1127276115903777 60.0 
243.0 288.0 3.2543202651801706 0.1127276115903777 60.0 
243.0 289.0 3.2543202651801706 0.1127276115903777 60.0 
243.0 290.0 3.2543202651801706 0.1127276115903777 60.0 
