198.0 308.0 3.141592653589793 0.0 40.0 
198.0 309.0 3.141592653589793 0.0 40.0 
198.0 310.0 3.141592653589793 0.0 40.0 
198.0 311.0 3.141592653589793 0.0 40.0 
198.0 312.0 3.141592653589793 0.0 40.0 
198.0 313.0 3.141592653589793 0.0 40.0 
199.0 308.0 3.141592653589793 0.0 40.0 
199.0 309.0 3.141592653589793 0.0 40.0 
199.0 310.0 3.141592653589793 0.0 40.0 
199.0 311.0 3.141592653589793 0.0 40.0 
199.0 312.0 3.141592653589793 0.0 40.0 
199.0 313.0 3.141592653589793 0.0 40.0 
200.0 308.0 3.141592653589793 0.0 40.0 
200.0 309.0 3.141592653589793 0.0 40.0 
200.0 310.0 3.141592653589793 0.0 40.0 
200.0 311.0 3.141592653589793 0.0 40.0 
200.0 312.0 3.141592653589793 0.0 40.0 
200.0 313.0 3.141592653589793 0.0 40.0 
201.0 308.0 3.141592653589793 0.0 40.0 
201.0 309.0 3.141592653589793 0.0 40.0 
201.0 310.0 3.141592653589793 0.0 40.0 
201.0 311.0 3.141592653589793 0.0 40.0 
201.0 312.0 3.141592653589793 0.0 40.0 
201.0 313.0 3.141592653589793 0.0 40.0 
202.0 308.0 3.141592653589793 0.0 40.0 
202.0 309.0 3.141592653589793 0.0 40.0 
202.0 310.0 3.141592653589793 0.0 40.0 
202.0 311.0 3.141592653589793 0.0 40.0 
202.0 312.0 3.141592653589793 0.0 40.0 
202.0 313.0 3.141592653589793 0.0 40.0 
203.0 308.0 3.141592653589793 0.0 40.0 
203.0 309.0 3.141592653589793 0.0 40.0 
203.0 310.0 3.141592653589793 0.0 40.0 
203.0 311.0 3.141592653589793 0.0 40.0 
203.0 312.0 3.141592653589793 0.0 40.0 
203.0 313.0 3.141592653589793 0.0 40.0 
204.0 308.0 3.141592653589793 0.0 40.0 
204.0 309.0 3.141592653589793 0.0 40.0 
204.0 310.0 3.141592653589793 0.0 40.0 
204.0 311.0 3.141592653589793 0.0 40.0 
204.0 312.0 3.141592653589793 0.0 40.0 
204.0 313.0 3.141592653589793 0.0 40.0 
205.0 308.0 3.141592653589793 0.0 40.0 
205.0 309.0 3.141592653589793 0.0 40.0 
205.0 310.0 3.141592653589793 0.0 40.0 
205.0 311.0 3.141592653589793 0.0 40.0 
205.0 312.0 3.141592653589793 0.0 40.0 
205.0 313.0 3.141592653589793 0.0 40.0 
206.0 308.0 3.141592653589793 0.0 40.0 
206.0 309.0 3.141592653589793 0.0 40.0 
206.0 310.0 3.141592653589793 0.0 40.0 
206.0 311.0 3.141592653589793 0.0 40.0 
206.0 312.0 3.141592653589793 0.0 40.0 
206.0 313.0 3.141592653589793 0.0 40.0 
207.0 308.0 3.141592653589793 0.0 40.0 
207.0 309.0 3.141592653589793 0.0 40.0 
207.0 310.0 3.141592653589793 0.0 40.0 
207.0 311.0 3.141592653589793 0.0 40.0 
207.0 312.0 3.141592653589793 0.0 40.0 
207.0 313.0 3.141592653589793 0.0 40.0 
208.0 308.0 3.141592653589793 0.0 40.0 
208.0 309.0 3.141592653589793 0.0 40.0 
208.0 310.0 3.141592653589793 0.0 40.0 
208.0 311.0 3.141592653589793 0.0 40.0 
208.0 312.0 3.141592653589793 0.0 40.0 
208.0 313.0 3.141592653589793 0.0 40.0 
209.0 308.0 3.141592653589793 0.0 40.0 
209.0 309.0 3.141592653589793 0.0 40.0 
209.0 310.0 3.141592653589793 0.0 40.0 
209.0 311.0 3.141592653589793 0.0 40.0 
209.0 312.0 3.141592653589793 0.0 40.0 
209.0 313.0 3.141592653589793 0.0 40.0 
210.0 308.0 3.141592653589793 0.0 40.0 
210.0 309.0 3.141592653589793 0.0 40.0 
210.0 310.0 3.141592653589793 0.0 40.0 
210.0 311.0 3.141592653589793 0.0 40.0 
210.0 312.0 3.141592653589793 0.0 40.0 
210.0 313.0 3.141592653589793 0.0 40.0 
211.0 308.0 3.141592653589793 0.0 40.0 
211.0 309.0 3.141592653589793 0.0 40.0 
211.0 310.0 3.141592653589793 0.0 40.0 
211.0 311.0 3.141592653589793 0.0 40.0 
211.0 312.0 3.141592653589793 0.0 40.0 
211.0 313.0 3.141592653589793 0.0 40.0 
212.0 308.0 3.141592653589793 0.0 40.0 
212.0 309.0 3.141592653589793 0.0 40.0 
212.0 310.0 3.141592653589793 0.0 40.0 
212.0 311.0 3.141592653589793 0.0 40.0 
212.0 312.0 3.141592653589793 0.0 40.0 
212.0 313.0 3.141592653589793 0.0 40.0 
213.0 308.0 3.141592653589793 0.0 40.0 
213.0 309.0 3.141592653589793 0.0 40.0 
213.0 310.0 3.141592653589793 0.0 40.0 
213.0 311.0 3.141592653589793 0.0 40.0 
213.0 312.0 3.141592653589793 0.0 40.0 
213.0 313.0 3.141592653589793 0.0 40.0 
214.0 308.0 3.141592653589793 0.0 40.0 
214.0 309.0 3.141592653589793 0.0 40.0 
214.0 310.0 3.141592653589793 0.0 40.0 
214.0 311.0 3.141592653589793 0.0 40.0 
214.0 312.0 3.141592653589793 0.0 40.0 
214.0 313.0 3.141592653589793 0.0 40.0 
215.0 308.0 3.141592653589793 0.0 40.0 
215.0 309.0 3.141592653589793 0.0 40.0 
215.0 310.0 3.141592653589793 0.0 40.0 
215.0 311.0 3.141592653589793 0.0 40.0 
215.0 312.0 3.141592653589793 0.0 40.0 
215.0 313.0 3.141592653589793 0.0 40.0 
216.0 308.0 3.141592653589793 0.0 40.0 
216.0 309.0 3.141592653589793 0.0 40.0 
216.0 310.0 3.141592653589793 0.0 40.0 
216.0 311.0 3.141592653589793 0.0 40.0 
216.0 312.0 3.141592653589793 0.0 40.0 
216.0 313.0 3.141592653589793 0.0 40.0 
217.0 308.0 3.141592653589793 0.0 40.0 
217.0 309.0 3.141592653589793 0.0 40.0 
217.0 310.0 3.141592653589793 0.0 40.0 
217.0 311.0 3.141592653589793 0.0 40.0 
217.0 312.0 3.141592653589793 0.0 40.0 
217.0 313.0 3.141592653589793 0.0 40.0 
218.0 308.0 3.141592653589793 0.0 40.0 
218.0 309.0 3.141592653589793 0.0 40.0 
218.0 310.0 3.141592653589793 0.0 40.0 
218.0 311.0 3.141592653589793 0.0 40.0 
218.0 312.0 3.141592653589793 0.0 40.0 
218.0 313.0 3.141592653589793 0.0 40.0 
219.0 308.0 3.141592653589793 0.0 40.0 
219.0 309.0 3.141592653589793 0.0 40.0 
219.0 310.0 3.141592653589793 0.0 40.0 
219.0 311.0 3.141592653589793 0.0 40.0 
219.0 312.0 3.141592653589793 0.0 40.0 
219.0 313.0 3.141592653589793 0.0 40.0 
220.0 308.0 3.141592653589793 0.0 40.0 
220.0 309.0 3.141592653589793 0.0 40.0 
220.0 310.0 3.141592653589793 0.0 40.0 
220.0 311.0 3.141592653589793 0.0 40.0 
220.0 312.0 3.141592653589793 0.0 40.0 
220.0 313.0 3.141592653589793 0.0 40.0 
221.0 308.0 3.141592653589793 0.0 40.0 
221.0 309.0 3.141592653589793 0.0 40.0 
221.0 310.0 3.141592653589793 0.0 40.0 
221.0 311.0 3.141592653589793 0.0 40.0 
221.0 312.0 3.141592653589793 0.0 40.0 
221.0 313.0 3.141592653589793 0.0 40.0 
222.0 308.0 3.141592653589793 0.0 40.0 
222.0 309.0 3.141592653589793 0.0 40.0 
222.0 310.0 3.141592653589793 0.0 40.0 
222.0 311.0 3.141592653589793 0.0 40.0 
222.0 312.0 3.141592653589793 0.0 40.0 
222.0 313.0 3.141592653589793 0.0 40.0 
223.0 308.0 3.141592653589793 0.0 40.0 
223.0 309.0 3.141592653589793 0.0 40.0 
223.0 310.0 3.141592653589793 0.0 40.0 
223.0 311.0 3.141592653589793 0.0 40.0 
223.0 312.0 3.141592653589793 0.0 40.0 
223.0 313.0 3.141592653589793 0.0 40.0 
224.0 308.0 3.141592653589793 0.0 40.0 
224.0 309.0 3.141592653589793 0.0 40.0 
224.0 310.0 3.141592653589793 0.0 40.0 
224.0 311.0 3.141592653589793 0.0 40.0 
224.0 312.0 3.141592653589793 0.0 40.0 
224.0 313.0 3.141592653589793 0.0 40.0 
225.0 308.0 3.141592653589793 0.0 40.0 
225.0 309.0 3.141592653589793 0.0 40.0 
225.0 310.0 3.141592653589793 0.0 40.0 
225.0 311.0 3.141592653589793 0.0 40.0 
225.0 312.0 3.141592653589793 0.0 40.0 
225.0 313.0 3.141592653589793 0.0 40.0 
226.0 308.0 3.141592653589793 0.0 40.0 
226.0 309.0 3.141592653589793 0.0 40.0 
226.0 310.0 3.141592653589793 0.0 40.0 
226.0 311.0 3.141592653589793 0.0 40.0 
226.0 312.0 3.141592653589793 0.0 40.0 
226.0 313.0 3.141592653589793 0.0 40.0 
227.0 308.0 3.141592653589793 0.0 40.0 
227.0 309.0 3.141592653589793 0.0 40.0 
227.0 310.0 3.141592653589793 0.0 40.0 
227.0 311.0 3.141592653589793 0.0 40.0 
227.0 312.0 3.141592653589793 0.0 40.0 
227.0 313.0 3.141592653589793 0.0 40.0 
228.0 308.0 3.141592653589793 0.0 40.0 
228.0 309.0 3.141592653589793 0.0 40.0 
228.0 310.0 3.141592653589793 0.0 40.0 
228.0 311.0 3.141592653589793 0.0 40.0 
228.0 312.0 3.141592653589793 0.0 40.0 
228.0 313.0 3.141592653589793 0.0 40.0 
229.0 308.0 3.141592653589793 0.0 40.0 
229.0 309.0 3.141592653589793 0.0 40.0 
229.0 310.0 3.141592653589793 0.0 40.0 
229.0 311.0 3.141592653589793 0.0 40.0 
229.0 312.0 3.141592653589793 0.0 40.0 
229.0 313.0 3.141592653589793 0.0 40.0 
230.0 308.0 3.141592653589793 0.0 40.0 
230.0 309.0 3.141592653589793 0.0 40.0 
230.0 310.0 3.141592653589793 0.0 40.0 
230.0 311.0 3.141592653589793 0.0 40.0 
230.0 312.0 3.141592653589793 0.0 40.0 
230.0 313.0 3.141592653589793 0.0 40.0 
231.0 308.0 3.141592653589793 0.0 40.0 
231.0 309.0 3.141592653589793 0.0 40.0 
231.0 310.0 3.141592653589793 0.0 40.0 
231.0 311.0 3.141592653589793 0.0 40.0 
231.0 312.0 3.141592653589793 0.0 40.0 
231.0 313.0 3.141592653589793 0.0 40.0 
232.0 308.0 3.141592653589793 0.0 40.0 
232.0 309.0 3.141592653589793 0.0 40.0 
232.0 310.0 3.141592653589793 0.0 40.0 
232.0 311.0 3.141592653589793 0.0 40.0 
232.0 312.0 3.141592653589793 0.0 40.0 
232.0 313.0 3.141592653589793 0.0 40.0 
233.0 308.0 3.141592653589793 0.0 40.0 
233.0 309.0 3.141592653589793 0.0 40.0 
233.0 310.0 3.141592653589793 0.0 40.0 
233.0 311.0 3.141592653589793 0.0 40.0 
233.0 312.0 3.141592653589793 0.0 40.0 
233.0 313.0 3.141592653589793 0.0 40.0 
234.0 308.0 3.141592653589793 0.0 40.0 
234.0 309.0 3.141592653589793 0.0 40.0 
234.0 310.0 3.141592653589793 0.0 40.0 
234.0 311.0 3.141592653589793 0.0 40.0 
234.0 312.0 3.141592653589793 0.0 40.0 
234.0 313.0 3.141592653589793 0.0 40.0 
235.0 308.0 3.141592653589793 0.0 40.0 
235.0 309.0 3.141592653589793 0.0 40.0 
235.0 310.0 3.141592653589793 0.0 40.0 
235.0 311.0 3.141592653589793 0.0 40.0 
235.0 312.0 3.141592653589793 0.0 40.0 
235.0 313.0 3.141592653589793 0.0 40.0 
236.0 308.0 3.141592653589793 0.0 40.0 
236.0 309.0 3.141592653589793 0.0 40.0 
236.0 310.0 3.141592653589793 0.0 40.0 
236.0 311.0 3.141592653589793 0.0 40.0 
236.0 312.0 3.141592653589793 0.0 40.0 
236.0 313.0 3.141592653589793 0.0 40.0 
237.0 308.0 3.141592653589793 0.0 40.0 
237.0 309.0 3.141592653589793 0.0 40.0 
237.0 310.0 3.141592653589793 0.0 40.0 
237.0 311.0 3.141592653589793 0.0 40.0 
237.0 312.0 3.141592653589793 0.0 40.0 
237.0 313.0 3.141592653589793 0.0 40.0 
238.0 308.0 3.141592653589793 0.0 40.0 
238.0 309.0 3.141592653589793 0.0 40.0 
238.0 310.0 3.141592653589793 0.0 40.0 
238.0 311.0 3.141592653589793 0.0 40.0 
238.0 312.0 3.141592653589793 0.0 40.0 
238.0 313.0 3.141592653589793 0.0 40.0 
239.0 308.0 3.141592653589793 0.0 40.0 
239.0 309.0 3.141592653589793 0.0 40.0 
239.0 310.0 3.141592653589793 0.0 40.0 
239.0 311.0 3.141592653589793 0.0 40.0 
239.0 312.0 3.141592653589793 0.0 40.0 
239.0 313.0 3.141592653589793 0.0 40.0 
240.0 308.0 3.141592653589793 0.0 40.0 
240.0 309.0 3.141592653589793 0.0 40.0 
240.0 310.0 3.141592653589793 0.0 40.0 
240.0 311.0 3.141592653589793 0.0 40.0 
240.0 312.0 3.141592653589793 0.0 40.0 
240.0 313.0 3.141592653589793 0.0 40.0 
241.0 308.0 3.141592653589793 0.0 40.0 
241.0 309.0 3.141592653589793 0.0 40.0 
241.0 310.0 3.141592653589793 0.0 40.0 
241.0 311.0 3.141592653589793 0.0 40.0 
241.0 312.0 3.141592653589793 0.0 40.0 
241.0 313.0 3.141592653589793 0.0 40.0 
242.0 308.0 3.141592653589793 0.0 40.0 
242.0 309.0 3.141592653589793 0.0 40.0 
242.0 310.0 3.141592653589793 0.0 40.0 
242.0 311.0 3.141592653589793 0.0 40.0 
242.0 312.0 3.141592653589793 0.0 40.0 
242.0 313.0 3.141592653589793 0.0 40.0 
243.0 308.0 3.141592653589793 0.0 40.0 
243.0 309.0 3.141592653589793 0.0 40.0 
243.0 310.0 3.141592653589793 0.0 40.0 
243.0 311.0 3.141592653589793 0.0 40.0 
243.0 312.0 3.141592653589793 0.0 40.0 
243.0 313.0 3.141592653589793 0.0 40.0 
244.0 308.0 3.141592653589793 0.0 40.0 
244.0 309.0 3.141592653589793 0.0 40.0 
244.0 310.0 3.141592653589793 0.0 40.0 
244.0 311.0 3.141592653589793 0.0 40.0 
244.0 312.0 3.141592653589793 0.0 40.0 
244.0 313.0 3.141592653589793 0.0 40.0 
245.0 308.0 3.141592653589793 0.0 40.0 
245.0 309.0 3.141592653589793 0.0 40.0 
245.0 310.0 3.141592653589793 0.0 40.0 
245.0 311.0 3.141592653589793 0.0 40.0 
245.0 312.0 3.141592653589793 0.0 40.0 
245.0 313.0 3.141592653589793 0.0 40.0 
246.0 308.0 3.141592653589793 0.0 40.0 
246.0 309.0 3.141592653589793 0.0 40.0 
246.0 310.0 3.141592653589793 0.0 40.0 
246.0 311.0 3.141592653589793 0.0 40.0 
246.0 312.0 3.141592653589793 0.0 40.0 
246.0 313.0 3.141592653589793 0.0 40.0 
247.0 308.0 3.141592653589793 0.0 40.0 
247.0 309.0 3.141592653589793 0.0 40.0 
247.0 310.0 3.141592653589793 0.0 40.0 
247.0 311.0 3.141592653589793 0.0 40.0 
247.0 312.0 3.141592653589793 0.0 40.0 
247.0 313.0 3.141592653589793 0.0 40.0 
248.0 308.0 3.141592653589793 0.0 40.0 
248.0 309.0 3.141592653589793 0.0 40.0 
248.0 310.0 3.141592653589793 0.0 40.0 
248.0 311.0 3.141592653589793 0.0 40.0 
248.0 312.0 3.141592653589793 0.0 40.0 
248.0 313.0 3.141592653589793 0.0 40.0 
249.0 308.0 3.141592653589793 0.0 40.0 
249.0 309.0 3.141592653589793 0.0 40.0 
249.0 310.0 3.141592653589793 0.0 40.0 
249.0 311.0 3.141592653589793 0.0 40.0 
249.0 312.0 3.141592653589793 0.0 40.0 
249.0 313.0 3.141592653589793 0.0 40.0 
250.0 308.0 3.141592653589793 0.0 40.0 
250.0 309.0 3.141592653589793 0.0 40.0 
250.0 310.0 3.141592653589793 0.0 40.0 
250.0 311.0 3.141592653589793 0.0 40.0 
250.0 312.0 3.141592653589793 0.0 40.0 
250.0 313.0 3.141592653589793 0.0 40.0 
251.0 308.0 3.141592653589793 0.0 40.0 
251.0 309.0 3.141592653589793 0.0 40.0 
251.0 310.0 3.141592653589793 0.0 40.0 
251.0 311.0 3.141592653589793 0.0 40.0 
251.0 312.0 3.141592653589793 0.0 40.0 
251.0 313.0 3.141592653589793 0.0 40.0 
252.0 308.0 3.141592653589793 0.0 40.0 
252.0 309.0 3.141592653589793 0.0 40.0 
252.0 310.0 3.141592653589793 0.0 40.0 
252.0 311.0 3.141592653589793 0.0 40.0 
252.0 312.0 3.141592653589793 0.0 40.0 
252.0 313.0 3.141592653589793 0.0 40.0 
253.0 308.0 3.141592653589793 0.0 40.0 
253.0 309.0 3.141592653589793 0.0 40.0 
253.0 310.0 3.141592653589793 0.0 40.0 
253.0 311.0 3.141592653589793 0.0 40.0 
253.0 312.0 3.141592653589793 0.0 40.0 
253.0 313.0 3.141592653589793 0.0 40.0 
254.0 308.0 3.141592653589793 0.0 40.0 
254.0 309.0 3.141592653589793 0.0 40.0 
254.0 310.0 3.141592653589793 0.0 40.0 
254.0 311.0 3.141592653589793 0.0 40.0 
254.0 312.0 3.141592653589793 0.0 40.0 
254.0 313.0 3.141592653589793 0.0 40.0 
255.0 308.0 3.141592653589793 0.0 40.0 
255.0 309.0 3.141592653589793 0.0 40.0 
255.0 310.0 3.141592653589793 0.0 40.0 
255.0 311.0 3.141592653589793 0.0 40.0 
255.0 312.0 3.141592653589793 0.0 40.0 
255.0 313.0 3.141592653589793 0.0 40.0 
256.0 308.0 3.141592653589793 0.0 40.0 
256.0 309.0 3.141592653589793 0.0 40.0 
256.0 310.0 3.141592653589793 0.0 40.0 
256.0 311.0 3.141592653589793 0.0 40.0 
256.0 312.0 3.141592653589793 0.0 40.0 
256.0 313.0 3.141592653589793 0.0 40.0 
257.0 308.0 3.141592653589793 0.0 40.0 
257.0 309.0 3.141592653589793 0.0 40.0 
257.0 310.0 3.141592653589793 0.0 40.0 
257.0 311.0 3.141592653589793 0.0 40.0 
257.0 312.0 3.141592653589793 0.0 40.0 
257.0 313.0 3.141592653589793 0.0 40.0 
258.0 308.0 3.141592653589793 0.0 40.0 
258.0 309.0 3.141592653589793 0.0 40.0 
258.0 310.0 3.141592653589793 0.0 40.0 
258.0 311.0 3.141592653589793 0.0 40.0 
258.0 312.0 3.141592653589793 0.0 40.0 
258.0 313.0 3.141592653589793 0.0 40.0 
259.0 308.0 3.141592653589793 0.0 40.0 
259.0 309.0 3.141592653589793 0.0 40.0 
259.0 310.0 3.141592653589793 0.0 40.0 
259.0 311.0 3.141592653589793 0.0 40.0 
259.0 312.0 3.141592653589793 0.0 40.0 
259.0 313.0 3.141592653589793 0.0 40.0 
260.0 308.0 3.141592653589793 0.0 40.0 
260.0 309.0 3.141592653589793 0.0 40.0 
260.0 310.0 3.141592653589793 0.0 40.0 
260.0 311.0 3.141592653589793 0.0 40.0 
260.0 312.0 3.141592653589793 0.0 40.0 
260.0 313.0 3.141592653589793 0.0 40.0 
261.0 308.0 3.141592653589793 0.0 40.0 
261.0 309.0 3.141592653589793 0.0 40.0 
261.0 310.0 3.141592653589793 0.0 40.0 
261.0 311.0 3.141592653589793 0.0 40.0 
261.0 312.0 3.141592653589793 0.0 40.0 
261.0 313.0 3.141592653589793 0.0 40.0 
262.0 308.0 3.141592653589793 0.0 40.0 
262.0 309.0 3.141592653589793 0.0 40.0 
262.0 310.0 3.141592653589793 0.0 40.0 
262.0 311.0 3.141592653589793 0.0 40.0 
262.0 312.0 3.141592653589793 0.0 40.0 
262.0 313.0 3.141592653589793 0.0 40.0 
263.0 308.0 3.141592653589793 0.0 40.0 
263.0 309.0 3.141592653589793 0.0 40.0 
263.0 310.0 3.141592653589793 0.0 40.0 
263.0 311.0 3.141592653589793 0.0 40.0 
263.0 312.0 3.141592653589793 0.0 40.0 
263.0 313.0 3.141592653589793 0.0 40.0 
264.0 308.0 3.141592653589793 0.0 40.0 
264.0 309.0 3.141592653589793 0.0 40.0 
264.0 310.0 3.141592653589793 0.0 40.0 
264.0 311.0 3.141592653589793 0.0 40.0 
264.0 312.0 3.141592653589793 0.0 40.0 
264.0 313.0 3.141592653589793 0.0 40.0 
265.0 308.0 3.141592653589793 0.0 40.0 
265.0 309.0 3.141592653589793 0.0 40.0 
265.0 310.0 3.141592653589793 0.0 40.0 
265.0 311.0 3.141592653589793 0.0 40.0 
265.0 312.0 3.141592653589793 0.0 40.0 
265.0 313.0 3.141592653589793 0.0 40.0 
266.0 308.0 3.141592653589793 0.0 40.0 
266.0 309.0 3.141592653589793 0.0 40.0 
266.0 310.0 3.141592653589793 0.0 40.0 
266.0 311.0 3.141592653589793 0.0 40.0 
266.0 312.0 3.141592653589793 0.0 40.0 
266.0 313.0 3.141592653589793 0.0 40.0 
267.0 308.0 3.141592653589793 0.0 40.0 
267.0 309.0 3.141592653589793 0.0 40.0 
267.0 310.0 3.141592653589793 0.0 40.0 
267.0 311.0 3.141592653589793 0.0 40.0 
267.0 312.0 3.141592653589793 0.0 40.0 
267.0 313.0 3.141592653589793 0.0 40.0 
268.0 308.0 3.141592653589793 0.0 40.0 
268.0 309.0 3.141592653589793 0.0 40.0 
268.0 310.0 3.141592653589793 0.0 40.0 
268.0 311.0 3.141592653589793 0.0 40.0 
268.0 312.0 3.141592653589793 0.0 40.0 
268.0 313.0 3.141592653589793 0.0 40.0 
269.0 308.0 3.141592653589793 0.0 40.0 
269.0 309.0 3.141592653589793 0.0 40.0 
269.0 310.0 3.141592653589793 0.0 40.0 
269.0 311.0 3.141592653589793 0.0 40.0 
269.0 312.0 3.141592653589793 0.0 40.0 
269.0 313.0 3.141592653589793 0.0 40.0 
270.0 308.0 3.141592653589793 0.0 40.0 
270.0 309.0 3.141592653589793 0.0 40.0 
270.0 310.0 3.141592653589793 0.0 40.0 
270.0 311.0 3.141592653589793 0.0 40.0 
270.0 312.0 3.141592653589793 0.0 40.0 
270.0 313.0 3.141592653589793 0.0 40.0 
271.0 308.0 3.141592653589793 0.0 40.0 
271.0 309.0 3.141592653589793 0.0 40.0 
271.0 310.0 3.141592653589793 0.0 40.0 
271.0 311.0 3.141592653589793 0.0 40.0 
271.0 312.0 3.141592653589793 0.0 40.0 
271.0 313.0 3.141592653589793 0.0 40.0 
272.0 308.0 3.141592653589793 0.0 40.0 
272.0 309.0 3.141592653589793 0.0 40.0 
272.0 310.0 3.141592653589793 0.0 40.0 
272.0 311.0 3.141592653589793 0.0 40.0 
272.0 312.0 3.141592653589793 0.0 40.0 
272.0 313.0 3.141592653589793 0.0 40.0 
273.0 308.0 3.141592653589793 0.0 40.0 
273.0 309.0 3.141592653589793 0.0 40.0 
273.0 310.0 3.141592653589793 0.0 40.0 
273.0 311.0 3.141592653589793 0.0 40.0 
273.0 312.0 3.141592653589793 0.0 40.0 
273.0 313.0 3.141592653589793 0.0 40.0 
274.0 308.0 3.141592653589793 0.0 40.0 
274.0 309.0 3.141592653589793 0.0 40.0 
274.0 310.0 3.141592653589793 0.0 40.0 
274.0 311.0 3.141592653589793 0.0 40.0 
274.0 312.0 3.141592653589793 0.0 40.0 
274.0 313.0 3.141592653589793 0.0 40.0 
275.0 308.0 3.141592653589793 0.0 40.0 
275.0 309.0 3.141592653589793 0.0 40.0 
275.0 310.0 3.141592653589793 0.0 40.0 
275.0 311.0 3.141592653589793 0.0 40.0 
275.0 312.0 3.141592653589793 0.0 40.0 
275.0 313.0 3.141592653589793 0.0 40.0 
276.0 308.0 3.141592653589793 0.0 40.0 
276.0 309.0 3.141592653589793 0.0 40.0 
276.0 310.0 3.141592653589793 0.0 40.0 
276.0 311.0 3.141592653589793 0.0 40.0 
276.0 312.0 3.141592653589793 0.0 40.0 
276.0 313.0 3.141592653589793 0.0 40.0 
277.0 308.0 3.141592653589793 0.0 40.0 
277.0 309.0 3.141592653589793 0.0 40.0 
277.0 310.0 3.141592653589793 0.0 40.0 
277.0 311.0 3.141592653589793 0.0 40.0 
277.0 312.0 3.141592653589793 0.0 40.0 
277.0 313.0 3.141592653589793 0.0 40.0 
278.0 308.0 3.141592653589793 0.0 40.0 
278.0 309.0 3.141592653589793 0.0 40.0 
278.0 310.0 3.141592653589793 0.0 40.0 
278.0 311.0 3.141592653589793 0.0 40.0 
278.0 312.0 3.141592653589793 0.0 40.0 
278.0 313.0 3.141592653589793 0.0 40.0 
279.0 308.0 3.141592653589793 0.0 40.0 
279.0 309.0 3.141592653589793 0.0 40.0 
279.0 310.0 3.141592653589793 0.0 40.0 
279.0 311.0 3.141592653589793 0.0 40.0 
279.0 312.0 3.141592653589793 0.0 40.0 
279.0 313.0 3.141592653589793 0.0 40.0 
307.0 270.0 1.653937558683338 4.795530212273131 36.0 
307.0 271.0 1.653937558683338 4.795530212273131 36.0 
307.0 272.0 1.653937558683338 4.795530212273131 36.0 
307.0 273.0 1.653937558683338 4.795530212273131 36.0 
307.0 274.0 1.653937558683338 4.795530212273131 36.0 
307.0 275.0 1.653937558683338 4.795530212273131 36.0 
307.0 276.0 1.653937558683338 4.795530212273131 36.0 
307.0 277.0 1.653937558683338 4.795530212273131 36.0 
307.0 278.0 1.653937558683338 4.795530212273131 36.0 
307.0 279.0 1.653937558683338 4.795530212273131 36.0 
307.0 280.0 1.653937558683338 4.795530212273131 36.0 
307.0 281.0 1.653937558683338 4.795530212273131 36.0 
308.0 258.0 1.653937558683338 4.795530212273131 36.0 
308.0 259.0 1.653937558683338 4.795530212273131 36.0 
308.0 260.0 1.653937558683338 4.795530212273131 36.0 
308.0 261.0 1.653937558683338 4.795530212273131 36.0 
308.0 262.0 1.653937558683338 4.795530212273131 36.0 
308.0 263.0 1.653937558683338 4.795530212273131 36.0 
308.0 264.0 1.653937558683338 4.795530212273131 36.0 
308.0 265.0 1.653937558683338 4.795530212273131 36.0 
308.0 266.0 1.653937558683338 4.795530212273131 36.0 
308.0 267.0 1.653937558683338 4.795530212273131 36.0 
308.0 268.0 1.653937558683338 4.795530212273131 36.0 
308.0 269.0 1.653937558683338 4.795530212273131 36.0 
308.0 270.0 1.653937558683338 4.795530212273131 36.0 
308.0 271.0 1.653937558683338 4.795530212273131 36.0 
308.0 272.0 1.653937558683338 4.795530212273131 36.0 
308.0 273.0 1.653937558683338 4.795530212273131 36.0 
308.0 274.0 1.653937558683338 4.795530212273131 36.0 
308.0 275.0 1.653937558683338 4.795530212273131 36.0 
308.0 276.0 1.653937558683338 4.795530212273131 36.0 
308.0 277.0 1.653937558683338 4.795530212273131 36.0 
308.0 278.0 1.653937558683338 4.795530212273131 36.0 
308.0 279.0 1.653937558683338 4.795530212273131 36.0 
308.0 280.0 1.653937558683338 4.795530212273131 36.0 
308.0 281.0 1.653937558683338 4.795530212273131 36.0 
309.0 246.0 1.653937558683338 4.795530212273131 36.0 
309.0 247.0 1.653937558683338 4.795530212273131 36.0 
309.0 248.0 1.653937558683338 4.795530212273131 36.0 
309.0 249.0 1.653937558683338 4.795530212273131 36.0 
309.0 250.0 1.653937558683338 4.795530212273131 36.0 
309.0 251.0 1.653937558683338 4.795530212273131 36.0 
309.0 252.0 1.653937558683338 4.795530212273131 36.0 
309.0 253.0 1.653937558683338 4.795530212273131 36.0 
309.0 254.0 1.653937558683338 4.795530212273131 36.0 
309.0 255.0 1.653937558683338 4.795530212273131 36.0 
309.0 256.0 1.653937558683338 4.795530212273131 36.0 
309.0 257.0 1.653937558683338 4.795530212273131 36.0 
309.0 258.0 1.653937558683338 4.795530212273131 36.0 
309.0 259.0 1.653937558683338 4.795530212273131 36.0 
309.0 260.0 1.653937558683338 4.795530212273131 36.0 
309.0 261.0 1.653937558683338 4.795530212273131 36.0 
309.0 262.0 1.653937558683338 4.795530212273131 36.0 
309.0 263.0 1.653937558683338 4.795530212273131 36.0 
309.0 264.0 1.653937558683338 4.795530212273131 36.0 
309.0 265.0 1.653937558683338 4.795530212273131 36.0 
309.0 266.0 1.653937558683338 4.795530212273131 36.0 
309.0 267.0 1.653937558683338 4.795530212273131 36.0 
309.0 268.0 1.653937558683338 4.795530212273131 36.0 
309.0 269.0 1.653937558683338 4.795530212273131 36.0 
309.0 270.0 1.653937558683338 4.795530212273131 36.0 
309.0 271.0 1.653937558683338 4.795530212273131 36.0 
309.0 272.0 1.653937558683338 4.795530212273131 36.0 
309.0 273.0 1.653937558683338 4.795530212273131 36.0 
309.0 274.0 1.653937558683338 4.795530212273131 36.0 
309.0 275.0 1.653937558683338 4.795530212273131 36.0 
309.0 276.0 1.653937558683338 4.795530212273131 36.0 
309.0 277.0 1.653937558683338 4.795530212273131 36.0 
309.0 278.0 1.653937558683338 4.795530212273131 36.0 
309.0 279.0 1.653937558683338 4.795530212273131 36.0 
309.0 280.0 1.653937558683338 4.795530212273131 36.0 
309.0 281.0 1.653937558683338 4.795530212273131 36.0 
309.0 282.0 1.653937558683338 4.795530212273131 36.0 
310.0 246.0 1.653937558683338 4.795530212273131 36.0 
310.0 247.0 1.653937558683338 4.795530212273131 36.0 
310.0 248.0 1.653937558683338 4.795530212273131 36.0 
310.0 249.0 1.653937558683338 4.795530212273131 36.0 
310.0 250.0 1.653937558683338 4.795530212273131 36.0 
310.0 251.0 1.653937558683338 4.795530212273131 36.0 
310.0 252.0 1.653937558683338 4.795530212273131 36.0 
310.0 253.0 1.653937558683338 4.795530212273131 36.0 
310.0 254.0 1.653937558683338 4.795530212273131 36.0 
310.0 255.0 1.653937558683338 4.795530212273131 36.0 
310.0 256.0 1.653937558683338 4.795530212273131 36.0 
310.0 257.0 1.653937558683338 4.795530212273131 36.0 
310.0 258.0 1.653937558683338 4.795530212273131 36.0 
310.0 259.0 1.653937558683338 4.795530212273131 36.0 
310.0 260.0 1.653937558683338 4.795530212273131 36.0 
310.0 261.0 1.653937558683338 4.795530212273131 36.0 
310.0 262.0 1.653937558683338 4.795530212273131 36.0 
310.0 263.0 1.653937558683338 4.795530212273131 36.0 
310.0 264.0 1.653937558683338 4.795530212273131 36.0 
310.0 265.0 1.653937558683338 4.795530212273131 36.0 
310.0 266.0 1.653937558683338 4.795530212273131 36.0 
310.0 267.0 1.653937558683338 4.795530212273131 36.0 
310.0 268.0 1.653937558683338 4.795530212273131 36.0 
310.0 269.0 1.653937558683338 4.795530212273131 36.0 
310.0 270.0 1.653937558683338 4.795530212273131 36.0 
310.0 271.0 1.653937558683338 4.795530212273131 36.0 
310.0 272.0 1.653937558683338 4.795530212273131 36.0 
310.0 273.0 1.653937558683338 4.795530212273131 36.0 
310.0 274.0 1.653937558683338 4.795530212273131 36.0 
310.0 275.0 1.653937558683338 4.795530212273131 36.0 
310.0 276.0 1.653937558683338 4.795530212273131 36.0 
310.0 277.0 1.653937558683338 4.795530212273131 36.0 
310.0 278.0 1.653937558683338 4.795530212273131 36.0 
310.0 279.0 1.653937558683338 4.795530212273131 36.0 
310.0 280.0 1.653937558683338 4.795530212273131 36.0 
310.0 281.0 1.653937558683338 4.795530212273131 36.0 
310.0 282.0 1.653937558683338 4.795530212273131 36.0 
311.0 246.0 1.653937558683338 4.795530212273131 36.0 
311.0 247.0 1.653937558683338 4.795530212273131 36.0 
311.0 248.0 1.653937558683338 4.795530212273131 36.0 
311.0 249.0 1.653937558683338 4.795530212273131 36.0 
311.0 250.0 1.653937558683338 4.795530212273131 36.0 
311.0 251.0 1.653937558683338 4.795530212273131 36.0 
311.0 252.0 1.653937558683338 4.795530212273131 36.0 
311.0 253.0 1.653937558683338 4.795530212273131 36.0 
311.0 254.0 1.653937558683338 4.795530212273131 36.0 
311.0 255.0 1.653937558683338 4.795530212273131 36.0 
311.0 256.0 1.653937558683338 4.795530212273131 36.0 
311.0 257.0 1.653937558683338 4.795530212273131 36.0 
311.0 258.0 1.653937558683338 4.795530212273131 36.0 
311.0 259.0 1.653937558683338 4.795530212273131 36.0 
311.0 260.0 1.653937558683338 4.795530212273131 36.0 
311.0 261.0 1.653937558683338 4.795530212273131 36.0 
311.0 262.0 1.653937558683338 4.795530212273131 36.0 
311.0 263.0 1.653937558683338 4.795530212273131 36.0 
311.0 264.0 1.653937558683338 4.795530212273131 36.0 
311.0 265.0 1.653937558683338 4.795530212273131 36.0 
311.0 266.0 1.653937558683338 4.795530212273131 36.0 
311.0 267.0 1.653937558683338 4.795530212273131 36.0 
311.0 268.0 1.653937558683338 4.795530212273131 36.0 
311.0 269.0 1.653937558683338 4.795530212273131 36.0 
311.0 270.0 1.653937558683338 4.795530212273131 36.0 
312.0 247.0 1.653937558683338 4.795530212273131 36.0 
312.0 248.0 1.653937558683338 4.795530212273131 36.0 
312.0 249.0 1.653937558683338 4.795530212273131 36.0 
312.0 250.0 1.653937558683338 4.795530212273131 36.0 
312.0 251.0 1.653937558683338 4.795530212273131 36.0 
312.0 252.0 1.653937558683338 4.795530212273131 36.0 
312.0 253.0 1.653937558683338 4.795530212273131 36.0 
312.0 254.0 1.653937558683338 4.795530212273131 36.0 
312.0 255.0 1.653937558683338 4.795530212273131 36.0 
312.0 256.0 1.653937558683338 4.795530212273131 36.0 
312.0 257.0 1.653937558683338 4.795530212273131 36.0 
312.0 258.0 1.653937558683338 4.795530212273131 36.0 
309.0 348.0 4.612720327893529 1.4711276743037351 32.0 
309.0 349.0 4.612720327893529 1.4711276743037351 32.0 
309.0 350.0 4.612720327893529 1.4711276743037351 32.0 
309.0 351.0 4.612720327893529 1.4711276743037351 32.0 
309.0 352.0 4.612720327893529 1.4711276743037351 32.0 
309.0 353.0 4.612720327893529 1.4711276743037351 32.0 
309.0 354.0 4.612720327893529 1.4711276743037351 32.0 
309.0 355.0 4.612720327893529 1.4711276743037351 32.0 
309.0 356.0 4.612720327893529 1.4711276743037351 32.0 
309.0 357.0 4.612720327893529 1.4711276743037351 32.0 
310.0 347.0 4.612720327893529 1.4711276743037351 32.0 
310.0 348.0 4.612720327893529 1.4711276743037351 32.0 
310.0 349.0 4.612720327893529 1.4711276743037351 32.0 
310.0 350.0 4.612720327893529 1.4711276743037351 32.0 
310.0 351.0 4.612720327893529 1.4711276743037351 32.0 
310.0 352.0 4.612720327893529 1.4711276743037351 32.0 
310.0 353.0 4.612720327893529 1.4711276743037351 32.0 
310.0 354.0 4.612720327893529 1.4711276743037351 32.0 
310.0 355.0 4.612720327893529 1.4711276743037351 32.0 
310.0 356.0 4.612720327893529 1.4711276743037351 32.0 
310.0 357.0 4.612720327893529 1.4711276743037351 32.0 
310.0 358.0 4.612720327893529 1.4711276743037351 32.0 
310.0 359.0 4.612720327893529 1.4711276743037351 32.0 
310.0 360.0 4.612720327893529 1.4711276743037351 32.0 
310.0 361.0 4.612720327893529 1.4711276743037351 32.0 
310.0 362.0 4.612720327893529 1.4711276743037351 32.0 
310.0 363.0 4.612720327893529 1.4711276743037351 32.0 
310.0 364.0 4.612720327893529 1.4711276743037351 32.0 
310.0 365.0 4.612720327893529 1.4711276743037351 32.0 
310.0 366.0 4.612720327893529 1.4711276743037351 32.0 
310.0 367.0 4.612720327893529 1.4711276743037351 32.0 
311.0 347.0 4.612720327893529 1.4711276743037351 32.0 
311.0 348.0 4.612720327893529 1.4711276743037351 32.0 
311.0 349.0 4.612720327893529 1.4711276743037351 32.0 
311.0 350.0 4.612720327893529 1.4711276743037351 32.0 
311.0 351.0 4.612720327893529 1.4711276743037351 32.0 
311.0 352.0 4.612720327893529 1.4711276743037351 32.0 
311.0 353.0 4.612720327893529 1.4711276743037351 32.0 
311.0 354.0 4.612720327893529 1.4711276743037351 32.0 
311.0 355.0 4.612720327893529 1.4711276743037351 32.0 
311.0 356.0 4.612720327893529 1.4711276743037351 32.0 
311.0 357.0 4.612720327893529 1.4711276743037351 32.0 
311.0 358.0 4.612720327893529 1.4711276743037351 32.0 
311.0 359.0 4.612720327893529 1.4711276743037351 32.0 
311.0 360.0 4.612720327893529 1.4711276743037351 32.0 
311.0 361.0 4.612720327893529 1.4711276743037351 32.0 
311.0 362.0 4.612720327893529 1.4711276743037351 32.0 
311.0 363.0 4.612720327893529 1.4711276743037351 32.0 
311.0 364.0 4.612720327893529 1.4711276743037351 32.0 
311.0 365.0 4.612720327893529 1.4711276743037351 32.0 
311.0 366.0 4.612720327893529 1.4711276743037351 32.0 
311.0 367.0 4.612720327893529 1.4711276743037351 32.0 
311.0 368.0 4.612720327893529 1.4711276743037351 32.0 
311.0 369.0 4.612720327893529 1.4711276743037351 32.0 
311.0 370.0 4.612720327893529 1.4711276743037351 32.0 
311.0 371.0 4.612720327893529 1.4711276743037351 32.0 
311.0 372.0 4.612720327893529 1.4711276743037351 32.0 
311.0 373.0 4.612720327893529 1.4711276743037351 32.0 
311.0 374.0 4.612720327893529 1.4711276743037351 32.0 
311.0 375.0 4.612720327893529 1.4711276743037351 32.0 
311.0 376.0 4.612720327893529 1.4711276743037351 32.0 
311.0 377.0 4.612720327893529 1.4711276743037351 32.0 
312.0 347.0 4.612720327893529 1.4711276743037351 32.0 
312.0 348.0 4.612720327893529 1.4711276743037351 32.0 
312.0 349.0 4.612720327893529 1.4711276743037351 32.0 
312.0 350.0 4.612720327893529 1.4711276743037351 32.0 
312.0 351.0 4.612720327893529 1.4711276743037351 32.0 
312.0 352.0 4.612720327893529 1.4711276743037351 32.0 
312.0 353.0 4.612720327893529 1.4711276743037351 32.0 
312.0 354.0 4.612720327893529 1.4711276743037351 32.0 
312.0 355.0 4.612720327893529 1.4711276743037351 32.0 
312.0 356.0 4.612720327893529 1.4711276743037351 32.0 
312.0 357.0 4.612720327893529 1.4711276743037351 32.0 
312.0 358.0 4.612720327893529 1.4711276743037351 32.0 
312.0 359.0 4.612720327893529 1.4711276743037351 32.0 
312.0 360.0 4.612720327893529 1.4711276743037351 32.0 
312.0 361.0 4.612720327893529 1.4711276743037351 32.0 
312.0 362.0 4.612720327893529 1.4711276743037351 32.0 
312.0 363.0 4.612720327893529 1.4711276743037351 32.0 
312.0 364.0 4.612720327893529 1.4711276743037351 32.0 
312.0 365.0 4.612720327893529 1.4711276743037351 32.0 
312.0 366.0 4.612720327893529 1.4711276743037351 32.0 
312.0 367.0 4.612720327893529 1.4711276743037351 32.0 
312.0 368.0 4.612720327893529 1.4711276743037351 32.0 
312.0 369.0 4.612720327893529 1.4711276743037351 32.0 
312.0 370.0 4.612720327893529 1.4711276743037351 32.0 
312.0 371.0 4.612720327893529 1.4711276743037351 32.0 
312.0 372.0 4.612720327893529 1.4711276743037351 32.0 
312.0 373.0 4.612720327893529 1.4711276743037351 32.0 
312.0 374.0 4.612720327893529 1.4711276743037351 32.0 
312.0 375.0 4.612720327893529 1.4711276743037351 32.0 
312.0 376.0 4.612720327893529 1.4711276743037351 32.0 
312.0 377.0 4.612720327893529 1.4711276743037351 32.0 
313.0 357.0 4.612720327893529 1.4711276743037351 32.0 
313.0 358.0 4.612720327893529 1.4711276743037351 32.0 
313.0 359.0 4.612720327893529 1.4711276743037351 32.0 
313.0 360.0 4.612720327893529 1.4711276743037351 32.0 
313.0 361.0 4.612720327893529 1.4711276743037351 32.0 
313.0 362.0 4.612720327893529 1.4711276743037351 32.0 
313.0 363.0 4.612720327893529 1.4711276743037351 32.0 
313.0 364.0 4.612720327893529 1.4711276743037351 32.0 
313.0 365.0 4.612720327893529 1.4711276743037351 32.0 
313.0 366.0 4.612720327893529 1.4711276743037351 32.0 
313.0 367.0 4.612720327893529 1.4711276743037351 32.0 
313.0 368.0 4.612720327893529 1.4711276743037351 32.0 
313.0 369.0 4.612720327893529 1.4711276743037351 32.0 
313.0 370.0 4.612720327893529 1.4711276743037351 32.0 
313.0 371.0 4.612720327893529 1.4711276743037351 32.0 
313.0 372.0 4.612720327893529 1.4711276743037351 32.0 
313.0 373.0 4.612720327893529 1.4711276743037351 32.0 
313.0 374.0 4.612720327893529 1.4711276743037351 32.0 
313.0 375.0 4.612720327893529 1.4711276743037351 32.0 
313.0 376.0 4.612720327893529 1.4711276743037351 32.0 
314.0 367.0 4.612720327893529 1.4711276743037351 32.0 
314.0 368.0 4.612720327893529 1.4711276743037351 32.0 
314.0 369.0 4.612720327893529 1.4711276743037351 32.0 
314.0 370.0 4.612720327893529 1.4711276743037351 32.0 
314.0 371.0 4.612720327893529 1.4711276743037351 32.0 
314.0 372.0 4.612720327893529 1.4711276743037351 32.0 
314.0 373.0 4.612720327893529 1.4711276743037351 32.0 
314.0 374.0 4.612720327893529 1.4711276743037351 32.0 
314.0 375.0 4.612720327893529 1.4711276743037351 32.0 
314.0 376.0 4.612720327893529 1.4711276743037351 32.0 
