227 297 48.0 
227 298 48.0 
227 299 48.0 
227 300 48.0 
227 301 48.0 
228 297 48.0 
228 298 48.0 
228 299 48.0 
228 300 48.0 
228 301 48.0 
229 297 48.0 
229 298 48.0 
229 299 48.0 
229 300 48.0 
229 301 48.0 
230 297 48.0 
230 298 48.0 
230 299 48.0 
230 300 48.0 
230 301 48.0 
231 297 48.0 
231 298 48.0 
231 299 48.0 
231 300 48.0 
231 301 48.0 
247.0 303.0 3.313783468112732 0.17219081452293913 48.0 
247.0 304.0 3.313783468112732 0.17219081452293913 48.0 
247.0 305.0 3.313783468112732 0.17219081452293913 48.0 
247.0 306.0 3.313783468112732 0.17219081452293913 48.0 
248.0 301.0 3.313783468112732 0.17219081452293913 48.0 
248.0 302.0 3.313783468112732 0.17219081452293913 48.0 
248.0 303.0 3.313783468112732 0.17219081452293913 48.0 
248.0 304.0 3.313783468112732 0.17219081452293913 48.0 
248.0 305.0 3.313783468112732 0.17219081452293913 48.0 
248.0 306.0 3.313783468112732 0.17219081452293913 48.0 
249.0 301.0 3.313783468112732 0.17219081452293913 48.0 
249.0 302.0 3.313783468112732 0.17219081452293913 48.0 
249.0 303.0 3.313783468112732 0.17219081452293913 48.0 
249.0 304.0 3.313783468112732 0.17219081452293913 48.0 
249.0 305.0 3.313783468112732 0.17219081452293913 48.0 
249.0 306.0 3.313783468112732 0.17219081452293913 48.0 
250.0 301.0 3.313783468112732 0.17219081452293913 48.0 
250.0 302.0 3.313783468112732 0.17219081452293913 48.0 
250.0 303.0 3.313783468112732 0.17219081452293913 48.0 
250.0 304.0 3.313783468112732 0.17219081452293913 48.0 
250.0 305.0 3.313783468112732 0.17219081452293913 48.0 
250.0 306.0 3.313783468112732 0.17219081452293913 48.0 
251.0 301.0 3.313783468112732 0.17219081452293913 48.0 
251.0 302.0 3.313783468112732 0.17219081452293913 48.0 
251.0 303.0 3.313783468112732 0.17219081452293913 48.0 
251.0 304.0 3.313783468112732 0.17219081452293913 48.0 
251.0 305.0 3.313783468112732 0.17219081452293913 48.0 
251.0 306.0 3.313783468112732 0.17219081452293913 48.0 
252.0 301.0 3.313783468112732 0.17219081452293913 48.0 
252.0 302.0 3.313783468112732 0.17219081452293913 48.0 
252.0 303.0 3.313783468112732 0.17219081452293913 48.0 
252.0 304.0 3.313783468112732 0.17219081452293913 48.0 
252.0 305.0 3.313783468112732 0.17219081452293913 48.0 
252.0 306.0 3.313783468112732 0.17219081452293913 48.0 
253.0 301.0 3.313783468112732 0.17219081452293913 48.0 
253.0 302.0 3.313783468112732 0.17219081452293913 48.0 
253.0 303.0 3.313783468112732 0.17219081452293913 48.0 
253.0 304.0 3.313783468112732 0.17219081452293913 48.0 
253.0 305.0 3.313783468112732 0.17219081452293913 48.0 
253.0 306.0 3.313783468112732 0.17219081452293913 48.0 
253.0 307.0 3.313783468112732 0.17219081452293913 48.0 
254.0 302.0 3.313783468112732 0.17219081452293913 48.0 
254.0 303.0 3.313783468112732 0.17219081452293913 48.0 
254.0 304.0 3.313783468112732 0.17219081452293913 48.0 
254.0 305.0 3.313783468112732 0.17219081452293913 48.0 
254.0 306.0 3.313783468112732 0.17219081452293913 48.0 
254.0 307.0 3.313783468112732 0.17219081452293913 48.0 
255.0 302.0 3.313783468112732 0.17219081452293913 48.0 
255.0 303.0 3.313783468112732 0.17219081452293913 48.0 
255.0 304.0 3.313783468112732 0.17219081452293913 48.0 
255.0 305.0 3.313783468112732 0.17219081452293913 48.0 
255.0 306.0 3.313783468112732 0.17219081452293913 48.0 
255.0 307.0 3.313783468112732 0.17219081452293913 48.0 
256.0 302.0 3.313783468112732 0.17219081452293913 48.0 
256.0 303.0 3.313783468112732 0.17219081452293913 48.0 
256.0 304.0 3.313783468112732 0.17219081452293913 48.0 
256.0 305.0 3.313783468112732 0.17219081452293913 48.0 
256.0 306.0 3.313783468112732 0.17219081452293913 48.0 
256.0 307.0 3.313783468112732 0.17219081452293913 48.0 
257.0 302.0 3.313783468112732 0.17219081452293913 48.0 
257.0 303.0 3.313783468112732 0.17219081452293913 48.0 
257.0 304.0 3.313783468112732 0.17219081452293913 48.0 
257.0 305.0 3.313783468112732 0.17219081452293913 48.0 
257.0 306.0 3.313783468112732 0.17219081452293913 48.0 
257.0 307.0 3.313783468112732 0.17219081452293913 48.0 
258.0 302.0 3.313783468112732 0.17219081452293913 48.0 
258.0 303.0 3.313783468112732 0.17219081452293913 48.0 
258.0 304.0 3.313783468112732 0.17219081452293913 48.0 
258.0 305.0 3.313783468112732 0.17219081452293913 48.0 
258.0 306.0 3.313783468112732 0.17219081452293913 48.0 
258.0 307.0 3.313783468112732 0.17219081452293913 48.0 
259.0 303.0 3.313783468112732 0.17219081452293913 48.0 
259.0 304.0 3.313783468112732 0.17219081452293913 48.0 
259.0 305.0 3.313783468112732 0.17219081452293913 48.0 
259.0 306.0 3.313783468112732 0.17219081452293913 48.0 
259.0 307.0 3.313783468112732 0.17219081452293913 48.0 
259.0 308.0 3.313783468112732 0.17219081452293913 48.0 
260.0 303.0 3.313783468112732 0.17219081452293913 48.0 
260.0 304.0 3.313783468112732 0.17219081452293913 48.0 
260.0 305.0 3.313783468112732 0.17219081452293913 48.0 
260.0 306.0 3.313783468112732 0.17219081452293913 48.0 
260.0 307.0 3.313783468112732 0.17219081452293913 48.0 
260.0 308.0 3.313783468112732 0.17219081452293913 48.0 
261.0 303.0 3.313783468112732 0.17219081452293913 48.0 
261.0 304.0 3.313783468112732 0.17219081452293913 48.0 
261.0 305.0 3.313783468112732 0.17219081452293913 48.0 
261.0 306.0 3.313783468112732 0.17219081452293913 48.0 
261.0 307.0 3.313783468112732 0.17219081452293913 48.0 
261.0 308.0 3.313783468112732 0.17219081452293913 48.0 
262.0 303.0 3.313783468112732 0.17219081452293913 48.0 
262.0 304.0 3.313783468112732 0.17219081452293913 48.0 
262.0 305.0 3.313783468112732 0.17219081452293913 48.0 
262.0 306.0 3.313783468112732 0.17219081452293913 48.0 
262.0 307.0 3.313783468112732 0.17219081452293913 48.0 
262.0 308.0 3.313783468112732 0.17219081452293913 48.0 
263.0 303.0 3.313783468112732 0.17219081452293913 48.0 
263.0 304.0 3.313783468112732 0.17219081452293913 48.0 
263.0 305.0 3.313783468112732 0.17219081452293913 48.0 
263.0 306.0 3.313783468112732 0.17219081452293913 48.0 
263.0 307.0 3.313783468112732 0.17219081452293913 48.0 
263.0 308.0 3.313783468112732 0.17219081452293913 48.0 
264.0 303.0 3.313783468112732 0.17219081452293913 48.0 
264.0 304.0 3.313783468112732 0.17219081452293913 48.0 
264.0 305.0 3.313783468112732 0.17219081452293913 48.0 
264.0 306.0 3.313783468112732 0.17219081452293913 48.0 
264.0 307.0 3.313783468112732 0.17219081452293913 48.0 
264.0 308.0 3.313783468112732 0.17219081452293913 48.0 
264.0 309.0 3.313783468112732 0.17219081452293913 48.0 
265.0 304.0 3.313783468112732 0.17219081452293913 48.0 
265.0 305.0 3.313783468112732 0.17219081452293913 48.0 
265.0 306.0 3.313783468112732 0.17219081452293913 48.0 
265.0 307.0 3.313783468112732 0.17219081452293913 48.0 
265.0 308.0 3.313783468112732 0.17219081452293913 48.0 
265.0 309.0 3.313783468112732 0.17219081452293913 48.0 
266.0 304.0 3.313783468112732 0.17219081452293913 48.0 
266.0 305.0 3.313783468112732 0.17219081452293913 48.0 
266.0 306.0 3.313783468112732 0.17219081452293913 48.0 
266.0 307.0 3.313783468112732 0.17219081452293913 48.0 
266.0 308.0 3.313783468112732 0.17219081452293913 48.0 
266.0 309.0 3.313783468112732 0.17219081452293913 48.0 
267.0 304.0 3.313783468112732 0.17219081452293913 48.0 
267.0 305.0 3.313783468112732 0.17219081452293913 48.0 
267.0 306.0 3.313783468112732 0.17219081452293913 48.0 
267.0 307.0 3.313783468112732 0.17219081452293913 48.0 
267.0 308.0 3.313783468112732 0.17219081452293913 48.0 
267.0 309.0 3.313783468112732 0.17219081452293913 48.0 
268.0 304.0 3.313783468112732 0.17219081452293913 48.0 
268.0 305.0 3.313783468112732 0.17219081452293913 48.0 
268.0 306.0 3.313783468112732 0.17219081452293913 48.0 
268.0 307.0 3.313783468112732 0.17219081452293913 48.0 
268.0 308.0 3.313783468112732 0.17219081452293913 48.0 
268.0 309.0 3.313783468112732 0.17219081452293913 48.0 
269.0 304.0 3.313783468112732 0.17219081452293913 48.0 
269.0 305.0 3.313783468112732 0.17219081452293913 48.0 
269.0 306.0 3.313783468112732 0.17219081452293913 48.0 
269.0 307.0 3.313783468112732 0.17219081452293913 48.0 
269.0 308.0 3.313783468112732 0.17219081452293913 48.0 
269.0 309.0 3.313783468112732 0.17219081452293913 48.0 
270.0 304.0 3.313783468112732 0.17219081452293913 48.0 
270.0 305.0 3.313783468112732 0.17219081452293913 48.0 
270.0 306.0 3.313783468112732 0.17219081452293913 48.0 
