268.0 259.0 4.549022832276415 1.407430178686622 44.0 
268.0 260.0 4.549022832276415 1.407430178686622 44.0 
268.0 261.0 4.549022832276415 1.407430178686622 44.0 
268.0 262.0 4.549022832276415 1.407430178686622 44.0 
268.0 263.0 4.549022832276415 1.407430178686622 44.0 
268.0 264.0 4.549022832276415 1.407430178686622 44.0 
269.0 259.0 4.549022832276415 1.407430178686622 44.0 
269.0 260.0 4.549022832276415 1.407430178686622 44.0 
269.0 261.0 4.549022832276415 1.407430178686622 44.0 
269.0 262.0 4.549022832276415 1.407430178686622 44.0 
269.0 263.0 4.549022832276415 1.407430178686622 44.0 
269.0 264.0 4.549022832276415 1.407430178686622 44.0 
269.0 265.0 4.549022832276415 1.407430178686622 44.0 
269.0 266.0 4.549022832276415 1.407430178686622 44.0 
269.0 267.0 4.549022832276415 1.407430178686622 44.0 
269.0 268.0 4.549022832276415 1.407430178686622 44.0 
269.0 269.0 4.549022832276415 1.407430178686622 44.0 
269.0 270.0 4.549022832276415 1.407430178686622 44.0 
270.0 258.0 4.549022832276415 1.407430178686622 44.0 
270.0 259.0 4.549022832276415 1.407430178686622 44.0 
270.0 260.0 4.549022832276415 1.407430178686622 44.0 
270.0 261.0 4.549022832276415 1.407430178686622 44.0 
270.0 262.0 4.549022832276415 1.407430178686622 44.0 
270.0 263.0 4.549022832276415 1.407430178686622 44.0 
270.0 264.0 4.549022832276415 1.407430178686622 44.0 
270.0 265.0 4.549022832276415 1.407430178686622 44.0 
270.0 266.0 4.549022832276415 1.407430178686622 44.0 
270.0 267.0 4.549022832276415 1.407430178686622 44.0 
270.0 268.0 4.549022832276415 1.407430178686622 44.0 
270.0 269.0 4.549022832276415 1.407430178686622 44.0 
270.0 270.0 4.549022832276415 1.407430178686622 44.0 
270.0 271.0 4.549022832276415 1.407430178686622 44.0 
270.0 272.0 4.549022832276415 1.407430178686622 44.0 
270.0 273.0 4.549022832276415 1.407430178686622 44.0 
270.0 274.0 4.549022832276415 1.407430178686622 44.0 
270.0 275.0 4.549022832276415 1.407430178686622 44.0 
270.0 276.0 4.549022832276415 1.407430178686622 44.0 
271.0 258.0 4.549022832276415 1.407430178686622 44.0 
271.0 259.0 4.549022832276415 1.407430178686622 44.0 
271.0 260.0 4.549022832276415 1.407430178686622 44.0 
271.0 261.0 4.549022832276415 1.407430178686622 44.0 
271.0 262.0 4.549022832276415 1.407430178686622 44.0 
271.0 263.0 4.549022832276415 1.407430178686622 44.0 
271.0 264.0 4.549022832276415 1.407430178686622 44.0 
271.0 265.0 4.549022832276415 1.407430178686622 44.0 
271.0 266.0 4.549022832276415 1.407430178686622 44.0 
271.0 267.0 4.549022832276415 1.407430178686622 44.0 
271.0 268.0 4.549022832276415 1.407430178686622 44.0 
271.0 269.0 4.549022832276415 1.407430178686622 44.0 
271.0 270.0 4.549022832276415 1.407430178686622 44.0 
271.0 271.0 4.549022832276415 1.407430178686622 44.0 
271.0 272.0 4.549022832276415 1.407430178686622 44.0 
271.0 273.0 4.549022832276415 1.407430178686622 44.0 
271.0 274.0 4.549022832276415 1.407430178686622 44.0 
271.0 275.0 4.549022832276415 1.407430178686622 44.0 
271.0 276.0 4.549022832276415 1.407430178686622 44.0 
271.0 277.0 4.549022832276415 1.407430178686622 44.0 
271.0 278.0 4.549022832276415 1.407430178686622 44.0 
271.0 279.0 4.549022832276415 1.407430178686622 44.0 
271.0 280.0 4.549022832276415 1.407430178686622 44.0 
271.0 281.0 4.549022832276415 1.407430178686622 44.0 
271.0 282.0 4.549022832276415 1.407430178686622 44.0 
272.0 258.0 4.549022832276415 1.407430178686622 44.0 
272.0 259.0 4.549022832276415 1.407430178686622 44.0 
272.0 260.0 4.549022832276415 1.407430178686622 44.0 
272.0 261.0 4.549022832276415 1.407430178686622 44.0 
272.0 262.0 4.549022832276415 1.407430178686622 44.0 
272.0 263.0 4.549022832276415 1.407430178686622 44.0 
272.0 264.0 4.549022832276415 1.407430178686622 44.0 
272.0 265.0 4.549022832276415 1.407430178686622 44.0 
272.0 266.0 4.549022832276415 1.407430178686622 44.0 
272.0 267.0 4.549022832276415 1.407430178686622 44.0 
272.0 268.0 4.549022832276415 1.407430178686622 44.0 
272.0 269.0 4.549022832276415 1.407430178686622 44.0 
272.0 270.0 4.549022832276415 1.407430178686622 44.0 
272.0 271.0 4.549022832276415 1.407430178686622 44.0 
272.0 272.0 4.549022832276415 1.407430178686622 44.0 
272.0 273.0 4.549022832276415 1.407430178686622 44.0 
272.0 274.0 4.549022832276415 1.407430178686622 44.0 
272.0 275.0 4.549022832276415 1.407430178686622 44.0 
272.0 276.0 4.549022832276415 1.407430178686622 44.0 
272.0 277.0 4.549022832276415 1.407430178686622 44.0 
272.0 278.0 4.549022832276415 1.407430178686622 44.0 
272.0 279.0 4.549022832276415 1.407430178686622 44.0 
272.0 280.0 4.549022832276415 1.407430178686622 44.0 
272.0 281.0 4.549022832276415 1.407430178686622 44.0 
272.0 282.0 4.549022832276415 1.407430178686622 44.0 
272.0 283.0 4.549022832276415 1.407430178686622 44.0 
272.0 284.0 4.549022832276415 1.407430178686622 44.0 
272.0 285.0 4.549022832276415 1.407430178686622 44.0 
272.0 286.0 4.549022832276415 1.407430178686622 44.0 
272.0 287.0 4.549022832276415 1.407430178686622 44.0 
272.0 288.0 4.549022832276415 1.407430178686622 44.0 
273.0 258.0 4.549022832276415 1.407430178686622 44.0 
273.0 259.0 4.549022832276415 1.407430178686622 44.0 
273.0 260.0 4.549022832276415 1.407430178686622 44.0 
273.0 261.0 4.549022832276415 1.407430178686622 44.0 
273.0 262.0 4.549022832276415 1.407430178686622 44.0 
273.0 263.0 4.549022832276415 1.407430178686622 44.0 
273.0 264.0 4.549022832276415 1.407430178686622 44.0 
273.0 265.0 4.549022832276415 1.407430178686622 44.0 
273.0 266.0 4.549022832276415 1.407430178686622 44.0 
273.0 267.0 4.549022832276415 1.407430178686622 44.0 
273.0 268.0 4.549022832276415 1.407430178686622 44.0 
273.0 269.0 4.549022832276415 1.407430178686622 44.0 
273.0 270.0 4.549022832276415 1.407430178686622 44.0 
273.0 271.0 4.549022832276415 1.407430178686622 44.0 
273.0 272.0 4.549022832276415 1.407430178686622 44.0 
273.0 273.0 4.549022832276415 1.407430178686622 44.0 
273.0 274.0 4.549022832276415 1.407430178686622 44.0 
273.0 275.0 4.549022832276415 1.407430178686622 44.0 
273.0 276.0 4.549022832276415 1.407430178686622 44.0 
273.0 277.0 4.549022832276415 1.407430178686622 44.0 
273.0 278.0 4.549022832276415 1.407430178686622 44.0 
273.0 279.0 4.549022832276415 1.407430178686622 44.0 
273.0 280.0 4.549022832276415 1.407430178686622 44.0 
273.0 281.0 4.549022832276415 1.407430178686622 44.0 
273.0 282.0 4.549022832276415 1.407430178686622 44.0 
273.0 283.0 4.549022832276415 1.407430178686622 44.0 
273.0 284.0 4.549022832276415 1.407430178686622 44.0 
273.0 285.0 4.549022832276415 1.407430178686622 44.0 
273.0 286.0 4.549022832276415 1.407430178686622 44.0 
273.0 287.0 4.549022832276415 1.407430178686622 44.0 
273.0 288.0 4.549022832276415 1.407430178686622 44.0 
273.0 289.0 4.549022832276415 1.407430178686622 44.0 
273.0 290.0 4.549022832276415 1.407430178686622 44.0 
273.0 291.0 4.549022832276415 1.407430178686622 44.0 
273.0 292.0 4.549022832276415 1.407430178686622 44.0 
273.0 293.0 4.549022832276415 1.407430178686622 44.0 
273.0 294.0 4.549022832276415 1.407430178686622 44.0 
274.0 264.0 4.549022832276415 1.407430178686622 44.0 
274.0 265.0 4.549022832276415 1.407430178686622 44.0 
274.0 266.0 4.549022832276415 1.407430178686622 44.0 
274.0 267.0 4.549022832276415 1.407430178686622 44.0 
274.0 268.0 4.549022832276415 1.407430178686622 44.0 
274.0 269.0 4.549022832276415 1.407430178686622 44.0 
274.0 270.0 4.549022832276415 1.407430178686622 44.0 
274.0 271.0 4.549022832276415 1.407430178686622 44.0 
274.0 272.0 4.549022832276415 1.407430178686622 44.0 
274.0 273.0 4.549022832276415 1.407430178686622 44.0 
274.0 274.0 4.549022832276415 1.407430178686622 44.0 
274.0 275.0 4.549022832276415 1.407430178686622 44.0 
274.0 276.0 4.549022832276415 1.407430178686622 44.0 
274.0 277.0 4.549022832276415 1.407430178686622 44.0 
274.0 278.0 4.549022832276415 1.407430178686622 44.0 
274.0 279.0 4.549022832276415 1.407430178686622 44.0 
274.0 280.0 4.549022832276415 1.407430178686622 44.0 
274.0 281.0 4.549022832276415 1.407430178686622 44.0 
274.0 282.0 4.549022832276415 1.407430178686622 44.0 
274.0 283.0 4.549022832276415 1.407430178686622 44.0 
274.0 284.0 4.549022832276415 1.407430178686622 44.0 
274.0 285.0 4.549022832276415 1.407430178686622 44.0 
274.0 286.0 4.549022832276415 1.407430178686622 44.0 
274.0 287.0 4.549022832276415 1.407430178686622 44.0 
274.0 288.0 4.549022832276415 1.407430178686622 44.0 
274.0 289.0 4.549022832276415 1.407430178686622 44.0 
274.0 290.0 4.549022832276415 1.407430178686622 44.0 
274.0 291.0 4.549022832276415 1.407430178686622 44.0 
274.0 292.0 4.549022832276415 1.407430178686622 44.0 
274.0 293.0 4.549022832276415 1.407430178686622 44.0 
274.0 294.0 4.549022832276415 1.407430178686622 44.0 
274.0 295.0 4.549022832276415 1.407430178686622 44.0 
274.0 296.0 4.549022832276415 1.407430178686622 44.0 
274.0 297.0 4.549022832276415 1.407430178686622 44.0 
274.0 298.0 4.549022832276415 1.407430178686622 44.0 
274.0 299.0 4.549022832276415 1.407430178686622 44.0 
274.0 300.0 4.549022832276415 1.407430178686622 44.0 
275.0 270.0 4.549022832276415 1.407430178686622 44.0 
275.0 271.0 4.549022832276415 1.407430178686622 44.0 
275.0 272.0 4.549022832276415 1.407430178686622 44.0 
275.0 273.0 4.549022832276415 1.407430178686622 44.0 
275.0 274.0 4.549022832276415 1.407430178686622 44.0 
275.0 275.0 4.549022832276415 1.407430178686622 44.0 
275.0 276.0 4.549022832276415 1.407430178686622 44.0 
275.0 277.0 4.549022832276415 1.407430178686622 44.0 
275.0 278.0 4.549022832276415 1.407430178686622 44.0 
275.0 279.0 4.549022832276415 1.407430178686622 44.0 
275.0 280.0 4.549022832276415 1.407430178686622 44.0 
275.0 281.0 4.549022832276415 1.407430178686622 44.0 
275.0 282.0 4.549022832276415 1.407430178686622 44.0 
275.0 283.0 4.549022832276415 1.407430178686622 44.0 
275.0 284.0 4.549022832276415 1.407430178686622 44.0 
275.0 285.0 4.549022832276415 1.407430178686622 44.0 
275.0 286.0 4.549022832276415 1.407430178686622 44.0 
275.0 287.0 4.549022832276415 1.407430178686622 44.0 
275.0 288.0 4.549022832276415 1.407430178686622 44.0 
275.0 289.0 4.549022832276415 1.407430178686622 44.0 
275.0 290.0 4.549022832276415 1.407430178686622 44.0 
275.0 291.0 4.549022832276415 1.407430178686622 44.0 
275.0 292.0 4.549022832276415 1.407430178686622 44.0 
275.0 293.0 4.549022832276415 1.407430178686622 44.0 
275.0 294.0 4.549022832276415 1.407430178686622 44.0 
275.0 295.0 4.549022832276415 1.407430178686622 44.0 
275.0 296.0 4.549022832276415 1.407430178686622 44.0 
275.0 297.0 4.549022832276415 1.407430178686622 44.0 
275.0 298.0 4.549022832276415 1.407430178686622 44.0 
275.0 299.0 4.549022832276415 1.407430178686622 44.0 
275.0 300.0 4.549022832276415 1.407430178686622 44.0 
275.0 301.0 4.549022832276415 1.407430178686622 44.0 
275.0 302.0 4.549022832276415 1.407430178686622 44.0 
275.0 303.0 4.549022832276415 1.407430178686622 44.0 
275.0 304.0 4.549022832276415 1.407430178686622 44.0 
275.0 305.0 4.549022832276415 1.407430178686622 44.0 
275.0 306.0 4.549022832276415 1.407430178686622 44.0 
276.0 276.0 4.549022832276415 1.407430178686622 44.0 
276.0 277.0 4.549022832276415 1.407430178686622 44.0 
276.0 278.0 4.549022832276415 1.407430178686622 44.0 
276.0 279.0 4.549022832276415 1.407430178686622 44.0 
276.0 280.0 4.549022832276415 1.407430178686622 44.0 
276.0 281.0 4.549022832276415 1.407430178686622 44.0 
276.0 282.0 4.549022832276415 1.407430178686622 44.0 
276.0 283.0 4.549022832276415 1.407430178686622 44.0 
276.0 284.0 4.549022832276415 1.407430178686622 44.0 
276.0 285.0 4.549022832276415 1.407430178686622 44.0 
276.0 286.0 4.549022832276415 1.407430178686622 44.0 
276.0 287.0 4.549022832276415 1.407430178686622 44.0 
276.0 288.0 4.549022832276415 1.407430178686622 44.0 
276.0 289.0 4.549022832276415 1.407430178686622 44.0 
276.0 290.0 4.549022832276415 1.407430178686622 44.0 
276.0 291.0 4.549022832276415 1.407430178686622 44.0 
276.0 292.0 4.549022832276415 1.407430178686622 44.0 
276.0 293.0 4.549022832276415 1.407430178686622 44.0 
276.0 294.0 4.549022832276415 1.407430178686622 44.0 
276.0 295.0 4.549022832276415 1.407430178686622 44.0 
276.0 296.0 4.549022832276415 1.407430178686622 44.0 
276.0 297.0 4.549022832276415 1.407430178686622 44.0 
276.0 298.0 4.549022832276415 1.407430178686622 44.0 
276.0 299.0 4.549022832276415 1.407430178686622 44.0 
276.0 300.0 4.549022832276415 1.407430178686622 44.0 
276.0 301.0 4.549022832276415 1.407430178686622 44.0 
276.0 302.0 4.549022832276415 1.407430178686622 44.0 
276.0 303.0 4.549022832276415 1.407430178686622 44.0 
276.0 304.0 4.549022832276415 1.407430178686622 44.0 
276.0 305.0 4.549022832276415 1.407430178686622 44.0 
276.0 306.0 4.549022832276415 1.407430178686622 44.0 
276.0 307.0 4.549022832276415 1.407430178686622 44.0 
276.0 308.0 4.549022832276415 1.407430178686622 44.0 
276.0 309.0 4.549022832276415 1.407430178686622 44.0 
276.0 310.0 4.549022832276415 1.407430178686622 44.0 
276.0 311.0 4.549022832276415 1.407430178686622 44.0 
276.0 312.0 4.549022832276415 1.407430178686622 44.0 
277.0 283.0 4.549022832276415 1.407430178686622 44.0 
277.0 284.0 4.549022832276415 1.407430178686622 44.0 
277.0 285.0 4.549022832276415 1.407430178686622 44.0 
277.0 286.0 4.549022832276415 1.407430178686622 44.0 
277.0 287.0 4.549022832276415 1.407430178686622 44.0 
277.0 288.0 4.549022832276415 1.407430178686622 44.0 
277.0 289.0 4.549022832276415 1.407430178686622 44.0 
277.0 290.0 4.549022832276415 1.407430178686622 44.0 
277.0 291.0 4.549022832276415 1.407430178686622 44.0 
277.0 292.0 4.549022832276415 1.407430178686622 44.0 
277.0 293.0 4.549022832276415 1.407430178686622 44.0 
277.0 294.0 4.549022832276415 1.407430178686622 44.0 
277.0 295.0 4.549022832276415 1.407430178686622 44.0 
277.0 296.0 4.549022832276415 1.407430178686622 44.0 
277.0 297.0 4.549022832276415 1.407430178686622 44.0 
277.0 298.0 4.549022832276415 1.407430178686622 44.0 
277.0 299.0 4.549022832276415 1.407430178686622 44.0 
277.0 300.0 4.549022832276415 1.407430178686622 44.0 
277.0 301.0 4.549022832276415 1.407430178686622 44.0 
277.0 302.0 4.549022832276415 1.407430178686622 44.0 
277.0 303.0 4.549022832276415 1.407430178686622 44.0 
277.0 304.0 4.549022832276415 1.407430178686622 44.0 
277.0 305.0 4.549022832276415 1.407430178686622 44.0 
277.0 306.0 4.549022832276415 1.407430178686622 44.0 
277.0 307.0 4.549022832276415 1.407430178686622 44.0 
277.0 308.0 4.549022832276415 1.407430178686622 44.0 
277.0 309.0 4.549022832276415 1.407430178686622 44.0 
277.0 310.0 4.549022832276415 1.407430178686622 44.0 
277.0 311.0 4.549022832276415 1.407430178686622 44.0 
277.0 312.0 4.549022832276415 1.407430178686622 44.0 
277.0 313.0 4.549022832276415 1.407430178686622 44.0 
277.0 314.0 4.549022832276415 1.407430178686622 44.0 
277.0 315.0 4.549022832276415 1.407430178686622 44.0 
277.0 316.0 4.549022832276415 1.407430178686622 44.0 
277.0 317.0 4.549022832276415 1.407430178686622 44.0 
277.0 318.0 4.549022832276415 1.407430178686622 44.0 
278.0 289.0 4.549022832276415 1.407430178686622 44.0 
278.0 290.0 4.549022832276415 1.407430178686622 44.0 
278.0 291.0 4.549022832276415 1.407430178686622 44.0 
278.0 292.0 4.549022832276415 1.407430178686622 44.0 
278.0 293.0 4.549022832276415 1.407430178686622 44.0 
278.0 294.0 4.549022832276415 1.407430178686622 44.0 
278.0 295.0 4.549022832276415 1.407430178686622 44.0 
278.0 296.0 4.549022832276415 1.407430178686622 44.0 
278.0 297.0 4.549022832276415 1.407430178686622 44.0 
278.0 298.0 4.549022832276415 1.407430178686622 44.0 
278.0 299.0 4.549022832276415 1.407430178686622 44.0 
278.0 300.0 4.549022832276415 1.407430178686622 44.0 
278.0 301.0 4.549022832276415 1.407430178686622 44.0 
278.0 302.0 4.549022832276415 1.407430178686622 44.0 
278.0 303.0 4.549022832276415 1.407430178686622 44.0 
278.0 304.0 4.549022832276415 1.407430178686622 44.0 
278.0 305.0 4.549022832276415 1.407430178686622 44.0 
278.0 306.0 4.549022832276415 1.407430178686622 44.0 
278.0 307.0 4.549022832276415 1.407430178686622 44.0 
278.0 308.0 4.549022832276415 1.407430178686622 44.0 
278.0 309.0 4.549022832276415 1.407430178686622 44.0 
278.0 310.0 4.549022832276415 1.407430178686622 44.0 
278.0 311.0 4.549022832276415 1.407430178686622 44.0 
278.0 312.0 4.549022832276415 1.407430178686622 44.0 
278.0 313.0 4.549022832276415 1.407430178686622 44.0 
278.0 314.0 4.549022832276415 1.407430178686622 44.0 
278.0 315.0 4.549022832276415 1.407430178686622 44.0 
278.0 316.0 4.549022832276415 1.407430178686622 44.0 
278.0 317.0 4.549022832276415 1.407430178686622 44.0 
278.0 318.0 4.549022832276415 1.407430178686622 44.0 
278.0 319.0 4.549022832276415 1.407430178686622 44.0 
278.0 320.0 4.549022832276415 1.407430178686622 44.0 
278.0 321.0 4.549022832276415 1.407430178686622 44.0 
278.0 322.0 4.549022832276415 1.407430178686622 44.0 
278.0 323.0 4.549022832276415 1.407430178686622 44.0 
278.0 324.0 4.549022832276415 1.407430178686622 44.0 
279.0 295.0 4.549022832276415 1.407430178686622 44.0 
279.0 296.0 4.549022832276415 1.407430178686622 44.0 
279.0 297.0 4.549022832276415 1.407430178686622 44.0 
279.0 298.0 4.549022832276415 1.407430178686622 44.0 
279.0 299.0 4.549022832276415 1.407430178686622 44.0 
279.0 300.0 4.549022832276415 1.407430178686622 44.0 
279.0 301.0 4.549022832276415 1.407430178686622 44.0 
279.0 302.0 4.549022832276415 1.407430178686622 44.0 
279.0 303.0 4.549022832276415 1.407430178686622 44.0 
279.0 304.0 4.549022832276415 1.407430178686622 44.0 
279.0 305.0 4.549022832276415 1.407430178686622 44.0 
279.0 306.0 4.549022832276415 1.407430178686622 44.0 
279.0 307.0 4.549022832276415 1.407430178686622 44.0 
279.0 308.0 4.549022832276415 1.407430178686622 44.0 
279.0 309.0 4.549022832276415 1.407430178686622 44.0 
279.0 310.0 4.549022832276415 1.407430178686622 44.0 
279.0 311.0 4.549022832276415 1.407430178686622 44.0 
279.0 312.0 4.549022832276415 1.407430178686622 44.0 
279.0 313.0 4.549022832276415 1.407430178686622 44.0 
279.0 314.0 4.549022832276415 1.407430178686622 44.0 
279.0 315.0 4.549022832276415 1.407430178686622 44.0 
279.0 316.0 4.549022832276415 1.407430178686622 44.0 
279.0 317.0 4.549022832276415 1.407430178686622 44.0 
279.0 318.0 4.549022832276415 1.407430178686622 44.0 
279.0 319.0 4.549022832276415 1.407430178686622 44.0 
279.0 320.0 4.549022832276415 1.407430178686622 44.0 
279.0 321.0 4.549022832276415 1.407430178686622 44.0 
279.0 322.0 4.549022832276415 1.407430178686622 44.0 
279.0 323.0 4.549022832276415 1.407430178686622 44.0 
279.0 324.0 4.549022832276415 1.407430178686622 44.0 
279.0 325.0 4.549022832276415 1.407430178686622 44.0 
279.0 326.0 4.549022832276415 1.407430178686622 44.0 
279.0 327.0 4.549022832276415 1.407430178686622 44.0 
279.0 328.0 4.549022832276415 1.407430178686622 44.0 
279.0 329.0 4.549022832276415 1.407430178686622 44.0 
279.0 330.0 4.549022832276415 1.407430178686622 44.0 
279.0 331.0 4.549022832276415 1.407430178686622 44.0 
280.0 301.0 4.549022832276415 1.407430178686622 44.0 
280.0 302.0 4.549022832276415 1.407430178686622 44.0 
280.0 303.0 4.549022832276415 1.407430178686622 44.0 
280.0 304.0 4.549022832276415 1.407430178686622 44.0 
280.0 305.0 4.549022832276415 1.407430178686622 44.0 
280.0 306.0 4.549022832276415 1.407430178686622 44.0 
280.0 307.0 4.549022832276415 1.407430178686622 44.0 
280.0 308.0 4.549022832276415 1.407430178686622 44.0 
280.0 309.0 4.549022832276415 1.407430178686622 44.0 
280.0 310.0 4.549022832276415 1.407430178686622 44.0 
280.0 311.0 4.549022832276415 1.407430178686622 44.0 
280.0 312.0 4.549022832276415 1.407430178686622 44.0 
280.0 313.0 4.549022832276415 1.407430178686622 44.0 
280.0 314.0 4.549022832276415 1.407430178686622 44.0 
280.0 315.0 4.549022832276415 1.407430178686622 44.0 
280.0 316.0 4.549022832276415 1.407430178686622 44.0 
280.0 317.0 4.549022832276415 1.407430178686622 44.0 
280.0 318.0 4.549022832276415 1.407430178686622 44.0 
280.0 319.0 4.549022832276415 1.407430178686622 44.0 
280.0 320.0 4.549022832276415 1.407430178686622 44.0 
280.0 321.0 4.549022832276415 1.407430178686622 44.0 
280.0 322.0 4.549022832276415 1.407430178686622 44.0 
280.0 323.0 4.549022832276415 1.407430178686622 44.0 
280.0 324.0 4.549022832276415 1.407430178686622 44.0 
280.0 325.0 4.549022832276415 1.407430178686622 44.0 
280.0 326.0 4.549022832276415 1.407430178686622 44.0 
280.0 327.0 4.549022832276415 1.407430178686622 44.0 
280.0 328.0 4.549022832276415 1.407430178686622 44.0 
280.0 329.0 4.549022832276415 1.407430178686622 44.0 
280.0 330.0 4.549022832276415 1.407430178686622 44.0 
280.0 331.0 4.549022832276415 1.407430178686622 44.0 
280.0 332.0 4.549022832276415 1.407430178686622 44.0 
280.0 333.0 4.549022832276415 1.407430178686622 44.0 
280.0 334.0 4.549022832276415 1.407430178686622 44.0 
280.0 335.0 4.549022832276415 1.407430178686622 44.0 
280.0 336.0 4.549022832276415 1.407430178686622 44.0 
280.0 337.0 4.549022832276415 1.407430178686622 44.0 
281.0 307.0 4.549022832276415 1.407430178686622 44.0 
281.0 308.0 4.549022832276415 1.407430178686622 44.0 
281.0 309.0 4.549022832276415 1.407430178686622 44.0 
281.0 310.0 4.549022832276415 1.407430178686622 44.0 
281.0 311.0 4.549022832276415 1.407430178686622 44.0 
281.0 312.0 4.549022832276415 1.407430178686622 44.0 
281.0 313.0 4.549022832276415 1.407430178686622 44.0 
281.0 314.0 4.549022832276415 1.407430178686622 44.0 
281.0 315.0 4.549022832276415 1.407430178686622 44.0 
281.0 316.0 4.549022832276415 1.407430178686622 44.0 
281.0 317.0 4.549022832276415 1.407430178686622 44.0 
281.0 318.0 4.549022832276415 1.407430178686622 44.0 
281.0 319.0 4.549022832276415 1.407430178686622 44.0 
281.0 320.0 4.549022832276415 1.407430178686622 44.0 
281.0 321.0 4.549022832276415 1.407430178686622 44.0 
281.0 322.0 4.549022832276415 1.407430178686622 44.0 
281.0 323.0 4.549022832276415 1.407430178686622 44.0 
281.0 324.0 4.549022832276415 1.407430178686622 44.0 
281.0 325.0 4.549022832276415 1.407430178686622 44.0 
281.0 326.0 4.549022832276415 1.407430178686622 44.0 
281.0 327.0 4.549022832276415 1.407430178686622 44.0 
281.0 328.0 4.549022832276415 1.407430178686622 44.0 
281.0 329.0 4.549022832276415 1.407430178686622 44.0 
281.0 330.0 4.549022832276415 1.407430178686622 44.0 
281.0 331.0 4.549022832276415 1.407430178686622 44.0 
281.0 332.0 4.549022832276415 1.407430178686622 44.0 
281.0 333.0 4.549022832276415 1.407430178686622 44.0 
281.0 334.0 4.549022832276415 1.407430178686622 44.0 
281.0 335.0 4.549022832276415 1.407430178686622 44.0 
281.0 336.0 4.549022832276415 1.407430178686622 44.0 
281.0 337.0 4.549022832276415 1.407430178686622 44.0 
281.0 338.0 4.549022832276415 1.407430178686622 44.0 
281.0 339.0 4.549022832276415 1.407430178686622 44.0 
281.0 340.0 4.549022832276415 1.407430178686622 44.0 
281.0 341.0 4.549022832276415 1.407430178686622 44.0 
281.0 342.0 4.549022832276415 1.407430178686622 44.0 
281.0 343.0 4.549022832276415 1.407430178686622 44.0 
282.0 313.0 4.549022832276415 1.407430178686622 44.0 
282.0 314.0 4.549022832276415 1.407430178686622 44.0 
282.0 315.0 4.549022832276415 1.407430178686622 44.0 
282.0 316.0 4.549022832276415 1.407430178686622 44.0 
282.0 317.0 4.549022832276415 1.407430178686622 44.0 
282.0 318.0 4.549022832276415 1.407430178686622 44.0 
282.0 319.0 4.549022832276415 1.407430178686622 44.0 
282.0 320.0 4.549022832276415 1.407430178686622 44.0 
282.0 321.0 4.549022832276415 1.407430178686622 44.0 
282.0 322.0 4.549022832276415 1.407430178686622 44.0 
282.0 323.0 4.549022832276415 1.407430178686622 44.0 
282.0 324.0 4.549022832276415 1.407430178686622 44.0 
282.0 325.0 4.549022832276415 1.407430178686622 44.0 
282.0 326.0 4.549022832276415 1.407430178686622 44.0 
282.0 327.0 4.549022832276415 1.407430178686622 44.0 
282.0 328.0 4.549022832276415 1.407430178686622 44.0 
282.0 329.0 4.549022832276415 1.407430178686622 44.0 
282.0 330.0 4.549022832276415 1.407430178686622 44.0 
282.0 331.0 4.549022832276415 1.407430178686622 44.0 
282.0 332.0 4.549022832276415 1.407430178686622 44.0 
282.0 333.0 4.549022832276415 1.407430178686622 44.0 
282.0 334.0 4.549022832276415 1.407430178686622 44.0 
282.0 335.0 4.549022832276415 1.407430178686622 44.0 
282.0 336.0 4.549022832276415 1.407430178686622 44.0 
282.0 337.0 4.549022832276415 1.407430178686622 44.0 
282.0 338.0 4.549022832276415 1.407430178686622 44.0 
282.0 339.0 4.549022832276415 1.407430178686622 44.0 
282.0 340.0 4.549022832276415 1.407430178686622 44.0 
282.0 341.0 4.549022832276415 1.407430178686622 44.0 
282.0 342.0 4.549022832276415 1.407430178686622 44.0 
282.0 343.0 4.549022832276415 1.407430178686622 44.0 
282.0 344.0 4.549022832276415 1.407430178686622 44.0 
282.0 345.0 4.549022832276415 1.407430178686622 44.0 
282.0 346.0 4.549022832276415 1.407430178686622 44.0 
282.0 347.0 4.549022832276415 1.407430178686622 44.0 
282.0 348.0 4.549022832276415 1.407430178686622 44.0 
282.0 349.0 4.549022832276415 1.407430178686622 44.0 
283.0 319.0 4.549022832276415 1.407430178686622 44.0 
283.0 320.0 4.549022832276415 1.407430178686622 44.0 
283.0 321.0 4.549022832276415 1.407430178686622 44.0 
283.0 322.0 4.549022832276415 1.407430178686622 44.0 
283.0 323.0 4.549022832276415 1.407430178686622 44.0 
283.0 324.0 4.549022832276415 1.407430178686622 44.0 
283.0 325.0 4.549022832276415 1.407430178686622 44.0 
283.0 326.0 4.549022832276415 1.407430178686622 44.0 
283.0 327.0 4.549022832276415 1.407430178686622 44.0 
283.0 328.0 4.549022832276415 1.407430178686622 44.0 
283.0 329.0 4.549022832276415 1.407430178686622 44.0 
283.0 330.0 4.549022832276415 1.407430178686622 44.0 
283.0 331.0 4.549022832276415 1.407430178686622 44.0 
283.0 332.0 4.549022832276415 1.407430178686622 44.0 
283.0 333.0 4.549022832276415 1.407430178686622 44.0 
283.0 334.0 4.549022832276415 1.407430178686622 44.0 
283.0 335.0 4.549022832276415 1.407430178686622 44.0 
283.0 336.0 4.549022832276415 1.407430178686622 44.0 
283.0 337.0 4.549022832276415 1.407430178686622 44.0 
283.0 338.0 4.549022832276415 1.407430178686622 44.0 
283.0 339.0 4.549022832276415 1.407430178686622 44.0 
283.0 340.0 4.549022832276415 1.407430178686622 44.0 
283.0 341.0 4.549022832276415 1.407430178686622 44.0 
283.0 342.0 4.549022832276415 1.407430178686622 44.0 
283.0 343.0 4.549022832276415 1.407430178686622 44.0 
283.0 344.0 4.549022832276415 1.407430178686622 44.0 
283.0 345.0 4.549022832276415 1.407430178686622 44.0 
283.0 346.0 4.549022832276415 1.407430178686622 44.0 
283.0 347.0 4.549022832276415 1.407430178686622 44.0 
283.0 348.0 4.549022832276415 1.407430178686622 44.0 
283.0 349.0 4.549022832276415 1.407430178686622 44.0 
284.0 325.0 4.549022832276415 1.407430178686622 44.0 
284.0 326.0 4.549022832276415 1.407430178686622 44.0 
284.0 327.0 4.549022832276415 1.407430178686622 44.0 
284.0 328.0 4.549022832276415 1.407430178686622 44.0 
284.0 329.0 4.549022832276415 1.407430178686622 44.0 
284.0 330.0 4.549022832276415 1.407430178686622 44.0 
284.0 331.0 4.549022832276415 1.407430178686622 44.0 
284.0 332.0 4.549022832276415 1.407430178686622 44.0 
284.0 333.0 4.549022832276415 1.407430178686622 44.0 
284.0 334.0 4.549022832276415 1.407430178686622 44.0 
284.0 335.0 4.549022832276415 1.407430178686622 44.0 
284.0 336.0 4.549022832276415 1.407430178686622 44.0 
284.0 337.0 4.549022832276415 1.407430178686622 44.0 
284.0 338.0 4.549022832276415 1.407430178686622 44.0 
284.0 339.0 4.549022832276415 1.407430178686622 44.0 
284.0 340.0 4.549022832276415 1.407430178686622 44.0 
284.0 341.0 4.549022832276415 1.407430178686622 44.0 
284.0 342.0 4.549022832276415 1.407430178686622 44.0 
284.0 343.0 4.549022832276415 1.407430178686622 44.0 
284.0 344.0 4.549022832276415 1.407430178686622 44.0 
284.0 345.0 4.549022832276415 1.407430178686622 44.0 
284.0 346.0 4.549022832276415 1.407430178686622 44.0 
284.0 347.0 4.549022832276415 1.407430178686622 44.0 
284.0 348.0 4.549022832276415 1.407430178686622 44.0 
284.0 349.0 4.549022832276415 1.407430178686622 44.0 
285.0 331.0 4.549022832276415 1.407430178686622 44.0 
285.0 332.0 4.549022832276415 1.407430178686622 44.0 
285.0 333.0 4.549022832276415 1.407430178686622 44.0 
285.0 334.0 4.549022832276415 1.407430178686622 44.0 
285.0 335.0 4.549022832276415 1.407430178686622 44.0 
285.0 336.0 4.549022832276415 1.407430178686622 44.0 
285.0 337.0 4.549022832276415 1.407430178686622 44.0 
285.0 338.0 4.549022832276415 1.407430178686622 44.0 
285.0 339.0 4.549022832276415 1.407430178686622 44.0 
285.0 340.0 4.549022832276415 1.407430178686622 44.0 
285.0 341.0 4.549022832276415 1.407430178686622 44.0 
285.0 342.0 4.549022832276415 1.407430178686622 44.0 
285.0 343.0 4.549022832276415 1.407430178686622 44.0 
285.0 344.0 4.549022832276415 1.407430178686622 44.0 
285.0 345.0 4.549022832276415 1.407430178686622 44.0 
285.0 346.0 4.549022832276415 1.407430178686622 44.0 
285.0 347.0 4.549022832276415 1.407430178686622 44.0 
285.0 348.0 4.549022832276415 1.407430178686622 44.0 
286.0 337.0 4.549022832276415 1.407430178686622 44.0 
286.0 338.0 4.549022832276415 1.407430178686622 44.0 
286.0 339.0 4.549022832276415 1.407430178686622 44.0 
286.0 340.0 4.549022832276415 1.407430178686622 44.0 
286.0 341.0 4.549022832276415 1.407430178686622 44.0 
286.0 342.0 4.549022832276415 1.407430178686622 44.0 
286.0 343.0 4.549022832276415 1.407430178686622 44.0 
286.0 344.0 4.549022832276415 1.407430178686622 44.0 
286.0 345.0 4.549022832276415 1.407430178686622 44.0 
286.0 346.0 4.549022832276415 1.407430178686622 44.0 
286.0 347.0 4.549022832276415 1.407430178686622 44.0 
286.0 348.0 4.549022832276415 1.407430178686622 44.0 
287.0 343.0 4.549022832276415 1.407430178686622 44.0 
287.0 344.0 4.549022832276415 1.407430178686622 44.0 
287.0 345.0 4.549022832276415 1.407430178686622 44.0 
287.0 346.0 4.549022832276415 1.407430178686622 44.0 
287.0 347.0 4.549022832276415 1.407430178686622 44.0 
287.0 348.0 4.549022832276415 1.407430178686622 44.0 
