268.0 295.0 2.059916132306424 5.201508785896217 24.0 
268.0 296.0 2.059916132306424 5.201508785896217 24.0 
268.0 297.0 2.059916132306424 5.201508785896217 24.0 
269.0 293.0 2.059916132306424 5.201508785896217 24.0 
269.0 294.0 2.059916132306424 5.201508785896217 24.0 
269.0 295.0 2.059916132306424 5.201508785896217 24.0 
269.0 296.0 2.059916132306424 5.201508785896217 24.0 
269.0 297.0 2.059916132306424 5.201508785896217 24.0 
270.0 291.0 2.059916132306424 5.201508785896217 24.0 
270.0 292.0 2.059916132306424 5.201508785896217 24.0 
270.0 293.0 2.059916132306424 5.201508785896217 24.0 
270.0 294.0 2.059916132306424 5.201508785896217 24.0 
270.0 295.0 2.059916132306424 5.201508785896217 24.0 
270.0 296.0 2.059916132306424 5.201508785896217 24.0 
270.0 297.0 2.059916132306424 5.201508785896217 24.0 
270.0 298.0 2.059916132306424 5.201508785896217 24.0 
271.0 289.0 2.059916132306424 5.201508785896217 24.0 
271.0 290.0 2.059916132306424 5.201508785896217 24.0 
271.0 291.0 2.059916132306424 5.201508785896217 24.0 
271.0 292.0 2.059916132306424 5.201508785896217 24.0 
271.0 293.0 2.059916132306424 5.201508785896217 24.0 
271.0 294.0 2.059916132306424 5.201508785896217 24.0 
271.0 295.0 2.059916132306424 5.201508785896217 24.0 
271.0 296.0 2.059916132306424 5.201508785896217 24.0 
271.0 297.0 2.059916132306424 5.201508785896217 24.0 
271.0 298.0 2.059916132306424 5.201508785896217 24.0 
271.0 299.0 2.059916132306424 5.201508785896217 24.0 
272.0 288.0 2.059916132306424 5.201508785896217 24.0 
272.0 289.0 2.059916132306424 5.201508785896217 24.0 
272.0 290.0 2.059916132306424 5.201508785896217 24.0 
272.0 291.0 2.059916132306424 5.201508785896217 24.0 
272.0 292.0 2.059916132306424 5.201508785896217 24.0 
272.0 293.0 2.059916132306424 5.201508785896217 24.0 
272.0 294.0 2.059916132306424 5.201508785896217 24.0 
272.0 295.0 2.059916132306424 5.201508785896217 24.0 
272.0 296.0 2.059916132306424 5.201508785896217 24.0 
272.0 297.0 2.059916132306424 5.201508785896217 24.0 
273.0 286.0 2.059916132306424 5.201508785896217 24.0 
273.0 287.0 2.059916132306424 5.201508785896217 24.0 
273.0 288.0 2.059916132306424 5.201508785896217 24.0 
273.0 289.0 2.059916132306424 5.201508785896217 24.0 
273.0 290.0 2.059916132306424 5.201508785896217 24.0 
273.0 291.0 2.059916132306424 5.201508785896217 24.0 
273.0 292.0 2.059916132306424 5.201508785896217 24.0 
273.0 293.0 2.059916132306424 5.201508785896217 24.0 
273.0 294.0 2.059916132306424 5.201508785896217 24.0 
273.0 295.0 2.059916132306424 5.201508785896217 24.0 
274.0 284.0 2.059916132306424 5.201508785896217 24.0 
274.0 285.0 2.059916132306424 5.201508785896217 24.0 
274.0 286.0 2.059916132306424 5.201508785896217 24.0 
274.0 287.0 2.059916132306424 5.201508785896217 24.0 
274.0 288.0 2.059916132306424 5.201508785896217 24.0 
274.0 289.0 2.059916132306424 5.201508785896217 24.0 
274.0 290.0 2.059916132306424 5.201508785896217 24.0 
274.0 291.0 2.059916132306424 5.201508785896217 24.0 
274.0 292.0 2.059916132306424 5.201508785896217 24.0 
274.0 293.0 2.059916132306424 5.201508785896217 24.0 
275.0 282.0 2.059916132306424 5.201508785896217 24.0 
275.0 283.0 2.059916132306424 5.201508785896217 24.0 
275.0 284.0 2.059916132306424 5.201508785896217 24.0 
275.0 285.0 2.059916132306424 5.201508785896217 24.0 
275.0 286.0 2.059916132306424 5.201508785896217 24.0 
275.0 287.0 2.059916132306424 5.201508785896217 24.0 
275.0 288.0 2.059916132306424 5.201508785896217 24.0 
275.0 289.0 2.059916132306424 5.201508785896217 24.0 
275.0 290.0 2.059916132306424 5.201508785896217 24.0 
275.0 291.0 2.059916132306424 5.201508785896217 24.0 
275.0 292.0 2.059916132306424 5.201508785896217 24.0 
276.0 280.0 2.059916132306424 5.201508785896217 24.0 
276.0 281.0 2.059916132306424 5.201508785896217 24.0 
276.0 282.0 2.059916132306424 5.201508785896217 24.0 
276.0 283.0 2.059916132306424 5.201508785896217 24.0 
276.0 284.0 2.059916132306424 5.201508785896217 24.0 
276.0 285.0 2.059916132306424 5.201508785896217 24.0 
276.0 286.0 2.059916132306424 5.201508785896217 24.0 
276.0 287.0 2.059916132306424 5.201508785896217 24.0 
276.0 288.0 2.059916132306424 5.201508785896217 24.0 
276.0 289.0 2.059916132306424 5.201508785896217 24.0 
276.0 290.0 2.059916132306424 5.201508785896217 24.0 
277.0 278.0 2.059916132306424 5.201508785896217 24.0 
277.0 279.0 2.059916132306424 5.201508785896217 24.0 
277.0 280.0 2.059916132306424 5.201508785896217 24.0 
277.0 281.0 2.059916132306424 5.201508785896217 24.0 
277.0 282.0 2.059916132306424 5.201508785896217 24.0 
277.0 283.0 2.059916132306424 5.201508785896217 24.0 
277.0 284.0 2.059916132306424 5.201508785896217 24.0 
277.0 285.0 2.059916132306424 5.201508785896217 24.0 
277.0 286.0 2.059916132306424 5.201508785896217 24.0 
277.0 287.0 2.059916132306424 5.201508785896217 24.0 
277.0 288.0 2.059916132306424 5.201508785896217 24.0 
278.0 276.0 2.059916132306424 5.201508785896217 24.0 
278.0 277.0 2.059916132306424 5.201508785896217 24.0 
278.0 278.0 2.059916132306424 5.201508785896217 24.0 
278.0 279.0 2.059916132306424 5.201508785896217 24.0 
278.0 280.0 2.059916132306424 5.201508785896217 24.0 
278.0 281.0 2.059916132306424 5.201508785896217 24.0 
278.0 282.0 2.059916132306424 5.201508785896217 24.0 
278.0 283.0 2.059916132306424 5.201508785896217 24.0 
278.0 284.0 2.059916132306424 5.201508785896217 24.0 
278.0 285.0 2.059916132306424 5.201508785896217 24.0 
278.0 286.0 2.059916132306424 5.201508785896217 24.0 
279.0 274.0 2.059916132306424 5.201508785896217 24.0 
279.0 275.0 2.059916132306424 5.201508785896217 24.0 
279.0 276.0 2.059916132306424 5.201508785896217 24.0 
279.0 277.0 2.059916132306424 5.201508785896217 24.0 
279.0 278.0 2.059916132306424 5.201508785896217 24.0 
279.0 279.0 2.059916132306424 5.201508785896217 24.0 
279.0 280.0 2.059916132306424 5.201508785896217 24.0 
279.0 281.0 2.059916132306424 5.201508785896217 24.0 
279.0 282.0 2.059916132306424 5.201508785896217 24.0 
279.0 283.0 2.059916132306424 5.201508785896217 24.0 
279.0 284.0 2.059916132306424 5.201508785896217 24.0 
280.0 273.0 2.059916132306424 5.201508785896217 24.0 
280.0 274.0 2.059916132306424 5.201508785896217 24.0 
280.0 275.0 2.059916132306424 5.201508785896217 24.0 
280.0 276.0 2.059916132306424 5.201508785896217 24.0 
280.0 277.0 2.059916132306424 5.201508785896217 24.0 
280.0 278.0 2.059916132306424 5.201508785896217 24.0 
280.0 279.0 2.059916132306424 5.201508785896217 24.0 
280.0 280.0 2.059916132306424 5.201508785896217 24.0 
280.0 281.0 2.059916132306424 5.201508785896217 24.0 
280.0 282.0 2.059916132306424 5.201508785896217 24.0 
281.0 271.0 2.059916132306424 5.201508785896217 24.0 
281.0 272.0 2.059916132306424 5.201508785896217 24.0 
281.0 273.0 2.059916132306424 5.201508785896217 24.0 
281.0 274.0 2.059916132306424 5.201508785896217 24.0 
281.0 275.0 2.059916132306424 5.201508785896217 24.0 
281.0 276.0 2.059916132306424 5.201508785896217 24.0 
281.0 277.0 2.059916132306424 5.201508785896217 24.0 
281.0 278.0 2.059916132306424 5.201508785896217 24.0 
281.0 279.0 2.059916132306424 5.201508785896217 24.0 
281.0 280.0 2.059916132306424 5.201508785896217 24.0 
282.0 269.0 2.059916132306424 5.201508785896217 24.0 
282.0 270.0 2.059916132306424 5.201508785896217 24.0 
282.0 271.0 2.059916132306424 5.201508785896217 24.0 
282.0 272.0 2.059916132306424 5.201508785896217 24.0 
282.0 273.0 2.059916132306424 5.201508785896217 24.0 
282.0 274.0 2.059916132306424 5.201508785896217 24.0 
282.0 275.0 2.059916132306424 5.201508785896217 24.0 
282.0 276.0 2.059916132306424 5.201508785896217 24.0 
282.0 277.0 2.059916132306424 5.201508785896217 24.0 
282.0 278.0 2.059916132306424 5.201508785896217 24.0 
283.0 267.0 2.059916132306424 5.201508785896217 24.0 
283.0 268.0 2.059916132306424 5.201508785896217 24.0 
283.0 269.0 2.059916132306424 5.201508785896217 24.0 
283.0 270.0 2.059916132306424 5.201508785896217 24.0 
283.0 271.0 2.059916132306424 5.201508785896217 24.0 
283.0 272.0 2.059916132306424 5.201508785896217 24.0 
283.0 273.0 2.059916132306424 5.201508785896217 24.0 
283.0 274.0 2.059916132306424 5.201508785896217 24.0 
283.0 275.0 2.059916132306424 5.201508785896217 24.0 
283.0 276.0 2.059916132306424 5.201508785896217 24.0 
283.0 277.0 2.059916132306424 5.201508785896217 24.0 
284.0 265.0 2.059916132306424 5.201508785896217 24.0 
284.0 266.0 2.059916132306424 5.201508785896217 24.0 
284.0 267.0 2.059916132306424 5.201508785896217 24.0 
284.0 268.0 2.059916132306424 5.201508785896217 24.0 
284.0 269.0 2.059916132306424 5.201508785896217 24.0 
284.0 270.0 2.059916132306424 5.201508785896217 24.0 
284.0 271.0 2.059916132306424 5.201508785896217 24.0 
284.0 272.0 2.059916132306424 5.201508785896217 24.0 
284.0 273.0 2.059916132306424 5.201508785896217 24.0 
284.0 274.0 2.059916132306424 5.201508785896217 24.0 
284.0 275.0 2.059916132306424 5.201508785896217 24.0 
285.0 263.0 2.059916132306424 5.201508785896217 24.0 
285.0 264.0 2.059916132306424 5.201508785896217 24.0 
285.0 265.0 2.059916132306424 5.201508785896217 24.0 
285.0 266.0 2.059916132306424 5.201508785896217 24.0 
285.0 267.0 2.059916132306424 5.201508785896217 24.0 
285.0 268.0 2.059916132306424 5.201508785896217 24.0 
285.0 269.0 2.059916132306424 5.201508785896217 24.0 
285.0 270.0 2.059916132306424 5.201508785896217 24.0 
285.0 271.0 2.059916132306424 5.201508785896217 24.0 
285.0 272.0 2.059916132306424 5.201508785896217 24.0 
285.0 273.0 2.059916132306424 5.201508785896217 24.0 
286.0 261.0 2.059916132306424 5.201508785896217 24.0 
286.0 262.0 2.059916132306424 5.201508785896217 24.0 
286.0 263.0 2.059916132306424 5.201508785896217 24.0 
286.0 264.0 2.059916132306424 5.201508785896217 24.0 
286.0 265.0 2.059916132306424 5.201508785896217 24.0 
286.0 266.0 2.059916132306424 5.201508785896217 24.0 
286.0 267.0 2.059916132306424 5.201508785896217 24.0 
286.0 268.0 2.059916132306424 5.201508785896217 24.0 
286.0 269.0 2.059916132306424 5.201508785896217 24.0 
286.0 270.0 2.059916132306424 5.201508785896217 24.0 
286.0 271.0 2.059916132306424 5.201508785896217 24.0 
287.0 259.0 2.059916132306424 5.201508785896217 24.0 
287.0 260.0 2.059916132306424 5.201508785896217 24.0 
287.0 261.0 2.059916132306424 5.201508785896217 24.0 
287.0 262.0 2.059916132306424 5.201508785896217 24.0 
287.0 263.0 2.059916132306424 5.201508785896217 24.0 
287.0 264.0 2.059916132306424 5.201508785896217 24.0 
287.0 265.0 2.059916132306424 5.201508785896217 24.0 
287.0 266.0 2.059916132306424 5.201508785896217 24.0 
287.0 267.0 2.059916132306424 5.201508785896217 24.0 
287.0 268.0 2.059916132306424 5.201508785896217 24.0 
287.0 269.0 2.059916132306424 5.201508785896217 24.0 
288.0 257.0 2.059916132306424 5.201508785896217 24.0 
288.0 258.0 2.059916132306424 5.201508785896217 24.0 
288.0 259.0 2.059916132306424 5.201508785896217 24.0 
288.0 260.0 2.059916132306424 5.201508785896217 24.0 
288.0 261.0 2.059916132306424 5.201508785896217 24.0 
288.0 262.0 2.059916132306424 5.201508785896217 24.0 
288.0 263.0 2.059916132306424 5.201508785896217 24.0 
288.0 264.0 2.059916132306424 5.201508785896217 24.0 
288.0 265.0 2.059916132306424 5.201508785896217 24.0 
288.0 266.0 2.059916132306424 5.201508785896217 24.0 
288.0 267.0 2.059916132306424 5.201508785896217 24.0 
289.0 256.0 2.059916132306424 5.201508785896217 24.0 
289.0 257.0 2.059916132306424 5.201508785896217 24.0 
289.0 258.0 2.059916132306424 5.201508785896217 24.0 
289.0 259.0 2.059916132306424 5.201508785896217 24.0 
289.0 260.0 2.059916132306424 5.201508785896217 24.0 
289.0 261.0 2.059916132306424 5.201508785896217 24.0 
289.0 262.0 2.059916132306424 5.201508785896217 24.0 
289.0 263.0 2.059916132306424 5.201508785896217 24.0 
289.0 264.0 2.059916132306424 5.201508785896217 24.0 
289.0 265.0 2.059916132306424 5.201508785896217 24.0 
290.0 254.0 2.059916132306424 5.201508785896217 24.0 
290.0 255.0 2.059916132306424 5.201508785896217 24.0 
290.0 256.0 2.059916132306424 5.201508785896217 24.0 
290.0 257.0 2.059916132306424 5.201508785896217 24.0 
290.0 258.0 2.059916132306424 5.201508785896217 24.0 
290.0 259.0 2.059916132306424 5.201508785896217 24.0 
290.0 260.0 2.059916132306424 5.201508785896217 24.0 
290.0 261.0 2.059916132306424 5.201508785896217 24.0 
290.0 262.0 2.059916132306424 5.201508785896217 24.0 
290.0 263.0 2.059916132306424 5.201508785896217 24.0 
291.0 252.0 2.059916132306424 5.201508785896217 24.0 
291.0 253.0 2.059916132306424 5.201508785896217 24.0 
291.0 254.0 2.059916132306424 5.201508785896217 24.0 
291.0 255.0 2.059916132306424 5.201508785896217 24.0 
291.0 256.0 2.059916132306424 5.201508785896217 24.0 
291.0 257.0 2.059916132306424 5.201508785896217 24.0 
291.0 258.0 2.059916132306424 5.201508785896217 24.0 
291.0 259.0 2.059916132306424 5.201508785896217 24.0 
291.0 260.0 2.059916132306424 5.201508785896217 24.0 
291.0 261.0 2.059916132306424 5.201508785896217 24.0 
292.0 250.0 2.059916132306424 5.201508785896217 24.0 
292.0 251.0 2.059916132306424 5.201508785896217 24.0 
292.0 252.0 2.059916132306424 5.201508785896217 24.0 
292.0 253.0 2.059916132306424 5.201508785896217 24.0 
292.0 254.0 2.059916132306424 5.201508785896217 24.0 
292.0 255.0 2.059916132306424 5.201508785896217 24.0 
292.0 256.0 2.059916132306424 5.201508785896217 24.0 
292.0 257.0 2.059916132306424 5.201508785896217 24.0 
292.0 258.0 2.059916132306424 5.201508785896217 24.0 
292.0 259.0 2.059916132306424 5.201508785896217 24.0 
292.0 260.0 2.059916132306424 5.201508785896217 24.0 
293.0 248.0 2.059916132306424 5.201508785896217 24.0 
293.0 249.0 2.059916132306424 5.201508785896217 24.0 
293.0 250.0 2.059916132306424 5.201508785896217 24.0 
293.0 251.0 2.059916132306424 5.201508785896217 24.0 
293.0 252.0 2.059916132306424 5.201508785896217 24.0 
293.0 253.0 2.059916132306424 5.201508785896217 24.0 
293.0 254.0 2.059916132306424 5.201508785896217 24.0 
293.0 255.0 2.059916132306424 5.201508785896217 24.0 
293.0 256.0 2.059916132306424 5.201508785896217 24.0 
293.0 257.0 2.059916132306424 5.201508785896217 24.0 
293.0 258.0 2.059916132306424 5.201508785896217 24.0 
294.0 246.0 2.059916132306424 5.201508785896217 24.0 
294.0 247.0 2.059916132306424 5.201508785896217 24.0 
294.0 248.0 2.059916132306424 5.201508785896217 24.0 
294.0 249.0 2.059916132306424 5.201508785896217 24.0 
294.0 250.0 2.059916132306424 5.201508785896217 24.0 
294.0 251.0 2.059916132306424 5.201508785896217 24.0 
294.0 252.0 2.059916132306424 5.201508785896217 24.0 
294.0 253.0 2.059916132306424 5.201508785896217 24.0 
294.0 254.0 2.059916132306424 5.201508785896217 24.0 
294.0 255.0 2.059916132306424 5.201508785896217 24.0 
294.0 256.0 2.059916132306424 5.201508785896217 24.0 
295.0 244.0 2.059916132306424 5.201508785896217 24.0 
295.0 245.0 2.059916132306424 5.201508785896217 24.0 
295.0 246.0 2.059916132306424 5.201508785896217 24.0 
295.0 247.0 2.059916132306424 5.201508785896217 24.0 
295.0 248.0 2.059916132306424 5.201508785896217 24.0 
295.0 249.0 2.059916132306424 5.201508785896217 24.0 
295.0 250.0 2.059916132306424 5.201508785896217 24.0 
295.0 251.0 2.059916132306424 5.201508785896217 24.0 
295.0 252.0 2.059916132306424 5.201508785896217 24.0 
295.0 253.0 2.059916132306424 5.201508785896217 24.0 
295.0 254.0 2.059916132306424 5.201508785896217 24.0 
296.0 242.0 2.059916132306424 5.201508785896217 24.0 
296.0 243.0 2.059916132306424 5.201508785896217 24.0 
296.0 244.0 2.059916132306424 5.201508785896217 24.0 
296.0 245.0 2.059916132306424 5.201508785896217 24.0 
296.0 246.0 2.059916132306424 5.201508785896217 24.0 
296.0 247.0 2.059916132306424 5.201508785896217 24.0 
296.0 248.0 2.059916132306424 5.201508785896217 24.0 
296.0 249.0 2.059916132306424 5.201508785896217 24.0 
296.0 250.0 2.059916132306424 5.201508785896217 24.0 
296.0 251.0 2.059916132306424 5.201508785896217 24.0 
296.0 252.0 2.059916132306424 5.201508785896217 24.0 
297.0 241.0 2.059916132306424 5.201508785896217 24.0 
297.0 242.0 2.059916132306424 5.201508785896217 24.0 
297.0 243.0 2.059916132306424 5.201508785896217 24.0 
297.0 244.0 2.059916132306424 5.201508785896217 24.0 
297.0 245.0 2.059916132306424 5.201508785896217 24.0 
297.0 246.0 2.059916132306424 5.201508785896217 24.0 
297.0 247.0 2.059916132306424 5.201508785896217 24.0 
297.0 248.0 2.059916132306424 5.201508785896217 24.0 
297.0 249.0 2.059916132306424 5.201508785896217 24.0 
297.0 250.0 2.059916132306424 5.201508785896217 24.0 
298.0 239.0 2.059916132306424 5.201508785896217 24.0 
298.0 240.0 2.059916132306424 5.201508785896217 24.0 
298.0 241.0 2.059916132306424 5.201508785896217 24.0 
298.0 242.0 2.059916132306424 5.201508785896217 24.0 
298.0 243.0 2.059916132306424 5.201508785896217 24.0 
298.0 244.0 2.059916132306424 5.201508785896217 24.0 
298.0 245.0 2.059916132306424 5.201508785896217 24.0 
298.0 246.0 2.059916132306424 5.201508785896217 24.0 
298.0 247.0 2.059916132306424 5.201508785896217 24.0 
298.0 248.0 2.059916132306424 5.201508785896217 24.0 
299.0 237.0 2.059916132306424 5.201508785896217 24.0 
299.0 238.0 2.059916132306424 5.201508785896217 24.0 
299.0 239.0 2.059916132306424 5.201508785896217 24.0 
299.0 240.0 2.059916132306424 5.201508785896217 24.0 
299.0 241.0 2.059916132306424 5.201508785896217 24.0 
299.0 242.0 2.059916132306424 5.201508785896217 24.0 
299.0 243.0 2.059916132306424 5.201508785896217 24.0 
299.0 244.0 2.059916132306424 5.201508785896217 24.0 
299.0 245.0 2.059916132306424 5.201508785896217 24.0 
299.0 246.0 2.059916132306424 5.201508785896217 24.0 
300.0 235.0 2.059916132306424 5.201508785896217 24.0 
300.0 236.0 2.059916132306424 5.201508785896217 24.0 
300.0 237.0 2.059916132306424 5.201508785896217 24.0 
300.0 238.0 2.059916132306424 5.201508785896217 24.0 
300.0 239.0 2.059916132306424 5.201508785896217 24.0 
300.0 240.0 2.059916132306424 5.201508785896217 24.0 
300.0 241.0 2.059916132306424 5.201508785896217 24.0 
300.0 242.0 2.059916132306424 5.201508785896217 24.0 
300.0 243.0 2.059916132306424 5.201508785896217 24.0 
300.0 244.0 2.059916132306424 5.201508785896217 24.0 
300.0 245.0 2.059916132306424 5.201508785896217 24.0 
301.0 236.0 2.059916132306424 5.201508785896217 24.0 
301.0 237.0 2.059916132306424 5.201508785896217 24.0 
301.0 238.0 2.059916132306424 5.201508785896217 24.0 
301.0 239.0 2.059916132306424 5.201508785896217 24.0 
301.0 240.0 2.059916132306424 5.201508785896217 24.0 
301.0 241.0 2.059916132306424 5.201508785896217 24.0 
301.0 242.0 2.059916132306424 5.201508785896217 24.0 
301.0 243.0 2.059916132306424 5.201508785896217 24.0 
302.0 236.0 2.059916132306424 5.201508785896217 24.0 
302.0 237.0 2.059916132306424 5.201508785896217 24.0 
302.0 238.0 2.059916132306424 5.201508785896217 24.0 
302.0 239.0 2.059916132306424 5.201508785896217 24.0 
302.0 240.0 2.059916132306424 5.201508785896217 24.0 
302.0 241.0 2.059916132306424 5.201508785896217 24.0 
303.0 237.0 2.059916132306424 5.201508785896217 24.0 
303.0 238.0 2.059916132306424 5.201508785896217 24.0 
303.0 239.0 2.059916132306424 5.201508785896217 24.0 
