279.0 324.0 2.0795261511104512 5.221118804700245 28.0 
279.0 325.0 2.0795261511104512 5.221118804700245 28.0 
280.0 323.0 2.0795261511104512 5.221118804700245 28.0 
280.0 324.0 2.0795261511104512 5.221118804700245 28.0 
280.0 325.0 2.0795261511104512 5.221118804700245 28.0 
280.0 326.0 2.0795261511104512 5.221118804700245 28.0 
281.0 321.0 2.0795261511104512 5.221118804700245 28.0 
281.0 322.0 2.0795261511104512 5.221118804700245 28.0 
281.0 323.0 2.0795261511104512 5.221118804700245 28.0 
281.0 324.0 2.0795261511104512 5.221118804700245 28.0 
282.0 319.0 2.0795261511104512 5.221118804700245 28.0 
282.0 320.0 2.0795261511104512 5.221118804700245 28.0 
282.0 321.0 2.0795261511104512 5.221118804700245 28.0 
282.0 322.0 2.0795261511104512 5.221118804700245 28.0 
283.0 317.0 2.0795261511104512 5.221118804700245 28.0 
283.0 318.0 2.0795261511104512 5.221118804700245 28.0 
283.0 319.0 2.0795261511104512 5.221118804700245 28.0 
283.0 320.0 2.0795261511104512 5.221118804700245 28.0 
284.0 315.0 2.0795261511104512 5.221118804700245 28.0 
284.0 316.0 2.0795261511104512 5.221118804700245 28.0 
284.0 317.0 2.0795261511104512 5.221118804700245 28.0 
284.0 318.0 2.0795261511104512 5.221118804700245 28.0 
284.0 319.0 2.0795261511104512 5.221118804700245 28.0 
285.0 314.0 2.0795261511104512 5.221118804700245 28.0 
285.0 315.0 2.0795261511104512 5.221118804700245 28.0 
285.0 316.0 2.0795261511104512 5.221118804700245 28.0 
285.0 317.0 2.0795261511104512 5.221118804700245 28.0 
286.0 312.0 2.0795261511104512 5.221118804700245 28.0 
286.0 313.0 2.0795261511104512 5.221118804700245 28.0 
286.0 314.0 2.0795261511104512 5.221118804700245 28.0 
286.0 315.0 2.0795261511104512 5.221118804700245 28.0 
287.0 310.0 2.0795261511104512 5.221118804700245 28.0 
287.0 311.0 2.0795261511104512 5.221118804700245 28.0 
287.0 312.0 2.0795261511104512 5.221118804700245 28.0 
287.0 313.0 2.0795261511104512 5.221118804700245 28.0 
288.0 308.0 2.0795261511104512 5.221118804700245 28.0 
288.0 309.0 2.0795261511104512 5.221118804700245 28.0 
288.0 310.0 2.0795261511104512 5.221118804700245 28.0 
288.0 311.0 2.0795261511104512 5.221118804700245 28.0 
289.0 307.0 2.0795261511104512 5.221118804700245 28.0 
289.0 308.0 2.0795261511104512 5.221118804700245 28.0 
289.0 309.0 2.0795261511104512 5.221118804700245 28.0 
289.0 310.0 2.0795261511104512 5.221118804700245 28.0 
290.0 305.0 2.0795261511104512 5.221118804700245 28.0 
290.0 306.0 2.0795261511104512 5.221118804700245 28.0 
290.0 307.0 2.0795261511104512 5.221118804700245 28.0 
290.0 308.0 2.0795261511104512 5.221118804700245 28.0 
291.0 303.0 2.0795261511104512 5.221118804700245 28.0 
291.0 304.0 2.0795261511104512 5.221118804700245 28.0 
291.0 305.0 2.0795261511104512 5.221118804700245 28.0 
291.0 306.0 2.0795261511104512 5.221118804700245 28.0 
292.0 301.0 2.0795261511104512 5.221118804700245 28.0 
292.0 302.0 2.0795261511104512 5.221118804700245 28.0 
292.0 303.0 2.0795261511104512 5.221118804700245 28.0 
292.0 304.0 2.0795261511104512 5.221118804700245 28.0 
293.0 299.0 2.0795261511104512 5.221118804700245 28.0 
293.0 300.0 2.0795261511104512 5.221118804700245 28.0 
293.0 301.0 2.0795261511104512 5.221118804700245 28.0 
293.0 302.0 2.0795261511104512 5.221118804700245 28.0 
294.0 298.0 2.0795261511104512 5.221118804700245 28.0 
294.0 299.0 2.0795261511104512 5.221118804700245 28.0 
294.0 300.0 2.0795261511104512 5.221118804700245 28.0 
294.0 301.0 2.0795261511104512 5.221118804700245 28.0 
295.0 296.0 2.0795261511104512 5.221118804700245 28.0 
295.0 297.0 2.0795261511104512 5.221118804700245 28.0 
295.0 298.0 2.0795261511104512 5.221118804700245 28.0 
295.0 299.0 2.0795261511104512 5.221118804700245 28.0 
296.0 294.0 2.0795261511104512 5.221118804700245 28.0 
296.0 295.0 2.0795261511104512 5.221118804700245 28.0 
296.0 296.0 2.0795261511104512 5.221118804700245 28.0 
296.0 297.0 2.0795261511104512 5.221118804700245 28.0 
297.0 292.0 2.0795261511104512 5.221118804700245 28.0 
297.0 293.0 2.0795261511104512 5.221118804700245 28.0 
297.0 294.0 2.0795261511104512 5.221118804700245 28.0 
297.0 295.0 2.0795261511104512 5.221118804700245 28.0 
298.0 290.0 2.0795261511104512 5.221118804700245 28.0 
298.0 291.0 2.0795261511104512 5.221118804700245 28.0 
298.0 292.0 2.0795261511104512 5.221118804700245 28.0 
298.0 293.0 2.0795261511104512 5.221118804700245 28.0 
299.0 289.0 2.0795261511104512 5.221118804700245 28.0 
299.0 290.0 2.0795261511104512 5.221118804700245 28.0 
299.0 291.0 2.0795261511104512 5.221118804700245 28.0 
299.0 292.0 2.0795261511104512 5.221118804700245 28.0 
300.0 287.0 2.0795261511104512 5.221118804700245 28.0 
300.0 288.0 2.0795261511104512 5.221118804700245 28.0 
300.0 289.0 2.0795261511104512 5.221118804700245 28.0 
300.0 290.0 2.0795261511104512 5.221118804700245 28.0 
301.0 285.0 2.0795261511104512 5.221118804700245 28.0 
301.0 286.0 2.0795261511104512 5.221118804700245 28.0 
301.0 287.0 2.0795261511104512 5.221118804700245 28.0 
301.0 288.0 2.0795261511104512 5.221118804700245 28.0 
302.0 283.0 2.0795261511104512 5.221118804700245 28.0 
302.0 284.0 2.0795261511104512 5.221118804700245 28.0 
302.0 285.0 2.0795261511104512 5.221118804700245 28.0 
302.0 286.0 2.0795261511104512 5.221118804700245 28.0 
303.0 281.0 2.0795261511104512 5.221118804700245 28.0 
303.0 282.0 2.0795261511104512 5.221118804700245 28.0 
303.0 283.0 2.0795261511104512 5.221118804700245 28.0 
303.0 284.0 2.0795261511104512 5.221118804700245 28.0 
303.0 285.0 2.0795261511104512 5.221118804700245 28.0 
304.0 280.0 2.0795261511104512 5.221118804700245 28.0 
304.0 281.0 2.0795261511104512 5.221118804700245 28.0 
304.0 282.0 2.0795261511104512 5.221118804700245 28.0 
304.0 283.0 2.0795261511104512 5.221118804700245 28.0 
305.0 278.0 2.0795261511104512 5.221118804700245 28.0 
305.0 279.0 2.0795261511104512 5.221118804700245 28.0 
305.0 280.0 2.0795261511104512 5.221118804700245 28.0 
305.0 281.0 2.0795261511104512 5.221118804700245 28.0 
306.0 276.0 2.0795261511104512 5.221118804700245 28.0 
306.0 277.0 2.0795261511104512 5.221118804700245 28.0 
306.0 278.0 2.0795261511104512 5.221118804700245 28.0 
306.0 279.0 2.0795261511104512 5.221118804700245 28.0 
307.0 274.0 2.0795261511104512 5.221118804700245 28.0 
307.0 275.0 2.0795261511104512 5.221118804700245 28.0 
307.0 276.0 2.0795261511104512 5.221118804700245 28.0 
307.0 277.0 2.0795261511104512 5.221118804700245 28.0 
308.0 274.0 2.0795261511104512 5.221118804700245 28.0 
308.0 275.0 2.0795261511104512 5.221118804700245 28.0 
308.0 276.0 2.0795261511104512 5.221118804700245 28.0 
264.0 346.0 2.2318394956455845 5.373432149235377 28.0 
265.0 345.0 2.2318394956455845 5.373432149235377 28.0 
265.0 346.0 2.2318394956455845 5.373432149235377 28.0 
265.0 347.0 2.2318394956455845 5.373432149235377 28.0 
266.0 343.0 2.2318394956455845 5.373432149235377 28.0 
266.0 344.0 2.2318394956455845 5.373432149235377 28.0 
266.0 345.0 2.2318394956455845 5.373432149235377 28.0 
266.0 346.0 2.2318394956455845 5.373432149235377 28.0 
267.0 342.0 2.2318394956455845 5.373432149235377 28.0 
267.0 343.0 2.2318394956455845 5.373432149235377 28.0 
267.0 344.0 2.2318394956455845 5.373432149235377 28.0 
268.0 341.0 2.2318394956455845 5.373432149235377 28.0 
268.0 342.0 2.2318394956455845 5.373432149235377 28.0 
268.0 343.0 2.2318394956455845 5.373432149235377 28.0 
269.0 339.0 2.2318394956455845 5.373432149235377 28.0 
269.0 340.0 2.2318394956455845 5.373432149235377 28.0 
269.0 341.0 2.2318394956455845 5.373432149235377 28.0 
269.0 342.0 2.2318394956455845 5.373432149235377 28.0 
270.0 338.0 2.2318394956455845 5.373432149235377 28.0 
270.0 339.0 2.2318394956455845 5.373432149235377 28.0 
270.0 340.0 2.2318394956455845 5.373432149235377 28.0 
271.0 337.0 2.2318394956455845 5.373432149235377 28.0 
271.0 338.0 2.2318394956455845 5.373432149235377 28.0 
271.0 339.0 2.2318394956455845 5.373432149235377 28.0 
272.0 336.0 2.2318394956455845 5.373432149235377 28.0 
272.0 337.0 2.2318394956455845 5.373432149235377 28.0 
272.0 338.0 2.2318394956455845 5.373432149235377 28.0 
273.0 334.0 2.2318394956455845 5.373432149235377 28.0 
273.0 335.0 2.2318394956455845 5.373432149235377 28.0 
273.0 336.0 2.2318394956455845 5.373432149235377 28.0 
273.0 337.0 2.2318394956455845 5.373432149235377 28.0 
274.0 333.0 2.2318394956455845 5.373432149235377 28.0 
274.0 334.0 2.2318394956455845 5.373432149235377 28.0 
274.0 335.0 2.2318394956455845 5.373432149235377 28.0 
275.0 332.0 2.2318394956455845 5.373432149235377 28.0 
275.0 333.0 2.2318394956455845 5.373432149235377 28.0 
275.0 334.0 2.2318394956455845 5.373432149235377 28.0 
276.0 330.0 2.2318394956455845 5.373432149235377 28.0 
276.0 331.0 2.2318394956455845 5.373432149235377 28.0 
276.0 332.0 2.2318394956455845 5.373432149235377 28.0 
276.0 333.0 2.2318394956455845 5.373432149235377 28.0 
277.0 329.0 2.2318394956455845 5.373432149235377 28.0 
277.0 330.0 2.2318394956455845 5.373432149235377 28.0 
277.0 331.0 2.2318394956455845 5.373432149235377 28.0 
278.0 329.0 2.2318394956455845 5.373432149235377 28.0 
278.0 330.0 2.2318394956455845 5.373432149235377 28.0 
248.0 298.0 2.469629481999562 5.611222135589355 28.0 
249.0 297.0 2.469629481999562 5.611222135589355 28.0 
249.0 298.0 2.469629481999562 5.611222135589355 28.0 
249.0 299.0 2.469629481999562 5.611222135589355 28.0 
250.0 297.0 2.469629481999562 5.611222135589355 28.0 
250.0 298.0 2.469629481999562 5.611222135589355 28.0 
251.0 296.0 2.469629481999562 5.611222135589355 28.0 
251.0 297.0 2.469629481999562 5.611222135589355 28.0 
252.0 295.0 2.469629481999562 5.611222135589355 28.0 
252.0 296.0 2.469629481999562 5.611222135589355 28.0 
252.0 297.0 2.469629481999562 5.611222135589355 28.0 
253.0 294.0 2.469629481999562 5.611222135589355 28.0 
253.0 295.0 2.469629481999562 5.611222135589355 28.0 
253.0 296.0 2.469629481999562 5.611222135589355 28.0 
254.0 293.0 2.469629481999562 5.611222135589355 28.0 
254.0 294.0 2.469629481999562 5.611222135589355 28.0 
254.0 295.0 2.469629481999562 5.611222135589355 28.0 
255.0 293.0 2.469629481999562 5.611222135589355 28.0 
255.0 294.0 2.469629481999562 5.611222135589355 28.0 
256.0 292.0 2.469629481999562 5.611222135589355 28.0 
256.0 293.0 2.469629481999562 5.611222135589355 28.0 
257.0 291.0 2.469629481999562 5.611222135589355 28.0 
257.0 292.0 2.469629481999562 5.611222135589355 28.0 
257.0 293.0 2.469629481999562 5.611222135589355 28.0 
258.0 290.0 2.469629481999562 5.611222135589355 28.0 
258.0 291.0 2.469629481999562 5.611222135589355 28.0 
258.0 292.0 2.469629481999562 5.611222135589355 28.0 
259.0 289.0 2.469629481999562 5.611222135589355 28.0 
259.0 290.0 2.469629481999562 5.611222135589355 28.0 
259.0 291.0 2.469629481999562 5.611222135589355 28.0 
260.0 289.0 2.469629481999562 5.611222135589355 28.0 
260.0 290.0 2.469629481999562 5.611222135589355 28.0 
261.0 288.0 2.469629481999562 5.611222135589355 28.0 
261.0 289.0 2.469629481999562 5.611222135589355 28.0 
262.0 287.0 2.469629481999562 5.611222135589355 28.0 
262.0 288.0 2.469629481999562 5.611222135589355 28.0 
262.0 289.0 2.469629481999562 5.611222135589355 28.0 
263.0 286.0 2.469629481999562 5.611222135589355 28.0 
263.0 287.0 2.469629481999562 5.611222135589355 28.0 
263.0 288.0 2.469629481999562 5.611222135589355 28.0 
264.0 285.0 2.469629481999562 5.611222135589355 28.0 
264.0 286.0 2.469629481999562 5.611222135589355 28.0 
264.0 287.0 2.469629481999562 5.611222135589355 28.0 
265.0 285.0 2.469629481999562 5.611222135589355 28.0 
265.0 286.0 2.469629481999562 5.611222135589355 28.0 
266.0 284.0 2.469629481999562 5.611222135589355 28.0 
266.0 285.0 2.469629481999562 5.611222135589355 28.0 
267.0 283.0 2.469629481999562 5.611222135589355 28.0 
267.0 284.0 2.469629481999562 5.611222135589355 28.0 
267.0 285.0 2.469629481999562 5.611222135589355 28.0 
268.0 282.0 2.469629481999562 5.611222135589355 28.0 
268.0 283.0 2.469629481999562 5.611222135589355 28.0 
268.0 284.0 2.469629481999562 5.611222135589355 28.0 
269.0 282.0 2.469629481999562 5.611222135589355 28.0 
269.0 283.0 2.469629481999562 5.611222135589355 28.0 
270.0 281.0 2.469629481999562 5.611222135589355 28.0 
270.0 282.0 2.469629481999562 5.611222135589355 28.0 
271.0 280.0 2.469629481999562 5.611222135589355 28.0 
271.0 281.0 2.469629481999562 5.611222135589355 28.0 
272.0 279.0 2.469629481999562 5.611222135589355 28.0 
272.0 280.0 2.469629481999562 5.611222135589355 28.0 
272.0 281.0 2.469629481999562 5.611222135589355 28.0 
273.0 278.0 2.469629481999562 5.611222135589355 28.0 
273.0 279.0 2.469629481999562 5.611222135589355 28.0 
273.0 280.0 2.469629481999562 5.611222135589355 28.0 
274.0 278.0 2.469629481999562 5.611222135589355 28.0 
274.0 279.0 2.469629481999562 5.611222135589355 28.0 
275.0 277.0 2.469629481999562 5.611222135589355 28.0 
275.0 278.0 2.469629481999562 5.611222135589355 28.0 
276.0 276.0 2.469629481999562 5.611222135589355 28.0 
276.0 277.0 2.469629481999562 5.611222135589355 28.0 
276.0 278.0 2.469629481999562 5.611222135589355 28.0 
277.0 275.0 2.469629481999562 5.611222135589355 28.0 
277.0 276.0 2.469629481999562 5.611222135589355 28.0 
277.0 277.0 2.469629481999562 5.611222135589355 28.0 
278.0 274.0 2.469629481999562 5.611222135589355 28.0 
278.0 275.0 2.469629481999562 5.611222135589355 28.0 
278.0 276.0 2.469629481999562 5.611222135589355 28.0 
279.0 274.0 2.469629481999562 5.611222135589355 28.0 
279.0 275.0 2.469629481999562 5.611222135589355 28.0 
280.0 273.0 2.469629481999562 5.611222135589355 28.0 
280.0 274.0 2.469629481999562 5.611222135589355 28.0 
281.0 272.0 2.469629481999562 5.611222135589355 28.0 
281.0 273.0 2.469629481999562 5.611222135589355 28.0 
281.0 274.0 2.469629481999562 5.611222135589355 28.0 
282.0 271.0 2.469629481999562 5.611222135589355 28.0 
282.0 272.0 2.469629481999562 5.611222135589355 28.0 
282.0 273.0 2.469629481999562 5.611222135589355 28.0 
283.0 270.0 2.469629481999562 5.611222135589355 28.0 
283.0 271.0 2.469629481999562 5.611222135589355 28.0 
283.0 272.0 2.469629481999562 5.611222135589355 28.0 
284.0 270.0 2.469629481999562 5.611222135589355 28.0 
284.0 271.0 2.469629481999562 5.611222135589355 28.0 
285.0 269.0 2.469629481999562 5.611222135589355 28.0 
285.0 270.0 2.469629481999562 5.611222135589355 28.0 
286.0 268.0 2.469629481999562 5.611222135589355 28.0 
286.0 269.0 2.469629481999562 5.611222135589355 28.0 
286.0 270.0 2.469629481999562 5.611222135589355 28.0 
287.0 267.0 2.469629481999562 5.611222135589355 28.0 
287.0 268.0 2.469629481999562 5.611222135589355 28.0 
287.0 269.0 2.469629481999562 5.611222135589355 28.0 
288.0 266.0 2.469629481999562 5.611222135589355 28.0 
288.0 267.0 2.469629481999562 5.611222135589355 28.0 
288.0 268.0 2.469629481999562 5.611222135589355 28.0 
289.0 266.0 2.469629481999562 5.611222135589355 28.0 
289.0 267.0 2.469629481999562 5.611222135589355 28.0 
290.0 265.0 2.469629481999562 5.611222135589355 28.0 
290.0 266.0 2.469629481999562 5.611222135589355 28.0 
291.0 264.0 2.469629481999562 5.611222135589355 28.0 
291.0 265.0 2.469629481999562 5.611222135589355 28.0 
291.0 266.0 2.469629481999562 5.611222135589355 28.0 
292.0 264.0 2.469629481999562 5.611222135589355 28.0 
292.0 265.0 2.469629481999562 5.611222135589355 28.0 
