251.0 284.0 4.429293195085195 1.2877005414954017 32.0 
251.0 285.0 4.429293195085195 1.2877005414954017 32.0 
251.0 286.0 4.429293195085195 1.2877005414954017 32.0 
252.0 283.0 4.429293195085195 1.2877005414954017 32.0 
252.0 284.0 4.429293195085195 1.2877005414954017 32.0 
252.0 285.0 4.429293195085195 1.2877005414954017 32.0 
252.0 286.0 4.429293195085195 1.2877005414954017 32.0 
252.0 287.0 4.429293195085195 1.2877005414954017 32.0 
252.0 288.0 4.429293195085195 1.2877005414954017 32.0 
252.0 289.0 4.429293195085195 1.2877005414954017 32.0 
252.0 290.0 4.429293195085195 1.2877005414954017 32.0 
253.0 283.0 4.429293195085195 1.2877005414954017 32.0 
253.0 284.0 4.429293195085195 1.2877005414954017 32.0 
253.0 285.0 4.429293195085195 1.2877005414954017 32.0 
253.0 286.0 4.429293195085195 1.2877005414954017 32.0 
253.0 287.0 4.429293195085195 1.2877005414954017 32.0 
253.0 288.0 4.429293195085195 1.2877005414954017 32.0 
253.0 289.0 4.429293195085195 1.2877005414954017 32.0 
253.0 290.0 4.429293195085195 1.2877005414954017 32.0 
253.0 291.0 4.429293195085195 1.2877005414954017 32.0 
253.0 292.0 4.429293195085195 1.2877005414954017 32.0 
253.0 293.0 4.429293195085195 1.2877005414954017 32.0 
254.0 283.0 4.429293195085195 1.2877005414954017 32.0 
254.0 284.0 4.429293195085195 1.2877005414954017 32.0 
254.0 285.0 4.429293195085195 1.2877005414954017 32.0 
254.0 286.0 4.429293195085195 1.2877005414954017 32.0 
254.0 287.0 4.429293195085195 1.2877005414954017 32.0 
254.0 288.0 4.429293195085195 1.2877005414954017 32.0 
254.0 289.0 4.429293195085195 1.2877005414954017 32.0 
254.0 290.0 4.429293195085195 1.2877005414954017 32.0 
254.0 291.0 4.429293195085195 1.2877005414954017 32.0 
254.0 292.0 4.429293195085195 1.2877005414954017 32.0 
254.0 293.0 4.429293195085195 1.2877005414954017 32.0 
254.0 294.0 4.429293195085195 1.2877005414954017 32.0 
254.0 295.0 4.429293195085195 1.2877005414954017 32.0 
254.0 296.0 4.429293195085195 1.2877005414954017 32.0 
254.0 297.0 4.429293195085195 1.2877005414954017 32.0 
255.0 287.0 4.429293195085195 1.2877005414954017 32.0 
255.0 288.0 4.429293195085195 1.2877005414954017 32.0 
255.0 289.0 4.429293195085195 1.2877005414954017 32.0 
255.0 290.0 4.429293195085195 1.2877005414954017 32.0 
255.0 291.0 4.429293195085195 1.2877005414954017 32.0 
255.0 292.0 4.429293195085195 1.2877005414954017 32.0 
255.0 293.0 4.429293195085195 1.2877005414954017 32.0 
255.0 294.0 4.429293195085195 1.2877005414954017 32.0 
255.0 295.0 4.429293195085195 1.2877005414954017 32.0 
255.0 296.0 4.429293195085195 1.2877005414954017 32.0 
255.0 297.0 4.429293195085195 1.2877005414954017 32.0 
255.0 298.0 4.429293195085195 1.2877005414954017 32.0 
255.0 299.0 4.429293195085195 1.2877005414954017 32.0 
255.0 300.0 4.429293195085195 1.2877005414954017 32.0 
256.0 290.0 4.429293195085195 1.2877005414954017 32.0 
256.0 291.0 4.429293195085195 1.2877005414954017 32.0 
256.0 292.0 4.429293195085195 1.2877005414954017 32.0 
256.0 293.0 4.429293195085195 1.2877005414954017 32.0 
256.0 294.0 4.429293195085195 1.2877005414954017 32.0 
256.0 295.0 4.429293195085195 1.2877005414954017 32.0 
256.0 296.0 4.429293195085195 1.2877005414954017 32.0 
256.0 297.0 4.429293195085195 1.2877005414954017 32.0 
256.0 298.0 4.429293195085195 1.2877005414954017 32.0 
256.0 299.0 4.429293195085195 1.2877005414954017 32.0 
256.0 300.0 4.429293195085195 1.2877005414954017 32.0 
256.0 301.0 4.429293195085195 1.2877005414954017 32.0 
256.0 302.0 4.429293195085195 1.2877005414954017 32.0 
256.0 303.0 4.429293195085195 1.2877005414954017 32.0 
257.0 294.0 4.429293195085195 1.2877005414954017 32.0 
257.0 295.0 4.429293195085195 1.2877005414954017 32.0 
257.0 296.0 4.429293195085195 1.2877005414954017 32.0 
257.0 297.0 4.429293195085195 1.2877005414954017 32.0 
257.0 298.0 4.429293195085195 1.2877005414954017 32.0 
257.0 299.0 4.429293195085195 1.2877005414954017 32.0 
257.0 300.0 4.429293195085195 1.2877005414954017 32.0 
257.0 301.0 4.429293195085195 1.2877005414954017 32.0 
257.0 302.0 4.429293195085195 1.2877005414954017 32.0 
257.0 303.0 4.429293195085195 1.2877005414954017 32.0 
257.0 304.0 4.429293195085195 1.2877005414954017 32.0 
257.0 305.0 4.429293195085195 1.2877005414954017 32.0 
257.0 306.0 4.429293195085195 1.2877005414954017 32.0 
257.0 307.0 4.429293195085195 1.2877005414954017 32.0 
258.0 297.0 4.429293195085195 1.2877005414954017 32.0 
258.0 298.0 4.429293195085195 1.2877005414954017 32.0 
258.0 299.0 4.429293195085195 1.2877005414954017 32.0 
258.0 300.0 4.429293195085195 1.2877005414954017 32.0 
258.0 301.0 4.429293195085195 1.2877005414954017 32.0 
258.0 302.0 4.429293195085195 1.2877005414954017 32.0 
258.0 303.0 4.429293195085195 1.2877005414954017 32.0 
258.0 304.0 4.429293195085195 1.2877005414954017 32.0 
258.0 305.0 4.429293195085195 1.2877005414954017 32.0 
258.0 306.0 4.429293195085195 1.2877005414954017 32.0 
258.0 307.0 4.429293195085195 1.2877005414954017 32.0 
258.0 308.0 4.429293195085195 1.2877005414954017 32.0 
258.0 309.0 4.429293195085195 1.2877005414954017 32.0 
258.0 310.0 4.429293195085195 1.2877005414954017 32.0 
259.0 300.0 4.429293195085195 1.2877005414954017 32.0 
259.0 301.0 4.429293195085195 1.2877005414954017 32.0 
259.0 302.0 4.429293195085195 1.2877005414954017 32.0 
259.0 303.0 4.429293195085195 1.2877005414954017 32.0 
259.0 304.0 4.429293195085195 1.2877005414954017 32.0 
259.0 305.0 4.429293195085195 1.2877005414954017 32.0 
259.0 306.0 4.429293195085195 1.2877005414954017 32.0 
259.0 307.0 4.429293195085195 1.2877005414954017 32.0 
259.0 308.0 4.429293195085195 1.2877005414954017 32.0 
259.0 309.0 4.429293195085195 1.2877005414954017 32.0 
259.0 310.0 4.429293195085195 1.2877005414954017 32.0 
259.0 311.0 4.429293195085195 1.2877005414954017 32.0 
259.0 312.0 4.429293195085195 1.2877005414954017 32.0 
259.0 313.0 4.429293195085195 1.2877005414954017 32.0 
259.0 314.0 4.429293195085195 1.2877005414954017 32.0 
260.0 304.0 4.429293195085195 1.2877005414954017 32.0 
260.0 305.0 4.429293195085195 1.2877005414954017 32.0 
260.0 306.0 4.429293195085195 1.2877005414954017 32.0 
260.0 307.0 4.429293195085195 1.2877005414954017 32.0 
260.0 308.0 4.429293195085195 1.2877005414954017 32.0 
260.0 309.0 4.429293195085195 1.2877005414954017 32.0 
260.0 310.0 4.429293195085195 1.2877005414954017 32.0 
260.0 311.0 4.429293195085195 1.2877005414954017 32.0 
260.0 312.0 4.429293195085195 1.2877005414954017 32.0 
260.0 313.0 4.429293195085195 1.2877005414954017 32.0 
260.0 314.0 4.429293195085195 1.2877005414954017 32.0 
260.0 315.0 4.429293195085195 1.2877005414954017 32.0 
260.0 316.0 4.429293195085195 1.2877005414954017 32.0 
260.0 317.0 4.429293195085195 1.2877005414954017 32.0 
261.0 307.0 4.429293195085195 1.2877005414954017 32.0 
261.0 308.0 4.429293195085195 1.2877005414954017 32.0 
261.0 309.0 4.429293195085195 1.2877005414954017 32.0 
261.0 310.0 4.429293195085195 1.2877005414954017 32.0 
261.0 311.0 4.429293195085195 1.2877005414954017 32.0 
261.0 312.0 4.429293195085195 1.2877005414954017 32.0 
261.0 313.0 4.429293195085195 1.2877005414954017 32.0 
261.0 314.0 4.429293195085195 1.2877005414954017 32.0 
261.0 315.0 4.429293195085195 1.2877005414954017 32.0 
261.0 316.0 4.429293195085195 1.2877005414954017 32.0 
261.0 317.0 4.429293195085195 1.2877005414954017 32.0 
261.0 318.0 4.429293195085195 1.2877005414954017 32.0 
261.0 319.0 4.429293195085195 1.2877005414954017 32.0 
261.0 320.0 4.429293195085195 1.2877005414954017 32.0 
261.0 321.0 4.429293195085195 1.2877005414954017 32.0 
262.0 311.0 4.429293195085195 1.2877005414954017 32.0 
262.0 312.0 4.429293195085195 1.2877005414954017 32.0 
262.0 313.0 4.429293195085195 1.2877005414954017 32.0 
262.0 314.0 4.429293195085195 1.2877005414954017 32.0 
262.0 315.0 4.429293195085195 1.2877005414954017 32.0 
262.0 316.0 4.429293195085195 1.2877005414954017 32.0 
262.0 317.0 4.429293195085195 1.2877005414954017 32.0 
262.0 318.0 4.429293195085195 1.2877005414954017 32.0 
262.0 319.0 4.429293195085195 1.2877005414954017 32.0 
262.0 320.0 4.429293195085195 1.2877005414954017 32.0 
262.0 321.0 4.429293195085195 1.2877005414954017 32.0 
262.0 322.0 4.429293195085195 1.2877005414954017 32.0 
262.0 323.0 4.429293195085195 1.2877005414954017 32.0 
262.0 324.0 4.429293195085195 1.2877005414954017 32.0 
263.0 314.0 4.429293195085195 1.2877005414954017 32.0 
263.0 315.0 4.429293195085195 1.2877005414954017 32.0 
263.0 316.0 4.429293195085195 1.2877005414954017 32.0 
263.0 317.0 4.429293195085195 1.2877005414954017 32.0 
263.0 318.0 4.429293195085195 1.2877005414954017 32.0 
263.0 319.0 4.429293195085195 1.2877005414954017 32.0 
263.0 320.0 4.429293195085195 1.2877005414954017 32.0 
263.0 321.0 4.429293195085195 1.2877005414954017 32.0 
263.0 322.0 4.429293195085195 1.2877005414954017 32.0 
263.0 323.0 4.429293195085195 1.2877005414954017 32.0 
263.0 324.0 4.429293195085195 1.2877005414954017 32.0 
263.0 325.0 4.429293195085195 1.2877005414954017 32.0 
263.0 326.0 4.429293195085195 1.2877005414954017 32.0 
263.0 327.0 4.429293195085195 1.2877005414954017 32.0 
264.0 318.0 4.429293195085195 1.2877005414954017 32.0 
264.0 319.0 4.429293195085195 1.2877005414954017 32.0 
264.0 320.0 4.429293195085195 1.2877005414954017 32.0 
264.0 321.0 4.429293195085195 1.2877005414954017 32.0 
264.0 322.0 4.429293195085195 1.2877005414954017 32.0 
264.0 323.0 4.429293195085195 1.2877005414954017 32.0 
264.0 324.0 4.429293195085195 1.2877005414954017 32.0 
264.0 325.0 4.429293195085195 1.2877005414954017 32.0 
264.0 326.0 4.429293195085195 1.2877005414954017 32.0 
264.0 327.0 4.429293195085195 1.2877005414954017 32.0 
264.0 328.0 4.429293195085195 1.2877005414954017 32.0 
264.0 329.0 4.429293195085195 1.2877005414954017 32.0 
264.0 330.0 4.429293195085195 1.2877005414954017 32.0 
264.0 331.0 4.429293195085195 1.2877005414954017 32.0 
265.0 321.0 4.429293195085195 1.2877005414954017 32.0 
265.0 322.0 4.429293195085195 1.2877005414954017 32.0 
265.0 323.0 4.429293195085195 1.2877005414954017 32.0 
265.0 324.0 4.429293195085195 1.2877005414954017 32.0 
265.0 325.0 4.429293195085195 1.2877005414954017 32.0 
265.0 326.0 4.429293195085195 1.2877005414954017 32.0 
265.0 327.0 4.429293195085195 1.2877005414954017 32.0 
265.0 328.0 4.429293195085195 1.2877005414954017 32.0 
265.0 329.0 4.429293195085195 1.2877005414954017 32.0 
265.0 330.0 4.429293195085195 1.2877005414954017 32.0 
265.0 331.0 4.429293195085195 1.2877005414954017 32.0 
265.0 332.0 4.429293195085195 1.2877005414954017 32.0 
265.0 333.0 4.429293195085195 1.2877005414954017 32.0 
265.0 334.0 4.429293195085195 1.2877005414954017 32.0 
266.0 324.0 4.429293195085195 1.2877005414954017 32.0 
266.0 325.0 4.429293195085195 1.2877005414954017 32.0 
266.0 326.0 4.429293195085195 1.2877005414954017 32.0 
266.0 327.0 4.429293195085195 1.2877005414954017 32.0 
266.0 328.0 4.429293195085195 1.2877005414954017 32.0 
266.0 329.0 4.429293195085195 1.2877005414954017 32.0 
266.0 330.0 4.429293195085195 1.2877005414954017 32.0 
266.0 331.0 4.429293195085195 1.2877005414954017 32.0 
266.0 332.0 4.429293195085195 1.2877005414954017 32.0 
266.0 333.0 4.429293195085195 1.2877005414954017 32.0 
266.0 334.0 4.429293195085195 1.2877005414954017 32.0 
266.0 335.0 4.429293195085195 1.2877005414954017 32.0 
266.0 336.0 4.429293195085195 1.2877005414954017 32.0 
266.0 337.0 4.429293195085195 1.2877005414954017 32.0 
266.0 338.0 4.429293195085195 1.2877005414954017 32.0 
267.0 328.0 4.429293195085195 1.2877005414954017 32.0 
267.0 329.0 4.429293195085195 1.2877005414954017 32.0 
267.0 330.0 4.429293195085195 1.2877005414954017 32.0 
267.0 331.0 4.429293195085195 1.2877005414954017 32.0 
267.0 332.0 4.429293195085195 1.2877005414954017 32.0 
267.0 333.0 4.429293195085195 1.2877005414954017 32.0 
267.0 334.0 4.429293195085195 1.2877005414954017 32.0 
267.0 335.0 4.429293195085195 1.2877005414954017 32.0 
267.0 336.0 4.429293195085195 1.2877005414954017 32.0 
267.0 337.0 4.429293195085195 1.2877005414954017 32.0 
267.0 338.0 4.429293195085195 1.2877005414954017 32.0 
268.0 331.0 4.429293195085195 1.2877005414954017 32.0 
268.0 332.0 4.429293195085195 1.2877005414954017 32.0 
268.0 333.0 4.429293195085195 1.2877005414954017 32.0 
268.0 334.0 4.429293195085195 1.2877005414954017 32.0 
268.0 335.0 4.429293195085195 1.2877005414954017 32.0 
268.0 336.0 4.429293195085195 1.2877005414954017 32.0 
268.0 337.0 4.429293195085195 1.2877005414954017 32.0 
269.0 335.0 4.429293195085195 1.2877005414954017 32.0 
269.0 336.0 4.429293195085195 1.2877005414954017 32.0 
269.0 337.0 4.429293195085195 1.2877005414954017 32.0 
