203.0 322.0 3.044339455338228 6.1859321089280215 40.0 
203.0 323.0 3.044339455338228 6.1859321089280215 40.0 
204.0 322.0 3.044339455338228 6.1859321089280215 40.0 
204.0 323.0 3.044339455338228 6.1859321089280215 40.0 
204.0 324.0 3.044339455338228 6.1859321089280215 40.0 
204.0 325.0 3.044339455338228 6.1859321089280215 40.0 
204.0 326.0 3.044339455338228 6.1859321089280215 40.0 
205.0 322.0 3.044339455338228 6.1859321089280215 40.0 
205.0 323.0 3.044339455338228 6.1859321089280215 40.0 
205.0 324.0 3.044339455338228 6.1859321089280215 40.0 
205.0 325.0 3.044339455338228 6.1859321089280215 40.0 
205.0 326.0 3.044339455338228 6.1859321089280215 40.0 
206.0 322.0 3.044339455338228 6.1859321089280215 40.0 
206.0 323.0 3.044339455338228 6.1859321089280215 40.0 
206.0 324.0 3.044339455338228 6.1859321089280215 40.0 
206.0 325.0 3.044339455338228 6.1859321089280215 40.0 
206.0 326.0 3.044339455338228 6.1859321089280215 40.0 
207.0 322.0 3.044339455338228 6.1859321089280215 40.0 
207.0 323.0 3.044339455338228 6.1859321089280215 40.0 
207.0 324.0 3.044339455338228 6.1859321089280215 40.0 
207.0 325.0 3.044339455338228 6.1859321089280215 40.0 
207.0 326.0 3.044339455338228 6.1859321089280215 40.0 
208.0 322.0 3.044339455338228 6.1859321089280215 40.0 
208.0 323.0 3.044339455338228 6.1859321089280215 40.0 
208.0 324.0 3.044339455338228 6.1859321089280215 40.0 
208.0 325.0 3.044339455338228 6.1859321089280215 40.0 
208.0 326.0 3.044339455338228 6.1859321089280215 40.0 
209.0 321.0 3.044339455338228 6.1859321089280215 40.0 
209.0 322.0 3.044339455338228 6.1859321089280215 40.0 
209.0 323.0 3.044339455338228 6.1859321089280215 40.0 
209.0 324.0 3.044339455338228 6.1859321089280215 40.0 
209.0 325.0 3.044339455338228 6.1859321089280215 40.0 
210.0 321.0 3.044339455338228 6.1859321089280215 40.0 
210.0 322.0 3.044339455338228 6.1859321089280215 40.0 
210.0 323.0 3.044339455338228 6.1859321089280215 40.0 
210.0 324.0 3.044339455338228 6.1859321089280215 40.0 
210.0 325.0 3.044339455338228 6.1859321089280215 40.0 
211.0 321.0 3.044339455338228 6.1859321089280215 40.0 
211.0 322.0 3.044339455338228 6.1859321089280215 40.0 
211.0 323.0 3.044339455338228 6.1859321089280215 40.0 
211.0 324.0 3.044339455338228 6.1859321089280215 40.0 
211.0 325.0 3.044339455338228 6.1859321089280215 40.0 
212.0 321.0 3.044339455338228 6.1859321089280215 40.0 
212.0 322.0 3.044339455338228 6.1859321089280215 40.0 
212.0 323.0 3.044339455338228 6.1859321089280215 40.0 
212.0 324.0 3.044339455338228 6.1859321089280215 40.0 
212.0 325.0 3.044339455338228 6.1859321089280215 40.0 
213.0 321.0 3.044339455338228 6.1859321089280215 40.0 
213.0 322.0 3.044339455338228 6.1859321089280215 40.0 
213.0 323.0 3.044339455338228 6.1859321089280215 40.0 
213.0 324.0 3.044339455338228 6.1859321089280215 40.0 
213.0 325.0 3.044339455338228 6.1859321089280215 40.0 
214.0 321.0 3.044339455338228 6.1859321089280215 40.0 
214.0 322.0 3.044339455338228 6.1859321089280215 40.0 
214.0 323.0 3.044339455338228 6.1859321089280215 40.0 
214.0 324.0 3.044339455338228 6.1859321089280215 40.0 
214.0 325.0 3.044339455338228 6.1859321089280215 40.0 
215.0 321.0 3.044339455338228 6.1859321089280215 40.0 
215.0 322.0 3.044339455338228 6.1859321089280215 40.0 
215.0 323.0 3.044339455338228 6.1859321089280215 40.0 
215.0 324.0 3.044339455338228 6.1859321089280215 40.0 
215.0 325.0 3.044339455338228 6.1859321089280215 40.0 
216.0 321.0 3.044339455338228 6.1859321089280215 40.0 
216.0 322.0 3.044339455338228 6.1859321089280215 40.0 
216.0 323.0 3.044339455338228 6.1859321089280215 40.0 
216.0 324.0 3.044339455338228 6.1859321089280215 40.0 
216.0 325.0 3.044339455338228 6.1859321089280215 40.0 
217.0 321.0 3.044339455338228 6.1859321089280215 40.0 
217.0 322.0 3.044339455338228 6.1859321089280215 40.0 
217.0 323.0 3.044339455338228 6.1859321089280215 40.0 
217.0 324.0 3.044339455338228 6.1859321089280215 40.0 
217.0 325.0 3.044339455338228 6.1859321089280215 40.0 
218.0 321.0 3.044339455338228 6.1859321089280215 40.0 
218.0 322.0 3.044339455338228 6.1859321089280215 40.0 
218.0 323.0 3.044339455338228 6.1859321089280215 40.0 
218.0 324.0 3.044339455338228 6.1859321089280215 40.0 
218.0 325.0 3.044339455338228 6.1859321089280215 40.0 
219.0 320.0 3.044339455338228 6.1859321089280215 40.0 
219.0 321.0 3.044339455338228 6.1859321089280215 40.0 
219.0 322.0 3.044339455338228 6.1859321089280215 40.0 
219.0 323.0 3.044339455338228 6.1859321089280215 40.0 
219.0 324.0 3.044339455338228 6.1859321089280215 40.0 
220.0 320.0 3.044339455338228 6.1859321089280215 40.0 
220.0 321.0 3.044339455338228 6.1859321089280215 40.0 
220.0 322.0 3.044339455338228 6.1859321089280215 40.0 
220.0 323.0 3.044339455338228 6.1859321089280215 40.0 
220.0 324.0 3.044339455338228 6.1859321089280215 40.0 
221.0 320.0 3.044339455338228 6.1859321089280215 40.0 
221.0 321.0 3.044339455338228 6.1859321089280215 40.0 
221.0 322.0 3.044339455338228 6.1859321089280215 40.0 
221.0 323.0 3.044339455338228 6.1859321089280215 40.0 
221.0 324.0 3.044339455338228 6.1859321089280215 40.0 
222.0 320.0 3.044339455338228 6.1859321089280215 40.0 
222.0 321.0 3.044339455338228 6.1859321089280215 40.0 
222.0 322.0 3.044339455338228 6.1859321089280215 40.0 
222.0 323.0 3.044339455338228 6.1859321089280215 40.0 
222.0 324.0 3.044339455338228 6.1859321089280215 40.0 
223.0 320.0 3.044339455338228 6.1859321089280215 40.0 
223.0 321.0 3.044339455338228 6.1859321089280215 40.0 
223.0 322.0 3.044339455338228 6.1859321089280215 40.0 
223.0 323.0 3.044339455338228 6.1859321089280215 40.0 
223.0 324.0 3.044339455338228 6.1859321089280215 40.0 
224.0 320.0 3.044339455338228 6.1859321089280215 40.0 
224.0 321.0 3.044339455338228 6.1859321089280215 40.0 
224.0 322.0 3.044339455338228 6.1859321089280215 40.0 
224.0 323.0 3.044339455338228 6.1859321089280215 40.0 
224.0 324.0 3.044339455338228 6.1859321089280215 40.0 
225.0 320.0 3.044339455338228 6.1859321089280215 40.0 
225.0 321.0 3.044339455338228 6.1859321089280215 40.0 
225.0 322.0 3.044339455338228 6.1859321089280215 40.0 
225.0 323.0 3.044339455338228 6.1859321089280215 40.0 
225.0 324.0 3.044339455338228 6.1859321089280215 40.0 
226.0 320.0 3.044339455338228 6.1859321089280215 40.0 
226.0 321.0 3.044339455338228 6.1859321089280215 40.0 
226.0 322.0 3.044339455338228 6.1859321089280215 40.0 
226.0 323.0 3.044339455338228 6.1859321089280215 40.0 
226.0 324.0 3.044339455338228 6.1859321089280215 40.0 
227.0 320.0 3.044339455338228 6.1859321089280215 40.0 
227.0 321.0 3.044339455338228 6.1859321089280215 40.0 
227.0 322.0 3.044339455338228 6.1859321089280215 40.0 
227.0 323.0 3.044339455338228 6.1859321089280215 40.0 
227.0 324.0 3.044339455338228 6.1859321089280215 40.0 
228.0 320.0 3.044339455338228 6.1859321089280215 40.0 
228.0 321.0 3.044339455338228 6.1859321089280215 40.0 
228.0 322.0 3.044339455338228 6.1859321089280215 40.0 
228.0 323.0 3.044339455338228 6.1859321089280215 40.0 
228.0 324.0 3.044339455338228 6.1859321089280215 40.0 
229.0 319.0 3.044339455338228 6.1859321089280215 40.0 
229.0 320.0 3.044339455338228 6.1859321089280215 40.0 
229.0 321.0 3.044339455338228 6.1859321089280215 40.0 
229.0 322.0 3.044339455338228 6.1859321089280215 40.0 
229.0 323.0 3.044339455338228 6.1859321089280215 40.0 
230.0 319.0 3.044339455338228 6.1859321089280215 40.0 
230.0 320.0 3.044339455338228 6.1859321089280215 40.0 
230.0 321.0 3.044339455338228 6.1859321089280215 40.0 
230.0 322.0 3.044339455338228 6.1859321089280215 40.0 
230.0 323.0 3.044339455338228 6.1859321089280215 40.0 
231.0 319.0 3.044339455338228 6.1859321089280215 40.0 
231.0 320.0 3.044339455338228 6.1859321089280215 40.0 
231.0 321.0 3.044339455338228 6.1859321089280215 40.0 
231.0 322.0 3.044339455338228 6.1859321089280215 40.0 
231.0 323.0 3.044339455338228 6.1859321089280215 40.0 
232.0 319.0 3.044339455338228 6.1859321089280215 40.0 
232.0 320.0 3.044339455338228 6.1859321089280215 40.0 
232.0 321.0 3.044339455338228 6.1859321089280215 40.0 
232.0 322.0 3.044339455338228 6.1859321089280215 40.0 
232.0 323.0 3.044339455338228 6.1859321089280215 40.0 
233.0 319.0 3.044339455338228 6.1859321089280215 40.0 
233.0 320.0 3.044339455338228 6.1859321089280215 40.0 
233.0 321.0 3.044339455338228 6.1859321089280215 40.0 
233.0 322.0 3.044339455338228 6.1859321089280215 40.0 
233.0 323.0 3.044339455338228 6.1859321089280215 40.0 
234.0 319.0 3.044339455338228 6.1859321089280215 40.0 
234.0 320.0 3.044339455338228 6.1859321089280215 40.0 
234.0 321.0 3.044339455338228 6.1859321089280215 40.0 
234.0 322.0 3.044339455338228 6.1859321089280215 40.0 
234.0 323.0 3.044339455338228 6.1859321089280215 40.0 
235.0 319.0 3.044339455338228 6.1859321089280215 40.0 
235.0 320.0 3.044339455338228 6.1859321089280215 40.0 
235.0 321.0 3.044339455338228 6.1859321089280215 40.0 
235.0 322.0 3.044339455338228 6.1859321089280215 40.0 
235.0 323.0 3.044339455338228 6.1859321089280215 40.0 
236.0 319.0 3.044339455338228 6.1859321089280215 40.0 
236.0 320.0 3.044339455338228 6.1859321089280215 40.0 
236.0 321.0 3.044339455338228 6.1859321089280215 40.0 
236.0 322.0 3.044339455338228 6.1859321089280215 40.0 
236.0 323.0 3.044339455338228 6.1859321089280215 40.0 
237.0 319.0 3.044339455338228 6.1859321089280215 40.0 
237.0 320.0 3.044339455338228 6.1859321089280215 40.0 
237.0 321.0 3.044339455338228 6.1859321089280215 40.0 
237.0 322.0 3.044339455338228 6.1859321089280215 40.0 
237.0 323.0 3.044339455338228 6.1859321089280215 40.0 
238.0 319.0 3.044339455338228 6.1859321089280215 40.0 
238.0 320.0 3.044339455338228 6.1859321089280215 40.0 
238.0 321.0 3.044339455338228 6.1859321089280215 40.0 
238.0 322.0 3.044339455338228 6.1859321089280215 40.0 
238.0 323.0 3.044339455338228 6.1859321089280215 40.0 
239.0 318.0 3.044339455338228 6.1859321089280215 40.0 
239.0 319.0 3.044339455338228 6.1859321089280215 40.0 
239.0 320.0 3.044339455338228 6.1859321089280215 40.0 
239.0 321.0 3.044339455338228 6.1859321089280215 40.0 
239.0 322.0 3.044339455338228 6.1859321089280215 40.0 
240.0 318.0 3.044339455338228 6.1859321089280215 40.0 
240.0 319.0 3.044339455338228 6.1859321089280215 40.0 
240.0 320.0 3.044339455338228 6.1859321089280215 40.0 
240.0 321.0 3.044339455338228 6.1859321089280215 40.0 
240.0 322.0 3.044339455338228 6.1859321089280215 40.0 
241.0 318.0 3.044339455338228 6.1859321089280215 40.0 
241.0 319.0 3.044339455338228 6.1859321089280215 40.0 
241.0 320.0 3.044339455338228 6.1859321089280215 40.0 
241.0 321.0 3.044339455338228 6.1859321089280215 40.0 
241.0 322.0 3.044339455338228 6.1859321089280215 40.0 
242.0 318.0 3.044339455338228 6.1859321089280215 40.0 
242.0 319.0 3.044339455338228 6.1859321089280215 40.0 
242.0 320.0 3.044339455338228 6.1859321089280215 40.0 
242.0 321.0 3.044339455338228 6.1859321089280215 40.0 
242.0 322.0 3.044339455338228 6.1859321089280215 40.0 
243.0 318.0 3.044339455338228 6.1859321089280215 40.0 
243.0 319.0 3.044339455338228 6.1859321089280215 40.0 
243.0 320.0 3.044339455338228 6.1859321089280215 40.0 
243.0 321.0 3.044339455338228 6.1859321089280215 40.0 
243.0 322.0 3.044339455338228 6.1859321089280215 40.0 
244.0 320.0 3.044339455338228 6.1859321089280215 40.0 
244.0 321.0 3.044339455338228 6.1859321089280215 40.0 
244.0 322.0 3.044339455338228 6.1859321089280215 40.0 
289 319 2.956244703594098 20.0 
290 319 2.956244703594098 20.0 
290 320 2.956244703594098 20.0 
291 319 2.956244703594098 20.0 
291 320 2.956244703594098 20.0 
292 319 2.956244703594098 20.0 
292 320 2.956244703594098 20.0 
293 319 2.956244703594098 20.0 
293 320 2.956244703594098 20.0 
294 319 2.956244703594098 20.0 
294 320 2.956244703594098 20.0 
295 318 2.956244703594098 20.0 
295 319 2.956244703594098 20.0 
296 318 2.956244703594098 20.0 
296 319 2.956244703594098 20.0 
297 318 2.956244703594098 20.0 
297 319 2.956244703594098 20.0 
298 318 2.956244703594098 20.0 
298 319 2.956244703594098 20.0 
299 318 2.956244703594098 20.0 
299 319 2.956244703594098 20.0 
300 317 2.956244703594098 20.0 
300 318 2.956244703594098 20.0 
301 317 2.956244703594098 20.0 
301 318 2.956244703594098 20.0 
302 317 2.956244703594098 20.0 
302 318 2.956244703594098 20.0 
303 317 2.956244703594098 20.0 
303 318 2.956244703594098 20.0 
304 317 2.956244703594098 20.0 
304 318 2.956244703594098 20.0 
305 317 2.956244703594098 20.0 
305 318 2.956244703594098 20.0 
295 274 0.6947382761967036 20.0 
295 275 0.6947382761967036 20.0 
296 274 0.6947382761967036 20.0 
296 275 0.6947382761967036 20.0 
296 276 0.6947382761967036 20.0 
297 275 0.6947382761967036 20.0 
297 276 0.6947382761967036 20.0 
298 276 0.6947382761967036 20.0 
298 277 0.6947382761967036 20.0 
299 277 0.6947382761967036 20.0 
299 278 0.6947382761967036 20.0 
300 277 0.6947382761967036 20.0 
300 278 0.6947382761967036 20.0 
300 279 0.6947382761967036 20.0 
301 278 0.6947382761967036 20.0 
312 305 1.7126933813990617 24.0 
312 306 1.7126933813990617 24.0 
312 307 1.7126933813990617 24.0 
312 308 1.7126933813990617 24.0 
312 309 1.7126933813990617 24.0 
312 310 1.7126933813990617 24.0 
312 311 1.7126933813990617 24.0 
313 305 1.7126933813990617 24.0 
313 306 1.7126933813990617 24.0 
313 307 1.7126933813990617 24.0 
313 308 1.7126933813990617 24.0 
313 309 1.7126933813990617 24.0 
313 310 1.7126933813990617 24.0 
313 311 1.7126933813990617 24.0 
313 312 1.7126933813990617 24.0 
