195.0 284.0 2.982937391403392 6.124530044993185 40.0 
195.0 285.0 2.982937391403392 6.124530044993185 40.0 
195.0 286.0 2.982937391403392 6.124530044993185 40.0 
196.0 284.0 2.982937391403392 6.124530044993185 40.0 
196.0 285.0 2.982937391403392 6.124530044993185 40.0 
196.0 286.0 2.982937391403392 6.124530044993185 40.0 
196.0 287.0 2.982937391403392 6.124530044993185 40.0 
196.0 288.0 2.982937391403392 6.124530044993185 40.0 
196.0 289.0 2.982937391403392 6.124530044993185 40.0 
197.0 284.0 2.982937391403392 6.124530044993185 40.0 
197.0 285.0 2.982937391403392 6.124530044993185 40.0 
197.0 286.0 2.982937391403392 6.124530044993185 40.0 
197.0 287.0 2.982937391403392 6.124530044993185 40.0 
197.0 288.0 2.982937391403392 6.124530044993185 40.0 
197.0 289.0 2.982937391403392 6.124530044993185 40.0 
198.0 284.0 2.982937391403392 6.124530044993185 40.0 
198.0 285.0 2.982937391403392 6.124530044993185 40.0 
198.0 286.0 2.982937391403392 6.124530044993185 40.0 
198.0 287.0 2.982937391403392 6.124530044993185 40.0 
198.0 288.0 2.982937391403392 6.124530044993185 40.0 
198.0 289.0 2.982937391403392 6.124530044993185 40.0 
199.0 284.0 2.982937391403392 6.124530044993185 40.0 
199.0 285.0 2.982937391403392 6.124530044993185 40.0 
199.0 286.0 2.982937391403392 6.124530044993185 40.0 
199.0 287.0 2.982937391403392 6.124530044993185 40.0 
199.0 288.0 2.982937391403392 6.124530044993185 40.0 
199.0 289.0 2.982937391403392 6.124530044993185 40.0 
200.0 284.0 2.982937391403392 6.124530044993185 40.0 
200.0 285.0 2.982937391403392 6.124530044993185 40.0 
200.0 286.0 2.982937391403392 6.124530044993185 40.0 
200.0 287.0 2.982937391403392 6.124530044993185 40.0 
200.0 288.0 2.982937391403392 6.124530044993185 40.0 
200.0 289.0 2.982937391403392 6.124530044993185 40.0 
201.0 284.0 2.982937391403392 6.124530044993185 40.0 
201.0 285.0 2.982937391403392 6.124530044993185 40.0 
201.0 286.0 2.982937391403392 6.124530044993185 40.0 
201.0 287.0 2.982937391403392 6.124530044993185 40.0 
201.0 288.0 2.982937391403392 6.124530044993185 40.0 
201.0 289.0 2.982937391403392 6.124530044993185 40.0 
202.0 283.0 2.982937391403392 6.124530044993185 40.0 
202.0 284.0 2.982937391403392 6.124530044993185 40.0 
202.0 285.0 2.982937391403392 6.124530044993185 40.0 
202.0 286.0 2.982937391403392 6.124530044993185 40.0 
202.0 287.0 2.982937391403392 6.124530044993185 40.0 
202.0 288.0 2.982937391403392 6.124530044993185 40.0 
203.0 283.0 2.982937391403392 6.124530044993185 40.0 
203.0 284.0 2.982937391403392 6.124530044993185 40.0 
203.0 285.0 2.982937391403392 6.124530044993185 40.0 
203.0 286.0 2.982937391403392 6.124530044993185 40.0 
203.0 287.0 2.982937391403392 6.124530044993185 40.0 
203.0 288.0 2.982937391403392 6.124530044993185 40.0 
204.0 283.0 2.982937391403392 6.124530044993185 40.0 
204.0 284.0 2.982937391403392 6.124530044993185 40.0 
204.0 285.0 2.982937391403392 6.124530044993185 40.0 
204.0 286.0 2.982937391403392 6.124530044993185 40.0 
204.0 287.0 2.982937391403392 6.124530044993185 40.0 
204.0 288.0 2.982937391403392 6.124530044993185 40.0 
205.0 283.0 2.982937391403392 6.124530044993185 40.0 
205.0 284.0 2.982937391403392 6.124530044993185 40.0 
205.0 285.0 2.982937391403392 6.124530044993185 40.0 
205.0 286.0 2.982937391403392 6.124530044993185 40.0 
205.0 287.0 2.982937391403392 6.124530044993185 40.0 
205.0 288.0 2.982937391403392 6.124530044993185 40.0 
206.0 283.0 2.982937391403392 6.124530044993185 40.0 
206.0 284.0 2.982937391403392 6.124530044993185 40.0 
206.0 285.0 2.982937391403392 6.124530044993185 40.0 
206.0 286.0 2.982937391403392 6.124530044993185 40.0 
206.0 287.0 2.982937391403392 6.124530044993185 40.0 
206.0 288.0 2.982937391403392 6.124530044993185 40.0 
207.0 283.0 2.982937391403392 6.124530044993185 40.0 
207.0 284.0 2.982937391403392 6.124530044993185 40.0 
207.0 285.0 2.982937391403392 6.124530044993185 40.0 
207.0 286.0 2.982937391403392 6.124530044993185 40.0 
207.0 287.0 2.982937391403392 6.124530044993185 40.0 
207.0 288.0 2.982937391403392 6.124530044993185 40.0 
208.0 282.0 2.982937391403392 6.124530044993185 40.0 
208.0 283.0 2.982937391403392 6.124530044993185 40.0 
208.0 284.0 2.982937391403392 6.124530044993185 40.0 
208.0 285.0 2.982937391403392 6.124530044993185 40.0 
208.0 286.0 2.982937391403392 6.124530044993185 40.0 
208.0 287.0 2.982937391403392 6.124530044993185 40.0 
209.0 282.0 2.982937391403392 6.124530044993185 40.0 
209.0 283.0 2.982937391403392 6.124530044993185 40.0 
209.0 284.0 2.982937391403392 6.124530044993185 40.0 
209.0 285.0 2.982937391403392 6.124530044993185 40.0 
209.0 286.0 2.982937391403392 6.124530044993185 40.0 
209.0 287.0 2.982937391403392 6.124530044993185 40.0 
210.0 282.0 2.982937391403392 6.124530044993185 40.0 
210.0 283.0 2.982937391403392 6.124530044993185 40.0 
210.0 284.0 2.982937391403392 6.124530044993185 40.0 
210.0 285.0 2.982937391403392 6.124530044993185 40.0 
210.0 286.0 2.982937391403392 6.124530044993185 40.0 
210.0 287.0 2.982937391403392 6.124530044993185 40.0 
211.0 282.0 2.982937391403392 6.124530044993185 40.0 
211.0 283.0 2.982937391403392 6.124530044993185 40.0 
211.0 284.0 2.982937391403392 6.124530044993185 40.0 
211.0 285.0 2.982937391403392 6.124530044993185 40.0 
211.0 286.0 2.982937391403392 6.124530044993185 40.0 
211.0 287.0 2.982937391403392 6.124530044993185 40.0 
212.0 282.0 2.982937391403392 6.124530044993185 40.0 
212.0 283.0 2.982937391403392 6.124530044993185 40.0 
212.0 284.0 2.982937391403392 6.124530044993185 40.0 
212.0 285.0 2.982937391403392 6.124530044993185 40.0 
212.0 286.0 2.982937391403392 6.124530044993185 40.0 
212.0 287.0 2.982937391403392 6.124530044993185 40.0 
213.0 282.0 2.982937391403392 6.124530044993185 40.0 
213.0 283.0 2.982937391403392 6.124530044993185 40.0 
213.0 284.0 2.982937391403392 6.124530044993185 40.0 
213.0 285.0 2.982937391403392 6.124530044993185 40.0 
213.0 286.0 2.982937391403392 6.124530044993185 40.0 
213.0 287.0 2.982937391403392 6.124530044993185 40.0 
214.0 281.0 2.982937391403392 6.124530044993185 40.0 
214.0 282.0 2.982937391403392 6.124530044993185 40.0 
214.0 283.0 2.982937391403392 6.124530044993185 40.0 
214.0 284.0 2.982937391403392 6.124530044993185 40.0 
214.0 285.0 2.982937391403392 6.124530044993185 40.0 
214.0 286.0 2.982937391403392 6.124530044993185 40.0 
215.0 281.0 2.982937391403392 6.124530044993185 40.0 
215.0 282.0 2.982937391403392 6.124530044993185 40.0 
215.0 283.0 2.982937391403392 6.124530044993185 40.0 
215.0 284.0 2.982937391403392 6.124530044993185 40.0 
215.0 285.0 2.982937391403392 6.124530044993185 40.0 
215.0 286.0 2.982937391403392 6.124530044993185 40.0 
216.0 281.0 2.982937391403392 6.124530044993185 40.0 
216.0 282.0 2.982937391403392 6.124530044993185 40.0 
216.0 283.0 2.982937391403392 6.124530044993185 40.0 
216.0 284.0 2.982937391403392 6.124530044993185 40.0 
216.0 285.0 2.982937391403392 6.124530044993185 40.0 
216.0 286.0 2.982937391403392 6.124530044993185 40.0 
217.0 281.0 2.982937391403392 6.124530044993185 40.0 
217.0 282.0 2.982937391403392 6.124530044993185 40.0 
217.0 283.0 2.982937391403392 6.124530044993185 40.0 
217.0 284.0 2.982937391403392 6.124530044993185 40.0 
217.0 285.0 2.982937391403392 6.124530044993185 40.0 
217.0 286.0 2.982937391403392 6.124530044993185 40.0 
218.0 281.0 2.982937391403392 6.124530044993185 40.0 
218.0 282.0 2.982937391403392 6.124530044993185 40.0 
218.0 283.0 2.982937391403392 6.124530044993185 40.0 
218.0 284.0 2.982937391403392 6.124530044993185 40.0 
218.0 285.0 2.982937391403392 6.124530044993185 40.0 
218.0 286.0 2.982937391403392 6.124530044993185 40.0 
219.0 281.0 2.982937391403392 6.124530044993185 40.0 
219.0 282.0 2.982937391403392 6.124530044993185 40.0 
219.0 283.0 2.982937391403392 6.124530044993185 40.0 
219.0 284.0 2.982937391403392 6.124530044993185 40.0 
219.0 285.0 2.982937391403392 6.124530044993185 40.0 
219.0 286.0 2.982937391403392 6.124530044993185 40.0 
220.0 283.0 2.982937391403392 6.124530044993185 40.0 
220.0 284.0 2.982937391403392 6.124530044993185 40.0 
220.0 285.0 2.982937391403392 6.124530044993185 40.0 
220.0 286.0 2.982937391403392 6.124530044993185 40.0 
234.0 286.0 3.4003635455534913 0.25877089196369674 40.0 
234.0 287.0 3.4003635455534913 0.25877089196369674 40.0 
234.0 288.0 3.4003635455534913 0.25877089196369674 40.0 
234.0 289.0 3.4003635455534913 0.25877089196369674 40.0 
235.0 284.0 3.4003635455534913 0.25877089196369674 40.0 
235.0 285.0 3.4003635455534913 0.25877089196369674 40.0 
235.0 286.0 3.4003635455534913 0.25877089196369674 40.0 
235.0 287.0 3.4003635455534913 0.25877089196369674 40.0 
235.0 288.0 3.4003635455534913 0.25877089196369674 40.0 
235.0 289.0 3.4003635455534913 0.25877089196369674 40.0 
236.0 284.0 3.4003635455534913 0.25877089196369674 40.0 
236.0 285.0 3.4003635455534913 0.25877089196369674 40.0 
236.0 286.0 3.4003635455534913 0.25877089196369674 40.0 
236.0 287.0 3.4003635455534913 0.25877089196369674 40.0 
236.0 288.0 3.4003635455534913 0.25877089196369674 40.0 
236.0 289.0 3.4003635455534913 0.25877089196369674 40.0 
237.0 284.0 3.4003635455534913 0.25877089196369674 40.0 
237.0 285.0 3.4003635455534913 0.25877089196369674 40.0 
237.0 286.0 3.4003635455534913 0.25877089196369674 40.0 
237.0 287.0 3.4003635455534913 0.25877089196369674 40.0 
237.0 288.0 3.4003635455534913 0.25877089196369674 40.0 
237.0 289.0 3.4003635455534913 0.25877089196369674 40.0 
238.0 284.0 3.4003635455534913 0.25877089196369674 40.0 
238.0 285.0 3.4003635455534913 0.25877089196369674 40.0 
238.0 286.0 3.4003635455534913 0.25877089196369674 40.0 
238.0 287.0 3.4003635455534913 0.25877089196369674 40.0 
238.0 288.0 3.4003635455534913 0.25877089196369674 40.0 
238.0 289.0 3.4003635455534913 0.25877089196369674 40.0 
238.0 290.0 3.4003635455534913 0.25877089196369674 40.0 
239.0 285.0 3.4003635455534913 0.25877089196369674 40.0 
239.0 286.0 3.4003635455534913 0.25877089196369674 40.0 
239.0 287.0 3.4003635455534913 0.25877089196369674 40.0 
239.0 288.0 3.4003635455534913 0.25877089196369674 40.0 
239.0 289.0 3.4003635455534913 0.25877089196369674 40.0 
239.0 290.0 3.4003635455534913 0.25877089196369674 40.0 
240.0 285.0 3.4003635455534913 0.25877089196369674 40.0 
240.0 286.0 3.4003635455534913 0.25877089196369674 40.0 
240.0 287.0 3.4003635455534913 0.25877089196369674 40.0 
240.0 288.0 3.4003635455534913 0.25877089196369674 40.0 
240.0 289.0 3.4003635455534913 0.25877089196369674 40.0 
240.0 290.0 3.4003635455534913 0.25877089196369674 40.0 
241.0 285.0 3.4003635455534913 0.25877089196369674 40.0 
241.0 286.0 3.4003635455534913 0.25877089196369674 40.0 
241.0 287.0 3.4003635455534913 0.25877089196369674 40.0 
241.0 288.0 3.4003635455534913 0.25877089196369674 40.0 
241.0 289.0 3.4003635455534913 0.25877089196369674 40.0 
241.0 290.0 3.4003635455534913 0.25877089196369674 40.0 
242.0 286.0 3.4003635455534913 0.25877089196369674 40.0 
242.0 287.0 3.4003635455534913 0.25877089196369674 40.0 
242.0 288.0 3.4003635455534913 0.25877089196369674 40.0 
242.0 289.0 3.4003635455534913 0.25877089196369674 40.0 
242.0 290.0 3.4003635455534913 0.25877089196369674 40.0 
242.0 291.0 3.4003635455534913 0.25877089196369674 40.0 
243.0 286.0 3.4003635455534913 0.25877089196369674 40.0 
243.0 287.0 3.4003635455534913 0.25877089196369674 40.0 
243.0 288.0 3.4003635455534913 0.25877089196369674 40.0 
243.0 289.0 3.4003635455534913 0.25877089196369674 40.0 
243.0 290.0 3.4003635455534913 0.25877089196369674 40.0 
243.0 291.0 3.4003635455534913 0.25877089196369674 40.0 
244.0 286.0 3.4003635455534913 0.25877089196369674 40.0 
244.0 287.0 3.4003635455534913 0.25877089196369674 40.0 
244.0 288.0 3.4003635455534913 0.25877089196369674 40.0 
244.0 289.0 3.4003635455534913 0.25877089196369674 40.0 
244.0 290.0 3.4003635455534913 0.25877089196369674 40.0 
244.0 291.0 3.4003635455534913 0.25877089196369674 40.0 
245.0 286.0 3.4003635455534913 0.25877089196369674 40.0 
245.0 287.0 3.4003635455534913 0.25877089196369674 40.0 
245.0 288.0 3.4003635455534913 0.25877089196369674 40.0 
245.0 289.0 3.4003635455534913 0.25877089196369674 40.0 
245.0 290.0 3.4003635455534913 0.25877089196369674 40.0 
245.0 291.0 3.4003635455534913 0.25877089196369674 40.0 
245.0 292.0 3.4003635455534913 0.25877089196369674 40.0 
246.0 287.0 3.4003635455534913 0.25877089196369674 40.0 
246.0 288.0 3.4003635455534913 0.25877089196369674 40.0 
246.0 289.0 3.4003635455534913 0.25877089196369674 40.0 
246.0 290.0 3.4003635455534913 0.25877089196369674 40.0 
246.0 291.0 3.4003635455534913 0.25877089196369674 40.0 
246.0 292.0 3.4003635455534913 0.25877089196369674 40.0 
247.0 287.0 3.4003635455534913 0.25877089196369674 40.0 
247.0 288.0 3.4003635455534913 0.25877089196369674 40.0 
247.0 289.0 3.4003635455534913 0.25877089196369674 40.0 
247.0 290.0 3.4003635455534913 0.25877089196369674 40.0 
247.0 291.0 3.4003635455534913 0.25877089196369674 40.0 
247.0 292.0 3.4003635455534913 0.25877089196369674 40.0 
248.0 287.0 3.4003635455534913 0.25877089196369674 40.0 
248.0 288.0 3.4003635455534913 0.25877089196369674 40.0 
248.0 289.0 3.4003635455534913 0.25877089196369674 40.0 
248.0 290.0 3.4003635455534913 0.25877089196369674 40.0 
248.0 291.0 3.4003635455534913 0.25877089196369674 40.0 
248.0 292.0 3.4003635455534913 0.25877089196369674 40.0 
249.0 287.0 3.4003635455534913 0.25877089196369674 40.0 
249.0 288.0 3.4003635455534913 0.25877089196369674 40.0 
249.0 289.0 3.4003635455534913 0.25877089196369674 40.0 
249.0 290.0 3.4003635455534913 0.25877089196369674 40.0 
249.0 291.0 3.4003635455534913 0.25877089196369674 40.0 
249.0 292.0 3.4003635455534913 0.25877089196369674 40.0 
249.0 293.0 3.4003635455534913 0.25877089196369674 40.0 
250.0 288.0 3.4003635455534913 0.25877089196369674 40.0 
250.0 289.0 3.4003635455534913 0.25877089196369674 40.0 
250.0 290.0 3.4003635455534913 0.25877089196369674 40.0 
250.0 291.0 3.4003635455534913 0.25877089196369674 40.0 
250.0 292.0 3.4003635455534913 0.25877089196369674 40.0 
250.0 293.0 3.4003635455534913 0.25877089196369674 40.0 
251.0 288.0 3.4003635455534913 0.25877089196369674 40.0 
251.0 289.0 3.4003635455534913 0.25877089196369674 40.0 
251.0 290.0 3.4003635455534913 0.25877089196369674 40.0 
251.0 291.0 3.4003635455534913 0.25877089196369674 40.0 
251.0 292.0 3.4003635455534913 0.25877089196369674 40.0 
251.0 293.0 3.4003635455534913 0.25877089196369674 40.0 
252.0 288.0 3.4003635455534913 0.25877089196369674 40.0 
252.0 289.0 3.4003635455534913 0.25877089196369674 40.0 
252.0 290.0 3.4003635455534913 0.25877089196369674 40.0 
252.0 291.0 3.4003635455534913 0.25877089196369674 40.0 
252.0 292.0 3.4003635455534913 0.25877089196369674 40.0 
252.0 293.0 3.4003635455534913 0.25877089196369674 40.0 
253.0 288.0 3.4003635455534913 0.25877089196369674 40.0 
253.0 289.0 3.4003635455534913 0.25877089196369674 40.0 
253.0 290.0 3.4003635455534913 0.25877089196369674 40.0 
253.0 291.0 3.4003635455534913 0.25877089196369674 40.0 
253.0 292.0 3.4003635455534913 0.25877089196369674 40.0 
253.0 293.0 3.4003635455534913 0.25877089196369674 40.0 
253.0 294.0 3.4003635455534913 0.25877089196369674 40.0 
254.0 289.0 3.4003635455534913 0.25877089196369674 40.0 
254.0 290.0 3.4003635455534913 0.25877089196369674 40.0 
254.0 291.0 3.4003635455534913 0.25877089196369674 40.0 
254.0 292.0 3.4003635455534913 0.25877089196369674 40.0 
254.0 293.0 3.4003635455534913 0.25877089196369674 40.0 
254.0 294.0 3.4003635455534913 0.25877089196369674 40.0 
255.0 289.0 3.4003635455534913 0.25877089196369674 40.0 
255.0 290.0 3.4003635455534913 0.25877089196369674 40.0 
255.0 291.0 3.4003635455534913 0.25877089196369674 40.0 
255.0 292.0 3.4003635455534913 0.25877089196369674 40.0 
255.0 293.0 3.4003635455534913 0.25877089196369674 40.0 
255.0 294.0 3.4003635455534913 0.25877089196369674 40.0 
256.0 289.0 3.4003635455534913 0.25877089196369674 40.0 
256.0 290.0 3.4003635455534913 0.25877089196369674 40.0 
256.0 291.0 3.4003635455534913 0.25877089196369674 40.0 
256.0 292.0 3.4003635455534913 0.25877089196369674 40.0 
256.0 293.0 3.4003635455534913 0.25877089196369674 40.0 
256.0 294.0 3.4003635455534913 0.25877089196369674 40.0 
257.0 289.0 3.4003635455534913 0.25877089196369674 40.0 
257.0 290.0 3.4003635455534913 0.25877089196369674 40.0 
257.0 291.0 3.4003635455534913 0.25877089196369674 40.0 
257.0 292.0 3.4003635455534913 0.25877089196369674 40.0 
257.0 293.0 3.4003635455534913 0.25877089196369674 40.0 
257.0 294.0 3.4003635455534913 0.25877089196369674 40.0 
257.0 295.0 3.4003635455534913 0.25877089196369674 40.0 
258.0 290.0 3.4003635455534913 0.25877089196369674 40.0 
258.0 291.0 3.4003635455534913 0.25877089196369674 40.0 
258.0 292.0 3.4003635455534913 0.25877089196369674 40.0 
258.0 293.0 3.4003635455534913 0.25877089196369674 40.0 
258.0 294.0 3.4003635455534913 0.25877089196369674 40.0 
258.0 295.0 3.4003635455534913 0.25877089196369674 40.0 
259.0 290.0 3.4003635455534913 0.25877089196369674 40.0 
259.0 291.0 3.4003635455534913 0.25877089196369674 40.0 
259.0 292.0 3.4003635455534913 0.25877089196369674 40.0 
259.0 293.0 3.4003635455534913 0.25877089196369674 40.0 
259.0 294.0 3.4003635455534913 0.25877089196369674 40.0 
259.0 295.0 3.4003635455534913 0.25877089196369674 40.0 
260.0 290.0 3.4003635455534913 0.25877089196369674 40.0 
260.0 291.0 3.4003635455534913 0.25877089196369674 40.0 
260.0 292.0 3.4003635455534913 0.25877089196369674 40.0 
260.0 293.0 3.4003635455534913 0.25877089196369674 40.0 
260.0 294.0 3.4003635455534913 0.25877089196369674 40.0 
260.0 295.0 3.4003635455534913 0.25877089196369674 40.0 
261.0 291.0 3.4003635455534913 0.25877089196369674 40.0 
261.0 292.0 3.4003635455534913 0.25877089196369674 40.0 
261.0 293.0 3.4003635455534913 0.25877089196369674 40.0 
261.0 294.0 3.4003635455534913 0.25877089196369674 40.0 
261.0 295.0 3.4003635455534913 0.25877089196369674 40.0 
261.0 296.0 3.4003635455534913 0.25877089196369674 40.0 
262.0 291.0 3.4003635455534913 0.25877089196369674 40.0 
262.0 292.0 3.4003635455534913 0.25877089196369674 40.0 
262.0 293.0 3.4003635455534913 0.25877089196369674 40.0 
262.0 294.0 3.4003635455534913 0.25877089196369674 40.0 
262.0 295.0 3.4003635455534913 0.25877089196369674 40.0 
262.0 296.0 3.4003635455534913 0.25877089196369674 40.0 
263.0 291.0 3.4003635455534913 0.25877089196369674 40.0 
263.0 292.0 3.4003635455534913 0.25877089196369674 40.0 
263.0 293.0 3.4003635455534913 0.25877089196369674 40.0 
263.0 294.0 3.4003635455534913 0.25877089196369674 40.0 
263.0 295.0 3.4003635455534913 0.25877089196369674 40.0 
263.0 296.0 3.4003635455534913 0.25877089196369674 40.0 
264.0 291.0 3.4003635455534913 0.25877089196369674 40.0 
264.0 292.0 3.4003635455534913 0.25877089196369674 40.0 
264.0 293.0 3.4003635455534913 0.25877089196369674 40.0 
264.0 294.0 3.4003635455534913 0.25877089196369674 40.0 
264.0 295.0 3.4003635455534913 0.25877089196369674 40.0 
264.0 296.0 3.4003635455534913 0.25877089196369674 40.0 
264.0 297.0 3.4003635455534913 0.25877089196369674 40.0 
265.0 292.0 3.4003635455534913 0.25877089196369674 40.0 
265.0 293.0 3.4003635455534913 0.25877089196369674 40.0 
265.0 294.0 3.4003635455534913 0.25877089196369674 40.0 
265.0 295.0 3.4003635455534913 0.25877089196369674 40.0 
265.0 296.0 3.4003635455534913 0.25877089196369674 40.0 
265.0 297.0 3.4003635455534913 0.25877089196369674 40.0 
266.0 292.0 3.4003635455534913 0.25877089196369674 40.0 
266.0 293.0 3.4003635455534913 0.25877089196369674 40.0 
266.0 294.0 3.4003635455534913 0.25877089196369674 40.0 
266.0 295.0 3.4003635455534913 0.25877089196369674 40.0 
266.0 296.0 3.4003635455534913 0.25877089196369674 40.0 
266.0 297.0 3.4003635455534913 0.25877089196369674 40.0 
267.0 292.0 3.4003635455534913 0.25877089196369674 40.0 
267.0 293.0 3.4003635455534913 0.25877089196369674 40.0 
267.0 294.0 3.4003635455534913 0.25877089196369674 40.0 
267.0 295.0 3.4003635455534913 0.25877089196369674 40.0 
267.0 296.0 3.4003635455534913 0.25877089196369674 40.0 
267.0 297.0 3.4003635455534913 0.25877089196369674 40.0 
268.0 292.0 3.4003635455534913 0.25877089196369674 40.0 
268.0 293.0 3.4003635455534913 0.25877089196369674 40.0 
268.0 294.0 3.4003635455534913 0.25877089196369674 40.0 
