268.0 283.0 2.9764439761751653 6.118036629764958 28.0 
268.0 284.0 2.9764439761751653 6.118036629764958 28.0 
269.0 283.0 2.9764439761751653 6.118036629764958 28.0 
269.0 284.0 2.9764439761751653 6.118036629764958 28.0 
269.0 285.0 2.9764439761751653 6.118036629764958 28.0 
269.0 286.0 2.9764439761751653 6.118036629764958 28.0 
269.0 287.0 2.9764439761751653 6.118036629764958 28.0 
270.0 283.0 2.9764439761751653 6.118036629764958 28.0 
270.0 284.0 2.9764439761751653 6.118036629764958 28.0 
270.0 285.0 2.9764439761751653 6.118036629764958 28.0 
270.0 286.0 2.9764439761751653 6.118036629764958 28.0 
270.0 287.0 2.9764439761751653 6.118036629764958 28.0 
271.0 282.0 2.9764439761751653 6.118036629764958 28.0 
271.0 283.0 2.9764439761751653 6.118036629764958 28.0 
271.0 284.0 2.9764439761751653 6.118036629764958 28.0 
271.0 285.0 2.9764439761751653 6.118036629764958 28.0 
271.0 286.0 2.9764439761751653 6.118036629764958 28.0 
271.0 287.0 2.9764439761751653 6.118036629764958 28.0 
272.0 282.0 2.9764439761751653 6.118036629764958 28.0 
272.0 283.0 2.9764439761751653 6.118036629764958 28.0 
272.0 284.0 2.9764439761751653 6.118036629764958 28.0 
272.0 285.0 2.9764439761751653 6.118036629764958 28.0 
272.0 286.0 2.9764439761751653 6.118036629764958 28.0 
273.0 282.0 2.9764439761751653 6.118036629764958 28.0 
273.0 283.0 2.9764439761751653 6.118036629764958 28.0 
273.0 284.0 2.9764439761751653 6.118036629764958 28.0 
273.0 285.0 2.9764439761751653 6.118036629764958 28.0 
273.0 286.0 2.9764439761751653 6.118036629764958 28.0 
274.0 282.0 2.9764439761751653 6.118036629764958 28.0 
274.0 283.0 2.9764439761751653 6.118036629764958 28.0 
274.0 284.0 2.9764439761751653 6.118036629764958 28.0 
274.0 285.0 2.9764439761751653 6.118036629764958 28.0 
274.0 286.0 2.9764439761751653 6.118036629764958 28.0 
275.0 282.0 2.9764439761751653 6.118036629764958 28.0 
275.0 283.0 2.9764439761751653 6.118036629764958 28.0 
275.0 284.0 2.9764439761751653 6.118036629764958 28.0 
275.0 285.0 2.9764439761751653 6.118036629764958 28.0 
275.0 286.0 2.9764439761751653 6.118036629764958 28.0 
276.0 282.0 2.9764439761751653 6.118036629764958 28.0 
276.0 283.0 2.9764439761751653 6.118036629764958 28.0 
276.0 284.0 2.9764439761751653 6.118036629764958 28.0 
276.0 285.0 2.9764439761751653 6.118036629764958 28.0 
276.0 286.0 2.9764439761751653 6.118036629764958 28.0 
277.0 281.0 2.9764439761751653 6.118036629764958 28.0 
277.0 282.0 2.9764439761751653 6.118036629764958 28.0 
277.0 283.0 2.9764439761751653 6.118036629764958 28.0 
277.0 284.0 2.9764439761751653 6.118036629764958 28.0 
277.0 285.0 2.9764439761751653 6.118036629764958 28.0 
277.0 286.0 2.9764439761751653 6.118036629764958 28.0 
278.0 281.0 2.9764439761751653 6.118036629764958 28.0 
278.0 282.0 2.9764439761751653 6.118036629764958 28.0 
278.0 283.0 2.9764439761751653 6.118036629764958 28.0 
278.0 284.0 2.9764439761751653 6.118036629764958 28.0 
278.0 285.0 2.9764439761751653 6.118036629764958 28.0 
279.0 281.0 2.9764439761751653 6.118036629764958 28.0 
279.0 282.0 2.9764439761751653 6.118036629764958 28.0 
279.0 283.0 2.9764439761751653 6.118036629764958 28.0 
279.0 284.0 2.9764439761751653 6.118036629764958 28.0 
279.0 285.0 2.9764439761751653 6.118036629764958 28.0 
280.0 281.0 2.9764439761751653 6.118036629764958 28.0 
280.0 282.0 2.9764439761751653 6.118036629764958 28.0 
280.0 283.0 2.9764439761751653 6.118036629764958 28.0 
280.0 284.0 2.9764439761751653 6.118036629764958 28.0 
280.0 285.0 2.9764439761751653 6.118036629764958 28.0 
281.0 281.0 2.9764439761751653 6.118036629764958 28.0 
281.0 282.0 2.9764439761751653 6.118036629764958 28.0 
281.0 283.0 2.9764439761751653 6.118036629764958 28.0 
281.0 284.0 2.9764439761751653 6.118036629764958 28.0 
281.0 285.0 2.9764439761751653 6.118036629764958 28.0 
282.0 281.0 2.9764439761751653 6.118036629764958 28.0 
282.0 282.0 2.9764439761751653 6.118036629764958 28.0 
282.0 283.0 2.9764439761751653 6.118036629764958 28.0 
282.0 284.0 2.9764439761751653 6.118036629764958 28.0 
282.0 285.0 2.9764439761751653 6.118036629764958 28.0 
283.0 280.0 2.9764439761751653 6.118036629764958 28.0 
283.0 281.0 2.9764439761751653 6.118036629764958 28.0 
283.0 282.0 2.9764439761751653 6.118036629764958 28.0 
283.0 283.0 2.9764439761751653 6.118036629764958 28.0 
283.0 284.0 2.9764439761751653 6.118036629764958 28.0 
283.0 285.0 2.9764439761751653 6.118036629764958 28.0 
284.0 280.0 2.9764439761751653 6.118036629764958 28.0 
284.0 281.0 2.9764439761751653 6.118036629764958 28.0 
284.0 282.0 2.9764439761751653 6.118036629764958 28.0 
284.0 283.0 2.9764439761751653 6.118036629764958 28.0 
284.0 284.0 2.9764439761751653 6.118036629764958 28.0 
285.0 280.0 2.9764439761751653 6.118036629764958 28.0 
285.0 281.0 2.9764439761751653 6.118036629764958 28.0 
285.0 282.0 2.9764439761751653 6.118036629764958 28.0 
285.0 283.0 2.9764439761751653 6.118036629764958 28.0 
285.0 284.0 2.9764439761751653 6.118036629764958 28.0 
286.0 280.0 2.9764439761751653 6.118036629764958 28.0 
286.0 281.0 2.9764439761751653 6.118036629764958 28.0 
286.0 282.0 2.9764439761751653 6.118036629764958 28.0 
286.0 283.0 2.9764439761751653 6.118036629764958 28.0 
286.0 284.0 2.9764439761751653 6.118036629764958 28.0 
287.0 280.0 2.9764439761751653 6.118036629764958 28.0 
287.0 281.0 2.9764439761751653 6.118036629764958 28.0 
287.0 282.0 2.9764439761751653 6.118036629764958 28.0 
287.0 283.0 2.9764439761751653 6.118036629764958 28.0 
287.0 284.0 2.9764439761751653 6.118036629764958 28.0 
288.0 280.0 2.9764439761751653 6.118036629764958 28.0 
288.0 281.0 2.9764439761751653 6.118036629764958 28.0 
288.0 282.0 2.9764439761751653 6.118036629764958 28.0 
288.0 283.0 2.9764439761751653 6.118036629764958 28.0 
288.0 284.0 2.9764439761751653 6.118036629764958 28.0 
289.0 279.0 2.9764439761751653 6.118036629764958 28.0 
289.0 280.0 2.9764439761751653 6.118036629764958 28.0 
289.0 281.0 2.9764439761751653 6.118036629764958 28.0 
289.0 282.0 2.9764439761751653 6.118036629764958 28.0 
289.0 283.0 2.9764439761751653 6.118036629764958 28.0 
289.0 284.0 2.9764439761751653 6.118036629764958 28.0 
290.0 279.0 2.9764439761751653 6.118036629764958 28.0 
290.0 280.0 2.9764439761751653 6.118036629764958 28.0 
290.0 281.0 2.9764439761751653 6.118036629764958 28.0 
290.0 282.0 2.9764439761751653 6.118036629764958 28.0 
290.0 283.0 2.9764439761751653 6.118036629764958 28.0 
291.0 279.0 2.9764439761751653 6.118036629764958 28.0 
291.0 280.0 2.9764439761751653 6.118036629764958 28.0 
291.0 281.0 2.9764439761751653 6.118036629764958 28.0 
291.0 282.0 2.9764439761751653 6.118036629764958 28.0 
291.0 283.0 2.9764439761751653 6.118036629764958 28.0 
292.0 279.0 2.9764439761751653 6.118036629764958 28.0 
292.0 280.0 2.9764439761751653 6.118036629764958 28.0 
292.0 281.0 2.9764439761751653 6.118036629764958 28.0 
292.0 282.0 2.9764439761751653 6.118036629764958 28.0 
292.0 283.0 2.9764439761751653 6.118036629764958 28.0 
293.0 279.0 2.9764439761751653 6.118036629764958 28.0 
293.0 280.0 2.9764439761751653 6.118036629764958 28.0 
293.0 281.0 2.9764439761751653 6.118036629764958 28.0 
293.0 282.0 2.9764439761751653 6.118036629764958 28.0 
293.0 283.0 2.9764439761751653 6.118036629764958 28.0 
294.0 279.0 2.9764439761751653 6.118036629764958 28.0 
294.0 280.0 2.9764439761751653 6.118036629764958 28.0 
294.0 281.0 2.9764439761751653 6.118036629764958 28.0 
294.0 282.0 2.9764439761751653 6.118036629764958 28.0 
294.0 283.0 2.9764439761751653 6.118036629764958 28.0 
295.0 278.0 2.9764439761751653 6.118036629764958 28.0 
295.0 279.0 2.9764439761751653 6.118036629764958 28.0 
295.0 280.0 2.9764439761751653 6.118036629764958 28.0 
295.0 281.0 2.9764439761751653 6.118036629764958 28.0 
295.0 282.0 2.9764439761751653 6.118036629764958 28.0 
295.0 283.0 2.9764439761751653 6.118036629764958 28.0 
296.0 278.0 2.9764439761751653 6.118036629764958 28.0 
296.0 279.0 2.9764439761751653 6.118036629764958 28.0 
296.0 280.0 2.9764439761751653 6.118036629764958 28.0 
296.0 281.0 2.9764439761751653 6.118036629764958 28.0 
296.0 282.0 2.9764439761751653 6.118036629764958 28.0 
297.0 278.0 2.9764439761751653 6.118036629764958 28.0 
297.0 279.0 2.9764439761751653 6.118036629764958 28.0 
297.0 280.0 2.9764439761751653 6.118036629764958 28.0 
297.0 281.0 2.9764439761751653 6.118036629764958 28.0 
297.0 282.0 2.9764439761751653 6.118036629764958 28.0 
298.0 278.0 2.9764439761751653 6.118036629764958 28.0 
298.0 279.0 2.9764439761751653 6.118036629764958 28.0 
298.0 280.0 2.9764439761751653 6.118036629764958 28.0 
298.0 281.0 2.9764439761751653 6.118036629764958 28.0 
298.0 282.0 2.9764439761751653 6.118036629764958 28.0 
299.0 278.0 2.9764439761751653 6.118036629764958 28.0 
299.0 279.0 2.9764439761751653 6.118036629764958 28.0 
299.0 280.0 2.9764439761751653 6.118036629764958 28.0 
299.0 281.0 2.9764439761751653 6.118036629764958 28.0 
299.0 282.0 2.9764439761751653 6.118036629764958 28.0 
300.0 278.0 2.9764439761751653 6.118036629764958 28.0 
300.0 279.0 2.9764439761751653 6.118036629764958 28.0 
300.0 280.0 2.9764439761751653 6.118036629764958 28.0 
300.0 281.0 2.9764439761751653 6.118036629764958 28.0 
300.0 282.0 2.9764439761751653 6.118036629764958 28.0 
301.0 277.0 2.9764439761751653 6.118036629764958 28.0 
301.0 278.0 2.9764439761751653 6.118036629764958 28.0 
301.0 279.0 2.9764439761751653 6.118036629764958 28.0 
301.0 280.0 2.9764439761751653 6.118036629764958 28.0 
301.0 281.0 2.9764439761751653 6.118036629764958 28.0 
301.0 282.0 2.9764439761751653 6.118036629764958 28.0 
302.0 277.0 2.9764439761751653 6.118036629764958 28.0 
302.0 278.0 2.9764439761751653 6.118036629764958 28.0 
302.0 279.0 2.9764439761751653 6.118036629764958 28.0 
302.0 280.0 2.9764439761751653 6.118036629764958 28.0 
302.0 281.0 2.9764439761751653 6.118036629764958 28.0 
303.0 277.0 2.9764439761751653 6.118036629764958 28.0 
303.0 278.0 2.9764439761751653 6.118036629764958 28.0 
303.0 279.0 2.9764439761751653 6.118036629764958 28.0 
303.0 280.0 2.9764439761751653 6.118036629764958 28.0 
303.0 281.0 2.9764439761751653 6.118036629764958 28.0 
304.0 277.0 2.9764439761751653 6.118036629764958 28.0 
304.0 278.0 2.9764439761751653 6.118036629764958 28.0 
304.0 279.0 2.9764439761751653 6.118036629764958 28.0 
304.0 280.0 2.9764439761751653 6.118036629764958 28.0 
304.0 281.0 2.9764439761751653 6.118036629764958 28.0 
305.0 277.0 2.9764439761751653 6.118036629764958 28.0 
305.0 278.0 2.9764439761751653 6.118036629764958 28.0 
305.0 279.0 2.9764439761751653 6.118036629764958 28.0 
305.0 280.0 2.9764439761751653 6.118036629764958 28.0 
305.0 281.0 2.9764439761751653 6.118036629764958 28.0 
306.0 277.0 2.9764439761751653 6.118036629764958 28.0 
306.0 278.0 2.9764439761751653 6.118036629764958 28.0 
306.0 279.0 2.9764439761751653 6.118036629764958 28.0 
306.0 280.0 2.9764439761751653 6.118036629764958 28.0 
306.0 281.0 2.9764439761751653 6.118036629764958 28.0 
307.0 276.0 2.9764439761751653 6.118036629764958 28.0 
307.0 277.0 2.9764439761751653 6.118036629764958 28.0 
307.0 278.0 2.9764439761751653 6.118036629764958 28.0 
307.0 279.0 2.9764439761751653 6.118036629764958 28.0 
307.0 280.0 2.9764439761751653 6.118036629764958 28.0 
307.0 281.0 2.9764439761751653 6.118036629764958 28.0 
308.0 276.0 2.9764439761751653 6.118036629764958 28.0 
308.0 277.0 2.9764439761751653 6.118036629764958 28.0 
308.0 278.0 2.9764439761751653 6.118036629764958 28.0 
308.0 279.0 2.9764439761751653 6.118036629764958 28.0 
308.0 280.0 2.9764439761751653 6.118036629764958 28.0 
309.0 276.0 2.9764439761751653 6.118036629764958 28.0 
309.0 277.0 2.9764439761751653 6.118036629764958 28.0 
309.0 278.0 2.9764439761751653 6.118036629764958 28.0 
309.0 279.0 2.9764439761751653 6.118036629764958 28.0 
309.0 280.0 2.9764439761751653 6.118036629764958 28.0 
310.0 276.0 2.9764439761751653 6.118036629764958 28.0 
310.0 277.0 2.9764439761751653 6.118036629764958 28.0 
310.0 278.0 2.9764439761751653 6.118036629764958 28.0 
310.0 279.0 2.9764439761751653 6.118036629764958 28.0 
310.0 280.0 2.9764439761751653 6.118036629764958 28.0 
311.0 276.0 2.9764439761751653 6.118036629764958 28.0 
311.0 277.0 2.9764439761751653 6.118036629764958 28.0 
311.0 278.0 2.9764439761751653 6.118036629764958 28.0 
311.0 279.0 2.9764439761751653 6.118036629764958 28.0 
311.0 280.0 2.9764439761751653 6.118036629764958 28.0 
312.0 276.0 2.9764439761751653 6.118036629764958 28.0 
312.0 277.0 2.9764439761751653 6.118036629764958 28.0 
312.0 278.0 2.9764439761751653 6.118036629764958 28.0 
312.0 279.0 2.9764439761751653 6.118036629764958 28.0 
312.0 280.0 2.9764439761751653 6.118036629764958 28.0 
313.0 275.0 2.9764439761751653 6.118036629764958 28.0 
313.0 276.0 2.9764439761751653 6.118036629764958 28.0 
313.0 277.0 2.9764439761751653 6.118036629764958 28.0 
313.0 278.0 2.9764439761751653 6.118036629764958 28.0 
313.0 279.0 2.9764439761751653 6.118036629764958 28.0 
313.0 280.0 2.9764439761751653 6.118036629764958 28.0 
314.0 275.0 2.9764439761751653 6.118036629764958 28.0 
314.0 276.0 2.9764439761751653 6.118036629764958 28.0 
314.0 277.0 2.9764439761751653 6.118036629764958 28.0 
314.0 278.0 2.9764439761751653 6.118036629764958 28.0 
314.0 279.0 2.9764439761751653 6.118036629764958 28.0 
315.0 275.0 2.9764439761751653 6.118036629764958 28.0 
315.0 276.0 2.9764439761751653 6.118036629764958 28.0 
315.0 277.0 2.9764439761751653 6.118036629764958 28.0 
315.0 278.0 2.9764439761751653 6.118036629764958 28.0 
315.0 279.0 2.9764439761751653 6.118036629764958 28.0 
316.0 275.0 2.9764439761751653 6.118036629764958 28.0 
316.0 276.0 2.9764439761751653 6.118036629764958 28.0 
316.0 277.0 2.9764439761751653 6.118036629764958 28.0 
316.0 278.0 2.9764439761751653 6.118036629764958 28.0 
316.0 279.0 2.9764439761751653 6.118036629764958 28.0 
317.0 275.0 2.9764439761751653 6.118036629764958 28.0 
317.0 276.0 2.9764439761751653 6.118036629764958 28.0 
317.0 277.0 2.9764439761751653 6.118036629764958 28.0 
317.0 278.0 2.9764439761751653 6.118036629764958 28.0 
317.0 279.0 2.9764439761751653 6.118036629764958 28.0 
318.0 275.0 2.9764439761751653 6.118036629764958 28.0 
318.0 276.0 2.9764439761751653 6.118036629764958 28.0 
318.0 277.0 2.9764439761751653 6.118036629764958 28.0 
318.0 278.0 2.9764439761751653 6.118036629764958 28.0 
318.0 279.0 2.9764439761751653 6.118036629764958 28.0 
319.0 274.0 2.9764439761751653 6.118036629764958 28.0 
319.0 275.0 2.9764439761751653 6.118036629764958 28.0 
319.0 276.0 2.9764439761751653 6.118036629764958 28.0 
319.0 277.0 2.9764439761751653 6.118036629764958 28.0 
319.0 278.0 2.9764439761751653 6.118036629764958 28.0 
319.0 279.0 2.9764439761751653 6.118036629764958 28.0 
320.0 274.0 2.9764439761751653 6.118036629764958 28.0 
320.0 275.0 2.9764439761751653 6.118036629764958 28.0 
320.0 276.0 2.9764439761751653 6.118036629764958 28.0 
320.0 277.0 2.9764439761751653 6.118036629764958 28.0 
320.0 278.0 2.9764439761751653 6.118036629764958 28.0 
321.0 274.0 2.9764439761751653 6.118036629764958 28.0 
321.0 275.0 2.9764439761751653 6.118036629764958 28.0 
321.0 276.0 2.9764439761751653 6.118036629764958 28.0 
321.0 277.0 2.9764439761751653 6.118036629764958 28.0 
321.0 278.0 2.9764439761751653 6.118036629764958 28.0 
322.0 274.0 2.9764439761751653 6.118036629764958 28.0 
322.0 275.0 2.9764439761751653 6.118036629764958 28.0 
322.0 276.0 2.9764439761751653 6.118036629764958 28.0 
322.0 277.0 2.9764439761751653 6.118036629764958 28.0 
322.0 278.0 2.9764439761751653 6.118036629764958 28.0 
323.0 274.0 2.9764439761751653 6.118036629764958 28.0 
323.0 275.0 2.9764439761751653 6.118036629764958 28.0 
323.0 276.0 2.9764439761751653 6.118036629764958 28.0 
323.0 277.0 2.9764439761751653 6.118036629764958 28.0 
323.0 278.0 2.9764439761751653 6.118036629764958 28.0 
324.0 274.0 2.9764439761751653 6.118036629764958 28.0 
324.0 275.0 2.9764439761751653 6.118036629764958 28.0 
324.0 276.0 2.9764439761751653 6.118036629764958 28.0 
324.0 277.0 2.9764439761751653 6.118036629764958 28.0 
324.0 278.0 2.9764439761751653 6.118036629764958 28.0 
325.0 273.0 2.9764439761751653 6.118036629764958 28.0 
325.0 274.0 2.9764439761751653 6.118036629764958 28.0 
325.0 275.0 2.9764439761751653 6.118036629764958 28.0 
325.0 276.0 2.9764439761751653 6.118036629764958 28.0 
325.0 277.0 2.9764439761751653 6.118036629764958 28.0 
325.0 278.0 2.9764439761751653 6.118036629764958 28.0 
326.0 273.0 2.9764439761751653 6.118036629764958 28.0 
326.0 274.0 2.9764439761751653 6.118036629764958 28.0 
326.0 275.0 2.9764439761751653 6.118036629764958 28.0 
326.0 276.0 2.9764439761751653 6.118036629764958 28.0 
326.0 277.0 2.9764439761751653 6.118036629764958 28.0 
327.0 273.0 2.9764439761751653 6.118036629764958 28.0 
327.0 274.0 2.9764439761751653 6.118036629764958 28.0 
327.0 275.0 2.9764439761751653 6.118036629764958 28.0 
327.0 276.0 2.9764439761751653 6.118036629764958 28.0 
327.0 277.0 2.9764439761751653 6.118036629764958 28.0 
328.0 273.0 2.9764439761751653 6.118036629764958 28.0 
328.0 274.0 2.9764439761751653 6.118036629764958 28.0 
328.0 275.0 2.9764439761751653 6.118036629764958 28.0 
328.0 276.0 2.9764439761751653 6.118036629764958 28.0 
328.0 277.0 2.9764439761751653 6.118036629764958 28.0 
329.0 273.0 2.9764439761751653 6.118036629764958 28.0 
329.0 274.0 2.9764439761751653 6.118036629764958 28.0 
329.0 275.0 2.9764439761751653 6.118036629764958 28.0 
329.0 276.0 2.9764439761751653 6.118036629764958 28.0 
329.0 277.0 2.9764439761751653 6.118036629764958 28.0 
330.0 273.0 2.9764439761751653 6.118036629764958 28.0 
330.0 274.0 2.9764439761751653 6.118036629764958 28.0 
330.0 275.0 2.9764439761751653 6.118036629764958 28.0 
330.0 276.0 2.9764439761751653 6.118036629764958 28.0 
330.0 277.0 2.9764439761751653 6.118036629764958 28.0 
331.0 272.0 2.9764439761751653 6.118036629764958 28.0 
331.0 273.0 2.9764439761751653 6.118036629764958 28.0 
331.0 274.0 2.9764439761751653 6.118036629764958 28.0 
331.0 275.0 2.9764439761751653 6.118036629764958 28.0 
331.0 276.0 2.9764439761751653 6.118036629764958 28.0 
331.0 277.0 2.9764439761751653 6.118036629764958 28.0 
332.0 272.0 2.9764439761751653 6.118036629764958 28.0 
332.0 273.0 2.9764439761751653 6.118036629764958 28.0 
332.0 274.0 2.9764439761751653 6.118036629764958 28.0 
332.0 275.0 2.9764439761751653 6.118036629764958 28.0 
332.0 276.0 2.9764439761751653 6.118036629764958 28.0 
333.0 272.0 2.9764439761751653 6.118036629764958 28.0 
333.0 273.0 2.9764439761751653 6.118036629764958 28.0 
333.0 274.0 2.9764439761751653 6.118036629764958 28.0 
333.0 275.0 2.9764439761751653 6.118036629764958 28.0 
333.0 276.0 2.9764439761751653 6.118036629764958 28.0 
334.0 272.0 2.9764439761751653 6.118036629764958 28.0 
334.0 273.0 2.9764439761751653 6.118036629764958 28.0 
334.0 274.0 2.9764439761751653 6.118036629764958 28.0 
334.0 275.0 2.9764439761751653 6.118036629764958 28.0 
334.0 276.0 2.9764439761751653 6.118036629764958 28.0 
335.0 272.0 2.9764439761751653 6.118036629764958 28.0 
335.0 273.0 2.9764439761751653 6.118036629764958 28.0 
335.0 274.0 2.9764439761751653 6.118036629764958 28.0 
335.0 275.0 2.9764439761751653 6.118036629764958 28.0 
335.0 276.0 2.9764439761751653 6.118036629764958 28.0 
336.0 272.0 2.9764439761751653 6.118036629764958 28.0 
336.0 273.0 2.9764439761751653 6.118036629764958 28.0 
336.0 274.0 2.9764439761751653 6.118036629764958 28.0 
336.0 275.0 2.9764439761751653 6.118036629764958 28.0 
336.0 276.0 2.9764439761751653 6.118036629764958 28.0 
337.0 271.0 2.9764439761751653 6.118036629764958 28.0 
337.0 272.0 2.9764439761751653 6.118036629764958 28.0 
337.0 273.0 2.9764439761751653 6.118036629764958 28.0 
337.0 274.0 2.9764439761751653 6.118036629764958 28.0 
337.0 275.0 2.9764439761751653 6.118036629764958 28.0 
337.0 276.0 2.9764439761751653 6.118036629764958 28.0 
338.0 271.0 2.9764439761751653 6.118036629764958 28.0 
338.0 272.0 2.9764439761751653 6.118036629764958 28.0 
338.0 273.0 2.9764439761751653 6.118036629764958 28.0 
338.0 274.0 2.9764439761751653 6.118036629764958 28.0 
338.0 275.0 2.9764439761751653 6.118036629764958 28.0 
339.0 271.0 2.9764439761751653 6.118036629764958 28.0 
339.0 272.0 2.9764439761751653 6.118036629764958 28.0 
339.0 273.0 2.9764439761751653 6.118036629764958 28.0 
339.0 274.0 2.9764439761751653 6.118036629764958 28.0 
339.0 275.0 2.9764439761751653 6.118036629764958 28.0 
340.0 273.0 2.9764439761751653 6.118036629764958 28.0 
340.0 274.0 2.9764439761751653 6.118036629764958 28.0 
340.0 275.0 2.9764439761751653 6.118036629764958 28.0 
253.0 293.0 2.7233683240105644 5.864960977600356 24.0 
253.0 294.0 2.7233683240105644 5.864960977600356 24.0 
253.0 295.0 2.7233683240105644 5.864960977600356 24.0 
254.0 293.0 2.7233683240105644 5.864960977600356 24.0 
254.0 294.0 2.7233683240105644 5.864960977600356 24.0 
254.0 295.0 2.7233683240105644 5.864960977600356 24.0 
254.0 296.0 2.7233683240105644 5.864960977600356 24.0 
254.0 297.0 2.7233683240105644 5.864960977600356 24.0 
254.0 298.0 2.7233683240105644 5.864960977600356 24.0 
255.0 292.0 2.7233683240105644 5.864960977600356 24.0 
255.0 293.0 2.7233683240105644 5.864960977600356 24.0 
255.0 294.0 2.7233683240105644 5.864960977600356 24.0 
255.0 295.0 2.7233683240105644 5.864960977600356 24.0 
255.0 296.0 2.7233683240105644 5.864960977600356 24.0 
255.0 297.0 2.7233683240105644 5.864960977600356 24.0 
255.0 298.0 2.7233683240105644 5.864960977600356 24.0 
256.0 292.0 2.7233683240105644 5.864960977600356 24.0 
256.0 293.0 2.7233683240105644 5.864960977600356 24.0 
256.0 294.0 2.7233683240105644 5.864960977600356 24.0 
256.0 295.0 2.7233683240105644 5.864960977600356 24.0 
256.0 296.0 2.7233683240105644 5.864960977600356 24.0 
256.0 297.0 2.7233683240105644 5.864960977600356 24.0 
257.0 291.0 2.7233683240105644 5.864960977600356 24.0 
257.0 292.0 2.7233683240105644 5.864960977600356 24.0 
257.0 293.0 2.7233683240105644 5.864960977600356 24.0 
257.0 294.0 2.7233683240105644 5.864960977600356 24.0 
257.0 295.0 2.7233683240105644 5.864960977600356 24.0 
257.0 296.0 2.7233683240105644 5.864960977600356 24.0 
257.0 297.0 2.7233683240105644 5.864960977600356 24.0 
258.0 291.0 2.7233683240105644 5.864960977600356 24.0 
258.0 292.0 2.7233683240105644 5.864960977600356 24.0 
258.0 293.0 2.7233683240105644 5.864960977600356 24.0 
258.0 294.0 2.7233683240105644 5.864960977600356 24.0 
258.0 295.0 2.7233683240105644 5.864960977600356 24.0 
258.0 296.0 2.7233683240105644 5.864960977600356 24.0 
258.0 297.0 2.7233683240105644 5.864960977600356 24.0 
259.0 291.0 2.7233683240105644 5.864960977600356 24.0 
259.0 292.0 2.7233683240105644 5.864960977600356 24.0 
259.0 293.0 2.7233683240105644 5.864960977600356 24.0 
259.0 294.0 2.7233683240105644 5.864960977600356 24.0 
259.0 295.0 2.7233683240105644 5.864960977600356 24.0 
259.0 296.0 2.7233683240105644 5.864960977600356 24.0 
260.0 290.0 2.7233683240105644 5.864960977600356 24.0 
260.0 291.0 2.7233683240105644 5.864960977600356 24.0 
260.0 292.0 2.7233683240105644 5.864960977600356 24.0 
260.0 293.0 2.7233683240105644 5.864960977600356 24.0 
260.0 294.0 2.7233683240105644 5.864960977600356 24.0 
260.0 295.0 2.7233683240105644 5.864960977600356 24.0 
260.0 296.0 2.7233683240105644 5.864960977600356 24.0 
261.0 290.0 2.7233683240105644 5.864960977600356 24.0 
261.0 291.0 2.7233683240105644 5.864960977600356 24.0 
261.0 292.0 2.7233683240105644 5.864960977600356 24.0 
261.0 293.0 2.7233683240105644 5.864960977600356 24.0 
261.0 294.0 2.7233683240105644 5.864960977600356 24.0 
261.0 295.0 2.7233683240105644 5.864960977600356 24.0 
262.0 292.0 2.7233683240105644 5.864960977600356 24.0 
262.0 293.0 2.7233683240105644 5.864960977600356 24.0 
262.0 294.0 2.7233683240105644 5.864960977600356 24.0 
262.0 295.0 2.7233683240105644 5.864960977600356 24.0 
