281.0 247.0 4.140359459139049 0.9987668055492561 44.0 
282.0 246.0 4.140359459139049 0.9987668055492561 44.0 
282.0 247.0 4.140359459139049 0.9987668055492561 44.0 
282.0 248.0 4.140359459139049 0.9987668055492561 44.0 
283.0 245.0 4.140359459139049 0.9987668055492561 44.0 
283.0 246.0 4.140359459139049 0.9987668055492561 44.0 
283.0 247.0 4.140359459139049 0.9987668055492561 44.0 
283.0 248.0 4.140359459139049 0.9987668055492561 44.0 
283.0 249.0 4.140359459139049 0.9987668055492561 44.0 
283.0 250.0 4.140359459139049 0.9987668055492561 44.0 
284.0 245.0 4.140359459139049 0.9987668055492561 44.0 
284.0 246.0 4.140359459139049 0.9987668055492561 44.0 
284.0 247.0 4.140359459139049 0.9987668055492561 44.0 
284.0 248.0 4.140359459139049 0.9987668055492561 44.0 
284.0 249.0 4.140359459139049 0.9987668055492561 44.0 
284.0 250.0 4.140359459139049 0.9987668055492561 44.0 
284.0 251.0 4.140359459139049 0.9987668055492561 44.0 
284.0 252.0 4.140359459139049 0.9987668055492561 44.0 
285.0 244.0 4.140359459139049 0.9987668055492561 44.0 
285.0 245.0 4.140359459139049 0.9987668055492561 44.0 
285.0 246.0 4.140359459139049 0.9987668055492561 44.0 
285.0 247.0 4.140359459139049 0.9987668055492561 44.0 
285.0 248.0 4.140359459139049 0.9987668055492561 44.0 
285.0 249.0 4.140359459139049 0.9987668055492561 44.0 
285.0 250.0 4.140359459139049 0.9987668055492561 44.0 
285.0 251.0 4.140359459139049 0.9987668055492561 44.0 
285.0 252.0 4.140359459139049 0.9987668055492561 44.0 
285.0 253.0 4.140359459139049 0.9987668055492561 44.0 
286.0 245.0 4.140359459139049 0.9987668055492561 44.0 
286.0 246.0 4.140359459139049 0.9987668055492561 44.0 
286.0 247.0 4.140359459139049 0.9987668055492561 44.0 
286.0 248.0 4.140359459139049 0.9987668055492561 44.0 
286.0 249.0 4.140359459139049 0.9987668055492561 44.0 
286.0 250.0 4.140359459139049 0.9987668055492561 44.0 
286.0 251.0 4.140359459139049 0.9987668055492561 44.0 
286.0 252.0 4.140359459139049 0.9987668055492561 44.0 
286.0 253.0 4.140359459139049 0.9987668055492561 44.0 
286.0 254.0 4.140359459139049 0.9987668055492561 44.0 
286.0 255.0 4.140359459139049 0.9987668055492561 44.0 
287.0 246.0 4.140359459139049 0.9987668055492561 44.0 
287.0 247.0 4.140359459139049 0.9987668055492561 44.0 
287.0 248.0 4.140359459139049 0.9987668055492561 44.0 
287.0 249.0 4.140359459139049 0.9987668055492561 44.0 
287.0 250.0 4.140359459139049 0.9987668055492561 44.0 
287.0 251.0 4.140359459139049 0.9987668055492561 44.0 
287.0 252.0 4.140359459139049 0.9987668055492561 44.0 
287.0 253.0 4.140359459139049 0.9987668055492561 44.0 
287.0 254.0 4.140359459139049 0.9987668055492561 44.0 
287.0 255.0 4.140359459139049 0.9987668055492561 44.0 
287.0 256.0 4.140359459139049 0.9987668055492561 44.0 
288.0 248.0 4.140359459139049 0.9987668055492561 44.0 
288.0 249.0 4.140359459139049 0.9987668055492561 44.0 
288.0 250.0 4.140359459139049 0.9987668055492561 44.0 
288.0 251.0 4.140359459139049 0.9987668055492561 44.0 
288.0 252.0 4.140359459139049 0.9987668055492561 44.0 
288.0 253.0 4.140359459139049 0.9987668055492561 44.0 
288.0 254.0 4.140359459139049 0.9987668055492561 44.0 
288.0 255.0 4.140359459139049 0.9987668055492561 44.0 
288.0 256.0 4.140359459139049 0.9987668055492561 44.0 
288.0 257.0 4.140359459139049 0.9987668055492561 44.0 
288.0 258.0 4.140359459139049 0.9987668055492561 44.0 
289.0 249.0 4.140359459139049 0.9987668055492561 44.0 
289.0 250.0 4.140359459139049 0.9987668055492561 44.0 
289.0 251.0 4.140359459139049 0.9987668055492561 44.0 
289.0 252.0 4.140359459139049 0.9987668055492561 44.0 
289.0 253.0 4.140359459139049 0.9987668055492561 44.0 
289.0 254.0 4.140359459139049 0.9987668055492561 44.0 
289.0 255.0 4.140359459139049 0.9987668055492561 44.0 
289.0 256.0 4.140359459139049 0.9987668055492561 44.0 
289.0 257.0 4.140359459139049 0.9987668055492561 44.0 
289.0 258.0 4.140359459139049 0.9987668055492561 44.0 
289.0 259.0 4.140359459139049 0.9987668055492561 44.0 
290.0 251.0 4.140359459139049 0.9987668055492561 44.0 
290.0 252.0 4.140359459139049 0.9987668055492561 44.0 
290.0 253.0 4.140359459139049 0.9987668055492561 44.0 
290.0 254.0 4.140359459139049 0.9987668055492561 44.0 
290.0 255.0 4.140359459139049 0.9987668055492561 44.0 
290.0 256.0 4.140359459139049 0.9987668055492561 44.0 
290.0 257.0 4.140359459139049 0.9987668055492561 44.0 
290.0 258.0 4.140359459139049 0.9987668055492561 44.0 
290.0 259.0 4.140359459139049 0.9987668055492561 44.0 
290.0 260.0 4.140359459139049 0.9987668055492561 44.0 
290.0 261.0 4.140359459139049 0.9987668055492561 44.0 
291.0 252.0 4.140359459139049 0.9987668055492561 44.0 
291.0 253.0 4.140359459139049 0.9987668055492561 44.0 
291.0 254.0 4.140359459139049 0.9987668055492561 44.0 
291.0 255.0 4.140359459139049 0.9987668055492561 44.0 
291.0 256.0 4.140359459139049 0.9987668055492561 44.0 
291.0 257.0 4.140359459139049 0.9987668055492561 44.0 
291.0 258.0 4.140359459139049 0.9987668055492561 44.0 
291.0 259.0 4.140359459139049 0.9987668055492561 44.0 
291.0 260.0 4.140359459139049 0.9987668055492561 44.0 
291.0 261.0 4.140359459139049 0.9987668055492561 44.0 
291.0 262.0 4.140359459139049 0.9987668055492561 44.0 
292.0 254.0 4.140359459139049 0.9987668055492561 44.0 
292.0 255.0 4.140359459139049 0.9987668055492561 44.0 
292.0 256.0 4.140359459139049 0.9987668055492561 44.0 
292.0 257.0 4.140359459139049 0.9987668055492561 44.0 
292.0 258.0 4.140359459139049 0.9987668055492561 44.0 
292.0 259.0 4.140359459139049 0.9987668055492561 44.0 
292.0 260.0 4.140359459139049 0.9987668055492561 44.0 
292.0 261.0 4.140359459139049 0.9987668055492561 44.0 
292.0 262.0 4.140359459139049 0.9987668055492561 44.0 
292.0 263.0 4.140359459139049 0.9987668055492561 44.0 
292.0 264.0 4.140359459139049 0.9987668055492561 44.0 
293.0 255.0 4.140359459139049 0.9987668055492561 44.0 
293.0 256.0 4.140359459139049 0.9987668055492561 44.0 
293.0 257.0 4.140359459139049 0.9987668055492561 44.0 
293.0 258.0 4.140359459139049 0.9987668055492561 44.0 
293.0 259.0 4.140359459139049 0.9987668055492561 44.0 
293.0 260.0 4.140359459139049 0.9987668055492561 44.0 
293.0 261.0 4.140359459139049 0.9987668055492561 44.0 
293.0 262.0 4.140359459139049 0.9987668055492561 44.0 
293.0 263.0 4.140359459139049 0.9987668055492561 44.0 
293.0 264.0 4.140359459139049 0.9987668055492561 44.0 
293.0 265.0 4.140359459139049 0.9987668055492561 44.0 
293.0 266.0 4.140359459139049 0.9987668055492561 44.0 
294.0 257.0 4.140359459139049 0.9987668055492561 44.0 
294.0 258.0 4.140359459139049 0.9987668055492561 44.0 
294.0 259.0 4.140359459139049 0.9987668055492561 44.0 
294.0 260.0 4.140359459139049 0.9987668055492561 44.0 
294.0 261.0 4.140359459139049 0.9987668055492561 44.0 
294.0 262.0 4.140359459139049 0.9987668055492561 44.0 
294.0 263.0 4.140359459139049 0.9987668055492561 44.0 
294.0 264.0 4.140359459139049 0.9987668055492561 44.0 
294.0 265.0 4.140359459139049 0.9987668055492561 44.0 
294.0 266.0 4.140359459139049 0.9987668055492561 44.0 
294.0 267.0 4.140359459139049 0.9987668055492561 44.0 
295.0 259.0 4.140359459139049 0.9987668055492561 44.0 
295.0 260.0 4.140359459139049 0.9987668055492561 44.0 
295.0 261.0 4.140359459139049 0.9987668055492561 44.0 
295.0 262.0 4.140359459139049 0.9987668055492561 44.0 
295.0 263.0 4.140359459139049 0.9987668055492561 44.0 
295.0 264.0 4.140359459139049 0.9987668055492561 44.0 
295.0 265.0 4.140359459139049 0.9987668055492561 44.0 
295.0 266.0 4.140359459139049 0.9987668055492561 44.0 
295.0 267.0 4.140359459139049 0.9987668055492561 44.0 
295.0 268.0 4.140359459139049 0.9987668055492561 44.0 
295.0 269.0 4.140359459139049 0.9987668055492561 44.0 
296.0 260.0 4.140359459139049 0.9987668055492561 44.0 
296.0 261.0 4.140359459139049 0.9987668055492561 44.0 
296.0 262.0 4.140359459139049 0.9987668055492561 44.0 
296.0 263.0 4.140359459139049 0.9987668055492561 44.0 
296.0 264.0 4.140359459139049 0.9987668055492561 44.0 
296.0 265.0 4.140359459139049 0.9987668055492561 44.0 
296.0 266.0 4.140359459139049 0.9987668055492561 44.0 
296.0 267.0 4.140359459139049 0.9987668055492561 44.0 
296.0 268.0 4.140359459139049 0.9987668055492561 44.0 
296.0 269.0 4.140359459139049 0.9987668055492561 44.0 
296.0 270.0 4.140359459139049 0.9987668055492561 44.0 
297.0 262.0 4.140359459139049 0.9987668055492561 44.0 
297.0 263.0 4.140359459139049 0.9987668055492561 44.0 
297.0 264.0 4.140359459139049 0.9987668055492561 44.0 
297.0 265.0 4.140359459139049 0.9987668055492561 44.0 
297.0 266.0 4.140359459139049 0.9987668055492561 44.0 
297.0 267.0 4.140359459139049 0.9987668055492561 44.0 
297.0 268.0 4.140359459139049 0.9987668055492561 44.0 
297.0 269.0 4.140359459139049 0.9987668055492561 44.0 
297.0 270.0 4.140359459139049 0.9987668055492561 44.0 
297.0 271.0 4.140359459139049 0.9987668055492561 44.0 
297.0 272.0 4.140359459139049 0.9987668055492561 44.0 
298.0 263.0 4.140359459139049 0.9987668055492561 44.0 
298.0 264.0 4.140359459139049 0.9987668055492561 44.0 
298.0 265.0 4.140359459139049 0.9987668055492561 44.0 
298.0 266.0 4.140359459139049 0.9987668055492561 44.0 
298.0 267.0 4.140359459139049 0.9987668055492561 44.0 
298.0 268.0 4.140359459139049 0.9987668055492561 44.0 
298.0 269.0 4.140359459139049 0.9987668055492561 44.0 
298.0 270.0 4.140359459139049 0.9987668055492561 44.0 
298.0 271.0 4.140359459139049 0.9987668055492561 44.0 
298.0 272.0 4.140359459139049 0.9987668055492561 44.0 
298.0 273.0 4.140359459139049 0.9987668055492561 44.0 
299.0 265.0 4.140359459139049 0.9987668055492561 44.0 
299.0 266.0 4.140359459139049 0.9987668055492561 44.0 
299.0 267.0 4.140359459139049 0.9987668055492561 44.0 
299.0 268.0 4.140359459139049 0.9987668055492561 44.0 
299.0 269.0 4.140359459139049 0.9987668055492561 44.0 
299.0 270.0 4.140359459139049 0.9987668055492561 44.0 
299.0 271.0 4.140359459139049 0.9987668055492561 44.0 
299.0 272.0 4.140359459139049 0.9987668055492561 44.0 
299.0 273.0 4.140359459139049 0.9987668055492561 44.0 
299.0 274.0 4.140359459139049 0.9987668055492561 44.0 
299.0 275.0 4.140359459139049 0.9987668055492561 44.0 
300.0 266.0 4.140359459139049 0.9987668055492561 44.0 
300.0 267.0 4.140359459139049 0.9987668055492561 44.0 
300.0 268.0 4.140359459139049 0.9987668055492561 44.0 
300.0 269.0 4.140359459139049 0.9987668055492561 44.0 
300.0 270.0 4.140359459139049 0.9987668055492561 44.0 
300.0 271.0 4.140359459139049 0.9987668055492561 44.0 
300.0 272.0 4.140359459139049 0.9987668055492561 44.0 
300.0 273.0 4.140359459139049 0.9987668055492561 44.0 
300.0 274.0 4.140359459139049 0.9987668055492561 44.0 
300.0 275.0 4.140359459139049 0.9987668055492561 44.0 
300.0 276.0 4.140359459139049 0.9987668055492561 44.0 
301.0 268.0 4.140359459139049 0.9987668055492561 44.0 
301.0 269.0 4.140359459139049 0.9987668055492561 44.0 
301.0 270.0 4.140359459139049 0.9987668055492561 44.0 
301.0 271.0 4.140359459139049 0.9987668055492561 44.0 
301.0 272.0 4.140359459139049 0.9987668055492561 44.0 
301.0 273.0 4.140359459139049 0.9987668055492561 44.0 
301.0 274.0 4.140359459139049 0.9987668055492561 44.0 
301.0 275.0 4.140359459139049 0.9987668055492561 44.0 
301.0 276.0 4.140359459139049 0.9987668055492561 44.0 
301.0 277.0 4.140359459139049 0.9987668055492561 44.0 
301.0 278.0 4.140359459139049 0.9987668055492561 44.0 
302.0 269.0 4.140359459139049 0.9987668055492561 44.0 
302.0 270.0 4.140359459139049 0.9987668055492561 44.0 
302.0 271.0 4.140359459139049 0.9987668055492561 44.0 
302.0 272.0 4.140359459139049 0.9987668055492561 44.0 
302.0 273.0 4.140359459139049 0.9987668055492561 44.0 
302.0 274.0 4.140359459139049 0.9987668055492561 44.0 
302.0 275.0 4.140359459139049 0.9987668055492561 44.0 
302.0 276.0 4.140359459139049 0.9987668055492561 44.0 
302.0 277.0 4.140359459139049 0.9987668055492561 44.0 
302.0 278.0 4.140359459139049 0.9987668055492561 44.0 
302.0 279.0 4.140359459139049 0.9987668055492561 44.0 
302.0 280.0 4.140359459139049 0.9987668055492561 44.0 
303.0 271.0 4.140359459139049 0.9987668055492561 44.0 
303.0 272.0 4.140359459139049 0.9987668055492561 44.0 
303.0 273.0 4.140359459139049 0.9987668055492561 44.0 
303.0 274.0 4.140359459139049 0.9987668055492561 44.0 
303.0 275.0 4.140359459139049 0.9987668055492561 44.0 
303.0 276.0 4.140359459139049 0.9987668055492561 44.0 
303.0 277.0 4.140359459139049 0.9987668055492561 44.0 
303.0 278.0 4.140359459139049 0.9987668055492561 44.0 
303.0 279.0 4.140359459139049 0.9987668055492561 44.0 
303.0 280.0 4.140359459139049 0.9987668055492561 44.0 
303.0 281.0 4.140359459139049 0.9987668055492561 44.0 
304.0 273.0 4.140359459139049 0.9987668055492561 44.0 
304.0 274.0 4.140359459139049 0.9987668055492561 44.0 
304.0 275.0 4.140359459139049 0.9987668055492561 44.0 
304.0 276.0 4.140359459139049 0.9987668055492561 44.0 
304.0 277.0 4.140359459139049 0.9987668055492561 44.0 
304.0 278.0 4.140359459139049 0.9987668055492561 44.0 
304.0 279.0 4.140359459139049 0.9987668055492561 44.0 
304.0 280.0 4.140359459139049 0.9987668055492561 44.0 
304.0 281.0 4.140359459139049 0.9987668055492561 44.0 
304.0 282.0 4.140359459139049 0.9987668055492561 44.0 
304.0 283.0 4.140359459139049 0.9987668055492561 44.0 
305.0 274.0 4.140359459139049 0.9987668055492561 44.0 
305.0 275.0 4.140359459139049 0.9987668055492561 44.0 
305.0 276.0 4.140359459139049 0.9987668055492561 44.0 
305.0 277.0 4.140359459139049 0.9987668055492561 44.0 
305.0 278.0 4.140359459139049 0.9987668055492561 44.0 
305.0 279.0 4.140359459139049 0.9987668055492561 44.0 
305.0 280.0 4.140359459139049 0.9987668055492561 44.0 
305.0 281.0 4.140359459139049 0.9987668055492561 44.0 
305.0 282.0 4.140359459139049 0.9987668055492561 44.0 
305.0 283.0 4.140359459139049 0.9987668055492561 44.0 
305.0 284.0 4.140359459139049 0.9987668055492561 44.0 
306.0 276.0 4.140359459139049 0.9987668055492561 44.0 
306.0 277.0 4.140359459139049 0.9987668055492561 44.0 
306.0 278.0 4.140359459139049 0.9987668055492561 44.0 
306.0 279.0 4.140359459139049 0.9987668055492561 44.0 
306.0 280.0 4.140359459139049 0.9987668055492561 44.0 
306.0 281.0 4.140359459139049 0.9987668055492561 44.0 
306.0 282.0 4.140359459139049 0.9987668055492561 44.0 
306.0 283.0 4.140359459139049 0.9987668055492561 44.0 
306.0 284.0 4.140359459139049 0.9987668055492561 44.0 
306.0 285.0 4.140359459139049 0.9987668055492561 44.0 
306.0 286.0 4.140359459139049 0.9987668055492561 44.0 
307.0 277.0 4.140359459139049 0.9987668055492561 44.0 
307.0 278.0 4.140359459139049 0.9987668055492561 44.0 
307.0 279.0 4.140359459139049 0.9987668055492561 44.0 
307.0 280.0 4.140359459139049 0.9987668055492561 44.0 
307.0 281.0 4.140359459139049 0.9987668055492561 44.0 
307.0 282.0 4.140359459139049 0.9987668055492561 44.0 
307.0 283.0 4.140359459139049 0.9987668055492561 44.0 
307.0 284.0 4.140359459139049 0.9987668055492561 44.0 
307.0 285.0 4.140359459139049 0.9987668055492561 44.0 
307.0 286.0 4.140359459139049 0.9987668055492561 44.0 
307.0 287.0 4.140359459139049 0.9987668055492561 44.0 
308.0 279.0 4.140359459139049 0.9987668055492561 44.0 
308.0 280.0 4.140359459139049 0.9987668055492561 44.0 
308.0 281.0 4.140359459139049 0.9987668055492561 44.0 
308.0 282.0 4.140359459139049 0.9987668055492561 44.0 
308.0 283.0 4.140359459139049 0.9987668055492561 44.0 
308.0 284.0 4.140359459139049 0.9987668055492561 44.0 
308.0 285.0 4.140359459139049 0.9987668055492561 44.0 
308.0 286.0 4.140359459139049 0.9987668055492561 44.0 
308.0 287.0 4.140359459139049 0.9987668055492561 44.0 
308.0 288.0 4.140359459139049 0.9987668055492561 44.0 
308.0 289.0 4.140359459139049 0.9987668055492561 44.0 
309.0 280.0 4.140359459139049 0.9987668055492561 44.0 
309.0 281.0 4.140359459139049 0.9987668055492561 44.0 
309.0 282.0 4.140359459139049 0.9987668055492561 44.0 
309.0 283.0 4.140359459139049 0.9987668055492561 44.0 
309.0 284.0 4.140359459139049 0.9987668055492561 44.0 
309.0 285.0 4.140359459139049 0.9987668055492561 44.0 
309.0 286.0 4.140359459139049 0.9987668055492561 44.0 
309.0 287.0 4.140359459139049 0.9987668055492561 44.0 
309.0 288.0 4.140359459139049 0.9987668055492561 44.0 
309.0 289.0 4.140359459139049 0.9987668055492561 44.0 
309.0 290.0 4.140359459139049 0.9987668055492561 44.0 
310.0 282.0 4.140359459139049 0.9987668055492561 44.0 
310.0 283.0 4.140359459139049 0.9987668055492561 44.0 
310.0 284.0 4.140359459139049 0.9987668055492561 44.0 
310.0 285.0 4.140359459139049 0.9987668055492561 44.0 
310.0 286.0 4.140359459139049 0.9987668055492561 44.0 
310.0 287.0 4.140359459139049 0.9987668055492561 44.0 
310.0 288.0 4.140359459139049 0.9987668055492561 44.0 
310.0 289.0 4.140359459139049 0.9987668055492561 44.0 
310.0 290.0 4.140359459139049 0.9987668055492561 44.0 
310.0 291.0 4.140359459139049 0.9987668055492561 44.0 
310.0 292.0 4.140359459139049 0.9987668055492561 44.0 
311.0 283.0 4.140359459139049 0.9987668055492561 44.0 
311.0 284.0 4.140359459139049 0.9987668055492561 44.0 
311.0 285.0 4.140359459139049 0.9987668055492561 44.0 
311.0 286.0 4.140359459139049 0.9987668055492561 44.0 
311.0 287.0 4.140359459139049 0.9987668055492561 44.0 
311.0 288.0 4.140359459139049 0.9987668055492561 44.0 
311.0 289.0 4.140359459139049 0.9987668055492561 44.0 
311.0 290.0 4.140359459139049 0.9987668055492561 44.0 
311.0 291.0 4.140359459139049 0.9987668055492561 44.0 
311.0 292.0 4.140359459139049 0.9987668055492561 44.0 
311.0 293.0 4.140359459139049 0.9987668055492561 44.0 
311.0 294.0 4.140359459139049 0.9987668055492561 44.0 
312.0 285.0 4.140359459139049 0.9987668055492561 44.0 
312.0 286.0 4.140359459139049 0.9987668055492561 44.0 
312.0 287.0 4.140359459139049 0.9987668055492561 44.0 
312.0 288.0 4.140359459139049 0.9987668055492561 44.0 
312.0 289.0 4.140359459139049 0.9987668055492561 44.0 
312.0 290.0 4.140359459139049 0.9987668055492561 44.0 
312.0 291.0 4.140359459139049 0.9987668055492561 44.0 
312.0 292.0 4.140359459139049 0.9987668055492561 44.0 
312.0 293.0 4.140359459139049 0.9987668055492561 44.0 
312.0 294.0 4.140359459139049 0.9987668055492561 44.0 
312.0 295.0 4.140359459139049 0.9987668055492561 44.0 
313.0 287.0 4.140359459139049 0.9987668055492561 44.0 
313.0 288.0 4.140359459139049 0.9987668055492561 44.0 
313.0 289.0 4.140359459139049 0.9987668055492561 44.0 
313.0 290.0 4.140359459139049 0.9987668055492561 44.0 
313.0 291.0 4.140359459139049 0.9987668055492561 44.0 
313.0 292.0 4.140359459139049 0.9987668055492561 44.0 
313.0 293.0 4.140359459139049 0.9987668055492561 44.0 
313.0 294.0 4.140359459139049 0.9987668055492561 44.0 
313.0 295.0 4.140359459139049 0.9987668055492561 44.0 
313.0 296.0 4.140359459139049 0.9987668055492561 44.0 
313.0 297.0 4.140359459139049 0.9987668055492561 44.0 
314.0 288.0 4.140359459139049 0.9987668055492561 44.0 
314.0 289.0 4.140359459139049 0.9987668055492561 44.0 
314.0 290.0 4.140359459139049 0.9987668055492561 44.0 
314.0 291.0 4.140359459139049 0.9987668055492561 44.0 
314.0 292.0 4.140359459139049 0.9987668055492561 44.0 
314.0 293.0 4.140359459139049 0.9987668055492561 44.0 
314.0 294.0 4.140359459139049 0.9987668055492561 44.0 
314.0 295.0 4.140359459139049 0.9987668055492561 44.0 
314.0 296.0 4.140359459139049 0.9987668055492561 44.0 
314.0 297.0 4.140359459139049 0.9987668055492561 44.0 
314.0 298.0 4.140359459139049 0.9987668055492561 44.0 
315.0 290.0 4.140359459139049 0.9987668055492561 44.0 
315.0 291.0 4.140359459139049 0.9987668055492561 44.0 
315.0 292.0 4.140359459139049 0.9987668055492561 44.0 
315.0 293.0 4.140359459139049 0.9987668055492561 44.0 
315.0 294.0 4.140359459139049 0.9987668055492561 44.0 
315.0 295.0 4.140359459139049 0.9987668055492561 44.0 
315.0 296.0 4.140359459139049 0.9987668055492561 44.0 
315.0 297.0 4.140359459139049 0.9987668055492561 44.0 
315.0 298.0 4.140359459139049 0.9987668055492561 44.0 
315.0 299.0 4.140359459139049 0.9987668055492561 44.0 
315.0 300.0 4.140359459139049 0.9987668055492561 44.0 
316.0 291.0 4.140359459139049 0.9987668055492561 44.0 
316.0 292.0 4.140359459139049 0.9987668055492561 44.0 
316.0 293.0 4.140359459139049 0.9987668055492561 44.0 
316.0 294.0 4.140359459139049 0.9987668055492561 44.0 
316.0 295.0 4.140359459139049 0.9987668055492561 44.0 
316.0 296.0 4.140359459139049 0.9987668055492561 44.0 
316.0 297.0 4.140359459139049 0.9987668055492561 44.0 
316.0 298.0 4.140359459139049 0.9987668055492561 44.0 
316.0 299.0 4.140359459139049 0.9987668055492561 44.0 
316.0 300.0 4.140359459139049 0.9987668055492561 44.0 
316.0 301.0 4.140359459139049 0.9987668055492561 44.0 
317.0 293.0 4.140359459139049 0.9987668055492561 44.0 
317.0 294.0 4.140359459139049 0.9987668055492561 44.0 
317.0 295.0 4.140359459139049 0.9987668055492561 44.0 
317.0 296.0 4.140359459139049 0.9987668055492561 44.0 
317.0 297.0 4.140359459139049 0.9987668055492561 44.0 
317.0 298.0 4.140359459139049 0.9987668055492561 44.0 
317.0 299.0 4.140359459139049 0.9987668055492561 44.0 
317.0 300.0 4.140359459139049 0.9987668055492561 44.0 
317.0 301.0 4.140359459139049 0.9987668055492561 44.0 
317.0 302.0 4.140359459139049 0.9987668055492561 44.0 
317.0 303.0 4.140359459139049 0.9987668055492561 44.0 
318.0 294.0 4.140359459139049 0.9987668055492561 44.0 
318.0 295.0 4.140359459139049 0.9987668055492561 44.0 
318.0 296.0 4.140359459139049 0.9987668055492561 44.0 
318.0 297.0 4.140359459139049 0.9987668055492561 44.0 
318.0 298.0 4.140359459139049 0.9987668055492561 44.0 
318.0 299.0 4.140359459139049 0.9987668055492561 44.0 
318.0 300.0 4.140359459139049 0.9987668055492561 44.0 
318.0 301.0 4.140359459139049 0.9987668055492561 44.0 
318.0 302.0 4.140359459139049 0.9987668055492561 44.0 
318.0 303.0 4.140359459139049 0.9987668055492561 44.0 
318.0 304.0 4.140359459139049 0.9987668055492561 44.0 
319.0 296.0 4.140359459139049 0.9987668055492561 44.0 
319.0 297.0 4.140359459139049 0.9987668055492561 44.0 
319.0 298.0 4.140359459139049 0.9987668055492561 44.0 
319.0 299.0 4.140359459139049 0.9987668055492561 44.0 
319.0 300.0 4.140359459139049 0.9987668055492561 44.0 
319.0 301.0 4.140359459139049 0.9987668055492561 44.0 
319.0 302.0 4.140359459139049 0.9987668055492561 44.0 
319.0 303.0 4.140359459139049 0.9987668055492561 44.0 
319.0 304.0 4.140359459139049 0.9987668055492561 44.0 
319.0 305.0 4.140359459139049 0.9987668055492561 44.0 
319.0 306.0 4.140359459139049 0.9987668055492561 44.0 
320.0 297.0 4.140359459139049 0.9987668055492561 44.0 
320.0 298.0 4.140359459139049 0.9987668055492561 44.0 
320.0 299.0 4.140359459139049 0.9987668055492561 44.0 
320.0 300.0 4.140359459139049 0.9987668055492561 44.0 
320.0 301.0 4.140359459139049 0.9987668055492561 44.0 
320.0 302.0 4.140359459139049 0.9987668055492561 44.0 
320.0 303.0 4.140359459139049 0.9987668055492561 44.0 
320.0 304.0 4.140359459139049 0.9987668055492561 44.0 
320.0 305.0 4.140359459139049 0.9987668055492561 44.0 
320.0 306.0 4.140359459139049 0.9987668055492561 44.0 
320.0 307.0 4.140359459139049 0.9987668055492561 44.0 
320.0 308.0 4.140359459139049 0.9987668055492561 44.0 
321.0 299.0 4.140359459139049 0.9987668055492561 44.0 
321.0 300.0 4.140359459139049 0.9987668055492561 44.0 
321.0 301.0 4.140359459139049 0.9987668055492561 44.0 
321.0 302.0 4.140359459139049 0.9987668055492561 44.0 
321.0 303.0 4.140359459139049 0.9987668055492561 44.0 
321.0 304.0 4.140359459139049 0.9987668055492561 44.0 
321.0 305.0 4.140359459139049 0.9987668055492561 44.0 
321.0 306.0 4.140359459139049 0.9987668055492561 44.0 
321.0 307.0 4.140359459139049 0.9987668055492561 44.0 
321.0 308.0 4.140359459139049 0.9987668055492561 44.0 
321.0 309.0 4.140359459139049 0.9987668055492561 44.0 
322.0 301.0 4.140359459139049 0.9987668055492561 44.0 
322.0 302.0 4.140359459139049 0.9987668055492561 44.0 
322.0 303.0 4.140359459139049 0.9987668055492561 44.0 
322.0 304.0 4.140359459139049 0.9987668055492561 44.0 
322.0 305.0 4.140359459139049 0.9987668055492561 44.0 
322.0 306.0 4.140359459139049 0.9987668055492561 44.0 
322.0 307.0 4.140359459139049 0.9987668055492561 44.0 
322.0 308.0 4.140359459139049 0.9987668055492561 44.0 
322.0 309.0 4.140359459139049 0.9987668055492561 44.0 
322.0 310.0 4.140359459139049 0.9987668055492561 44.0 
322.0 311.0 4.140359459139049 0.9987668055492561 44.0 
323.0 302.0 4.140359459139049 0.9987668055492561 44.0 
323.0 303.0 4.140359459139049 0.9987668055492561 44.0 
323.0 304.0 4.140359459139049 0.9987668055492561 44.0 
323.0 305.0 4.140359459139049 0.9987668055492561 44.0 
323.0 306.0 4.140359459139049 0.9987668055492561 44.0 
323.0 307.0 4.140359459139049 0.9987668055492561 44.0 
323.0 308.0 4.140359459139049 0.9987668055492561 44.0 
323.0 309.0 4.140359459139049 0.9987668055492561 44.0 
323.0 310.0 4.140359459139049 0.9987668055492561 44.0 
323.0 311.0 4.140359459139049 0.9987668055492561 44.0 
323.0 312.0 4.140359459139049 0.9987668055492561 44.0 
324.0 304.0 4.140359459139049 0.9987668055492561 44.0 
324.0 305.0 4.140359459139049 0.9987668055492561 44.0 
324.0 306.0 4.140359459139049 0.9987668055492561 44.0 
324.0 307.0 4.140359459139049 0.9987668055492561 44.0 
324.0 308.0 4.140359459139049 0.9987668055492561 44.0 
324.0 309.0 4.140359459139049 0.9987668055492561 44.0 
324.0 310.0 4.140359459139049 0.9987668055492561 44.0 
324.0 311.0 4.140359459139049 0.9987668055492561 44.0 
324.0 312.0 4.140359459139049 0.9987668055492561 44.0 
324.0 313.0 4.140359459139049 0.9987668055492561 44.0 
324.0 314.0 4.140359459139049 0.9987668055492561 44.0 
325.0 305.0 4.140359459139049 0.9987668055492561 44.0 
325.0 306.0 4.140359459139049 0.9987668055492561 44.0 
325.0 307.0 4.140359459139049 0.9987668055492561 44.0 
325.0 308.0 4.140359459139049 0.9987668055492561 44.0 
325.0 309.0 4.140359459139049 0.9987668055492561 44.0 
325.0 310.0 4.140359459139049 0.9987668055492561 44.0 
325.0 311.0 4.140359459139049 0.9987668055492561 44.0 
325.0 312.0 4.140359459139049 0.9987668055492561 44.0 
325.0 313.0 4.140359459139049 0.9987668055492561 44.0 
325.0 314.0 4.140359459139049 0.9987668055492561 44.0 
325.0 315.0 4.140359459139049 0.9987668055492561 44.0 
326.0 307.0 4.140359459139049 0.9987668055492561 44.0 
326.0 308.0 4.140359459139049 0.9987668055492561 44.0 
326.0 309.0 4.140359459139049 0.9987668055492561 44.0 
326.0 310.0 4.140359459139049 0.9987668055492561 44.0 
326.0 311.0 4.140359459139049 0.9987668055492561 44.0 
326.0 312.0 4.140359459139049 0.9987668055492561 44.0 
326.0 313.0 4.140359459139049 0.9987668055492561 44.0 
326.0 314.0 4.140359459139049 0.9987668055492561 44.0 
326.0 315.0 4.140359459139049 0.9987668055492561 44.0 
326.0 316.0 4.140359459139049 0.9987668055492561 44.0 
326.0 317.0 4.140359459139049 0.9987668055492561 44.0 
327.0 308.0 4.140359459139049 0.9987668055492561 44.0 
327.0 309.0 4.140359459139049 0.9987668055492561 44.0 
327.0 310.0 4.140359459139049 0.9987668055492561 44.0 
327.0 311.0 4.140359459139049 0.9987668055492561 44.0 
327.0 312.0 4.140359459139049 0.9987668055492561 44.0 
327.0 313.0 4.140359459139049 0.9987668055492561 44.0 
327.0 314.0 4.140359459139049 0.9987668055492561 44.0 
327.0 315.0 4.140359459139049 0.9987668055492561 44.0 
327.0 316.0 4.140359459139049 0.9987668055492561 44.0 
327.0 317.0 4.140359459139049 0.9987668055492561 44.0 
327.0 318.0 4.140359459139049 0.9987668055492561 44.0 
328.0 310.0 4.140359459139049 0.9987668055492561 44.0 
328.0 311.0 4.140359459139049 0.9987668055492561 44.0 
328.0 312.0 4.140359459139049 0.9987668055492561 44.0 
328.0 313.0 4.140359459139049 0.9987668055492561 44.0 
328.0 314.0 4.140359459139049 0.9987668055492561 44.0 
328.0 315.0 4.140359459139049 0.9987668055492561 44.0 
328.0 316.0 4.140359459139049 0.9987668055492561 44.0 
328.0 317.0 4.140359459139049 0.9987668055492561 44.0 
328.0 318.0 4.140359459139049 0.9987668055492561 44.0 
328.0 319.0 4.140359459139049 0.9987668055492561 44.0 
329.0 311.0 4.140359459139049 0.9987668055492561 44.0 
329.0 312.0 4.140359459139049 0.9987668055492561 44.0 
329.0 313.0 4.140359459139049 0.9987668055492561 44.0 
329.0 314.0 4.140359459139049 0.9987668055492561 44.0 
329.0 315.0 4.140359459139049 0.9987668055492561 44.0 
329.0 316.0 4.140359459139049 0.9987668055492561 44.0 
329.0 317.0 4.140359459139049 0.9987668055492561 44.0 
329.0 318.0 4.140359459139049 0.9987668055492561 44.0 
330.0 313.0 4.140359459139049 0.9987668055492561 44.0 
330.0 314.0 4.140359459139049 0.9987668055492561 44.0 
330.0 315.0 4.140359459139049 0.9987668055492561 44.0 
330.0 316.0 4.140359459139049 0.9987668055492561 44.0 
330.0 317.0 4.140359459139049 0.9987668055492561 44.0 
331.0 315.0 4.140359459139049 0.9987668055492561 44.0 
331.0 316.0 4.140359459139049 0.9987668055492561 44.0 
331.0 317.0 4.140359459139049 0.9987668055492561 44.0 
332.0 316.0 4.140359459139049 0.9987668055492561 44.0 
