241.0 299.0 2.505084437801842 5.646677091391635 32.0 
242.0 298.0 2.505084437801842 5.646677091391635 32.0 
242.0 299.0 2.505084437801842 5.646677091391635 32.0 
242.0 300.0 2.505084437801842 5.646677091391635 32.0 
243.0 298.0 2.505084437801842 5.646677091391635 32.0 
243.0 299.0 2.505084437801842 5.646677091391635 32.0 
243.0 300.0 2.505084437801842 5.646677091391635 32.0 
243.0 301.0 2.505084437801842 5.646677091391635 32.0 
243.0 302.0 2.505084437801842 5.646677091391635 32.0 
244.0 297.0 2.505084437801842 5.646677091391635 32.0 
244.0 298.0 2.505084437801842 5.646677091391635 32.0 
244.0 299.0 2.505084437801842 5.646677091391635 32.0 
244.0 300.0 2.505084437801842 5.646677091391635 32.0 
244.0 301.0 2.505084437801842 5.646677091391635 32.0 
244.0 302.0 2.505084437801842 5.646677091391635 32.0 
245.0 296.0 2.505084437801842 5.646677091391635 32.0 
245.0 297.0 2.505084437801842 5.646677091391635 32.0 
245.0 298.0 2.505084437801842 5.646677091391635 32.0 
245.0 299.0 2.505084437801842 5.646677091391635 32.0 
245.0 300.0 2.505084437801842 5.646677091391635 32.0 
245.0 301.0 2.505084437801842 5.646677091391635 32.0 
246.0 295.0 2.505084437801842 5.646677091391635 32.0 
246.0 296.0 2.505084437801842 5.646677091391635 32.0 
246.0 297.0 2.505084437801842 5.646677091391635 32.0 
246.0 298.0 2.505084437801842 5.646677091391635 32.0 
246.0 299.0 2.505084437801842 5.646677091391635 32.0 
246.0 300.0 2.505084437801842 5.646677091391635 32.0 
246.0 301.0 2.505084437801842 5.646677091391635 32.0 
247.0 295.0 2.505084437801842 5.646677091391635 32.0 
247.0 296.0 2.505084437801842 5.646677091391635 32.0 
247.0 297.0 2.505084437801842 5.646677091391635 32.0 
247.0 298.0 2.505084437801842 5.646677091391635 32.0 
247.0 299.0 2.505084437801842 5.646677091391635 32.0 
247.0 300.0 2.505084437801842 5.646677091391635 32.0 
248.0 294.0 2.505084437801842 5.646677091391635 32.0 
248.0 295.0 2.505084437801842 5.646677091391635 32.0 
248.0 296.0 2.505084437801842 5.646677091391635 32.0 
248.0 297.0 2.505084437801842 5.646677091391635 32.0 
248.0 298.0 2.505084437801842 5.646677091391635 32.0 
248.0 299.0 2.505084437801842 5.646677091391635 32.0 
249.0 293.0 2.505084437801842 5.646677091391635 32.0 
249.0 294.0 2.505084437801842 5.646677091391635 32.0 
249.0 295.0 2.505084437801842 5.646677091391635 32.0 
249.0 296.0 2.505084437801842 5.646677091391635 32.0 
249.0 297.0 2.505084437801842 5.646677091391635 32.0 
249.0 298.0 2.505084437801842 5.646677091391635 32.0 
250.0 292.0 2.505084437801842 5.646677091391635 32.0 
250.0 293.0 2.505084437801842 5.646677091391635 32.0 
250.0 294.0 2.505084437801842 5.646677091391635 32.0 
250.0 295.0 2.505084437801842 5.646677091391635 32.0 
250.0 296.0 2.505084437801842 5.646677091391635 32.0 
250.0 297.0 2.505084437801842 5.646677091391635 32.0 
250.0 298.0 2.505084437801842 5.646677091391635 32.0 
251.0 292.0 2.505084437801842 5.646677091391635 32.0 
251.0 293.0 2.505084437801842 5.646677091391635 32.0 
251.0 294.0 2.505084437801842 5.646677091391635 32.0 
251.0 295.0 2.505084437801842 5.646677091391635 32.0 
251.0 296.0 2.505084437801842 5.646677091391635 32.0 
251.0 297.0 2.505084437801842 5.646677091391635 32.0 
252.0 291.0 2.505084437801842 5.646677091391635 32.0 
252.0 292.0 2.505084437801842 5.646677091391635 32.0 
252.0 293.0 2.505084437801842 5.646677091391635 32.0 
252.0 294.0 2.505084437801842 5.646677091391635 32.0 
252.0 295.0 2.505084437801842 5.646677091391635 32.0 
252.0 296.0 2.505084437801842 5.646677091391635 32.0 
253.0 290.0 2.505084437801842 5.646677091391635 32.0 
253.0 291.0 2.505084437801842 5.646677091391635 32.0 
253.0 292.0 2.505084437801842 5.646677091391635 32.0 
253.0 293.0 2.505084437801842 5.646677091391635 32.0 
253.0 294.0 2.505084437801842 5.646677091391635 32.0 
253.0 295.0 2.505084437801842 5.646677091391635 32.0 
254.0 290.0 2.505084437801842 5.646677091391635 32.0 
254.0 291.0 2.505084437801842 5.646677091391635 32.0 
254.0 292.0 2.505084437801842 5.646677091391635 32.0 
254.0 293.0 2.505084437801842 5.646677091391635 32.0 
254.0 294.0 2.505084437801842 5.646677091391635 32.0 
254.0 295.0 2.505084437801842 5.646677091391635 32.0 
255.0 289.0 2.505084437801842 5.646677091391635 32.0 
255.0 290.0 2.505084437801842 5.646677091391635 32.0 
255.0 291.0 2.505084437801842 5.646677091391635 32.0 
255.0 292.0 2.505084437801842 5.646677091391635 32.0 
255.0 293.0 2.505084437801842 5.646677091391635 32.0 
255.0 294.0 2.505084437801842 5.646677091391635 32.0 
256.0 288.0 2.505084437801842 5.646677091391635 32.0 
256.0 289.0 2.505084437801842 5.646677091391635 32.0 
256.0 290.0 2.505084437801842 5.646677091391635 32.0 
256.0 291.0 2.505084437801842 5.646677091391635 32.0 
256.0 292.0 2.505084437801842 5.646677091391635 32.0 
256.0 293.0 2.505084437801842 5.646677091391635 32.0 
257.0 287.0 2.505084437801842 5.646677091391635 32.0 
257.0 288.0 2.505084437801842 5.646677091391635 32.0 
257.0 289.0 2.505084437801842 5.646677091391635 32.0 
257.0 290.0 2.505084437801842 5.646677091391635 32.0 
257.0 291.0 2.505084437801842 5.646677091391635 32.0 
257.0 292.0 2.505084437801842 5.646677091391635 32.0 
257.0 293.0 2.505084437801842 5.646677091391635 32.0 
258.0 287.0 2.505084437801842 5.646677091391635 32.0 
258.0 288.0 2.505084437801842 5.646677091391635 32.0 
258.0 289.0 2.505084437801842 5.646677091391635 32.0 
258.0 290.0 2.505084437801842 5.646677091391635 32.0 
258.0 291.0 2.505084437801842 5.646677091391635 32.0 
258.0 292.0 2.505084437801842 5.646677091391635 32.0 
259.0 286.0 2.505084437801842 5.646677091391635 32.0 
259.0 287.0 2.505084437801842 5.646677091391635 32.0 
259.0 288.0 2.505084437801842 5.646677091391635 32.0 
259.0 289.0 2.505084437801842 5.646677091391635 32.0 
259.0 290.0 2.505084437801842 5.646677091391635 32.0 
259.0 291.0 2.505084437801842 5.646677091391635 32.0 
260.0 285.0 2.505084437801842 5.646677091391635 32.0 
260.0 286.0 2.505084437801842 5.646677091391635 32.0 
260.0 287.0 2.505084437801842 5.646677091391635 32.0 
260.0 288.0 2.505084437801842 5.646677091391635 32.0 
260.0 289.0 2.505084437801842 5.646677091391635 32.0 
260.0 290.0 2.505084437801842 5.646677091391635 32.0 
261.0 284.0 2.505084437801842 5.646677091391635 32.0 
261.0 285.0 2.505084437801842 5.646677091391635 32.0 
261.0 286.0 2.505084437801842 5.646677091391635 32.0 
261.0 287.0 2.505084437801842 5.646677091391635 32.0 
261.0 288.0 2.505084437801842 5.646677091391635 32.0 
261.0 289.0 2.505084437801842 5.646677091391635 32.0 
261.0 290.0 2.505084437801842 5.646677091391635 32.0 
262.0 284.0 2.505084437801842 5.646677091391635 32.0 
262.0 285.0 2.505084437801842 5.646677091391635 32.0 
262.0 286.0 2.505084437801842 5.646677091391635 32.0 
262.0 287.0 2.505084437801842 5.646677091391635 32.0 
262.0 288.0 2.505084437801842 5.646677091391635 32.0 
262.0 289.0 2.505084437801842 5.646677091391635 32.0 
263.0 283.0 2.505084437801842 5.646677091391635 32.0 
263.0 284.0 2.505084437801842 5.646677091391635 32.0 
263.0 285.0 2.505084437801842 5.646677091391635 32.0 
263.0 286.0 2.505084437801842 5.646677091391635 32.0 
263.0 287.0 2.505084437801842 5.646677091391635 32.0 
263.0 288.0 2.505084437801842 5.646677091391635 32.0 
264.0 283.0 2.505084437801842 5.646677091391635 32.0 
264.0 284.0 2.505084437801842 5.646677091391635 32.0 
264.0 285.0 2.505084437801842 5.646677091391635 32.0 
264.0 286.0 2.505084437801842 5.646677091391635 32.0 
264.0 287.0 2.505084437801842 5.646677091391635 32.0 
265.0 284.0 2.505084437801842 5.646677091391635 32.0 
265.0 285.0 2.505084437801842 5.646677091391635 32.0 
265.0 286.0 2.505084437801842 5.646677091391635 32.0 
265.0 287.0 2.505084437801842 5.646677091391635 32.0 
266.0 286.0 2.505084437801842 5.646677091391635 32.0 
268.0 279.0 3.0828368308740703 6.2244294844638635 28.0 
269.0 279.0 3.0828368308740703 6.2244294844638635 28.0 
269.0 280.0 3.0828368308740703 6.2244294844638635 28.0 
270.0 279.0 3.0828368308740703 6.2244294844638635 28.0 
270.0 280.0 3.0828368308740703 6.2244294844638635 28.0 
271.0 279.0 3.0828368308740703 6.2244294844638635 28.0 
271.0 280.0 3.0828368308740703 6.2244294844638635 28.0 
272.0 279.0 3.0828368308740703 6.2244294844638635 28.0 
272.0 280.0 3.0828368308740703 6.2244294844638635 28.0 
273.0 279.0 3.0828368308740703 6.2244294844638635 28.0 
273.0 280.0 3.0828368308740703 6.2244294844638635 28.0 
274.0 279.0 3.0828368308740703 6.2244294844638635 28.0 
274.0 280.0 3.0828368308740703 6.2244294844638635 28.0 
275.0 279.0 3.0828368308740703 6.2244294844638635 28.0 
275.0 280.0 3.0828368308740703 6.2244294844638635 28.0 
276.0 279.0 3.0828368308740703 6.2244294844638635 28.0 
276.0 280.0 3.0828368308740703 6.2244294844638635 28.0 
277.0 279.0 3.0828368308740703 6.2244294844638635 28.0 
277.0 280.0 3.0828368308740703 6.2244294844638635 28.0 
278.0 279.0 3.0828368308740703 6.2244294844638635 28.0 
278.0 280.0 3.0828368308740703 6.2244294844638635 28.0 
279.0 279.0 3.0828368308740703 6.2244294844638635 28.0 
279.0 280.0 3.0828368308740703 6.2244294844638635 28.0 
280.0 279.0 3.0828368308740703 6.2244294844638635 28.0 
280.0 280.0 3.0828368308740703 6.2244294844638635 28.0 
281.0 279.0 3.0828368308740703 6.2244294844638635 28.0 
281.0 280.0 3.0828368308740703 6.2244294844638635 28.0 
282.0 279.0 3.0828368308740703 6.2244294844638635 28.0 
282.0 280.0 3.0828368308740703 6.2244294844638635 28.0 
283.0 279.0 3.0828368308740703 6.2244294844638635 28.0 
283.0 280.0 3.0828368308740703 6.2244294844638635 28.0 
284.0 279.0 3.0828368308740703 6.2244294844638635 28.0 
284.0 280.0 3.0828368308740703 6.2244294844638635 28.0 
285.0 279.0 3.0828368308740703 6.2244294844638635 28.0 
285.0 280.0 3.0828368308740703 6.2244294844638635 28.0 
287.0 282.0 4.0376480381611355 0.8960553845713426 28.0 
288.0 281.0 4.0376480381611355 0.8960553845713426 28.0 
288.0 282.0 4.0376480381611355 0.8960553845713426 28.0 
288.0 283.0 4.0376480381611355 0.8960553845713426 28.0 
289.0 281.0 4.0376480381611355 0.8960553845713426 28.0 
289.0 282.0 4.0376480381611355 0.8960553845713426 28.0 
289.0 283.0 4.0376480381611355 0.8960553845713426 28.0 
289.0 284.0 4.0376480381611355 0.8960553845713426 28.0 
290.0 282.0 4.0376480381611355 0.8960553845713426 28.0 
290.0 283.0 4.0376480381611355 0.8960553845713426 28.0 
290.0 284.0 4.0376480381611355 0.8960553845713426 28.0 
290.0 285.0 4.0376480381611355 0.8960553845713426 28.0 
291.0 283.0 4.0376480381611355 0.8960553845713426 28.0 
291.0 284.0 4.0376480381611355 0.8960553845713426 28.0 
291.0 285.0 4.0376480381611355 0.8960553845713426 28.0 
291.0 286.0 4.0376480381611355 0.8960553845713426 28.0 
291.0 287.0 4.0376480381611355 0.8960553845713426 28.0 
292.0 284.0 4.0376480381611355 0.8960553845713426 28.0 
292.0 285.0 4.0376480381611355 0.8960553845713426 28.0 
292.0 286.0 4.0376480381611355 0.8960553845713426 28.0 
292.0 287.0 4.0376480381611355 0.8960553845713426 28.0 
292.0 288.0 4.0376480381611355 0.8960553845713426 28.0 
293.0 285.0 4.0376480381611355 0.8960553845713426 28.0 
293.0 286.0 4.0376480381611355 0.8960553845713426 28.0 
293.0 287.0 4.0376480381611355 0.8960553845713426 28.0 
293.0 288.0 4.0376480381611355 0.8960553845713426 28.0 
293.0 289.0 4.0376480381611355 0.8960553845713426 28.0 
294.0 287.0 4.0376480381611355 0.8960553845713426 28.0 
294.0 288.0 4.0376480381611355 0.8960553845713426 28.0 
294.0 289.0 4.0376480381611355 0.8960553845713426 28.0 
294.0 290.0 4.0376480381611355 0.8960553845713426 28.0 
295.0 288.0 4.0376480381611355 0.8960553845713426 28.0 
295.0 289.0 4.0376480381611355 0.8960553845713426 28.0 
295.0 290.0 4.0376480381611355 0.8960553845713426 28.0 
295.0 291.0 4.0376480381611355 0.8960553845713426 28.0 
295.0 292.0 4.0376480381611355 0.8960553845713426 28.0 
296.0 289.0 4.0376480381611355 0.8960553845713426 28.0 
296.0 290.0 4.0376480381611355 0.8960553845713426 28.0 
296.0 291.0 4.0376480381611355 0.8960553845713426 28.0 
296.0 292.0 4.0376480381611355 0.8960553845713426 28.0 
296.0 293.0 4.0376480381611355 0.8960553845713426 28.0 
297.0 290.0 4.0376480381611355 0.8960553845713426 28.0 
297.0 291.0 4.0376480381611355 0.8960553845713426 28.0 
297.0 292.0 4.0376480381611355 0.8960553845713426 28.0 
297.0 293.0 4.0376480381611355 0.8960553845713426 28.0 
297.0 294.0 4.0376480381611355 0.8960553845713426 28.0 
298.0 292.0 4.0376480381611355 0.8960553845713426 28.0 
298.0 293.0 4.0376480381611355 0.8960553845713426 28.0 
298.0 294.0 4.0376480381611355 0.8960553845713426 28.0 
298.0 295.0 4.0376480381611355 0.8960553845713426 28.0 
299.0 293.0 4.0376480381611355 0.8960553845713426 28.0 
299.0 294.0 4.0376480381611355 0.8960553845713426 28.0 
299.0 295.0 4.0376480381611355 0.8960553845713426 28.0 
299.0 296.0 4.0376480381611355 0.8960553845713426 28.0 
300.0 294.0 4.0376480381611355 0.8960553845713426 28.0 
300.0 295.0 4.0376480381611355 0.8960553845713426 28.0 
301.0 295.0 4.0376480381611355 0.8960553845713426 28.0 
247.0 325.0 3.6718084263664235 0.5302157727766291 32.0 
248.0 323.0 3.6718084263664235 0.5302157727766291 32.0 
248.0 324.0 3.6718084263664235 0.5302157727766291 32.0 
248.0 325.0 3.6718084263664235 0.5302157727766291 32.0 
249.0 322.0 3.6718084263664235 0.5302157727766291 32.0 
249.0 323.0 3.6718084263664235 0.5302157727766291 32.0 
249.0 324.0 3.6718084263664235 0.5302157727766291 32.0 
249.0 325.0 3.6718084263664235 0.5302157727766291 32.0 
249.0 326.0 3.6718084263664235 0.5302157727766291 32.0 
250.0 322.0 3.6718084263664235 0.5302157727766291 32.0 
250.0 323.0 3.6718084263664235 0.5302157727766291 32.0 
250.0 324.0 3.6718084263664235 0.5302157727766291 32.0 
250.0 325.0 3.6718084263664235 0.5302157727766291 32.0 
250.0 326.0 3.6718084263664235 0.5302157727766291 32.0 
250.0 327.0 3.6718084263664235 0.5302157727766291 32.0 
251.0 322.0 3.6718084263664235 0.5302157727766291 32.0 
251.0 323.0 3.6718084263664235 0.5302157727766291 32.0 
251.0 324.0 3.6718084263664235 0.5302157727766291 32.0 
251.0 325.0 3.6718084263664235 0.5302157727766291 32.0 
251.0 326.0 3.6718084263664235 0.5302157727766291 32.0 
251.0 327.0 3.6718084263664235 0.5302157727766291 32.0 
252.0 323.0 3.6718084263664235 0.5302157727766291 32.0 
252.0 324.0 3.6718084263664235 0.5302157727766291 32.0 
252.0 325.0 3.6718084263664235 0.5302157727766291 32.0 
252.0 326.0 3.6718084263664235 0.5302157727766291 32.0 
252.0 327.0 3.6718084263664235 0.5302157727766291 32.0 
252.0 328.0 3.6718084263664235 0.5302157727766291 32.0 
253.0 324.0 3.6718084263664235 0.5302157727766291 32.0 
253.0 325.0 3.6718084263664235 0.5302157727766291 32.0 
253.0 326.0 3.6718084263664235 0.5302157727766291 32.0 
253.0 327.0 3.6718084263664235 0.5302157727766291 32.0 
253.0 328.0 3.6718084263664235 0.5302157727766291 32.0 
254.0 324.0 3.6718084263664235 0.5302157727766291 32.0 
254.0 325.0 3.6718084263664235 0.5302157727766291 32.0 
254.0 326.0 3.6718084263664235 0.5302157727766291 32.0 
254.0 327.0 3.6718084263664235 0.5302157727766291 32.0 
254.0 328.0 3.6718084263664235 0.5302157727766291 32.0 
254.0 329.0 3.6718084263664235 0.5302157727766291 32.0 
255.0 325.0 3.6718084263664235 0.5302157727766291 32.0 
255.0 326.0 3.6718084263664235 0.5302157727766291 32.0 
255.0 327.0 3.6718084263664235 0.5302157727766291 32.0 
255.0 328.0 3.6718084263664235 0.5302157727766291 32.0 
255.0 329.0 3.6718084263664235 0.5302157727766291 32.0 
255.0 330.0 3.6718084263664235 0.5302157727766291 32.0 
256.0 325.0 3.6718084263664235 0.5302157727766291 32.0 
256.0 326.0 3.6718084263664235 0.5302157727766291 32.0 
256.0 327.0 3.6718084263664235 0.5302157727766291 32.0 
256.0 328.0 3.6718084263664235 0.5302157727766291 32.0 
256.0 329.0 3.6718084263664235 0.5302157727766291 32.0 
256.0 330.0 3.6718084263664235 0.5302157727766291 32.0 
257.0 326.0 3.6718084263664235 0.5302157727766291 32.0 
257.0 327.0 3.6718084263664235 0.5302157727766291 32.0 
257.0 328.0 3.6718084263664235 0.5302157727766291 32.0 
257.0 329.0 3.6718084263664235 0.5302157727766291 32.0 
257.0 330.0 3.6718084263664235 0.5302157727766291 32.0 
257.0 331.0 3.6718084263664235 0.5302157727766291 32.0 
258.0 326.0 3.6718084263664235 0.5302157727766291 32.0 
258.0 327.0 3.6718084263664235 0.5302157727766291 32.0 
258.0 328.0 3.6718084263664235 0.5302157727766291 32.0 
258.0 329.0 3.6718084263664235 0.5302157727766291 32.0 
258.0 330.0 3.6718084263664235 0.5302157727766291 32.0 
258.0 331.0 3.6718084263664235 0.5302157727766291 32.0 
259.0 327.0 3.6718084263664235 0.5302157727766291 32.0 
259.0 328.0 3.6718084263664235 0.5302157727766291 32.0 
259.0 329.0 3.6718084263664235 0.5302157727766291 32.0 
259.0 330.0 3.6718084263664235 0.5302157727766291 32.0 
259.0 331.0 3.6718084263664235 0.5302157727766291 32.0 
259.0 332.0 3.6718084263664235 0.5302157727766291 32.0 
260.0 328.0 3.6718084263664235 0.5302157727766291 32.0 
260.0 329.0 3.6718084263664235 0.5302157727766291 32.0 
260.0 330.0 3.6718084263664235 0.5302157727766291 32.0 
260.0 331.0 3.6718084263664235 0.5302157727766291 32.0 
260.0 332.0 3.6718084263664235 0.5302157727766291 32.0 
261.0 328.0 3.6718084263664235 0.5302157727766291 32.0 
261.0 329.0 3.6718084263664235 0.5302157727766291 32.0 
261.0 330.0 3.6718084263664235 0.5302157727766291 32.0 
261.0 331.0 3.6718084263664235 0.5302157727766291 32.0 
261.0 332.0 3.6718084263664235 0.5302157727766291 32.0 
261.0 333.0 3.6718084263664235 0.5302157727766291 32.0 
262.0 329.0 3.6718084263664235 0.5302157727766291 32.0 
262.0 330.0 3.6718084263664235 0.5302157727766291 32.0 
262.0 331.0 3.6718084263664235 0.5302157727766291 32.0 
262.0 332.0 3.6718084263664235 0.5302157727766291 32.0 
262.0 333.0 3.6718084263664235 0.5302157727766291 32.0 
262.0 334.0 3.6718084263664235 0.5302157727766291 32.0 
263.0 329.0 3.6718084263664235 0.5302157727766291 32.0 
263.0 330.0 3.6718084263664235 0.5302157727766291 32.0 
263.0 331.0 3.6718084263664235 0.5302157727766291 32.0 
263.0 332.0 3.6718084263664235 0.5302157727766291 32.0 
263.0 333.0 3.6718084263664235 0.5302157727766291 32.0 
263.0 334.0 3.6718084263664235 0.5302157727766291 32.0 
264.0 330.0 3.6718084263664235 0.5302157727766291 32.0 
264.0 331.0 3.6718084263664235 0.5302157727766291 32.0 
264.0 332.0 3.6718084263664235 0.5302157727766291 32.0 
264.0 333.0 3.6718084263664235 0.5302157727766291 32.0 
264.0 334.0 3.6718084263664235 0.5302157727766291 32.0 
264.0 335.0 3.6718084263664235 0.5302157727766291 32.0 
265.0 331.0 3.6718084263664235 0.5302157727766291 32.0 
265.0 332.0 3.6718084263664235 0.5302157727766291 32.0 
265.0 333.0 3.6718084263664235 0.5302157727766291 32.0 
265.0 334.0 3.6718084263664235 0.5302157727766291 32.0 
265.0 335.0 3.6718084263664235 0.5302157727766291 32.0 
266.0 331.0 3.6718084263664235 0.5302157727766291 32.0 
266.0 332.0 3.6718084263664235 0.5302157727766291 32.0 
266.0 333.0 3.6718084263664235 0.5302157727766291 32.0 
266.0 334.0 3.6718084263664235 0.5302157727766291 32.0 
266.0 335.0 3.6718084263664235 0.5302157727766291 32.0 
266.0 336.0 3.6718084263664235 0.5302157727766291 32.0 
267.0 332.0 3.6718084263664235 0.5302157727766291 32.0 
267.0 333.0 3.6718084263664235 0.5302157727766291 32.0 
267.0 334.0 3.6718084263664235 0.5302157727766291 32.0 
267.0 335.0 3.6718084263664235 0.5302157727766291 32.0 
267.0 336.0 3.6718084263664235 0.5302157727766291 32.0 
267.0 337.0 3.6718084263664235 0.5302157727766291 32.0 
268.0 332.0 3.6718084263664235 0.5302157727766291 32.0 
268.0 333.0 3.6718084263664235 0.5302157727766291 32.0 
268.0 334.0 3.6718084263664235 0.5302157727766291 32.0 
268.0 335.0 3.6718084263664235 0.5302157727766291 32.0 
268.0 336.0 3.6718084263664235 0.5302157727766291 32.0 
268.0 337.0 3.6718084263664235 0.5302157727766291 32.0 
269.0 333.0 3.6718084263664235 0.5302157727766291 32.0 
269.0 334.0 3.6718084263664235 0.5302157727766291 32.0 
269.0 335.0 3.6718084263664235 0.5302157727766291 32.0 
269.0 336.0 3.6718084263664235 0.5302157727766291 32.0 
269.0 337.0 3.6718084263664235 0.5302157727766291 32.0 
269.0 338.0 3.6718084263664235 0.5302157727766291 32.0 
270.0 333.0 3.6718084263664235 0.5302157727766291 32.0 
270.0 334.0 3.6718084263664235 0.5302157727766291 32.0 
270.0 335.0 3.6718084263664235 0.5302157727766291 32.0 
270.0 336.0 3.6718084263664235 0.5302157727766291 32.0 
270.0 337.0 3.6718084263664235 0.5302157727766291 32.0 
270.0 338.0 3.6718084263664235 0.5302157727766291 32.0 
271.0 334.0 3.6718084263664235 0.5302157727766291 32.0 
271.0 335.0 3.6718084263664235 0.5302157727766291 32.0 
271.0 336.0 3.6718084263664235 0.5302157727766291 32.0 
271.0 337.0 3.6718084263664235 0.5302157727766291 32.0 
271.0 338.0 3.6718084263664235 0.5302157727766291 32.0 
271.0 339.0 3.6718084263664235 0.5302157727766291 32.0 
272.0 335.0 3.6718084263664235 0.5302157727766291 32.0 
272.0 336.0 3.6718084263664235 0.5302157727766291 32.0 
272.0 337.0 3.6718084263664235 0.5302157727766291 32.0 
272.0 338.0 3.6718084263664235 0.5302157727766291 32.0 
272.0 339.0 3.6718084263664235 0.5302157727766291 32.0 
273.0 335.0 3.6718084263664235 0.5302157727766291 32.0 
273.0 336.0 3.6718084263664235 0.5302157727766291 32.0 
273.0 337.0 3.6718084263664235 0.5302157727766291 32.0 
273.0 338.0 3.6718084263664235 0.5302157727766291 32.0 
273.0 339.0 3.6718084263664235 0.5302157727766291 32.0 
273.0 340.0 3.6718084263664235 0.5302157727766291 32.0 
274.0 336.0 3.6718084263664235 0.5302157727766291 32.0 
274.0 337.0 3.6718084263664235 0.5302157727766291 32.0 
274.0 338.0 3.6718084263664235 0.5302157727766291 32.0 
274.0 339.0 3.6718084263664235 0.5302157727766291 32.0 
274.0 340.0 3.6718084263664235 0.5302157727766291 32.0 
274.0 341.0 3.6718084263664235 0.5302157727766291 32.0 
275.0 336.0 3.6718084263664235 0.5302157727766291 32.0 
275.0 337.0 3.6718084263664235 0.5302157727766291 32.0 
275.0 338.0 3.6718084263664235 0.5302157727766291 32.0 
275.0 339.0 3.6718084263664235 0.5302157727766291 32.0 
275.0 340.0 3.6718084263664235 0.5302157727766291 32.0 
275.0 341.0 3.6718084263664235 0.5302157727766291 32.0 
276.0 337.0 3.6718084263664235 0.5302157727766291 32.0 
276.0 338.0 3.6718084263664235 0.5302157727766291 32.0 
276.0 339.0 3.6718084263664235 0.5302157727766291 32.0 
276.0 340.0 3.6718084263664235 0.5302157727766291 32.0 
276.0 341.0 3.6718084263664235 0.5302157727766291 32.0 
277.0 338.0 3.6718084263664235 0.5302157727766291 32.0 
277.0 339.0 3.6718084263664235 0.5302157727766291 32.0 
278.0 338.0 3.6718084263664235 0.5302157727766291 32.0 
281.0 343.0 3.0702851888045037 6.211877842394297 28.0 
282.0 343.0 3.0702851888045037 6.211877842394297 28.0 
282.0 344.0 3.0702851888045037 6.211877842394297 28.0 
282.0 345.0 3.0702851888045037 6.211877842394297 28.0 
283.0 343.0 3.0702851888045037 6.211877842394297 28.0 
283.0 344.0 3.0702851888045037 6.211877842394297 28.0 
283.0 345.0 3.0702851888045037 6.211877842394297 28.0 
284.0 343.0 3.0702851888045037 6.211877842394297 28.0 
284.0 344.0 3.0702851888045037 6.211877842394297 28.0 
284.0 345.0 3.0702851888045037 6.211877842394297 28.0 
285.0 343.0 3.0702851888045037 6.211877842394297 28.0 
285.0 344.0 3.0702851888045037 6.211877842394297 28.0 
285.0 345.0 3.0702851888045037 6.211877842394297 28.0 
286.0 343.0 3.0702851888045037 6.211877842394297 28.0 
286.0 344.0 3.0702851888045037 6.211877842394297 28.0 
286.0 345.0 3.0702851888045037 6.211877842394297 28.0 
287.0 343.0 3.0702851888045037 6.211877842394297 28.0 
287.0 344.0 3.0702851888045037 6.211877842394297 28.0 
287.0 345.0 3.0702851888045037 6.211877842394297 28.0 
288.0 342.0 3.0702851888045037 6.211877842394297 28.0 
288.0 343.0 3.0702851888045037 6.211877842394297 28.0 
288.0 344.0 3.0702851888045037 6.211877842394297 28.0 
288.0 345.0 3.0702851888045037 6.211877842394297 28.0 
289.0 342.0 3.0702851888045037 6.211877842394297 28.0 
289.0 343.0 3.0702851888045037 6.211877842394297 28.0 
289.0 344.0 3.0702851888045037 6.211877842394297 28.0 
290.0 342.0 3.0702851888045037 6.211877842394297 28.0 
290.0 343.0 3.0702851888045037 6.211877842394297 28.0 
290.0 344.0 3.0702851888045037 6.211877842394297 28.0 
291.0 342.0 3.0702851888045037 6.211877842394297 28.0 
291.0 343.0 3.0702851888045037 6.211877842394297 28.0 
291.0 344.0 3.0702851888045037 6.211877842394297 28.0 
292.0 342.0 3.0702851888045037 6.211877842394297 28.0 
292.0 343.0 3.0702851888045037 6.211877842394297 28.0 
292.0 344.0 3.0702851888045037 6.211877842394297 28.0 
293.0 342.0 3.0702851888045037 6.211877842394297 28.0 
293.0 343.0 3.0702851888045037 6.211877842394297 28.0 
293.0 344.0 3.0702851888045037 6.211877842394297 28.0 
294.0 342.0 3.0702851888045037 6.211877842394297 28.0 
294.0 343.0 3.0702851888045037 6.211877842394297 28.0 
294.0 344.0 3.0702851888045037 6.211877842394297 28.0 
295.0 343.0 3.0702851888045037 6.211877842394297 28.0 
295.0 344.0 3.0702851888045037 6.211877842394297 28.0 
295.0 342.0 1.9756881130799788 5.117280766669772 28.0 
296.0 340.0 1.9756881130799788 5.117280766669772 28.0 
296.0 341.0 1.9756881130799788 5.117280766669772 28.0 
296.0 342.0 1.9756881130799788 5.117280766669772 28.0 
297.0 337.0 1.9756881130799788 5.117280766669772 28.0 
297.0 338.0 1.9756881130799788 5.117280766669772 28.0 
297.0 339.0 1.9756881130799788 5.117280766669772 28.0 
297.0 340.0 1.9756881130799788 5.117280766669772 28.0 
297.0 341.0 1.9756881130799788 5.117280766669772 28.0 
297.0 342.0 1.9756881130799788 5.117280766669772 28.0 
297.0 343.0 1.9756881130799788 5.117280766669772 28.0 
298.0 335.0 1.9756881130799788 5.117280766669772 28.0 
298.0 336.0 1.9756881130799788 5.117280766669772 28.0 
298.0 337.0 1.9756881130799788 5.117280766669772 28.0 
298.0 338.0 1.9756881130799788 5.117280766669772 28.0 
298.0 339.0 1.9756881130799788 5.117280766669772 28.0 
298.0 340.0 1.9756881130799788 5.117280766669772 28.0 
298.0 341.0 1.9756881130799788 5.117280766669772 28.0 
298.0 342.0 1.9756881130799788 5.117280766669772 28.0 
299.0 333.0 1.9756881130799788 5.117280766669772 28.0 
299.0 334.0 1.9756881130799788 5.117280766669772 28.0 
299.0 335.0 1.9756881130799788 5.117280766669772 28.0 
299.0 336.0 1.9756881130799788 5.117280766669772 28.0 
299.0 337.0 1.9756881130799788 5.117280766669772 28.0 
299.0 338.0 1.9756881130799788 5.117280766669772 28.0 
299.0 339.0 1.9756881130799788 5.117280766669772 28.0 
300.0 330.0 1.9756881130799788 5.117280766669772 28.0 
300.0 331.0 1.9756881130799788 5.117280766669772 28.0 
300.0 332.0 1.9756881130799788 5.117280766669772 28.0 
300.0 333.0 1.9756881130799788 5.117280766669772 28.0 
300.0 334.0 1.9756881130799788 5.117280766669772 28.0 
300.0 335.0 1.9756881130799788 5.117280766669772 28.0 
300.0 336.0 1.9756881130799788 5.117280766669772 28.0 
300.0 337.0 1.9756881130799788 5.117280766669772 28.0 
301.0 329.0 1.9756881130799788 5.117280766669772 28.0 
301.0 330.0 1.9756881130799788 5.117280766669772 28.0 
301.0 331.0 1.9756881130799788 5.117280766669772 28.0 
301.0 332.0 1.9756881130799788 5.117280766669772 28.0 
301.0 333.0 1.9756881130799788 5.117280766669772 28.0 
301.0 334.0 1.9756881130799788 5.117280766669772 28.0 
301.0 335.0 1.9756881130799788 5.117280766669772 28.0 
302.0 329.0 1.9756881130799788 5.117280766669772 28.0 
302.0 330.0 1.9756881130799788 5.117280766669772 28.0 
302.0 331.0 1.9756881130799788 5.117280766669772 28.0 
302.0 332.0 1.9756881130799788 5.117280766669772 28.0 
303.0 330.0 1.9756881130799788 5.117280766669772 28.0 
220.0 316.0 2.9849907766077783 6.126583430197571 100.0 
220.0 317.0 2.9849907766077783 6.126583430197571 100.0 
220.0 318.0 2.9849907766077783 6.126583430197571 100.0 
221.0 316.0 2.9849907766077783 6.126583430197571 100.0 
221.0 317.0 2.9849907766077783 6.126583430197571 100.0 
221.0 318.0 2.9849907766077783 6.126583430197571 100.0 
221.0 319.0 2.9849907766077783 6.126583430197571 100.0 
221.0 320.0 2.9849907766077783 6.126583430197571 100.0 
221.0 321.0 2.9849907766077783 6.126583430197571 100.0 
222.0 316.0 2.9849907766077783 6.126583430197571 100.0 
222.0 317.0 2.9849907766077783 6.126583430197571 100.0 
222.0 318.0 2.9849907766077783 6.126583430197571 100.0 
222.0 319.0 2.9849907766077783 6.126583430197571 100.0 
222.0 320.0 2.9849907766077783 6.126583430197571 100.0 
222.0 321.0 2.9849907766077783 6.126583430197571 100.0 
223.0 316.0 2.9849907766077783 6.126583430197571 100.0 
223.0 317.0 2.9849907766077783 6.126583430197571 100.0 
223.0 318.0 2.9849907766077783 6.126583430197571 100.0 
223.0 319.0 2.9849907766077783 6.126583430197571 100.0 
223.0 320.0 2.9849907766077783 6.126583430197571 100.0 
223.0 321.0 2.9849907766077783 6.126583430197571 100.0 
224.0 316.0 2.9849907766077783 6.126583430197571 100.0 
224.0 317.0 2.9849907766077783 6.126583430197571 100.0 
224.0 318.0 2.9849907766077783 6.126583430197571 100.0 
224.0 319.0 2.9849907766077783 6.126583430197571 100.0 
224.0 320.0 2.9849907766077783 6.126583430197571 100.0 
224.0 321.0 2.9849907766077783 6.126583430197571 100.0 
225.0 316.0 2.9849907766077783 6.126583430197571 100.0 
225.0 317.0 2.9849907766077783 6.126583430197571 100.0 
225.0 318.0 2.9849907766077783 6.126583430197571 100.0 
225.0 319.0 2.9849907766077783 6.126583430197571 100.0 
225.0 320.0 2.9849907766077783 6.126583430197571 100.0 
225.0 321.0 2.9849907766077783 6.126583430197571 100.0 
226.0 316.0 2.9849907766077783 6.126583430197571 100.0 
226.0 317.0 2.9849907766077783 6.126583430197571 100.0 
226.0 318.0 2.9849907766077783 6.126583430197571 100.0 
226.0 319.0 2.9849907766077783 6.126583430197571 100.0 
226.0 320.0 2.9849907766077783 6.126583430197571 100.0 
226.0 321.0 2.9849907766077783 6.126583430197571 100.0 
227.0 315.0 2.9849907766077783 6.126583430197571 100.0 
227.0 316.0 2.9849907766077783 6.126583430197571 100.0 
227.0 317.0 2.9849907766077783 6.126583430197571 100.0 
227.0 318.0 2.9849907766077783 6.126583430197571 100.0 
227.0 319.0 2.9849907766077783 6.126583430197571 100.0 
227.0 320.0 2.9849907766077783 6.126583430197571 100.0 
228.0 315.0 2.9849907766077783 6.126583430197571 100.0 
228.0 316.0 2.9849907766077783 6.126583430197571 100.0 
228.0 317.0 2.9849907766077783 6.126583430197571 100.0 
228.0 318.0 2.9849907766077783 6.126583430197571 100.0 
228.0 319.0 2.9849907766077783 6.126583430197571 100.0 
228.0 320.0 2.9849907766077783 6.126583430197571 100.0 
229.0 315.0 2.9849907766077783 6.126583430197571 100.0 
229.0 316.0 2.9849907766077783 6.126583430197571 100.0 
229.0 317.0 2.9849907766077783 6.126583430197571 100.0 
229.0 318.0 2.9849907766077783 6.126583430197571 100.0 
229.0 319.0 2.9849907766077783 6.126583430197571 100.0 
229.0 320.0 2.9849907766077783 6.126583430197571 100.0 
230.0 315.0 2.9849907766077783 6.126583430197571 100.0 
230.0 316.0 2.9849907766077783 6.126583430197571 100.0 
230.0 317.0 2.9849907766077783 6.126583430197571 100.0 
230.0 318.0 2.9849907766077783 6.126583430197571 100.0 
230.0 319.0 2.9849907766077783 6.126583430197571 100.0 
230.0 320.0 2.9849907766077783 6.126583430197571 100.0 
231.0 315.0 2.9849907766077783 6.126583430197571 100.0 
231.0 316.0 2.9849907766077783 6.126583430197571 100.0 
231.0 317.0 2.9849907766077783 6.126583430197571 100.0 
231.0 318.0 2.9849907766077783 6.126583430197571 100.0 
231.0 319.0 2.9849907766077783 6.126583430197571 100.0 
231.0 320.0 2.9849907766077783 6.126583430197571 100.0 
232.0 315.0 2.9849907766077783 6.126583430197571 100.0 
232.0 316.0 2.9849907766077783 6.126583430197571 100.0 
232.0 317.0 2.9849907766077783 6.126583430197571 100.0 
232.0 318.0 2.9849907766077783 6.126583430197571 100.0 
232.0 319.0 2.9849907766077783 6.126583430197571 100.0 
232.0 320.0 2.9849907766077783 6.126583430197571 100.0 
233.0 314.0 2.9849907766077783 6.126583430197571 100.0 
233.0 315.0 2.9849907766077783 6.126583430197571 100.0 
233.0 316.0 2.9849907766077783 6.126583430197571 100.0 
233.0 317.0 2.9849907766077783 6.126583430197571 100.0 
233.0 318.0 2.9849907766077783 6.126583430197571 100.0 
233.0 319.0 2.9849907766077783 6.126583430197571 100.0 
234.0 314.0 2.9849907766077783 6.126583430197571 100.0 
234.0 315.0 2.9849907766077783 6.126583430197571 100.0 
234.0 316.0 2.9849907766077783 6.126583430197571 100.0 
234.0 317.0 2.9849907766077783 6.126583430197571 100.0 
234.0 318.0 2.9849907766077783 6.126583430197571 100.0 
234.0 319.0 2.9849907766077783 6.126583430197571 100.0 
235.0 314.0 2.9849907766077783 6.126583430197571 100.0 
235.0 315.0 2.9849907766077783 6.126583430197571 100.0 
235.0 316.0 2.9849907766077783 6.126583430197571 100.0 
235.0 317.0 2.9849907766077783 6.126583430197571 100.0 
235.0 318.0 2.9849907766077783 6.126583430197571 100.0 
235.0 319.0 2.9849907766077783 6.126583430197571 100.0 
236.0 314.0 2.9849907766077783 6.126583430197571 100.0 
236.0 315.0 2.9849907766077783 6.126583430197571 100.0 
236.0 316.0 2.9849907766077783 6.126583430197571 100.0 
236.0 317.0 2.9849907766077783 6.126583430197571 100.0 
236.0 318.0 2.9849907766077783 6.126583430197571 100.0 
236.0 319.0 2.9849907766077783 6.126583430197571 100.0 
237.0 314.0 2.9849907766077783 6.126583430197571 100.0 
237.0 315.0 2.9849907766077783 6.126583430197571 100.0 
237.0 316.0 2.9849907766077783 6.126583430197571 100.0 
237.0 317.0 2.9849907766077783 6.126583430197571 100.0 
237.0 318.0 2.9849907766077783 6.126583430197571 100.0 
237.0 319.0 2.9849907766077783 6.126583430197571 100.0 
238.0 314.0 2.9849907766077783 6.126583430197571 100.0 
238.0 315.0 2.9849907766077783 6.126583430197571 100.0 
238.0 316.0 2.9849907766077783 6.126583430197571 100.0 
238.0 317.0 2.9849907766077783 6.126583430197571 100.0 
238.0 318.0 2.9849907766077783 6.126583430197571 100.0 
238.0 319.0 2.9849907766077783 6.126583430197571 100.0 
239.0 313.0 2.9849907766077783 6.126583430197571 100.0 
239.0 314.0 2.9849907766077783 6.126583430197571 100.0 
239.0 315.0 2.9849907766077783 6.126583430197571 100.0 
239.0 316.0 2.9849907766077783 6.126583430197571 100.0 
239.0 317.0 2.9849907766077783 6.126583430197571 100.0 
239.0 318.0 2.9849907766077783 6.126583430197571 100.0 
239.0 319.0 2.9849907766077783 6.126583430197571 100.0 
240.0 313.0 2.9849907766077783 6.126583430197571 100.0 
240.0 314.0 2.9849907766077783 6.126583430197571 100.0 
240.0 315.0 2.9849907766077783 6.126583430197571 100.0 
240.0 316.0 2.9849907766077783 6.126583430197571 100.0 
240.0 317.0 2.9849907766077783 6.126583430197571 100.0 
240.0 318.0 2.9849907766077783 6.126583430197571 100.0 
241.0 313.0 2.9849907766077783 6.126583430197571 100.0 
241.0 314.0 2.9849907766077783 6.126583430197571 100.0 
241.0 315.0 2.9849907766077783 6.126583430197571 100.0 
241.0 316.0 2.9849907766077783 6.126583430197571 100.0 
241.0 317.0 2.9849907766077783 6.126583430197571 100.0 
241.0 318.0 2.9849907766077783 6.126583430197571 100.0 
242.0 313.0 2.9849907766077783 6.126583430197571 100.0 
242.0 314.0 2.9849907766077783 6.126583430197571 100.0 
242.0 315.0 2.9849907766077783 6.126583430197571 100.0 
242.0 316.0 2.9849907766077783 6.126583430197571 100.0 
242.0 317.0 2.9849907766077783 6.126583430197571 100.0 
242.0 318.0 2.9849907766077783 6.126583430197571 100.0 
243.0 313.0 2.9849907766077783 6.126583430197571 100.0 
243.0 314.0 2.9849907766077783 6.126583430197571 100.0 
243.0 315.0 2.9849907766077783 6.126583430197571 100.0 
243.0 316.0 2.9849907766077783 6.126583430197571 100.0 
243.0 317.0 2.9849907766077783 6.126583430197571 100.0 
243.0 318.0 2.9849907766077783 6.126583430197571 100.0 
244.0 313.0 2.9849907766077783 6.126583430197571 100.0 
244.0 314.0 2.9849907766077783 6.126583430197571 100.0 
244.0 315.0 2.9849907766077783 6.126583430197571 100.0 
244.0 316.0 2.9849907766077783 6.126583430197571 100.0 
244.0 317.0 2.9849907766077783 6.126583430197571 100.0 
244.0 318.0 2.9849907766077783 6.126583430197571 100.0 
245.0 313.0 2.9849907766077783 6.126583430197571 100.0 
245.0 314.0 2.9849907766077783 6.126583430197571 100.0 
245.0 315.0 2.9849907766077783 6.126583430197571 100.0 
245.0 316.0 2.9849907766077783 6.126583430197571 100.0 
245.0 317.0 2.9849907766077783 6.126583430197571 100.0 
245.0 318.0 2.9849907766077783 6.126583430197571 100.0 
246.0 312.0 2.9849907766077783 6.126583430197571 100.0 
246.0 313.0 2.9849907766077783 6.126583430197571 100.0 
246.0 314.0 2.9849907766077783 6.126583430197571 100.0 
246.0 315.0 2.9849907766077783 6.126583430197571 100.0 
246.0 316.0 2.9849907766077783 6.126583430197571 100.0 
246.0 317.0 2.9849907766077783 6.126583430197571 100.0 
247.0 312.0 2.9849907766077783 6.126583430197571 100.0 
247.0 313.0 2.9849907766077783 6.126583430197571 100.0 
247.0 314.0 2.9849907766077783 6.126583430197571 100.0 
247.0 315.0 2.9849907766077783 6.126583430197571 100.0 
247.0 316.0 2.9849907766077783 6.126583430197571 100.0 
247.0 317.0 2.9849907766077783 6.126583430197571 100.0 
248.0 312.0 2.9849907766077783 6.126583430197571 100.0 
248.0 313.0 2.9849907766077783 6.126583430197571 100.0 
248.0 314.0 2.9849907766077783 6.126583430197571 100.0 
248.0 315.0 2.9849907766077783 6.126583430197571 100.0 
248.0 316.0 2.9849907766077783 6.126583430197571 100.0 
248.0 317.0 2.9849907766077783 6.126583430197571 100.0 
249.0 312.0 2.9849907766077783 6.126583430197571 100.0 
249.0 313.0 2.9849907766077783 6.126583430197571 100.0 
249.0 314.0 2.9849907766077783 6.126583430197571 100.0 
249.0 315.0 2.9849907766077783 6.126583430197571 100.0 
249.0 316.0 2.9849907766077783 6.126583430197571 100.0 
249.0 317.0 2.9849907766077783 6.126583430197571 100.0 
250.0 312.0 2.9849907766077783 6.126583430197571 100.0 
250.0 313.0 2.9849907766077783 6.126583430197571 100.0 
250.0 314.0 2.9849907766077783 6.126583430197571 100.0 
250.0 315.0 2.9849907766077783 6.126583430197571 100.0 
250.0 316.0 2.9849907766077783 6.126583430197571 100.0 
250.0 317.0 2.9849907766077783 6.126583430197571 100.0 
251.0 312.0 2.9849907766077783 6.126583430197571 100.0 
251.0 313.0 2.9849907766077783 6.126583430197571 100.0 
251.0 314.0 2.9849907766077783 6.126583430197571 100.0 
251.0 315.0 2.9849907766077783 6.126583430197571 100.0 
251.0 316.0 2.9849907766077783 6.126583430197571 100.0 
251.0 317.0 2.9849907766077783 6.126583430197571 100.0 
252.0 311.0 2.9849907766077783 6.126583430197571 100.0 
252.0 312.0 2.9849907766077783 6.126583430197571 100.0 
252.0 313.0 2.9849907766077783 6.126583430197571 100.0 
252.0 314.0 2.9849907766077783 6.126583430197571 100.0 
252.0 315.0 2.9849907766077783 6.126583430197571 100.0 
252.0 316.0 2.9849907766077783 6.126583430197571 100.0 
253.0 311.0 2.9849907766077783 6.126583430197571 100.0 
253.0 312.0 2.9849907766077783 6.126583430197571 100.0 
253.0 313.0 2.9849907766077783 6.126583430197571 100.0 
253.0 314.0 2.9849907766077783 6.126583430197571 100.0 
253.0 315.0 2.9849907766077783 6.126583430197571 100.0 
253.0 316.0 2.9849907766077783 6.126583430197571 100.0 
254.0 311.0 2.9849907766077783 6.126583430197571 100.0 
254.0 312.0 2.9849907766077783 6.126583430197571 100.0 
254.0 313.0 2.9849907766077783 6.126583430197571 100.0 
254.0 314.0 2.9849907766077783 6.126583430197571 100.0 
254.0 315.0 2.9849907766077783 6.126583430197571 100.0 
254.0 316.0 2.9849907766077783 6.126583430197571 100.0 
255.0 311.0 2.9849907766077783 6.126583430197571 100.0 
255.0 312.0 2.9849907766077783 6.126583430197571 100.0 
255.0 313.0 2.9849907766077783 6.126583430197571 100.0 
255.0 314.0 2.9849907766077783 6.126583430197571 100.0 
255.0 315.0 2.9849907766077783 6.126583430197571 100.0 
255.0 316.0 2.9849907766077783 6.126583430197571 100.0 
256.0 311.0 2.9849907766077783 6.126583430197571 100.0 
256.0 312.0 2.9849907766077783 6.126583430197571 100.0 
256.0 313.0 2.9849907766077783 6.126583430197571 100.0 
256.0 314.0 2.9849907766077783 6.126583430197571 100.0 
256.0 315.0 2.9849907766077783 6.126583430197571 100.0 
256.0 316.0 2.9849907766077783 6.126583430197571 100.0 
257.0 311.0 2.9849907766077783 6.126583430197571 100.0 
257.0 312.0 2.9849907766077783 6.126583430197571 100.0 
257.0 313.0 2.9849907766077783 6.126583430197571 100.0 
257.0 314.0 2.9849907766077783 6.126583430197571 100.0 
257.0 315.0 2.9849907766077783 6.126583430197571 100.0 
257.0 316.0 2.9849907766077783 6.126583430197571 100.0 
258.0 310.0 2.9849907766077783 6.126583430197571 100.0 
258.0 311.0 2.9849907766077783 6.126583430197571 100.0 
258.0 312.0 2.9849907766077783 6.126583430197571 100.0 
258.0 313.0 2.9849907766077783 6.126583430197571 100.0 
258.0 314.0 2.9849907766077783 6.126583430197571 100.0 
258.0 315.0 2.9849907766077783 6.126583430197571 100.0 
258.0 316.0 2.9849907766077783 6.126583430197571 100.0 
259.0 310.0 2.9849907766077783 6.126583430197571 100.0 
259.0 311.0 2.9849907766077783 6.126583430197571 100.0 
259.0 312.0 2.9849907766077783 6.126583430197571 100.0 
259.0 313.0 2.9849907766077783 6.126583430197571 100.0 
259.0 314.0 2.9849907766077783 6.126583430197571 100.0 
259.0 315.0 2.9849907766077783 6.126583430197571 100.0 
260.0 310.0 2.9849907766077783 6.126583430197571 100.0 
260.0 311.0 2.9849907766077783 6.126583430197571 100.0 
260.0 312.0 2.9849907766077783 6.126583430197571 100.0 
260.0 313.0 2.9849907766077783 6.126583430197571 100.0 
260.0 314.0 2.9849907766077783 6.126583430197571 100.0 
260.0 315.0 2.9849907766077783 6.126583430197571 100.0 
261.0 310.0 2.9849907766077783 6.126583430197571 100.0 
261.0 311.0 2.9849907766077783 6.126583430197571 100.0 
261.0 312.0 2.9849907766077783 6.126583430197571 100.0 
261.0 313.0 2.9849907766077783 6.126583430197571 100.0 
261.0 314.0 2.9849907766077783 6.126583430197571 100.0 
261.0 315.0 2.9849907766077783 6.126583430197571 100.0 
262.0 310.0 2.9849907766077783 6.126583430197571 100.0 
262.0 311.0 2.9849907766077783 6.126583430197571 100.0 
262.0 312.0 2.9849907766077783 6.126583430197571 100.0 
262.0 313.0 2.9849907766077783 6.126583430197571 100.0 
262.0 314.0 2.9849907766077783 6.126583430197571 100.0 
262.0 315.0 2.9849907766077783 6.126583430197571 100.0 
263.0 310.0 2.9849907766077783 6.126583430197571 100.0 
263.0 311.0 2.9849907766077783 6.126583430197571 100.0 
263.0 312.0 2.9849907766077783 6.126583430197571 100.0 
263.0 313.0 2.9849907766077783 6.126583430197571 100.0 
263.0 314.0 2.9849907766077783 6.126583430197571 100.0 
263.0 315.0 2.9849907766077783 6.126583430197571 100.0 
264.0 310.0 2.9849907766077783 6.126583430197571 100.0 
264.0 311.0 2.9849907766077783 6.126583430197571 100.0 
264.0 312.0 2.9849907766077783 6.126583430197571 100.0 
264.0 313.0 2.9849907766077783 6.126583430197571 100.0 
264.0 314.0 2.9849907766077783 6.126583430197571 100.0 
264.0 315.0 2.9849907766077783 6.126583430197571 100.0 
265.0 309.0 2.9849907766077783 6.126583430197571 100.0 
265.0 310.0 2.9849907766077783 6.126583430197571 100.0 
265.0 311.0 2.9849907766077783 6.126583430197571 100.0 
265.0 312.0 2.9849907766077783 6.126583430197571 100.0 
265.0 313.0 2.9849907766077783 6.126583430197571 100.0 
265.0 314.0 2.9849907766077783 6.126583430197571 100.0 
266.0 309.0 2.9849907766077783 6.126583430197571 100.0 
266.0 310.0 2.9849907766077783 6.126583430197571 100.0 
266.0 311.0 2.9849907766077783 6.126583430197571 100.0 
266.0 312.0 2.9849907766077783 6.126583430197571 100.0 
266.0 313.0 2.9849907766077783 6.126583430197571 100.0 
266.0 314.0 2.9849907766077783 6.126583430197571 100.0 
267.0 309.0 2.9849907766077783 6.126583430197571 100.0 
267.0 310.0 2.9849907766077783 6.126583430197571 100.0 
267.0 311.0 2.9849907766077783 6.126583430197571 100.0 
267.0 312.0 2.9849907766077783 6.126583430197571 100.0 
267.0 313.0 2.9849907766077783 6.126583430197571 100.0 
267.0 314.0 2.9849907766077783 6.126583430197571 100.0 
268.0 309.0 2.9849907766077783 6.126583430197571 100.0 
268.0 310.0 2.9849907766077783 6.126583430197571 100.0 
268.0 311.0 2.9849907766077783 6.126583430197571 100.0 
268.0 312.0 2.9849907766077783 6.126583430197571 100.0 
268.0 313.0 2.9849907766077783 6.126583430197571 100.0 
268.0 314.0 2.9849907766077783 6.126583430197571 100.0 
269.0 309.0 2.9849907766077783 6.126583430197571 100.0 
269.0 310.0 2.9849907766077783 6.126583430197571 100.0 
269.0 311.0 2.9849907766077783 6.126583430197571 100.0 
269.0 312.0 2.9849907766077783 6.126583430197571 100.0 
269.0 313.0 2.9849907766077783 6.126583430197571 100.0 
269.0 314.0 2.9849907766077783 6.126583430197571 100.0 
270.0 309.0 2.9849907766077783 6.126583430197571 100.0 
270.0 310.0 2.9849907766077783 6.126583430197571 100.0 
270.0 311.0 2.9849907766077783 6.126583430197571 100.0 
270.0 312.0 2.9849907766077783 6.126583430197571 100.0 
270.0 313.0 2.9849907766077783 6.126583430197571 100.0 
270.0 314.0 2.9849907766077783 6.126583430197571 100.0 
271.0 308.0 2.9849907766077783 6.126583430197571 100.0 
271.0 309.0 2.9849907766077783 6.126583430197571 100.0 
271.0 310.0 2.9849907766077783 6.126583430197571 100.0 
271.0 311.0 2.9849907766077783 6.126583430197571 100.0 
271.0 312.0 2.9849907766077783 6.126583430197571 100.0 
271.0 313.0 2.9849907766077783 6.126583430197571 100.0 
272.0 308.0 2.9849907766077783 6.126583430197571 100.0 
272.0 309.0 2.9849907766077783 6.126583430197571 100.0 
272.0 310.0 2.9849907766077783 6.126583430197571 100.0 
272.0 311.0 2.9849907766077783 6.126583430197571 100.0 
272.0 312.0 2.9849907766077783 6.126583430197571 100.0 
272.0 313.0 2.9849907766077783 6.126583430197571 100.0 
273.0 308.0 2.9849907766077783 6.126583430197571 100.0 
273.0 309.0 2.9849907766077783 6.126583430197571 100.0 
273.0 310.0 2.9849907766077783 6.126583430197571 100.0 
273.0 311.0 2.9849907766077783 6.126583430197571 100.0 
273.0 312.0 2.9849907766077783 6.126583430197571 100.0 
273.0 313.0 2.9849907766077783 6.126583430197571 100.0 
274.0 308.0 2.9849907766077783 6.126583430197571 100.0 
274.0 309.0 2.9849907766077783 6.126583430197571 100.0 
274.0 310.0 2.9849907766077783 6.126583430197571 100.0 
274.0 311.0 2.9849907766077783 6.126583430197571 100.0 
274.0 312.0 2.9849907766077783 6.126583430197571 100.0 
274.0 313.0 2.9849907766077783 6.126583430197571 100.0 
275.0 308.0 2.9849907766077783 6.126583430197571 100.0 
275.0 309.0 2.9849907766077783 6.126583430197571 100.0 
275.0 310.0 2.9849907766077783 6.126583430197571 100.0 
275.0 311.0 2.9849907766077783 6.126583430197571 100.0 
275.0 312.0 2.9849907766077783 6.126583430197571 100.0 
275.0 313.0 2.9849907766077783 6.126583430197571 100.0 
276.0 308.0 2.9849907766077783 6.126583430197571 100.0 
276.0 309.0 2.9849907766077783 6.126583430197571 100.0 
276.0 310.0 2.9849907766077783 6.126583430197571 100.0 
276.0 311.0 2.9849907766077783 6.126583430197571 100.0 
276.0 312.0 2.9849907766077783 6.126583430197571 100.0 
276.0 313.0 2.9849907766077783 6.126583430197571 100.0 
277.0 307.0 2.9849907766077783 6.126583430197571 100.0 
277.0 308.0 2.9849907766077783 6.126583430197571 100.0 
277.0 309.0 2.9849907766077783 6.126583430197571 100.0 
277.0 310.0 2.9849907766077783 6.126583430197571 100.0 
277.0 311.0 2.9849907766077783 6.126583430197571 100.0 
277.0 312.0 2.9849907766077783 6.126583430197571 100.0 
277.0 313.0 2.9849907766077783 6.126583430197571 100.0 
278.0 307.0 2.9849907766077783 6.126583430197571 100.0 
278.0 308.0 2.9849907766077783 6.126583430197571 100.0 
278.0 309.0 2.9849907766077783 6.126583430197571 100.0 
278.0 310.0 2.9849907766077783 6.126583430197571 100.0 
278.0 311.0 2.9849907766077783 6.126583430197571 100.0 
278.0 312.0 2.9849907766077783 6.126583430197571 100.0 
279.0 307.0 2.9849907766077783 6.126583430197571 100.0 
279.0 308.0 2.9849907766077783 6.126583430197571 100.0 
279.0 309.0 2.9849907766077783 6.126583430197571 100.0 
279.0 310.0 2.9849907766077783 6.126583430197571 100.0 
279.0 311.0 2.9849907766077783 6.126583430197571 100.0 
279.0 312.0 2.9849907766077783 6.126583430197571 100.0 
280.0 307.0 2.9849907766077783 6.126583430197571 100.0 
280.0 308.0 2.9849907766077783 6.126583430197571 100.0 
280.0 309.0 2.9849907766077783 6.126583430197571 100.0 
280.0 310.0 2.9849907766077783 6.126583430197571 100.0 
280.0 311.0 2.9849907766077783 6.126583430197571 100.0 
280.0 312.0 2.9849907766077783 6.126583430197571 100.0 
281.0 307.0 2.9849907766077783 6.126583430197571 100.0 
281.0 308.0 2.9849907766077783 6.126583430197571 100.0 
281.0 309.0 2.9849907766077783 6.126583430197571 100.0 
281.0 310.0 2.9849907766077783 6.126583430197571 100.0 
281.0 311.0 2.9849907766077783 6.126583430197571 100.0 
281.0 312.0 2.9849907766077783 6.126583430197571 100.0 
282.0 307.0 2.9849907766077783 6.126583430197571 100.0 
282.0 308.0 2.9849907766077783 6.126583430197571 100.0 
282.0 309.0 2.9849907766077783 6.126583430197571 100.0 
282.0 310.0 2.9849907766077783 6.126583430197571 100.0 
282.0 311.0 2.9849907766077783 6.126583430197571 100.0 
282.0 312.0 2.9849907766077783 6.126583430197571 100.0 
283.0 307.0 2.9849907766077783 6.126583430197571 100.0 
283.0 308.0 2.9849907766077783 6.126583430197571 100.0 
283.0 309.0 2.9849907766077783 6.126583430197571 100.0 
283.0 310.0 2.9849907766077783 6.126583430197571 100.0 
283.0 311.0 2.9849907766077783 6.126583430197571 100.0 
283.0 312.0 2.9849907766077783 6.126583430197571 100.0 
284.0 306.0 2.9849907766077783 6.126583430197571 100.0 
284.0 307.0 2.9849907766077783 6.126583430197571 100.0 
284.0 308.0 2.9849907766077783 6.126583430197571 100.0 
284.0 309.0 2.9849907766077783 6.126583430197571 100.0 
284.0 310.0 2.9849907766077783 6.126583430197571 100.0 
284.0 311.0 2.9849907766077783 6.126583430197571 100.0 
285.0 306.0 2.9849907766077783 6.126583430197571 100.0 
285.0 307.0 2.9849907766077783 6.126583430197571 100.0 
285.0 308.0 2.9849907766077783 6.126583430197571 100.0 
285.0 309.0 2.9849907766077783 6.126583430197571 100.0 
285.0 310.0 2.9849907766077783 6.126583430197571 100.0 
285.0 311.0 2.9849907766077783 6.126583430197571 100.0 
286.0 306.0 2.9849907766077783 6.126583430197571 100.0 
286.0 307.0 2.9849907766077783 6.126583430197571 100.0 
286.0 308.0 2.9849907766077783 6.126583430197571 100.0 
286.0 309.0 2.9849907766077783 6.126583430197571 100.0 
286.0 310.0 2.9849907766077783 6.126583430197571 100.0 
286.0 311.0 2.9849907766077783 6.126583430197571 100.0 
287.0 306.0 2.9849907766077783 6.126583430197571 100.0 
287.0 307.0 2.9849907766077783 6.126583430197571 100.0 
287.0 308.0 2.9849907766077783 6.126583430197571 100.0 
287.0 309.0 2.9849907766077783 6.126583430197571 100.0 
287.0 310.0 2.9849907766077783 6.126583430197571 100.0 
287.0 311.0 2.9849907766077783 6.126583430197571 100.0 
288.0 306.0 2.9849907766077783 6.126583430197571 100.0 
288.0 307.0 2.9849907766077783 6.126583430197571 100.0 
288.0 308.0 2.9849907766077783 6.126583430197571 100.0 
288.0 309.0 2.9849907766077783 6.126583430197571 100.0 
288.0 310.0 2.9849907766077783 6.126583430197571 100.0 
288.0 311.0 2.9849907766077783 6.126583430197571 100.0 
289.0 306.0 2.9849907766077783 6.126583430197571 100.0 
289.0 307.0 2.9849907766077783 6.126583430197571 100.0 
289.0 308.0 2.9849907766077783 6.126583430197571 100.0 
289.0 309.0 2.9849907766077783 6.126583430197571 100.0 
289.0 310.0 2.9849907766077783 6.126583430197571 100.0 
289.0 311.0 2.9849907766077783 6.126583430197571 100.0 
290.0 305.0 2.9849907766077783 6.126583430197571 100.0 
290.0 306.0 2.9849907766077783 6.126583430197571 100.0 
290.0 307.0 2.9849907766077783 6.126583430197571 100.0 
290.0 308.0 2.9849907766077783 6.126583430197571 100.0 
290.0 309.0 2.9849907766077783 6.126583430197571 100.0 
290.0 310.0 2.9849907766077783 6.126583430197571 100.0 
291.0 305.0 2.9849907766077783 6.126583430197571 100.0 
291.0 306.0 2.9849907766077783 6.126583430197571 100.0 
291.0 307.0 2.9849907766077783 6.126583430197571 100.0 
291.0 308.0 2.9849907766077783 6.126583430197571 100.0 
291.0 309.0 2.9849907766077783 6.126583430197571 100.0 
291.0 310.0 2.9849907766077783 6.126583430197571 100.0 
292.0 305.0 2.9849907766077783 6.126583430197571 100.0 
292.0 306.0 2.9849907766077783 6.126583430197571 100.0 
292.0 307.0 2.9849907766077783 6.126583430197571 100.0 
292.0 308.0 2.9849907766077783 6.126583430197571 100.0 
292.0 309.0 2.9849907766077783 6.126583430197571 100.0 
292.0 310.0 2.9849907766077783 6.126583430197571 100.0 
293.0 305.0 2.9849907766077783 6.126583430197571 100.0 
293.0 306.0 2.9849907766077783 6.126583430197571 100.0 
293.0 307.0 2.9849907766077783 6.126583430197571 100.0 
293.0 308.0 2.9849907766077783 6.126583430197571 100.0 
293.0 309.0 2.9849907766077783 6.126583430197571 100.0 
293.0 310.0 2.9849907766077783 6.126583430197571 100.0 
294.0 305.0 2.9849907766077783 6.126583430197571 100.0 
294.0 306.0 2.9849907766077783 6.126583430197571 100.0 
294.0 307.0 2.9849907766077783 6.126583430197571 100.0 
294.0 308.0 2.9849907766077783 6.126583430197571 100.0 
294.0 309.0 2.9849907766077783 6.126583430197571 100.0 
294.0 310.0 2.9849907766077783 6.126583430197571 100.0 
295.0 305.0 2.9849907766077783 6.126583430197571 100.0 
295.0 306.0 2.9849907766077783 6.126583430197571 100.0 
295.0 307.0 2.9849907766077783 6.126583430197571 100.0 
295.0 308.0 2.9849907766077783 6.126583430197571 100.0 
295.0 309.0 2.9849907766077783 6.126583430197571 100.0 
295.0 310.0 2.9849907766077783 6.126583430197571 100.0 
296.0 304.0 2.9849907766077783 6.126583430197571 100.0 
296.0 305.0 2.9849907766077783 6.126583430197571 100.0 
296.0 306.0 2.9849907766077783 6.126583430197571 100.0 
296.0 307.0 2.9849907766077783 6.126583430197571 100.0 
296.0 308.0 2.9849907766077783 6.126583430197571 100.0 
296.0 309.0 2.9849907766077783 6.126583430197571 100.0 
296.0 310.0 2.9849907766077783 6.126583430197571 100.0 
297.0 304.0 2.9849907766077783 6.126583430197571 100.0 
297.0 305.0 2.9849907766077783 6.126583430197571 100.0 
297.0 306.0 2.9849907766077783 6.126583430197571 100.0 
297.0 307.0 2.9849907766077783 6.126583430197571 100.0 
297.0 308.0 2.9849907766077783 6.126583430197571 100.0 
297.0 309.0 2.9849907766077783 6.126583430197571 100.0 
298.0 304.0 2.9849907766077783 6.126583430197571 100.0 
298.0 305.0 2.9849907766077783 6.126583430197571 100.0 
298.0 306.0 2.9849907766077783 6.126583430197571 100.0 
298.0 307.0 2.9849907766077783 6.126583430197571 100.0 
298.0 308.0 2.9849907766077783 6.126583430197571 100.0 
298.0 309.0 2.9849907766077783 6.126583430197571 100.0 
299.0 304.0 2.9849907766077783 6.126583430197571 100.0 
299.0 305.0 2.9849907766077783 6.126583430197571 100.0 
299.0 306.0 2.9849907766077783 6.126583430197571 100.0 
299.0 307.0 2.9849907766077783 6.126583430197571 100.0 
299.0 308.0 2.9849907766077783 6.126583430197571 100.0 
299.0 309.0 2.9849907766077783 6.126583430197571 100.0 
300.0 304.0 2.9849907766077783 6.126583430197571 100.0 
300.0 305.0 2.9849907766077783 6.126583430197571 100.0 
300.0 306.0 2.9849907766077783 6.126583430197571 100.0 
300.0 307.0 2.9849907766077783 6.126583430197571 100.0 
300.0 308.0 2.9849907766077783 6.126583430197571 100.0 
300.0 309.0 2.9849907766077783 6.126583430197571 100.0 
301.0 304.0 2.9849907766077783 6.126583430197571 100.0 
301.0 305.0 2.9849907766077783 6.126583430197571 100.0 
301.0 306.0 2.9849907766077783 6.126583430197571 100.0 
301.0 307.0 2.9849907766077783 6.126583430197571 100.0 
301.0 308.0 2.9849907766077783 6.126583430197571 100.0 
301.0 309.0 2.9849907766077783 6.126583430197571 100.0 
302.0 304.0 2.9849907766077783 6.126583430197571 100.0 
302.0 305.0 2.9849907766077783 6.126583430197571 100.0 
302.0 306.0 2.9849907766077783 6.126583430197571 100.0 
302.0 307.0 2.9849907766077783 6.126583430197571 100.0 
302.0 308.0 2.9849907766077783 6.126583430197571 100.0 
302.0 309.0 2.9849907766077783 6.126583430197571 100.0 
303.0 303.0 2.9849907766077783 6.126583430197571 100.0 
303.0 304.0 2.9849907766077783 6.126583430197571 100.0 
303.0 305.0 2.9849907766077783 6.126583430197571 100.0 
303.0 306.0 2.9849907766077783 6.126583430197571 100.0 
303.0 307.0 2.9849907766077783 6.126583430197571 100.0 
303.0 308.0 2.9849907766077783 6.126583430197571 100.0 
304.0 303.0 2.9849907766077783 6.126583430197571 100.0 
304.0 304.0 2.9849907766077783 6.126583430197571 100.0 
304.0 305.0 2.9849907766077783 6.126583430197571 100.0 
304.0 306.0 2.9849907766077783 6.126583430197571 100.0 
304.0 307.0 2.9849907766077783 6.126583430197571 100.0 
304.0 308.0 2.9849907766077783 6.126583430197571 100.0 
305.0 303.0 2.9849907766077783 6.126583430197571 100.0 
305.0 304.0 2.9849907766077783 6.126583430197571 100.0 
305.0 305.0 2.9849907766077783 6.126583430197571 100.0 
305.0 306.0 2.9849907766077783 6.126583430197571 100.0 
305.0 307.0 2.9849907766077783 6.126583430197571 100.0 
305.0 308.0 2.9849907766077783 6.126583430197571 100.0 
306.0 303.0 2.9849907766077783 6.126583430197571 100.0 
306.0 304.0 2.9849907766077783 6.126583430197571 100.0 
306.0 305.0 2.9849907766077783 6.126583430197571 100.0 
306.0 306.0 2.9849907766077783 6.126583430197571 100.0 
306.0 307.0 2.9849907766077783 6.126583430197571 100.0 
306.0 308.0 2.9849907766077783 6.126583430197571 100.0 
307.0 303.0 2.9849907766077783 6.126583430197571 100.0 
307.0 304.0 2.9849907766077783 6.126583430197571 100.0 
307.0 305.0 2.9849907766077783 6.126583430197571 100.0 
307.0 306.0 2.9849907766077783 6.126583430197571 100.0 
307.0 307.0 2.9849907766077783 6.126583430197571 100.0 
307.0 308.0 2.9849907766077783 6.126583430197571 100.0 
308.0 303.0 2.9849907766077783 6.126583430197571 100.0 
308.0 304.0 2.9849907766077783 6.126583430197571 100.0 
308.0 305.0 2.9849907766077783 6.126583430197571 100.0 
308.0 306.0 2.9849907766077783 6.126583430197571 100.0 
308.0 307.0 2.9849907766077783 6.126583430197571 100.0 
308.0 308.0 2.9849907766077783 6.126583430197571 100.0 
309.0 302.0 2.9849907766077783 6.126583430197571 100.0 
309.0 303.0 2.9849907766077783 6.126583430197571 100.0 
309.0 304.0 2.9849907766077783 6.126583430197571 100.0 
309.0 305.0 2.9849907766077783 6.126583430197571 100.0 
309.0 306.0 2.9849907766077783 6.126583430197571 100.0 
309.0 307.0 2.9849907766077783 6.126583430197571 100.0 
310.0 302.0 2.9849907766077783 6.126583430197571 100.0 
310.0 303.0 2.9849907766077783 6.126583430197571 100.0 
310.0 304.0 2.9849907766077783 6.126583430197571 100.0 
310.0 305.0 2.9849907766077783 6.126583430197571 100.0 
310.0 306.0 2.9849907766077783 6.126583430197571 100.0 
310.0 307.0 2.9849907766077783 6.126583430197571 100.0 
311.0 302.0 2.9849907766077783 6.126583430197571 100.0 
311.0 303.0 2.9849907766077783 6.126583430197571 100.0 
311.0 304.0 2.9849907766077783 6.126583430197571 100.0 
311.0 305.0 2.9849907766077783 6.126583430197571 100.0 
311.0 306.0 2.9849907766077783 6.126583430197571 100.0 
311.0 307.0 2.9849907766077783 6.126583430197571 100.0 
312.0 302.0 2.9849907766077783 6.126583430197571 100.0 
312.0 303.0 2.9849907766077783 6.126583430197571 100.0 
312.0 304.0 2.9849907766077783 6.126583430197571 100.0 
312.0 305.0 2.9849907766077783 6.126583430197571 100.0 
312.0 306.0 2.9849907766077783 6.126583430197571 100.0 
312.0 307.0 2.9849907766077783 6.126583430197571 100.0 
313.0 302.0 2.9849907766077783 6.126583430197571 100.0 
313.0 303.0 2.9849907766077783 6.126583430197571 100.0 
313.0 304.0 2.9849907766077783 6.126583430197571 100.0 
313.0 305.0 2.9849907766077783 6.126583430197571 100.0 
313.0 306.0 2.9849907766077783 6.126583430197571 100.0 
313.0 307.0 2.9849907766077783 6.126583430197571 100.0 
314.0 302.0 2.9849907766077783 6.126583430197571 100.0 
314.0 303.0 2.9849907766077783 6.126583430197571 100.0 
314.0 304.0 2.9849907766077783 6.126583430197571 100.0 
314.0 305.0 2.9849907766077783 6.126583430197571 100.0 
314.0 306.0 2.9849907766077783 6.126583430197571 100.0 
314.0 307.0 2.9849907766077783 6.126583430197571 100.0 
315.0 301.0 2.9849907766077783 6.126583430197571 100.0 
315.0 302.0 2.9849907766077783 6.126583430197571 100.0 
315.0 303.0 2.9849907766077783 6.126583430197571 100.0 
315.0 304.0 2.9849907766077783 6.126583430197571 100.0 
315.0 305.0 2.9849907766077783 6.126583430197571 100.0 
315.0 306.0 2.9849907766077783 6.126583430197571 100.0 
315.0 307.0 2.9849907766077783 6.126583430197571 100.0 
316.0 301.0 2.9849907766077783 6.126583430197571 100.0 
316.0 302.0 2.9849907766077783 6.126583430197571 100.0 
316.0 303.0 2.9849907766077783 6.126583430197571 100.0 
316.0 304.0 2.9849907766077783 6.126583430197571 100.0 
316.0 305.0 2.9849907766077783 6.126583430197571 100.0 
316.0 306.0 2.9849907766077783 6.126583430197571 100.0 
317.0 301.0 2.9849907766077783 6.126583430197571 100.0 
317.0 302.0 2.9849907766077783 6.126583430197571 100.0 
317.0 303.0 2.9849907766077783 6.126583430197571 100.0 
317.0 304.0 2.9849907766077783 6.126583430197571 100.0 
317.0 305.0 2.9849907766077783 6.126583430197571 100.0 
317.0 306.0 2.9849907766077783 6.126583430197571 100.0 
318.0 301.0 2.9849907766077783 6.126583430197571 100.0 
318.0 302.0 2.9849907766077783 6.126583430197571 100.0 
318.0 303.0 2.9849907766077783 6.126583430197571 100.0 
318.0 304.0 2.9849907766077783 6.126583430197571 100.0 
318.0 305.0 2.9849907766077783 6.126583430197571 100.0 
318.0 306.0 2.9849907766077783 6.126583430197571 100.0 
319.0 301.0 2.9849907766077783 6.126583430197571 100.0 
319.0 302.0 2.9849907766077783 6.126583430197571 100.0 
319.0 303.0 2.9849907766077783 6.126583430197571 100.0 
319.0 304.0 2.9849907766077783 6.126583430197571 100.0 
319.0 305.0 2.9849907766077783 6.126583430197571 100.0 
319.0 306.0 2.9849907766077783 6.126583430197571 100.0 
320.0 301.0 2.9849907766077783 6.126583430197571 100.0 
320.0 302.0 2.9849907766077783 6.126583430197571 100.0 
320.0 303.0 2.9849907766077783 6.126583430197571 100.0 
320.0 304.0 2.9849907766077783 6.126583430197571 100.0 
320.0 305.0 2.9849907766077783 6.126583430197571 100.0 
320.0 306.0 2.9849907766077783 6.126583430197571 100.0 
321.0 301.0 2.9849907766077783 6.126583430197571 100.0 
321.0 302.0 2.9849907766077783 6.126583430197571 100.0 
321.0 303.0 2.9849907766077783 6.126583430197571 100.0 
321.0 304.0 2.9849907766077783 6.126583430197571 100.0 
321.0 305.0 2.9849907766077783 6.126583430197571 100.0 
321.0 306.0 2.9849907766077783 6.126583430197571 100.0 
322.0 300.0 2.9849907766077783 6.126583430197571 100.0 
322.0 301.0 2.9849907766077783 6.126583430197571 100.0 
322.0 302.0 2.9849907766077783 6.126583430197571 100.0 
322.0 303.0 2.9849907766077783 6.126583430197571 100.0 
322.0 304.0 2.9849907766077783 6.126583430197571 100.0 
322.0 305.0 2.9849907766077783 6.126583430197571 100.0 
323.0 300.0 2.9849907766077783 6.126583430197571 100.0 
323.0 301.0 2.9849907766077783 6.126583430197571 100.0 
323.0 302.0 2.9849907766077783 6.126583430197571 100.0 
323.0 303.0 2.9849907766077783 6.126583430197571 100.0 
323.0 304.0 2.9849907766077783 6.126583430197571 100.0 
323.0 305.0 2.9849907766077783 6.126583430197571 100.0 
324.0 300.0 2.9849907766077783 6.126583430197571 100.0 
324.0 301.0 2.9849907766077783 6.126583430197571 100.0 
324.0 302.0 2.9849907766077783 6.126583430197571 100.0 
324.0 303.0 2.9849907766077783 6.126583430197571 100.0 
324.0 304.0 2.9849907766077783 6.126583430197571 100.0 
324.0 305.0 2.9849907766077783 6.126583430197571 100.0 
325.0 300.0 2.9849907766077783 6.126583430197571 100.0 
325.0 301.0 2.9849907766077783 6.126583430197571 100.0 
325.0 302.0 2.9849907766077783 6.126583430197571 100.0 
325.0 303.0 2.9849907766077783 6.126583430197571 100.0 
325.0 304.0 2.9849907766077783 6.126583430197571 100.0 
325.0 305.0 2.9849907766077783 6.126583430197571 100.0 
326.0 300.0 2.9849907766077783 6.126583430197571 100.0 
326.0 301.0 2.9849907766077783 6.126583430197571 100.0 
326.0 302.0 2.9849907766077783 6.126583430197571 100.0 
326.0 303.0 2.9849907766077783 6.126583430197571 100.0 
326.0 304.0 2.9849907766077783 6.126583430197571 100.0 
326.0 305.0 2.9849907766077783 6.126583430197571 100.0 
327.0 300.0 2.9849907766077783 6.126583430197571 100.0 
327.0 301.0 2.9849907766077783 6.126583430197571 100.0 
327.0 302.0 2.9849907766077783 6.126583430197571 100.0 
327.0 303.0 2.9849907766077783 6.126583430197571 100.0 
327.0 304.0 2.9849907766077783 6.126583430197571 100.0 
327.0 305.0 2.9849907766077783 6.126583430197571 100.0 
328.0 299.0 2.9849907766077783 6.126583430197571 100.0 
328.0 300.0 2.9849907766077783 6.126583430197571 100.0 
328.0 301.0 2.9849907766077783 6.126583430197571 100.0 
328.0 302.0 2.9849907766077783 6.126583430197571 100.0 
328.0 303.0 2.9849907766077783 6.126583430197571 100.0 
328.0 304.0 2.9849907766077783 6.126583430197571 100.0 
329.0 299.0 2.9849907766077783 6.126583430197571 100.0 
329.0 300.0 2.9849907766077783 6.126583430197571 100.0 
329.0 301.0 2.9849907766077783 6.126583430197571 100.0 
329.0 302.0 2.9849907766077783 6.126583430197571 100.0 
329.0 303.0 2.9849907766077783 6.126583430197571 100.0 
329.0 304.0 2.9849907766077783 6.126583430197571 100.0 
330.0 299.0 2.9849907766077783 6.126583430197571 100.0 
330.0 300.0 2.9849907766077783 6.126583430197571 100.0 
330.0 301.0 2.9849907766077783 6.126583430197571 100.0 
330.0 302.0 2.9849907766077783 6.126583430197571 100.0 
330.0 303.0 2.9849907766077783 6.126583430197571 100.0 
330.0 304.0 2.9849907766077783 6.126583430197571 100.0 
331.0 299.0 2.9849907766077783 6.126583430197571 100.0 
331.0 300.0 2.9849907766077783 6.126583430197571 100.0 
331.0 301.0 2.9849907766077783 6.126583430197571 100.0 
331.0 302.0 2.9849907766077783 6.126583430197571 100.0 
331.0 303.0 2.9849907766077783 6.126583430197571 100.0 
331.0 304.0 2.9849907766077783 6.126583430197571 100.0 
332.0 299.0 2.9849907766077783 6.126583430197571 100.0 
332.0 300.0 2.9849907766077783 6.126583430197571 100.0 
332.0 301.0 2.9849907766077783 6.126583430197571 100.0 
332.0 302.0 2.9849907766077783 6.126583430197571 100.0 
332.0 303.0 2.9849907766077783 6.126583430197571 100.0 
332.0 304.0 2.9849907766077783 6.126583430197571 100.0 
333.0 299.0 2.9849907766077783 6.126583430197571 100.0 
333.0 300.0 2.9849907766077783 6.126583430197571 100.0 
333.0 301.0 2.9849907766077783 6.126583430197571 100.0 
333.0 302.0 2.9849907766077783 6.126583430197571 100.0 
333.0 303.0 2.9849907766077783 6.126583430197571 100.0 
333.0 304.0 2.9849907766077783 6.126583430197571 100.0 
334.0 301.0 2.9849907766077783 6.126583430197571 100.0 
334.0 302.0 2.9849907766077783 6.126583430197571 100.0 
334.0 303.0 2.9849907766077783 6.126583430197571 100.0 
334.0 304.0 2.9849907766077783 6.126583430197571 100.0 
