225.0 323.0 3.03780031313275 6.179392966722543 32.0 
226.0 323.0 3.03780031313275 6.179392966722543 32.0 
226.0 324.0 3.03780031313275 6.179392966722543 32.0 
226.0 325.0 3.03780031313275 6.179392966722543 32.0 
227.0 323.0 3.03780031313275 6.179392966722543 32.0 
227.0 324.0 3.03780031313275 6.179392966722543 32.0 
227.0 325.0 3.03780031313275 6.179392966722543 32.0 
228.0 323.0 3.03780031313275 6.179392966722543 32.0 
228.0 324.0 3.03780031313275 6.179392966722543 32.0 
228.0 325.0 3.03780031313275 6.179392966722543 32.0 
229.0 323.0 3.03780031313275 6.179392966722543 32.0 
229.0 324.0 3.03780031313275 6.179392966722543 32.0 
229.0 325.0 3.03780031313275 6.179392966722543 32.0 
230.0 322.0 3.03780031313275 6.179392966722543 32.0 
230.0 323.0 3.03780031313275 6.179392966722543 32.0 
230.0 324.0 3.03780031313275 6.179392966722543 32.0 
231.0 322.0 3.03780031313275 6.179392966722543 32.0 
231.0 323.0 3.03780031313275 6.179392966722543 32.0 
231.0 324.0 3.03780031313275 6.179392966722543 32.0 
232.0 322.0 3.03780031313275 6.179392966722543 32.0 
232.0 323.0 3.03780031313275 6.179392966722543 32.0 
232.0 324.0 3.03780031313275 6.179392966722543 32.0 
233.0 322.0 3.03780031313275 6.179392966722543 32.0 
233.0 323.0 3.03780031313275 6.179392966722543 32.0 
233.0 324.0 3.03780031313275 6.179392966722543 32.0 
234.0 322.0 3.03780031313275 6.179392966722543 32.0 
234.0 323.0 3.03780031313275 6.179392966722543 32.0 
234.0 324.0 3.03780031313275 6.179392966722543 32.0 
235.0 322.0 3.03780031313275 6.179392966722543 32.0 
235.0 323.0 3.03780031313275 6.179392966722543 32.0 
235.0 324.0 3.03780031313275 6.179392966722543 32.0 
236.0 322.0 3.03780031313275 6.179392966722543 32.0 
236.0 323.0 3.03780031313275 6.179392966722543 32.0 
236.0 324.0 3.03780031313275 6.179392966722543 32.0 
237.0 322.0 3.03780031313275 6.179392966722543 32.0 
237.0 323.0 3.03780031313275 6.179392966722543 32.0 
237.0 324.0 3.03780031313275 6.179392966722543 32.0 
238.0 322.0 3.03780031313275 6.179392966722543 32.0 
238.0 323.0 3.03780031313275 6.179392966722543 32.0 
238.0 324.0 3.03780031313275 6.179392966722543 32.0 
239.0 322.0 3.03780031313275 6.179392966722543 32.0 
239.0 323.0 3.03780031313275 6.179392966722543 32.0 
239.0 324.0 3.03780031313275 6.179392966722543 32.0 
240.0 321.0 3.03780031313275 6.179392966722543 32.0 
240.0 322.0 3.03780031313275 6.179392966722543 32.0 
240.0 323.0 3.03780031313275 6.179392966722543 32.0 
241.0 321.0 3.03780031313275 6.179392966722543 32.0 
241.0 322.0 3.03780031313275 6.179392966722543 32.0 
241.0 323.0 3.03780031313275 6.179392966722543 32.0 
242.0 321.0 3.03780031313275 6.179392966722543 32.0 
242.0 322.0 3.03780031313275 6.179392966722543 32.0 
242.0 323.0 3.03780031313275 6.179392966722543 32.0 
243.0 321.0 3.03780031313275 6.179392966722543 32.0 
243.0 322.0 3.03780031313275 6.179392966722543 32.0 
243.0 323.0 3.03780031313275 6.179392966722543 32.0 
244.0 321.0 3.03780031313275 6.179392966722543 32.0 
244.0 322.0 3.03780031313275 6.179392966722543 32.0 
244.0 323.0 3.03780031313275 6.179392966722543 32.0 
245.0 321.0 3.03780031313275 6.179392966722543 32.0 
245.0 322.0 3.03780031313275 6.179392966722543 32.0 
245.0 323.0 3.03780031313275 6.179392966722543 32.0 
246.0 321.0 3.03780031313275 6.179392966722543 32.0 
246.0 322.0 3.03780031313275 6.179392966722543 32.0 
246.0 323.0 3.03780031313275 6.179392966722543 32.0 
247.0 321.0 3.03780031313275 6.179392966722543 32.0 
247.0 322.0 3.03780031313275 6.179392966722543 32.0 
247.0 323.0 3.03780031313275 6.179392966722543 32.0 
248.0 321.0 3.03780031313275 6.179392966722543 32.0 
248.0 322.0 3.03780031313275 6.179392966722543 32.0 
248.0 323.0 3.03780031313275 6.179392966722543 32.0 
249.0 320.0 3.03780031313275 6.179392966722543 32.0 
249.0 321.0 3.03780031313275 6.179392966722543 32.0 
249.0 322.0 3.03780031313275 6.179392966722543 32.0 
249.0 323.0 3.03780031313275 6.179392966722543 32.0 
250.0 320.0 3.03780031313275 6.179392966722543 32.0 
250.0 321.0 3.03780031313275 6.179392966722543 32.0 
250.0 322.0 3.03780031313275 6.179392966722543 32.0 
251.0 320.0 3.03780031313275 6.179392966722543 32.0 
251.0 321.0 3.03780031313275 6.179392966722543 32.0 
251.0 322.0 3.03780031313275 6.179392966722543 32.0 
252.0 320.0 3.03780031313275 6.179392966722543 32.0 
252.0 321.0 3.03780031313275 6.179392966722543 32.0 
252.0 322.0 3.03780031313275 6.179392966722543 32.0 
253.0 320.0 3.03780031313275 6.179392966722543 32.0 
253.0 321.0 3.03780031313275 6.179392966722543 32.0 
253.0 322.0 3.03780031313275 6.179392966722543 32.0 
254.0 320.0 3.03780031313275 6.179392966722543 32.0 
254.0 321.0 3.03780031313275 6.179392966722543 32.0 
254.0 322.0 3.03780031313275 6.179392966722543 32.0 
255.0 320.0 3.03780031313275 6.179392966722543 32.0 
255.0 321.0 3.03780031313275 6.179392966722543 32.0 
255.0 322.0 3.03780031313275 6.179392966722543 32.0 
256.0 320.0 3.03780031313275 6.179392966722543 32.0 
256.0 321.0 3.03780031313275 6.179392966722543 32.0 
256.0 322.0 3.03780031313275 6.179392966722543 32.0 
257.0 320.0 3.03780031313275 6.179392966722543 32.0 
257.0 321.0 3.03780031313275 6.179392966722543 32.0 
257.0 322.0 3.03780031313275 6.179392966722543 32.0 
258.0 320.0 3.03780031313275 6.179392966722543 32.0 
258.0 321.0 3.03780031313275 6.179392966722543 32.0 
258.0 322.0 3.03780031313275 6.179392966722543 32.0 
259.0 319.0 3.03780031313275 6.179392966722543 32.0 
259.0 320.0 3.03780031313275 6.179392966722543 32.0 
259.0 321.0 3.03780031313275 6.179392966722543 32.0 
260.0 319.0 3.03780031313275 6.179392966722543 32.0 
260.0 320.0 3.03780031313275 6.179392966722543 32.0 
260.0 321.0 3.03780031313275 6.179392966722543 32.0 
261.0 319.0 3.03780031313275 6.179392966722543 32.0 
261.0 320.0 3.03780031313275 6.179392966722543 32.0 
261.0 321.0 3.03780031313275 6.179392966722543 32.0 
262.0 319.0 3.03780031313275 6.179392966722543 32.0 
262.0 320.0 3.03780031313275 6.179392966722543 32.0 
262.0 321.0 3.03780031313275 6.179392966722543 32.0 
263.0 319.0 3.03780031313275 6.179392966722543 32.0 
263.0 320.0 3.03780031313275 6.179392966722543 32.0 
263.0 321.0 3.03780031313275 6.179392966722543 32.0 
264.0 319.0 3.03780031313275 6.179392966722543 32.0 
264.0 320.0 3.03780031313275 6.179392966722543 32.0 
264.0 321.0 3.03780031313275 6.179392966722543 32.0 
265.0 319.0 3.03780031313275 6.179392966722543 32.0 
265.0 320.0 3.03780031313275 6.179392966722543 32.0 
265.0 321.0 3.03780031313275 6.179392966722543 32.0 
266.0 319.0 3.03780031313275 6.179392966722543 32.0 
266.0 320.0 3.03780031313275 6.179392966722543 32.0 
266.0 321.0 3.03780031313275 6.179392966722543 32.0 
267.0 319.0 3.03780031313275 6.179392966722543 32.0 
267.0 320.0 3.03780031313275 6.179392966722543 32.0 
267.0 321.0 3.03780031313275 6.179392966722543 32.0 
268.0 319.0 3.03780031313275 6.179392966722543 32.0 
268.0 320.0 3.03780031313275 6.179392966722543 32.0 
268.0 321.0 3.03780031313275 6.179392966722543 32.0 
269.0 318.0 3.03780031313275 6.179392966722543 32.0 
269.0 319.0 3.03780031313275 6.179392966722543 32.0 
269.0 320.0 3.03780031313275 6.179392966722543 32.0 
270.0 318.0 3.03780031313275 6.179392966722543 32.0 
270.0 319.0 3.03780031313275 6.179392966722543 32.0 
270.0 320.0 3.03780031313275 6.179392966722543 32.0 
271.0 318.0 3.03780031313275 6.179392966722543 32.0 
271.0 319.0 3.03780031313275 6.179392966722543 32.0 
271.0 320.0 3.03780031313275 6.179392966722543 32.0 
272.0 318.0 3.03780031313275 6.179392966722543 32.0 
272.0 319.0 3.03780031313275 6.179392966722543 32.0 
272.0 320.0 3.03780031313275 6.179392966722543 32.0 
273.0 319.0 3.03780031313275 6.179392966722543 32.0 
273.0 320.0 3.03780031313275 6.179392966722543 32.0 
272.0 320.0 3.1772917662691165 0.03569911267932336 32.0 
272.0 321.0 3.1772917662691165 0.03569911267932336 32.0 
272.0 322.0 3.1772917662691165 0.03569911267932336 32.0 
273.0 319.0 3.1772917662691165 0.03569911267932336 32.0 
273.0 320.0 3.1772917662691165 0.03569911267932336 32.0 
273.0 321.0 3.1772917662691165 0.03569911267932336 32.0 
273.0 322.0 3.1772917662691165 0.03569911267932336 32.0 
274.0 319.0 3.1772917662691165 0.03569911267932336 32.0 
274.0 320.0 3.1772917662691165 0.03569911267932336 32.0 
274.0 321.0 3.1772917662691165 0.03569911267932336 32.0 
274.0 322.0 3.1772917662691165 0.03569911267932336 32.0 
275.0 319.0 3.1772917662691165 0.03569911267932336 32.0 
275.0 320.0 3.1772917662691165 0.03569911267932336 32.0 
275.0 321.0 3.1772917662691165 0.03569911267932336 32.0 
275.0 322.0 3.1772917662691165 0.03569911267932336 32.0 
276.0 319.0 3.1772917662691165 0.03569911267932336 32.0 
276.0 320.0 3.1772917662691165 0.03569911267932336 32.0 
276.0 321.0 3.1772917662691165 0.03569911267932336 32.0 
276.0 322.0 3.1772917662691165 0.03569911267932336 32.0 
277.0 319.0 3.1772917662691165 0.03569911267932336 32.0 
277.0 320.0 3.1772917662691165 0.03569911267932336 32.0 
277.0 321.0 3.1772917662691165 0.03569911267932336 32.0 
277.0 322.0 3.1772917662691165 0.03569911267932336 32.0 
278.0 319.0 3.1772917662691165 0.03569911267932336 32.0 
278.0 320.0 3.1772917662691165 0.03569911267932336 32.0 
278.0 321.0 3.1772917662691165 0.03569911267932336 32.0 
278.0 322.0 3.1772917662691165 0.03569911267932336 32.0 
279.0 319.0 3.1772917662691165 0.03569911267932336 32.0 
279.0 320.0 3.1772917662691165 0.03569911267932336 32.0 
279.0 321.0 3.1772917662691165 0.03569911267932336 32.0 
279.0 322.0 3.1772917662691165 0.03569911267932336 32.0 
280.0 319.0 3.1772917662691165 0.03569911267932336 32.0 
280.0 320.0 3.1772917662691165 0.03569911267932336 32.0 
280.0 321.0 3.1772917662691165 0.03569911267932336 32.0 
280.0 322.0 3.1772917662691165 0.03569911267932336 32.0 
281.0 319.0 3.1772917662691165 0.03569911267932336 32.0 
281.0 320.0 3.1772917662691165 0.03569911267932336 32.0 
281.0 321.0 3.1772917662691165 0.03569911267932336 32.0 
281.0 322.0 3.1772917662691165 0.03569911267932336 32.0 
282.0 319.0 3.1772917662691165 0.03569911267932336 32.0 
282.0 320.0 3.1772917662691165 0.03569911267932336 32.0 
282.0 321.0 3.1772917662691165 0.03569911267932336 32.0 
282.0 322.0 3.1772917662691165 0.03569911267932336 32.0 
283.0 319.0 3.1772917662691165 0.03569911267932336 32.0 
283.0 320.0 3.1772917662691165 0.03569911267932336 32.0 
283.0 321.0 3.1772917662691165 0.03569911267932336 32.0 
283.0 322.0 3.1772917662691165 0.03569911267932336 32.0 
284.0 319.0 3.1772917662691165 0.03569911267932336 32.0 
284.0 320.0 3.1772917662691165 0.03569911267932336 32.0 
284.0 321.0 3.1772917662691165 0.03569911267932336 32.0 
284.0 322.0 3.1772917662691165 0.03569911267932336 32.0 
285.0 319.0 3.1772917662691165 0.03569911267932336 32.0 
285.0 320.0 3.1772917662691165 0.03569911267932336 32.0 
285.0 321.0 3.1772917662691165 0.03569911267932336 32.0 
285.0 322.0 3.1772917662691165 0.03569911267932336 32.0 
286.0 319.0 3.1772917662691165 0.03569911267932336 32.0 
286.0 320.0 3.1772917662691165 0.03569911267932336 32.0 
286.0 321.0 3.1772917662691165 0.03569911267932336 32.0 
286.0 322.0 3.1772917662691165 0.03569911267932336 32.0 
287.0 319.0 3.1772917662691165 0.03569911267932336 32.0 
287.0 320.0 3.1772917662691165 0.03569911267932336 32.0 
287.0 321.0 3.1772917662691165 0.03569911267932336 32.0 
287.0 322.0 3.1772917662691165 0.03569911267932336 32.0 
288.0 319.0 3.1772917662691165 0.03569911267932336 32.0 
288.0 320.0 3.1772917662691165 0.03569911267932336 32.0 
288.0 321.0 3.1772917662691165 0.03569911267932336 32.0 
288.0 322.0 3.1772917662691165 0.03569911267932336 32.0 
289.0 319.0 3.1772917662691165 0.03569911267932336 32.0 
289.0 320.0 3.1772917662691165 0.03569911267932336 32.0 
289.0 321.0 3.1772917662691165 0.03569911267932336 32.0 
289.0 322.0 3.1772917662691165 0.03569911267932336 32.0 
290.0 319.0 3.1772917662691165 0.03569911267932336 32.0 
290.0 320.0 3.1772917662691165 0.03569911267932336 32.0 
290.0 321.0 3.1772917662691165 0.03569911267932336 32.0 
290.0 322.0 3.1772917662691165 0.03569911267932336 32.0 
291.0 319.0 3.1772917662691165 0.03569911267932336 32.0 
291.0 320.0 3.1772917662691165 0.03569911267932336 32.0 
291.0 321.0 3.1772917662691165 0.03569911267932336 32.0 
291.0 322.0 3.1772917662691165 0.03569911267932336 32.0 
292.0 319.0 3.1772917662691165 0.03569911267932336 32.0 
292.0 320.0 3.1772917662691165 0.03569911267932336 32.0 
292.0 321.0 3.1772917662691165 0.03569911267932336 32.0 
292.0 322.0 3.1772917662691165 0.03569911267932336 32.0 
293.0 319.0 3.1772917662691165 0.03569911267932336 32.0 
293.0 320.0 3.1772917662691165 0.03569911267932336 32.0 
293.0 321.0 3.1772917662691165 0.03569911267932336 32.0 
293.0 322.0 3.1772917662691165 0.03569911267932336 32.0 
294.0 319.0 3.1772917662691165 0.03569911267932336 32.0 
294.0 320.0 3.1772917662691165 0.03569911267932336 32.0 
294.0 321.0 3.1772917662691165 0.03569911267932336 32.0 
294.0 322.0 3.1772917662691165 0.03569911267932336 32.0 
295.0 319.0 3.1772917662691165 0.03569911267932336 32.0 
295.0 320.0 3.1772917662691165 0.03569911267932336 32.0 
295.0 321.0 3.1772917662691165 0.03569911267932336 32.0 
295.0 322.0 3.1772917662691165 0.03569911267932336 32.0 
296.0 319.0 3.1772917662691165 0.03569911267932336 32.0 
296.0 320.0 3.1772917662691165 0.03569911267932336 32.0 
296.0 321.0 3.1772917662691165 0.03569911267932336 32.0 
296.0 322.0 3.1772917662691165 0.03569911267932336 32.0 
297.0 319.0 3.1772917662691165 0.03569911267932336 32.0 
297.0 320.0 3.1772917662691165 0.03569911267932336 32.0 
297.0 321.0 3.1772917662691165 0.03569911267932336 32.0 
297.0 322.0 3.1772917662691165 0.03569911267932336 32.0 
298.0 319.0 3.1772917662691165 0.03569911267932336 32.0 
298.0 320.0 3.1772917662691165 0.03569911267932336 32.0 
298.0 321.0 3.1772917662691165 0.03569911267932336 32.0 
298.0 322.0 3.1772917662691165 0.03569911267932336 32.0 
299.0 319.0 3.1772917662691165 0.03569911267932336 32.0 
299.0 320.0 3.1772917662691165 0.03569911267932336 32.0 
299.0 321.0 3.1772917662691165 0.03569911267932336 32.0 
299.0 322.0 3.1772917662691165 0.03569911267932336 32.0 
300.0 319.0 3.1772917662691165 0.03569911267932336 32.0 
300.0 320.0 3.1772917662691165 0.03569911267932336 32.0 
