162.0 333.0 2.8652653786147275 6.006858032204521 68.0 
162.0 334.0 2.8652653786147275 6.006858032204521 68.0 
162.0 335.0 2.8652653786147275 6.006858032204521 68.0 
163.0 333.0 2.8652653786147275 6.006858032204521 68.0 
163.0 334.0 2.8652653786147275 6.006858032204521 68.0 
163.0 335.0 2.8652653786147275 6.006858032204521 68.0 
163.0 336.0 2.8652653786147275 6.006858032204521 68.0 
163.0 337.0 2.8652653786147275 6.006858032204521 68.0 
163.0 338.0 2.8652653786147275 6.006858032204521 68.0 
164.0 333.0 2.8652653786147275 6.006858032204521 68.0 
164.0 334.0 2.8652653786147275 6.006858032204521 68.0 
164.0 335.0 2.8652653786147275 6.006858032204521 68.0 
164.0 336.0 2.8652653786147275 6.006858032204521 68.0 
164.0 337.0 2.8652653786147275 6.006858032204521 68.0 
164.0 338.0 2.8652653786147275 6.006858032204521 68.0 
165.0 333.0 2.8652653786147275 6.006858032204521 68.0 
165.0 334.0 2.8652653786147275 6.006858032204521 68.0 
165.0 335.0 2.8652653786147275 6.006858032204521 68.0 
165.0 336.0 2.8652653786147275 6.006858032204521 68.0 
165.0 337.0 2.8652653786147275 6.006858032204521 68.0 
165.0 338.0 2.8652653786147275 6.006858032204521 68.0 
166.0 332.0 2.8652653786147275 6.006858032204521 68.0 
166.0 333.0 2.8652653786147275 6.006858032204521 68.0 
166.0 334.0 2.8652653786147275 6.006858032204521 68.0 
166.0 335.0 2.8652653786147275 6.006858032204521 68.0 
166.0 336.0 2.8652653786147275 6.006858032204521 68.0 
166.0 337.0 2.8652653786147275 6.006858032204521 68.0 
167.0 332.0 2.8652653786147275 6.006858032204521 68.0 
167.0 333.0 2.8652653786147275 6.006858032204521 68.0 
167.0 334.0 2.8652653786147275 6.006858032204521 68.0 
167.0 335.0 2.8652653786147275 6.006858032204521 68.0 
167.0 336.0 2.8652653786147275 6.006858032204521 68.0 
167.0 337.0 2.8652653786147275 6.006858032204521 68.0 
168.0 332.0 2.8652653786147275 6.006858032204521 68.0 
168.0 333.0 2.8652653786147275 6.006858032204521 68.0 
168.0 334.0 2.8652653786147275 6.006858032204521 68.0 
168.0 335.0 2.8652653786147275 6.006858032204521 68.0 
168.0 336.0 2.8652653786147275 6.006858032204521 68.0 
168.0 337.0 2.8652653786147275 6.006858032204521 68.0 
169.0 331.0 2.8652653786147275 6.006858032204521 68.0 
169.0 332.0 2.8652653786147275 6.006858032204521 68.0 
169.0 333.0 2.8652653786147275 6.006858032204521 68.0 
169.0 334.0 2.8652653786147275 6.006858032204521 68.0 
169.0 335.0 2.8652653786147275 6.006858032204521 68.0 
169.0 336.0 2.8652653786147275 6.006858032204521 68.0 
169.0 337.0 2.8652653786147275 6.006858032204521 68.0 
170.0 331.0 2.8652653786147275 6.006858032204521 68.0 
170.0 332.0 2.8652653786147275 6.006858032204521 68.0 
170.0 333.0 2.8652653786147275 6.006858032204521 68.0 
170.0 334.0 2.8652653786147275 6.006858032204521 68.0 
170.0 335.0 2.8652653786147275 6.006858032204521 68.0 
170.0 336.0 2.8652653786147275 6.006858032204521 68.0 
171.0 331.0 2.8652653786147275 6.006858032204521 68.0 
171.0 332.0 2.8652653786147275 6.006858032204521 68.0 
171.0 333.0 2.8652653786147275 6.006858032204521 68.0 
171.0 334.0 2.8652653786147275 6.006858032204521 68.0 
171.0 335.0 2.8652653786147275 6.006858032204521 68.0 
171.0 336.0 2.8652653786147275 6.006858032204521 68.0 
172.0 331.0 2.8652653786147275 6.006858032204521 68.0 
172.0 332.0 2.8652653786147275 6.006858032204521 68.0 
172.0 333.0 2.8652653786147275 6.006858032204521 68.0 
172.0 334.0 2.8652653786147275 6.006858032204521 68.0 
172.0 335.0 2.8652653786147275 6.006858032204521 68.0 
172.0 336.0 2.8652653786147275 6.006858032204521 68.0 
173.0 330.0 2.8652653786147275 6.006858032204521 68.0 
173.0 331.0 2.8652653786147275 6.006858032204521 68.0 
173.0 332.0 2.8652653786147275 6.006858032204521 68.0 
173.0 333.0 2.8652653786147275 6.006858032204521 68.0 
173.0 334.0 2.8652653786147275 6.006858032204521 68.0 
173.0 335.0 2.8652653786147275 6.006858032204521 68.0 
174.0 330.0 2.8652653786147275 6.006858032204521 68.0 
174.0 331.0 2.8652653786147275 6.006858032204521 68.0 
174.0 332.0 2.8652653786147275 6.006858032204521 68.0 
174.0 333.0 2.8652653786147275 6.006858032204521 68.0 
174.0 334.0 2.8652653786147275 6.006858032204521 68.0 
174.0 335.0 2.8652653786147275 6.006858032204521 68.0 
175.0 330.0 2.8652653786147275 6.006858032204521 68.0 
175.0 331.0 2.8652653786147275 6.006858032204521 68.0 
175.0 332.0 2.8652653786147275 6.006858032204521 68.0 
175.0 333.0 2.8652653786147275 6.006858032204521 68.0 
175.0 334.0 2.8652653786147275 6.006858032204521 68.0 
175.0 335.0 2.8652653786147275 6.006858032204521 68.0 
176.0 329.0 2.8652653786147275 6.006858032204521 68.0 
176.0 330.0 2.8652653786147275 6.006858032204521 68.0 
176.0 331.0 2.8652653786147275 6.006858032204521 68.0 
176.0 332.0 2.8652653786147275 6.006858032204521 68.0 
176.0 333.0 2.8652653786147275 6.006858032204521 68.0 
176.0 334.0 2.8652653786147275 6.006858032204521 68.0 
176.0 335.0 2.8652653786147275 6.006858032204521 68.0 
177.0 329.0 2.8652653786147275 6.006858032204521 68.0 
177.0 330.0 2.8652653786147275 6.006858032204521 68.0 
177.0 331.0 2.8652653786147275 6.006858032204521 68.0 
177.0 332.0 2.8652653786147275 6.006858032204521 68.0 
177.0 333.0 2.8652653786147275 6.006858032204521 68.0 
177.0 334.0 2.8652653786147275 6.006858032204521 68.0 
178.0 329.0 2.8652653786147275 6.006858032204521 68.0 
178.0 330.0 2.8652653786147275 6.006858032204521 68.0 
178.0 331.0 2.8652653786147275 6.006858032204521 68.0 
178.0 332.0 2.8652653786147275 6.006858032204521 68.0 
178.0 333.0 2.8652653786147275 6.006858032204521 68.0 
178.0 334.0 2.8652653786147275 6.006858032204521 68.0 
179.0 329.0 2.8652653786147275 6.006858032204521 68.0 
179.0 330.0 2.8652653786147275 6.006858032204521 68.0 
179.0 331.0 2.8652653786147275 6.006858032204521 68.0 
179.0 332.0 2.8652653786147275 6.006858032204521 68.0 
179.0 333.0 2.8652653786147275 6.006858032204521 68.0 
179.0 334.0 2.8652653786147275 6.006858032204521 68.0 
180.0 328.0 2.8652653786147275 6.006858032204521 68.0 
180.0 329.0 2.8652653786147275 6.006858032204521 68.0 
180.0 330.0 2.8652653786147275 6.006858032204521 68.0 
180.0 331.0 2.8652653786147275 6.006858032204521 68.0 
180.0 332.0 2.8652653786147275 6.006858032204521 68.0 
180.0 333.0 2.8652653786147275 6.006858032204521 68.0 
180.0 334.0 2.8652653786147275 6.006858032204521 68.0 
181.0 328.0 2.8652653786147275 6.006858032204521 68.0 
181.0 329.0 2.8652653786147275 6.006858032204521 68.0 
181.0 330.0 2.8652653786147275 6.006858032204521 68.0 
181.0 331.0 2.8652653786147275 6.006858032204521 68.0 
181.0 332.0 2.8652653786147275 6.006858032204521 68.0 
181.0 333.0 2.8652653786147275 6.006858032204521 68.0 
182.0 328.0 2.8652653786147275 6.006858032204521 68.0 
182.0 329.0 2.8652653786147275 6.006858032204521 68.0 
182.0 330.0 2.8652653786147275 6.006858032204521 68.0 
182.0 331.0 2.8652653786147275 6.006858032204521 68.0 
182.0 332.0 2.8652653786147275 6.006858032204521 68.0 
182.0 333.0 2.8652653786147275 6.006858032204521 68.0 
183.0 327.0 2.8652653786147275 6.006858032204521 68.0 
183.0 328.0 2.8652653786147275 6.006858032204521 68.0 
183.0 329.0 2.8652653786147275 6.006858032204521 68.0 
183.0 330.0 2.8652653786147275 6.006858032204521 68.0 
183.0 331.0 2.8652653786147275 6.006858032204521 68.0 
183.0 332.0 2.8652653786147275 6.006858032204521 68.0 
183.0 333.0 2.8652653786147275 6.006858032204521 68.0 
184.0 327.0 2.8652653786147275 6.006858032204521 68.0 
184.0 328.0 2.8652653786147275 6.006858032204521 68.0 
184.0 329.0 2.8652653786147275 6.006858032204521 68.0 
184.0 330.0 2.8652653786147275 6.006858032204521 68.0 
184.0 331.0 2.8652653786147275 6.006858032204521 68.0 
184.0 332.0 2.8652653786147275 6.006858032204521 68.0 
185.0 327.0 2.8652653786147275 6.006858032204521 68.0 
185.0 328.0 2.8652653786147275 6.006858032204521 68.0 
185.0 329.0 2.8652653786147275 6.006858032204521 68.0 
185.0 330.0 2.8652653786147275 6.006858032204521 68.0 
185.0 331.0 2.8652653786147275 6.006858032204521 68.0 
185.0 332.0 2.8652653786147275 6.006858032204521 68.0 
186.0 327.0 2.8652653786147275 6.006858032204521 68.0 
186.0 328.0 2.8652653786147275 6.006858032204521 68.0 
186.0 329.0 2.8652653786147275 6.006858032204521 68.0 
186.0 330.0 2.8652653786147275 6.006858032204521 68.0 
186.0 331.0 2.8652653786147275 6.006858032204521 68.0 
186.0 332.0 2.8652653786147275 6.006858032204521 68.0 
187.0 326.0 2.8652653786147275 6.006858032204521 68.0 
187.0 327.0 2.8652653786147275 6.006858032204521 68.0 
187.0 328.0 2.8652653786147275 6.006858032204521 68.0 
187.0 329.0 2.8652653786147275 6.006858032204521 68.0 
187.0 330.0 2.8652653786147275 6.006858032204521 68.0 
187.0 331.0 2.8652653786147275 6.006858032204521 68.0 
187.0 332.0 2.8652653786147275 6.006858032204521 68.0 
188.0 326.0 2.8652653786147275 6.006858032204521 68.0 
188.0 327.0 2.8652653786147275 6.006858032204521 68.0 
188.0 328.0 2.8652653786147275 6.006858032204521 68.0 
188.0 329.0 2.8652653786147275 6.006858032204521 68.0 
188.0 330.0 2.8652653786147275 6.006858032204521 68.0 
188.0 331.0 2.8652653786147275 6.006858032204521 68.0 
189.0 326.0 2.8652653786147275 6.006858032204521 68.0 
189.0 327.0 2.8652653786147275 6.006858032204521 68.0 
189.0 328.0 2.8652653786147275 6.006858032204521 68.0 
189.0 329.0 2.8652653786147275 6.006858032204521 68.0 
189.0 330.0 2.8652653786147275 6.006858032204521 68.0 
189.0 331.0 2.8652653786147275 6.006858032204521 68.0 
190.0 325.0 2.8652653786147275 6.006858032204521 68.0 
190.0 326.0 2.8652653786147275 6.006858032204521 68.0 
190.0 327.0 2.8652653786147275 6.006858032204521 68.0 
190.0 328.0 2.8652653786147275 6.006858032204521 68.0 
190.0 329.0 2.8652653786147275 6.006858032204521 68.0 
190.0 330.0 2.8652653786147275 6.006858032204521 68.0 
190.0 331.0 2.8652653786147275 6.006858032204521 68.0 
191.0 325.0 2.8652653786147275 6.006858032204521 68.0 
191.0 326.0 2.8652653786147275 6.006858032204521 68.0 
191.0 327.0 2.8652653786147275 6.006858032204521 68.0 
191.0 328.0 2.8652653786147275 6.006858032204521 68.0 
191.0 329.0 2.8652653786147275 6.006858032204521 68.0 
191.0 330.0 2.8652653786147275 6.006858032204521 68.0 
192.0 325.0 2.8652653786147275 6.006858032204521 68.0 
192.0 326.0 2.8652653786147275 6.006858032204521 68.0 
192.0 327.0 2.8652653786147275 6.006858032204521 68.0 
192.0 328.0 2.8652653786147275 6.006858032204521 68.0 
192.0 329.0 2.8652653786147275 6.006858032204521 68.0 
192.0 330.0 2.8652653786147275 6.006858032204521 68.0 
193.0 325.0 2.8652653786147275 6.006858032204521 68.0 
193.0 326.0 2.8652653786147275 6.006858032204521 68.0 
193.0 327.0 2.8652653786147275 6.006858032204521 68.0 
193.0 328.0 2.8652653786147275 6.006858032204521 68.0 
193.0 329.0 2.8652653786147275 6.006858032204521 68.0 
193.0 330.0 2.8652653786147275 6.006858032204521 68.0 
194.0 324.0 2.8652653786147275 6.006858032204521 68.0 
194.0 325.0 2.8652653786147275 6.006858032204521 68.0 
194.0 326.0 2.8652653786147275 6.006858032204521 68.0 
194.0 327.0 2.8652653786147275 6.006858032204521 68.0 
194.0 328.0 2.8652653786147275 6.006858032204521 68.0 
194.0 329.0 2.8652653786147275 6.006858032204521 68.0 
194.0 330.0 2.8652653786147275 6.006858032204521 68.0 
195.0 324.0 2.8652653786147275 6.006858032204521 68.0 
195.0 325.0 2.8652653786147275 6.006858032204521 68.0 
195.0 326.0 2.8652653786147275 6.006858032204521 68.0 
195.0 327.0 2.8652653786147275 6.006858032204521 68.0 
195.0 328.0 2.8652653786147275 6.006858032204521 68.0 
195.0 329.0 2.8652653786147275 6.006858032204521 68.0 
196.0 324.0 2.8652653786147275 6.006858032204521 68.0 
196.0 325.0 2.8652653786147275 6.006858032204521 68.0 
196.0 326.0 2.8652653786147275 6.006858032204521 68.0 
196.0 327.0 2.8652653786147275 6.006858032204521 68.0 
196.0 328.0 2.8652653786147275 6.006858032204521 68.0 
196.0 329.0 2.8652653786147275 6.006858032204521 68.0 
197.0 323.0 2.8652653786147275 6.006858032204521 68.0 
197.0 324.0 2.8652653786147275 6.006858032204521 68.0 
197.0 325.0 2.8652653786147275 6.006858032204521 68.0 
197.0 326.0 2.8652653786147275 6.006858032204521 68.0 
197.0 327.0 2.8652653786147275 6.006858032204521 68.0 
197.0 328.0 2.8652653786147275 6.006858032204521 68.0 
197.0 329.0 2.8652653786147275 6.006858032204521 68.0 
198.0 323.0 2.8652653786147275 6.006858032204521 68.0 
198.0 324.0 2.8652653786147275 6.006858032204521 68.0 
198.0 325.0 2.8652653786147275 6.006858032204521 68.0 
198.0 326.0 2.8652653786147275 6.006858032204521 68.0 
198.0 327.0 2.8652653786147275 6.006858032204521 68.0 
198.0 328.0 2.8652653786147275 6.006858032204521 68.0 
199.0 323.0 2.8652653786147275 6.006858032204521 68.0 
199.0 324.0 2.8652653786147275 6.006858032204521 68.0 
199.0 325.0 2.8652653786147275 6.006858032204521 68.0 
199.0 326.0 2.8652653786147275 6.006858032204521 68.0 
199.0 327.0 2.8652653786147275 6.006858032204521 68.0 
199.0 328.0 2.8652653786147275 6.006858032204521 68.0 
200.0 323.0 2.8652653786147275 6.006858032204521 68.0 
200.0 324.0 2.8652653786147275 6.006858032204521 68.0 
200.0 325.0 2.8652653786147275 6.006858032204521 68.0 
200.0 326.0 2.8652653786147275 6.006858032204521 68.0 
200.0 327.0 2.8652653786147275 6.006858032204521 68.0 
200.0 328.0 2.8652653786147275 6.006858032204521 68.0 
201.0 322.0 2.8652653786147275 6.006858032204521 68.0 
201.0 323.0 2.8652653786147275 6.006858032204521 68.0 
201.0 324.0 2.8652653786147275 6.006858032204521 68.0 
201.0 325.0 2.8652653786147275 6.006858032204521 68.0 
201.0 326.0 2.8652653786147275 6.006858032204521 68.0 
201.0 327.0 2.8652653786147275 6.006858032204521 68.0 
201.0 328.0 2.8652653786147275 6.006858032204521 68.0 
202.0 322.0 2.8652653786147275 6.006858032204521 68.0 
202.0 323.0 2.8652653786147275 6.006858032204521 68.0 
202.0 324.0 2.8652653786147275 6.006858032204521 68.0 
202.0 325.0 2.8652653786147275 6.006858032204521 68.0 
202.0 326.0 2.8652653786147275 6.006858032204521 68.0 
202.0 327.0 2.8652653786147275 6.006858032204521 68.0 
203.0 322.0 2.8652653786147275 6.006858032204521 68.0 
203.0 323.0 2.8652653786147275 6.006858032204521 68.0 
203.0 324.0 2.8652653786147275 6.006858032204521 68.0 
203.0 325.0 2.8652653786147275 6.006858032204521 68.0 
203.0 326.0 2.8652653786147275 6.006858032204521 68.0 
203.0 327.0 2.8652653786147275 6.006858032204521 68.0 
204.0 321.0 2.8652653786147275 6.006858032204521 68.0 
204.0 322.0 2.8652653786147275 6.006858032204521 68.0 
204.0 323.0 2.8652653786147275 6.006858032204521 68.0 
204.0 324.0 2.8652653786147275 6.006858032204521 68.0 
204.0 325.0 2.8652653786147275 6.006858032204521 68.0 
204.0 326.0 2.8652653786147275 6.006858032204521 68.0 
204.0 327.0 2.8652653786147275 6.006858032204521 68.0 
205.0 321.0 2.8652653786147275 6.006858032204521 68.0 
205.0 322.0 2.8652653786147275 6.006858032204521 68.0 
205.0 323.0 2.8652653786147275 6.006858032204521 68.0 
205.0 324.0 2.8652653786147275 6.006858032204521 68.0 
205.0 325.0 2.8652653786147275 6.006858032204521 68.0 
205.0 326.0 2.8652653786147275 6.006858032204521 68.0 
206.0 321.0 2.8652653786147275 6.006858032204521 68.0 
206.0 322.0 2.8652653786147275 6.006858032204521 68.0 
206.0 323.0 2.8652653786147275 6.006858032204521 68.0 
206.0 324.0 2.8652653786147275 6.006858032204521 68.0 
206.0 325.0 2.8652653786147275 6.006858032204521 68.0 
206.0 326.0 2.8652653786147275 6.006858032204521 68.0 
207.0 321.0 2.8652653786147275 6.006858032204521 68.0 
207.0 322.0 2.8652653786147275 6.006858032204521 68.0 
207.0 323.0 2.8652653786147275 6.006858032204521 68.0 
207.0 324.0 2.8652653786147275 6.006858032204521 68.0 
207.0 325.0 2.8652653786147275 6.006858032204521 68.0 
207.0 326.0 2.8652653786147275 6.006858032204521 68.0 
208.0 320.0 2.8652653786147275 6.006858032204521 68.0 
208.0 321.0 2.8652653786147275 6.006858032204521 68.0 
208.0 322.0 2.8652653786147275 6.006858032204521 68.0 
208.0 323.0 2.8652653786147275 6.006858032204521 68.0 
208.0 324.0 2.8652653786147275 6.006858032204521 68.0 
208.0 325.0 2.8652653786147275 6.006858032204521 68.0 
208.0 326.0 2.8652653786147275 6.006858032204521 68.0 
209.0 320.0 2.8652653786147275 6.006858032204521 68.0 
209.0 321.0 2.8652653786147275 6.006858032204521 68.0 
209.0 322.0 2.8652653786147275 6.006858032204521 68.0 
209.0 323.0 2.8652653786147275 6.006858032204521 68.0 
209.0 324.0 2.8652653786147275 6.006858032204521 68.0 
209.0 325.0 2.8652653786147275 6.006858032204521 68.0 
210.0 320.0 2.8652653786147275 6.006858032204521 68.0 
210.0 321.0 2.8652653786147275 6.006858032204521 68.0 
210.0 322.0 2.8652653786147275 6.006858032204521 68.0 
210.0 323.0 2.8652653786147275 6.006858032204521 68.0 
210.0 324.0 2.8652653786147275 6.006858032204521 68.0 
210.0 325.0 2.8652653786147275 6.006858032204521 68.0 
211.0 319.0 2.8652653786147275 6.006858032204521 68.0 
211.0 320.0 2.8652653786147275 6.006858032204521 68.0 
211.0 321.0 2.8652653786147275 6.006858032204521 68.0 
211.0 322.0 2.8652653786147275 6.006858032204521 68.0 
211.0 323.0 2.8652653786147275 6.006858032204521 68.0 
211.0 324.0 2.8652653786147275 6.006858032204521 68.0 
211.0 325.0 2.8652653786147275 6.006858032204521 68.0 
212.0 319.0 2.8652653786147275 6.006858032204521 68.0 
212.0 320.0 2.8652653786147275 6.006858032204521 68.0 
212.0 321.0 2.8652653786147275 6.006858032204521 68.0 
212.0 322.0 2.8652653786147275 6.006858032204521 68.0 
212.0 323.0 2.8652653786147275 6.006858032204521 68.0 
212.0 324.0 2.8652653786147275 6.006858032204521 68.0 
213.0 319.0 2.8652653786147275 6.006858032204521 68.0 
213.0 320.0 2.8652653786147275 6.006858032204521 68.0 
213.0 321.0 2.8652653786147275 6.006858032204521 68.0 
213.0 322.0 2.8652653786147275 6.006858032204521 68.0 
213.0 323.0 2.8652653786147275 6.006858032204521 68.0 
213.0 324.0 2.8652653786147275 6.006858032204521 68.0 
214.0 319.0 2.8652653786147275 6.006858032204521 68.0 
214.0 320.0 2.8652653786147275 6.006858032204521 68.0 
214.0 321.0 2.8652653786147275 6.006858032204521 68.0 
214.0 322.0 2.8652653786147275 6.006858032204521 68.0 
214.0 323.0 2.8652653786147275 6.006858032204521 68.0 
214.0 324.0 2.8652653786147275 6.006858032204521 68.0 
215.0 318.0 2.8652653786147275 6.006858032204521 68.0 
215.0 319.0 2.8652653786147275 6.006858032204521 68.0 
215.0 320.0 2.8652653786147275 6.006858032204521 68.0 
215.0 321.0 2.8652653786147275 6.006858032204521 68.0 
215.0 322.0 2.8652653786147275 6.006858032204521 68.0 
215.0 323.0 2.8652653786147275 6.006858032204521 68.0 
215.0 324.0 2.8652653786147275 6.006858032204521 68.0 
216.0 318.0 2.8652653786147275 6.006858032204521 68.0 
216.0 319.0 2.8652653786147275 6.006858032204521 68.0 
216.0 320.0 2.8652653786147275 6.006858032204521 68.0 
216.0 321.0 2.8652653786147275 6.006858032204521 68.0 
216.0 322.0 2.8652653786147275 6.006858032204521 68.0 
216.0 323.0 2.8652653786147275 6.006858032204521 68.0 
217.0 318.0 2.8652653786147275 6.006858032204521 68.0 
217.0 319.0 2.8652653786147275 6.006858032204521 68.0 
217.0 320.0 2.8652653786147275 6.006858032204521 68.0 
217.0 321.0 2.8652653786147275 6.006858032204521 68.0 
217.0 322.0 2.8652653786147275 6.006858032204521 68.0 
217.0 323.0 2.8652653786147275 6.006858032204521 68.0 
218.0 318.0 2.8652653786147275 6.006858032204521 68.0 
218.0 319.0 2.8652653786147275 6.006858032204521 68.0 
218.0 320.0 2.8652653786147275 6.006858032204521 68.0 
218.0 321.0 2.8652653786147275 6.006858032204521 68.0 
218.0 322.0 2.8652653786147275 6.006858032204521 68.0 
218.0 323.0 2.8652653786147275 6.006858032204521 68.0 
219.0 317.0 2.8652653786147275 6.006858032204521 68.0 
219.0 318.0 2.8652653786147275 6.006858032204521 68.0 
219.0 319.0 2.8652653786147275 6.006858032204521 68.0 
219.0 320.0 2.8652653786147275 6.006858032204521 68.0 
219.0 321.0 2.8652653786147275 6.006858032204521 68.0 
219.0 322.0 2.8652653786147275 6.006858032204521 68.0 
220.0 317.0 2.8652653786147275 6.006858032204521 68.0 
220.0 318.0 2.8652653786147275 6.006858032204521 68.0 
220.0 319.0 2.8652653786147275 6.006858032204521 68.0 
220.0 320.0 2.8652653786147275 6.006858032204521 68.0 
220.0 321.0 2.8652653786147275 6.006858032204521 68.0 
220.0 322.0 2.8652653786147275 6.006858032204521 68.0 
221.0 317.0 2.8652653786147275 6.006858032204521 68.0 
221.0 318.0 2.8652653786147275 6.006858032204521 68.0 
221.0 319.0 2.8652653786147275 6.006858032204521 68.0 
221.0 320.0 2.8652653786147275 6.006858032204521 68.0 
221.0 321.0 2.8652653786147275 6.006858032204521 68.0 
221.0 322.0 2.8652653786147275 6.006858032204521 68.0 
222.0 316.0 2.8652653786147275 6.006858032204521 68.0 
222.0 317.0 2.8652653786147275 6.006858032204521 68.0 
222.0 318.0 2.8652653786147275 6.006858032204521 68.0 
222.0 319.0 2.8652653786147275 6.006858032204521 68.0 
222.0 320.0 2.8652653786147275 6.006858032204521 68.0 
222.0 321.0 2.8652653786147275 6.006858032204521 68.0 
222.0 322.0 2.8652653786147275 6.006858032204521 68.0 
223.0 316.0 2.8652653786147275 6.006858032204521 68.0 
223.0 317.0 2.8652653786147275 6.006858032204521 68.0 
223.0 318.0 2.8652653786147275 6.006858032204521 68.0 
223.0 319.0 2.8652653786147275 6.006858032204521 68.0 
223.0 320.0 2.8652653786147275 6.006858032204521 68.0 
223.0 321.0 2.8652653786147275 6.006858032204521 68.0 
224.0 316.0 2.8652653786147275 6.006858032204521 68.0 
224.0 317.0 2.8652653786147275 6.006858032204521 68.0 
224.0 318.0 2.8652653786147275 6.006858032204521 68.0 
224.0 319.0 2.8652653786147275 6.006858032204521 68.0 
224.0 320.0 2.8652653786147275 6.006858032204521 68.0 
224.0 321.0 2.8652653786147275 6.006858032204521 68.0 
225.0 316.0 2.8652653786147275 6.006858032204521 68.0 
225.0 317.0 2.8652653786147275 6.006858032204521 68.0 
225.0 318.0 2.8652653786147275 6.006858032204521 68.0 
225.0 319.0 2.8652653786147275 6.006858032204521 68.0 
225.0 320.0 2.8652653786147275 6.006858032204521 68.0 
225.0 321.0 2.8652653786147275 6.006858032204521 68.0 
226.0 315.0 2.8652653786147275 6.006858032204521 68.0 
226.0 316.0 2.8652653786147275 6.006858032204521 68.0 
226.0 317.0 2.8652653786147275 6.006858032204521 68.0 
226.0 318.0 2.8652653786147275 6.006858032204521 68.0 
226.0 319.0 2.8652653786147275 6.006858032204521 68.0 
226.0 320.0 2.8652653786147275 6.006858032204521 68.0 
227.0 315.0 2.8652653786147275 6.006858032204521 68.0 
227.0 316.0 2.8652653786147275 6.006858032204521 68.0 
227.0 317.0 2.8652653786147275 6.006858032204521 68.0 
227.0 318.0 2.8652653786147275 6.006858032204521 68.0 
227.0 319.0 2.8652653786147275 6.006858032204521 68.0 
227.0 320.0 2.8652653786147275 6.006858032204521 68.0 
228.0 315.0 2.8652653786147275 6.006858032204521 68.0 
228.0 316.0 2.8652653786147275 6.006858032204521 68.0 
228.0 317.0 2.8652653786147275 6.006858032204521 68.0 
228.0 318.0 2.8652653786147275 6.006858032204521 68.0 
228.0 319.0 2.8652653786147275 6.006858032204521 68.0 
228.0 320.0 2.8652653786147275 6.006858032204521 68.0 
229.0 317.0 2.8652653786147275 6.006858032204521 68.0 
229.0 318.0 2.8652653786147275 6.006858032204521 68.0 
229.0 319.0 2.8652653786147275 6.006858032204521 68.0 
229.0 320.0 2.8652653786147275 6.006858032204521 68.0 
236.0 318.0 3.209669111847793 0.06807645825799999 64.0 
236.0 319.0 3.209669111847793 0.06807645825799999 64.0 
236.0 320.0 3.209669111847793 0.06807645825799999 64.0 
236.0 321.0 3.209669111847793 0.06807645825799999 64.0 
237.0 316.0 3.209669111847793 0.06807645825799999 64.0 
237.0 317.0 3.209669111847793 0.06807645825799999 64.0 
237.0 318.0 3.209669111847793 0.06807645825799999 64.0 
237.0 319.0 3.209669111847793 0.06807645825799999 64.0 
237.0 320.0 3.209669111847793 0.06807645825799999 64.0 
237.0 321.0 3.209669111847793 0.06807645825799999 64.0 
238.0 316.0 3.209669111847793 0.06807645825799999 64.0 
238.0 317.0 3.209669111847793 0.06807645825799999 64.0 
238.0 318.0 3.209669111847793 0.06807645825799999 64.0 
238.0 319.0 3.209669111847793 0.06807645825799999 64.0 
238.0 320.0 3.209669111847793 0.06807645825799999 64.0 
238.0 321.0 3.209669111847793 0.06807645825799999 64.0 
239.0 316.0 3.209669111847793 0.06807645825799999 64.0 
239.0 317.0 3.209669111847793 0.06807645825799999 64.0 
239.0 318.0 3.209669111847793 0.06807645825799999 64.0 
239.0 319.0 3.209669111847793 0.06807645825799999 64.0 
239.0 320.0 3.209669111847793 0.06807645825799999 64.0 
239.0 321.0 3.209669111847793 0.06807645825799999 64.0 
240.0 316.0 3.209669111847793 0.06807645825799999 64.0 
240.0 317.0 3.209669111847793 0.06807645825799999 64.0 
240.0 318.0 3.209669111847793 0.06807645825799999 64.0 
240.0 319.0 3.209669111847793 0.06807645825799999 64.0 
240.0 320.0 3.209669111847793 0.06807645825799999 64.0 
240.0 321.0 3.209669111847793 0.06807645825799999 64.0 
241.0 316.0 3.209669111847793 0.06807645825799999 64.0 
241.0 317.0 3.209669111847793 0.06807645825799999 64.0 
241.0 318.0 3.209669111847793 0.06807645825799999 64.0 
241.0 319.0 3.209669111847793 0.06807645825799999 64.0 
241.0 320.0 3.209669111847793 0.06807645825799999 64.0 
241.0 321.0 3.209669111847793 0.06807645825799999 64.0 
242.0 316.0 3.209669111847793 0.06807645825799999 64.0 
242.0 317.0 3.209669111847793 0.06807645825799999 64.0 
242.0 318.0 3.209669111847793 0.06807645825799999 64.0 
242.0 319.0 3.209669111847793 0.06807645825799999 64.0 
242.0 320.0 3.209669111847793 0.06807645825799999 64.0 
242.0 321.0 3.209669111847793 0.06807645825799999 64.0 
243.0 316.0 3.209669111847793 0.06807645825799999 64.0 
243.0 317.0 3.209669111847793 0.06807645825799999 64.0 
243.0 318.0 3.209669111847793 0.06807645825799999 64.0 
243.0 319.0 3.209669111847793 0.06807645825799999 64.0 
243.0 320.0 3.209669111847793 0.06807645825799999 64.0 
243.0 321.0 3.209669111847793 0.06807645825799999 64.0 
244.0 316.0 3.209669111847793 0.06807645825799999 64.0 
244.0 317.0 3.209669111847793 0.06807645825799999 64.0 
244.0 318.0 3.209669111847793 0.06807645825799999 64.0 
244.0 319.0 3.209669111847793 0.06807645825799999 64.0 
244.0 320.0 3.209669111847793 0.06807645825799999 64.0 
244.0 321.0 3.209669111847793 0.06807645825799999 64.0 
245.0 316.0 3.209669111847793 0.06807645825799999 64.0 
245.0 317.0 3.209669111847793 0.06807645825799999 64.0 
245.0 318.0 3.209669111847793 0.06807645825799999 64.0 
245.0 319.0 3.209669111847793 0.06807645825799999 64.0 
245.0 320.0 3.209669111847793 0.06807645825799999 64.0 
245.0 321.0 3.209669111847793 0.06807645825799999 64.0 
246.0 316.0 3.209669111847793 0.06807645825799999 64.0 
246.0 317.0 3.209669111847793 0.06807645825799999 64.0 
246.0 318.0 3.209669111847793 0.06807645825799999 64.0 
246.0 319.0 3.209669111847793 0.06807645825799999 64.0 
246.0 320.0 3.209669111847793 0.06807645825799999 64.0 
246.0 321.0 3.209669111847793 0.06807645825799999 64.0 
247.0 316.0 3.209669111847793 0.06807645825799999 64.0 
247.0 317.0 3.209669111847793 0.06807645825799999 64.0 
247.0 318.0 3.209669111847793 0.06807645825799999 64.0 
247.0 319.0 3.209669111847793 0.06807645825799999 64.0 
247.0 320.0 3.209669111847793 0.06807645825799999 64.0 
247.0 321.0 3.209669111847793 0.06807645825799999 64.0 
248.0 316.0 3.209669111847793 0.06807645825799999 64.0 
248.0 317.0 3.209669111847793 0.06807645825799999 64.0 
248.0 318.0 3.209669111847793 0.06807645825799999 64.0 
248.0 319.0 3.209669111847793 0.06807645825799999 64.0 
248.0 320.0 3.209669111847793 0.06807645825799999 64.0 
248.0 321.0 3.209669111847793 0.06807645825799999 64.0 
249.0 316.0 3.209669111847793 0.06807645825799999 64.0 
249.0 317.0 3.209669111847793 0.06807645825799999 64.0 
249.0 318.0 3.209669111847793 0.06807645825799999 64.0 
249.0 319.0 3.209669111847793 0.06807645825799999 64.0 
249.0 320.0 3.209669111847793 0.06807645825799999 64.0 
249.0 321.0 3.209669111847793 0.06807645825799999 64.0 
250.0 316.0 3.209669111847793 0.06807645825799999 64.0 
250.0 317.0 3.209669111847793 0.06807645825799999 64.0 
250.0 318.0 3.209669111847793 0.06807645825799999 64.0 
250.0 319.0 3.209669111847793 0.06807645825799999 64.0 
250.0 320.0 3.209669111847793 0.06807645825799999 64.0 
250.0 321.0 3.209669111847793 0.06807645825799999 64.0 
251.0 317.0 3.209669111847793 0.06807645825799999 64.0 
251.0 318.0 3.209669111847793 0.06807645825799999 64.0 
251.0 319.0 3.209669111847793 0.06807645825799999 64.0 
251.0 320.0 3.209669111847793 0.06807645825799999 64.0 
251.0 321.0 3.209669111847793 0.06807645825799999 64.0 
251.0 322.0 3.209669111847793 0.06807645825799999 64.0 
252.0 317.0 3.209669111847793 0.06807645825799999 64.0 
252.0 318.0 3.209669111847793 0.06807645825799999 64.0 
252.0 319.0 3.209669111847793 0.06807645825799999 64.0 
252.0 320.0 3.209669111847793 0.06807645825799999 64.0 
252.0 321.0 3.209669111847793 0.06807645825799999 64.0 
252.0 322.0 3.209669111847793 0.06807645825799999 64.0 
253.0 317.0 3.209669111847793 0.06807645825799999 64.0 
253.0 318.0 3.209669111847793 0.06807645825799999 64.0 
253.0 319.0 3.209669111847793 0.06807645825799999 64.0 
253.0 320.0 3.209669111847793 0.06807645825799999 64.0 
253.0 321.0 3.209669111847793 0.06807645825799999 64.0 
253.0 322.0 3.209669111847793 0.06807645825799999 64.0 
254.0 317.0 3.209669111847793 0.06807645825799999 64.0 
254.0 318.0 3.209669111847793 0.06807645825799999 64.0 
254.0 319.0 3.209669111847793 0.06807645825799999 64.0 
254.0 320.0 3.209669111847793 0.06807645825799999 64.0 
254.0 321.0 3.209669111847793 0.06807645825799999 64.0 
254.0 322.0 3.209669111847793 0.06807645825799999 64.0 
255.0 317.0 3.209669111847793 0.06807645825799999 64.0 
255.0 318.0 3.209669111847793 0.06807645825799999 64.0 
255.0 319.0 3.209669111847793 0.06807645825799999 64.0 
255.0 320.0 3.209669111847793 0.06807645825799999 64.0 
255.0 321.0 3.209669111847793 0.06807645825799999 64.0 
255.0 322.0 3.209669111847793 0.06807645825799999 64.0 
256.0 317.0 3.209669111847793 0.06807645825799999 64.0 
256.0 318.0 3.209669111847793 0.06807645825799999 64.0 
256.0 319.0 3.209669111847793 0.06807645825799999 64.0 
256.0 320.0 3.209669111847793 0.06807645825799999 64.0 
256.0 321.0 3.209669111847793 0.06807645825799999 64.0 
256.0 322.0 3.209669111847793 0.06807645825799999 64.0 
257.0 317.0 3.209669111847793 0.06807645825799999 64.0 
257.0 318.0 3.209669111847793 0.06807645825799999 64.0 
257.0 319.0 3.209669111847793 0.06807645825799999 64.0 
257.0 320.0 3.209669111847793 0.06807645825799999 64.0 
257.0 321.0 3.209669111847793 0.06807645825799999 64.0 
257.0 322.0 3.209669111847793 0.06807645825799999 64.0 
258.0 317.0 3.209669111847793 0.06807645825799999 64.0 
258.0 318.0 3.209669111847793 0.06807645825799999 64.0 
258.0 319.0 3.209669111847793 0.06807645825799999 64.0 
258.0 320.0 3.209669111847793 0.06807645825799999 64.0 
258.0 321.0 3.209669111847793 0.06807645825799999 64.0 
258.0 322.0 3.209669111847793 0.06807645825799999 64.0 
259.0 317.0 3.209669111847793 0.06807645825799999 64.0 
259.0 318.0 3.209669111847793 0.06807645825799999 64.0 
259.0 319.0 3.209669111847793 0.06807645825799999 64.0 
259.0 320.0 3.209669111847793 0.06807645825799999 64.0 
259.0 321.0 3.209669111847793 0.06807645825799999 64.0 
259.0 322.0 3.209669111847793 0.06807645825799999 64.0 
260.0 317.0 3.209669111847793 0.06807645825799999 64.0 
260.0 318.0 3.209669111847793 0.06807645825799999 64.0 
260.0 319.0 3.209669111847793 0.06807645825799999 64.0 
260.0 320.0 3.209669111847793 0.06807645825799999 64.0 
260.0 321.0 3.209669111847793 0.06807645825799999 64.0 
260.0 322.0 3.209669111847793 0.06807645825799999 64.0 
261.0 317.0 3.209669111847793 0.06807645825799999 64.0 
261.0 318.0 3.209669111847793 0.06807645825799999 64.0 
261.0 319.0 3.209669111847793 0.06807645825799999 64.0 
261.0 320.0 3.209669111847793 0.06807645825799999 64.0 
261.0 321.0 3.209669111847793 0.06807645825799999 64.0 
261.0 322.0 3.209669111847793 0.06807645825799999 64.0 
262.0 317.0 3.209669111847793 0.06807645825799999 64.0 
262.0 318.0 3.209669111847793 0.06807645825799999 64.0 
262.0 319.0 3.209669111847793 0.06807645825799999 64.0 
262.0 320.0 3.209669111847793 0.06807645825799999 64.0 
262.0 321.0 3.209669111847793 0.06807645825799999 64.0 
262.0 322.0 3.209669111847793 0.06807645825799999 64.0 
263.0 317.0 3.209669111847793 0.06807645825799999 64.0 
263.0 318.0 3.209669111847793 0.06807645825799999 64.0 
263.0 319.0 3.209669111847793 0.06807645825799999 64.0 
263.0 320.0 3.209669111847793 0.06807645825799999 64.0 
263.0 321.0 3.209669111847793 0.06807645825799999 64.0 
263.0 322.0 3.209669111847793 0.06807645825799999 64.0 
264.0 317.0 3.209669111847793 0.06807645825799999 64.0 
264.0 318.0 3.209669111847793 0.06807645825799999 64.0 
264.0 319.0 3.209669111847793 0.06807645825799999 64.0 
264.0 320.0 3.209669111847793 0.06807645825799999 64.0 
264.0 321.0 3.209669111847793 0.06807645825799999 64.0 
264.0 322.0 3.209669111847793 0.06807645825799999 64.0 
265.0 317.0 3.209669111847793 0.06807645825799999 64.0 
265.0 318.0 3.209669111847793 0.06807645825799999 64.0 
265.0 319.0 3.209669111847793 0.06807645825799999 64.0 
265.0 320.0 3.209669111847793 0.06807645825799999 64.0 
265.0 321.0 3.209669111847793 0.06807645825799999 64.0 
265.0 322.0 3.209669111847793 0.06807645825799999 64.0 
266.0 318.0 3.209669111847793 0.06807645825799999 64.0 
266.0 319.0 3.209669111847793 0.06807645825799999 64.0 
266.0 320.0 3.209669111847793 0.06807645825799999 64.0 
266.0 321.0 3.209669111847793 0.06807645825799999 64.0 
266.0 322.0 3.209669111847793 0.06807645825799999 64.0 
266.0 323.0 3.209669111847793 0.06807645825799999 64.0 
267.0 318.0 3.209669111847793 0.06807645825799999 64.0 
267.0 319.0 3.209669111847793 0.06807645825799999 64.0 
267.0 320.0 3.209669111847793 0.06807645825799999 64.0 
267.0 321.0 3.209669111847793 0.06807645825799999 64.0 
267.0 322.0 3.209669111847793 0.06807645825799999 64.0 
267.0 323.0 3.209669111847793 0.06807645825799999 64.0 
268.0 318.0 3.209669111847793 0.06807645825799999 64.0 
268.0 319.0 3.209669111847793 0.06807645825799999 64.0 
268.0 320.0 3.209669111847793 0.06807645825799999 64.0 
268.0 321.0 3.209669111847793 0.06807645825799999 64.0 
268.0 322.0 3.209669111847793 0.06807645825799999 64.0 
268.0 323.0 3.209669111847793 0.06807645825799999 64.0 
269.0 318.0 3.209669111847793 0.06807645825799999 64.0 
269.0 319.0 3.209669111847793 0.06807645825799999 64.0 
269.0 320.0 3.209669111847793 0.06807645825799999 64.0 
269.0 321.0 3.209669111847793 0.06807645825799999 64.0 
269.0 322.0 3.209669111847793 0.06807645825799999 64.0 
269.0 323.0 3.209669111847793 0.06807645825799999 64.0 
270.0 318.0 3.209669111847793 0.06807645825799999 64.0 
270.0 319.0 3.209669111847793 0.06807645825799999 64.0 
270.0 320.0 3.209669111847793 0.06807645825799999 64.0 
270.0 321.0 3.209669111847793 0.06807645825799999 64.0 
270.0 322.0 3.209669111847793 0.06807645825799999 64.0 
270.0 323.0 3.209669111847793 0.06807645825799999 64.0 
271.0 318.0 3.209669111847793 0.06807645825799999 64.0 
271.0 319.0 3.209669111847793 0.06807645825799999 64.0 
271.0 320.0 3.209669111847793 0.06807645825799999 64.0 
271.0 321.0 3.209669111847793 0.06807645825799999 64.0 
271.0 322.0 3.209669111847793 0.06807645825799999 64.0 
271.0 323.0 3.209669111847793 0.06807645825799999 64.0 
272.0 318.0 3.209669111847793 0.06807645825799999 64.0 
272.0 319.0 3.209669111847793 0.06807645825799999 64.0 
272.0 320.0 3.209669111847793 0.06807645825799999 64.0 
272.0 321.0 3.209669111847793 0.06807645825799999 64.0 
272.0 322.0 3.209669111847793 0.06807645825799999 64.0 
272.0 323.0 3.209669111847793 0.06807645825799999 64.0 
273.0 318.0 3.209669111847793 0.06807645825799999 64.0 
273.0 319.0 3.209669111847793 0.06807645825799999 64.0 
273.0 320.0 3.209669111847793 0.06807645825799999 64.0 
273.0 321.0 3.209669111847793 0.06807645825799999 64.0 
273.0 322.0 3.209669111847793 0.06807645825799999 64.0 
273.0 323.0 3.209669111847793 0.06807645825799999 64.0 
274.0 318.0 3.209669111847793 0.06807645825799999 64.0 
274.0 319.0 3.209669111847793 0.06807645825799999 64.0 
274.0 320.0 3.209669111847793 0.06807645825799999 64.0 
274.0 321.0 3.209669111847793 0.06807645825799999 64.0 
274.0 322.0 3.209669111847793 0.06807645825799999 64.0 
274.0 323.0 3.209669111847793 0.06807645825799999 64.0 
275.0 318.0 3.209669111847793 0.06807645825799999 64.0 
275.0 319.0 3.209669111847793 0.06807645825799999 64.0 
275.0 320.0 3.209669111847793 0.06807645825799999 64.0 
275.0 321.0 3.209669111847793 0.06807645825799999 64.0 
275.0 322.0 3.209669111847793 0.06807645825799999 64.0 
275.0 323.0 3.209669111847793 0.06807645825799999 64.0 
276.0 318.0 3.209669111847793 0.06807645825799999 64.0 
276.0 319.0 3.209669111847793 0.06807645825799999 64.0 
276.0 320.0 3.209669111847793 0.06807645825799999 64.0 
276.0 321.0 3.209669111847793 0.06807645825799999 64.0 
276.0 322.0 3.209669111847793 0.06807645825799999 64.0 
276.0 323.0 3.209669111847793 0.06807645825799999 64.0 
277.0 318.0 3.209669111847793 0.06807645825799999 64.0 
277.0 319.0 3.209669111847793 0.06807645825799999 64.0 
277.0 320.0 3.209669111847793 0.06807645825799999 64.0 
277.0 321.0 3.209669111847793 0.06807645825799999 64.0 
277.0 322.0 3.209669111847793 0.06807645825799999 64.0 
277.0 323.0 3.209669111847793 0.06807645825799999 64.0 
278.0 318.0 3.209669111847793 0.06807645825799999 64.0 
278.0 319.0 3.209669111847793 0.06807645825799999 64.0 
278.0 320.0 3.209669111847793 0.06807645825799999 64.0 
278.0 321.0 3.209669111847793 0.06807645825799999 64.0 
278.0 322.0 3.209669111847793 0.06807645825799999 64.0 
278.0 323.0 3.209669111847793 0.06807645825799999 64.0 
279.0 318.0 3.209669111847793 0.06807645825799999 64.0 
279.0 319.0 3.209669111847793 0.06807645825799999 64.0 
279.0 320.0 3.209669111847793 0.06807645825799999 64.0 
279.0 321.0 3.209669111847793 0.06807645825799999 64.0 
279.0 322.0 3.209669111847793 0.06807645825799999 64.0 
279.0 323.0 3.209669111847793 0.06807645825799999 64.0 
280.0 318.0 3.209669111847793 0.06807645825799999 64.0 
280.0 319.0 3.209669111847793 0.06807645825799999 64.0 
280.0 320.0 3.209669111847793 0.06807645825799999 64.0 
