222.0 311.0 2.779048416325286 5.920641069915078 36.0 
222.0 312.0 2.779048416325286 5.920641069915078 36.0 
222.0 313.0 2.779048416325286 5.920641069915078 36.0 
223.0 311.0 2.779048416325286 5.920641069915078 36.0 
223.0 312.0 2.779048416325286 5.920641069915078 36.0 
223.0 313.0 2.779048416325286 5.920641069915078 36.0 
223.0 314.0 2.779048416325286 5.920641069915078 36.0 
223.0 315.0 2.779048416325286 5.920641069915078 36.0 
223.0 316.0 2.779048416325286 5.920641069915078 36.0 
224.0 311.0 2.779048416325286 5.920641069915078 36.0 
224.0 312.0 2.779048416325286 5.920641069915078 36.0 
224.0 313.0 2.779048416325286 5.920641069915078 36.0 
224.0 314.0 2.779048416325286 5.920641069915078 36.0 
224.0 315.0 2.779048416325286 5.920641069915078 36.0 
224.0 316.0 2.779048416325286 5.920641069915078 36.0 
225.0 310.0 2.779048416325286 5.920641069915078 36.0 
225.0 311.0 2.779048416325286 5.920641069915078 36.0 
225.0 312.0 2.779048416325286 5.920641069915078 36.0 
225.0 313.0 2.779048416325286 5.920641069915078 36.0 
225.0 314.0 2.779048416325286 5.920641069915078 36.0 
225.0 315.0 2.779048416325286 5.920641069915078 36.0 
225.0 316.0 2.779048416325286 5.920641069915078 36.0 
226.0 310.0 2.779048416325286 5.920641069915078 36.0 
226.0 311.0 2.779048416325286 5.920641069915078 36.0 
226.0 312.0 2.779048416325286 5.920641069915078 36.0 
226.0 313.0 2.779048416325286 5.920641069915078 36.0 
226.0 314.0 2.779048416325286 5.920641069915078 36.0 
226.0 315.0 2.779048416325286 5.920641069915078 36.0 
227.0 309.0 2.779048416325286 5.920641069915078 36.0 
227.0 310.0 2.779048416325286 5.920641069915078 36.0 
227.0 311.0 2.779048416325286 5.920641069915078 36.0 
227.0 312.0 2.779048416325286 5.920641069915078 36.0 
227.0 313.0 2.779048416325286 5.920641069915078 36.0 
227.0 314.0 2.779048416325286 5.920641069915078 36.0 
227.0 315.0 2.779048416325286 5.920641069915078 36.0 
228.0 309.0 2.779048416325286 5.920641069915078 36.0 
228.0 310.0 2.779048416325286 5.920641069915078 36.0 
228.0 311.0 2.779048416325286 5.920641069915078 36.0 
228.0 312.0 2.779048416325286 5.920641069915078 36.0 
228.0 313.0 2.779048416325286 5.920641069915078 36.0 
228.0 314.0 2.779048416325286 5.920641069915078 36.0 
229.0 309.0 2.779048416325286 5.920641069915078 36.0 
229.0 310.0 2.779048416325286 5.920641069915078 36.0 
229.0 311.0 2.779048416325286 5.920641069915078 36.0 
229.0 312.0 2.779048416325286 5.920641069915078 36.0 
229.0 313.0 2.779048416325286 5.920641069915078 36.0 
229.0 314.0 2.779048416325286 5.920641069915078 36.0 
230.0 308.0 2.779048416325286 5.920641069915078 36.0 
230.0 309.0 2.779048416325286 5.920641069915078 36.0 
230.0 310.0 2.779048416325286 5.920641069915078 36.0 
230.0 311.0 2.779048416325286 5.920641069915078 36.0 
230.0 312.0 2.779048416325286 5.920641069915078 36.0 
230.0 313.0 2.779048416325286 5.920641069915078 36.0 
230.0 314.0 2.779048416325286 5.920641069915078 36.0 
231.0 308.0 2.779048416325286 5.920641069915078 36.0 
231.0 309.0 2.779048416325286 5.920641069915078 36.0 
231.0 310.0 2.779048416325286 5.920641069915078 36.0 
231.0 311.0 2.779048416325286 5.920641069915078 36.0 
231.0 312.0 2.779048416325286 5.920641069915078 36.0 
231.0 313.0 2.779048416325286 5.920641069915078 36.0 
232.0 307.0 2.779048416325286 5.920641069915078 36.0 
232.0 308.0 2.779048416325286 5.920641069915078 36.0 
232.0 309.0 2.779048416325286 5.920641069915078 36.0 
232.0 310.0 2.779048416325286 5.920641069915078 36.0 
232.0 311.0 2.779048416325286 5.920641069915078 36.0 
232.0 312.0 2.779048416325286 5.920641069915078 36.0 
232.0 313.0 2.779048416325286 5.920641069915078 36.0 
233.0 307.0 2.779048416325286 5.920641069915078 36.0 
233.0 308.0 2.779048416325286 5.920641069915078 36.0 
233.0 309.0 2.779048416325286 5.920641069915078 36.0 
233.0 310.0 2.779048416325286 5.920641069915078 36.0 
233.0 311.0 2.779048416325286 5.920641069915078 36.0 
233.0 312.0 2.779048416325286 5.920641069915078 36.0 
233.0 313.0 2.779048416325286 5.920641069915078 36.0 
234.0 307.0 2.779048416325286 5.920641069915078 36.0 
234.0 308.0 2.779048416325286 5.920641069915078 36.0 
234.0 309.0 2.779048416325286 5.920641069915078 36.0 
234.0 310.0 2.779048416325286 5.920641069915078 36.0 
234.0 311.0 2.779048416325286 5.920641069915078 36.0 
234.0 312.0 2.779048416325286 5.920641069915078 36.0 
235.0 306.0 2.779048416325286 5.920641069915078 36.0 
235.0 307.0 2.779048416325286 5.920641069915078 36.0 
235.0 308.0 2.779048416325286 5.920641069915078 36.0 
235.0 309.0 2.779048416325286 5.920641069915078 36.0 
235.0 310.0 2.779048416325286 5.920641069915078 36.0 
235.0 311.0 2.779048416325286 5.920641069915078 36.0 
235.0 312.0 2.779048416325286 5.920641069915078 36.0 
236.0 306.0 2.779048416325286 5.920641069915078 36.0 
236.0 307.0 2.779048416325286 5.920641069915078 36.0 
236.0 308.0 2.779048416325286 5.920641069915078 36.0 
236.0 309.0 2.779048416325286 5.920641069915078 36.0 
236.0 310.0 2.779048416325286 5.920641069915078 36.0 
236.0 311.0 2.779048416325286 5.920641069915078 36.0 
237.0 306.0 2.779048416325286 5.920641069915078 36.0 
237.0 307.0 2.779048416325286 5.920641069915078 36.0 
237.0 308.0 2.779048416325286 5.920641069915078 36.0 
237.0 309.0 2.779048416325286 5.920641069915078 36.0 
237.0 310.0 2.779048416325286 5.920641069915078 36.0 
237.0 311.0 2.779048416325286 5.920641069915078 36.0 
238.0 305.0 2.779048416325286 5.920641069915078 36.0 
238.0 306.0 2.779048416325286 5.920641069915078 36.0 
238.0 307.0 2.779048416325286 5.920641069915078 36.0 
238.0 308.0 2.779048416325286 5.920641069915078 36.0 
238.0 309.0 2.779048416325286 5.920641069915078 36.0 
238.0 310.0 2.779048416325286 5.920641069915078 36.0 
238.0 311.0 2.779048416325286 5.920641069915078 36.0 
239.0 305.0 2.779048416325286 5.920641069915078 36.0 
239.0 306.0 2.779048416325286 5.920641069915078 36.0 
239.0 307.0 2.779048416325286 5.920641069915078 36.0 
239.0 308.0 2.779048416325286 5.920641069915078 36.0 
239.0 309.0 2.779048416325286 5.920641069915078 36.0 
239.0 310.0 2.779048416325286 5.920641069915078 36.0 
240.0 304.0 2.779048416325286 5.920641069915078 36.0 
240.0 305.0 2.779048416325286 5.920641069915078 36.0 
240.0 306.0 2.779048416325286 5.920641069915078 36.0 
240.0 307.0 2.779048416325286 5.920641069915078 36.0 
240.0 308.0 2.779048416325286 5.920641069915078 36.0 
240.0 309.0 2.779048416325286 5.920641069915078 36.0 
240.0 310.0 2.779048416325286 5.920641069915078 36.0 
241.0 304.0 2.779048416325286 5.920641069915078 36.0 
241.0 305.0 2.779048416325286 5.920641069915078 36.0 
241.0 306.0 2.779048416325286 5.920641069915078 36.0 
241.0 307.0 2.779048416325286 5.920641069915078 36.0 
241.0 308.0 2.779048416325286 5.920641069915078 36.0 
241.0 309.0 2.779048416325286 5.920641069915078 36.0 
241.0 310.0 2.779048416325286 5.920641069915078 36.0 
242.0 304.0 2.779048416325286 5.920641069915078 36.0 
242.0 305.0 2.779048416325286 5.920641069915078 36.0 
242.0 306.0 2.779048416325286 5.920641069915078 36.0 
242.0 307.0 2.779048416325286 5.920641069915078 36.0 
242.0 308.0 2.779048416325286 5.920641069915078 36.0 
242.0 309.0 2.779048416325286 5.920641069915078 36.0 
243.0 303.0 2.779048416325286 5.920641069915078 36.0 
243.0 304.0 2.779048416325286 5.920641069915078 36.0 
243.0 305.0 2.779048416325286 5.920641069915078 36.0 
243.0 306.0 2.779048416325286 5.920641069915078 36.0 
243.0 307.0 2.779048416325286 5.920641069915078 36.0 
243.0 308.0 2.779048416325286 5.920641069915078 36.0 
243.0 309.0 2.779048416325286 5.920641069915078 36.0 
244.0 303.0 2.779048416325286 5.920641069915078 36.0 
244.0 304.0 2.779048416325286 5.920641069915078 36.0 
244.0 305.0 2.779048416325286 5.920641069915078 36.0 
244.0 306.0 2.779048416325286 5.920641069915078 36.0 
244.0 307.0 2.779048416325286 5.920641069915078 36.0 
244.0 308.0 2.779048416325286 5.920641069915078 36.0 
245.0 303.0 2.779048416325286 5.920641069915078 36.0 
245.0 304.0 2.779048416325286 5.920641069915078 36.0 
245.0 305.0 2.779048416325286 5.920641069915078 36.0 
245.0 306.0 2.779048416325286 5.920641069915078 36.0 
245.0 307.0 2.779048416325286 5.920641069915078 36.0 
245.0 308.0 2.779048416325286 5.920641069915078 36.0 
246.0 302.0 2.779048416325286 5.920641069915078 36.0 
246.0 303.0 2.779048416325286 5.920641069915078 36.0 
246.0 304.0 2.779048416325286 5.920641069915078 36.0 
246.0 305.0 2.779048416325286 5.920641069915078 36.0 
246.0 306.0 2.779048416325286 5.920641069915078 36.0 
246.0 307.0 2.779048416325286 5.920641069915078 36.0 
246.0 308.0 2.779048416325286 5.920641069915078 36.0 
247.0 302.0 2.779048416325286 5.920641069915078 36.0 
247.0 303.0 2.779048416325286 5.920641069915078 36.0 
247.0 304.0 2.779048416325286 5.920641069915078 36.0 
247.0 305.0 2.779048416325286 5.920641069915078 36.0 
247.0 306.0 2.779048416325286 5.920641069915078 36.0 
247.0 307.0 2.779048416325286 5.920641069915078 36.0 
248.0 301.0 2.779048416325286 5.920641069915078 36.0 
248.0 302.0 2.779048416325286 5.920641069915078 36.0 
248.0 303.0 2.779048416325286 5.920641069915078 36.0 
248.0 304.0 2.779048416325286 5.920641069915078 36.0 
248.0 305.0 2.779048416325286 5.920641069915078 36.0 
248.0 306.0 2.779048416325286 5.920641069915078 36.0 
248.0 307.0 2.779048416325286 5.920641069915078 36.0 
249.0 301.0 2.779048416325286 5.920641069915078 36.0 
249.0 302.0 2.779048416325286 5.920641069915078 36.0 
249.0 303.0 2.779048416325286 5.920641069915078 36.0 
249.0 304.0 2.779048416325286 5.920641069915078 36.0 
249.0 305.0 2.779048416325286 5.920641069915078 36.0 
249.0 306.0 2.779048416325286 5.920641069915078 36.0 
250.0 301.0 2.779048416325286 5.920641069915078 36.0 
250.0 302.0 2.779048416325286 5.920641069915078 36.0 
250.0 303.0 2.779048416325286 5.920641069915078 36.0 
250.0 304.0 2.779048416325286 5.920641069915078 36.0 
250.0 305.0 2.779048416325286 5.920641069915078 36.0 
250.0 306.0 2.779048416325286 5.920641069915078 36.0 
251.0 300.0 2.779048416325286 5.920641069915078 36.0 
251.0 301.0 2.779048416325286 5.920641069915078 36.0 
251.0 302.0 2.779048416325286 5.920641069915078 36.0 
251.0 303.0 2.779048416325286 5.920641069915078 36.0 
251.0 304.0 2.779048416325286 5.920641069915078 36.0 
251.0 305.0 2.779048416325286 5.920641069915078 36.0 
251.0 306.0 2.779048416325286 5.920641069915078 36.0 
252.0 300.0 2.779048416325286 5.920641069915078 36.0 
252.0 301.0 2.779048416325286 5.920641069915078 36.0 
252.0 302.0 2.779048416325286 5.920641069915078 36.0 
252.0 303.0 2.779048416325286 5.920641069915078 36.0 
252.0 304.0 2.779048416325286 5.920641069915078 36.0 
252.0 305.0 2.779048416325286 5.920641069915078 36.0 
253.0 300.0 2.779048416325286 5.920641069915078 36.0 
253.0 301.0 2.779048416325286 5.920641069915078 36.0 
253.0 302.0 2.779048416325286 5.920641069915078 36.0 
253.0 303.0 2.779048416325286 5.920641069915078 36.0 
253.0 304.0 2.779048416325286 5.920641069915078 36.0 
253.0 305.0 2.779048416325286 5.920641069915078 36.0 
254.0 299.0 2.779048416325286 5.920641069915078 36.0 
254.0 300.0 2.779048416325286 5.920641069915078 36.0 
254.0 301.0 2.779048416325286 5.920641069915078 36.0 
254.0 302.0 2.779048416325286 5.920641069915078 36.0 
254.0 303.0 2.779048416325286 5.920641069915078 36.0 
254.0 304.0 2.779048416325286 5.920641069915078 36.0 
254.0 305.0 2.779048416325286 5.920641069915078 36.0 
255.0 299.0 2.779048416325286 5.920641069915078 36.0 
255.0 300.0 2.779048416325286 5.920641069915078 36.0 
255.0 301.0 2.779048416325286 5.920641069915078 36.0 
255.0 302.0 2.779048416325286 5.920641069915078 36.0 
255.0 303.0 2.779048416325286 5.920641069915078 36.0 
255.0 304.0 2.779048416325286 5.920641069915078 36.0 
256.0 298.0 2.779048416325286 5.920641069915078 36.0 
256.0 299.0 2.779048416325286 5.920641069915078 36.0 
256.0 300.0 2.779048416325286 5.920641069915078 36.0 
256.0 301.0 2.779048416325286 5.920641069915078 36.0 
256.0 302.0 2.779048416325286 5.920641069915078 36.0 
256.0 303.0 2.779048416325286 5.920641069915078 36.0 
256.0 304.0 2.779048416325286 5.920641069915078 36.0 
257.0 298.0 2.779048416325286 5.920641069915078 36.0 
257.0 299.0 2.779048416325286 5.920641069915078 36.0 
257.0 300.0 2.779048416325286 5.920641069915078 36.0 
257.0 301.0 2.779048416325286 5.920641069915078 36.0 
257.0 302.0 2.779048416325286 5.920641069915078 36.0 
257.0 303.0 2.779048416325286 5.920641069915078 36.0 
258.0 298.0 2.779048416325286 5.920641069915078 36.0 
258.0 299.0 2.779048416325286 5.920641069915078 36.0 
258.0 300.0 2.779048416325286 5.920641069915078 36.0 
258.0 301.0 2.779048416325286 5.920641069915078 36.0 
258.0 302.0 2.779048416325286 5.920641069915078 36.0 
258.0 303.0 2.779048416325286 5.920641069915078 36.0 
259.0 297.0 2.779048416325286 5.920641069915078 36.0 
259.0 298.0 2.779048416325286 5.920641069915078 36.0 
259.0 299.0 2.779048416325286 5.920641069915078 36.0 
259.0 300.0 2.779048416325286 5.920641069915078 36.0 
259.0 301.0 2.779048416325286 5.920641069915078 36.0 
259.0 302.0 2.779048416325286 5.920641069915078 36.0 
259.0 303.0 2.779048416325286 5.920641069915078 36.0 
260.0 297.0 2.779048416325286 5.920641069915078 36.0 
260.0 298.0 2.779048416325286 5.920641069915078 36.0 
260.0 299.0 2.779048416325286 5.920641069915078 36.0 
260.0 300.0 2.779048416325286 5.920641069915078 36.0 
260.0 301.0 2.779048416325286 5.920641069915078 36.0 
260.0 302.0 2.779048416325286 5.920641069915078 36.0 
261.0 296.0 2.779048416325286 5.920641069915078 36.0 
261.0 297.0 2.779048416325286 5.920641069915078 36.0 
261.0 298.0 2.779048416325286 5.920641069915078 36.0 
261.0 299.0 2.779048416325286 5.920641069915078 36.0 
261.0 300.0 2.779048416325286 5.920641069915078 36.0 
261.0 301.0 2.779048416325286 5.920641069915078 36.0 
261.0 302.0 2.779048416325286 5.920641069915078 36.0 
262.0 296.0 2.779048416325286 5.920641069915078 36.0 
262.0 297.0 2.779048416325286 5.920641069915078 36.0 
262.0 298.0 2.779048416325286 5.920641069915078 36.0 
262.0 299.0 2.779048416325286 5.920641069915078 36.0 
262.0 300.0 2.779048416325286 5.920641069915078 36.0 
262.0 301.0 2.779048416325286 5.920641069915078 36.0 
262.0 302.0 2.779048416325286 5.920641069915078 36.0 
263.0 296.0 2.779048416325286 5.920641069915078 36.0 
263.0 297.0 2.779048416325286 5.920641069915078 36.0 
263.0 298.0 2.779048416325286 5.920641069915078 36.0 
263.0 299.0 2.779048416325286 5.920641069915078 36.0 
263.0 300.0 2.779048416325286 5.920641069915078 36.0 
263.0 301.0 2.779048416325286 5.920641069915078 36.0 
264.0 295.0 2.779048416325286 5.920641069915078 36.0 
264.0 296.0 2.779048416325286 5.920641069915078 36.0 
264.0 297.0 2.779048416325286 5.920641069915078 36.0 
264.0 298.0 2.779048416325286 5.920641069915078 36.0 
264.0 299.0 2.779048416325286 5.920641069915078 36.0 
264.0 300.0 2.779048416325286 5.920641069915078 36.0 
264.0 301.0 2.779048416325286 5.920641069915078 36.0 
265.0 295.0 2.779048416325286 5.920641069915078 36.0 
265.0 296.0 2.779048416325286 5.920641069915078 36.0 
265.0 297.0 2.779048416325286 5.920641069915078 36.0 
265.0 298.0 2.779048416325286 5.920641069915078 36.0 
265.0 299.0 2.779048416325286 5.920641069915078 36.0 
265.0 300.0 2.779048416325286 5.920641069915078 36.0 
266.0 295.0 2.779048416325286 5.920641069915078 36.0 
266.0 296.0 2.779048416325286 5.920641069915078 36.0 
266.0 297.0 2.779048416325286 5.920641069915078 36.0 
266.0 298.0 2.779048416325286 5.920641069915078 36.0 
266.0 299.0 2.779048416325286 5.920641069915078 36.0 
266.0 300.0 2.779048416325286 5.920641069915078 36.0 
267.0 294.0 2.779048416325286 5.920641069915078 36.0 
267.0 295.0 2.779048416325286 5.920641069915078 36.0 
267.0 296.0 2.779048416325286 5.920641069915078 36.0 
267.0 297.0 2.779048416325286 5.920641069915078 36.0 
267.0 298.0 2.779048416325286 5.920641069915078 36.0 
267.0 299.0 2.779048416325286 5.920641069915078 36.0 
267.0 300.0 2.779048416325286 5.920641069915078 36.0 
268.0 294.0 2.779048416325286 5.920641069915078 36.0 
268.0 295.0 2.779048416325286 5.920641069915078 36.0 
268.0 296.0 2.779048416325286 5.920641069915078 36.0 
268.0 297.0 2.779048416325286 5.920641069915078 36.0 
268.0 298.0 2.779048416325286 5.920641069915078 36.0 
268.0 299.0 2.779048416325286 5.920641069915078 36.0 
269.0 293.0 2.779048416325286 5.920641069915078 36.0 
269.0 294.0 2.779048416325286 5.920641069915078 36.0 
269.0 295.0 2.779048416325286 5.920641069915078 36.0 
269.0 296.0 2.779048416325286 5.920641069915078 36.0 
269.0 297.0 2.779048416325286 5.920641069915078 36.0 
269.0 298.0 2.779048416325286 5.920641069915078 36.0 
269.0 299.0 2.779048416325286 5.920641069915078 36.0 
270.0 293.0 2.779048416325286 5.920641069915078 36.0 
270.0 294.0 2.779048416325286 5.920641069915078 36.0 
270.0 295.0 2.779048416325286 5.920641069915078 36.0 
270.0 296.0 2.779048416325286 5.920641069915078 36.0 
270.0 297.0 2.779048416325286 5.920641069915078 36.0 
270.0 298.0 2.779048416325286 5.920641069915078 36.0 
270.0 299.0 2.779048416325286 5.920641069915078 36.0 
271.0 293.0 2.779048416325286 5.920641069915078 36.0 
271.0 294.0 2.779048416325286 5.920641069915078 36.0 
271.0 295.0 2.779048416325286 5.920641069915078 36.0 
271.0 296.0 2.779048416325286 5.920641069915078 36.0 
271.0 297.0 2.779048416325286 5.920641069915078 36.0 
271.0 298.0 2.779048416325286 5.920641069915078 36.0 
272.0 292.0 2.779048416325286 5.920641069915078 36.0 
272.0 293.0 2.779048416325286 5.920641069915078 36.0 
272.0 294.0 2.779048416325286 5.920641069915078 36.0 
272.0 295.0 2.779048416325286 5.920641069915078 36.0 
272.0 296.0 2.779048416325286 5.920641069915078 36.0 
272.0 297.0 2.779048416325286 5.920641069915078 36.0 
272.0 298.0 2.779048416325286 5.920641069915078 36.0 
273.0 292.0 2.779048416325286 5.920641069915078 36.0 
273.0 293.0 2.779048416325286 5.920641069915078 36.0 
273.0 294.0 2.779048416325286 5.920641069915078 36.0 
273.0 295.0 2.779048416325286 5.920641069915078 36.0 
273.0 296.0 2.779048416325286 5.920641069915078 36.0 
273.0 297.0 2.779048416325286 5.920641069915078 36.0 
274.0 292.0 2.779048416325286 5.920641069915078 36.0 
274.0 293.0 2.779048416325286 5.920641069915078 36.0 
274.0 294.0 2.779048416325286 5.920641069915078 36.0 
274.0 295.0 2.779048416325286 5.920641069915078 36.0 
274.0 296.0 2.779048416325286 5.920641069915078 36.0 
274.0 297.0 2.779048416325286 5.920641069915078 36.0 
275.0 291.0 2.779048416325286 5.920641069915078 36.0 
275.0 292.0 2.779048416325286 5.920641069915078 36.0 
275.0 293.0 2.779048416325286 5.920641069915078 36.0 
275.0 294.0 2.779048416325286 5.920641069915078 36.0 
275.0 295.0 2.779048416325286 5.920641069915078 36.0 
275.0 296.0 2.779048416325286 5.920641069915078 36.0 
275.0 297.0 2.779048416325286 5.920641069915078 36.0 
276.0 291.0 2.779048416325286 5.920641069915078 36.0 
276.0 292.0 2.779048416325286 5.920641069915078 36.0 
276.0 293.0 2.779048416325286 5.920641069915078 36.0 
276.0 294.0 2.779048416325286 5.920641069915078 36.0 
276.0 295.0 2.779048416325286 5.920641069915078 36.0 
276.0 296.0 2.779048416325286 5.920641069915078 36.0 
277.0 290.0 2.779048416325286 5.920641069915078 36.0 
277.0 291.0 2.779048416325286 5.920641069915078 36.0 
277.0 292.0 2.779048416325286 5.920641069915078 36.0 
277.0 293.0 2.779048416325286 5.920641069915078 36.0 
277.0 294.0 2.779048416325286 5.920641069915078 36.0 
277.0 295.0 2.779048416325286 5.920641069915078 36.0 
277.0 296.0 2.779048416325286 5.920641069915078 36.0 
278.0 290.0 2.779048416325286 5.920641069915078 36.0 
278.0 291.0 2.779048416325286 5.920641069915078 36.0 
278.0 292.0 2.779048416325286 5.920641069915078 36.0 
278.0 293.0 2.779048416325286 5.920641069915078 36.0 
278.0 294.0 2.779048416325286 5.920641069915078 36.0 
278.0 295.0 2.779048416325286 5.920641069915078 36.0 
279.0 290.0 2.779048416325286 5.920641069915078 36.0 
279.0 291.0 2.779048416325286 5.920641069915078 36.0 
279.0 292.0 2.779048416325286 5.920641069915078 36.0 
279.0 293.0 2.779048416325286 5.920641069915078 36.0 
279.0 294.0 2.779048416325286 5.920641069915078 36.0 
279.0 295.0 2.779048416325286 5.920641069915078 36.0 
280.0 292.0 2.779048416325286 5.920641069915078 36.0 
280.0 293.0 2.779048416325286 5.920641069915078 36.0 
280.0 294.0 2.779048416325286 5.920641069915078 36.0 
280.0 295.0 2.779048416325286 5.920641069915078 36.0 
