224.0 326.0 2.9869921081585935 6.128584761748386 44.0 
224.0 327.0 2.9869921081585935 6.128584761748386 44.0 
224.0 328.0 2.9869921081585935 6.128584761748386 44.0 
225.0 326.0 2.9869921081585935 6.128584761748386 44.0 
225.0 327.0 2.9869921081585935 6.128584761748386 44.0 
225.0 328.0 2.9869921081585935 6.128584761748386 44.0 
225.0 329.0 2.9869921081585935 6.128584761748386 44.0 
225.0 330.0 2.9869921081585935 6.128584761748386 44.0 
225.0 331.0 2.9869921081585935 6.128584761748386 44.0 
226.0 326.0 2.9869921081585935 6.128584761748386 44.0 
226.0 327.0 2.9869921081585935 6.128584761748386 44.0 
226.0 328.0 2.9869921081585935 6.128584761748386 44.0 
226.0 329.0 2.9869921081585935 6.128584761748386 44.0 
226.0 330.0 2.9869921081585935 6.128584761748386 44.0 
226.0 331.0 2.9869921081585935 6.128584761748386 44.0 
227.0 326.0 2.9869921081585935 6.128584761748386 44.0 
227.0 327.0 2.9869921081585935 6.128584761748386 44.0 
227.0 328.0 2.9869921081585935 6.128584761748386 44.0 
227.0 329.0 2.9869921081585935 6.128584761748386 44.0 
227.0 330.0 2.9869921081585935 6.128584761748386 44.0 
227.0 331.0 2.9869921081585935 6.128584761748386 44.0 
228.0 326.0 2.9869921081585935 6.128584761748386 44.0 
228.0 327.0 2.9869921081585935 6.128584761748386 44.0 
228.0 328.0 2.9869921081585935 6.128584761748386 44.0 
228.0 329.0 2.9869921081585935 6.128584761748386 44.0 
228.0 330.0 2.9869921081585935 6.128584761748386 44.0 
228.0 331.0 2.9869921081585935 6.128584761748386 44.0 
229.0 326.0 2.9869921081585935 6.128584761748386 44.0 
229.0 327.0 2.9869921081585935 6.128584761748386 44.0 
229.0 328.0 2.9869921081585935 6.128584761748386 44.0 
229.0 329.0 2.9869921081585935 6.128584761748386 44.0 
229.0 330.0 2.9869921081585935 6.128584761748386 44.0 
229.0 331.0 2.9869921081585935 6.128584761748386 44.0 
230.0 326.0 2.9869921081585935 6.128584761748386 44.0 
230.0 327.0 2.9869921081585935 6.128584761748386 44.0 
230.0 328.0 2.9869921081585935 6.128584761748386 44.0 
230.0 329.0 2.9869921081585935 6.128584761748386 44.0 
230.0 330.0 2.9869921081585935 6.128584761748386 44.0 
230.0 331.0 2.9869921081585935 6.128584761748386 44.0 
231.0 325.0 2.9869921081585935 6.128584761748386 44.0 
231.0 326.0 2.9869921081585935 6.128584761748386 44.0 
231.0 327.0 2.9869921081585935 6.128584761748386 44.0 
231.0 328.0 2.9869921081585935 6.128584761748386 44.0 
231.0 329.0 2.9869921081585935 6.128584761748386 44.0 
231.0 330.0 2.9869921081585935 6.128584761748386 44.0 
232.0 325.0 2.9869921081585935 6.128584761748386 44.0 
232.0 326.0 2.9869921081585935 6.128584761748386 44.0 
232.0 327.0 2.9869921081585935 6.128584761748386 44.0 
232.0 328.0 2.9869921081585935 6.128584761748386 44.0 
232.0 329.0 2.9869921081585935 6.128584761748386 44.0 
232.0 330.0 2.9869921081585935 6.128584761748386 44.0 
233.0 325.0 2.9869921081585935 6.128584761748386 44.0 
233.0 326.0 2.9869921081585935 6.128584761748386 44.0 
233.0 327.0 2.9869921081585935 6.128584761748386 44.0 
233.0 328.0 2.9869921081585935 6.128584761748386 44.0 
233.0 329.0 2.9869921081585935 6.128584761748386 44.0 
233.0 330.0 2.9869921081585935 6.128584761748386 44.0 
234.0 325.0 2.9869921081585935 6.128584761748386 44.0 
234.0 326.0 2.9869921081585935 6.128584761748386 44.0 
234.0 327.0 2.9869921081585935 6.128584761748386 44.0 
234.0 328.0 2.9869921081585935 6.128584761748386 44.0 
234.0 329.0 2.9869921081585935 6.128584761748386 44.0 
234.0 330.0 2.9869921081585935 6.128584761748386 44.0 
235.0 325.0 2.9869921081585935 6.128584761748386 44.0 
235.0 326.0 2.9869921081585935 6.128584761748386 44.0 
235.0 327.0 2.9869921081585935 6.128584761748386 44.0 
235.0 328.0 2.9869921081585935 6.128584761748386 44.0 
235.0 329.0 2.9869921081585935 6.128584761748386 44.0 
235.0 330.0 2.9869921081585935 6.128584761748386 44.0 
236.0 325.0 2.9869921081585935 6.128584761748386 44.0 
236.0 326.0 2.9869921081585935 6.128584761748386 44.0 
236.0 327.0 2.9869921081585935 6.128584761748386 44.0 
236.0 328.0 2.9869921081585935 6.128584761748386 44.0 
236.0 329.0 2.9869921081585935 6.128584761748386 44.0 
236.0 330.0 2.9869921081585935 6.128584761748386 44.0 
237.0 324.0 2.9869921081585935 6.128584761748386 44.0 
237.0 325.0 2.9869921081585935 6.128584761748386 44.0 
237.0 326.0 2.9869921081585935 6.128584761748386 44.0 
237.0 327.0 2.9869921081585935 6.128584761748386 44.0 
237.0 328.0 2.9869921081585935 6.128584761748386 44.0 
237.0 329.0 2.9869921081585935 6.128584761748386 44.0 
237.0 330.0 2.9869921081585935 6.128584761748386 44.0 
238.0 324.0 2.9869921081585935 6.128584761748386 44.0 
238.0 325.0 2.9869921081585935 6.128584761748386 44.0 
238.0 326.0 2.9869921081585935 6.128584761748386 44.0 
238.0 327.0 2.9869921081585935 6.128584761748386 44.0 
238.0 328.0 2.9869921081585935 6.128584761748386 44.0 
238.0 329.0 2.9869921081585935 6.128584761748386 44.0 
239.0 324.0 2.9869921081585935 6.128584761748386 44.0 
239.0 325.0 2.9869921081585935 6.128584761748386 44.0 
239.0 326.0 2.9869921081585935 6.128584761748386 44.0 
239.0 327.0 2.9869921081585935 6.128584761748386 44.0 
239.0 328.0 2.9869921081585935 6.128584761748386 44.0 
239.0 329.0 2.9869921081585935 6.128584761748386 44.0 
240.0 324.0 2.9869921081585935 6.128584761748386 44.0 
240.0 325.0 2.9869921081585935 6.128584761748386 44.0 
240.0 326.0 2.9869921081585935 6.128584761748386 44.0 
240.0 327.0 2.9869921081585935 6.128584761748386 44.0 
240.0 328.0 2.9869921081585935 6.128584761748386 44.0 
240.0 329.0 2.9869921081585935 6.128584761748386 44.0 
241.0 324.0 2.9869921081585935 6.128584761748386 44.0 
241.0 325.0 2.9869921081585935 6.128584761748386 44.0 
241.0 326.0 2.9869921081585935 6.128584761748386 44.0 
241.0 327.0 2.9869921081585935 6.128584761748386 44.0 
241.0 328.0 2.9869921081585935 6.128584761748386 44.0 
241.0 329.0 2.9869921081585935 6.128584761748386 44.0 
242.0 324.0 2.9869921081585935 6.128584761748386 44.0 
242.0 325.0 2.9869921081585935 6.128584761748386 44.0 
242.0 326.0 2.9869921081585935 6.128584761748386 44.0 
242.0 327.0 2.9869921081585935 6.128584761748386 44.0 
242.0 328.0 2.9869921081585935 6.128584761748386 44.0 
242.0 329.0 2.9869921081585935 6.128584761748386 44.0 
243.0 324.0 2.9869921081585935 6.128584761748386 44.0 
243.0 325.0 2.9869921081585935 6.128584761748386 44.0 
243.0 326.0 2.9869921081585935 6.128584761748386 44.0 
243.0 327.0 2.9869921081585935 6.128584761748386 44.0 
243.0 328.0 2.9869921081585935 6.128584761748386 44.0 
243.0 329.0 2.9869921081585935 6.128584761748386 44.0 
244.0 323.0 2.9869921081585935 6.128584761748386 44.0 
244.0 324.0 2.9869921081585935 6.128584761748386 44.0 
244.0 325.0 2.9869921081585935 6.128584761748386 44.0 
244.0 326.0 2.9869921081585935 6.128584761748386 44.0 
244.0 327.0 2.9869921081585935 6.128584761748386 44.0 
244.0 328.0 2.9869921081585935 6.128584761748386 44.0 
245.0 323.0 2.9869921081585935 6.128584761748386 44.0 
245.0 324.0 2.9869921081585935 6.128584761748386 44.0 
245.0 325.0 2.9869921081585935 6.128584761748386 44.0 
245.0 326.0 2.9869921081585935 6.128584761748386 44.0 
245.0 327.0 2.9869921081585935 6.128584761748386 44.0 
245.0 328.0 2.9869921081585935 6.128584761748386 44.0 
246.0 323.0 2.9869921081585935 6.128584761748386 44.0 
246.0 324.0 2.9869921081585935 6.128584761748386 44.0 
246.0 325.0 2.9869921081585935 6.128584761748386 44.0 
246.0 326.0 2.9869921081585935 6.128584761748386 44.0 
246.0 327.0 2.9869921081585935 6.128584761748386 44.0 
246.0 328.0 2.9869921081585935 6.128584761748386 44.0 
247.0 323.0 2.9869921081585935 6.128584761748386 44.0 
247.0 324.0 2.9869921081585935 6.128584761748386 44.0 
247.0 325.0 2.9869921081585935 6.128584761748386 44.0 
247.0 326.0 2.9869921081585935 6.128584761748386 44.0 
247.0 327.0 2.9869921081585935 6.128584761748386 44.0 
247.0 328.0 2.9869921081585935 6.128584761748386 44.0 
248.0 323.0 2.9869921081585935 6.128584761748386 44.0 
248.0 324.0 2.9869921081585935 6.128584761748386 44.0 
248.0 325.0 2.9869921081585935 6.128584761748386 44.0 
248.0 326.0 2.9869921081585935 6.128584761748386 44.0 
248.0 327.0 2.9869921081585935 6.128584761748386 44.0 
248.0 328.0 2.9869921081585935 6.128584761748386 44.0 
249.0 323.0 2.9869921081585935 6.128584761748386 44.0 
249.0 324.0 2.9869921081585935 6.128584761748386 44.0 
249.0 325.0 2.9869921081585935 6.128584761748386 44.0 
249.0 326.0 2.9869921081585935 6.128584761748386 44.0 
249.0 327.0 2.9869921081585935 6.128584761748386 44.0 
249.0 328.0 2.9869921081585935 6.128584761748386 44.0 
250.0 322.0 2.9869921081585935 6.128584761748386 44.0 
250.0 323.0 2.9869921081585935 6.128584761748386 44.0 
250.0 324.0 2.9869921081585935 6.128584761748386 44.0 
250.0 325.0 2.9869921081585935 6.128584761748386 44.0 
250.0 326.0 2.9869921081585935 6.128584761748386 44.0 
250.0 327.0 2.9869921081585935 6.128584761748386 44.0 
251.0 322.0 2.9869921081585935 6.128584761748386 44.0 
251.0 323.0 2.9869921081585935 6.128584761748386 44.0 
251.0 324.0 2.9869921081585935 6.128584761748386 44.0 
251.0 325.0 2.9869921081585935 6.128584761748386 44.0 
251.0 326.0 2.9869921081585935 6.128584761748386 44.0 
251.0 327.0 2.9869921081585935 6.128584761748386 44.0 
252.0 322.0 2.9869921081585935 6.128584761748386 44.0 
252.0 323.0 2.9869921081585935 6.128584761748386 44.0 
252.0 324.0 2.9869921081585935 6.128584761748386 44.0 
252.0 325.0 2.9869921081585935 6.128584761748386 44.0 
252.0 326.0 2.9869921081585935 6.128584761748386 44.0 
252.0 327.0 2.9869921081585935 6.128584761748386 44.0 
253.0 322.0 2.9869921081585935 6.128584761748386 44.0 
253.0 323.0 2.9869921081585935 6.128584761748386 44.0 
253.0 324.0 2.9869921081585935 6.128584761748386 44.0 
253.0 325.0 2.9869921081585935 6.128584761748386 44.0 
253.0 326.0 2.9869921081585935 6.128584761748386 44.0 
253.0 327.0 2.9869921081585935 6.128584761748386 44.0 
254.0 322.0 2.9869921081585935 6.128584761748386 44.0 
254.0 323.0 2.9869921081585935 6.128584761748386 44.0 
254.0 324.0 2.9869921081585935 6.128584761748386 44.0 
254.0 325.0 2.9869921081585935 6.128584761748386 44.0 
254.0 326.0 2.9869921081585935 6.128584761748386 44.0 
254.0 327.0 2.9869921081585935 6.128584761748386 44.0 
255.0 322.0 2.9869921081585935 6.128584761748386 44.0 
255.0 323.0 2.9869921081585935 6.128584761748386 44.0 
255.0 324.0 2.9869921081585935 6.128584761748386 44.0 
255.0 325.0 2.9869921081585935 6.128584761748386 44.0 
255.0 326.0 2.9869921081585935 6.128584761748386 44.0 
255.0 327.0 2.9869921081585935 6.128584761748386 44.0 
256.0 321.0 2.9869921081585935 6.128584761748386 44.0 
256.0 322.0 2.9869921081585935 6.128584761748386 44.0 
256.0 323.0 2.9869921081585935 6.128584761748386 44.0 
256.0 324.0 2.9869921081585935 6.128584761748386 44.0 
256.0 325.0 2.9869921081585935 6.128584761748386 44.0 
256.0 326.0 2.9869921081585935 6.128584761748386 44.0 
256.0 327.0 2.9869921081585935 6.128584761748386 44.0 
257.0 321.0 2.9869921081585935 6.128584761748386 44.0 
257.0 322.0 2.9869921081585935 6.128584761748386 44.0 
257.0 323.0 2.9869921081585935 6.128584761748386 44.0 
257.0 324.0 2.9869921081585935 6.128584761748386 44.0 
257.0 325.0 2.9869921081585935 6.128584761748386 44.0 
257.0 326.0 2.9869921081585935 6.128584761748386 44.0 
258.0 321.0 2.9869921081585935 6.128584761748386 44.0 
258.0 322.0 2.9869921081585935 6.128584761748386 44.0 
258.0 323.0 2.9869921081585935 6.128584761748386 44.0 
258.0 324.0 2.9869921081585935 6.128584761748386 44.0 
258.0 325.0 2.9869921081585935 6.128584761748386 44.0 
258.0 326.0 2.9869921081585935 6.128584761748386 44.0 
259.0 321.0 2.9869921081585935 6.128584761748386 44.0 
259.0 322.0 2.9869921081585935 6.128584761748386 44.0 
259.0 323.0 2.9869921081585935 6.128584761748386 44.0 
259.0 324.0 2.9869921081585935 6.128584761748386 44.0 
259.0 325.0 2.9869921081585935 6.128584761748386 44.0 
259.0 326.0 2.9869921081585935 6.128584761748386 44.0 
260.0 321.0 2.9869921081585935 6.128584761748386 44.0 
260.0 322.0 2.9869921081585935 6.128584761748386 44.0 
260.0 323.0 2.9869921081585935 6.128584761748386 44.0 
260.0 324.0 2.9869921081585935 6.128584761748386 44.0 
260.0 325.0 2.9869921081585935 6.128584761748386 44.0 
260.0 326.0 2.9869921081585935 6.128584761748386 44.0 
261.0 321.0 2.9869921081585935 6.128584761748386 44.0 
261.0 322.0 2.9869921081585935 6.128584761748386 44.0 
261.0 323.0 2.9869921081585935 6.128584761748386 44.0 
261.0 324.0 2.9869921081585935 6.128584761748386 44.0 
261.0 325.0 2.9869921081585935 6.128584761748386 44.0 
261.0 326.0 2.9869921081585935 6.128584761748386 44.0 
262.0 321.0 2.9869921081585935 6.128584761748386 44.0 
262.0 322.0 2.9869921081585935 6.128584761748386 44.0 
262.0 323.0 2.9869921081585935 6.128584761748386 44.0 
262.0 324.0 2.9869921081585935 6.128584761748386 44.0 
262.0 325.0 2.9869921081585935 6.128584761748386 44.0 
262.0 326.0 2.9869921081585935 6.128584761748386 44.0 
263.0 320.0 2.9869921081585935 6.128584761748386 44.0 
263.0 321.0 2.9869921081585935 6.128584761748386 44.0 
263.0 322.0 2.9869921081585935 6.128584761748386 44.0 
263.0 323.0 2.9869921081585935 6.128584761748386 44.0 
263.0 324.0 2.9869921081585935 6.128584761748386 44.0 
263.0 325.0 2.9869921081585935 6.128584761748386 44.0 
264.0 320.0 2.9869921081585935 6.128584761748386 44.0 
264.0 321.0 2.9869921081585935 6.128584761748386 44.0 
264.0 322.0 2.9869921081585935 6.128584761748386 44.0 
264.0 323.0 2.9869921081585935 6.128584761748386 44.0 
264.0 324.0 2.9869921081585935 6.128584761748386 44.0 
264.0 325.0 2.9869921081585935 6.128584761748386 44.0 
265.0 320.0 2.9869921081585935 6.128584761748386 44.0 
265.0 321.0 2.9869921081585935 6.128584761748386 44.0 
265.0 322.0 2.9869921081585935 6.128584761748386 44.0 
265.0 323.0 2.9869921081585935 6.128584761748386 44.0 
265.0 324.0 2.9869921081585935 6.128584761748386 44.0 
265.0 325.0 2.9869921081585935 6.128584761748386 44.0 
266.0 320.0 2.9869921081585935 6.128584761748386 44.0 
266.0 321.0 2.9869921081585935 6.128584761748386 44.0 
266.0 322.0 2.9869921081585935 6.128584761748386 44.0 
266.0 323.0 2.9869921081585935 6.128584761748386 44.0 
266.0 324.0 2.9869921081585935 6.128584761748386 44.0 
266.0 325.0 2.9869921081585935 6.128584761748386 44.0 
267.0 320.0 2.9869921081585935 6.128584761748386 44.0 
267.0 321.0 2.9869921081585935 6.128584761748386 44.0 
267.0 322.0 2.9869921081585935 6.128584761748386 44.0 
267.0 323.0 2.9869921081585935 6.128584761748386 44.0 
267.0 324.0 2.9869921081585935 6.128584761748386 44.0 
267.0 325.0 2.9869921081585935 6.128584761748386 44.0 
268.0 320.0 2.9869921081585935 6.128584761748386 44.0 
268.0 321.0 2.9869921081585935 6.128584761748386 44.0 
268.0 322.0 2.9869921081585935 6.128584761748386 44.0 
268.0 323.0 2.9869921081585935 6.128584761748386 44.0 
268.0 324.0 2.9869921081585935 6.128584761748386 44.0 
268.0 325.0 2.9869921081585935 6.128584761748386 44.0 
269.0 319.0 2.9869921081585935 6.128584761748386 44.0 
269.0 320.0 2.9869921081585935 6.128584761748386 44.0 
269.0 321.0 2.9869921081585935 6.128584761748386 44.0 
269.0 322.0 2.9869921081585935 6.128584761748386 44.0 
269.0 323.0 2.9869921081585935 6.128584761748386 44.0 
269.0 324.0 2.9869921081585935 6.128584761748386 44.0 
269.0 325.0 2.9869921081585935 6.128584761748386 44.0 
270.0 319.0 2.9869921081585935 6.128584761748386 44.0 
270.0 320.0 2.9869921081585935 6.128584761748386 44.0 
270.0 321.0 2.9869921081585935 6.128584761748386 44.0 
270.0 322.0 2.9869921081585935 6.128584761748386 44.0 
270.0 323.0 2.9869921081585935 6.128584761748386 44.0 
270.0 324.0 2.9869921081585935 6.128584761748386 44.0 
271.0 319.0 2.9869921081585935 6.128584761748386 44.0 
271.0 320.0 2.9869921081585935 6.128584761748386 44.0 
271.0 321.0 2.9869921081585935 6.128584761748386 44.0 
271.0 322.0 2.9869921081585935 6.128584761748386 44.0 
271.0 323.0 2.9869921081585935 6.128584761748386 44.0 
271.0 324.0 2.9869921081585935 6.128584761748386 44.0 
272.0 319.0 2.9869921081585935 6.128584761748386 44.0 
272.0 320.0 2.9869921081585935 6.128584761748386 44.0 
272.0 321.0 2.9869921081585935 6.128584761748386 44.0 
272.0 322.0 2.9869921081585935 6.128584761748386 44.0 
272.0 323.0 2.9869921081585935 6.128584761748386 44.0 
272.0 324.0 2.9869921081585935 6.128584761748386 44.0 
273.0 319.0 2.9869921081585935 6.128584761748386 44.0 
273.0 320.0 2.9869921081585935 6.128584761748386 44.0 
273.0 321.0 2.9869921081585935 6.128584761748386 44.0 
273.0 322.0 2.9869921081585935 6.128584761748386 44.0 
273.0 323.0 2.9869921081585935 6.128584761748386 44.0 
273.0 324.0 2.9869921081585935 6.128584761748386 44.0 
274.0 319.0 2.9869921081585935 6.128584761748386 44.0 
274.0 320.0 2.9869921081585935 6.128584761748386 44.0 
274.0 321.0 2.9869921081585935 6.128584761748386 44.0 
274.0 322.0 2.9869921081585935 6.128584761748386 44.0 
274.0 323.0 2.9869921081585935 6.128584761748386 44.0 
274.0 324.0 2.9869921081585935 6.128584761748386 44.0 
275.0 319.0 2.9869921081585935 6.128584761748386 44.0 
275.0 320.0 2.9869921081585935 6.128584761748386 44.0 
275.0 321.0 2.9869921081585935 6.128584761748386 44.0 
275.0 322.0 2.9869921081585935 6.128584761748386 44.0 
275.0 323.0 2.9869921081585935 6.128584761748386 44.0 
275.0 324.0 2.9869921081585935 6.128584761748386 44.0 
276.0 318.0 2.9869921081585935 6.128584761748386 44.0 
276.0 319.0 2.9869921081585935 6.128584761748386 44.0 
276.0 320.0 2.9869921081585935 6.128584761748386 44.0 
276.0 321.0 2.9869921081585935 6.128584761748386 44.0 
276.0 322.0 2.9869921081585935 6.128584761748386 44.0 
276.0 323.0 2.9869921081585935 6.128584761748386 44.0 
277.0 318.0 2.9869921081585935 6.128584761748386 44.0 
277.0 319.0 2.9869921081585935 6.128584761748386 44.0 
277.0 320.0 2.9869921081585935 6.128584761748386 44.0 
277.0 321.0 2.9869921081585935 6.128584761748386 44.0 
277.0 322.0 2.9869921081585935 6.128584761748386 44.0 
277.0 323.0 2.9869921081585935 6.128584761748386 44.0 
278.0 318.0 2.9869921081585935 6.128584761748386 44.0 
278.0 319.0 2.9869921081585935 6.128584761748386 44.0 
278.0 320.0 2.9869921081585935 6.128584761748386 44.0 
278.0 321.0 2.9869921081585935 6.128584761748386 44.0 
278.0 322.0 2.9869921081585935 6.128584761748386 44.0 
278.0 323.0 2.9869921081585935 6.128584761748386 44.0 
279.0 318.0 2.9869921081585935 6.128584761748386 44.0 
279.0 319.0 2.9869921081585935 6.128584761748386 44.0 
279.0 320.0 2.9869921081585935 6.128584761748386 44.0 
279.0 321.0 2.9869921081585935 6.128584761748386 44.0 
279.0 322.0 2.9869921081585935 6.128584761748386 44.0 
279.0 323.0 2.9869921081585935 6.128584761748386 44.0 
280.0 318.0 2.9869921081585935 6.128584761748386 44.0 
280.0 319.0 2.9869921081585935 6.128584761748386 44.0 
280.0 320.0 2.9869921081585935 6.128584761748386 44.0 
280.0 321.0 2.9869921081585935 6.128584761748386 44.0 
280.0 322.0 2.9869921081585935 6.128584761748386 44.0 
280.0 323.0 2.9869921081585935 6.128584761748386 44.0 
281.0 318.0 2.9869921081585935 6.128584761748386 44.0 
281.0 319.0 2.9869921081585935 6.128584761748386 44.0 
281.0 320.0 2.9869921081585935 6.128584761748386 44.0 
281.0 321.0 2.9869921081585935 6.128584761748386 44.0 
281.0 322.0 2.9869921081585935 6.128584761748386 44.0 
281.0 323.0 2.9869921081585935 6.128584761748386 44.0 
282.0 317.0 2.9869921081585935 6.128584761748386 44.0 
282.0 318.0 2.9869921081585935 6.128584761748386 44.0 
282.0 319.0 2.9869921081585935 6.128584761748386 44.0 
282.0 320.0 2.9869921081585935 6.128584761748386 44.0 
282.0 321.0 2.9869921081585935 6.128584761748386 44.0 
282.0 322.0 2.9869921081585935 6.128584761748386 44.0 
283.0 317.0 2.9869921081585935 6.128584761748386 44.0 
283.0 318.0 2.9869921081585935 6.128584761748386 44.0 
283.0 319.0 2.9869921081585935 6.128584761748386 44.0 
283.0 320.0 2.9869921081585935 6.128584761748386 44.0 
283.0 321.0 2.9869921081585935 6.128584761748386 44.0 
283.0 322.0 2.9869921081585935 6.128584761748386 44.0 
284.0 317.0 2.9869921081585935 6.128584761748386 44.0 
284.0 318.0 2.9869921081585935 6.128584761748386 44.0 
284.0 319.0 2.9869921081585935 6.128584761748386 44.0 
284.0 320.0 2.9869921081585935 6.128584761748386 44.0 
284.0 321.0 2.9869921081585935 6.128584761748386 44.0 
284.0 322.0 2.9869921081585935 6.128584761748386 44.0 
285.0 317.0 2.9869921081585935 6.128584761748386 44.0 
285.0 318.0 2.9869921081585935 6.128584761748386 44.0 
285.0 319.0 2.9869921081585935 6.128584761748386 44.0 
285.0 320.0 2.9869921081585935 6.128584761748386 44.0 
285.0 321.0 2.9869921081585935 6.128584761748386 44.0 
285.0 322.0 2.9869921081585935 6.128584761748386 44.0 
286.0 317.0 2.9869921081585935 6.128584761748386 44.0 
286.0 318.0 2.9869921081585935 6.128584761748386 44.0 
286.0 319.0 2.9869921081585935 6.128584761748386 44.0 
286.0 320.0 2.9869921081585935 6.128584761748386 44.0 
286.0 321.0 2.9869921081585935 6.128584761748386 44.0 
286.0 322.0 2.9869921081585935 6.128584761748386 44.0 
287.0 317.0 2.9869921081585935 6.128584761748386 44.0 
287.0 318.0 2.9869921081585935 6.128584761748386 44.0 
287.0 319.0 2.9869921081585935 6.128584761748386 44.0 
287.0 320.0 2.9869921081585935 6.128584761748386 44.0 
287.0 321.0 2.9869921081585935 6.128584761748386 44.0 
287.0 322.0 2.9869921081585935 6.128584761748386 44.0 
288.0 316.0 2.9869921081585935 6.128584761748386 44.0 
288.0 317.0 2.9869921081585935 6.128584761748386 44.0 
288.0 318.0 2.9869921081585935 6.128584761748386 44.0 
288.0 319.0 2.9869921081585935 6.128584761748386 44.0 
288.0 320.0 2.9869921081585935 6.128584761748386 44.0 
288.0 321.0 2.9869921081585935 6.128584761748386 44.0 
288.0 322.0 2.9869921081585935 6.128584761748386 44.0 
289.0 316.0 2.9869921081585935 6.128584761748386 44.0 
289.0 317.0 2.9869921081585935 6.128584761748386 44.0 
289.0 318.0 2.9869921081585935 6.128584761748386 44.0 
289.0 319.0 2.9869921081585935 6.128584761748386 44.0 
289.0 320.0 2.9869921081585935 6.128584761748386 44.0 
289.0 321.0 2.9869921081585935 6.128584761748386 44.0 
290.0 316.0 2.9869921081585935 6.128584761748386 44.0 
290.0 317.0 2.9869921081585935 6.128584761748386 44.0 
290.0 318.0 2.9869921081585935 6.128584761748386 44.0 
290.0 319.0 2.9869921081585935 6.128584761748386 44.0 
290.0 320.0 2.9869921081585935 6.128584761748386 44.0 
290.0 321.0 2.9869921081585935 6.128584761748386 44.0 
291.0 316.0 2.9869921081585935 6.128584761748386 44.0 
291.0 317.0 2.9869921081585935 6.128584761748386 44.0 
291.0 318.0 2.9869921081585935 6.128584761748386 44.0 
291.0 319.0 2.9869921081585935 6.128584761748386 44.0 
291.0 320.0 2.9869921081585935 6.128584761748386 44.0 
291.0 321.0 2.9869921081585935 6.128584761748386 44.0 
292.0 316.0 2.9869921081585935 6.128584761748386 44.0 
292.0 317.0 2.9869921081585935 6.128584761748386 44.0 
292.0 318.0 2.9869921081585935 6.128584761748386 44.0 
292.0 319.0 2.9869921081585935 6.128584761748386 44.0 
292.0 320.0 2.9869921081585935 6.128584761748386 44.0 
292.0 321.0 2.9869921081585935 6.128584761748386 44.0 
293.0 316.0 2.9869921081585935 6.128584761748386 44.0 
293.0 317.0 2.9869921081585935 6.128584761748386 44.0 
293.0 318.0 2.9869921081585935 6.128584761748386 44.0 
293.0 319.0 2.9869921081585935 6.128584761748386 44.0 
293.0 320.0 2.9869921081585935 6.128584761748386 44.0 
293.0 321.0 2.9869921081585935 6.128584761748386 44.0 
294.0 316.0 2.9869921081585935 6.128584761748386 44.0 
294.0 317.0 2.9869921081585935 6.128584761748386 44.0 
294.0 318.0 2.9869921081585935 6.128584761748386 44.0 
294.0 319.0 2.9869921081585935 6.128584761748386 44.0 
294.0 320.0 2.9869921081585935 6.128584761748386 44.0 
294.0 321.0 2.9869921081585935 6.128584761748386 44.0 
295.0 315.0 2.9869921081585935 6.128584761748386 44.0 
295.0 316.0 2.9869921081585935 6.128584761748386 44.0 
295.0 317.0 2.9869921081585935 6.128584761748386 44.0 
295.0 318.0 2.9869921081585935 6.128584761748386 44.0 
295.0 319.0 2.9869921081585935 6.128584761748386 44.0 
295.0 320.0 2.9869921081585935 6.128584761748386 44.0 
296.0 315.0 2.9869921081585935 6.128584761748386 44.0 
296.0 316.0 2.9869921081585935 6.128584761748386 44.0 
296.0 317.0 2.9869921081585935 6.128584761748386 44.0 
296.0 318.0 2.9869921081585935 6.128584761748386 44.0 
296.0 319.0 2.9869921081585935 6.128584761748386 44.0 
296.0 320.0 2.9869921081585935 6.128584761748386 44.0 
297.0 315.0 2.9869921081585935 6.128584761748386 44.0 
297.0 316.0 2.9869921081585935 6.128584761748386 44.0 
297.0 317.0 2.9869921081585935 6.128584761748386 44.0 
297.0 318.0 2.9869921081585935 6.128584761748386 44.0 
297.0 319.0 2.9869921081585935 6.128584761748386 44.0 
297.0 320.0 2.9869921081585935 6.128584761748386 44.0 
298.0 315.0 2.9869921081585935 6.128584761748386 44.0 
298.0 316.0 2.9869921081585935 6.128584761748386 44.0 
298.0 317.0 2.9869921081585935 6.128584761748386 44.0 
298.0 318.0 2.9869921081585935 6.128584761748386 44.0 
298.0 319.0 2.9869921081585935 6.128584761748386 44.0 
298.0 320.0 2.9869921081585935 6.128584761748386 44.0 
299.0 315.0 2.9869921081585935 6.128584761748386 44.0 
299.0 316.0 2.9869921081585935 6.128584761748386 44.0 
299.0 317.0 2.9869921081585935 6.128584761748386 44.0 
299.0 318.0 2.9869921081585935 6.128584761748386 44.0 
299.0 319.0 2.9869921081585935 6.128584761748386 44.0 
299.0 320.0 2.9869921081585935 6.128584761748386 44.0 
300.0 315.0 2.9869921081585935 6.128584761748386 44.0 
300.0 316.0 2.9869921081585935 6.128584761748386 44.0 
300.0 317.0 2.9869921081585935 6.128584761748386 44.0 
300.0 318.0 2.9869921081585935 6.128584761748386 44.0 
300.0 319.0 2.9869921081585935 6.128584761748386 44.0 
300.0 320.0 2.9869921081585935 6.128584761748386 44.0 
301.0 317.0 2.9869921081585935 6.128584761748386 44.0 
301.0 318.0 2.9869921081585935 6.128584761748386 44.0 
301.0 319.0 2.9869921081585935 6.128584761748386 44.0 
301.0 320.0 2.9869921081585935 6.128584761748386 44.0 
