266 284 4.71238898038469 20.0 
266 285 4.71238898038469 20.0 
266 286 4.71238898038469 20.0 
266 287 4.71238898038469 20.0 
266 288 4.71238898038469 20.0 
266 289 4.71238898038469 20.0 
266 290 4.71238898038469 20.0 
266 291 4.71238898038469 20.0 
266 292 4.71238898038469 20.0 
266 293 4.71238898038469 20.0 
266 294 4.71238898038469 20.0 
266 295 4.71238898038469 20.0 
266 296 4.71238898038469 20.0 
266 297 4.71238898038469 20.0 
267 284 4.71238898038469 20.0 
267 285 4.71238898038469 20.0 
267 286 4.71238898038469 20.0 
267 287 4.71238898038469 20.0 
267 288 4.71238898038469 20.0 
267 289 4.71238898038469 20.0 
267 290 4.71238898038469 20.0 
267 291 4.71238898038469 20.0 
267 292 4.71238898038469 20.0 
267 293 4.71238898038469 20.0 
267 294 4.71238898038469 20.0 
267 295 4.71238898038469 20.0 
267 296 4.71238898038469 20.0 
267 297 4.71238898038469 20.0 
281 284 1.5707963267948966 20.0 
281 285 1.5707963267948966 20.0 
281 286 1.5707963267948966 20.0 
281 287 1.5707963267948966 20.0 
281 288 1.5707963267948966 20.0 
281 289 1.5707963267948966 20.0 
281 290 1.5707963267948966 20.0 
281 291 1.5707963267948966 20.0 
281 292 1.5707963267948966 20.0 
281 293 1.5707963267948966 20.0 
281 294 1.5707963267948966 20.0 
281 295 1.5707963267948966 20.0 
281 296 1.5707963267948966 20.0 
282 284 1.5707963267948966 20.0 
282 285 1.5707963267948966 20.0 
282 286 1.5707963267948966 20.0 
282 287 1.5707963267948966 20.0 
282 288 1.5707963267948966 20.0 
282 289 1.5707963267948966 20.0 
282 290 1.5707963267948966 20.0 
282 291 1.5707963267948966 20.0 
282 292 1.5707963267948966 20.0 
282 293 1.5707963267948966 20.0 
282 294 1.5707963267948966 20.0 
282 295 1.5707963267948966 20.0 
282 296 1.5707963267948966 20.0 
306 296 5.176036589385496 24.0 
306 297 5.176036589385496 24.0 
307 294 5.176036589385496 24.0 
307 295 5.176036589385496 24.0 
307 296 5.176036589385496 24.0 
307 297 5.176036589385496 24.0 
307 298 5.176036589385496 24.0 
308 292 5.176036589385496 24.0 
308 293 5.176036589385496 24.0 
308 294 5.176036589385496 24.0 
308 295 5.176036589385496 24.0 
308 296 5.176036589385496 24.0 
309 290 5.176036589385496 24.0 
309 291 5.176036589385496 24.0 
309 292 5.176036589385496 24.0 
309 293 5.176036589385496 24.0 
309 294 5.176036589385496 24.0 
310 290 5.176036589385496 24.0 
310 291 5.176036589385496 24.0 
310 292 5.176036589385496 24.0 
322 304 1.9890206563741268 20.0 
322 305 1.9890206563741268 20.0 
323 302 1.9890206563741268 20.0 
323 303 1.9890206563741268 20.0 
323 304 1.9890206563741268 20.0 
323 305 1.9890206563741268 20.0 
323 306 1.9890206563741268 20.0 
324 300 1.9890206563741268 20.0 
324 301 1.9890206563741268 20.0 
324 302 1.9890206563741268 20.0 
324 303 1.9890206563741268 20.0 
325 297 1.9890206563741268 20.0 
325 298 1.9890206563741268 20.0 
325 299 1.9890206563741268 20.0 
325 300 1.9890206563741268 20.0 
325 301 1.9890206563741268 20.0 
326 297 1.9890206563741268 20.0 
326 298 1.9890206563741268 20.0 
326 299 1.9890206563741268 20.0 
273.0 280.0 1.5707963267948966 4.71238898038469 40.0 
273.0 281.0 1.5707963267948966 4.71238898038469 40.0 
273.0 282.0 1.5707963267948966 4.71238898038469 40.0 
273.0 283.0 1.5707963267948966 4.71238898038469 40.0 
273.0 284.0 1.5707963267948966 4.71238898038469 40.0 
273.0 285.0 1.5707963267948966 4.71238898038469 40.0 
273.0 286.0 1.5707963267948966 4.71238898038469 40.0 
273.0 287.0 1.5707963267948966 4.71238898038469 40.0 
273.0 288.0 1.5707963267948966 4.71238898038469 40.0 
273.0 289.0 1.5707963267948966 4.71238898038469 40.0 
273.0 290.0 1.5707963267948966 4.71238898038469 40.0 
273.0 291.0 1.5707963267948966 4.71238898038469 40.0 
273.0 292.0 1.5707963267948966 4.71238898038469 40.0 
273.0 293.0 1.5707963267948966 4.71238898038469 40.0 
273.0 294.0 1.5707963267948966 4.71238898038469 40.0 
273.0 295.0 1.5707963267948966 4.71238898038469 40.0 
273.0 296.0 1.5707963267948966 4.71238898038469 40.0 
273.0 297.0 1.5707963267948966 4.71238898038469 40.0 
273.0 298.0 1.5707963267948966 4.71238898038469 40.0 
273.0 299.0 1.5707963267948966 4.71238898038469 40.0 
274.0 280.0 1.5707963267948966 4.71238898038469 40.0 
274.0 281.0 1.5707963267948966 4.71238898038469 40.0 
274.0 282.0 1.5707963267948966 4.71238898038469 40.0 
274.0 283.0 1.5707963267948966 4.71238898038469 40.0 
274.0 284.0 1.5707963267948966 4.71238898038469 40.0 
274.0 285.0 1.5707963267948966 4.71238898038469 40.0 
274.0 286.0 1.5707963267948966 4.71238898038469 40.0 
274.0 287.0 1.5707963267948966 4.71238898038469 40.0 
274.0 288.0 1.5707963267948966 4.71238898038469 40.0 
274.0 289.0 1.5707963267948966 4.71238898038469 40.0 
274.0 290.0 1.5707963267948966 4.71238898038469 40.0 
274.0 291.0 1.5707963267948966 4.71238898038469 40.0 
274.0 292.0 1.5707963267948966 4.71238898038469 40.0 
274.0 293.0 1.5707963267948966 4.71238898038469 40.0 
274.0 294.0 1.5707963267948966 4.71238898038469 40.0 
274.0 295.0 1.5707963267948966 4.71238898038469 40.0 
274.0 296.0 1.5707963267948966 4.71238898038469 40.0 
274.0 297.0 1.5707963267948966 4.71238898038469 40.0 
274.0 298.0 1.5707963267948966 4.71238898038469 40.0 
274.0 299.0 1.5707963267948966 4.71238898038469 40.0 
275.0 280.0 1.5707963267948966 4.71238898038469 40.0 
275.0 281.0 1.5707963267948966 4.71238898038469 40.0 
275.0 282.0 1.5707963267948966 4.71238898038469 40.0 
275.0 283.0 1.5707963267948966 4.71238898038469 40.0 
275.0 284.0 1.5707963267948966 4.71238898038469 40.0 
275.0 285.0 1.5707963267948966 4.71238898038469 40.0 
275.0 286.0 1.5707963267948966 4.71238898038469 40.0 
275.0 287.0 1.5707963267948966 4.71238898038469 40.0 
275.0 288.0 1.5707963267948966 4.71238898038469 40.0 
275.0 289.0 1.5707963267948966 4.71238898038469 40.0 
275.0 290.0 1.5707963267948966 4.71238898038469 40.0 
275.0 291.0 1.5707963267948966 4.71238898038469 40.0 
275.0 292.0 1.5707963267948966 4.71238898038469 40.0 
275.0 293.0 1.5707963267948966 4.71238898038469 40.0 
275.0 294.0 1.5707963267948966 4.71238898038469 40.0 
275.0 295.0 1.5707963267948966 4.71238898038469 40.0 
275.0 296.0 1.5707963267948966 4.71238898038469 40.0 
275.0 297.0 1.5707963267948966 4.71238898038469 40.0 
275.0 298.0 1.5707963267948966 4.71238898038469 40.0 
275.0 299.0 1.5707963267948966 4.71238898038469 40.0 
276.0 280.0 1.5707963267948966 4.71238898038469 40.0 
276.0 281.0 1.5707963267948966 4.71238898038469 40.0 
276.0 282.0 1.5707963267948966 4.71238898038469 40.0 
276.0 283.0 1.5707963267948966 4.71238898038469 40.0 
276.0 284.0 1.5707963267948966 4.71238898038469 40.0 
276.0 285.0 1.5707963267948966 4.71238898038469 40.0 
276.0 286.0 1.5707963267948966 4.71238898038469 40.0 
276.0 287.0 1.5707963267948966 4.71238898038469 40.0 
276.0 288.0 1.5707963267948966 4.71238898038469 40.0 
276.0 289.0 1.5707963267948966 4.71238898038469 40.0 
276.0 290.0 1.5707963267948966 4.71238898038469 40.0 
276.0 291.0 1.5707963267948966 4.71238898038469 40.0 
276.0 292.0 1.5707963267948966 4.71238898038469 40.0 
276.0 293.0 1.5707963267948966 4.71238898038469 40.0 
276.0 294.0 1.5707963267948966 4.71238898038469 40.0 
276.0 295.0 1.5707963267948966 4.71238898038469 40.0 
276.0 296.0 1.5707963267948966 4.71238898038469 40.0 
276.0 297.0 1.5707963267948966 4.71238898038469 40.0 
276.0 298.0 1.5707963267948966 4.71238898038469 40.0 
276.0 299.0 1.5707963267948966 4.71238898038469 40.0 
277.0 280.0 1.5707963267948966 4.71238898038469 40.0 
277.0 281.0 1.5707963267948966 4.71238898038469 40.0 
277.0 282.0 1.5707963267948966 4.71238898038469 40.0 
277.0 283.0 1.5707963267948966 4.71238898038469 40.0 
277.0 284.0 1.5707963267948966 4.71238898038469 40.0 
277.0 285.0 1.5707963267948966 4.71238898038469 40.0 
277.0 286.0 1.5707963267948966 4.71238898038469 40.0 
277.0 287.0 1.5707963267948966 4.71238898038469 40.0 
277.0 288.0 1.5707963267948966 4.71238898038469 40.0 
277.0 289.0 1.5707963267948966 4.71238898038469 40.0 
277.0 290.0 1.5707963267948966 4.71238898038469 40.0 
277.0 291.0 1.5707963267948966 4.71238898038469 40.0 
277.0 292.0 1.5707963267948966 4.71238898038469 40.0 
277.0 293.0 1.5707963267948966 4.71238898038469 40.0 
277.0 294.0 1.5707963267948966 4.71238898038469 40.0 
277.0 295.0 1.5707963267948966 4.71238898038469 40.0 
277.0 296.0 1.5707963267948966 4.71238898038469 40.0 
277.0 297.0 1.5707963267948966 4.71238898038469 40.0 
277.0 298.0 1.5707963267948966 4.71238898038469 40.0 
277.0 299.0 1.5707963267948966 4.71238898038469 40.0 
278.0 280.0 1.5707963267948966 4.71238898038469 40.0 
278.0 281.0 1.5707963267948966 4.71238898038469 40.0 
278.0 282.0 1.5707963267948966 4.71238898038469 40.0 
278.0 283.0 1.5707963267948966 4.71238898038469 40.0 
278.0 284.0 1.5707963267948966 4.71238898038469 40.0 
278.0 285.0 1.5707963267948966 4.71238898038469 40.0 
278.0 286.0 1.5707963267948966 4.71238898038469 40.0 
278.0 287.0 1.5707963267948966 4.71238898038469 40.0 
278.0 288.0 1.5707963267948966 4.71238898038469 40.0 
278.0 289.0 1.5707963267948966 4.71238898038469 40.0 
278.0 290.0 1.5707963267948966 4.71238898038469 40.0 
278.0 291.0 1.5707963267948966 4.71238898038469 40.0 
278.0 292.0 1.5707963267948966 4.71238898038469 40.0 
278.0 293.0 1.5707963267948966 4.71238898038469 40.0 
278.0 294.0 1.5707963267948966 4.71238898038469 40.0 
278.0 295.0 1.5707963267948966 4.71238898038469 40.0 
278.0 296.0 1.5707963267948966 4.71238898038469 40.0 
278.0 297.0 1.5707963267948966 4.71238898038469 40.0 
278.0 298.0 1.5707963267948966 4.71238898038469 40.0 
278.0 299.0 1.5707963267948966 4.71238898038469 40.0 
311.0 304.0 2.089942441041419 5.231535094631212 44.0 
312.0 302.0 2.089942441041419 5.231535094631212 44.0 
312.0 303.0 2.089942441041419 5.231535094631212 44.0 
312.0 304.0 2.089942441041419 5.231535094631212 44.0 
312.0 305.0 2.089942441041419 5.231535094631212 44.0 
313.0 300.0 2.089942441041419 5.231535094631212 44.0 
313.0 301.0 2.089942441041419 5.231535094631212 44.0 
313.0 302.0 2.089942441041419 5.231535094631212 44.0 
313.0 303.0 2.089942441041419 5.231535094631212 44.0 
313.0 304.0 2.089942441041419 5.231535094631212 44.0 
313.0 305.0 2.089942441041419 5.231535094631212 44.0 
314.0 299.0 2.089942441041419 5.231535094631212 44.0 
314.0 300.0 2.089942441041419 5.231535094631212 44.0 
314.0 301.0 2.089942441041419 5.231535094631212 44.0 
314.0 302.0 2.089942441041419 5.231535094631212 44.0 
314.0 303.0 2.089942441041419 5.231535094631212 44.0 
314.0 304.0 2.089942441041419 5.231535094631212 44.0 
314.0 305.0 2.089942441041419 5.231535094631212 44.0 
314.0 306.0 2.089942441041419 5.231535094631212 44.0 
315.0 297.0 2.089942441041419 5.231535094631212 44.0 
315.0 298.0 2.089942441041419 5.231535094631212 44.0 
315.0 299.0 2.089942441041419 5.231535094631212 44.0 
315.0 300.0 2.089942441041419 5.231535094631212 44.0 
315.0 301.0 2.089942441041419 5.231535094631212 44.0 
315.0 302.0 2.089942441041419 5.231535094631212 44.0 
315.0 303.0 2.089942441041419 5.231535094631212 44.0 
315.0 304.0 2.089942441041419 5.231535094631212 44.0 
315.0 305.0 2.089942441041419 5.231535094631212 44.0 
315.0 306.0 2.089942441041419 5.231535094631212 44.0 
315.0 307.0 2.089942441041419 5.231535094631212 44.0 
316.0 295.0 2.089942441041419 5.231535094631212 44.0 
316.0 296.0 2.089942441041419 5.231535094631212 44.0 
316.0 297.0 2.089942441041419 5.231535094631212 44.0 
316.0 298.0 2.089942441041419 5.231535094631212 44.0 
316.0 299.0 2.089942441041419 5.231535094631212 44.0 
316.0 300.0 2.089942441041419 5.231535094631212 44.0 
316.0 301.0 2.089942441041419 5.231535094631212 44.0 
316.0 302.0 2.089942441041419 5.231535094631212 44.0 
316.0 303.0 2.089942441041419 5.231535094631212 44.0 
316.0 304.0 2.089942441041419 5.231535094631212 44.0 
316.0 305.0 2.089942441041419 5.231535094631212 44.0 
316.0 306.0 2.089942441041419 5.231535094631212 44.0 
317.0 293.0 2.089942441041419 5.231535094631212 44.0 
317.0 294.0 2.089942441041419 5.231535094631212 44.0 
317.0 295.0 2.089942441041419 5.231535094631212 44.0 
317.0 296.0 2.089942441041419 5.231535094631212 44.0 
317.0 297.0 2.089942441041419 5.231535094631212 44.0 
317.0 298.0 2.089942441041419 5.231535094631212 44.0 
317.0 299.0 2.089942441041419 5.231535094631212 44.0 
317.0 300.0 2.089942441041419 5.231535094631212 44.0 
317.0 301.0 2.089942441041419 5.231535094631212 44.0 
317.0 302.0 2.089942441041419 5.231535094631212 44.0 
317.0 303.0 2.089942441041419 5.231535094631212 44.0 
317.0 304.0 2.089942441041419 5.231535094631212 44.0 
317.0 305.0 2.089942441041419 5.231535094631212 44.0 
318.0 292.0 2.089942441041419 5.231535094631212 44.0 
318.0 293.0 2.089942441041419 5.231535094631212 44.0 
318.0 294.0 2.089942441041419 5.231535094631212 44.0 
318.0 295.0 2.089942441041419 5.231535094631212 44.0 
318.0 296.0 2.089942441041419 5.231535094631212 44.0 
318.0 297.0 2.089942441041419 5.231535094631212 44.0 
318.0 298.0 2.089942441041419 5.231535094631212 44.0 
318.0 299.0 2.089942441041419 5.231535094631212 44.0 
318.0 300.0 2.089942441041419 5.231535094631212 44.0 
318.0 301.0 2.089942441041419 5.231535094631212 44.0 
318.0 302.0 2.089942441041419 5.231535094631212 44.0 
318.0 303.0 2.089942441041419 5.231535094631212 44.0 
319.0 291.0 2.089942441041419 5.231535094631212 44.0 
319.0 292.0 2.089942441041419 5.231535094631212 44.0 
319.0 293.0 2.089942441041419 5.231535094631212 44.0 
319.0 294.0 2.089942441041419 5.231535094631212 44.0 
319.0 295.0 2.089942441041419 5.231535094631212 44.0 
319.0 296.0 2.089942441041419 5.231535094631212 44.0 
319.0 297.0 2.089942441041419 5.231535094631212 44.0 
319.0 298.0 2.089942441041419 5.231535094631212 44.0 
319.0 299.0 2.089942441041419 5.231535094631212 44.0 
319.0 300.0 2.089942441041419 5.231535094631212 44.0 
319.0 301.0 2.089942441041419 5.231535094631212 44.0 
320.0 292.0 2.089942441041419 5.231535094631212 44.0 
320.0 293.0 2.089942441041419 5.231535094631212 44.0 
320.0 294.0 2.089942441041419 5.231535094631212 44.0 
320.0 295.0 2.089942441041419 5.231535094631212 44.0 
320.0 296.0 2.089942441041419 5.231535094631212 44.0 
320.0 297.0 2.089942441041419 5.231535094631212 44.0 
320.0 298.0 2.089942441041419 5.231535094631212 44.0 
320.0 299.0 2.089942441041419 5.231535094631212 44.0 
321.0 292.0 2.089942441041419 5.231535094631212 44.0 
321.0 293.0 2.089942441041419 5.231535094631212 44.0 
321.0 294.0 2.089942441041419 5.231535094631212 44.0 
321.0 295.0 2.089942441041419 5.231535094631212 44.0 
321.0 296.0 2.089942441041419 5.231535094631212 44.0 
321.0 297.0 2.089942441041419 5.231535094631212 44.0 
321.0 298.0 2.089942441041419 5.231535094631212 44.0 
322.0 293.0 2.089942441041419 5.231535094631212 44.0 
322.0 294.0 2.089942441041419 5.231535094631212 44.0 
322.0 295.0 2.089942441041419 5.231535094631212 44.0 
322.0 296.0 2.089942441041419 5.231535094631212 44.0 
323.0 294.0 2.089942441041419 5.231535094631212 44.0 
263.0 382.0 1.8766751981997487 5.018267851789542 32.0 
263.0 383.0 1.8766751981997487 5.018267851789542 32.0 
263.0 384.0 1.8766751981997487 5.018267851789542 32.0 
264.0 379.0 1.8766751981997487 5.018267851789542 32.0 
264.0 380.0 1.8766751981997487 5.018267851789542 32.0 
264.0 381.0 1.8766751981997487 5.018267851789542 32.0 
264.0 382.0 1.8766751981997487 5.018267851789542 32.0 
264.0 383.0 1.8766751981997487 5.018267851789542 32.0 
264.0 384.0 1.8766751981997487 5.018267851789542 32.0 
264.0 385.0 1.8766751981997487 5.018267851789542 32.0 
265.0 376.0 1.8766751981997487 5.018267851789542 32.0 
265.0 377.0 1.8766751981997487 5.018267851789542 32.0 
265.0 378.0 1.8766751981997487 5.018267851789542 32.0 
265.0 379.0 1.8766751981997487 5.018267851789542 32.0 
265.0 380.0 1.8766751981997487 5.018267851789542 32.0 
265.0 381.0 1.8766751981997487 5.018267851789542 32.0 
266.0 373.0 1.8766751981997487 5.018267851789542 32.0 
266.0 374.0 1.8766751981997487 5.018267851789542 32.0 
266.0 375.0 1.8766751981997487 5.018267851789542 32.0 
266.0 376.0 1.8766751981997487 5.018267851789542 32.0 
266.0 377.0 1.8766751981997487 5.018267851789542 32.0 
266.0 378.0 1.8766751981997487 5.018267851789542 32.0 
267.0 370.0 1.8766751981997487 5.018267851789542 32.0 
267.0 371.0 1.8766751981997487 5.018267851789542 32.0 
267.0 372.0 1.8766751981997487 5.018267851789542 32.0 
267.0 373.0 1.8766751981997487 5.018267851789542 32.0 
267.0 374.0 1.8766751981997487 5.018267851789542 32.0 
267.0 375.0 1.8766751981997487 5.018267851789542 32.0 
268.0 366.0 1.8766751981997487 5.018267851789542 32.0 
268.0 367.0 1.8766751981997487 5.018267851789542 32.0 
268.0 368.0 1.8766751981997487 5.018267851789542 32.0 
268.0 369.0 1.8766751981997487 5.018267851789542 32.0 
268.0 370.0 1.8766751981997487 5.018267851789542 32.0 
268.0 371.0 1.8766751981997487 5.018267851789542 32.0 
268.0 372.0 1.8766751981997487 5.018267851789542 32.0 
269.0 366.0 1.8766751981997487 5.018267851789542 32.0 
269.0 367.0 1.8766751981997487 5.018267851789542 32.0 
269.0 368.0 1.8766751981997487 5.018267851789542 32.0 
269.0 369.0 1.8766751981997487 5.018267851789542 32.0 
292.0 372.0 4.666965700963113 1.5253730473733196 28.0 
292.0 373.0 4.666965700963113 1.5253730473733196 28.0 
292.0 374.0 4.666965700963113 1.5253730473733196 28.0 
292.0 375.0 4.666965700963113 1.5253730473733196 28.0 
292.0 376.0 4.666965700963113 1.5253730473733196 28.0 
292.0 377.0 4.666965700963113 1.5253730473733196 28.0 
292.0 378.0 4.666965700963113 1.5253730473733196 28.0 
292.0 379.0 4.666965700963113 1.5253730473733196 28.0 
292.0 380.0 4.666965700963113 1.5253730473733196 28.0 
292.0 381.0 4.666965700963113 1.5253730473733196 28.0 
292.0 382.0 4.666965700963113 1.5253730473733196 28.0 
292.0 383.0 4.666965700963113 1.5253730473733196 28.0 
292.0 384.0 4.666965700963113 1.5253730473733196 28.0 
292.0 385.0 4.666965700963113 1.5253730473733196 28.0 
292.0 386.0 4.666965700963113 1.5253730473733196 28.0 
292.0 387.0 4.666965700963113 1.5253730473733196 28.0 
292.0 388.0 4.666965700963113 1.5253730473733196 28.0 
292.0 389.0 4.666965700963113 1.5253730473733196 28.0 
292.0 390.0 4.666965700963113 1.5253730473733196 28.0 
292.0 391.0 4.666965700963113 1.5253730473733196 28.0 
292.0 392.0 4.666965700963113 1.5253730473733196 28.0 
292.0 393.0 4.666965700963113 1.5253730473733196 28.0 
292.0 394.0 4.666965700963113 1.5253730473733196 28.0 
293.0 372.0 4.666965700963113 1.5253730473733196 28.0 
293.0 373.0 4.666965700963113 1.5253730473733196 28.0 
293.0 374.0 4.666965700963113 1.5253730473733196 28.0 
293.0 375.0 4.666965700963113 1.5253730473733196 28.0 
293.0 376.0 4.666965700963113 1.5253730473733196 28.0 
293.0 377.0 4.666965700963113 1.5253730473733196 28.0 
293.0 378.0 4.666965700963113 1.5253730473733196 28.0 
293.0 379.0 4.666965700963113 1.5253730473733196 28.0 
293.0 380.0 4.666965700963113 1.5253730473733196 28.0 
293.0 381.0 4.666965700963113 1.5253730473733196 28.0 
293.0 382.0 4.666965700963113 1.5253730473733196 28.0 
293.0 383.0 4.666965700963113 1.5253730473733196 28.0 
293.0 384.0 4.666965700963113 1.5253730473733196 28.0 
293.0 385.0 4.666965700963113 1.5253730473733196 28.0 
293.0 386.0 4.666965700963113 1.5253730473733196 28.0 
293.0 387.0 4.666965700963113 1.5253730473733196 28.0 
293.0 388.0 4.666965700963113 1.5253730473733196 28.0 
293.0 389.0 4.666965700963113 1.5253730473733196 28.0 
293.0 390.0 4.666965700963113 1.5253730473733196 28.0 
293.0 391.0 4.666965700963113 1.5253730473733196 28.0 
293.0 392.0 4.666965700963113 1.5253730473733196 28.0 
293.0 393.0 4.666965700963113 1.5253730473733196 28.0 
