227.0 274.0 2.1910458127777184 5.332638466367511 28.0 
228.0 272.0 2.1910458127777184 5.332638466367511 28.0 
228.0 273.0 2.1910458127777184 5.332638466367511 28.0 
228.0 274.0 2.1910458127777184 5.332638466367511 28.0 
228.0 275.0 2.1910458127777184 5.332638466367511 28.0 
229.0 271.0 2.1910458127777184 5.332638466367511 28.0 
229.0 272.0 2.1910458127777184 5.332638466367511 28.0 
229.0 273.0 2.1910458127777184 5.332638466367511 28.0 
230.0 270.0 2.1910458127777184 5.332638466367511 28.0 
230.0 271.0 2.1910458127777184 5.332638466367511 28.0 
230.0 272.0 2.1910458127777184 5.332638466367511 28.0 
231.0 268.0 2.1910458127777184 5.332638466367511 28.0 
231.0 269.0 2.1910458127777184 5.332638466367511 28.0 
231.0 270.0 2.1910458127777184 5.332638466367511 28.0 
231.0 271.0 2.1910458127777184 5.332638466367511 28.0 
232.0 267.0 2.1910458127777184 5.332638466367511 28.0 
232.0 268.0 2.1910458127777184 5.332638466367511 28.0 
232.0 269.0 2.1910458127777184 5.332638466367511 28.0 
233.0 265.0 2.1910458127777184 5.332638466367511 28.0 
233.0 266.0 2.1910458127777184 5.332638466367511 28.0 
233.0 267.0 2.1910458127777184 5.332638466367511 28.0 
233.0 268.0 2.1910458127777184 5.332638466367511 28.0 
234.0 264.0 2.1910458127777184 5.332638466367511 28.0 
234.0 265.0 2.1910458127777184 5.332638466367511 28.0 
234.0 266.0 2.1910458127777184 5.332638466367511 28.0 
235.0 263.0 2.1910458127777184 5.332638466367511 28.0 
235.0 264.0 2.1910458127777184 5.332638466367511 28.0 
235.0 265.0 2.1910458127777184 5.332638466367511 28.0 
236.0 261.0 2.1910458127777184 5.332638466367511 28.0 
236.0 262.0 2.1910458127777184 5.332638466367511 28.0 
236.0 263.0 2.1910458127777184 5.332638466367511 28.0 
236.0 264.0 2.1910458127777184 5.332638466367511 28.0 
237.0 261.0 2.1910458127777184 5.332638466367511 28.0 
237.0 262.0 2.1910458127777184 5.332638466367511 28.0 
224.0 275.0 1.6262948320406145 4.767887485630408 28.0 
224.0 276.0 1.6262948320406145 4.767887485630408 28.0 
224.0 277.0 1.6262948320406145 4.767887485630408 28.0 
224.0 278.0 1.6262948320406145 4.767887485630408 28.0 
224.0 279.0 1.6262948320406145 4.767887485630408 28.0 
224.0 280.0 1.6262948320406145 4.767887485630408 28.0 
224.0 281.0 1.6262948320406145 4.767887485630408 28.0 
224.0 282.0 1.6262948320406145 4.767887485630408 28.0 
224.0 283.0 1.6262948320406145 4.767887485630408 28.0 
224.0 284.0 1.6262948320406145 4.767887485630408 28.0 
224.0 285.0 1.6262948320406145 4.767887485630408 28.0 
224.0 286.0 1.6262948320406145 4.767887485630408 28.0 
224.0 287.0 1.6262948320406145 4.767887485630408 28.0 
224.0 288.0 1.6262948320406145 4.767887485630408 28.0 
224.0 289.0 1.6262948320406145 4.767887485630408 28.0 
224.0 290.0 1.6262948320406145 4.767887485630408 28.0 
224.0 291.0 1.6262948320406145 4.767887485630408 28.0 
224.0 292.0 1.6262948320406145 4.767887485630408 28.0 
225.0 275.0 1.6262948320406145 4.767887485630408 28.0 
225.0 276.0 1.6262948320406145 4.767887485630408 28.0 
225.0 277.0 1.6262948320406145 4.767887485630408 28.0 
225.0 278.0 1.6262948320406145 4.767887485630408 28.0 
225.0 279.0 1.6262948320406145 4.767887485630408 28.0 
225.0 280.0 1.6262948320406145 4.767887485630408 28.0 
225.0 281.0 1.6262948320406145 4.767887485630408 28.0 
225.0 282.0 1.6262948320406145 4.767887485630408 28.0 
225.0 283.0 1.6262948320406145 4.767887485630408 28.0 
225.0 284.0 1.6262948320406145 4.767887485630408 28.0 
225.0 285.0 1.6262948320406145 4.767887485630408 28.0 
225.0 286.0 1.6262948320406145 4.767887485630408 28.0 
225.0 287.0 1.6262948320406145 4.767887485630408 28.0 
225.0 288.0 1.6262948320406145 4.767887485630408 28.0 
225.0 289.0 1.6262948320406145 4.767887485630408 28.0 
225.0 290.0 1.6262948320406145 4.767887485630408 28.0 
225.0 291.0 1.6262948320406145 4.767887485630408 28.0 
225.0 292.0 1.6262948320406145 4.767887485630408 28.0 
225.0 293.0 1.6262948320406145 4.767887485630408 28.0 
228.0 315.0 4.112338766982935 0.9707461133931425 28.0 
228.0 316.0 4.112338766982935 0.9707461133931425 28.0 
229.0 315.0 4.112338766982935 0.9707461133931425 28.0 
229.0 316.0 4.112338766982935 0.9707461133931425 28.0 
229.0 317.0 4.112338766982935 0.9707461133931425 28.0 
229.0 318.0 4.112338766982935 0.9707461133931425 28.0 
230.0 317.0 4.112338766982935 0.9707461133931425 28.0 
230.0 318.0 4.112338766982935 0.9707461133931425 28.0 
230.0 319.0 4.112338766982935 0.9707461133931425 28.0 
231.0 318.0 4.112338766982935 0.9707461133931425 28.0 
231.0 319.0 4.112338766982935 0.9707461133931425 28.0 
231.0 320.0 4.112338766982935 0.9707461133931425 28.0 
231.0 321.0 4.112338766982935 0.9707461133931425 28.0 
232.0 320.0 4.112338766982935 0.9707461133931425 28.0 
232.0 321.0 4.112338766982935 0.9707461133931425 28.0 
232.0 322.0 4.112338766982935 0.9707461133931425 28.0 
233.0 321.0 4.112338766982935 0.9707461133931425 28.0 
233.0 322.0 4.112338766982935 0.9707461133931425 28.0 
233.0 323.0 4.112338766982935 0.9707461133931425 28.0 
233.0 324.0 4.112338766982935 0.9707461133931425 28.0 
234.0 322.0 4.112338766982935 0.9707461133931425 28.0 
234.0 323.0 4.112338766982935 0.9707461133931425 28.0 
234.0 324.0 4.112338766982935 0.9707461133931425 28.0 
234.0 325.0 4.112338766982935 0.9707461133931425 28.0 
235.0 324.0 4.112338766982935 0.9707461133931425 28.0 
235.0 325.0 4.112338766982935 0.9707461133931425 28.0 
235.0 326.0 4.112338766982935 0.9707461133931425 28.0 
235.0 327.0 4.112338766982935 0.9707461133931425 28.0 
236.0 325.0 4.112338766982935 0.9707461133931425 28.0 
236.0 326.0 4.112338766982935 0.9707461133931425 28.0 
236.0 327.0 4.112338766982935 0.9707461133931425 28.0 
236.0 328.0 4.112338766982935 0.9707461133931425 28.0 
237.0 327.0 4.112338766982935 0.9707461133931425 28.0 
237.0 328.0 4.112338766982935 0.9707461133931425 28.0 
237.0 329.0 4.112338766982935 0.9707461133931425 28.0 
238.0 328.0 4.112338766982935 0.9707461133931425 28.0 
238.0 329.0 4.112338766982935 0.9707461133931425 28.0 
238.0 330.0 4.112338766982935 0.9707461133931425 28.0 
238.0 331.0 4.112338766982935 0.9707461133931425 28.0 
239.0 330.0 4.112338766982935 0.9707461133931425 28.0 
239.0 331.0 4.112338766982935 0.9707461133931425 28.0 
239.0 332.0 4.112338766982935 0.9707461133931425 28.0 
240.0 331.0 4.112338766982935 0.9707461133931425 28.0 
240.0 332.0 4.112338766982935 0.9707461133931425 28.0 
240.0 333.0 4.112338766982935 0.9707461133931425 28.0 
240.0 334.0 4.112338766982935 0.9707461133931425 28.0 
241.0 333.0 4.112338766982935 0.9707461133931425 28.0 
260.0 290.0 4.6724102932614 1.5308176396716067 32.0 
260.0 291.0 4.6724102932614 1.5308176396716067 32.0 
260.0 292.0 4.6724102932614 1.5308176396716067 32.0 
260.0 293.0 4.6724102932614 1.5308176396716067 32.0 
260.0 294.0 4.6724102932614 1.5308176396716067 32.0 
260.0 295.0 4.6724102932614 1.5308176396716067 32.0 
260.0 296.0 4.6724102932614 1.5308176396716067 32.0 
260.0 297.0 4.6724102932614 1.5308176396716067 32.0 
260.0 298.0 4.6724102932614 1.5308176396716067 32.0 
260.0 299.0 4.6724102932614 1.5308176396716067 32.0 
260.0 300.0 4.6724102932614 1.5308176396716067 32.0 
260.0 301.0 4.6724102932614 1.5308176396716067 32.0 
260.0 302.0 4.6724102932614 1.5308176396716067 32.0 
260.0 303.0 4.6724102932614 1.5308176396716067 32.0 
260.0 304.0 4.6724102932614 1.5308176396716067 32.0 
260.0 305.0 4.6724102932614 1.5308176396716067 32.0 
260.0 306.0 4.6724102932614 1.5308176396716067 32.0 
260.0 307.0 4.6724102932614 1.5308176396716067 32.0 
260.0 308.0 4.6724102932614 1.5308176396716067 32.0 
260.0 309.0 4.6724102932614 1.5308176396716067 32.0 
260.0 310.0 4.6724102932614 1.5308176396716067 32.0 
260.0 311.0 4.6724102932614 1.5308176396716067 32.0 
260.0 312.0 4.6724102932614 1.5308176396716067 32.0 
260.0 313.0 4.6724102932614 1.5308176396716067 32.0 
260.0 314.0 4.6724102932614 1.5308176396716067 32.0 
261.0 289.0 4.6724102932614 1.5308176396716067 32.0 
261.0 290.0 4.6724102932614 1.5308176396716067 32.0 
261.0 291.0 4.6724102932614 1.5308176396716067 32.0 
261.0 292.0 4.6724102932614 1.5308176396716067 32.0 
261.0 293.0 4.6724102932614 1.5308176396716067 32.0 
261.0 294.0 4.6724102932614 1.5308176396716067 32.0 
261.0 295.0 4.6724102932614 1.5308176396716067 32.0 
261.0 296.0 4.6724102932614 1.5308176396716067 32.0 
261.0 297.0 4.6724102932614 1.5308176396716067 32.0 
261.0 298.0 4.6724102932614 1.5308176396716067 32.0 
261.0 299.0 4.6724102932614 1.5308176396716067 32.0 
261.0 300.0 4.6724102932614 1.5308176396716067 32.0 
261.0 301.0 4.6724102932614 1.5308176396716067 32.0 
261.0 302.0 4.6724102932614 1.5308176396716067 32.0 
261.0 303.0 4.6724102932614 1.5308176396716067 32.0 
261.0 304.0 4.6724102932614 1.5308176396716067 32.0 
261.0 305.0 4.6724102932614 1.5308176396716067 32.0 
261.0 306.0 4.6724102932614 1.5308176396716067 32.0 
261.0 307.0 4.6724102932614 1.5308176396716067 32.0 
261.0 308.0 4.6724102932614 1.5308176396716067 32.0 
261.0 309.0 4.6724102932614 1.5308176396716067 32.0 
261.0 310.0 4.6724102932614 1.5308176396716067 32.0 
261.0 311.0 4.6724102932614 1.5308176396716067 32.0 
261.0 312.0 4.6724102932614 1.5308176396716067 32.0 
261.0 313.0 4.6724102932614 1.5308176396716067 32.0 
261.0 314.0 4.6724102932614 1.5308176396716067 32.0 
262.0 289.0 4.6724102932614 1.5308176396716067 32.0 
262.0 290.0 4.6724102932614 1.5308176396716067 32.0 
262.0 291.0 4.6724102932614 1.5308176396716067 32.0 
262.0 292.0 4.6724102932614 1.5308176396716067 32.0 
262.0 293.0 4.6724102932614 1.5308176396716067 32.0 
262.0 294.0 4.6724102932614 1.5308176396716067 32.0 
262.0 295.0 4.6724102932614 1.5308176396716067 32.0 
262.0 296.0 4.6724102932614 1.5308176396716067 32.0 
262.0 297.0 4.6724102932614 1.5308176396716067 32.0 
262.0 298.0 4.6724102932614 1.5308176396716067 32.0 
262.0 299.0 4.6724102932614 1.5308176396716067 32.0 
262.0 300.0 4.6724102932614 1.5308176396716067 32.0 
262.0 301.0 4.6724102932614 1.5308176396716067 32.0 
262.0 302.0 4.6724102932614 1.5308176396716067 32.0 
262.0 303.0 4.6724102932614 1.5308176396716067 32.0 
262.0 304.0 4.6724102932614 1.5308176396716067 32.0 
262.0 305.0 4.6724102932614 1.5308176396716067 32.0 
262.0 306.0 4.6724102932614 1.5308176396716067 32.0 
262.0 307.0 4.6724102932614 1.5308176396716067 32.0 
262.0 308.0 4.6724102932614 1.5308176396716067 32.0 
262.0 309.0 4.6724102932614 1.5308176396716067 32.0 
262.0 310.0 4.6724102932614 1.5308176396716067 32.0 
262.0 311.0 4.6724102932614 1.5308176396716067 32.0 
262.0 312.0 4.6724102932614 1.5308176396716067 32.0 
262.0 313.0 4.6724102932614 1.5308176396716067 32.0 
263.0 289.0 4.6724102932614 1.5308176396716067 32.0 
263.0 290.0 4.6724102932614 1.5308176396716067 32.0 
263.0 291.0 4.6724102932614 1.5308176396716067 32.0 
263.0 292.0 4.6724102932614 1.5308176396716067 32.0 
263.0 293.0 4.6724102932614 1.5308176396716067 32.0 
263.0 294.0 4.6724102932614 1.5308176396716067 32.0 
263.0 295.0 4.6724102932614 1.5308176396716067 32.0 
263.0 296.0 4.6724102932614 1.5308176396716067 32.0 
263.0 297.0 4.6724102932614 1.5308176396716067 32.0 
263.0 298.0 4.6724102932614 1.5308176396716067 32.0 
263.0 299.0 4.6724102932614 1.5308176396716067 32.0 
263.0 300.0 4.6724102932614 1.5308176396716067 32.0 
263.0 301.0 4.6724102932614 1.5308176396716067 32.0 
263.0 302.0 4.6724102932614 1.5308176396716067 32.0 
263.0 303.0 4.6724102932614 1.5308176396716067 32.0 
263.0 304.0 4.6724102932614 1.5308176396716067 32.0 
263.0 305.0 4.6724102932614 1.5308176396716067 32.0 
263.0 306.0 4.6724102932614 1.5308176396716067 32.0 
263.0 307.0 4.6724102932614 1.5308176396716067 32.0 
263.0 308.0 4.6724102932614 1.5308176396716067 32.0 
263.0 309.0 4.6724102932614 1.5308176396716067 32.0 
263.0 310.0 4.6724102932614 1.5308176396716067 32.0 
263.0 311.0 4.6724102932614 1.5308176396716067 32.0 
263.0 312.0 4.6724102932614 1.5308176396716067 32.0 
263.0 313.0 4.6724102932614 1.5308176396716067 32.0 
255 272 1.284744885077579 32.0 
256 271 1.284744885077579 32.0 
256 272 1.284744885077579 32.0 
256 273 1.284744885077579 32.0 
256 274 1.284744885077579 32.0 
256 275 1.284744885077579 32.0 
256 276 1.284744885077579 32.0 
257 271 1.284744885077579 32.0 
257 272 1.284744885077579 32.0 
257 273 1.284744885077579 32.0 
257 274 1.284744885077579 32.0 
257 275 1.284744885077579 32.0 
257 276 1.284744885077579 32.0 
257 277 1.284744885077579 32.0 
257 278 1.284744885077579 32.0 
257 279 1.284744885077579 32.0 
258 273 1.284744885077579 32.0 
258 274 1.284744885077579 32.0 
258 275 1.284744885077579 32.0 
258 276 1.284744885077579 32.0 
258 277 1.284744885077579 32.0 
258 278 1.284744885077579 32.0 
258 279 1.284744885077579 32.0 
258 280 1.284744885077579 32.0 
258 281 1.284744885077579 32.0 
258 282 1.284744885077579 32.0 
258 283 1.284744885077579 32.0 
259 276 1.284744885077579 32.0 
259 277 1.284744885077579 32.0 
259 278 1.284744885077579 32.0 
259 279 1.284744885077579 32.0 
259 280 1.284744885077579 32.0 
259 281 1.284744885077579 32.0 
259 282 1.284744885077579 32.0 
259 283 1.284744885077579 32.0 
259 284 1.284744885077579 32.0 
259 285 1.284744885077579 32.0 
259 286 1.284744885077579 32.0 
260 280 1.284744885077579 32.0 
260 281 1.284744885077579 32.0 
260 282 1.284744885077579 32.0 
260 283 1.284744885077579 32.0 
260 284 1.284744885077579 32.0 
260 285 1.284744885077579 32.0 
260 286 1.284744885077579 32.0 
260 287 1.284744885077579 32.0 
260 288 1.284744885077579 32.0 
261 283 1.284744885077579 32.0 
261 284 1.284744885077579 32.0 
261 285 1.284744885077579 32.0 
261 286 1.284744885077579 32.0 
261 287 1.284744885077579 32.0 
262 287 1.284744885077579 32.0 
259 314 1.6614562139956426 28.0 
259 315 1.6614562139956426 28.0 
259 316 1.6614562139956426 28.0 
259 317 1.6614562139956426 28.0 
259 318 1.6614562139956426 28.0 
259 319 1.6614562139956426 28.0 
259 320 1.6614562139956426 28.0 
259 321 1.6614562139956426 28.0 
259 322 1.6614562139956426 28.0 
259 323 1.6614562139956426 28.0 
259 324 1.6614562139956426 28.0 
260 314 1.6614562139956426 28.0 
260 315 1.6614562139956426 28.0 
260 316 1.6614562139956426 28.0 
260 317 1.6614562139956426 28.0 
260 318 1.6614562139956426 28.0 
260 319 1.6614562139956426 28.0 
260 320 1.6614562139956426 28.0 
260 321 1.6614562139956426 28.0 
260 322 1.6614562139956426 28.0 
260 323 1.6614562139956426 28.0 
260 324 1.6614562139956426 28.0 
261 314 1.6614562139956426 28.0 
261 315 1.6614562139956426 28.0 
261 316 1.6614562139956426 28.0 
261 317 1.6614562139956426 28.0 
261 318 1.6614562139956426 28.0 
261 319 1.6614562139956426 28.0 
261 320 1.6614562139956426 28.0 
261 321 1.6614562139956426 28.0 
261 322 1.6614562139956426 28.0 
261 323 1.6614562139956426 28.0 
261 324 1.6614562139956426 28.0 
261 325 1.6614562139956426 28.0 
262 315 1.6614562139956426 28.0 
262 316 1.6614562139956426 28.0 
262 317 1.6614562139956426 28.0 
262 318 1.6614562139956426 28.0 
262 319 1.6614562139956426 28.0 
262 320 1.6614562139956426 28.0 
262 321 1.6614562139956426 28.0 
262 322 1.6614562139956426 28.0 
262 323 1.6614562139956426 28.0 
262 324 1.6614562139956426 28.0 
262 325 1.6614562139956426 28.0 
