217.0 335.0 3.5758369743865934 0.43424432079680064 64.0 
217.0 336.0 3.5758369743865934 0.43424432079680064 64.0 
217.0 337.0 3.5758369743865934 0.43424432079680064 64.0 
217.0 338.0 3.5758369743865934 0.43424432079680064 64.0 
218.0 333.0 3.5758369743865934 0.43424432079680064 64.0 
218.0 334.0 3.5758369743865934 0.43424432079680064 64.0 
218.0 335.0 3.5758369743865934 0.43424432079680064 64.0 
218.0 336.0 3.5758369743865934 0.43424432079680064 64.0 
218.0 337.0 3.5758369743865934 0.43424432079680064 64.0 
218.0 338.0 3.5758369743865934 0.43424432079680064 64.0 
219.0 333.0 3.5758369743865934 0.43424432079680064 64.0 
219.0 334.0 3.5758369743865934 0.43424432079680064 64.0 
219.0 335.0 3.5758369743865934 0.43424432079680064 64.0 
219.0 336.0 3.5758369743865934 0.43424432079680064 64.0 
219.0 337.0 3.5758369743865934 0.43424432079680064 64.0 
219.0 338.0 3.5758369743865934 0.43424432079680064 64.0 
219.0 339.0 3.5758369743865934 0.43424432079680064 64.0 
220.0 334.0 3.5758369743865934 0.43424432079680064 64.0 
220.0 335.0 3.5758369743865934 0.43424432079680064 64.0 
220.0 336.0 3.5758369743865934 0.43424432079680064 64.0 
220.0 337.0 3.5758369743865934 0.43424432079680064 64.0 
220.0 338.0 3.5758369743865934 0.43424432079680064 64.0 
220.0 339.0 3.5758369743865934 0.43424432079680064 64.0 
221.0 334.0 3.5758369743865934 0.43424432079680064 64.0 
221.0 335.0 3.5758369743865934 0.43424432079680064 64.0 
221.0 336.0 3.5758369743865934 0.43424432079680064 64.0 
221.0 337.0 3.5758369743865934 0.43424432079680064 64.0 
221.0 338.0 3.5758369743865934 0.43424432079680064 64.0 
221.0 339.0 3.5758369743865934 0.43424432079680064 64.0 
221.0 340.0 3.5758369743865934 0.43424432079680064 64.0 
222.0 335.0 3.5758369743865934 0.43424432079680064 64.0 
222.0 336.0 3.5758369743865934 0.43424432079680064 64.0 
222.0 337.0 3.5758369743865934 0.43424432079680064 64.0 
222.0 338.0 3.5758369743865934 0.43424432079680064 64.0 
222.0 339.0 3.5758369743865934 0.43424432079680064 64.0 
222.0 340.0 3.5758369743865934 0.43424432079680064 64.0 
223.0 335.0 3.5758369743865934 0.43424432079680064 64.0 
223.0 336.0 3.5758369743865934 0.43424432079680064 64.0 
223.0 337.0 3.5758369743865934 0.43424432079680064 64.0 
223.0 338.0 3.5758369743865934 0.43424432079680064 64.0 
223.0 339.0 3.5758369743865934 0.43424432079680064 64.0 
223.0 340.0 3.5758369743865934 0.43424432079680064 64.0 
223.0 341.0 3.5758369743865934 0.43424432079680064 64.0 
224.0 335.0 3.5758369743865934 0.43424432079680064 64.0 
224.0 336.0 3.5758369743865934 0.43424432079680064 64.0 
224.0 337.0 3.5758369743865934 0.43424432079680064 64.0 
224.0 338.0 3.5758369743865934 0.43424432079680064 64.0 
224.0 339.0 3.5758369743865934 0.43424432079680064 64.0 
224.0 340.0 3.5758369743865934 0.43424432079680064 64.0 
224.0 341.0 3.5758369743865934 0.43424432079680064 64.0 
225.0 336.0 3.5758369743865934 0.43424432079680064 64.0 
225.0 337.0 3.5758369743865934 0.43424432079680064 64.0 
225.0 338.0 3.5758369743865934 0.43424432079680064 64.0 
225.0 339.0 3.5758369743865934 0.43424432079680064 64.0 
225.0 340.0 3.5758369743865934 0.43424432079680064 64.0 
225.0 341.0 3.5758369743865934 0.43424432079680064 64.0 
225.0 342.0 3.5758369743865934 0.43424432079680064 64.0 
226.0 336.0 3.5758369743865934 0.43424432079680064 64.0 
226.0 337.0 3.5758369743865934 0.43424432079680064 64.0 
226.0 338.0 3.5758369743865934 0.43424432079680064 64.0 
226.0 339.0 3.5758369743865934 0.43424432079680064 64.0 
226.0 340.0 3.5758369743865934 0.43424432079680064 64.0 
226.0 341.0 3.5758369743865934 0.43424432079680064 64.0 
226.0 342.0 3.5758369743865934 0.43424432079680064 64.0 
227.0 337.0 3.5758369743865934 0.43424432079680064 64.0 
227.0 338.0 3.5758369743865934 0.43424432079680064 64.0 
227.0 339.0 3.5758369743865934 0.43424432079680064 64.0 
227.0 340.0 3.5758369743865934 0.43424432079680064 64.0 
227.0 341.0 3.5758369743865934 0.43424432079680064 64.0 
227.0 342.0 3.5758369743865934 0.43424432079680064 64.0 
228.0 337.0 3.5758369743865934 0.43424432079680064 64.0 
228.0 338.0 3.5758369743865934 0.43424432079680064 64.0 
228.0 339.0 3.5758369743865934 0.43424432079680064 64.0 
228.0 340.0 3.5758369743865934 0.43424432079680064 64.0 
228.0 341.0 3.5758369743865934 0.43424432079680064 64.0 
228.0 342.0 3.5758369743865934 0.43424432079680064 64.0 
228.0 343.0 3.5758369743865934 0.43424432079680064 64.0 
229.0 338.0 3.5758369743865934 0.43424432079680064 64.0 
229.0 339.0 3.5758369743865934 0.43424432079680064 64.0 
229.0 340.0 3.5758369743865934 0.43424432079680064 64.0 
229.0 341.0 3.5758369743865934 0.43424432079680064 64.0 
229.0 342.0 3.5758369743865934 0.43424432079680064 64.0 
229.0 343.0 3.5758369743865934 0.43424432079680064 64.0 
230.0 338.0 3.5758369743865934 0.43424432079680064 64.0 
230.0 339.0 3.5758369743865934 0.43424432079680064 64.0 
230.0 340.0 3.5758369743865934 0.43424432079680064 64.0 
230.0 341.0 3.5758369743865934 0.43424432079680064 64.0 
230.0 342.0 3.5758369743865934 0.43424432079680064 64.0 
230.0 343.0 3.5758369743865934 0.43424432079680064 64.0 
230.0 344.0 3.5758369743865934 0.43424432079680064 64.0 
231.0 339.0 3.5758369743865934 0.43424432079680064 64.0 
231.0 340.0 3.5758369743865934 0.43424432079680064 64.0 
231.0 341.0 3.5758369743865934 0.43424432079680064 64.0 
231.0 342.0 3.5758369743865934 0.43424432079680064 64.0 
231.0 343.0 3.5758369743865934 0.43424432079680064 64.0 
231.0 344.0 3.5758369743865934 0.43424432079680064 64.0 
232.0 339.0 3.5758369743865934 0.43424432079680064 64.0 
232.0 340.0 3.5758369743865934 0.43424432079680064 64.0 
232.0 341.0 3.5758369743865934 0.43424432079680064 64.0 
232.0 342.0 3.5758369743865934 0.43424432079680064 64.0 
232.0 343.0 3.5758369743865934 0.43424432079680064 64.0 
232.0 344.0 3.5758369743865934 0.43424432079680064 64.0 
232.0 345.0 3.5758369743865934 0.43424432079680064 64.0 
233.0 340.0 3.5758369743865934 0.43424432079680064 64.0 
233.0 341.0 3.5758369743865934 0.43424432079680064 64.0 
233.0 342.0 3.5758369743865934 0.43424432079680064 64.0 
233.0 343.0 3.5758369743865934 0.43424432079680064 64.0 
233.0 344.0 3.5758369743865934 0.43424432079680064 64.0 
233.0 345.0 3.5758369743865934 0.43424432079680064 64.0 
234.0 340.0 3.5758369743865934 0.43424432079680064 64.0 
234.0 341.0 3.5758369743865934 0.43424432079680064 64.0 
234.0 342.0 3.5758369743865934 0.43424432079680064 64.0 
234.0 343.0 3.5758369743865934 0.43424432079680064 64.0 
234.0 344.0 3.5758369743865934 0.43424432079680064 64.0 
234.0 345.0 3.5758369743865934 0.43424432079680064 64.0 
234.0 346.0 3.5758369743865934 0.43424432079680064 64.0 
235.0 341.0 3.5758369743865934 0.43424432079680064 64.0 
235.0 342.0 3.5758369743865934 0.43424432079680064 64.0 
235.0 343.0 3.5758369743865934 0.43424432079680064 64.0 
235.0 344.0 3.5758369743865934 0.43424432079680064 64.0 
235.0 345.0 3.5758369743865934 0.43424432079680064 64.0 
235.0 346.0 3.5758369743865934 0.43424432079680064 64.0 
236.0 341.0 3.5758369743865934 0.43424432079680064 64.0 
236.0 342.0 3.5758369743865934 0.43424432079680064 64.0 
236.0 343.0 3.5758369743865934 0.43424432079680064 64.0 
236.0 344.0 3.5758369743865934 0.43424432079680064 64.0 
236.0 345.0 3.5758369743865934 0.43424432079680064 64.0 
236.0 346.0 3.5758369743865934 0.43424432079680064 64.0 
236.0 347.0 3.5758369743865934 0.43424432079680064 64.0 
237.0 341.0 3.5758369743865934 0.43424432079680064 64.0 
237.0 342.0 3.5758369743865934 0.43424432079680064 64.0 
237.0 343.0 3.5758369743865934 0.43424432079680064 64.0 
237.0 344.0 3.5758369743865934 0.43424432079680064 64.0 
237.0 345.0 3.5758369743865934 0.43424432079680064 64.0 
237.0 346.0 3.5758369743865934 0.43424432079680064 64.0 
237.0 347.0 3.5758369743865934 0.43424432079680064 64.0 
238.0 342.0 3.5758369743865934 0.43424432079680064 64.0 
238.0 343.0 3.5758369743865934 0.43424432079680064 64.0 
238.0 344.0 3.5758369743865934 0.43424432079680064 64.0 
238.0 345.0 3.5758369743865934 0.43424432079680064 64.0 
238.0 346.0 3.5758369743865934 0.43424432079680064 64.0 
238.0 347.0 3.5758369743865934 0.43424432079680064 64.0 
238.0 348.0 3.5758369743865934 0.43424432079680064 64.0 
239.0 342.0 3.5758369743865934 0.43424432079680064 64.0 
239.0 343.0 3.5758369743865934 0.43424432079680064 64.0 
239.0 344.0 3.5758369743865934 0.43424432079680064 64.0 
239.0 345.0 3.5758369743865934 0.43424432079680064 64.0 
239.0 346.0 3.5758369743865934 0.43424432079680064 64.0 
239.0 347.0 3.5758369743865934 0.43424432079680064 64.0 
239.0 348.0 3.5758369743865934 0.43424432079680064 64.0 
240.0 343.0 3.5758369743865934 0.43424432079680064 64.0 
240.0 344.0 3.5758369743865934 0.43424432079680064 64.0 
240.0 345.0 3.5758369743865934 0.43424432079680064 64.0 
240.0 346.0 3.5758369743865934 0.43424432079680064 64.0 
240.0 347.0 3.5758369743865934 0.43424432079680064 64.0 
240.0 348.0 3.5758369743865934 0.43424432079680064 64.0 
241.0 343.0 3.5758369743865934 0.43424432079680064 64.0 
241.0 344.0 3.5758369743865934 0.43424432079680064 64.0 
241.0 345.0 3.5758369743865934 0.43424432079680064 64.0 
241.0 346.0 3.5758369743865934 0.43424432079680064 64.0 
241.0 347.0 3.5758369743865934 0.43424432079680064 64.0 
241.0 348.0 3.5758369743865934 0.43424432079680064 64.0 
241.0 349.0 3.5758369743865934 0.43424432079680064 64.0 
242.0 344.0 3.5758369743865934 0.43424432079680064 64.0 
242.0 345.0 3.5758369743865934 0.43424432079680064 64.0 
242.0 346.0 3.5758369743865934 0.43424432079680064 64.0 
242.0 347.0 3.5758369743865934 0.43424432079680064 64.0 
242.0 348.0 3.5758369743865934 0.43424432079680064 64.0 
242.0 349.0 3.5758369743865934 0.43424432079680064 64.0 
243.0 344.0 3.5758369743865934 0.43424432079680064 64.0 
243.0 345.0 3.5758369743865934 0.43424432079680064 64.0 
243.0 346.0 3.5758369743865934 0.43424432079680064 64.0 
243.0 347.0 3.5758369743865934 0.43424432079680064 64.0 
243.0 348.0 3.5758369743865934 0.43424432079680064 64.0 
243.0 349.0 3.5758369743865934 0.43424432079680064 64.0 
243.0 350.0 3.5758369743865934 0.43424432079680064 64.0 
244.0 345.0 3.5758369743865934 0.43424432079680064 64.0 
244.0 346.0 3.5758369743865934 0.43424432079680064 64.0 
244.0 347.0 3.5758369743865934 0.43424432079680064 64.0 
244.0 348.0 3.5758369743865934 0.43424432079680064 64.0 
244.0 349.0 3.5758369743865934 0.43424432079680064 64.0 
244.0 350.0 3.5758369743865934 0.43424432079680064 64.0 
245.0 345.0 3.5758369743865934 0.43424432079680064 64.0 
245.0 346.0 3.5758369743865934 0.43424432079680064 64.0 
245.0 347.0 3.5758369743865934 0.43424432079680064 64.0 
245.0 348.0 3.5758369743865934 0.43424432079680064 64.0 
245.0 349.0 3.5758369743865934 0.43424432079680064 64.0 
245.0 350.0 3.5758369743865934 0.43424432079680064 64.0 
245.0 351.0 3.5758369743865934 0.43424432079680064 64.0 
246.0 346.0 3.5758369743865934 0.43424432079680064 64.0 
246.0 347.0 3.5758369743865934 0.43424432079680064 64.0 
246.0 348.0 3.5758369743865934 0.43424432079680064 64.0 
246.0 349.0 3.5758369743865934 0.43424432079680064 64.0 
246.0 350.0 3.5758369743865934 0.43424432079680064 64.0 
246.0 351.0 3.5758369743865934 0.43424432079680064 64.0 
247.0 346.0 3.5758369743865934 0.43424432079680064 64.0 
247.0 347.0 3.5758369743865934 0.43424432079680064 64.0 
247.0 348.0 3.5758369743865934 0.43424432079680064 64.0 
247.0 349.0 3.5758369743865934 0.43424432079680064 64.0 
247.0 350.0 3.5758369743865934 0.43424432079680064 64.0 
247.0 351.0 3.5758369743865934 0.43424432079680064 64.0 
247.0 352.0 3.5758369743865934 0.43424432079680064 64.0 
248.0 347.0 3.5758369743865934 0.43424432079680064 64.0 
248.0 348.0 3.5758369743865934 0.43424432079680064 64.0 
248.0 349.0 3.5758369743865934 0.43424432079680064 64.0 
248.0 350.0 3.5758369743865934 0.43424432079680064 64.0 
248.0 351.0 3.5758369743865934 0.43424432079680064 64.0 
248.0 352.0 3.5758369743865934 0.43424432079680064 64.0 
249.0 347.0 3.5758369743865934 0.43424432079680064 64.0 
249.0 348.0 3.5758369743865934 0.43424432079680064 64.0 
249.0 349.0 3.5758369743865934 0.43424432079680064 64.0 
249.0 350.0 3.5758369743865934 0.43424432079680064 64.0 
249.0 351.0 3.5758369743865934 0.43424432079680064 64.0 
249.0 352.0 3.5758369743865934 0.43424432079680064 64.0 
249.0 353.0 3.5758369743865934 0.43424432079680064 64.0 
250.0 347.0 3.5758369743865934 0.43424432079680064 64.0 
250.0 348.0 3.5758369743865934 0.43424432079680064 64.0 
250.0 349.0 3.5758369743865934 0.43424432079680064 64.0 
250.0 350.0 3.5758369743865934 0.43424432079680064 64.0 
250.0 351.0 3.5758369743865934 0.43424432079680064 64.0 
250.0 352.0 3.5758369743865934 0.43424432079680064 64.0 
250.0 353.0 3.5758369743865934 0.43424432079680064 64.0 
251.0 348.0 3.5758369743865934 0.43424432079680064 64.0 
251.0 349.0 3.5758369743865934 0.43424432079680064 64.0 
251.0 350.0 3.5758369743865934 0.43424432079680064 64.0 
251.0 351.0 3.5758369743865934 0.43424432079680064 64.0 
251.0 352.0 3.5758369743865934 0.43424432079680064 64.0 
251.0 353.0 3.5758369743865934 0.43424432079680064 64.0 
251.0 354.0 3.5758369743865934 0.43424432079680064 64.0 
252.0 348.0 3.5758369743865934 0.43424432079680064 64.0 
252.0 349.0 3.5758369743865934 0.43424432079680064 64.0 
252.0 350.0 3.5758369743865934 0.43424432079680064 64.0 
252.0 351.0 3.5758369743865934 0.43424432079680064 64.0 
252.0 352.0 3.5758369743865934 0.43424432079680064 64.0 
252.0 353.0 3.5758369743865934 0.43424432079680064 64.0 
252.0 354.0 3.5758369743865934 0.43424432079680064 64.0 
253.0 349.0 3.5758369743865934 0.43424432079680064 64.0 
253.0 350.0 3.5758369743865934 0.43424432079680064 64.0 
253.0 351.0 3.5758369743865934 0.43424432079680064 64.0 
253.0 352.0 3.5758369743865934 0.43424432079680064 64.0 
253.0 353.0 3.5758369743865934 0.43424432079680064 64.0 
253.0 354.0 3.5758369743865934 0.43424432079680064 64.0 
253.0 355.0 3.5758369743865934 0.43424432079680064 64.0 
254.0 349.0 3.5758369743865934 0.43424432079680064 64.0 
254.0 350.0 3.5758369743865934 0.43424432079680064 64.0 
254.0 351.0 3.5758369743865934 0.43424432079680064 64.0 
254.0 352.0 3.5758369743865934 0.43424432079680064 64.0 
254.0 353.0 3.5758369743865934 0.43424432079680064 64.0 
254.0 354.0 3.5758369743865934 0.43424432079680064 64.0 
254.0 355.0 3.5758369743865934 0.43424432079680064 64.0 
255.0 350.0 3.5758369743865934 0.43424432079680064 64.0 
255.0 351.0 3.5758369743865934 0.43424432079680064 64.0 
255.0 352.0 3.5758369743865934 0.43424432079680064 64.0 
255.0 353.0 3.5758369743865934 0.43424432079680064 64.0 
255.0 354.0 3.5758369743865934 0.43424432079680064 64.0 
255.0 355.0 3.5758369743865934 0.43424432079680064 64.0 
256.0 350.0 3.5758369743865934 0.43424432079680064 64.0 
256.0 351.0 3.5758369743865934 0.43424432079680064 64.0 
256.0 352.0 3.5758369743865934 0.43424432079680064 64.0 
256.0 353.0 3.5758369743865934 0.43424432079680064 64.0 
256.0 354.0 3.5758369743865934 0.43424432079680064 64.0 
256.0 355.0 3.5758369743865934 0.43424432079680064 64.0 
256.0 356.0 3.5758369743865934 0.43424432079680064 64.0 
257.0 351.0 3.5758369743865934 0.43424432079680064 64.0 
257.0 352.0 3.5758369743865934 0.43424432079680064 64.0 
257.0 353.0 3.5758369743865934 0.43424432079680064 64.0 
257.0 354.0 3.5758369743865934 0.43424432079680064 64.0 
257.0 355.0 3.5758369743865934 0.43424432079680064 64.0 
257.0 356.0 3.5758369743865934 0.43424432079680064 64.0 
258.0 351.0 3.5758369743865934 0.43424432079680064 64.0 
258.0 352.0 3.5758369743865934 0.43424432079680064 64.0 
258.0 353.0 3.5758369743865934 0.43424432079680064 64.0 
258.0 354.0 3.5758369743865934 0.43424432079680064 64.0 
258.0 355.0 3.5758369743865934 0.43424432079680064 64.0 
258.0 356.0 3.5758369743865934 0.43424432079680064 64.0 
258.0 357.0 3.5758369743865934 0.43424432079680064 64.0 
259.0 352.0 3.5758369743865934 0.43424432079680064 64.0 
259.0 353.0 3.5758369743865934 0.43424432079680064 64.0 
259.0 354.0 3.5758369743865934 0.43424432079680064 64.0 
259.0 355.0 3.5758369743865934 0.43424432079680064 64.0 
259.0 356.0 3.5758369743865934 0.43424432079680064 64.0 
259.0 357.0 3.5758369743865934 0.43424432079680064 64.0 
260.0 352.0 3.5758369743865934 0.43424432079680064 64.0 
260.0 353.0 3.5758369743865934 0.43424432079680064 64.0 
260.0 354.0 3.5758369743865934 0.43424432079680064 64.0 
260.0 355.0 3.5758369743865934 0.43424432079680064 64.0 
260.0 356.0 3.5758369743865934 0.43424432079680064 64.0 
260.0 357.0 3.5758369743865934 0.43424432079680064 64.0 
260.0 358.0 3.5758369743865934 0.43424432079680064 64.0 
261.0 353.0 3.5758369743865934 0.43424432079680064 64.0 
261.0 354.0 3.5758369743865934 0.43424432079680064 64.0 
261.0 355.0 3.5758369743865934 0.43424432079680064 64.0 
261.0 356.0 3.5758369743865934 0.43424432079680064 64.0 
261.0 357.0 3.5758369743865934 0.43424432079680064 64.0 
261.0 358.0 3.5758369743865934 0.43424432079680064 64.0 
262.0 353.0 3.5758369743865934 0.43424432079680064 64.0 
262.0 354.0 3.5758369743865934 0.43424432079680064 64.0 
262.0 355.0 3.5758369743865934 0.43424432079680064 64.0 
262.0 356.0 3.5758369743865934 0.43424432079680064 64.0 
262.0 357.0 3.5758369743865934 0.43424432079680064 64.0 
262.0 358.0 3.5758369743865934 0.43424432079680064 64.0 
262.0 359.0 3.5758369743865934 0.43424432079680064 64.0 
263.0 354.0 3.5758369743865934 0.43424432079680064 64.0 
263.0 355.0 3.5758369743865934 0.43424432079680064 64.0 
263.0 356.0 3.5758369743865934 0.43424432079680064 64.0 
263.0 357.0 3.5758369743865934 0.43424432079680064 64.0 
263.0 358.0 3.5758369743865934 0.43424432079680064 64.0 
263.0 359.0 3.5758369743865934 0.43424432079680064 64.0 
264.0 354.0 3.5758369743865934 0.43424432079680064 64.0 
264.0 355.0 3.5758369743865934 0.43424432079680064 64.0 
264.0 356.0 3.5758369743865934 0.43424432079680064 64.0 
264.0 357.0 3.5758369743865934 0.43424432079680064 64.0 
264.0 358.0 3.5758369743865934 0.43424432079680064 64.0 
264.0 359.0 3.5758369743865934 0.43424432079680064 64.0 
264.0 360.0 3.5758369743865934 0.43424432079680064 64.0 
265.0 354.0 3.5758369743865934 0.43424432079680064 64.0 
265.0 355.0 3.5758369743865934 0.43424432079680064 64.0 
265.0 356.0 3.5758369743865934 0.43424432079680064 64.0 
265.0 357.0 3.5758369743865934 0.43424432079680064 64.0 
265.0 358.0 3.5758369743865934 0.43424432079680064 64.0 
265.0 359.0 3.5758369743865934 0.43424432079680064 64.0 
265.0 360.0 3.5758369743865934 0.43424432079680064 64.0 
266.0 355.0 3.5758369743865934 0.43424432079680064 64.0 
266.0 356.0 3.5758369743865934 0.43424432079680064 64.0 
266.0 357.0 3.5758369743865934 0.43424432079680064 64.0 
266.0 358.0 3.5758369743865934 0.43424432079680064 64.0 
266.0 359.0 3.5758369743865934 0.43424432079680064 64.0 
266.0 360.0 3.5758369743865934 0.43424432079680064 64.0 
266.0 361.0 3.5758369743865934 0.43424432079680064 64.0 
267.0 355.0 3.5758369743865934 0.43424432079680064 64.0 
267.0 356.0 3.5758369743865934 0.43424432079680064 64.0 
267.0 357.0 3.5758369743865934 0.43424432079680064 64.0 
267.0 358.0 3.5758369743865934 0.43424432079680064 64.0 
267.0 359.0 3.5758369743865934 0.43424432079680064 64.0 
267.0 360.0 3.5758369743865934 0.43424432079680064 64.0 
267.0 361.0 3.5758369743865934 0.43424432079680064 64.0 
268.0 356.0 3.5758369743865934 0.43424432079680064 64.0 
268.0 357.0 3.5758369743865934 0.43424432079680064 64.0 
268.0 358.0 3.5758369743865934 0.43424432079680064 64.0 
268.0 359.0 3.5758369743865934 0.43424432079680064 64.0 
268.0 360.0 3.5758369743865934 0.43424432079680064 64.0 
268.0 361.0 3.5758369743865934 0.43424432079680064 64.0 
269.0 356.0 3.5758369743865934 0.43424432079680064 64.0 
269.0 357.0 3.5758369743865934 0.43424432079680064 64.0 
269.0 358.0 3.5758369743865934 0.43424432079680064 64.0 
269.0 359.0 3.5758369743865934 0.43424432079680064 64.0 
269.0 360.0 3.5758369743865934 0.43424432079680064 64.0 
269.0 361.0 3.5758369743865934 0.43424432079680064 64.0 
269.0 362.0 3.5758369743865934 0.43424432079680064 64.0 
270.0 357.0 3.5758369743865934 0.43424432079680064 64.0 
270.0 358.0 3.5758369743865934 0.43424432079680064 64.0 
270.0 359.0 3.5758369743865934 0.43424432079680064 64.0 
270.0 360.0 3.5758369743865934 0.43424432079680064 64.0 
270.0 361.0 3.5758369743865934 0.43424432079680064 64.0 
270.0 362.0 3.5758369743865934 0.43424432079680064 64.0 
271.0 357.0 3.5758369743865934 0.43424432079680064 64.0 
271.0 358.0 3.5758369743865934 0.43424432079680064 64.0 
271.0 359.0 3.5758369743865934 0.43424432079680064 64.0 
271.0 360.0 3.5758369743865934 0.43424432079680064 64.0 
271.0 361.0 3.5758369743865934 0.43424432079680064 64.0 
271.0 362.0 3.5758369743865934 0.43424432079680064 64.0 
271.0 363.0 3.5758369743865934 0.43424432079680064 64.0 
272.0 358.0 3.5758369743865934 0.43424432079680064 64.0 
272.0 359.0 3.5758369743865934 0.43424432079680064 64.0 
272.0 360.0 3.5758369743865934 0.43424432079680064 64.0 
272.0 361.0 3.5758369743865934 0.43424432079680064 64.0 
272.0 362.0 3.5758369743865934 0.43424432079680064 64.0 
272.0 363.0 3.5758369743865934 0.43424432079680064 64.0 
273.0 358.0 3.5758369743865934 0.43424432079680064 64.0 
273.0 359.0 3.5758369743865934 0.43424432079680064 64.0 
273.0 360.0 3.5758369743865934 0.43424432079680064 64.0 
273.0 361.0 3.5758369743865934 0.43424432079680064 64.0 
273.0 362.0 3.5758369743865934 0.43424432079680064 64.0 
273.0 363.0 3.5758369743865934 0.43424432079680064 64.0 
273.0 364.0 3.5758369743865934 0.43424432079680064 64.0 
274.0 359.0 3.5758369743865934 0.43424432079680064 64.0 
274.0 360.0 3.5758369743865934 0.43424432079680064 64.0 
274.0 361.0 3.5758369743865934 0.43424432079680064 64.0 
274.0 362.0 3.5758369743865934 0.43424432079680064 64.0 
274.0 363.0 3.5758369743865934 0.43424432079680064 64.0 
274.0 364.0 3.5758369743865934 0.43424432079680064 64.0 
275.0 359.0 3.5758369743865934 0.43424432079680064 64.0 
275.0 360.0 3.5758369743865934 0.43424432079680064 64.0 
275.0 361.0 3.5758369743865934 0.43424432079680064 64.0 
275.0 362.0 3.5758369743865934 0.43424432079680064 64.0 
275.0 363.0 3.5758369743865934 0.43424432079680064 64.0 
275.0 364.0 3.5758369743865934 0.43424432079680064 64.0 
275.0 365.0 3.5758369743865934 0.43424432079680064 64.0 
276.0 360.0 3.5758369743865934 0.43424432079680064 64.0 
276.0 361.0 3.5758369743865934 0.43424432079680064 64.0 
276.0 362.0 3.5758369743865934 0.43424432079680064 64.0 
276.0 363.0 3.5758369743865934 0.43424432079680064 64.0 
276.0 364.0 3.5758369743865934 0.43424432079680064 64.0 
276.0 365.0 3.5758369743865934 0.43424432079680064 64.0 
277.0 360.0 3.5758369743865934 0.43424432079680064 64.0 
277.0 361.0 3.5758369743865934 0.43424432079680064 64.0 
277.0 362.0 3.5758369743865934 0.43424432079680064 64.0 
277.0 363.0 3.5758369743865934 0.43424432079680064 64.0 
277.0 364.0 3.5758369743865934 0.43424432079680064 64.0 
277.0 365.0 3.5758369743865934 0.43424432079680064 64.0 
277.0 366.0 3.5758369743865934 0.43424432079680064 64.0 
278.0 360.0 3.5758369743865934 0.43424432079680064 64.0 
278.0 361.0 3.5758369743865934 0.43424432079680064 64.0 
278.0 362.0 3.5758369743865934 0.43424432079680064 64.0 
278.0 363.0 3.5758369743865934 0.43424432079680064 64.0 
278.0 364.0 3.5758369743865934 0.43424432079680064 64.0 
278.0 365.0 3.5758369743865934 0.43424432079680064 64.0 
278.0 366.0 3.5758369743865934 0.43424432079680064 64.0 
279.0 361.0 3.5758369743865934 0.43424432079680064 64.0 
279.0 362.0 3.5758369743865934 0.43424432079680064 64.0 
279.0 363.0 3.5758369743865934 0.43424432079680064 64.0 
279.0 364.0 3.5758369743865934 0.43424432079680064 64.0 
279.0 365.0 3.5758369743865934 0.43424432079680064 64.0 
279.0 366.0 3.5758369743865934 0.43424432079680064 64.0 
279.0 367.0 3.5758369743865934 0.43424432079680064 64.0 
280.0 361.0 3.5758369743865934 0.43424432079680064 64.0 
280.0 362.0 3.5758369743865934 0.43424432079680064 64.0 
280.0 363.0 3.5758369743865934 0.43424432079680064 64.0 
280.0 364.0 3.5758369743865934 0.43424432079680064 64.0 
280.0 365.0 3.5758369743865934 0.43424432079680064 64.0 
280.0 366.0 3.5758369743865934 0.43424432079680064 64.0 
280.0 367.0 3.5758369743865934 0.43424432079680064 64.0 
281.0 362.0 3.5758369743865934 0.43424432079680064 64.0 
281.0 363.0 3.5758369743865934 0.43424432079680064 64.0 
281.0 364.0 3.5758369743865934 0.43424432079680064 64.0 
281.0 365.0 3.5758369743865934 0.43424432079680064 64.0 
281.0 366.0 3.5758369743865934 0.43424432079680064 64.0 
281.0 367.0 3.5758369743865934 0.43424432079680064 64.0 
282.0 362.0 3.5758369743865934 0.43424432079680064 64.0 
282.0 363.0 3.5758369743865934 0.43424432079680064 64.0 
282.0 364.0 3.5758369743865934 0.43424432079680064 64.0 
282.0 365.0 3.5758369743865934 0.43424432079680064 64.0 
282.0 366.0 3.5758369743865934 0.43424432079680064 64.0 
282.0 367.0 3.5758369743865934 0.43424432079680064 64.0 
282.0 368.0 3.5758369743865934 0.43424432079680064 64.0 
283.0 363.0 3.5758369743865934 0.43424432079680064 64.0 
283.0 364.0 3.5758369743865934 0.43424432079680064 64.0 
283.0 365.0 3.5758369743865934 0.43424432079680064 64.0 
283.0 366.0 3.5758369743865934 0.43424432079680064 64.0 
283.0 367.0 3.5758369743865934 0.43424432079680064 64.0 
283.0 368.0 3.5758369743865934 0.43424432079680064 64.0 
284.0 363.0 3.5758369743865934 0.43424432079680064 64.0 
284.0 364.0 3.5758369743865934 0.43424432079680064 64.0 
284.0 365.0 3.5758369743865934 0.43424432079680064 64.0 
284.0 366.0 3.5758369743865934 0.43424432079680064 64.0 
284.0 367.0 3.5758369743865934 0.43424432079680064 64.0 
284.0 368.0 3.5758369743865934 0.43424432079680064 64.0 
284.0 369.0 3.5758369743865934 0.43424432079680064 64.0 
285.0 364.0 3.5758369743865934 0.43424432079680064 64.0 
285.0 365.0 3.5758369743865934 0.43424432079680064 64.0 
285.0 366.0 3.5758369743865934 0.43424432079680064 64.0 
285.0 367.0 3.5758369743865934 0.43424432079680064 64.0 
285.0 368.0 3.5758369743865934 0.43424432079680064 64.0 
285.0 369.0 3.5758369743865934 0.43424432079680064 64.0 
286.0 364.0 3.5758369743865934 0.43424432079680064 64.0 
286.0 365.0 3.5758369743865934 0.43424432079680064 64.0 
286.0 366.0 3.5758369743865934 0.43424432079680064 64.0 
