171.0 329.0 3.012445363461773 6.154038017051566 72.0 
171.0 330.0 3.012445363461773 6.154038017051566 72.0 
171.0 331.0 3.012445363461773 6.154038017051566 72.0 
172.0 329.0 3.012445363461773 6.154038017051566 72.0 
172.0 330.0 3.012445363461773 6.154038017051566 72.0 
172.0 331.0 3.012445363461773 6.154038017051566 72.0 
172.0 332.0 3.012445363461773 6.154038017051566 72.0 
172.0 333.0 3.012445363461773 6.154038017051566 72.0 
172.0 334.0 3.012445363461773 6.154038017051566 72.0 
173.0 329.0 3.012445363461773 6.154038017051566 72.0 
173.0 330.0 3.012445363461773 6.154038017051566 72.0 
173.0 331.0 3.012445363461773 6.154038017051566 72.0 
173.0 332.0 3.012445363461773 6.154038017051566 72.0 
173.0 333.0 3.012445363461773 6.154038017051566 72.0 
173.0 334.0 3.012445363461773 6.154038017051566 72.0 
174.0 329.0 3.012445363461773 6.154038017051566 72.0 
174.0 330.0 3.012445363461773 6.154038017051566 72.0 
174.0 331.0 3.012445363461773 6.154038017051566 72.0 
174.0 332.0 3.012445363461773 6.154038017051566 72.0 
174.0 333.0 3.012445363461773 6.154038017051566 72.0 
174.0 334.0 3.012445363461773 6.154038017051566 72.0 
175.0 329.0 3.012445363461773 6.154038017051566 72.0 
175.0 330.0 3.012445363461773 6.154038017051566 72.0 
175.0 331.0 3.012445363461773 6.154038017051566 72.0 
175.0 332.0 3.012445363461773 6.154038017051566 72.0 
175.0 333.0 3.012445363461773 6.154038017051566 72.0 
175.0 334.0 3.012445363461773 6.154038017051566 72.0 
176.0 329.0 3.012445363461773 6.154038017051566 72.0 
176.0 330.0 3.012445363461773 6.154038017051566 72.0 
176.0 331.0 3.012445363461773 6.154038017051566 72.0 
176.0 332.0 3.012445363461773 6.154038017051566 72.0 
176.0 333.0 3.012445363461773 6.154038017051566 72.0 
176.0 334.0 3.012445363461773 6.154038017051566 72.0 
177.0 329.0 3.012445363461773 6.154038017051566 72.0 
177.0 330.0 3.012445363461773 6.154038017051566 72.0 
177.0 331.0 3.012445363461773 6.154038017051566 72.0 
177.0 332.0 3.012445363461773 6.154038017051566 72.0 
177.0 333.0 3.012445363461773 6.154038017051566 72.0 
177.0 334.0 3.012445363461773 6.154038017051566 72.0 
178.0 329.0 3.012445363461773 6.154038017051566 72.0 
178.0 330.0 3.012445363461773 6.154038017051566 72.0 
178.0 331.0 3.012445363461773 6.154038017051566 72.0 
178.0 332.0 3.012445363461773 6.154038017051566 72.0 
178.0 333.0 3.012445363461773 6.154038017051566 72.0 
178.0 334.0 3.012445363461773 6.154038017051566 72.0 
179.0 328.0 3.012445363461773 6.154038017051566 72.0 
179.0 329.0 3.012445363461773 6.154038017051566 72.0 
179.0 330.0 3.012445363461773 6.154038017051566 72.0 
179.0 331.0 3.012445363461773 6.154038017051566 72.0 
179.0 332.0 3.012445363461773 6.154038017051566 72.0 
179.0 333.0 3.012445363461773 6.154038017051566 72.0 
180.0 328.0 3.012445363461773 6.154038017051566 72.0 
180.0 329.0 3.012445363461773 6.154038017051566 72.0 
180.0 330.0 3.012445363461773 6.154038017051566 72.0 
180.0 331.0 3.012445363461773 6.154038017051566 72.0 
180.0 332.0 3.012445363461773 6.154038017051566 72.0 
180.0 333.0 3.012445363461773 6.154038017051566 72.0 
181.0 328.0 3.012445363461773 6.154038017051566 72.0 
181.0 329.0 3.012445363461773 6.154038017051566 72.0 
181.0 330.0 3.012445363461773 6.154038017051566 72.0 
181.0 331.0 3.012445363461773 6.154038017051566 72.0 
181.0 332.0 3.012445363461773 6.154038017051566 72.0 
181.0 333.0 3.012445363461773 6.154038017051566 72.0 
182.0 328.0 3.012445363461773 6.154038017051566 72.0 
182.0 329.0 3.012445363461773 6.154038017051566 72.0 
182.0 330.0 3.012445363461773 6.154038017051566 72.0 
182.0 331.0 3.012445363461773 6.154038017051566 72.0 
182.0 332.0 3.012445363461773 6.154038017051566 72.0 
182.0 333.0 3.012445363461773 6.154038017051566 72.0 
183.0 328.0 3.012445363461773 6.154038017051566 72.0 
183.0 329.0 3.012445363461773 6.154038017051566 72.0 
183.0 330.0 3.012445363461773 6.154038017051566 72.0 
183.0 331.0 3.012445363461773 6.154038017051566 72.0 
183.0 332.0 3.012445363461773 6.154038017051566 72.0 
183.0 333.0 3.012445363461773 6.154038017051566 72.0 
184.0 328.0 3.012445363461773 6.154038017051566 72.0 
184.0 329.0 3.012445363461773 6.154038017051566 72.0 
184.0 330.0 3.012445363461773 6.154038017051566 72.0 
184.0 331.0 3.012445363461773 6.154038017051566 72.0 
184.0 332.0 3.012445363461773 6.154038017051566 72.0 
184.0 333.0 3.012445363461773 6.154038017051566 72.0 
185.0 328.0 3.012445363461773 6.154038017051566 72.0 
185.0 329.0 3.012445363461773 6.154038017051566 72.0 
185.0 330.0 3.012445363461773 6.154038017051566 72.0 
185.0 331.0 3.012445363461773 6.154038017051566 72.0 
185.0 332.0 3.012445363461773 6.154038017051566 72.0 
185.0 333.0 3.012445363461773 6.154038017051566 72.0 
186.0 328.0 3.012445363461773 6.154038017051566 72.0 
186.0 329.0 3.012445363461773 6.154038017051566 72.0 
186.0 330.0 3.012445363461773 6.154038017051566 72.0 
186.0 331.0 3.012445363461773 6.154038017051566 72.0 
186.0 332.0 3.012445363461773 6.154038017051566 72.0 
186.0 333.0 3.012445363461773 6.154038017051566 72.0 
187.0 327.0 3.012445363461773 6.154038017051566 72.0 
187.0 328.0 3.012445363461773 6.154038017051566 72.0 
187.0 329.0 3.012445363461773 6.154038017051566 72.0 
187.0 330.0 3.012445363461773 6.154038017051566 72.0 
187.0 331.0 3.012445363461773 6.154038017051566 72.0 
187.0 332.0 3.012445363461773 6.154038017051566 72.0 
188.0 327.0 3.012445363461773 6.154038017051566 72.0 
188.0 328.0 3.012445363461773 6.154038017051566 72.0 
188.0 329.0 3.012445363461773 6.154038017051566 72.0 
188.0 330.0 3.012445363461773 6.154038017051566 72.0 
188.0 331.0 3.012445363461773 6.154038017051566 72.0 
188.0 332.0 3.012445363461773 6.154038017051566 72.0 
189.0 327.0 3.012445363461773 6.154038017051566 72.0 
189.0 328.0 3.012445363461773 6.154038017051566 72.0 
189.0 329.0 3.012445363461773 6.154038017051566 72.0 
189.0 330.0 3.012445363461773 6.154038017051566 72.0 
189.0 331.0 3.012445363461773 6.154038017051566 72.0 
189.0 332.0 3.012445363461773 6.154038017051566 72.0 
190.0 327.0 3.012445363461773 6.154038017051566 72.0 
190.0 328.0 3.012445363461773 6.154038017051566 72.0 
190.0 329.0 3.012445363461773 6.154038017051566 72.0 
190.0 330.0 3.012445363461773 6.154038017051566 72.0 
190.0 331.0 3.012445363461773 6.154038017051566 72.0 
190.0 332.0 3.012445363461773 6.154038017051566 72.0 
191.0 327.0 3.012445363461773 6.154038017051566 72.0 
191.0 328.0 3.012445363461773 6.154038017051566 72.0 
191.0 329.0 3.012445363461773 6.154038017051566 72.0 
191.0 330.0 3.012445363461773 6.154038017051566 72.0 
191.0 331.0 3.012445363461773 6.154038017051566 72.0 
191.0 332.0 3.012445363461773 6.154038017051566 72.0 
192.0 327.0 3.012445363461773 6.154038017051566 72.0 
192.0 328.0 3.012445363461773 6.154038017051566 72.0 
192.0 329.0 3.012445363461773 6.154038017051566 72.0 
192.0 330.0 3.012445363461773 6.154038017051566 72.0 
192.0 331.0 3.012445363461773 6.154038017051566 72.0 
192.0 332.0 3.012445363461773 6.154038017051566 72.0 
193.0 327.0 3.012445363461773 6.154038017051566 72.0 
193.0 328.0 3.012445363461773 6.154038017051566 72.0 
193.0 329.0 3.012445363461773 6.154038017051566 72.0 
193.0 330.0 3.012445363461773 6.154038017051566 72.0 
193.0 331.0 3.012445363461773 6.154038017051566 72.0 
193.0 332.0 3.012445363461773 6.154038017051566 72.0 
194.0 326.0 3.012445363461773 6.154038017051566 72.0 
194.0 327.0 3.012445363461773 6.154038017051566 72.0 
194.0 328.0 3.012445363461773 6.154038017051566 72.0 
194.0 329.0 3.012445363461773 6.154038017051566 72.0 
194.0 330.0 3.012445363461773 6.154038017051566 72.0 
194.0 331.0 3.012445363461773 6.154038017051566 72.0 
194.0 332.0 3.012445363461773 6.154038017051566 72.0 
195.0 326.0 3.012445363461773 6.154038017051566 72.0 
195.0 327.0 3.012445363461773 6.154038017051566 72.0 
195.0 328.0 3.012445363461773 6.154038017051566 72.0 
195.0 329.0 3.012445363461773 6.154038017051566 72.0 
195.0 330.0 3.012445363461773 6.154038017051566 72.0 
195.0 331.0 3.012445363461773 6.154038017051566 72.0 
196.0 326.0 3.012445363461773 6.154038017051566 72.0 
196.0 327.0 3.012445363461773 6.154038017051566 72.0 
196.0 328.0 3.012445363461773 6.154038017051566 72.0 
196.0 329.0 3.012445363461773 6.154038017051566 72.0 
196.0 330.0 3.012445363461773 6.154038017051566 72.0 
196.0 331.0 3.012445363461773 6.154038017051566 72.0 
197.0 326.0 3.012445363461773 6.154038017051566 72.0 
197.0 327.0 3.012445363461773 6.154038017051566 72.0 
197.0 328.0 3.012445363461773 6.154038017051566 72.0 
197.0 329.0 3.012445363461773 6.154038017051566 72.0 
197.0 330.0 3.012445363461773 6.154038017051566 72.0 
197.0 331.0 3.012445363461773 6.154038017051566 72.0 
198.0 326.0 3.012445363461773 6.154038017051566 72.0 
198.0 327.0 3.012445363461773 6.154038017051566 72.0 
198.0 328.0 3.012445363461773 6.154038017051566 72.0 
198.0 329.0 3.012445363461773 6.154038017051566 72.0 
198.0 330.0 3.012445363461773 6.154038017051566 72.0 
198.0 331.0 3.012445363461773 6.154038017051566 72.0 
199.0 326.0 3.012445363461773 6.154038017051566 72.0 
199.0 327.0 3.012445363461773 6.154038017051566 72.0 
199.0 328.0 3.012445363461773 6.154038017051566 72.0 
199.0 329.0 3.012445363461773 6.154038017051566 72.0 
199.0 330.0 3.012445363461773 6.154038017051566 72.0 
199.0 331.0 3.012445363461773 6.154038017051566 72.0 
200.0 326.0 3.012445363461773 6.154038017051566 72.0 
200.0 327.0 3.012445363461773 6.154038017051566 72.0 
200.0 328.0 3.012445363461773 6.154038017051566 72.0 
200.0 329.0 3.012445363461773 6.154038017051566 72.0 
200.0 330.0 3.012445363461773 6.154038017051566 72.0 
200.0 331.0 3.012445363461773 6.154038017051566 72.0 
201.0 326.0 3.012445363461773 6.154038017051566 72.0 
201.0 327.0 3.012445363461773 6.154038017051566 72.0 
201.0 328.0 3.012445363461773 6.154038017051566 72.0 
201.0 329.0 3.012445363461773 6.154038017051566 72.0 
201.0 330.0 3.012445363461773 6.154038017051566 72.0 
201.0 331.0 3.012445363461773 6.154038017051566 72.0 
202.0 325.0 3.012445363461773 6.154038017051566 72.0 
202.0 326.0 3.012445363461773 6.154038017051566 72.0 
202.0 327.0 3.012445363461773 6.154038017051566 72.0 
202.0 328.0 3.012445363461773 6.154038017051566 72.0 
202.0 329.0 3.012445363461773 6.154038017051566 72.0 
202.0 330.0 3.012445363461773 6.154038017051566 72.0 
203.0 325.0 3.012445363461773 6.154038017051566 72.0 
203.0 326.0 3.012445363461773 6.154038017051566 72.0 
203.0 327.0 3.012445363461773 6.154038017051566 72.0 
203.0 328.0 3.012445363461773 6.154038017051566 72.0 
203.0 329.0 3.012445363461773 6.154038017051566 72.0 
203.0 330.0 3.012445363461773 6.154038017051566 72.0 
204.0 325.0 3.012445363461773 6.154038017051566 72.0 
204.0 326.0 3.012445363461773 6.154038017051566 72.0 
204.0 327.0 3.012445363461773 6.154038017051566 72.0 
204.0 328.0 3.012445363461773 6.154038017051566 72.0 
204.0 329.0 3.012445363461773 6.154038017051566 72.0 
204.0 330.0 3.012445363461773 6.154038017051566 72.0 
205.0 325.0 3.012445363461773 6.154038017051566 72.0 
205.0 326.0 3.012445363461773 6.154038017051566 72.0 
205.0 327.0 3.012445363461773 6.154038017051566 72.0 
205.0 328.0 3.012445363461773 6.154038017051566 72.0 
205.0 329.0 3.012445363461773 6.154038017051566 72.0 
205.0 330.0 3.012445363461773 6.154038017051566 72.0 
206.0 325.0 3.012445363461773 6.154038017051566 72.0 
206.0 326.0 3.012445363461773 6.154038017051566 72.0 
206.0 327.0 3.012445363461773 6.154038017051566 72.0 
206.0 328.0 3.012445363461773 6.154038017051566 72.0 
206.0 329.0 3.012445363461773 6.154038017051566 72.0 
206.0 330.0 3.012445363461773 6.154038017051566 72.0 
207.0 325.0 3.012445363461773 6.154038017051566 72.0 
207.0 326.0 3.012445363461773 6.154038017051566 72.0 
207.0 327.0 3.012445363461773 6.154038017051566 72.0 
207.0 328.0 3.012445363461773 6.154038017051566 72.0 
207.0 329.0 3.012445363461773 6.154038017051566 72.0 
207.0 330.0 3.012445363461773 6.154038017051566 72.0 
208.0 325.0 3.012445363461773 6.154038017051566 72.0 
208.0 326.0 3.012445363461773 6.154038017051566 72.0 
208.0 327.0 3.012445363461773 6.154038017051566 72.0 
208.0 328.0 3.012445363461773 6.154038017051566 72.0 
208.0 329.0 3.012445363461773 6.154038017051566 72.0 
208.0 330.0 3.012445363461773 6.154038017051566 72.0 
209.0 325.0 3.012445363461773 6.154038017051566 72.0 
209.0 326.0 3.012445363461773 6.154038017051566 72.0 
209.0 327.0 3.012445363461773 6.154038017051566 72.0 
209.0 328.0 3.012445363461773 6.154038017051566 72.0 
209.0 329.0 3.012445363461773 6.154038017051566 72.0 
209.0 330.0 3.012445363461773 6.154038017051566 72.0 
210.0 324.0 3.012445363461773 6.154038017051566 72.0 
210.0 325.0 3.012445363461773 6.154038017051566 72.0 
210.0 326.0 3.012445363461773 6.154038017051566 72.0 
210.0 327.0 3.012445363461773 6.154038017051566 72.0 
210.0 328.0 3.012445363461773 6.154038017051566 72.0 
210.0 329.0 3.012445363461773 6.154038017051566 72.0 
211.0 324.0 3.012445363461773 6.154038017051566 72.0 
211.0 325.0 3.012445363461773 6.154038017051566 72.0 
211.0 326.0 3.012445363461773 6.154038017051566 72.0 
211.0 327.0 3.012445363461773 6.154038017051566 72.0 
211.0 328.0 3.012445363461773 6.154038017051566 72.0 
211.0 329.0 3.012445363461773 6.154038017051566 72.0 
212.0 324.0 3.012445363461773 6.154038017051566 72.0 
212.0 325.0 3.012445363461773 6.154038017051566 72.0 
212.0 326.0 3.012445363461773 6.154038017051566 72.0 
212.0 327.0 3.012445363461773 6.154038017051566 72.0 
212.0 328.0 3.012445363461773 6.154038017051566 72.0 
212.0 329.0 3.012445363461773 6.154038017051566 72.0 
213.0 324.0 3.012445363461773 6.154038017051566 72.0 
213.0 325.0 3.012445363461773 6.154038017051566 72.0 
213.0 326.0 3.012445363461773 6.154038017051566 72.0 
213.0 327.0 3.012445363461773 6.154038017051566 72.0 
213.0 328.0 3.012445363461773 6.154038017051566 72.0 
213.0 329.0 3.012445363461773 6.154038017051566 72.0 
214.0 324.0 3.012445363461773 6.154038017051566 72.0 
214.0 325.0 3.012445363461773 6.154038017051566 72.0 
214.0 326.0 3.012445363461773 6.154038017051566 72.0 
214.0 327.0 3.012445363461773 6.154038017051566 72.0 
214.0 328.0 3.012445363461773 6.154038017051566 72.0 
214.0 329.0 3.012445363461773 6.154038017051566 72.0 
215.0 324.0 3.012445363461773 6.154038017051566 72.0 
215.0 325.0 3.012445363461773 6.154038017051566 72.0 
215.0 326.0 3.012445363461773 6.154038017051566 72.0 
215.0 327.0 3.012445363461773 6.154038017051566 72.0 
215.0 328.0 3.012445363461773 6.154038017051566 72.0 
215.0 329.0 3.012445363461773 6.154038017051566 72.0 
216.0 324.0 3.012445363461773 6.154038017051566 72.0 
216.0 325.0 3.012445363461773 6.154038017051566 72.0 
216.0 326.0 3.012445363461773 6.154038017051566 72.0 
216.0 327.0 3.012445363461773 6.154038017051566 72.0 
216.0 328.0 3.012445363461773 6.154038017051566 72.0 
216.0 329.0 3.012445363461773 6.154038017051566 72.0 
217.0 324.0 3.012445363461773 6.154038017051566 72.0 
217.0 325.0 3.012445363461773 6.154038017051566 72.0 
217.0 326.0 3.012445363461773 6.154038017051566 72.0 
217.0 327.0 3.012445363461773 6.154038017051566 72.0 
217.0 328.0 3.012445363461773 6.154038017051566 72.0 
217.0 329.0 3.012445363461773 6.154038017051566 72.0 
218.0 323.0 3.012445363461773 6.154038017051566 72.0 
218.0 324.0 3.012445363461773 6.154038017051566 72.0 
218.0 325.0 3.012445363461773 6.154038017051566 72.0 
218.0 326.0 3.012445363461773 6.154038017051566 72.0 
218.0 327.0 3.012445363461773 6.154038017051566 72.0 
218.0 328.0 3.012445363461773 6.154038017051566 72.0 
219.0 323.0 3.012445363461773 6.154038017051566 72.0 
219.0 324.0 3.012445363461773 6.154038017051566 72.0 
219.0 325.0 3.012445363461773 6.154038017051566 72.0 
219.0 326.0 3.012445363461773 6.154038017051566 72.0 
219.0 327.0 3.012445363461773 6.154038017051566 72.0 
219.0 328.0 3.012445363461773 6.154038017051566 72.0 
220.0 323.0 3.012445363461773 6.154038017051566 72.0 
220.0 324.0 3.012445363461773 6.154038017051566 72.0 
220.0 325.0 3.012445363461773 6.154038017051566 72.0 
220.0 326.0 3.012445363461773 6.154038017051566 72.0 
220.0 327.0 3.012445363461773 6.154038017051566 72.0 
220.0 328.0 3.012445363461773 6.154038017051566 72.0 
221.0 323.0 3.012445363461773 6.154038017051566 72.0 
221.0 324.0 3.012445363461773 6.154038017051566 72.0 
221.0 325.0 3.012445363461773 6.154038017051566 72.0 
221.0 326.0 3.012445363461773 6.154038017051566 72.0 
221.0 327.0 3.012445363461773 6.154038017051566 72.0 
221.0 328.0 3.012445363461773 6.154038017051566 72.0 
222.0 323.0 3.012445363461773 6.154038017051566 72.0 
222.0 324.0 3.012445363461773 6.154038017051566 72.0 
222.0 325.0 3.012445363461773 6.154038017051566 72.0 
222.0 326.0 3.012445363461773 6.154038017051566 72.0 
222.0 327.0 3.012445363461773 6.154038017051566 72.0 
222.0 328.0 3.012445363461773 6.154038017051566 72.0 
223.0 323.0 3.012445363461773 6.154038017051566 72.0 
223.0 324.0 3.012445363461773 6.154038017051566 72.0 
223.0 325.0 3.012445363461773 6.154038017051566 72.0 
223.0 326.0 3.012445363461773 6.154038017051566 72.0 
223.0 327.0 3.012445363461773 6.154038017051566 72.0 
223.0 328.0 3.012445363461773 6.154038017051566 72.0 
224.0 323.0 3.012445363461773 6.154038017051566 72.0 
224.0 324.0 3.012445363461773 6.154038017051566 72.0 
224.0 325.0 3.012445363461773 6.154038017051566 72.0 
224.0 326.0 3.012445363461773 6.154038017051566 72.0 
224.0 327.0 3.012445363461773 6.154038017051566 72.0 
224.0 328.0 3.012445363461773 6.154038017051566 72.0 
225.0 322.0 3.012445363461773 6.154038017051566 72.0 
225.0 323.0 3.012445363461773 6.154038017051566 72.0 
225.0 324.0 3.012445363461773 6.154038017051566 72.0 
225.0 325.0 3.012445363461773 6.154038017051566 72.0 
225.0 326.0 3.012445363461773 6.154038017051566 72.0 
225.0 327.0 3.012445363461773 6.154038017051566 72.0 
225.0 328.0 3.012445363461773 6.154038017051566 72.0 
226.0 322.0 3.012445363461773 6.154038017051566 72.0 
226.0 323.0 3.012445363461773 6.154038017051566 72.0 
226.0 324.0 3.012445363461773 6.154038017051566 72.0 
226.0 325.0 3.012445363461773 6.154038017051566 72.0 
226.0 326.0 3.012445363461773 6.154038017051566 72.0 
226.0 327.0 3.012445363461773 6.154038017051566 72.0 
227.0 322.0 3.012445363461773 6.154038017051566 72.0 
227.0 323.0 3.012445363461773 6.154038017051566 72.0 
227.0 324.0 3.012445363461773 6.154038017051566 72.0 
227.0 325.0 3.012445363461773 6.154038017051566 72.0 
227.0 326.0 3.012445363461773 6.154038017051566 72.0 
227.0 327.0 3.012445363461773 6.154038017051566 72.0 
228.0 322.0 3.012445363461773 6.154038017051566 72.0 
228.0 323.0 3.012445363461773 6.154038017051566 72.0 
228.0 324.0 3.012445363461773 6.154038017051566 72.0 
228.0 325.0 3.012445363461773 6.154038017051566 72.0 
228.0 326.0 3.012445363461773 6.154038017051566 72.0 
228.0 327.0 3.012445363461773 6.154038017051566 72.0 
229.0 322.0 3.012445363461773 6.154038017051566 72.0 
229.0 323.0 3.012445363461773 6.154038017051566 72.0 
229.0 324.0 3.012445363461773 6.154038017051566 72.0 
229.0 325.0 3.012445363461773 6.154038017051566 72.0 
229.0 326.0 3.012445363461773 6.154038017051566 72.0 
229.0 327.0 3.012445363461773 6.154038017051566 72.0 
230.0 322.0 3.012445363461773 6.154038017051566 72.0 
230.0 323.0 3.012445363461773 6.154038017051566 72.0 
230.0 324.0 3.012445363461773 6.154038017051566 72.0 
230.0 325.0 3.012445363461773 6.154038017051566 72.0 
230.0 326.0 3.012445363461773 6.154038017051566 72.0 
230.0 327.0 3.012445363461773 6.154038017051566 72.0 
231.0 322.0 3.012445363461773 6.154038017051566 72.0 
231.0 323.0 3.012445363461773 6.154038017051566 72.0 
231.0 324.0 3.012445363461773 6.154038017051566 72.0 
231.0 325.0 3.012445363461773 6.154038017051566 72.0 
231.0 326.0 3.012445363461773 6.154038017051566 72.0 
231.0 327.0 3.012445363461773 6.154038017051566 72.0 
232.0 322.0 3.012445363461773 6.154038017051566 72.0 
232.0 323.0 3.012445363461773 6.154038017051566 72.0 
232.0 324.0 3.012445363461773 6.154038017051566 72.0 
232.0 325.0 3.012445363461773 6.154038017051566 72.0 
232.0 326.0 3.012445363461773 6.154038017051566 72.0 
232.0 327.0 3.012445363461773 6.154038017051566 72.0 
233.0 321.0 3.012445363461773 6.154038017051566 72.0 
233.0 322.0 3.012445363461773 6.154038017051566 72.0 
233.0 323.0 3.012445363461773 6.154038017051566 72.0 
233.0 324.0 3.012445363461773 6.154038017051566 72.0 
233.0 325.0 3.012445363461773 6.154038017051566 72.0 
233.0 326.0 3.012445363461773 6.154038017051566 72.0 
234.0 321.0 3.012445363461773 6.154038017051566 72.0 
234.0 322.0 3.012445363461773 6.154038017051566 72.0 
234.0 323.0 3.012445363461773 6.154038017051566 72.0 
234.0 324.0 3.012445363461773 6.154038017051566 72.0 
234.0 325.0 3.012445363461773 6.154038017051566 72.0 
234.0 326.0 3.012445363461773 6.154038017051566 72.0 
235.0 321.0 3.012445363461773 6.154038017051566 72.0 
235.0 322.0 3.012445363461773 6.154038017051566 72.0 
235.0 323.0 3.012445363461773 6.154038017051566 72.0 
235.0 324.0 3.012445363461773 6.154038017051566 72.0 
235.0 325.0 3.012445363461773 6.154038017051566 72.0 
235.0 326.0 3.012445363461773 6.154038017051566 72.0 
236.0 321.0 3.012445363461773 6.154038017051566 72.0 
236.0 322.0 3.012445363461773 6.154038017051566 72.0 
236.0 323.0 3.012445363461773 6.154038017051566 72.0 
236.0 324.0 3.012445363461773 6.154038017051566 72.0 
236.0 325.0 3.012445363461773 6.154038017051566 72.0 
236.0 326.0 3.012445363461773 6.154038017051566 72.0 
237.0 321.0 3.012445363461773 6.154038017051566 72.0 
237.0 322.0 3.012445363461773 6.154038017051566 72.0 
237.0 323.0 3.012445363461773 6.154038017051566 72.0 
237.0 324.0 3.012445363461773 6.154038017051566 72.0 
237.0 325.0 3.012445363461773 6.154038017051566 72.0 
237.0 326.0 3.012445363461773 6.154038017051566 72.0 
238.0 321.0 3.012445363461773 6.154038017051566 72.0 
238.0 322.0 3.012445363461773 6.154038017051566 72.0 
238.0 323.0 3.012445363461773 6.154038017051566 72.0 
238.0 324.0 3.012445363461773 6.154038017051566 72.0 
238.0 325.0 3.012445363461773 6.154038017051566 72.0 
238.0 326.0 3.012445363461773 6.154038017051566 72.0 
239.0 321.0 3.012445363461773 6.154038017051566 72.0 
239.0 322.0 3.012445363461773 6.154038017051566 72.0 
239.0 323.0 3.012445363461773 6.154038017051566 72.0 
239.0 324.0 3.012445363461773 6.154038017051566 72.0 
239.0 325.0 3.012445363461773 6.154038017051566 72.0 
239.0 326.0 3.012445363461773 6.154038017051566 72.0 
240.0 321.0 3.012445363461773 6.154038017051566 72.0 
240.0 322.0 3.012445363461773 6.154038017051566 72.0 
240.0 323.0 3.012445363461773 6.154038017051566 72.0 
240.0 324.0 3.012445363461773 6.154038017051566 72.0 
240.0 325.0 3.012445363461773 6.154038017051566 72.0 
240.0 326.0 3.012445363461773 6.154038017051566 72.0 
241.0 320.0 3.012445363461773 6.154038017051566 72.0 
241.0 321.0 3.012445363461773 6.154038017051566 72.0 
241.0 322.0 3.012445363461773 6.154038017051566 72.0 
241.0 323.0 3.012445363461773 6.154038017051566 72.0 
241.0 324.0 3.012445363461773 6.154038017051566 72.0 
241.0 325.0 3.012445363461773 6.154038017051566 72.0 
242.0 320.0 3.012445363461773 6.154038017051566 72.0 
242.0 321.0 3.012445363461773 6.154038017051566 72.0 
242.0 322.0 3.012445363461773 6.154038017051566 72.0 
242.0 323.0 3.012445363461773 6.154038017051566 72.0 
242.0 324.0 3.012445363461773 6.154038017051566 72.0 
242.0 325.0 3.012445363461773 6.154038017051566 72.0 
243.0 320.0 3.012445363461773 6.154038017051566 72.0 
243.0 321.0 3.012445363461773 6.154038017051566 72.0 
243.0 322.0 3.012445363461773 6.154038017051566 72.0 
243.0 323.0 3.012445363461773 6.154038017051566 72.0 
243.0 324.0 3.012445363461773 6.154038017051566 72.0 
243.0 325.0 3.012445363461773 6.154038017051566 72.0 
244.0 320.0 3.012445363461773 6.154038017051566 72.0 
244.0 321.0 3.012445363461773 6.154038017051566 72.0 
244.0 322.0 3.012445363461773 6.154038017051566 72.0 
244.0 323.0 3.012445363461773 6.154038017051566 72.0 
244.0 324.0 3.012445363461773 6.154038017051566 72.0 
244.0 325.0 3.012445363461773 6.154038017051566 72.0 
245.0 320.0 3.012445363461773 6.154038017051566 72.0 
245.0 321.0 3.012445363461773 6.154038017051566 72.0 
245.0 322.0 3.012445363461773 6.154038017051566 72.0 
245.0 323.0 3.012445363461773 6.154038017051566 72.0 
245.0 324.0 3.012445363461773 6.154038017051566 72.0 
245.0 325.0 3.012445363461773 6.154038017051566 72.0 
246.0 320.0 3.012445363461773 6.154038017051566 72.0 
246.0 321.0 3.012445363461773 6.154038017051566 72.0 
246.0 322.0 3.012445363461773 6.154038017051566 72.0 
246.0 323.0 3.012445363461773 6.154038017051566 72.0 
246.0 324.0 3.012445363461773 6.154038017051566 72.0 
246.0 325.0 3.012445363461773 6.154038017051566 72.0 
247.0 320.0 3.012445363461773 6.154038017051566 72.0 
247.0 321.0 3.012445363461773 6.154038017051566 72.0 
247.0 322.0 3.012445363461773 6.154038017051566 72.0 
247.0 323.0 3.012445363461773 6.154038017051566 72.0 
247.0 324.0 3.012445363461773 6.154038017051566 72.0 
247.0 325.0 3.012445363461773 6.154038017051566 72.0 
248.0 322.0 3.012445363461773 6.154038017051566 72.0 
248.0 323.0 3.012445363461773 6.154038017051566 72.0 
248.0 324.0 3.012445363461773 6.154038017051566 72.0 
248.0 325.0 3.012445363461773 6.154038017051566 72.0 
251.0 323.0 3.2432815053528707 0.10168885176307767 68.0 
251.0 324.0 3.2432815053528707 0.10168885176307767 68.0 
251.0 325.0 3.2432815053528707 0.10168885176307767 68.0 
251.0 326.0 3.2432815053528707 0.10168885176307767 68.0 
252.0 321.0 3.2432815053528707 0.10168885176307767 68.0 
252.0 322.0 3.2432815053528707 0.10168885176307767 68.0 
252.0 323.0 3.2432815053528707 0.10168885176307767 68.0 
252.0 324.0 3.2432815053528707 0.10168885176307767 68.0 
252.0 325.0 3.2432815053528707 0.10168885176307767 68.0 
252.0 326.0 3.2432815053528707 0.10168885176307767 68.0 
253.0 321.0 3.2432815053528707 0.10168885176307767 68.0 
253.0 322.0 3.2432815053528707 0.10168885176307767 68.0 
253.0 323.0 3.2432815053528707 0.10168885176307767 68.0 
253.0 324.0 3.2432815053528707 0.10168885176307767 68.0 
253.0 325.0 3.2432815053528707 0.10168885176307767 68.0 
253.0 326.0 3.2432815053528707 0.10168885176307767 68.0 
254.0 321.0 3.2432815053528707 0.10168885176307767 68.0 
254.0 322.0 3.2432815053528707 0.10168885176307767 68.0 
254.0 323.0 3.2432815053528707 0.10168885176307767 68.0 
254.0 324.0 3.2432815053528707 0.10168885176307767 68.0 
254.0 325.0 3.2432815053528707 0.10168885176307767 68.0 
254.0 326.0 3.2432815053528707 0.10168885176307767 68.0 
255.0 321.0 3.2432815053528707 0.10168885176307767 68.0 
255.0 322.0 3.2432815053528707 0.10168885176307767 68.0 
255.0 323.0 3.2432815053528707 0.10168885176307767 68.0 
255.0 324.0 3.2432815053528707 0.10168885176307767 68.0 
255.0 325.0 3.2432815053528707 0.10168885176307767 68.0 
255.0 326.0 3.2432815053528707 0.10168885176307767 68.0 
256.0 321.0 3.2432815053528707 0.10168885176307767 68.0 
256.0 322.0 3.2432815053528707 0.10168885176307767 68.0 
256.0 323.0 3.2432815053528707 0.10168885176307767 68.0 
256.0 324.0 3.2432815053528707 0.10168885176307767 68.0 
256.0 325.0 3.2432815053528707 0.10168885176307767 68.0 
256.0 326.0 3.2432815053528707 0.10168885176307767 68.0 
257.0 321.0 3.2432815053528707 0.10168885176307767 68.0 
257.0 322.0 3.2432815053528707 0.10168885176307767 68.0 
257.0 323.0 3.2432815053528707 0.10168885176307767 68.0 
257.0 324.0 3.2432815053528707 0.10168885176307767 68.0 
257.0 325.0 3.2432815053528707 0.10168885176307767 68.0 
257.0 326.0 3.2432815053528707 0.10168885176307767 68.0 
258.0 321.0 3.2432815053528707 0.10168885176307767 68.0 
258.0 322.0 3.2432815053528707 0.10168885176307767 68.0 
258.0 323.0 3.2432815053528707 0.10168885176307767 68.0 
258.0 324.0 3.2432815053528707 0.10168885176307767 68.0 
258.0 325.0 3.2432815053528707 0.10168885176307767 68.0 
258.0 326.0 3.2432815053528707 0.10168885176307767 68.0 
259.0 321.0 3.2432815053528707 0.10168885176307767 68.0 
259.0 322.0 3.2432815053528707 0.10168885176307767 68.0 
259.0 323.0 3.2432815053528707 0.10168885176307767 68.0 
259.0 324.0 3.2432815053528707 0.10168885176307767 68.0 
259.0 325.0 3.2432815053528707 0.10168885176307767 68.0 
259.0 326.0 3.2432815053528707 0.10168885176307767 68.0 
260.0 321.0 3.2432815053528707 0.10168885176307767 68.0 
260.0 322.0 3.2432815053528707 0.10168885176307767 68.0 
260.0 323.0 3.2432815053528707 0.10168885176307767 68.0 
260.0 324.0 3.2432815053528707 0.10168885176307767 68.0 
260.0 325.0 3.2432815053528707 0.10168885176307767 68.0 
260.0 326.0 3.2432815053528707 0.10168885176307767 68.0 
261.0 322.0 3.2432815053528707 0.10168885176307767 68.0 
261.0 323.0 3.2432815053528707 0.10168885176307767 68.0 
261.0 324.0 3.2432815053528707 0.10168885176307767 68.0 
261.0 325.0 3.2432815053528707 0.10168885176307767 68.0 
261.0 326.0 3.2432815053528707 0.10168885176307767 68.0 
261.0 327.0 3.2432815053528707 0.10168885176307767 68.0 
262.0 322.0 3.2432815053528707 0.10168885176307767 68.0 
262.0 323.0 3.2432815053528707 0.10168885176307767 68.0 
262.0 324.0 3.2432815053528707 0.10168885176307767 68.0 
262.0 325.0 3.2432815053528707 0.10168885176307767 68.0 
262.0 326.0 3.2432815053528707 0.10168885176307767 68.0 
262.0 327.0 3.2432815053528707 0.10168885176307767 68.0 
263.0 322.0 3.2432815053528707 0.10168885176307767 68.0 
263.0 323.0 3.2432815053528707 0.10168885176307767 68.0 
263.0 324.0 3.2432815053528707 0.10168885176307767 68.0 
263.0 325.0 3.2432815053528707 0.10168885176307767 68.0 
263.0 326.0 3.2432815053528707 0.10168885176307767 68.0 
263.0 327.0 3.2432815053528707 0.10168885176307767 68.0 
264.0 322.0 3.2432815053528707 0.10168885176307767 68.0 
264.0 323.0 3.2432815053528707 0.10168885176307767 68.0 
264.0 324.0 3.2432815053528707 0.10168885176307767 68.0 
264.0 325.0 3.2432815053528707 0.10168885176307767 68.0 
264.0 326.0 3.2432815053528707 0.10168885176307767 68.0 
264.0 327.0 3.2432815053528707 0.10168885176307767 68.0 
265.0 322.0 3.2432815053528707 0.10168885176307767 68.0 
265.0 323.0 3.2432815053528707 0.10168885176307767 68.0 
265.0 324.0 3.2432815053528707 0.10168885176307767 68.0 
265.0 325.0 3.2432815053528707 0.10168885176307767 68.0 
265.0 326.0 3.2432815053528707 0.10168885176307767 68.0 
265.0 327.0 3.2432815053528707 0.10168885176307767 68.0 
266.0 322.0 3.2432815053528707 0.10168885176307767 68.0 
266.0 323.0 3.2432815053528707 0.10168885176307767 68.0 
266.0 324.0 3.2432815053528707 0.10168885176307767 68.0 
266.0 325.0 3.2432815053528707 0.10168885176307767 68.0 
266.0 326.0 3.2432815053528707 0.10168885176307767 68.0 
266.0 327.0 3.2432815053528707 0.10168885176307767 68.0 
267.0 322.0 3.2432815053528707 0.10168885176307767 68.0 
267.0 323.0 3.2432815053528707 0.10168885176307767 68.0 
267.0 324.0 3.2432815053528707 0.10168885176307767 68.0 
267.0 325.0 3.2432815053528707 0.10168885176307767 68.0 
267.0 326.0 3.2432815053528707 0.10168885176307767 68.0 
267.0 327.0 3.2432815053528707 0.10168885176307767 68.0 
268.0 322.0 3.2432815053528707 0.10168885176307767 68.0 
268.0 323.0 3.2432815053528707 0.10168885176307767 68.0 
268.0 324.0 3.2432815053528707 0.10168885176307767 68.0 
268.0 325.0 3.2432815053528707 0.10168885176307767 68.0 
268.0 326.0 3.2432815053528707 0.10168885176307767 68.0 
268.0 327.0 3.2432815053528707 0.10168885176307767 68.0 
269.0 322.0 3.2432815053528707 0.10168885176307767 68.0 
269.0 323.0 3.2432815053528707 0.10168885176307767 68.0 
269.0 324.0 3.2432815053528707 0.10168885176307767 68.0 
269.0 325.0 3.2432815053528707 0.10168885176307767 68.0 
269.0 326.0 3.2432815053528707 0.10168885176307767 68.0 
269.0 327.0 3.2432815053528707 0.10168885176307767 68.0 
270.0 322.0 3.2432815053528707 0.10168885176307767 68.0 
270.0 323.0 3.2432815053528707 0.10168885176307767 68.0 
270.0 324.0 3.2432815053528707 0.10168885176307767 68.0 
270.0 325.0 3.2432815053528707 0.10168885176307767 68.0 
270.0 326.0 3.2432815053528707 0.10168885176307767 68.0 
270.0 327.0 3.2432815053528707 0.10168885176307767 68.0 
271.0 323.0 3.2432815053528707 0.10168885176307767 68.0 
271.0 324.0 3.2432815053528707 0.10168885176307767 68.0 
271.0 325.0 3.2432815053528707 0.10168885176307767 68.0 
271.0 326.0 3.2432815053528707 0.10168885176307767 68.0 
271.0 327.0 3.2432815053528707 0.10168885176307767 68.0 
271.0 328.0 3.2432815053528707 0.10168885176307767 68.0 
272.0 323.0 3.2432815053528707 0.10168885176307767 68.0 
272.0 324.0 3.2432815053528707 0.10168885176307767 68.0 
272.0 325.0 3.2432815053528707 0.10168885176307767 68.0 
272.0 326.0 3.2432815053528707 0.10168885176307767 68.0 
272.0 327.0 3.2432815053528707 0.10168885176307767 68.0 
272.0 328.0 3.2432815053528707 0.10168885176307767 68.0 
273.0 323.0 3.2432815053528707 0.10168885176307767 68.0 
273.0 324.0 3.2432815053528707 0.10168885176307767 68.0 
273.0 325.0 3.2432815053528707 0.10168885176307767 68.0 
273.0 326.0 3.2432815053528707 0.10168885176307767 68.0 
273.0 327.0 3.2432815053528707 0.10168885176307767 68.0 
273.0 328.0 3.2432815053528707 0.10168885176307767 68.0 
274.0 323.0 3.2432815053528707 0.10168885176307767 68.0 
274.0 324.0 3.2432815053528707 0.10168885176307767 68.0 
274.0 325.0 3.2432815053528707 0.10168885176307767 68.0 
274.0 326.0 3.2432815053528707 0.10168885176307767 68.0 
274.0 327.0 3.2432815053528707 0.10168885176307767 68.0 
274.0 328.0 3.2432815053528707 0.10168885176307767 68.0 
275.0 323.0 3.2432815053528707 0.10168885176307767 68.0 
275.0 324.0 3.2432815053528707 0.10168885176307767 68.0 
275.0 325.0 3.2432815053528707 0.10168885176307767 68.0 
275.0 326.0 3.2432815053528707 0.10168885176307767 68.0 
275.0 327.0 3.2432815053528707 0.10168885176307767 68.0 
275.0 328.0 3.2432815053528707 0.10168885176307767 68.0 
276.0 323.0 3.2432815053528707 0.10168885176307767 68.0 
276.0 324.0 3.2432815053528707 0.10168885176307767 68.0 
276.0 325.0 3.2432815053528707 0.10168885176307767 68.0 
276.0 326.0 3.2432815053528707 0.10168885176307767 68.0 
276.0 327.0 3.2432815053528707 0.10168885176307767 68.0 
276.0 328.0 3.2432815053528707 0.10168885176307767 68.0 
277.0 323.0 3.2432815053528707 0.10168885176307767 68.0 
277.0 324.0 3.2432815053528707 0.10168885176307767 68.0 
277.0 325.0 3.2432815053528707 0.10168885176307767 68.0 
277.0 326.0 3.2432815053528707 0.10168885176307767 68.0 
277.0 327.0 3.2432815053528707 0.10168885176307767 68.0 
277.0 328.0 3.2432815053528707 0.10168885176307767 68.0 
278.0 323.0 3.2432815053528707 0.10168885176307767 68.0 
278.0 324.0 3.2432815053528707 0.10168885176307767 68.0 
278.0 325.0 3.2432815053528707 0.10168885176307767 68.0 
278.0 326.0 3.2432815053528707 0.10168885176307767 68.0 
278.0 327.0 3.2432815053528707 0.10168885176307767 68.0 
278.0 328.0 3.2432815053528707 0.10168885176307767 68.0 
279.0 323.0 3.2432815053528707 0.10168885176307767 68.0 
279.0 324.0 3.2432815053528707 0.10168885176307767 68.0 
279.0 325.0 3.2432815053528707 0.10168885176307767 68.0 
279.0 326.0 3.2432815053528707 0.10168885176307767 68.0 
279.0 327.0 3.2432815053528707 0.10168885176307767 68.0 
279.0 328.0 3.2432815053528707 0.10168885176307767 68.0 
280.0 323.0 3.2432815053528707 0.10168885176307767 68.0 
280.0 324.0 3.2432815053528707 0.10168885176307767 68.0 
280.0 325.0 3.2432815053528707 0.10168885176307767 68.0 
280.0 326.0 3.2432815053528707 0.10168885176307767 68.0 
280.0 327.0 3.2432815053528707 0.10168885176307767 68.0 
280.0 328.0 3.2432815053528707 0.10168885176307767 68.0 
281.0 324.0 3.2432815053528707 0.10168885176307767 68.0 
281.0 325.0 3.2432815053528707 0.10168885176307767 68.0 
281.0 326.0 3.2432815053528707 0.10168885176307767 68.0 
281.0 327.0 3.2432815053528707 0.10168885176307767 68.0 
281.0 328.0 3.2432815053528707 0.10168885176307767 68.0 
281.0 329.0 3.2432815053528707 0.10168885176307767 68.0 
282.0 324.0 3.2432815053528707 0.10168885176307767 68.0 
282.0 325.0 3.2432815053528707 0.10168885176307767 68.0 
282.0 326.0 3.2432815053528707 0.10168885176307767 68.0 
282.0 327.0 3.2432815053528707 0.10168885176307767 68.0 
282.0 328.0 3.2432815053528707 0.10168885176307767 68.0 
282.0 329.0 3.2432815053528707 0.10168885176307767 68.0 
283.0 324.0 3.2432815053528707 0.10168885176307767 68.0 
283.0 325.0 3.2432815053528707 0.10168885176307767 68.0 
283.0 326.0 3.2432815053528707 0.10168885176307767 68.0 
283.0 327.0 3.2432815053528707 0.10168885176307767 68.0 
283.0 328.0 3.2432815053528707 0.10168885176307767 68.0 
283.0 329.0 3.2432815053528707 0.10168885176307767 68.0 
284.0 324.0 3.2432815053528707 0.10168885176307767 68.0 
284.0 325.0 3.2432815053528707 0.10168885176307767 68.0 
284.0 326.0 3.2432815053528707 0.10168885176307767 68.0 
284.0 327.0 3.2432815053528707 0.10168885176307767 68.0 
284.0 328.0 3.2432815053528707 0.10168885176307767 68.0 
284.0 329.0 3.2432815053528707 0.10168885176307767 68.0 
285.0 324.0 3.2432815053528707 0.10168885176307767 68.0 
285.0 325.0 3.2432815053528707 0.10168885176307767 68.0 
285.0 326.0 3.2432815053528707 0.10168885176307767 68.0 
285.0 327.0 3.2432815053528707 0.10168885176307767 68.0 
285.0 328.0 3.2432815053528707 0.10168885176307767 68.0 
285.0 329.0 3.2432815053528707 0.10168885176307767 68.0 
286.0 324.0 3.2432815053528707 0.10168885176307767 68.0 
286.0 325.0 3.2432815053528707 0.10168885176307767 68.0 
286.0 326.0 3.2432815053528707 0.10168885176307767 68.0 
286.0 327.0 3.2432815053528707 0.10168885176307767 68.0 
286.0 328.0 3.2432815053528707 0.10168885176307767 68.0 
286.0 329.0 3.2432815053528707 0.10168885176307767 68.0 
287.0 324.0 3.2432815053528707 0.10168885176307767 68.0 
287.0 325.0 3.2432815053528707 0.10168885176307767 68.0 
287.0 326.0 3.2432815053528707 0.10168885176307767 68.0 
287.0 327.0 3.2432815053528707 0.10168885176307767 68.0 
287.0 328.0 3.2432815053528707 0.10168885176307767 68.0 
287.0 329.0 3.2432815053528707 0.10168885176307767 68.0 
288.0 324.0 3.2432815053528707 0.10168885176307767 68.0 
288.0 325.0 3.2432815053528707 0.10168885176307767 68.0 
288.0 326.0 3.2432815053528707 0.10168885176307767 68.0 
288.0 327.0 3.2432815053528707 0.10168885176307767 68.0 
288.0 328.0 3.2432815053528707 0.10168885176307767 68.0 
288.0 329.0 3.2432815053528707 0.10168885176307767 68.0 
289.0 324.0 3.2432815053528707 0.10168885176307767 68.0 
289.0 325.0 3.2432815053528707 0.10168885176307767 68.0 
289.0 326.0 3.2432815053528707 0.10168885176307767 68.0 
289.0 327.0 3.2432815053528707 0.10168885176307767 68.0 
289.0 328.0 3.2432815053528707 0.10168885176307767 68.0 
289.0 329.0 3.2432815053528707 0.10168885176307767 68.0 
290.0 324.0 3.2432815053528707 0.10168885176307767 68.0 
290.0 325.0 3.2432815053528707 0.10168885176307767 68.0 
290.0 326.0 3.2432815053528707 0.10168885176307767 68.0 
290.0 327.0 3.2432815053528707 0.10168885176307767 68.0 
290.0 328.0 3.2432815053528707 0.10168885176307767 68.0 
290.0 329.0 3.2432815053528707 0.10168885176307767 68.0 
291.0 325.0 3.2432815053528707 0.10168885176307767 68.0 
291.0 326.0 3.2432815053528707 0.10168885176307767 68.0 
291.0 327.0 3.2432815053528707 0.10168885176307767 68.0 
291.0 328.0 3.2432815053528707 0.10168885176307767 68.0 
291.0 329.0 3.2432815053528707 0.10168885176307767 68.0 
291.0 330.0 3.2432815053528707 0.10168885176307767 68.0 
292.0 325.0 3.2432815053528707 0.10168885176307767 68.0 
292.0 326.0 3.2432815053528707 0.10168885176307767 68.0 
292.0 327.0 3.2432815053528707 0.10168885176307767 68.0 
292.0 328.0 3.2432815053528707 0.10168885176307767 68.0 
292.0 329.0 3.2432815053528707 0.10168885176307767 68.0 
292.0 330.0 3.2432815053528707 0.10168885176307767 68.0 
293.0 325.0 3.2432815053528707 0.10168885176307767 68.0 
293.0 326.0 3.2432815053528707 0.10168885176307767 68.0 
293.0 327.0 3.2432815053528707 0.10168885176307767 68.0 
293.0 328.0 3.2432815053528707 0.10168885176307767 68.0 
293.0 329.0 3.2432815053528707 0.10168885176307767 68.0 
293.0 330.0 3.2432815053528707 0.10168885176307767 68.0 
294.0 325.0 3.2432815053528707 0.10168885176307767 68.0 
294.0 326.0 3.2432815053528707 0.10168885176307767 68.0 
294.0 327.0 3.2432815053528707 0.10168885176307767 68.0 
294.0 328.0 3.2432815053528707 0.10168885176307767 68.0 
294.0 329.0 3.2432815053528707 0.10168885176307767 68.0 
294.0 330.0 3.2432815053528707 0.10168885176307767 68.0 
295.0 325.0 3.2432815053528707 0.10168885176307767 68.0 
295.0 326.0 3.2432815053528707 0.10168885176307767 68.0 
295.0 327.0 3.2432815053528707 0.10168885176307767 68.0 
295.0 328.0 3.2432815053528707 0.10168885176307767 68.0 
295.0 329.0 3.2432815053528707 0.10168885176307767 68.0 
295.0 330.0 3.2432815053528707 0.10168885176307767 68.0 
296.0 325.0 3.2432815053528707 0.10168885176307767 68.0 
296.0 326.0 3.2432815053528707 0.10168885176307767 68.0 
296.0 327.0 3.2432815053528707 0.10168885176307767 68.0 
296.0 328.0 3.2432815053528707 0.10168885176307767 68.0 
296.0 329.0 3.2432815053528707 0.10168885176307767 68.0 
296.0 330.0 3.2432815053528707 0.10168885176307767 68.0 
297.0 325.0 3.2432815053528707 0.10168885176307767 68.0 
297.0 326.0 3.2432815053528707 0.10168885176307767 68.0 
297.0 327.0 3.2432815053528707 0.10168885176307767 68.0 
297.0 328.0 3.2432815053528707 0.10168885176307767 68.0 
297.0 329.0 3.2432815053528707 0.10168885176307767 68.0 
297.0 330.0 3.2432815053528707 0.10168885176307767 68.0 
298.0 325.0 3.2432815053528707 0.10168885176307767 68.0 
298.0 326.0 3.2432815053528707 0.10168885176307767 68.0 
298.0 327.0 3.2432815053528707 0.10168885176307767 68.0 
298.0 328.0 3.2432815053528707 0.10168885176307767 68.0 
298.0 329.0 3.2432815053528707 0.10168885176307767 68.0 
298.0 330.0 3.2432815053528707 0.10168885176307767 68.0 
299.0 325.0 3.2432815053528707 0.10168885176307767 68.0 
299.0 326.0 3.2432815053528707 0.10168885176307767 68.0 
299.0 327.0 3.2432815053528707 0.10168885176307767 68.0 
299.0 328.0 3.2432815053528707 0.10168885176307767 68.0 
299.0 329.0 3.2432815053528707 0.10168885176307767 68.0 
299.0 330.0 3.2432815053528707 0.10168885176307767 68.0 
300.0 325.0 3.2432815053528707 0.10168885176307767 68.0 
300.0 326.0 3.2432815053528707 0.10168885176307767 68.0 
300.0 327.0 3.2432815053528707 0.10168885176307767 68.0 
