239.0 299.0 3.437033490733513 0.29544083714371977 60.0 
239.0 300.0 3.437033490733513 0.29544083714371977 60.0 
239.0 301.0 3.437033490733513 0.29544083714371977 60.0 
239.0 302.0 3.437033490733513 0.29544083714371977 60.0 
240.0 297.0 3.437033490733513 0.29544083714371977 60.0 
240.0 298.0 3.437033490733513 0.29544083714371977 60.0 
240.0 299.0 3.437033490733513 0.29544083714371977 60.0 
240.0 300.0 3.437033490733513 0.29544083714371977 60.0 
240.0 301.0 3.437033490733513 0.29544083714371977 60.0 
240.0 302.0 3.437033490733513 0.29544083714371977 60.0 
241.0 297.0 3.437033490733513 0.29544083714371977 60.0 
241.0 298.0 3.437033490733513 0.29544083714371977 60.0 
241.0 299.0 3.437033490733513 0.29544083714371977 60.0 
241.0 300.0 3.437033490733513 0.29544083714371977 60.0 
241.0 301.0 3.437033490733513 0.29544083714371977 60.0 
241.0 302.0 3.437033490733513 0.29544083714371977 60.0 
242.0 297.0 3.437033490733513 0.29544083714371977 60.0 
242.0 298.0 3.437033490733513 0.29544083714371977 60.0 
242.0 299.0 3.437033490733513 0.29544083714371977 60.0 
242.0 300.0 3.437033490733513 0.29544083714371977 60.0 
242.0 301.0 3.437033490733513 0.29544083714371977 60.0 
242.0 302.0 3.437033490733513 0.29544083714371977 60.0 
242.0 303.0 3.437033490733513 0.29544083714371977 60.0 
243.0 298.0 3.437033490733513 0.29544083714371977 60.0 
243.0 299.0 3.437033490733513 0.29544083714371977 60.0 
243.0 300.0 3.437033490733513 0.29544083714371977 60.0 
243.0 301.0 3.437033490733513 0.29544083714371977 60.0 
243.0 302.0 3.437033490733513 0.29544083714371977 60.0 
243.0 303.0 3.437033490733513 0.29544083714371977 60.0 
244.0 298.0 3.437033490733513 0.29544083714371977 60.0 
244.0 299.0 3.437033490733513 0.29544083714371977 60.0 
244.0 300.0 3.437033490733513 0.29544083714371977 60.0 
244.0 301.0 3.437033490733513 0.29544083714371977 60.0 
244.0 302.0 3.437033490733513 0.29544083714371977 60.0 
244.0 303.0 3.437033490733513 0.29544083714371977 60.0 
245.0 298.0 3.437033490733513 0.29544083714371977 60.0 
245.0 299.0 3.437033490733513 0.29544083714371977 60.0 
245.0 300.0 3.437033490733513 0.29544083714371977 60.0 
245.0 301.0 3.437033490733513 0.29544083714371977 60.0 
245.0 302.0 3.437033490733513 0.29544083714371977 60.0 
245.0 303.0 3.437033490733513 0.29544083714371977 60.0 
246.0 298.0 3.437033490733513 0.29544083714371977 60.0 
246.0 299.0 3.437033490733513 0.29544083714371977 60.0 
246.0 300.0 3.437033490733513 0.29544083714371977 60.0 
246.0 301.0 3.437033490733513 0.29544083714371977 60.0 
246.0 302.0 3.437033490733513 0.29544083714371977 60.0 
246.0 303.0 3.437033490733513 0.29544083714371977 60.0 
246.0 304.0 3.437033490733513 0.29544083714371977 60.0 
247.0 299.0 3.437033490733513 0.29544083714371977 60.0 
247.0 300.0 3.437033490733513 0.29544083714371977 60.0 
247.0 301.0 3.437033490733513 0.29544083714371977 60.0 
247.0 302.0 3.437033490733513 0.29544083714371977 60.0 
247.0 303.0 3.437033490733513 0.29544083714371977 60.0 
247.0 304.0 3.437033490733513 0.29544083714371977 60.0 
248.0 299.0 3.437033490733513 0.29544083714371977 60.0 
248.0 300.0 3.437033490733513 0.29544083714371977 60.0 
248.0 301.0 3.437033490733513 0.29544083714371977 60.0 
248.0 302.0 3.437033490733513 0.29544083714371977 60.0 
248.0 303.0 3.437033490733513 0.29544083714371977 60.0 
248.0 304.0 3.437033490733513 0.29544083714371977 60.0 
249.0 299.0 3.437033490733513 0.29544083714371977 60.0 
249.0 300.0 3.437033490733513 0.29544083714371977 60.0 
249.0 301.0 3.437033490733513 0.29544083714371977 60.0 
249.0 302.0 3.437033490733513 0.29544083714371977 60.0 
249.0 303.0 3.437033490733513 0.29544083714371977 60.0 
249.0 304.0 3.437033490733513 0.29544083714371977 60.0 
249.0 305.0 3.437033490733513 0.29544083714371977 60.0 
250.0 300.0 3.437033490733513 0.29544083714371977 60.0 
250.0 301.0 3.437033490733513 0.29544083714371977 60.0 
250.0 302.0 3.437033490733513 0.29544083714371977 60.0 
250.0 303.0 3.437033490733513 0.29544083714371977 60.0 
250.0 304.0 3.437033490733513 0.29544083714371977 60.0 
250.0 305.0 3.437033490733513 0.29544083714371977 60.0 
251.0 300.0 3.437033490733513 0.29544083714371977 60.0 
251.0 301.0 3.437033490733513 0.29544083714371977 60.0 
251.0 302.0 3.437033490733513 0.29544083714371977 60.0 
251.0 303.0 3.437033490733513 0.29544083714371977 60.0 
251.0 304.0 3.437033490733513 0.29544083714371977 60.0 
251.0 305.0 3.437033490733513 0.29544083714371977 60.0 
252.0 300.0 3.437033490733513 0.29544083714371977 60.0 
252.0 301.0 3.437033490733513 0.29544083714371977 60.0 
252.0 302.0 3.437033490733513 0.29544083714371977 60.0 
252.0 303.0 3.437033490733513 0.29544083714371977 60.0 
252.0 304.0 3.437033490733513 0.29544083714371977 60.0 
252.0 305.0 3.437033490733513 0.29544083714371977 60.0 
252.0 306.0 3.437033490733513 0.29544083714371977 60.0 
253.0 301.0 3.437033490733513 0.29544083714371977 60.0 
253.0 302.0 3.437033490733513 0.29544083714371977 60.0 
253.0 303.0 3.437033490733513 0.29544083714371977 60.0 
253.0 304.0 3.437033490733513 0.29544083714371977 60.0 
253.0 305.0 3.437033490733513 0.29544083714371977 60.0 
253.0 306.0 3.437033490733513 0.29544083714371977 60.0 
254.0 301.0 3.437033490733513 0.29544083714371977 60.0 
254.0 302.0 3.437033490733513 0.29544083714371977 60.0 
254.0 303.0 3.437033490733513 0.29544083714371977 60.0 
254.0 304.0 3.437033490733513 0.29544083714371977 60.0 
254.0 305.0 3.437033490733513 0.29544083714371977 60.0 
254.0 306.0 3.437033490733513 0.29544083714371977 60.0 
255.0 301.0 3.437033490733513 0.29544083714371977 60.0 
255.0 302.0 3.437033490733513 0.29544083714371977 60.0 
255.0 303.0 3.437033490733513 0.29544083714371977 60.0 
255.0 304.0 3.437033490733513 0.29544083714371977 60.0 
255.0 305.0 3.437033490733513 0.29544083714371977 60.0 
255.0 306.0 3.437033490733513 0.29544083714371977 60.0 
255.0 307.0 3.437033490733513 0.29544083714371977 60.0 
256.0 302.0 3.437033490733513 0.29544083714371977 60.0 
256.0 303.0 3.437033490733513 0.29544083714371977 60.0 
256.0 304.0 3.437033490733513 0.29544083714371977 60.0 
256.0 305.0 3.437033490733513 0.29544083714371977 60.0 
256.0 306.0 3.437033490733513 0.29544083714371977 60.0 
256.0 307.0 3.437033490733513 0.29544083714371977 60.0 
257.0 302.0 3.437033490733513 0.29544083714371977 60.0 
257.0 303.0 3.437033490733513 0.29544083714371977 60.0 
257.0 304.0 3.437033490733513 0.29544083714371977 60.0 
257.0 305.0 3.437033490733513 0.29544083714371977 60.0 
257.0 306.0 3.437033490733513 0.29544083714371977 60.0 
257.0 307.0 3.437033490733513 0.29544083714371977 60.0 
258.0 302.0 3.437033490733513 0.29544083714371977 60.0 
258.0 303.0 3.437033490733513 0.29544083714371977 60.0 
258.0 304.0 3.437033490733513 0.29544083714371977 60.0 
258.0 305.0 3.437033490733513 0.29544083714371977 60.0 
258.0 306.0 3.437033490733513 0.29544083714371977 60.0 
258.0 307.0 3.437033490733513 0.29544083714371977 60.0 
259.0 302.0 3.437033490733513 0.29544083714371977 60.0 
259.0 303.0 3.437033490733513 0.29544083714371977 60.0 
259.0 304.0 3.437033490733513 0.29544083714371977 60.0 
259.0 305.0 3.437033490733513 0.29544083714371977 60.0 
259.0 306.0 3.437033490733513 0.29544083714371977 60.0 
259.0 307.0 3.437033490733513 0.29544083714371977 60.0 
259.0 308.0 3.437033490733513 0.29544083714371977 60.0 
260.0 303.0 3.437033490733513 0.29544083714371977 60.0 
260.0 304.0 3.437033490733513 0.29544083714371977 60.0 
260.0 305.0 3.437033490733513 0.29544083714371977 60.0 
260.0 306.0 3.437033490733513 0.29544083714371977 60.0 
260.0 307.0 3.437033490733513 0.29544083714371977 60.0 
260.0 308.0 3.437033490733513 0.29544083714371977 60.0 
261.0 303.0 3.437033490733513 0.29544083714371977 60.0 
261.0 304.0 3.437033490733513 0.29544083714371977 60.0 
261.0 305.0 3.437033490733513 0.29544083714371977 60.0 
261.0 306.0 3.437033490733513 0.29544083714371977 60.0 
261.0 307.0 3.437033490733513 0.29544083714371977 60.0 
261.0 308.0 3.437033490733513 0.29544083714371977 60.0 
262.0 303.0 3.437033490733513 0.29544083714371977 60.0 
262.0 304.0 3.437033490733513 0.29544083714371977 60.0 
262.0 305.0 3.437033490733513 0.29544083714371977 60.0 
262.0 306.0 3.437033490733513 0.29544083714371977 60.0 
262.0 307.0 3.437033490733513 0.29544083714371977 60.0 
262.0 308.0 3.437033490733513 0.29544083714371977 60.0 
262.0 309.0 3.437033490733513 0.29544083714371977 60.0 
263.0 304.0 3.437033490733513 0.29544083714371977 60.0 
263.0 305.0 3.437033490733513 0.29544083714371977 60.0 
263.0 306.0 3.437033490733513 0.29544083714371977 60.0 
263.0 307.0 3.437033490733513 0.29544083714371977 60.0 
263.0 308.0 3.437033490733513 0.29544083714371977 60.0 
263.0 309.0 3.437033490733513 0.29544083714371977 60.0 
264.0 304.0 3.437033490733513 0.29544083714371977 60.0 
264.0 305.0 3.437033490733513 0.29544083714371977 60.0 
264.0 306.0 3.437033490733513 0.29544083714371977 60.0 
264.0 307.0 3.437033490733513 0.29544083714371977 60.0 
264.0 308.0 3.437033490733513 0.29544083714371977 60.0 
264.0 309.0 3.437033490733513 0.29544083714371977 60.0 
265.0 304.0 3.437033490733513 0.29544083714371977 60.0 
265.0 305.0 3.437033490733513 0.29544083714371977 60.0 
265.0 306.0 3.437033490733513 0.29544083714371977 60.0 
265.0 307.0 3.437033490733513 0.29544083714371977 60.0 
265.0 308.0 3.437033490733513 0.29544083714371977 60.0 
265.0 309.0 3.437033490733513 0.29544083714371977 60.0 
265.0 310.0 3.437033490733513 0.29544083714371977 60.0 
266.0 305.0 3.437033490733513 0.29544083714371977 60.0 
266.0 306.0 3.437033490733513 0.29544083714371977 60.0 
266.0 307.0 3.437033490733513 0.29544083714371977 60.0 
266.0 308.0 3.437033490733513 0.29544083714371977 60.0 
266.0 309.0 3.437033490733513 0.29544083714371977 60.0 
266.0 310.0 3.437033490733513 0.29544083714371977 60.0 
267.0 305.0 3.437033490733513 0.29544083714371977 60.0 
267.0 306.0 3.437033490733513 0.29544083714371977 60.0 
267.0 307.0 3.437033490733513 0.29544083714371977 60.0 
267.0 308.0 3.437033490733513 0.29544083714371977 60.0 
267.0 309.0 3.437033490733513 0.29544083714371977 60.0 
267.0 310.0 3.437033490733513 0.29544083714371977 60.0 
268.0 305.0 3.437033490733513 0.29544083714371977 60.0 
268.0 306.0 3.437033490733513 0.29544083714371977 60.0 
268.0 307.0 3.437033490733513 0.29544083714371977 60.0 
268.0 308.0 3.437033490733513 0.29544083714371977 60.0 
268.0 309.0 3.437033490733513 0.29544083714371977 60.0 
268.0 310.0 3.437033490733513 0.29544083714371977 60.0 
269.0 305.0 3.437033490733513 0.29544083714371977 60.0 
269.0 306.0 3.437033490733513 0.29544083714371977 60.0 
269.0 307.0 3.437033490733513 0.29544083714371977 60.0 
269.0 308.0 3.437033490733513 0.29544083714371977 60.0 
269.0 309.0 3.437033490733513 0.29544083714371977 60.0 
269.0 310.0 3.437033490733513 0.29544083714371977 60.0 
269.0 311.0 3.437033490733513 0.29544083714371977 60.0 
270.0 306.0 3.437033490733513 0.29544083714371977 60.0 
270.0 307.0 3.437033490733513 0.29544083714371977 60.0 
270.0 308.0 3.437033490733513 0.29544083714371977 60.0 
270.0 309.0 3.437033490733513 0.29544083714371977 60.0 
270.0 310.0 3.437033490733513 0.29544083714371977 60.0 
270.0 311.0 3.437033490733513 0.29544083714371977 60.0 
271.0 306.0 3.437033490733513 0.29544083714371977 60.0 
271.0 307.0 3.437033490733513 0.29544083714371977 60.0 
271.0 308.0 3.437033490733513 0.29544083714371977 60.0 
271.0 309.0 3.437033490733513 0.29544083714371977 60.0 
271.0 310.0 3.437033490733513 0.29544083714371977 60.0 
271.0 311.0 3.437033490733513 0.29544083714371977 60.0 
272.0 306.0 3.437033490733513 0.29544083714371977 60.0 
272.0 307.0 3.437033490733513 0.29544083714371977 60.0 
272.0 308.0 3.437033490733513 0.29544083714371977 60.0 
272.0 309.0 3.437033490733513 0.29544083714371977 60.0 
272.0 310.0 3.437033490733513 0.29544083714371977 60.0 
272.0 311.0 3.437033490733513 0.29544083714371977 60.0 
272.0 312.0 3.437033490733513 0.29544083714371977 60.0 
273.0 307.0 3.437033490733513 0.29544083714371977 60.0 
273.0 308.0 3.437033490733513 0.29544083714371977 60.0 
273.0 309.0 3.437033490733513 0.29544083714371977 60.0 
273.0 310.0 3.437033490733513 0.29544083714371977 60.0 
273.0 311.0 3.437033490733513 0.29544083714371977 60.0 
273.0 312.0 3.437033490733513 0.29544083714371977 60.0 
274.0 307.0 3.437033490733513 0.29544083714371977 60.0 
274.0 308.0 3.437033490733513 0.29544083714371977 60.0 
274.0 309.0 3.437033490733513 0.29544083714371977 60.0 
274.0 310.0 3.437033490733513 0.29544083714371977 60.0 
274.0 311.0 3.437033490733513 0.29544083714371977 60.0 
274.0 312.0 3.437033490733513 0.29544083714371977 60.0 
275.0 307.0 3.437033490733513 0.29544083714371977 60.0 
275.0 308.0 3.437033490733513 0.29544083714371977 60.0 
275.0 309.0 3.437033490733513 0.29544083714371977 60.0 
275.0 310.0 3.437033490733513 0.29544083714371977 60.0 
275.0 311.0 3.437033490733513 0.29544083714371977 60.0 
275.0 312.0 3.437033490733513 0.29544083714371977 60.0 
275.0 313.0 3.437033490733513 0.29544083714371977 60.0 
276.0 308.0 3.437033490733513 0.29544083714371977 60.0 
276.0 309.0 3.437033490733513 0.29544083714371977 60.0 
276.0 310.0 3.437033490733513 0.29544083714371977 60.0 
276.0 311.0 3.437033490733513 0.29544083714371977 60.0 
276.0 312.0 3.437033490733513 0.29544083714371977 60.0 
276.0 313.0 3.437033490733513 0.29544083714371977 60.0 
277.0 308.0 3.437033490733513 0.29544083714371977 60.0 
277.0 309.0 3.437033490733513 0.29544083714371977 60.0 
277.0 310.0 3.437033490733513 0.29544083714371977 60.0 
277.0 311.0 3.437033490733513 0.29544083714371977 60.0 
277.0 312.0 3.437033490733513 0.29544083714371977 60.0 
277.0 313.0 3.437033490733513 0.29544083714371977 60.0 
278.0 308.0 3.437033490733513 0.29544083714371977 60.0 
278.0 309.0 3.437033490733513 0.29544083714371977 60.0 
278.0 310.0 3.437033490733513 0.29544083714371977 60.0 
278.0 311.0 3.437033490733513 0.29544083714371977 60.0 
278.0 312.0 3.437033490733513 0.29544083714371977 60.0 
278.0 313.0 3.437033490733513 0.29544083714371977 60.0 
278.0 314.0 3.437033490733513 0.29544083714371977 60.0 
279.0 309.0 3.437033490733513 0.29544083714371977 60.0 
279.0 310.0 3.437033490733513 0.29544083714371977 60.0 
279.0 311.0 3.437033490733513 0.29544083714371977 60.0 
279.0 312.0 3.437033490733513 0.29544083714371977 60.0 
279.0 313.0 3.437033490733513 0.29544083714371977 60.0 
279.0 314.0 3.437033490733513 0.29544083714371977 60.0 
280.0 309.0 3.437033490733513 0.29544083714371977 60.0 
280.0 310.0 3.437033490733513 0.29544083714371977 60.0 
280.0 311.0 3.437033490733513 0.29544083714371977 60.0 
280.0 312.0 3.437033490733513 0.29544083714371977 60.0 
280.0 313.0 3.437033490733513 0.29544083714371977 60.0 
280.0 314.0 3.437033490733513 0.29544083714371977 60.0 
281.0 309.0 3.437033490733513 0.29544083714371977 60.0 
281.0 310.0 3.437033490733513 0.29544083714371977 60.0 
281.0 311.0 3.437033490733513 0.29544083714371977 60.0 
281.0 312.0 3.437033490733513 0.29544083714371977 60.0 
281.0 313.0 3.437033490733513 0.29544083714371977 60.0 
281.0 314.0 3.437033490733513 0.29544083714371977 60.0 
282.0 309.0 3.437033490733513 0.29544083714371977 60.0 
282.0 310.0 3.437033490733513 0.29544083714371977 60.0 
282.0 311.0 3.437033490733513 0.29544083714371977 60.0 
282.0 312.0 3.437033490733513 0.29544083714371977 60.0 
282.0 313.0 3.437033490733513 0.29544083714371977 60.0 
282.0 314.0 3.437033490733513 0.29544083714371977 60.0 
282.0 315.0 3.437033490733513 0.29544083714371977 60.0 
283.0 310.0 3.437033490733513 0.29544083714371977 60.0 
283.0 311.0 3.437033490733513 0.29544083714371977 60.0 
283.0 312.0 3.437033490733513 0.29544083714371977 60.0 
283.0 313.0 3.437033490733513 0.29544083714371977 60.0 
283.0 314.0 3.437033490733513 0.29544083714371977 60.0 
283.0 315.0 3.437033490733513 0.29544083714371977 60.0 
284.0 310.0 3.437033490733513 0.29544083714371977 60.0 
284.0 311.0 3.437033490733513 0.29544083714371977 60.0 
284.0 312.0 3.437033490733513 0.29544083714371977 60.0 
284.0 313.0 3.437033490733513 0.29544083714371977 60.0 
284.0 314.0 3.437033490733513 0.29544083714371977 60.0 
284.0 315.0 3.437033490733513 0.29544083714371977 60.0 
285.0 310.0 3.437033490733513 0.29544083714371977 60.0 
285.0 311.0 3.437033490733513 0.29544083714371977 60.0 
285.0 312.0 3.437033490733513 0.29544083714371977 60.0 
285.0 313.0 3.437033490733513 0.29544083714371977 60.0 
285.0 314.0 3.437033490733513 0.29544083714371977 60.0 
285.0 315.0 3.437033490733513 0.29544083714371977 60.0 
285.0 316.0 3.437033490733513 0.29544083714371977 60.0 
286.0 311.0 3.437033490733513 0.29544083714371977 60.0 
286.0 312.0 3.437033490733513 0.29544083714371977 60.0 
286.0 313.0 3.437033490733513 0.29544083714371977 60.0 
286.0 314.0 3.437033490733513 0.29544083714371977 60.0 
286.0 315.0 3.437033490733513 0.29544083714371977 60.0 
286.0 316.0 3.437033490733513 0.29544083714371977 60.0 
287.0 311.0 3.437033490733513 0.29544083714371977 60.0 
287.0 312.0 3.437033490733513 0.29544083714371977 60.0 
287.0 313.0 3.437033490733513 0.29544083714371977 60.0 
287.0 314.0 3.437033490733513 0.29544083714371977 60.0 
287.0 315.0 3.437033490733513 0.29544083714371977 60.0 
287.0 316.0 3.437033490733513 0.29544083714371977 60.0 
288.0 311.0 3.437033490733513 0.29544083714371977 60.0 
288.0 312.0 3.437033490733513 0.29544083714371977 60.0 
288.0 313.0 3.437033490733513 0.29544083714371977 60.0 
288.0 314.0 3.437033490733513 0.29544083714371977 60.0 
288.0 315.0 3.437033490733513 0.29544083714371977 60.0 
288.0 316.0 3.437033490733513 0.29544083714371977 60.0 
288.0 317.0 3.437033490733513 0.29544083714371977 60.0 
289.0 312.0 3.437033490733513 0.29544083714371977 60.0 
289.0 313.0 3.437033490733513 0.29544083714371977 60.0 
289.0 314.0 3.437033490733513 0.29544083714371977 60.0 
289.0 315.0 3.437033490733513 0.29544083714371977 60.0 
289.0 316.0 3.437033490733513 0.29544083714371977 60.0 
289.0 317.0 3.437033490733513 0.29544083714371977 60.0 
290.0 312.0 3.437033490733513 0.29544083714371977 60.0 
290.0 313.0 3.437033490733513 0.29544083714371977 60.0 
290.0 314.0 3.437033490733513 0.29544083714371977 60.0 
290.0 315.0 3.437033490733513 0.29544083714371977 60.0 
290.0 316.0 3.437033490733513 0.29544083714371977 60.0 
290.0 317.0 3.437033490733513 0.29544083714371977 60.0 
291.0 312.0 3.437033490733513 0.29544083714371977 60.0 
291.0 313.0 3.437033490733513 0.29544083714371977 60.0 
291.0 314.0 3.437033490733513 0.29544083714371977 60.0 
291.0 315.0 3.437033490733513 0.29544083714371977 60.0 
291.0 316.0 3.437033490733513 0.29544083714371977 60.0 
291.0 317.0 3.437033490733513 0.29544083714371977 60.0 
292.0 312.0 3.437033490733513 0.29544083714371977 60.0 
292.0 313.0 3.437033490733513 0.29544083714371977 60.0 
292.0 314.0 3.437033490733513 0.29544083714371977 60.0 
292.0 315.0 3.437033490733513 0.29544083714371977 60.0 
292.0 316.0 3.437033490733513 0.29544083714371977 60.0 
292.0 317.0 3.437033490733513 0.29544083714371977 60.0 
292.0 318.0 3.437033490733513 0.29544083714371977 60.0 
293.0 313.0 3.437033490733513 0.29544083714371977 60.0 
293.0 314.0 3.437033490733513 0.29544083714371977 60.0 
293.0 315.0 3.437033490733513 0.29544083714371977 60.0 
293.0 316.0 3.437033490733513 0.29544083714371977 60.0 
293.0 317.0 3.437033490733513 0.29544083714371977 60.0 
293.0 318.0 3.437033490733513 0.29544083714371977 60.0 
294.0 313.0 3.437033490733513 0.29544083714371977 60.0 
294.0 314.0 3.437033490733513 0.29544083714371977 60.0 
294.0 315.0 3.437033490733513 0.29544083714371977 60.0 
294.0 316.0 3.437033490733513 0.29544083714371977 60.0 
294.0 317.0 3.437033490733513 0.29544083714371977 60.0 
294.0 318.0 3.437033490733513 0.29544083714371977 60.0 
295.0 313.0 3.437033490733513 0.29544083714371977 60.0 
295.0 314.0 3.437033490733513 0.29544083714371977 60.0 
295.0 315.0 3.437033490733513 0.29544083714371977 60.0 
295.0 316.0 3.437033490733513 0.29544083714371977 60.0 
295.0 317.0 3.437033490733513 0.29544083714371977 60.0 
295.0 318.0 3.437033490733513 0.29544083714371977 60.0 
295.0 319.0 3.437033490733513 0.29544083714371977 60.0 
296.0 314.0 3.437033490733513 0.29544083714371977 60.0 
296.0 315.0 3.437033490733513 0.29544083714371977 60.0 
296.0 316.0 3.437033490733513 0.29544083714371977 60.0 
296.0 317.0 3.437033490733513 0.29544083714371977 60.0 
296.0 318.0 3.437033490733513 0.29544083714371977 60.0 
296.0 319.0 3.437033490733513 0.29544083714371977 60.0 
297.0 314.0 3.437033490733513 0.29544083714371977 60.0 
297.0 315.0 3.437033490733513 0.29544083714371977 60.0 
297.0 316.0 3.437033490733513 0.29544083714371977 60.0 
297.0 317.0 3.437033490733513 0.29544083714371977 60.0 
297.0 318.0 3.437033490733513 0.29544083714371977 60.0 
297.0 319.0 3.437033490733513 0.29544083714371977 60.0 
298.0 314.0 3.437033490733513 0.29544083714371977 60.0 
298.0 315.0 3.437033490733513 0.29544083714371977 60.0 
298.0 316.0 3.437033490733513 0.29544083714371977 60.0 
298.0 317.0 3.437033490733513 0.29544083714371977 60.0 
298.0 318.0 3.437033490733513 0.29544083714371977 60.0 
298.0 319.0 3.437033490733513 0.29544083714371977 60.0 
298.0 320.0 3.437033490733513 0.29544083714371977 60.0 
299.0 315.0 3.437033490733513 0.29544083714371977 60.0 
299.0 316.0 3.437033490733513 0.29544083714371977 60.0 
299.0 317.0 3.437033490733513 0.29544083714371977 60.0 
299.0 318.0 3.437033490733513 0.29544083714371977 60.0 
299.0 319.0 3.437033490733513 0.29544083714371977 60.0 
299.0 320.0 3.437033490733513 0.29544083714371977 60.0 
300.0 315.0 3.437033490733513 0.29544083714371977 60.0 
300.0 316.0 3.437033490733513 0.29544083714371977 60.0 
300.0 317.0 3.437033490733513 0.29544083714371977 60.0 
300.0 318.0 3.437033490733513 0.29544083714371977 60.0 
300.0 319.0 3.437033490733513 0.29544083714371977 60.0 
300.0 320.0 3.437033490733513 0.29544083714371977 60.0 
301.0 315.0 3.437033490733513 0.29544083714371977 60.0 
301.0 316.0 3.437033490733513 0.29544083714371977 60.0 
301.0 317.0 3.437033490733513 0.29544083714371977 60.0 
301.0 318.0 3.437033490733513 0.29544083714371977 60.0 
301.0 319.0 3.437033490733513 0.29544083714371977 60.0 
301.0 320.0 3.437033490733513 0.29544083714371977 60.0 
301.0 321.0 3.437033490733513 0.29544083714371977 60.0 
302.0 316.0 3.437033490733513 0.29544083714371977 60.0 
302.0 317.0 3.437033490733513 0.29544083714371977 60.0 
302.0 318.0 3.437033490733513 0.29544083714371977 60.0 
302.0 319.0 3.437033490733513 0.29544083714371977 60.0 
302.0 320.0 3.437033490733513 0.29544083714371977 60.0 
302.0 321.0 3.437033490733513 0.29544083714371977 60.0 
303.0 316.0 3.437033490733513 0.29544083714371977 60.0 
303.0 317.0 3.437033490733513 0.29544083714371977 60.0 
303.0 318.0 3.437033490733513 0.29544083714371977 60.0 
303.0 319.0 3.437033490733513 0.29544083714371977 60.0 
303.0 320.0 3.437033490733513 0.29544083714371977 60.0 
303.0 321.0 3.437033490733513 0.29544083714371977 60.0 
304.0 316.0 3.437033490733513 0.29544083714371977 60.0 
304.0 317.0 3.437033490733513 0.29544083714371977 60.0 
304.0 318.0 3.437033490733513 0.29544083714371977 60.0 
304.0 319.0 3.437033490733513 0.29544083714371977 60.0 
304.0 320.0 3.437033490733513 0.29544083714371977 60.0 
304.0 321.0 3.437033490733513 0.29544083714371977 60.0 
305.0 316.0 3.437033490733513 0.29544083714371977 60.0 
305.0 317.0 3.437033490733513 0.29544083714371977 60.0 
305.0 318.0 3.437033490733513 0.29544083714371977 60.0 
305.0 319.0 3.437033490733513 0.29544083714371977 60.0 
305.0 320.0 3.437033490733513 0.29544083714371977 60.0 
305.0 321.0 3.437033490733513 0.29544083714371977 60.0 
305.0 322.0 3.437033490733513 0.29544083714371977 60.0 
306.0 317.0 3.437033490733513 0.29544083714371977 60.0 
306.0 318.0 3.437033490733513 0.29544083714371977 60.0 
306.0 319.0 3.437033490733513 0.29544083714371977 60.0 
306.0 320.0 3.437033490733513 0.29544083714371977 60.0 
306.0 321.0 3.437033490733513 0.29544083714371977 60.0 
306.0 322.0 3.437033490733513 0.29544083714371977 60.0 
307.0 317.0 3.437033490733513 0.29544083714371977 60.0 
307.0 318.0 3.437033490733513 0.29544083714371977 60.0 
307.0 319.0 3.437033490733513 0.29544083714371977 60.0 
307.0 320.0 3.437033490733513 0.29544083714371977 60.0 
307.0 321.0 3.437033490733513 0.29544083714371977 60.0 
307.0 322.0 3.437033490733513 0.29544083714371977 60.0 
308.0 317.0 3.437033490733513 0.29544083714371977 60.0 
308.0 318.0 3.437033490733513 0.29544083714371977 60.0 
308.0 319.0 3.437033490733513 0.29544083714371977 60.0 
