298.0 250.0 4.6458208166088655 1.5042281630190726 44.0 
298.0 251.0 4.6458208166088655 1.5042281630190726 44.0 
298.0 252.0 4.6458208166088655 1.5042281630190726 44.0 
298.0 253.0 4.6458208166088655 1.5042281630190726 44.0 
298.0 254.0 4.6458208166088655 1.5042281630190726 44.0 
298.0 255.0 4.6458208166088655 1.5042281630190726 44.0 
298.0 256.0 4.6458208166088655 1.5042281630190726 44.0 
298.0 257.0 4.6458208166088655 1.5042281630190726 44.0 
298.0 258.0 4.6458208166088655 1.5042281630190726 44.0 
298.0 259.0 4.6458208166088655 1.5042281630190726 44.0 
298.0 260.0 4.6458208166088655 1.5042281630190726 44.0 
298.0 261.0 4.6458208166088655 1.5042281630190726 44.0 
298.0 262.0 4.6458208166088655 1.5042281630190726 44.0 
298.0 263.0 4.6458208166088655 1.5042281630190726 44.0 
298.0 264.0 4.6458208166088655 1.5042281630190726 44.0 
299.0 250.0 4.6458208166088655 1.5042281630190726 44.0 
299.0 251.0 4.6458208166088655 1.5042281630190726 44.0 
299.0 252.0 4.6458208166088655 1.5042281630190726 44.0 
299.0 253.0 4.6458208166088655 1.5042281630190726 44.0 
299.0 254.0 4.6458208166088655 1.5042281630190726 44.0 
299.0 255.0 4.6458208166088655 1.5042281630190726 44.0 
299.0 256.0 4.6458208166088655 1.5042281630190726 44.0 
299.0 257.0 4.6458208166088655 1.5042281630190726 44.0 
299.0 258.0 4.6458208166088655 1.5042281630190726 44.0 
299.0 259.0 4.6458208166088655 1.5042281630190726 44.0 
299.0 260.0 4.6458208166088655 1.5042281630190726 44.0 
299.0 261.0 4.6458208166088655 1.5042281630190726 44.0 
299.0 262.0 4.6458208166088655 1.5042281630190726 44.0 
299.0 263.0 4.6458208166088655 1.5042281630190726 44.0 
299.0 264.0 4.6458208166088655 1.5042281630190726 44.0 
300.0 249.0 4.6458208166088655 1.5042281630190726 44.0 
300.0 250.0 4.6458208166088655 1.5042281630190726 44.0 
300.0 251.0 4.6458208166088655 1.5042281630190726 44.0 
300.0 252.0 4.6458208166088655 1.5042281630190726 44.0 
300.0 253.0 4.6458208166088655 1.5042281630190726 44.0 
300.0 254.0 4.6458208166088655 1.5042281630190726 44.0 
300.0 255.0 4.6458208166088655 1.5042281630190726 44.0 
300.0 256.0 4.6458208166088655 1.5042281630190726 44.0 
300.0 257.0 4.6458208166088655 1.5042281630190726 44.0 
300.0 258.0 4.6458208166088655 1.5042281630190726 44.0 
300.0 259.0 4.6458208166088655 1.5042281630190726 44.0 
300.0 260.0 4.6458208166088655 1.5042281630190726 44.0 
300.0 261.0 4.6458208166088655 1.5042281630190726 44.0 
300.0 262.0 4.6458208166088655 1.5042281630190726 44.0 
300.0 263.0 4.6458208166088655 1.5042281630190726 44.0 
300.0 264.0 4.6458208166088655 1.5042281630190726 44.0 
301.0 249.0 4.6458208166088655 1.5042281630190726 44.0 
301.0 250.0 4.6458208166088655 1.5042281630190726 44.0 
301.0 251.0 4.6458208166088655 1.5042281630190726 44.0 
301.0 252.0 4.6458208166088655 1.5042281630190726 44.0 
301.0 253.0 4.6458208166088655 1.5042281630190726 44.0 
301.0 254.0 4.6458208166088655 1.5042281630190726 44.0 
301.0 255.0 4.6458208166088655 1.5042281630190726 44.0 
301.0 256.0 4.6458208166088655 1.5042281630190726 44.0 
301.0 257.0 4.6458208166088655 1.5042281630190726 44.0 
301.0 258.0 4.6458208166088655 1.5042281630190726 44.0 
301.0 259.0 4.6458208166088655 1.5042281630190726 44.0 
301.0 260.0 4.6458208166088655 1.5042281630190726 44.0 
301.0 261.0 4.6458208166088655 1.5042281630190726 44.0 
301.0 262.0 4.6458208166088655 1.5042281630190726 44.0 
301.0 263.0 4.6458208166088655 1.5042281630190726 44.0 
302.0 249.0 4.6458208166088655 1.5042281630190726 44.0 
302.0 250.0 4.6458208166088655 1.5042281630190726 44.0 
302.0 251.0 4.6458208166088655 1.5042281630190726 44.0 
302.0 252.0 4.6458208166088655 1.5042281630190726 44.0 
302.0 253.0 4.6458208166088655 1.5042281630190726 44.0 
302.0 254.0 4.6458208166088655 1.5042281630190726 44.0 
302.0 255.0 4.6458208166088655 1.5042281630190726 44.0 
302.0 256.0 4.6458208166088655 1.5042281630190726 44.0 
302.0 257.0 4.6458208166088655 1.5042281630190726 44.0 
302.0 258.0 4.6458208166088655 1.5042281630190726 44.0 
302.0 259.0 4.6458208166088655 1.5042281630190726 44.0 
302.0 260.0 4.6458208166088655 1.5042281630190726 44.0 
302.0 261.0 4.6458208166088655 1.5042281630190726 44.0 
302.0 262.0 4.6458208166088655 1.5042281630190726 44.0 
302.0 263.0 4.6458208166088655 1.5042281630190726 44.0 
303.0 249.0 4.6458208166088655 1.5042281630190726 44.0 
303.0 250.0 4.6458208166088655 1.5042281630190726 44.0 
303.0 251.0 4.6458208166088655 1.5042281630190726 44.0 
303.0 252.0 4.6458208166088655 1.5042281630190726 44.0 
303.0 253.0 4.6458208166088655 1.5042281630190726 44.0 
303.0 254.0 4.6458208166088655 1.5042281630190726 44.0 
303.0 255.0 4.6458208166088655 1.5042281630190726 44.0 
303.0 256.0 4.6458208166088655 1.5042281630190726 44.0 
303.0 257.0 4.6458208166088655 1.5042281630190726 44.0 
303.0 258.0 4.6458208166088655 1.5042281630190726 44.0 
303.0 259.0 4.6458208166088655 1.5042281630190726 44.0 
303.0 260.0 4.6458208166088655 1.5042281630190726 44.0 
303.0 261.0 4.6458208166088655 1.5042281630190726 44.0 
303.0 262.0 4.6458208166088655 1.5042281630190726 44.0 
303.0 263.0 4.6458208166088655 1.5042281630190726 44.0 
298 265 1.4536875822280333 40.0 
298 266 1.4536875822280333 40.0 
298 267 1.4536875822280333 40.0 
298 268 1.4536875822280333 40.0 
298 269 1.4536875822280333 40.0 
298 270 1.4536875822280333 40.0 
298 271 1.4536875822280333 40.0 
298 272 1.4536875822280333 40.0 
299 265 1.4536875822280333 40.0 
299 266 1.4536875822280333 40.0 
299 267 1.4536875822280333 40.0 
299 268 1.4536875822280333 40.0 
299 269 1.4536875822280333 40.0 
299 270 1.4536875822280333 40.0 
299 271 1.4536875822280333 40.0 
299 272 1.4536875822280333 40.0 
299 273 1.4536875822280333 40.0 
299 274 1.4536875822280333 40.0 
299 275 1.4536875822280333 40.0 
299 276 1.4536875822280333 40.0 
299 277 1.4536875822280333 40.0 
299 278 1.4536875822280333 40.0 
299 279 1.4536875822280333 40.0 
299 280 1.4536875822280333 40.0 
299 281 1.4536875822280333 40.0 
300 264 1.4536875822280333 40.0 
300 265 1.4536875822280333 40.0 
300 266 1.4536875822280333 40.0 
300 267 1.4536875822280333 40.0 
300 268 1.4536875822280333 40.0 
300 269 1.4536875822280333 40.0 
300 270 1.4536875822280333 40.0 
300 271 1.4536875822280333 40.0 
300 272 1.4536875822280333 40.0 
300 273 1.4536875822280333 40.0 
300 274 1.4536875822280333 40.0 
300 275 1.4536875822280333 40.0 
300 276 1.4536875822280333 40.0 
300 277 1.4536875822280333 40.0 
300 278 1.4536875822280333 40.0 
300 279 1.4536875822280333 40.0 
300 280 1.4536875822280333 40.0 
300 281 1.4536875822280333 40.0 
301 264 1.4536875822280333 40.0 
301 265 1.4536875822280333 40.0 
301 266 1.4536875822280333 40.0 
301 267 1.4536875822280333 40.0 
301 268 1.4536875822280333 40.0 
301 269 1.4536875822280333 40.0 
301 270 1.4536875822280333 40.0 
301 271 1.4536875822280333 40.0 
301 272 1.4536875822280333 40.0 
301 273 1.4536875822280333 40.0 
301 274 1.4536875822280333 40.0 
301 275 1.4536875822280333 40.0 
301 276 1.4536875822280333 40.0 
301 277 1.4536875822280333 40.0 
301 278 1.4536875822280333 40.0 
301 279 1.4536875822280333 40.0 
301 280 1.4536875822280333 40.0 
301 281 1.4536875822280333 40.0 
302 264 1.4536875822280333 40.0 
302 265 1.4536875822280333 40.0 
302 266 1.4536875822280333 40.0 
302 267 1.4536875822280333 40.0 
302 268 1.4536875822280333 40.0 
302 269 1.4536875822280333 40.0 
302 270 1.4536875822280333 40.0 
302 271 1.4536875822280333 40.0 
302 272 1.4536875822280333 40.0 
302 273 1.4536875822280333 40.0 
302 274 1.4536875822280333 40.0 
302 275 1.4536875822280333 40.0 
302 276 1.4536875822280333 40.0 
302 277 1.4536875822280333 40.0 
302 278 1.4536875822280333 40.0 
302 279 1.4536875822280333 40.0 
302 280 1.4536875822280333 40.0 
303 264 1.4536875822280333 40.0 
303 265 1.4536875822280333 40.0 
303 266 1.4536875822280333 40.0 
303 267 1.4536875822280333 40.0 
303 268 1.4536875822280333 40.0 
303 269 1.4536875822280333 40.0 
303 270 1.4536875822280333 40.0 
303 271 1.4536875822280333 40.0 
303 272 1.4536875822280333 40.0 
303 273 1.4536875822280333 40.0 
303 274 1.4536875822280333 40.0 
303 275 1.4536875822280333 40.0 
303 276 1.4536875822280333 40.0 
303 277 1.4536875822280333 40.0 
303 278 1.4536875822280333 40.0 
303 279 1.4536875822280333 40.0 
303 280 1.4536875822280333 40.0 
304 273 1.4536875822280333 40.0 
304 274 1.4536875822280333 40.0 
304 275 1.4536875822280333 40.0 
304 276 1.4536875822280333 40.0 
304 277 1.4536875822280333 40.0 
304 278 1.4536875822280333 40.0 
304 279 1.4536875822280333 40.0 
304 280 1.4536875822280333 40.0 
307.0 334.0 4.595280235817826 1.4536875822280333 40.0 
307.0 335.0 4.595280235817826 1.4536875822280333 40.0 
307.0 336.0 4.595280235817826 1.4536875822280333 40.0 
307.0 337.0 4.595280235817826 1.4536875822280333 40.0 
307.0 338.0 4.595280235817826 1.4536875822280333 40.0 
307.0 339.0 4.595280235817826 1.4536875822280333 40.0 
307.0 340.0 4.595280235817826 1.4536875822280333 40.0 
307.0 341.0 4.595280235817826 1.4536875822280333 40.0 
308.0 334.0 4.595280235817826 1.4536875822280333 40.0 
308.0 335.0 4.595280235817826 1.4536875822280333 40.0 
308.0 336.0 4.595280235817826 1.4536875822280333 40.0 
308.0 337.0 4.595280235817826 1.4536875822280333 40.0 
308.0 338.0 4.595280235817826 1.4536875822280333 40.0 
308.0 339.0 4.595280235817826 1.4536875822280333 40.0 
308.0 340.0 4.595280235817826 1.4536875822280333 40.0 
308.0 341.0 4.595280235817826 1.4536875822280333 40.0 
308.0 342.0 4.595280235817826 1.4536875822280333 40.0 
308.0 343.0 4.595280235817826 1.4536875822280333 40.0 
308.0 344.0 4.595280235817826 1.4536875822280333 40.0 
308.0 345.0 4.595280235817826 1.4536875822280333 40.0 
308.0 346.0 4.595280235817826 1.4536875822280333 40.0 
308.0 347.0 4.595280235817826 1.4536875822280333 40.0 
308.0 348.0 4.595280235817826 1.4536875822280333 40.0 
308.0 349.0 4.595280235817826 1.4536875822280333 40.0 
308.0 350.0 4.595280235817826 1.4536875822280333 40.0 
309.0 333.0 4.595280235817826 1.4536875822280333 40.0 
309.0 334.0 4.595280235817826 1.4536875822280333 40.0 
309.0 335.0 4.595280235817826 1.4536875822280333 40.0 
309.0 336.0 4.595280235817826 1.4536875822280333 40.0 
309.0 337.0 4.595280235817826 1.4536875822280333 40.0 
309.0 338.0 4.595280235817826 1.4536875822280333 40.0 
309.0 339.0 4.595280235817826 1.4536875822280333 40.0 
309.0 340.0 4.595280235817826 1.4536875822280333 40.0 
309.0 341.0 4.595280235817826 1.4536875822280333 40.0 
309.0 342.0 4.595280235817826 1.4536875822280333 40.0 
309.0 343.0 4.595280235817826 1.4536875822280333 40.0 
309.0 344.0 4.595280235817826 1.4536875822280333 40.0 
309.0 345.0 4.595280235817826 1.4536875822280333 40.0 
309.0 346.0 4.595280235817826 1.4536875822280333 40.0 
309.0 347.0 4.595280235817826 1.4536875822280333 40.0 
309.0 348.0 4.595280235817826 1.4536875822280333 40.0 
309.0 349.0 4.595280235817826 1.4536875822280333 40.0 
309.0 350.0 4.595280235817826 1.4536875822280333 40.0 
310.0 333.0 4.595280235817826 1.4536875822280333 40.0 
310.0 334.0 4.595280235817826 1.4536875822280333 40.0 
310.0 335.0 4.595280235817826 1.4536875822280333 40.0 
310.0 336.0 4.595280235817826 1.4536875822280333 40.0 
310.0 337.0 4.595280235817826 1.4536875822280333 40.0 
310.0 338.0 4.595280235817826 1.4536875822280333 40.0 
310.0 339.0 4.595280235817826 1.4536875822280333 40.0 
310.0 340.0 4.595280235817826 1.4536875822280333 40.0 
310.0 341.0 4.595280235817826 1.4536875822280333 40.0 
310.0 342.0 4.595280235817826 1.4536875822280333 40.0 
310.0 343.0 4.595280235817826 1.4536875822280333 40.0 
310.0 344.0 4.595280235817826 1.4536875822280333 40.0 
310.0 345.0 4.595280235817826 1.4536875822280333 40.0 
310.0 346.0 4.595280235817826 1.4536875822280333 40.0 
310.0 347.0 4.595280235817826 1.4536875822280333 40.0 
310.0 348.0 4.595280235817826 1.4536875822280333 40.0 
310.0 349.0 4.595280235817826 1.4536875822280333 40.0 
310.0 350.0 4.595280235817826 1.4536875822280333 40.0 
311.0 333.0 4.595280235817826 1.4536875822280333 40.0 
311.0 334.0 4.595280235817826 1.4536875822280333 40.0 
311.0 335.0 4.595280235817826 1.4536875822280333 40.0 
311.0 336.0 4.595280235817826 1.4536875822280333 40.0 
311.0 337.0 4.595280235817826 1.4536875822280333 40.0 
311.0 338.0 4.595280235817826 1.4536875822280333 40.0 
311.0 339.0 4.595280235817826 1.4536875822280333 40.0 
311.0 340.0 4.595280235817826 1.4536875822280333 40.0 
311.0 341.0 4.595280235817826 1.4536875822280333 40.0 
311.0 342.0 4.595280235817826 1.4536875822280333 40.0 
311.0 343.0 4.595280235817826 1.4536875822280333 40.0 
311.0 344.0 4.595280235817826 1.4536875822280333 40.0 
311.0 345.0 4.595280235817826 1.4536875822280333 40.0 
311.0 346.0 4.595280235817826 1.4536875822280333 40.0 
311.0 347.0 4.595280235817826 1.4536875822280333 40.0 
311.0 348.0 4.595280235817826 1.4536875822280333 40.0 
311.0 349.0 4.595280235817826 1.4536875822280333 40.0 
312.0 333.0 4.595280235817826 1.4536875822280333 40.0 
312.0 334.0 4.595280235817826 1.4536875822280333 40.0 
312.0 335.0 4.595280235817826 1.4536875822280333 40.0 
312.0 336.0 4.595280235817826 1.4536875822280333 40.0 
312.0 337.0 4.595280235817826 1.4536875822280333 40.0 
312.0 338.0 4.595280235817826 1.4536875822280333 40.0 
312.0 339.0 4.595280235817826 1.4536875822280333 40.0 
312.0 340.0 4.595280235817826 1.4536875822280333 40.0 
312.0 341.0 4.595280235817826 1.4536875822280333 40.0 
312.0 342.0 4.595280235817826 1.4536875822280333 40.0 
312.0 343.0 4.595280235817826 1.4536875822280333 40.0 
312.0 344.0 4.595280235817826 1.4536875822280333 40.0 
312.0 345.0 4.595280235817826 1.4536875822280333 40.0 
312.0 346.0 4.595280235817826 1.4536875822280333 40.0 
312.0 347.0 4.595280235817826 1.4536875822280333 40.0 
312.0 348.0 4.595280235817826 1.4536875822280333 40.0 
312.0 349.0 4.595280235817826 1.4536875822280333 40.0 
313.0 342.0 4.595280235817826 1.4536875822280333 40.0 
313.0 343.0 4.595280235817826 1.4536875822280333 40.0 
313.0 344.0 4.595280235817826 1.4536875822280333 40.0 
313.0 345.0 4.595280235817826 1.4536875822280333 40.0 
313.0 346.0 4.595280235817826 1.4536875822280333 40.0 
313.0 347.0 4.595280235817826 1.4536875822280333 40.0 
313.0 348.0 4.595280235817826 1.4536875822280333 40.0 
313.0 349.0 4.595280235817826 1.4536875822280333 40.0 
305 320 1.438244794498223 40.0 
305 321 1.438244794498223 40.0 
305 322 1.438244794498223 40.0 
305 323 1.438244794498223 40.0 
305 324 1.438244794498223 40.0 
305 325 1.438244794498223 40.0 
305 326 1.438244794498223 40.0 
306 320 1.438244794498223 40.0 
306 321 1.438244794498223 40.0 
306 322 1.438244794498223 40.0 
306 323 1.438244794498223 40.0 
306 324 1.438244794498223 40.0 
306 325 1.438244794498223 40.0 
306 326 1.438244794498223 40.0 
306 327 1.438244794498223 40.0 
306 328 1.438244794498223 40.0 
306 329 1.438244794498223 40.0 
306 330 1.438244794498223 40.0 
306 331 1.438244794498223 40.0 
306 332 1.438244794498223 40.0 
306 333 1.438244794498223 40.0 
306 334 1.438244794498223 40.0 
307 319 1.438244794498223 40.0 
307 320 1.438244794498223 40.0 
307 321 1.438244794498223 40.0 
307 322 1.438244794498223 40.0 
307 323 1.438244794498223 40.0 
307 324 1.438244794498223 40.0 
307 325 1.438244794498223 40.0 
307 326 1.438244794498223 40.0 
307 327 1.438244794498223 40.0 
307 328 1.438244794498223 40.0 
307 329 1.438244794498223 40.0 
307 330 1.438244794498223 40.0 
307 331 1.438244794498223 40.0 
307 332 1.438244794498223 40.0 
307 333 1.438244794498223 40.0 
307 334 1.438244794498223 40.0 
308 319 1.438244794498223 40.0 
308 320 1.438244794498223 40.0 
308 321 1.438244794498223 40.0 
308 322 1.438244794498223 40.0 
308 323 1.438244794498223 40.0 
308 324 1.438244794498223 40.0 
308 325 1.438244794498223 40.0 
308 326 1.438244794498223 40.0 
308 327 1.438244794498223 40.0 
308 328 1.438244794498223 40.0 
308 329 1.438244794498223 40.0 
308 330 1.438244794498223 40.0 
308 331 1.438244794498223 40.0 
308 332 1.438244794498223 40.0 
308 333 1.438244794498223 40.0 
308 334 1.438244794498223 40.0 
309 319 1.438244794498223 40.0 
309 320 1.438244794498223 40.0 
309 321 1.438244794498223 40.0 
309 322 1.438244794498223 40.0 
309 323 1.438244794498223 40.0 
309 324 1.438244794498223 40.0 
309 325 1.438244794498223 40.0 
309 326 1.438244794498223 40.0 
309 327 1.438244794498223 40.0 
309 328 1.438244794498223 40.0 
309 329 1.438244794498223 40.0 
309 330 1.438244794498223 40.0 
309 331 1.438244794498223 40.0 
309 332 1.438244794498223 40.0 
309 333 1.438244794498223 40.0 
310 319 1.438244794498223 40.0 
310 320 1.438244794498223 40.0 
310 321 1.438244794498223 40.0 
310 322 1.438244794498223 40.0 
310 323 1.438244794498223 40.0 
310 324 1.438244794498223 40.0 
310 325 1.438244794498223 40.0 
310 326 1.438244794498223 40.0 
310 327 1.438244794498223 40.0 
310 328 1.438244794498223 40.0 
310 329 1.438244794498223 40.0 
310 330 1.438244794498223 40.0 
310 331 1.438244794498223 40.0 
310 332 1.438244794498223 40.0 
310 333 1.438244794498223 40.0 
311 327 1.438244794498223 40.0 
311 328 1.438244794498223 40.0 
311 329 1.438244794498223 40.0 
311 330 1.438244794498223 40.0 
311 331 1.438244794498223 40.0 
311 332 1.438244794498223 40.0 
311 333 1.438244794498223 40.0 
264.0 305.0 2.944197093739913 6.085789747329706 44.0 
264.0 306.0 2.944197093739913 6.085789747329706 44.0 
264.0 307.0 2.944197093739913 6.085789747329706 44.0 
265.0 305.0 2.944197093739913 6.085789747329706 44.0 
265.0 306.0 2.944197093739913 6.085789747329706 44.0 
265.0 307.0 2.944197093739913 6.085789747329706 44.0 
265.0 308.0 2.944197093739913 6.085789747329706 44.0 
265.0 309.0 2.944197093739913 6.085789747329706 44.0 
265.0 310.0 2.944197093739913 6.085789747329706 44.0 
266.0 305.0 2.944197093739913 6.085789747329706 44.0 
266.0 306.0 2.944197093739913 6.085789747329706 44.0 
266.0 307.0 2.944197093739913 6.085789747329706 44.0 
266.0 308.0 2.944197093739913 6.085789747329706 44.0 
266.0 309.0 2.944197093739913 6.085789747329706 44.0 
266.0 310.0 2.944197093739913 6.085789747329706 44.0 
267.0 305.0 2.944197093739913 6.085789747329706 44.0 
267.0 306.0 2.944197093739913 6.085789747329706 44.0 
267.0 307.0 2.944197093739913 6.085789747329706 44.0 
267.0 308.0 2.944197093739913 6.085789747329706 44.0 
267.0 309.0 2.944197093739913 6.085789747329706 44.0 
267.0 310.0 2.944197093739913 6.085789747329706 44.0 
268.0 305.0 2.944197093739913 6.085789747329706 44.0 
268.0 306.0 2.944197093739913 6.085789747329706 44.0 
268.0 307.0 2.944197093739913 6.085789747329706 44.0 
268.0 308.0 2.944197093739913 6.085789747329706 44.0 
268.0 309.0 2.944197093739913 6.085789747329706 44.0 
268.0 310.0 2.944197093739913 6.085789747329706 44.0 
269.0 304.0 2.944197093739913 6.085789747329706 44.0 
269.0 305.0 2.944197093739913 6.085789747329706 44.0 
269.0 306.0 2.944197093739913 6.085789747329706 44.0 
269.0 307.0 2.944197093739913 6.085789747329706 44.0 
269.0 308.0 2.944197093739913 6.085789747329706 44.0 
269.0 309.0 2.944197093739913 6.085789747329706 44.0 
269.0 310.0 2.944197093739913 6.085789747329706 44.0 
270.0 304.0 2.944197093739913 6.085789747329706 44.0 
270.0 305.0 2.944197093739913 6.085789747329706 44.0 
270.0 306.0 2.944197093739913 6.085789747329706 44.0 
270.0 307.0 2.944197093739913 6.085789747329706 44.0 
270.0 308.0 2.944197093739913 6.085789747329706 44.0 
270.0 309.0 2.944197093739913 6.085789747329706 44.0 
271.0 304.0 2.944197093739913 6.085789747329706 44.0 
271.0 305.0 2.944197093739913 6.085789747329706 44.0 
271.0 306.0 2.944197093739913 6.085789747329706 44.0 
271.0 307.0 2.944197093739913 6.085789747329706 44.0 
271.0 308.0 2.944197093739913 6.085789747329706 44.0 
271.0 309.0 2.944197093739913 6.085789747329706 44.0 
272.0 304.0 2.944197093739913 6.085789747329706 44.0 
272.0 305.0 2.944197093739913 6.085789747329706 44.0 
272.0 306.0 2.944197093739913 6.085789747329706 44.0 
272.0 307.0 2.944197093739913 6.085789747329706 44.0 
272.0 308.0 2.944197093739913 6.085789747329706 44.0 
272.0 309.0 2.944197093739913 6.085789747329706 44.0 
273.0 304.0 2.944197093739913 6.085789747329706 44.0 
273.0 305.0 2.944197093739913 6.085789747329706 44.0 
273.0 306.0 2.944197093739913 6.085789747329706 44.0 
273.0 307.0 2.944197093739913 6.085789747329706 44.0 
273.0 308.0 2.944197093739913 6.085789747329706 44.0 
273.0 309.0 2.944197093739913 6.085789747329706 44.0 
274.0 306.0 2.944197093739913 6.085789747329706 44.0 
274.0 307.0 2.944197093739913 6.085789747329706 44.0 
274.0 308.0 2.944197093739913 6.085789747329706 44.0 
274.0 309.0 2.944197093739913 6.085789747329706 44.0 
