244.0 225.0 4.59813465242325 1.4565419988334578 44.0 
244.0 226.0 4.59813465242325 1.4565419988334578 44.0 
244.0 227.0 4.59813465242325 1.4565419988334578 44.0 
244.0 228.0 4.59813465242325 1.4565419988334578 44.0 
244.0 229.0 4.59813465242325 1.4565419988334578 44.0 
244.0 230.0 4.59813465242325 1.4565419988334578 44.0 
244.0 231.0 4.59813465242325 1.4565419988334578 44.0 
244.0 232.0 4.59813465242325 1.4565419988334578 44.0 
245.0 225.0 4.59813465242325 1.4565419988334578 44.0 
245.0 226.0 4.59813465242325 1.4565419988334578 44.0 
245.0 227.0 4.59813465242325 1.4565419988334578 44.0 
245.0 228.0 4.59813465242325 1.4565419988334578 44.0 
245.0 229.0 4.59813465242325 1.4565419988334578 44.0 
245.0 230.0 4.59813465242325 1.4565419988334578 44.0 
245.0 231.0 4.59813465242325 1.4565419988334578 44.0 
245.0 232.0 4.59813465242325 1.4565419988334578 44.0 
245.0 233.0 4.59813465242325 1.4565419988334578 44.0 
245.0 234.0 4.59813465242325 1.4565419988334578 44.0 
245.0 235.0 4.59813465242325 1.4565419988334578 44.0 
245.0 236.0 4.59813465242325 1.4565419988334578 44.0 
245.0 237.0 4.59813465242325 1.4565419988334578 44.0 
245.0 238.0 4.59813465242325 1.4565419988334578 44.0 
245.0 239.0 4.59813465242325 1.4565419988334578 44.0 
245.0 240.0 4.59813465242325 1.4565419988334578 44.0 
245.0 241.0 4.59813465242325 1.4565419988334578 44.0 
246.0 224.0 4.59813465242325 1.4565419988334578 44.0 
246.0 225.0 4.59813465242325 1.4565419988334578 44.0 
246.0 226.0 4.59813465242325 1.4565419988334578 44.0 
246.0 227.0 4.59813465242325 1.4565419988334578 44.0 
246.0 228.0 4.59813465242325 1.4565419988334578 44.0 
246.0 229.0 4.59813465242325 1.4565419988334578 44.0 
246.0 230.0 4.59813465242325 1.4565419988334578 44.0 
246.0 231.0 4.59813465242325 1.4565419988334578 44.0 
246.0 232.0 4.59813465242325 1.4565419988334578 44.0 
246.0 233.0 4.59813465242325 1.4565419988334578 44.0 
246.0 234.0 4.59813465242325 1.4565419988334578 44.0 
246.0 235.0 4.59813465242325 1.4565419988334578 44.0 
246.0 236.0 4.59813465242325 1.4565419988334578 44.0 
246.0 237.0 4.59813465242325 1.4565419988334578 44.0 
246.0 238.0 4.59813465242325 1.4565419988334578 44.0 
246.0 239.0 4.59813465242325 1.4565419988334578 44.0 
246.0 240.0 4.59813465242325 1.4565419988334578 44.0 
246.0 241.0 4.59813465242325 1.4565419988334578 44.0 
246.0 242.0 4.59813465242325 1.4565419988334578 44.0 
246.0 243.0 4.59813465242325 1.4565419988334578 44.0 
246.0 244.0 4.59813465242325 1.4565419988334578 44.0 
246.0 245.0 4.59813465242325 1.4565419988334578 44.0 
246.0 246.0 4.59813465242325 1.4565419988334578 44.0 
246.0 247.0 4.59813465242325 1.4565419988334578 44.0 
246.0 248.0 4.59813465242325 1.4565419988334578 44.0 
246.0 249.0 4.59813465242325 1.4565419988334578 44.0 
246.0 250.0 4.59813465242325 1.4565419988334578 44.0 
247.0 224.0 4.59813465242325 1.4565419988334578 44.0 
247.0 225.0 4.59813465242325 1.4565419988334578 44.0 
247.0 226.0 4.59813465242325 1.4565419988334578 44.0 
247.0 227.0 4.59813465242325 1.4565419988334578 44.0 
247.0 228.0 4.59813465242325 1.4565419988334578 44.0 
247.0 229.0 4.59813465242325 1.4565419988334578 44.0 
247.0 230.0 4.59813465242325 1.4565419988334578 44.0 
247.0 231.0 4.59813465242325 1.4565419988334578 44.0 
247.0 232.0 4.59813465242325 1.4565419988334578 44.0 
247.0 233.0 4.59813465242325 1.4565419988334578 44.0 
247.0 234.0 4.59813465242325 1.4565419988334578 44.0 
247.0 235.0 4.59813465242325 1.4565419988334578 44.0 
247.0 236.0 4.59813465242325 1.4565419988334578 44.0 
247.0 237.0 4.59813465242325 1.4565419988334578 44.0 
247.0 238.0 4.59813465242325 1.4565419988334578 44.0 
247.0 239.0 4.59813465242325 1.4565419988334578 44.0 
247.0 240.0 4.59813465242325 1.4565419988334578 44.0 
247.0 241.0 4.59813465242325 1.4565419988334578 44.0 
247.0 242.0 4.59813465242325 1.4565419988334578 44.0 
247.0 243.0 4.59813465242325 1.4565419988334578 44.0 
247.0 244.0 4.59813465242325 1.4565419988334578 44.0 
247.0 245.0 4.59813465242325 1.4565419988334578 44.0 
247.0 246.0 4.59813465242325 1.4565419988334578 44.0 
247.0 247.0 4.59813465242325 1.4565419988334578 44.0 
247.0 248.0 4.59813465242325 1.4565419988334578 44.0 
247.0 249.0 4.59813465242325 1.4565419988334578 44.0 
247.0 250.0 4.59813465242325 1.4565419988334578 44.0 
247.0 251.0 4.59813465242325 1.4565419988334578 44.0 
247.0 252.0 4.59813465242325 1.4565419988334578 44.0 
247.0 253.0 4.59813465242325 1.4565419988334578 44.0 
247.0 254.0 4.59813465242325 1.4565419988334578 44.0 
247.0 255.0 4.59813465242325 1.4565419988334578 44.0 
247.0 256.0 4.59813465242325 1.4565419988334578 44.0 
247.0 257.0 4.59813465242325 1.4565419988334578 44.0 
247.0 258.0 4.59813465242325 1.4565419988334578 44.0 
247.0 259.0 4.59813465242325 1.4565419988334578 44.0 
248.0 224.0 4.59813465242325 1.4565419988334578 44.0 
248.0 225.0 4.59813465242325 1.4565419988334578 44.0 
248.0 226.0 4.59813465242325 1.4565419988334578 44.0 
248.0 227.0 4.59813465242325 1.4565419988334578 44.0 
248.0 228.0 4.59813465242325 1.4565419988334578 44.0 
248.0 229.0 4.59813465242325 1.4565419988334578 44.0 
248.0 230.0 4.59813465242325 1.4565419988334578 44.0 
248.0 231.0 4.59813465242325 1.4565419988334578 44.0 
248.0 232.0 4.59813465242325 1.4565419988334578 44.0 
248.0 233.0 4.59813465242325 1.4565419988334578 44.0 
248.0 234.0 4.59813465242325 1.4565419988334578 44.0 
248.0 235.0 4.59813465242325 1.4565419988334578 44.0 
248.0 236.0 4.59813465242325 1.4565419988334578 44.0 
248.0 237.0 4.59813465242325 1.4565419988334578 44.0 
248.0 238.0 4.59813465242325 1.4565419988334578 44.0 
248.0 239.0 4.59813465242325 1.4565419988334578 44.0 
248.0 240.0 4.59813465242325 1.4565419988334578 44.0 
248.0 241.0 4.59813465242325 1.4565419988334578 44.0 
248.0 242.0 4.59813465242325 1.4565419988334578 44.0 
248.0 243.0 4.59813465242325 1.4565419988334578 44.0 
248.0 244.0 4.59813465242325 1.4565419988334578 44.0 
248.0 245.0 4.59813465242325 1.4565419988334578 44.0 
248.0 246.0 4.59813465242325 1.4565419988334578 44.0 
248.0 247.0 4.59813465242325 1.4565419988334578 44.0 
248.0 248.0 4.59813465242325 1.4565419988334578 44.0 
248.0 249.0 4.59813465242325 1.4565419988334578 44.0 
248.0 250.0 4.59813465242325 1.4565419988334578 44.0 
248.0 251.0 4.59813465242325 1.4565419988334578 44.0 
248.0 252.0 4.59813465242325 1.4565419988334578 44.0 
248.0 253.0 4.59813465242325 1.4565419988334578 44.0 
248.0 254.0 4.59813465242325 1.4565419988334578 44.0 
248.0 255.0 4.59813465242325 1.4565419988334578 44.0 
248.0 256.0 4.59813465242325 1.4565419988334578 44.0 
248.0 257.0 4.59813465242325 1.4565419988334578 44.0 
248.0 258.0 4.59813465242325 1.4565419988334578 44.0 
248.0 259.0 4.59813465242325 1.4565419988334578 44.0 
248.0 260.0 4.59813465242325 1.4565419988334578 44.0 
248.0 261.0 4.59813465242325 1.4565419988334578 44.0 
248.0 262.0 4.59813465242325 1.4565419988334578 44.0 
248.0 263.0 4.59813465242325 1.4565419988334578 44.0 
248.0 264.0 4.59813465242325 1.4565419988334578 44.0 
248.0 265.0 4.59813465242325 1.4565419988334578 44.0 
248.0 266.0 4.59813465242325 1.4565419988334578 44.0 
248.0 267.0 4.59813465242325 1.4565419988334578 44.0 
249.0 224.0 4.59813465242325 1.4565419988334578 44.0 
249.0 225.0 4.59813465242325 1.4565419988334578 44.0 
249.0 226.0 4.59813465242325 1.4565419988334578 44.0 
249.0 227.0 4.59813465242325 1.4565419988334578 44.0 
249.0 228.0 4.59813465242325 1.4565419988334578 44.0 
249.0 229.0 4.59813465242325 1.4565419988334578 44.0 
249.0 230.0 4.59813465242325 1.4565419988334578 44.0 
249.0 231.0 4.59813465242325 1.4565419988334578 44.0 
249.0 232.0 4.59813465242325 1.4565419988334578 44.0 
249.0 233.0 4.59813465242325 1.4565419988334578 44.0 
249.0 234.0 4.59813465242325 1.4565419988334578 44.0 
249.0 235.0 4.59813465242325 1.4565419988334578 44.0 
249.0 236.0 4.59813465242325 1.4565419988334578 44.0 
249.0 237.0 4.59813465242325 1.4565419988334578 44.0 
249.0 238.0 4.59813465242325 1.4565419988334578 44.0 
249.0 239.0 4.59813465242325 1.4565419988334578 44.0 
249.0 240.0 4.59813465242325 1.4565419988334578 44.0 
249.0 241.0 4.59813465242325 1.4565419988334578 44.0 
249.0 242.0 4.59813465242325 1.4565419988334578 44.0 
249.0 243.0 4.59813465242325 1.4565419988334578 44.0 
249.0 244.0 4.59813465242325 1.4565419988334578 44.0 
249.0 245.0 4.59813465242325 1.4565419988334578 44.0 
249.0 246.0 4.59813465242325 1.4565419988334578 44.0 
249.0 247.0 4.59813465242325 1.4565419988334578 44.0 
249.0 248.0 4.59813465242325 1.4565419988334578 44.0 
249.0 249.0 4.59813465242325 1.4565419988334578 44.0 
249.0 250.0 4.59813465242325 1.4565419988334578 44.0 
249.0 251.0 4.59813465242325 1.4565419988334578 44.0 
249.0 252.0 4.59813465242325 1.4565419988334578 44.0 
249.0 253.0 4.59813465242325 1.4565419988334578 44.0 
249.0 254.0 4.59813465242325 1.4565419988334578 44.0 
249.0 255.0 4.59813465242325 1.4565419988334578 44.0 
249.0 256.0 4.59813465242325 1.4565419988334578 44.0 
249.0 257.0 4.59813465242325 1.4565419988334578 44.0 
249.0 258.0 4.59813465242325 1.4565419988334578 44.0 
249.0 259.0 4.59813465242325 1.4565419988334578 44.0 
249.0 260.0 4.59813465242325 1.4565419988334578 44.0 
249.0 261.0 4.59813465242325 1.4565419988334578 44.0 
249.0 262.0 4.59813465242325 1.4565419988334578 44.0 
249.0 263.0 4.59813465242325 1.4565419988334578 44.0 
249.0 264.0 4.59813465242325 1.4565419988334578 44.0 
249.0 265.0 4.59813465242325 1.4565419988334578 44.0 
249.0 266.0 4.59813465242325 1.4565419988334578 44.0 
249.0 267.0 4.59813465242325 1.4565419988334578 44.0 
249.0 268.0 4.59813465242325 1.4565419988334578 44.0 
249.0 269.0 4.59813465242325 1.4565419988334578 44.0 
249.0 270.0 4.59813465242325 1.4565419988334578 44.0 
249.0 271.0 4.59813465242325 1.4565419988334578 44.0 
249.0 272.0 4.59813465242325 1.4565419988334578 44.0 
249.0 273.0 4.59813465242325 1.4565419988334578 44.0 
249.0 274.0 4.59813465242325 1.4565419988334578 44.0 
249.0 275.0 4.59813465242325 1.4565419988334578 44.0 
249.0 276.0 4.59813465242325 1.4565419988334578 44.0 
250.0 233.0 4.59813465242325 1.4565419988334578 44.0 
250.0 234.0 4.59813465242325 1.4565419988334578 44.0 
250.0 235.0 4.59813465242325 1.4565419988334578 44.0 
250.0 236.0 4.59813465242325 1.4565419988334578 44.0 
250.0 237.0 4.59813465242325 1.4565419988334578 44.0 
250.0 238.0 4.59813465242325 1.4565419988334578 44.0 
250.0 239.0 4.59813465242325 1.4565419988334578 44.0 
250.0 240.0 4.59813465242325 1.4565419988334578 44.0 
250.0 241.0 4.59813465242325 1.4565419988334578 44.0 
250.0 242.0 4.59813465242325 1.4565419988334578 44.0 
250.0 243.0 4.59813465242325 1.4565419988334578 44.0 
250.0 244.0 4.59813465242325 1.4565419988334578 44.0 
250.0 245.0 4.59813465242325 1.4565419988334578 44.0 
250.0 246.0 4.59813465242325 1.4565419988334578 44.0 
250.0 247.0 4.59813465242325 1.4565419988334578 44.0 
250.0 248.0 4.59813465242325 1.4565419988334578 44.0 
250.0 249.0 4.59813465242325 1.4565419988334578 44.0 
250.0 250.0 4.59813465242325 1.4565419988334578 44.0 
250.0 251.0 4.59813465242325 1.4565419988334578 44.0 
250.0 252.0 4.59813465242325 1.4565419988334578 44.0 
250.0 253.0 4.59813465242325 1.4565419988334578 44.0 
250.0 254.0 4.59813465242325 1.4565419988334578 44.0 
250.0 255.0 4.59813465242325 1.4565419988334578 44.0 
250.0 256.0 4.59813465242325 1.4565419988334578 44.0 
250.0 257.0 4.59813465242325 1.4565419988334578 44.0 
250.0 258.0 4.59813465242325 1.4565419988334578 44.0 
250.0 259.0 4.59813465242325 1.4565419988334578 44.0 
250.0 260.0 4.59813465242325 1.4565419988334578 44.0 
250.0 261.0 4.59813465242325 1.4565419988334578 44.0 
250.0 262.0 4.59813465242325 1.4565419988334578 44.0 
250.0 263.0 4.59813465242325 1.4565419988334578 44.0 
250.0 264.0 4.59813465242325 1.4565419988334578 44.0 
250.0 265.0 4.59813465242325 1.4565419988334578 44.0 
250.0 266.0 4.59813465242325 1.4565419988334578 44.0 
250.0 267.0 4.59813465242325 1.4565419988334578 44.0 
250.0 268.0 4.59813465242325 1.4565419988334578 44.0 
250.0 269.0 4.59813465242325 1.4565419988334578 44.0 
250.0 270.0 4.59813465242325 1.4565419988334578 44.0 
250.0 271.0 4.59813465242325 1.4565419988334578 44.0 
250.0 272.0 4.59813465242325 1.4565419988334578 44.0 
250.0 273.0 4.59813465242325 1.4565419988334578 44.0 
250.0 274.0 4.59813465242325 1.4565419988334578 44.0 
250.0 275.0 4.59813465242325 1.4565419988334578 44.0 
250.0 276.0 4.59813465242325 1.4565419988334578 44.0 
250.0 277.0 4.59813465242325 1.4565419988334578 44.0 
250.0 278.0 4.59813465242325 1.4565419988334578 44.0 
250.0 279.0 4.59813465242325 1.4565419988334578 44.0 
250.0 280.0 4.59813465242325 1.4565419988334578 44.0 
250.0 281.0 4.59813465242325 1.4565419988334578 44.0 
250.0 282.0 4.59813465242325 1.4565419988334578 44.0 
250.0 283.0 4.59813465242325 1.4565419988334578 44.0 
250.0 284.0 4.59813465242325 1.4565419988334578 44.0 
250.0 285.0 4.59813465242325 1.4565419988334578 44.0 
251.0 242.0 4.59813465242325 1.4565419988334578 44.0 
251.0 243.0 4.59813465242325 1.4565419988334578 44.0 
251.0 244.0 4.59813465242325 1.4565419988334578 44.0 
251.0 245.0 4.59813465242325 1.4565419988334578 44.0 
251.0 246.0 4.59813465242325 1.4565419988334578 44.0 
251.0 247.0 4.59813465242325 1.4565419988334578 44.0 
251.0 248.0 4.59813465242325 1.4565419988334578 44.0 
251.0 249.0 4.59813465242325 1.4565419988334578 44.0 
251.0 250.0 4.59813465242325 1.4565419988334578 44.0 
251.0 251.0 4.59813465242325 1.4565419988334578 44.0 
251.0 252.0 4.59813465242325 1.4565419988334578 44.0 
251.0 253.0 4.59813465242325 1.4565419988334578 44.0 
251.0 254.0 4.59813465242325 1.4565419988334578 44.0 
251.0 255.0 4.59813465242325 1.4565419988334578 44.0 
251.0 256.0 4.59813465242325 1.4565419988334578 44.0 
251.0 257.0 4.59813465242325 1.4565419988334578 44.0 
251.0 258.0 4.59813465242325 1.4565419988334578 44.0 
251.0 259.0 4.59813465242325 1.4565419988334578 44.0 
251.0 260.0 4.59813465242325 1.4565419988334578 44.0 
251.0 261.0 4.59813465242325 1.4565419988334578 44.0 
251.0 262.0 4.59813465242325 1.4565419988334578 44.0 
251.0 263.0 4.59813465242325 1.4565419988334578 44.0 
251.0 264.0 4.59813465242325 1.4565419988334578 44.0 
251.0 265.0 4.59813465242325 1.4565419988334578 44.0 
251.0 266.0 4.59813465242325 1.4565419988334578 44.0 
251.0 267.0 4.59813465242325 1.4565419988334578 44.0 
251.0 268.0 4.59813465242325 1.4565419988334578 44.0 
251.0 269.0 4.59813465242325 1.4565419988334578 44.0 
251.0 270.0 4.59813465242325 1.4565419988334578 44.0 
251.0 271.0 4.59813465242325 1.4565419988334578 44.0 
251.0 272.0 4.59813465242325 1.4565419988334578 44.0 
251.0 273.0 4.59813465242325 1.4565419988334578 44.0 
251.0 274.0 4.59813465242325 1.4565419988334578 44.0 
251.0 275.0 4.59813465242325 1.4565419988334578 44.0 
251.0 276.0 4.59813465242325 1.4565419988334578 44.0 
251.0 277.0 4.59813465242325 1.4565419988334578 44.0 
251.0 278.0 4.59813465242325 1.4565419988334578 44.0 
251.0 279.0 4.59813465242325 1.4565419988334578 44.0 
251.0 280.0 4.59813465242325 1.4565419988334578 44.0 
251.0 281.0 4.59813465242325 1.4565419988334578 44.0 
251.0 282.0 4.59813465242325 1.4565419988334578 44.0 
251.0 283.0 4.59813465242325 1.4565419988334578 44.0 
251.0 284.0 4.59813465242325 1.4565419988334578 44.0 
251.0 285.0 4.59813465242325 1.4565419988334578 44.0 
252.0 250.0 4.59813465242325 1.4565419988334578 44.0 
252.0 251.0 4.59813465242325 1.4565419988334578 44.0 
252.0 252.0 4.59813465242325 1.4565419988334578 44.0 
252.0 253.0 4.59813465242325 1.4565419988334578 44.0 
252.0 254.0 4.59813465242325 1.4565419988334578 44.0 
252.0 255.0 4.59813465242325 1.4565419988334578 44.0 
252.0 256.0 4.59813465242325 1.4565419988334578 44.0 
252.0 257.0 4.59813465242325 1.4565419988334578 44.0 
252.0 258.0 4.59813465242325 1.4565419988334578 44.0 
252.0 259.0 4.59813465242325 1.4565419988334578 44.0 
252.0 260.0 4.59813465242325 1.4565419988334578 44.0 
252.0 261.0 4.59813465242325 1.4565419988334578 44.0 
252.0 262.0 4.59813465242325 1.4565419988334578 44.0 
252.0 263.0 4.59813465242325 1.4565419988334578 44.0 
252.0 264.0 4.59813465242325 1.4565419988334578 44.0 
252.0 265.0 4.59813465242325 1.4565419988334578 44.0 
252.0 266.0 4.59813465242325 1.4565419988334578 44.0 
252.0 267.0 4.59813465242325 1.4565419988334578 44.0 
252.0 268.0 4.59813465242325 1.4565419988334578 44.0 
252.0 269.0 4.59813465242325 1.4565419988334578 44.0 
252.0 270.0 4.59813465242325 1.4565419988334578 44.0 
252.0 271.0 4.59813465242325 1.4565419988334578 44.0 
252.0 272.0 4.59813465242325 1.4565419988334578 44.0 
252.0 273.0 4.59813465242325 1.4565419988334578 44.0 
252.0 274.0 4.59813465242325 1.4565419988334578 44.0 
252.0 275.0 4.59813465242325 1.4565419988334578 44.0 
252.0 276.0 4.59813465242325 1.4565419988334578 44.0 
252.0 277.0 4.59813465242325 1.4565419988334578 44.0 
252.0 278.0 4.59813465242325 1.4565419988334578 44.0 
252.0 279.0 4.59813465242325 1.4565419988334578 44.0 
252.0 280.0 4.59813465242325 1.4565419988334578 44.0 
252.0 281.0 4.59813465242325 1.4565419988334578 44.0 
252.0 282.0 4.59813465242325 1.4565419988334578 44.0 
252.0 283.0 4.59813465242325 1.4565419988334578 44.0 
252.0 284.0 4.59813465242325 1.4565419988334578 44.0 
252.0 285.0 4.59813465242325 1.4565419988334578 44.0 
253.0 259.0 4.59813465242325 1.4565419988334578 44.0 
253.0 260.0 4.59813465242325 1.4565419988334578 44.0 
253.0 261.0 4.59813465242325 1.4565419988334578 44.0 
253.0 262.0 4.59813465242325 1.4565419988334578 44.0 
253.0 263.0 4.59813465242325 1.4565419988334578 44.0 
253.0 264.0 4.59813465242325 1.4565419988334578 44.0 
253.0 265.0 4.59813465242325 1.4565419988334578 44.0 
253.0 266.0 4.59813465242325 1.4565419988334578 44.0 
253.0 267.0 4.59813465242325 1.4565419988334578 44.0 
253.0 268.0 4.59813465242325 1.4565419988334578 44.0 
253.0 269.0 4.59813465242325 1.4565419988334578 44.0 
253.0 270.0 4.59813465242325 1.4565419988334578 44.0 
253.0 271.0 4.59813465242325 1.4565419988334578 44.0 
253.0 272.0 4.59813465242325 1.4565419988334578 44.0 
253.0 273.0 4.59813465242325 1.4565419988334578 44.0 
253.0 274.0 4.59813465242325 1.4565419988334578 44.0 
253.0 275.0 4.59813465242325 1.4565419988334578 44.0 
253.0 276.0 4.59813465242325 1.4565419988334578 44.0 
253.0 277.0 4.59813465242325 1.4565419988334578 44.0 
253.0 278.0 4.59813465242325 1.4565419988334578 44.0 
253.0 279.0 4.59813465242325 1.4565419988334578 44.0 
253.0 280.0 4.59813465242325 1.4565419988334578 44.0 
253.0 281.0 4.59813465242325 1.4565419988334578 44.0 
253.0 282.0 4.59813465242325 1.4565419988334578 44.0 
253.0 283.0 4.59813465242325 1.4565419988334578 44.0 
253.0 284.0 4.59813465242325 1.4565419988334578 44.0 
254.0 268.0 4.59813465242325 1.4565419988334578 44.0 
254.0 269.0 4.59813465242325 1.4565419988334578 44.0 
254.0 270.0 4.59813465242325 1.4565419988334578 44.0 
254.0 271.0 4.59813465242325 1.4565419988334578 44.0 
254.0 272.0 4.59813465242325 1.4565419988334578 44.0 
254.0 273.0 4.59813465242325 1.4565419988334578 44.0 
254.0 274.0 4.59813465242325 1.4565419988334578 44.0 
254.0 275.0 4.59813465242325 1.4565419988334578 44.0 
254.0 276.0 4.59813465242325 1.4565419988334578 44.0 
254.0 277.0 4.59813465242325 1.4565419988334578 44.0 
254.0 278.0 4.59813465242325 1.4565419988334578 44.0 
254.0 279.0 4.59813465242325 1.4565419988334578 44.0 
254.0 280.0 4.59813465242325 1.4565419988334578 44.0 
254.0 281.0 4.59813465242325 1.4565419988334578 44.0 
254.0 282.0 4.59813465242325 1.4565419988334578 44.0 
254.0 283.0 4.59813465242325 1.4565419988334578 44.0 
254.0 284.0 4.59813465242325 1.4565419988334578 44.0 
255.0 277.0 4.59813465242325 1.4565419988334578 44.0 
255.0 278.0 4.59813465242325 1.4565419988334578 44.0 
255.0 279.0 4.59813465242325 1.4565419988334578 44.0 
255.0 280.0 4.59813465242325 1.4565419988334578 44.0 
255.0 281.0 4.59813465242325 1.4565419988334578 44.0 
255.0 282.0 4.59813465242325 1.4565419988334578 44.0 
255.0 283.0 4.59813465242325 1.4565419988334578 44.0 
255.0 284.0 4.59813465242325 1.4565419988334578 44.0 
