271.0 280.0 3.850218925717462 0.708626272127669 24.0 
271.0 281.0 3.850218925717462 0.708626272127669 24.0 
272.0 280.0 3.850218925717462 0.708626272127669 24.0 
272.0 281.0 3.850218925717462 0.708626272127669 24.0 
272.0 282.0 3.850218925717462 0.708626272127669 24.0 
273.0 281.0 3.850218925717462 0.708626272127669 24.0 
273.0 282.0 3.850218925717462 0.708626272127669 24.0 
273.0 283.0 3.850218925717462 0.708626272127669 24.0 
274.0 282.0 3.850218925717462 0.708626272127669 24.0 
274.0 283.0 3.850218925717462 0.708626272127669 24.0 
275.0 283.0 3.850218925717462 0.708626272127669 24.0 
275.0 284.0 3.850218925717462 0.708626272127669 24.0 
276.0 283.0 3.850218925717462 0.708626272127669 24.0 
276.0 284.0 3.850218925717462 0.708626272127669 24.0 
276.0 285.0 3.850218925717462 0.708626272127669 24.0 
277.0 284.0 3.850218925717462 0.708626272127669 24.0 
277.0 285.0 3.850218925717462 0.708626272127669 24.0 
277.0 286.0 3.850218925717462 0.708626272127669 24.0 
278.0 285.0 3.850218925717462 0.708626272127669 24.0 
281.0 286.0 4.41389004879851 1.2722973952087178 24.0 
281.0 287.0 4.41389004879851 1.2722973952087178 24.0 
281.0 288.0 4.41389004879851 1.2722973952087178 24.0 
281.0 289.0 4.41389004879851 1.2722973952087178 24.0 
282.0 286.0 4.41389004879851 1.2722973952087178 24.0 
282.0 287.0 4.41389004879851 1.2722973952087178 24.0 
282.0 288.0 4.41389004879851 1.2722973952087178 24.0 
282.0 289.0 4.41389004879851 1.2722973952087178 24.0 
282.0 290.0 4.41389004879851 1.2722973952087178 24.0 
282.0 291.0 4.41389004879851 1.2722973952087178 24.0 
282.0 292.0 4.41389004879851 1.2722973952087178 24.0 
283.0 290.0 4.41389004879851 1.2722973952087178 24.0 
283.0 291.0 4.41389004879851 1.2722973952087178 24.0 
283.0 292.0 4.41389004879851 1.2722973952087178 24.0 
283.0 293.0 4.41389004879851 1.2722973952087178 24.0 
283.0 294.0 4.41389004879851 1.2722973952087178 24.0 
283.0 295.0 4.41389004879851 1.2722973952087178 24.0 
284.0 293.0 4.41389004879851 1.2722973952087178 24.0 
284.0 294.0 4.41389004879851 1.2722973952087178 24.0 
284.0 295.0 4.41389004879851 1.2722973952087178 24.0 
284.0 296.0 4.41389004879851 1.2722973952087178 24.0 
284.0 297.0 4.41389004879851 1.2722973952087178 24.0 
284.0 298.0 4.41389004879851 1.2722973952087178 24.0 
284.0 299.0 4.41389004879851 1.2722973952087178 24.0 
285.0 296.0 4.41389004879851 1.2722973952087178 24.0 
285.0 297.0 4.41389004879851 1.2722973952087178 24.0 
285.0 298.0 4.41389004879851 1.2722973952087178 24.0 
284.0 300.0 1.5707963267948966 4.71238898038469 24.0 
284.0 301.0 1.5707963267948966 4.71238898038469 24.0 
284.0 302.0 1.5707963267948966 4.71238898038469 24.0 
284.0 303.0 1.5707963267948966 4.71238898038469 24.0 
284.0 304.0 1.5707963267948966 4.71238898038469 24.0 
284.0 305.0 1.5707963267948966 4.71238898038469 24.0 
284.0 306.0 1.5707963267948966 4.71238898038469 24.0 
284.0 307.0 1.5707963267948966 4.71238898038469 24.0 
284.0 308.0 1.5707963267948966 4.71238898038469 24.0 
284.0 309.0 1.5707963267948966 4.71238898038469 24.0 
284.0 310.0 1.5707963267948966 4.71238898038469 24.0 
284.0 311.0 1.5707963267948966 4.71238898038469 24.0 
284.0 312.0 1.5707963267948966 4.71238898038469 24.0 
285.0 300.0 1.5707963267948966 4.71238898038469 24.0 
285.0 301.0 1.5707963267948966 4.71238898038469 24.0 
285.0 302.0 1.5707963267948966 4.71238898038469 24.0 
285.0 303.0 1.5707963267948966 4.71238898038469 24.0 
285.0 304.0 1.5707963267948966 4.71238898038469 24.0 
285.0 305.0 1.5707963267948966 4.71238898038469 24.0 
285.0 306.0 1.5707963267948966 4.71238898038469 24.0 
285.0 307.0 1.5707963267948966 4.71238898038469 24.0 
285.0 308.0 1.5707963267948966 4.71238898038469 24.0 
285.0 309.0 1.5707963267948966 4.71238898038469 24.0 
285.0 310.0 1.5707963267948966 4.71238898038469 24.0 
285.0 311.0 1.5707963267948966 4.71238898038469 24.0 
285.0 312.0 1.5707963267948966 4.71238898038469 24.0 
277.0 330.0 2.158798930342464 5.3003915839322575 24.0 
278.0 328.0 2.158798930342464 5.3003915839322575 24.0 
278.0 329.0 2.158798930342464 5.3003915839322575 24.0 
278.0 330.0 2.158798930342464 5.3003915839322575 24.0 
278.0 331.0 2.158798930342464 5.3003915839322575 24.0 
279.0 327.0 2.158798930342464 5.3003915839322575 24.0 
279.0 328.0 2.158798930342464 5.3003915839322575 24.0 
279.0 329.0 2.158798930342464 5.3003915839322575 24.0 
280.0 325.0 2.158798930342464 5.3003915839322575 24.0 
280.0 326.0 2.158798930342464 5.3003915839322575 24.0 
280.0 327.0 2.158798930342464 5.3003915839322575 24.0 
280.0 328.0 2.158798930342464 5.3003915839322575 24.0 
281.0 324.0 2.158798930342464 5.3003915839322575 24.0 
281.0 325.0 2.158798930342464 5.3003915839322575 24.0 
281.0 326.0 2.158798930342464 5.3003915839322575 24.0 
282.0 322.0 2.158798930342464 5.3003915839322575 24.0 
282.0 323.0 2.158798930342464 5.3003915839322575 24.0 
282.0 324.0 2.158798930342464 5.3003915839322575 24.0 
282.0 325.0 2.158798930342464 5.3003915839322575 24.0 
283.0 321.0 2.158798930342464 5.3003915839322575 24.0 
283.0 322.0 2.158798930342464 5.3003915839322575 24.0 
283.0 323.0 2.158798930342464 5.3003915839322575 24.0 
284.0 319.0 2.158798930342464 5.3003915839322575 24.0 
284.0 320.0 2.158798930342464 5.3003915839322575 24.0 
284.0 321.0 2.158798930342464 5.3003915839322575 24.0 
284.0 322.0 2.158798930342464 5.3003915839322575 24.0 
285.0 318.0 2.158798930342464 5.3003915839322575 24.0 
285.0 319.0 2.158798930342464 5.3003915839322575 24.0 
285.0 320.0 2.158798930342464 5.3003915839322575 24.0 
286.0 316.0 2.158798930342464 5.3003915839322575 24.0 
286.0 317.0 2.158798930342464 5.3003915839322575 24.0 
286.0 318.0 2.158798930342464 5.3003915839322575 24.0 
286.0 319.0 2.158798930342464 5.3003915839322575 24.0 
287.0 316.0 2.158798930342464 5.3003915839322575 24.0 
287.0 317.0 2.158798930342464 5.3003915839322575 24.0 
259.0 280.0 3.141592653589793 0.0 24.0 
259.0 281.0 3.141592653589793 0.0 24.0 
260.0 280.0 3.141592653589793 0.0 24.0 
260.0 281.0 3.141592653589793 0.0 24.0 
261.0 280.0 3.141592653589793 0.0 24.0 
261.0 281.0 3.141592653589793 0.0 24.0 
262.0 280.0 3.141592653589793 0.0 24.0 
262.0 281.0 3.141592653589793 0.0 24.0 
263.0 280.0 3.141592653589793 0.0 24.0 
263.0 281.0 3.141592653589793 0.0 24.0 
264.0 280.0 3.141592653589793 0.0 24.0 
264.0 281.0 3.141592653589793 0.0 24.0 
265.0 280.0 3.141592653589793 0.0 24.0 
265.0 281.0 3.141592653589793 0.0 24.0 
266.0 280.0 3.141592653589793 0.0 24.0 
266.0 281.0 3.141592653589793 0.0 24.0 
267.0 280.0 3.141592653589793 0.0 24.0 
267.0 281.0 3.141592653589793 0.0 24.0 
268.0 280.0 3.141592653589793 0.0 24.0 
268.0 281.0 3.141592653589793 0.0 24.0 
269.0 280.0 3.141592653589793 0.0 24.0 
269.0 281.0 3.141592653589793 0.0 24.0 
270.0 280.0 3.141592653589793 0.0 24.0 
270.0 281.0 3.141592653589793 0.0 24.0 
245.0 290.0 2.408777551803287 5.5503702053930795 24.0 
246.0 289.0 2.408777551803287 5.5503702053930795 24.0 
246.0 290.0 2.408777551803287 5.5503702053930795 24.0 
246.0 291.0 2.408777551803287 5.5503702053930795 24.0 
247.0 288.0 2.408777551803287 5.5503702053930795 24.0 
247.0 289.0 2.408777551803287 5.5503702053930795 24.0 
247.0 290.0 2.408777551803287 5.5503702053930795 24.0 
248.0 287.0 2.408777551803287 5.5503702053930795 24.0 
248.0 288.0 2.408777551803287 5.5503702053930795 24.0 
248.0 289.0 2.408777551803287 5.5503702053930795 24.0 
249.0 287.0 2.408777551803287 5.5503702053930795 24.0 
249.0 288.0 2.408777551803287 5.5503702053930795 24.0 
250.0 286.0 2.408777551803287 5.5503702053930795 24.0 
250.0 287.0 2.408777551803287 5.5503702053930795 24.0 
251.0 285.0 2.408777551803287 5.5503702053930795 24.0 
251.0 286.0 2.408777551803287 5.5503702053930795 24.0 
252.0 284.0 2.408777551803287 5.5503702053930795 24.0 
252.0 285.0 2.408777551803287 5.5503702053930795 24.0 
252.0 286.0 2.408777551803287 5.5503702053930795 24.0 
253.0 283.0 2.408777551803287 5.5503702053930795 24.0 
253.0 284.0 2.408777551803287 5.5503702053930795 24.0 
253.0 285.0 2.408777551803287 5.5503702053930795 24.0 
254.0 282.0 2.408777551803287 5.5503702053930795 24.0 
254.0 283.0 2.408777551803287 5.5503702053930795 24.0 
254.0 284.0 2.408777551803287 5.5503702053930795 24.0 
255.0 282.0 2.408777551803287 5.5503702053930795 24.0 
255.0 283.0 2.408777551803287 5.5503702053930795 24.0 
236.0 307.0 1.8766751981997487 5.018267851789542 24.0 
236.0 308.0 1.8766751981997487 5.018267851789542 24.0 
236.0 309.0 1.8766751981997487 5.018267851789542 24.0 
237.0 304.0 1.8766751981997487 5.018267851789542 24.0 
237.0 305.0 1.8766751981997487 5.018267851789542 24.0 
237.0 306.0 1.8766751981997487 5.018267851789542 24.0 
237.0 307.0 1.8766751981997487 5.018267851789542 24.0 
237.0 308.0 1.8766751981997487 5.018267851789542 24.0 
237.0 309.0 1.8766751981997487 5.018267851789542 24.0 
237.0 310.0 1.8766751981997487 5.018267851789542 24.0 
238.0 301.0 1.8766751981997487 5.018267851789542 24.0 
238.0 302.0 1.8766751981997487 5.018267851789542 24.0 
238.0 303.0 1.8766751981997487 5.018267851789542 24.0 
238.0 304.0 1.8766751981997487 5.018267851789542 24.0 
238.0 305.0 1.8766751981997487 5.018267851789542 24.0 
238.0 306.0 1.8766751981997487 5.018267851789542 24.0 
239.0 298.0 1.8766751981997487 5.018267851789542 24.0 
239.0 299.0 1.8766751981997487 5.018267851789542 24.0 
239.0 300.0 1.8766751981997487 5.018267851789542 24.0 
239.0 301.0 1.8766751981997487 5.018267851789542 24.0 
239.0 302.0 1.8766751981997487 5.018267851789542 24.0 
239.0 303.0 1.8766751981997487 5.018267851789542 24.0 
240.0 295.0 1.8766751981997487 5.018267851789542 24.0 
240.0 296.0 1.8766751981997487 5.018267851789542 24.0 
240.0 297.0 1.8766751981997487 5.018267851789542 24.0 
240.0 298.0 1.8766751981997487 5.018267851789542 24.0 
240.0 299.0 1.8766751981997487 5.018267851789542 24.0 
240.0 300.0 1.8766751981997487 5.018267851789542 24.0 
241.0 291.0 1.8766751981997487 5.018267851789542 24.0 
241.0 292.0 1.8766751981997487 5.018267851789542 24.0 
241.0 293.0 1.8766751981997487 5.018267851789542 24.0 
241.0 294.0 1.8766751981997487 5.018267851789542 24.0 
241.0 295.0 1.8766751981997487 5.018267851789542 24.0 
241.0 296.0 1.8766751981997487 5.018267851789542 24.0 
241.0 297.0 1.8766751981997487 5.018267851789542 24.0 
242.0 291.0 1.8766751981997487 5.018267851789542 24.0 
242.0 292.0 1.8766751981997487 5.018267851789542 24.0 
242.0 293.0 1.8766751981997487 5.018267851789542 24.0 
242.0 294.0 1.8766751981997487 5.018267851789542 24.0 
237.0 311.0 4.547240302970062 1.4056476493802685 24.0 
237.0 312.0 4.547240302970062 1.4056476493802685 24.0 
237.0 313.0 4.547240302970062 1.4056476493802685 24.0 
237.0 314.0 4.547240302970062 1.4056476493802685 24.0 
237.0 315.0 4.547240302970062 1.4056476493802685 24.0 
237.0 316.0 4.547240302970062 1.4056476493802685 24.0 
237.0 317.0 4.547240302970062 1.4056476493802685 24.0 
238.0 311.0 4.547240302970062 1.4056476493802685 24.0 
238.0 312.0 4.547240302970062 1.4056476493802685 24.0 
238.0 313.0 4.547240302970062 1.4056476493802685 24.0 
238.0 314.0 4.547240302970062 1.4056476493802685 24.0 
238.0 315.0 4.547240302970062 1.4056476493802685 24.0 
238.0 316.0 4.547240302970062 1.4056476493802685 24.0 
238.0 317.0 4.547240302970062 1.4056476493802685 24.0 
238.0 318.0 4.547240302970062 1.4056476493802685 24.0 
238.0 319.0 4.547240302970062 1.4056476493802685 24.0 
238.0 320.0 4.547240302970062 1.4056476493802685 24.0 
238.0 321.0 4.547240302970062 1.4056476493802685 24.0 
238.0 322.0 4.547240302970062 1.4056476493802685 24.0 
238.0 323.0 4.547240302970062 1.4056476493802685 24.0 
239.0 317.0 4.547240302970062 1.4056476493802685 24.0 
239.0 318.0 4.547240302970062 1.4056476493802685 24.0 
239.0 319.0 4.547240302970062 1.4056476493802685 24.0 
239.0 320.0 4.547240302970062 1.4056476493802685 24.0 
239.0 321.0 4.547240302970062 1.4056476493802685 24.0 
239.0 322.0 4.547240302970062 1.4056476493802685 24.0 
239.0 323.0 4.547240302970062 1.4056476493802685 24.0 
239.0 324.0 4.547240302970062 1.4056476493802685 24.0 
239.0 325.0 4.547240302970062 1.4056476493802685 24.0 
239.0 326.0 4.547240302970062 1.4056476493802685 24.0 
239.0 327.0 4.547240302970062 1.4056476493802685 24.0 
239.0 328.0 4.547240302970062 1.4056476493802685 24.0 
239.0 329.0 4.547240302970062 1.4056476493802685 24.0 
240.0 323.0 4.547240302970062 1.4056476493802685 24.0 
240.0 324.0 4.547240302970062 1.4056476493802685 24.0 
240.0 325.0 4.547240302970062 1.4056476493802685 24.0 
240.0 326.0 4.547240302970062 1.4056476493802685 24.0 
240.0 327.0 4.547240302970062 1.4056476493802685 24.0 
240.0 328.0 4.547240302970062 1.4056476493802685 24.0 
239.0 329.0 3.797288279831328 0.655695626241536 24.0 
239.0 330.0 3.797288279831328 0.655695626241536 24.0 
240.0 329.0 3.797288279831328 0.655695626241536 24.0 
240.0 330.0 3.797288279831328 0.655695626241536 24.0 
240.0 331.0 3.797288279831328 0.655695626241536 24.0 
241.0 330.0 3.797288279831328 0.655695626241536 24.0 
241.0 331.0 3.797288279831328 0.655695626241536 24.0 
242.0 331.0 3.797288279831328 0.655695626241536 24.0 
242.0 332.0 3.797288279831328 0.655695626241536 24.0 
243.0 331.0 3.797288279831328 0.655695626241536 24.0 
243.0 332.0 3.797288279831328 0.655695626241536 24.0 
243.0 333.0 3.797288279831328 0.655695626241536 24.0 
244.0 332.0 3.797288279831328 0.655695626241536 24.0 
244.0 333.0 3.797288279831328 0.655695626241536 24.0 
244.0 334.0 3.797288279831328 0.655695626241536 24.0 
245.0 333.0 3.797288279831328 0.655695626241536 24.0 
245.0 334.0 3.797288279831328 0.655695626241536 24.0 
246.0 334.0 3.797288279831328 0.655695626241536 24.0 
246.0 335.0 3.797288279831328 0.655695626241536 24.0 
247.0 334.0 3.797288279831328 0.655695626241536 24.0 
247.0 335.0 3.797288279831328 0.655695626241536 24.0 
247.0 336.0 3.797288279831328 0.655695626241536 24.0 
248.0 335.0 3.797288279831328 0.655695626241536 24.0 
248.0 336.0 3.797288279831328 0.655695626241536 24.0 
248.0 337.0 3.797288279831328 0.655695626241536 24.0 
249.0 336.0 3.797288279831328 0.655695626241536 24.0 
249.0 337.0 3.797288279831328 0.655695626241536 24.0 
250.0 337.0 3.797288279831328 0.655695626241536 24.0 
250.0 338.0 3.797288279831328 0.655695626241536 24.0 
251.0 337.0 3.797288279831328 0.655695626241536 24.0 
251.0 338.0 3.797288279831328 0.655695626241536 24.0 
251.0 339.0 3.797288279831328 0.655695626241536 24.0 
252.0 338.0 3.797288279831328 0.655695626241536 24.0 
261 307 76.0 
261 308 76.0 
261 309 76.0 
261 310 76.0 
261 311 76.0 
262 307 76.0 
262 308 76.0 
262 309 76.0 
262 310 76.0 
262 311 76.0 
263 307 76.0 
263 308 76.0 
263 309 76.0 
263 310 76.0 
263 311 76.0 
264 307 76.0 
264 308 76.0 
264 309 76.0 
264 310 76.0 
264 311 76.0 
265 307 76.0 
265 308 76.0 
265 309 76.0 
265 310 76.0 
265 311 76.0 
261.0 347.0 4.559739651989423 1.4181469983996302 32.0 
261.0 348.0 4.559739651989423 1.4181469983996302 32.0 
261.0 349.0 4.559739651989423 1.4181469983996302 32.0 
262.0 347.0 4.559739651989423 1.4181469983996302 32.0 
262.0 348.0 4.559739651989423 1.4181469983996302 32.0 
262.0 349.0 4.559739651989423 1.4181469983996302 32.0 
262.0 350.0 4.559739651989423 1.4181469983996302 32.0 
262.0 351.0 4.559739651989423 1.4181469983996302 32.0 
262.0 352.0 4.559739651989423 1.4181469983996302 32.0 
262.0 353.0 4.559739651989423 1.4181469983996302 32.0 
262.0 354.0 4.559739651989423 1.4181469983996302 32.0 
262.0 355.0 4.559739651989423 1.4181469983996302 32.0 
263.0 346.0 4.559739651989423 1.4181469983996302 32.0 
263.0 347.0 4.559739651989423 1.4181469983996302 32.0 
263.0 348.0 4.559739651989423 1.4181469983996302 32.0 
263.0 349.0 4.559739651989423 1.4181469983996302 32.0 
263.0 350.0 4.559739651989423 1.4181469983996302 32.0 
263.0 351.0 4.559739651989423 1.4181469983996302 32.0 
263.0 352.0 4.559739651989423 1.4181469983996302 32.0 
263.0 353.0 4.559739651989423 1.4181469983996302 32.0 
263.0 354.0 4.559739651989423 1.4181469983996302 32.0 
263.0 355.0 4.559739651989423 1.4181469983996302 32.0 
263.0 356.0 4.559739651989423 1.4181469983996302 32.0 
263.0 357.0 4.559739651989423 1.4181469983996302 32.0 
263.0 358.0 4.559739651989423 1.4181469983996302 32.0 
263.0 359.0 4.559739651989423 1.4181469983996302 32.0 
264.0 346.0 4.559739651989423 1.4181469983996302 32.0 
264.0 347.0 4.559739651989423 1.4181469983996302 32.0 
264.0 348.0 4.559739651989423 1.4181469983996302 32.0 
264.0 349.0 4.559739651989423 1.4181469983996302 32.0 
264.0 350.0 4.559739651989423 1.4181469983996302 32.0 
264.0 351.0 4.559739651989423 1.4181469983996302 32.0 
264.0 352.0 4.559739651989423 1.4181469983996302 32.0 
264.0 353.0 4.559739651989423 1.4181469983996302 32.0 
264.0 354.0 4.559739651989423 1.4181469983996302 32.0 
264.0 355.0 4.559739651989423 1.4181469983996302 32.0 
264.0 356.0 4.559739651989423 1.4181469983996302 32.0 
264.0 357.0 4.559739651989423 1.4181469983996302 32.0 
264.0 358.0 4.559739651989423 1.4181469983996302 32.0 
264.0 359.0 4.559739651989423 1.4181469983996302 32.0 
265.0 346.0 4.559739651989423 1.4181469983996302 32.0 
265.0 347.0 4.559739651989423 1.4181469983996302 32.0 
265.0 348.0 4.559739651989423 1.4181469983996302 32.0 
265.0 349.0 4.559739651989423 1.4181469983996302 32.0 
265.0 350.0 4.559739651989423 1.4181469983996302 32.0 
265.0 351.0 4.559739651989423 1.4181469983996302 32.0 
265.0 352.0 4.559739651989423 1.4181469983996302 32.0 
265.0 353.0 4.559739651989423 1.4181469983996302 32.0 
265.0 354.0 4.559739651989423 1.4181469983996302 32.0 
265.0 355.0 4.559739651989423 1.4181469983996302 32.0 
265.0 356.0 4.559739651989423 1.4181469983996302 32.0 
265.0 357.0 4.559739651989423 1.4181469983996302 32.0 
265.0 358.0 4.559739651989423 1.4181469983996302 32.0 
266.0 350.0 4.559739651989423 1.4181469983996302 32.0 
266.0 351.0 4.559739651989423 1.4181469983996302 32.0 
266.0 352.0 4.559739651989423 1.4181469983996302 32.0 
266.0 353.0 4.559739651989423 1.4181469983996302 32.0 
266.0 354.0 4.559739651989423 1.4181469983996302 32.0 
266.0 355.0 4.559739651989423 1.4181469983996302 32.0 
266.0 356.0 4.559739651989423 1.4181469983996302 32.0 
266.0 357.0 4.559739651989423 1.4181469983996302 32.0 
266.0 358.0 4.559739651989423 1.4181469983996302 32.0 
267.0 356.0 4.559739651989423 1.4181469983996302 32.0 
267.0 357.0 4.559739651989423 1.4181469983996302 32.0 
267.0 358.0 4.559739651989423 1.4181469983996302 32.0 
