215.0 350.0 2.061464384982968 5.203057038572761 24.0 
215.0 351.0 2.061464384982968 5.203057038572761 24.0 
216.0 349.0 2.061464384982968 5.203057038572761 24.0 
216.0 350.0 2.061464384982968 5.203057038572761 24.0 
216.0 351.0 2.061464384982968 5.203057038572761 24.0 
216.0 352.0 2.061464384982968 5.203057038572761 24.0 
217.0 347.0 2.061464384982968 5.203057038572761 24.0 
217.0 348.0 2.061464384982968 5.203057038572761 24.0 
217.0 349.0 2.061464384982968 5.203057038572761 24.0 
217.0 350.0 2.061464384982968 5.203057038572761 24.0 
218.0 345.0 2.061464384982968 5.203057038572761 24.0 
218.0 346.0 2.061464384982968 5.203057038572761 24.0 
218.0 347.0 2.061464384982968 5.203057038572761 24.0 
218.0 348.0 2.061464384982968 5.203057038572761 24.0 
219.0 343.0 2.061464384982968 5.203057038572761 24.0 
219.0 344.0 2.061464384982968 5.203057038572761 24.0 
219.0 345.0 2.061464384982968 5.203057038572761 24.0 
219.0 346.0 2.061464384982968 5.203057038572761 24.0 
220.0 341.0 2.061464384982968 5.203057038572761 24.0 
220.0 342.0 2.061464384982968 5.203057038572761 24.0 
220.0 343.0 2.061464384982968 5.203057038572761 24.0 
220.0 344.0 2.061464384982968 5.203057038572761 24.0 
221.0 339.0 2.061464384982968 5.203057038572761 24.0 
221.0 340.0 2.061464384982968 5.203057038572761 24.0 
221.0 341.0 2.061464384982968 5.203057038572761 24.0 
221.0 342.0 2.061464384982968 5.203057038572761 24.0 
222.0 337.0 2.061464384982968 5.203057038572761 24.0 
222.0 338.0 2.061464384982968 5.203057038572761 24.0 
222.0 339.0 2.061464384982968 5.203057038572761 24.0 
222.0 340.0 2.061464384982968 5.203057038572761 24.0 
222.0 341.0 2.061464384982968 5.203057038572761 24.0 
223.0 335.0 2.061464384982968 5.203057038572761 24.0 
223.0 336.0 2.061464384982968 5.203057038572761 24.0 
223.0 337.0 2.061464384982968 5.203057038572761 24.0 
223.0 338.0 2.061464384982968 5.203057038572761 24.0 
223.0 339.0 2.061464384982968 5.203057038572761 24.0 
224.0 334.0 2.061464384982968 5.203057038572761 24.0 
224.0 335.0 2.061464384982968 5.203057038572761 24.0 
224.0 336.0 2.061464384982968 5.203057038572761 24.0 
224.0 337.0 2.061464384982968 5.203057038572761 24.0 
225.0 332.0 2.061464384982968 5.203057038572761 24.0 
225.0 333.0 2.061464384982968 5.203057038572761 24.0 
225.0 334.0 2.061464384982968 5.203057038572761 24.0 
225.0 335.0 2.061464384982968 5.203057038572761 24.0 
226.0 330.0 2.061464384982968 5.203057038572761 24.0 
226.0 331.0 2.061464384982968 5.203057038572761 24.0 
226.0 332.0 2.061464384982968 5.203057038572761 24.0 
226.0 333.0 2.061464384982968 5.203057038572761 24.0 
227.0 328.0 2.061464384982968 5.203057038572761 24.0 
227.0 329.0 2.061464384982968 5.203057038572761 24.0 
227.0 330.0 2.061464384982968 5.203057038572761 24.0 
227.0 331.0 2.061464384982968 5.203057038572761 24.0 
228.0 326.0 2.061464384982968 5.203057038572761 24.0 
228.0 327.0 2.061464384982968 5.203057038572761 24.0 
228.0 328.0 2.061464384982968 5.203057038572761 24.0 
228.0 329.0 2.061464384982968 5.203057038572761 24.0 
229.0 324.0 2.061464384982968 5.203057038572761 24.0 
229.0 325.0 2.061464384982968 5.203057038572761 24.0 
229.0 326.0 2.061464384982968 5.203057038572761 24.0 
229.0 327.0 2.061464384982968 5.203057038572761 24.0 
230.0 322.0 2.061464384982968 5.203057038572761 24.0 
230.0 323.0 2.061464384982968 5.203057038572761 24.0 
230.0 324.0 2.061464384982968 5.203057038572761 24.0 
230.0 325.0 2.061464384982968 5.203057038572761 24.0 
230.0 326.0 2.061464384982968 5.203057038572761 24.0 
231.0 320.0 2.061464384982968 5.203057038572761 24.0 
231.0 321.0 2.061464384982968 5.203057038572761 24.0 
231.0 322.0 2.061464384982968 5.203057038572761 24.0 
231.0 323.0 2.061464384982968 5.203057038572761 24.0 
231.0 324.0 2.061464384982968 5.203057038572761 24.0 
232.0 319.0 2.061464384982968 5.203057038572761 24.0 
232.0 320.0 2.061464384982968 5.203057038572761 24.0 
232.0 321.0 2.061464384982968 5.203057038572761 24.0 
232.0 322.0 2.061464384982968 5.203057038572761 24.0 
233.0 317.0 2.061464384982968 5.203057038572761 24.0 
233.0 318.0 2.061464384982968 5.203057038572761 24.0 
233.0 319.0 2.061464384982968 5.203057038572761 24.0 
233.0 320.0 2.061464384982968 5.203057038572761 24.0 
234.0 315.0 2.061464384982968 5.203057038572761 24.0 
234.0 316.0 2.061464384982968 5.203057038572761 24.0 
234.0 317.0 2.061464384982968 5.203057038572761 24.0 
234.0 318.0 2.061464384982968 5.203057038572761 24.0 
235.0 313.0 2.061464384982968 5.203057038572761 24.0 
235.0 314.0 2.061464384982968 5.203057038572761 24.0 
235.0 315.0 2.061464384982968 5.203057038572761 24.0 
235.0 316.0 2.061464384982968 5.203057038572761 24.0 
236.0 311.0 2.061464384982968 5.203057038572761 24.0 
236.0 312.0 2.061464384982968 5.203057038572761 24.0 
236.0 313.0 2.061464384982968 5.203057038572761 24.0 
236.0 314.0 2.061464384982968 5.203057038572761 24.0 
237.0 309.0 2.061464384982968 5.203057038572761 24.0 
237.0 310.0 2.061464384982968 5.203057038572761 24.0 
237.0 311.0 2.061464384982968 5.203057038572761 24.0 
237.0 312.0 2.061464384982968 5.203057038572761 24.0 
238.0 307.0 2.061464384982968 5.203057038572761 24.0 
238.0 308.0 2.061464384982968 5.203057038572761 24.0 
238.0 309.0 2.061464384982968 5.203057038572761 24.0 
238.0 310.0 2.061464384982968 5.203057038572761 24.0 
238.0 311.0 2.061464384982968 5.203057038572761 24.0 
239.0 305.0 2.061464384982968 5.203057038572761 24.0 
239.0 306.0 2.061464384982968 5.203057038572761 24.0 
239.0 307.0 2.061464384982968 5.203057038572761 24.0 
239.0 308.0 2.061464384982968 5.203057038572761 24.0 
239.0 309.0 2.061464384982968 5.203057038572761 24.0 
240.0 304.0 2.061464384982968 5.203057038572761 24.0 
240.0 305.0 2.061464384982968 5.203057038572761 24.0 
240.0 306.0 2.061464384982968 5.203057038572761 24.0 
240.0 307.0 2.061464384982968 5.203057038572761 24.0 
241.0 302.0 2.061464384982968 5.203057038572761 24.0 
241.0 303.0 2.061464384982968 5.203057038572761 24.0 
241.0 304.0 2.061464384982968 5.203057038572761 24.0 
241.0 305.0 2.061464384982968 5.203057038572761 24.0 
242.0 300.0 2.061464384982968 5.203057038572761 24.0 
242.0 301.0 2.061464384982968 5.203057038572761 24.0 
242.0 302.0 2.061464384982968 5.203057038572761 24.0 
242.0 303.0 2.061464384982968 5.203057038572761 24.0 
243.0 298.0 2.061464384982968 5.203057038572761 24.0 
243.0 299.0 2.061464384982968 5.203057038572761 24.0 
243.0 300.0 2.061464384982968 5.203057038572761 24.0 
243.0 301.0 2.061464384982968 5.203057038572761 24.0 
244.0 296.0 2.061464384982968 5.203057038572761 24.0 
244.0 297.0 2.061464384982968 5.203057038572761 24.0 
244.0 298.0 2.061464384982968 5.203057038572761 24.0 
244.0 299.0 2.061464384982968 5.203057038572761 24.0 
245.0 294.0 2.061464384982968 5.203057038572761 24.0 
245.0 295.0 2.061464384982968 5.203057038572761 24.0 
245.0 296.0 2.061464384982968 5.203057038572761 24.0 
245.0 297.0 2.061464384982968 5.203057038572761 24.0 
246.0 292.0 2.061464384982968 5.203057038572761 24.0 
246.0 293.0 2.061464384982968 5.203057038572761 24.0 
246.0 294.0 2.061464384982968 5.203057038572761 24.0 
246.0 295.0 2.061464384982968 5.203057038572761 24.0 
246.0 296.0 2.061464384982968 5.203057038572761 24.0 
247.0 290.0 2.061464384982968 5.203057038572761 24.0 
247.0 291.0 2.061464384982968 5.203057038572761 24.0 
247.0 292.0 2.061464384982968 5.203057038572761 24.0 
247.0 293.0 2.061464384982968 5.203057038572761 24.0 
247.0 294.0 2.061464384982968 5.203057038572761 24.0 
248.0 289.0 2.061464384982968 5.203057038572761 24.0 
248.0 290.0 2.061464384982968 5.203057038572761 24.0 
248.0 291.0 2.061464384982968 5.203057038572761 24.0 
248.0 292.0 2.061464384982968 5.203057038572761 24.0 
249.0 287.0 2.061464384982968 5.203057038572761 24.0 
249.0 288.0 2.061464384982968 5.203057038572761 24.0 
249.0 289.0 2.061464384982968 5.203057038572761 24.0 
249.0 290.0 2.061464384982968 5.203057038572761 24.0 
250.0 285.0 2.061464384982968 5.203057038572761 24.0 
250.0 286.0 2.061464384982968 5.203057038572761 24.0 
250.0 287.0 2.061464384982968 5.203057038572761 24.0 
250.0 288.0 2.061464384982968 5.203057038572761 24.0 
251.0 283.0 2.061464384982968 5.203057038572761 24.0 
251.0 284.0 2.061464384982968 5.203057038572761 24.0 
251.0 285.0 2.061464384982968 5.203057038572761 24.0 
251.0 286.0 2.061464384982968 5.203057038572761 24.0 
252.0 281.0 2.061464384982968 5.203057038572761 24.0 
252.0 282.0 2.061464384982968 5.203057038572761 24.0 
252.0 283.0 2.061464384982968 5.203057038572761 24.0 
252.0 284.0 2.061464384982968 5.203057038572761 24.0 
253.0 279.0 2.061464384982968 5.203057038572761 24.0 
253.0 280.0 2.061464384982968 5.203057038572761 24.0 
253.0 281.0 2.061464384982968 5.203057038572761 24.0 
253.0 282.0 2.061464384982968 5.203057038572761 24.0 
254.0 279.0 2.061464384982968 5.203057038572761 24.0 
254.0 280.0 2.061464384982968 5.203057038572761 24.0 
254.0 281.0 2.061464384982968 5.203057038572761 24.0 
211.0 365.0 1.831398718542237 4.97299137213203 24.0 
211.0 366.0 1.831398718542237 4.97299137213203 24.0 
211.0 367.0 1.831398718542237 4.97299137213203 24.0 
212.0 361.0 1.831398718542237 4.97299137213203 24.0 
212.0 362.0 1.831398718542237 4.97299137213203 24.0 
212.0 363.0 1.831398718542237 4.97299137213203 24.0 
212.0 364.0 1.831398718542237 4.97299137213203 24.0 
212.0 365.0 1.831398718542237 4.97299137213203 24.0 
212.0 366.0 1.831398718542237 4.97299137213203 24.0 
212.0 367.0 1.831398718542237 4.97299137213203 24.0 
212.0 368.0 1.831398718542237 4.97299137213203 24.0 
213.0 357.0 1.831398718542237 4.97299137213203 24.0 
213.0 358.0 1.831398718542237 4.97299137213203 24.0 
213.0 359.0 1.831398718542237 4.97299137213203 24.0 
213.0 360.0 1.831398718542237 4.97299137213203 24.0 
213.0 361.0 1.831398718542237 4.97299137213203 24.0 
213.0 362.0 1.831398718542237 4.97299137213203 24.0 
213.0 363.0 1.831398718542237 4.97299137213203 24.0 
213.0 364.0 1.831398718542237 4.97299137213203 24.0 
214.0 353.0 1.831398718542237 4.97299137213203 24.0 
214.0 354.0 1.831398718542237 4.97299137213203 24.0 
214.0 355.0 1.831398718542237 4.97299137213203 24.0 
214.0 356.0 1.831398718542237 4.97299137213203 24.0 
214.0 357.0 1.831398718542237 4.97299137213203 24.0 
214.0 358.0 1.831398718542237 4.97299137213203 24.0 
214.0 359.0 1.831398718542237 4.97299137213203 24.0 
214.0 360.0 1.831398718542237 4.97299137213203 24.0 
215.0 353.0 1.831398718542237 4.97299137213203 24.0 
215.0 354.0 1.831398718542237 4.97299137213203 24.0 
215.0 355.0 1.831398718542237 4.97299137213203 24.0 
215.0 356.0 1.831398718542237 4.97299137213203 24.0 
210.0 368.0 4.547240302970062 1.4056476493802685 24.0 
210.0 369.0 4.547240302970062 1.4056476493802685 24.0 
210.0 370.0 4.547240302970062 1.4056476493802685 24.0 
210.0 371.0 4.547240302970062 1.4056476493802685 24.0 
210.0 372.0 4.547240302970062 1.4056476493802685 24.0 
210.0 373.0 4.547240302970062 1.4056476493802685 24.0 
210.0 374.0 4.547240302970062 1.4056476493802685 24.0 
211.0 368.0 4.547240302970062 1.4056476493802685 24.0 
211.0 369.0 4.547240302970062 1.4056476493802685 24.0 
211.0 370.0 4.547240302970062 1.4056476493802685 24.0 
211.0 371.0 4.547240302970062 1.4056476493802685 24.0 
211.0 372.0 4.547240302970062 1.4056476493802685 24.0 
211.0 373.0 4.547240302970062 1.4056476493802685 24.0 
211.0 374.0 4.547240302970062 1.4056476493802685 24.0 
211.0 375.0 4.547240302970062 1.4056476493802685 24.0 
211.0 376.0 4.547240302970062 1.4056476493802685 24.0 
211.0 377.0 4.547240302970062 1.4056476493802685 24.0 
211.0 378.0 4.547240302970062 1.4056476493802685 24.0 
211.0 379.0 4.547240302970062 1.4056476493802685 24.0 
211.0 380.0 4.547240302970062 1.4056476493802685 24.0 
212.0 374.0 4.547240302970062 1.4056476493802685 24.0 
212.0 375.0 4.547240302970062 1.4056476493802685 24.0 
212.0 376.0 4.547240302970062 1.4056476493802685 24.0 
212.0 377.0 4.547240302970062 1.4056476493802685 24.0 
212.0 378.0 4.547240302970062 1.4056476493802685 24.0 
212.0 379.0 4.547240302970062 1.4056476493802685 24.0 
212.0 380.0 4.547240302970062 1.4056476493802685 24.0 
212.0 381.0 4.547240302970062 1.4056476493802685 24.0 
212.0 382.0 4.547240302970062 1.4056476493802685 24.0 
212.0 383.0 4.547240302970062 1.4056476493802685 24.0 
212.0 384.0 4.547240302970062 1.4056476493802685 24.0 
212.0 385.0 4.547240302970062 1.4056476493802685 24.0 
212.0 386.0 4.547240302970062 1.4056476493802685 24.0 
213.0 380.0 4.547240302970062 1.4056476493802685 24.0 
213.0 381.0 4.547240302970062 1.4056476493802685 24.0 
213.0 382.0 4.547240302970062 1.4056476493802685 24.0 
213.0 383.0 4.547240302970062 1.4056476493802685 24.0 
213.0 384.0 4.547240302970062 1.4056476493802685 24.0 
213.0 385.0 4.547240302970062 1.4056476493802685 24.0 
214.0 387.0 4.112338766982935 0.9707461133931425 24.0 
214.0 388.0 4.112338766982935 0.9707461133931425 24.0 
215.0 387.0 4.112338766982935 0.9707461133931425 24.0 
215.0 388.0 4.112338766982935 0.9707461133931425 24.0 
215.0 389.0 4.112338766982935 0.9707461133931425 24.0 
215.0 390.0 4.112338766982935 0.9707461133931425 24.0 
216.0 389.0 4.112338766982935 0.9707461133931425 24.0 
216.0 390.0 4.112338766982935 0.9707461133931425 24.0 
216.0 391.0 4.112338766982935 0.9707461133931425 24.0 
217.0 390.0 4.112338766982935 0.9707461133931425 24.0 
217.0 391.0 4.112338766982935 0.9707461133931425 24.0 
217.0 392.0 4.112338766982935 0.9707461133931425 24.0 
217.0 393.0 4.112338766982935 0.9707461133931425 24.0 
218.0 392.0 4.112338766982935 0.9707461133931425 24.0 
218.0 393.0 4.112338766982935 0.9707461133931425 24.0 
218.0 394.0 4.112338766982935 0.9707461133931425 24.0 
219.0 393.0 4.112338766982935 0.9707461133931425 24.0 
219.0 394.0 4.112338766982935 0.9707461133931425 24.0 
219.0 395.0 4.112338766982935 0.9707461133931425 24.0 
219.0 396.0 4.112338766982935 0.9707461133931425 24.0 
220.0 394.0 4.112338766982935 0.9707461133931425 24.0 
220.0 395.0 4.112338766982935 0.9707461133931425 24.0 
220.0 396.0 4.112338766982935 0.9707461133931425 24.0 
220.0 397.0 4.112338766982935 0.9707461133931425 24.0 
221.0 396.0 4.112338766982935 0.9707461133931425 24.0 
221.0 397.0 4.112338766982935 0.9707461133931425 24.0 
221.0 398.0 4.112338766982935 0.9707461133931425 24.0 
221.0 399.0 4.112338766982935 0.9707461133931425 24.0 
222.0 397.0 4.112338766982935 0.9707461133931425 24.0 
222.0 398.0 4.112338766982935 0.9707461133931425 24.0 
222.0 399.0 4.112338766982935 0.9707461133931425 24.0 
222.0 400.0 4.112338766982935 0.9707461133931425 24.0 
223.0 399.0 4.112338766982935 0.9707461133931425 24.0 
223.0 400.0 4.112338766982935 0.9707461133931425 24.0 
223.0 401.0 4.112338766982935 0.9707461133931425 24.0 
224.0 400.0 4.112338766982935 0.9707461133931425 24.0 
224.0 401.0 4.112338766982935 0.9707461133931425 24.0 
224.0 402.0 4.112338766982935 0.9707461133931425 24.0 
224.0 403.0 4.112338766982935 0.9707461133931425 24.0 
225.0 402.0 4.112338766982935 0.9707461133931425 24.0 
225.0 403.0 4.112338766982935 0.9707461133931425 24.0 
225.0 404.0 4.112338766982935 0.9707461133931425 24.0 
226.0 403.0 4.112338766982935 0.9707461133931425 24.0 
226.0 404.0 4.112338766982935 0.9707461133931425 24.0 
226.0 405.0 4.112338766982935 0.9707461133931425 24.0 
226.0 406.0 4.112338766982935 0.9707461133931425 24.0 
227.0 405.0 4.112338766982935 0.9707461133931425 24.0 
228.0 405.0 3.0072712116368248 6.148863865226618 24.0 
229.0 405.0 3.0072712116368248 6.148863865226618 24.0 
229.0 406.0 3.0072712116368248 6.148863865226618 24.0 
230.0 405.0 3.0072712116368248 6.148863865226618 24.0 
230.0 406.0 3.0072712116368248 6.148863865226618 24.0 
231.0 405.0 3.0072712116368248 6.148863865226618 24.0 
231.0 406.0 3.0072712116368248 6.148863865226618 24.0 
232.0 405.0 3.0072712116368248 6.148863865226618 24.0 
232.0 406.0 3.0072712116368248 6.148863865226618 24.0 
233.0 405.0 3.0072712116368248 6.148863865226618 24.0 
233.0 406.0 3.0072712116368248 6.148863865226618 24.0 
234.0 405.0 3.0072712116368248 6.148863865226618 24.0 
234.0 406.0 3.0072712116368248 6.148863865226618 24.0 
235.0 405.0 3.0072712116368248 6.148863865226618 24.0 
235.0 406.0 3.0072712116368248 6.148863865226618 24.0 
236.0 404.0 3.0072712116368248 6.148863865226618 24.0 
236.0 405.0 3.0072712116368248 6.148863865226618 24.0 
237.0 404.0 3.0072712116368248 6.148863865226618 24.0 
237.0 405.0 3.0072712116368248 6.148863865226618 24.0 
238.0 404.0 3.0072712116368248 6.148863865226618 24.0 
238.0 405.0 3.0072712116368248 6.148863865226618 24.0 
239.0 404.0 3.0072712116368248 6.148863865226618 24.0 
239.0 405.0 3.0072712116368248 6.148863865226618 24.0 
240.0 404.0 3.0072712116368248 6.148863865226618 24.0 
240.0 405.0 3.0072712116368248 6.148863865226618 24.0 
241.0 404.0 3.0072712116368248 6.148863865226618 24.0 
241.0 405.0 3.0072712116368248 6.148863865226618 24.0 
242.0 404.0 3.0072712116368248 6.148863865226618 24.0 
242.0 405.0 3.0072712116368248 6.148863865226618 24.0 
243.0 403.0 3.0072712116368248 6.148863865226618 24.0 
243.0 404.0 3.0072712116368248 6.148863865226618 24.0 
244.0 403.0 3.0072712116368248 6.148863865226618 24.0 
244.0 404.0 3.0072712116368248 6.148863865226618 24.0 
245.0 403.0 3.0072712116368248 6.148863865226618 24.0 
245.0 404.0 3.0072712116368248 6.148863865226618 24.0 
246.0 403.0 3.0072712116368248 6.148863865226618 24.0 
246.0 404.0 3.0072712116368248 6.148863865226618 24.0 
247.0 403.0 3.0072712116368248 6.148863865226618 24.0 
247.0 404.0 3.0072712116368248 6.148863865226618 24.0 
248.0 403.0 3.0072712116368248 6.148863865226618 24.0 
248.0 404.0 3.0072712116368248 6.148863865226618 24.0 
249.0 403.0 3.0072712116368248 6.148863865226618 24.0 
249.0 404.0 3.0072712116368248 6.148863865226618 24.0 
250.0 403.0 3.0072712116368248 6.148863865226618 24.0 
250.0 404.0 3.0072712116368248 6.148863865226618 24.0 
251.0 402.0 3.0072712116368248 6.148863865226618 24.0 
251.0 403.0 3.0072712116368248 6.148863865226618 24.0 
252.0 402.0 3.0072712116368248 6.148863865226618 24.0 
252.0 403.0 3.0072712116368248 6.148863865226618 24.0 
253.0 402.0 3.0072712116368248 6.148863865226618 24.0 
253.0 403.0 3.0072712116368248 6.148863865226618 24.0 
254.0 402.0 3.0072712116368248 6.148863865226618 24.0 
254.0 403.0 3.0072712116368248 6.148863865226618 24.0 
255.0 402.0 3.0072712116368248 6.148863865226618 24.0 
255.0 403.0 3.0072712116368248 6.148863865226618 24.0 
256.0 402.0 3.0072712116368248 6.148863865226618 24.0 
256.0 403.0 3.0072712116368248 6.148863865226618 24.0 
257.0 402.0 3.0072712116368248 6.148863865226618 24.0 
257.0 403.0 3.0072712116368248 6.148863865226618 24.0 
258.0 401.0 3.0072712116368248 6.148863865226618 24.0 
258.0 402.0 3.0072712116368248 6.148863865226618 24.0 
259.0 401.0 3.0072712116368248 6.148863865226618 24.0 
259.0 402.0 3.0072712116368248 6.148863865226618 24.0 
260.0 401.0 3.0072712116368248 6.148863865226618 24.0 
260.0 402.0 3.0072712116368248 6.148863865226618 24.0 
261.0 401.0 3.0072712116368248 6.148863865226618 24.0 
261.0 402.0 3.0072712116368248 6.148863865226618 24.0 
262.0 401.0 3.0072712116368248 6.148863865226618 24.0 
262.0 402.0 3.0072712116368248 6.148863865226618 24.0 
263.0 401.0 3.0072712116368248 6.148863865226618 24.0 
263.0 402.0 3.0072712116368248 6.148863865226618 24.0 
264.0 401.0 3.0072712116368248 6.148863865226618 24.0 
264.0 402.0 3.0072712116368248 6.148863865226618 24.0 
265.0 401.0 3.0072712116368248 6.148863865226618 24.0 
265.0 402.0 3.0072712116368248 6.148863865226618 24.0 
267.0 401.0 3.265947648136554 0.12435499454676073 24.0 
267.0 402.0 3.265947648136554 0.12435499454676073 24.0 
268.0 401.0 3.265947648136554 0.12435499454676073 24.0 
268.0 402.0 3.265947648136554 0.12435499454676073 24.0 
269.0 401.0 3.265947648136554 0.12435499454676073 24.0 
269.0 402.0 3.265947648136554 0.12435499454676073 24.0 
270.0 401.0 3.265947648136554 0.12435499454676073 24.0 
270.0 402.0 3.265947648136554 0.12435499454676073 24.0 
271.0 401.0 3.265947648136554 0.12435499454676073 24.0 
271.0 402.0 3.265947648136554 0.12435499454676073 24.0 
272.0 401.0 3.265947648136554 0.12435499454676073 24.0 
272.0 402.0 3.265947648136554 0.12435499454676073 24.0 
273.0 401.0 3.265947648136554 0.12435499454676073 24.0 
273.0 402.0 3.265947648136554 0.12435499454676073 24.0 
274.0 401.0 3.265947648136554 0.12435499454676073 24.0 
274.0 402.0 3.265947648136554 0.12435499454676073 24.0 
275.0 401.0 3.265947648136554 0.12435499454676073 24.0 
275.0 402.0 3.5943711254133293 0.4527784718235365 24.0 
275.0 403.0 3.5943711254133293 0.4527784718235365 24.0 
276.0 402.0 3.5943711254133293 0.4527784718235365 24.0 
276.0 403.0 3.5943711254133293 0.4527784718235365 24.0 
277.0 402.0 3.5943711254133293 0.4527784718235365 24.0 
277.0 403.0 3.5943711254133293 0.4527784718235365 24.0 
277.0 404.0 3.5943711254133293 0.4527784718235365 24.0 
278.0 403.0 3.5943711254133293 0.4527784718235365 24.0 
278.0 404.0 3.5943711254133293 0.4527784718235365 24.0 
279.0 403.0 3.5943711254133293 0.4527784718235365 24.0 
279.0 404.0 3.5943711254133293 0.4527784718235365 24.0 
279.0 405.0 3.5943711254133293 0.4527784718235365 24.0 
280.0 404.0 3.5943711254133293 0.4527784718235365 24.0 
280.0 405.0 3.5943711254133293 0.4527784718235365 24.0 
281.0 404.0 3.5943711254133293 0.4527784718235365 24.0 
281.0 405.0 3.5943711254133293 0.4527784718235365 24.0 
281.0 406.0 3.5943711254133293 0.4527784718235365 24.0 
282.0 405.0 3.5943711254133293 0.4527784718235365 24.0 
282.0 406.0 3.5943711254133293 0.4527784718235365 24.0 
283.0 405.0 3.5943711254133293 0.4527784718235365 24.0 
283.0 406.0 3.5943711254133293 0.4527784718235365 24.0 
283.0 407.0 3.5943711254133293 0.4527784718235365 24.0 
284.0 406.0 3.5943711254133293 0.4527784718235365 24.0 
284.0 407.0 3.5943711254133293 0.4527784718235365 24.0 
285.0 406.0 3.5943711254133293 0.4527784718235365 24.0 
285.0 407.0 3.5943711254133293 0.4527784718235365 24.0 
286.0 407.0 3.5943711254133293 0.4527784718235365 24.0 
286.0 408.0 3.5943711254133293 0.4527784718235365 24.0 
287.0 407.0 3.5943711254133293 0.4527784718235365 24.0 
287.0 408.0 3.5943711254133293 0.4527784718235365 24.0 
288.0 408.0 3.5943711254133293 0.4527784718235365 24.0 
288.0 409.0 3.5943711254133293 0.4527784718235365 24.0 
289.0 408.0 3.5943711254133293 0.4527784718235365 24.0 
289.0 409.0 3.5943711254133293 0.4527784718235365 24.0 
290.0 409.0 3.5943711254133293 0.4527784718235365 24.0 
290.0 410.0 3.5943711254133293 0.4527784718235365 24.0 
291.0 409.0 3.5943711254133293 0.4527784718235365 24.0 
291.0 410.0 3.5943711254133293 0.4527784718235365 24.0 
292.0 410.0 3.5943711254133293 0.4527784718235365 24.0 
292.0 411.0 3.5943711254133293 0.4527784718235365 24.0 
293.0 410.0 3.5943711254133293 0.4527784718235365 24.0 
293.0 411.0 3.5943711254133293 0.4527784718235365 24.0 
294.0 411.0 3.5943711254133293 0.4527784718235365 24.0 
294.0 412.0 3.5943711254133293 0.4527784718235365 24.0 
295.0 411.0 3.5943711254133293 0.4527784718235365 24.0 
295.0 412.0 3.5943711254133293 0.4527784718235365 24.0 
296.0 412.0 3.5943711254133293 0.4527784718235365 24.0 
296.0 413.0 3.5943711254133293 0.4527784718235365 24.0 
297.0 412.0 3.5943711254133293 0.4527784718235365 24.0 
297.0 413.0 3.5943711254133293 0.4527784718235365 24.0 
298.0 413.0 3.5943711254133293 0.4527784718235365 24.0 
298.0 414.0 3.5943711254133293 0.4527784718235365 24.0 
299.0 413.0 3.5943711254133293 0.4527784718235365 24.0 
299.0 414.0 3.5943711254133293 0.4527784718235365 24.0 
300.0 414.0 3.5943711254133293 0.4527784718235365 24.0 
300.0 415.0 3.5943711254133293 0.4527784718235365 24.0 
301.0 414.0 3.5943711254133293 0.4527784718235365 24.0 
301.0 415.0 3.5943711254133293 0.4527784718235365 24.0 
302.0 415.0 3.5943711254133293 0.4527784718235365 24.0 
302.0 416.0 3.5943711254133293 0.4527784718235365 24.0 
303.0 415.0 3.5943711254133293 0.4527784718235365 24.0 
303.0 416.0 3.5943711254133293 0.4527784718235365 24.0 
304.0 415.0 3.5943711254133293 0.4527784718235365 24.0 
304.0 416.0 3.5943711254133293 0.4527784718235365 24.0 
304.0 417.0 3.5943711254133293 0.4527784718235365 24.0 
305.0 416.0 3.5943711254133293 0.4527784718235365 24.0 
305.0 417.0 3.5943711254133293 0.4527784718235365 24.0 
306.0 416.0 3.5943711254133293 0.4527784718235365 24.0 
306.0 417.0 3.5943711254133293 0.4527784718235365 24.0 
306.0 418.0 3.5943711254133293 0.4527784718235365 24.0 
307.0 417.0 3.5943711254133293 0.4527784718235365 24.0 
307.0 418.0 3.5943711254133293 0.4527784718235365 24.0 
308.0 417.0 3.5943711254133293 0.4527784718235365 24.0 
308.0 418.0 3.5943711254133293 0.4527784718235365 24.0 
308.0 419.0 3.5943711254133293 0.4527784718235365 24.0 
309.0 418.0 3.5943711254133293 0.4527784718235365 24.0 
309.0 419.0 3.5943711254133293 0.4527784718235365 24.0 
310.0 418.0 3.5943711254133293 0.4527784718235365 24.0 
310.0 419.0 3.5943711254133293 0.4527784718235365 24.0 
310.0 420.0 3.5943711254133293 0.4527784718235365 24.0 
311.0 419.0 3.5943711254133293 0.4527784718235365 24.0 
311.0 420.0 3.5943711254133293 0.4527784718235365 24.0 
312.0 419.0 3.5943711254133293 0.4527784718235365 24.0 
314.0 420.0 3.402195045337133 0.2606023917473399 24.0 
314.0 421.0 3.402195045337133 0.2606023917473399 24.0 
315.0 420.0 3.402195045337133 0.2606023917473399 24.0 
315.0 421.0 3.402195045337133 0.2606023917473399 24.0 
316.0 420.0 3.402195045337133 0.2606023917473399 24.0 
316.0 421.0 3.402195045337133 0.2606023917473399 24.0 
317.0 420.0 3.402195045337133 0.2606023917473399 24.0 
317.0 421.0 3.402195045337133 0.2606023917473399 24.0 
318.0 421.0 3.402195045337133 0.2606023917473399 24.0 
318.0 422.0 3.402195045337133 0.2606023917473399 24.0 
319.0 421.0 3.402195045337133 0.2606023917473399 24.0 
319.0 422.0 3.402195045337133 0.2606023917473399 24.0 
320.0 421.0 3.402195045337133 0.2606023917473399 24.0 
320.0 422.0 3.402195045337133 0.2606023917473399 24.0 
321.0 421.0 3.402195045337133 0.2606023917473399 24.0 
321.0 422.0 3.402195045337133 0.2606023917473399 24.0 
322.0 422.0 3.402195045337133 0.2606023917473399 24.0 
322.0 423.0 3.402195045337133 0.2606023917473399 24.0 
323.0 422.0 3.402195045337133 0.2606023917473399 24.0 
323.0 423.0 3.402195045337133 0.2606023917473399 24.0 
324.0 422.0 3.402195045337133 0.2606023917473399 24.0 
324.0 423.0 3.402195045337133 0.2606023917473399 24.0 
325.0 422.0 3.402195045337133 0.2606023917473399 24.0 
325.0 423.0 3.402195045337133 0.2606023917473399 24.0 
326.0 423.0 3.402195045337133 0.2606023917473399 24.0 
326.0 424.0 3.402195045337133 0.2606023917473399 24.0 
327.0 423.0 3.402195045337133 0.2606023917473399 24.0 
327.0 424.0 3.402195045337133 0.2606023917473399 24.0 
328.0 423.0 3.402195045337133 0.2606023917473399 24.0 
328.0 424.0 3.402195045337133 0.2606023917473399 24.0 
329.0 423.0 3.402195045337133 0.2606023917473399 24.0 
329.0 424.0 3.141592653589793 0.0 24.0 
329.0 425.0 3.141592653589793 0.0 24.0 
330.0 424.0 3.141592653589793 0.0 24.0 
330.0 425.0 3.141592653589793 0.0 24.0 
331.0 424.0 3.141592653589793 0.0 24.0 
331.0 425.0 3.141592653589793 0.0 24.0 
332.0 424.0 3.141592653589793 0.0 24.0 
332.0 425.0 3.141592653589793 0.0 24.0 
333.0 424.0 3.141592653589793 0.0 24.0 
333.0 425.0 3.141592653589793 0.0 24.0 
334.0 424.0 3.141592653589793 0.0 24.0 
334.0 425.0 3.141592653589793 0.0 24.0 
335.0 424.0 3.141592653589793 0.0 24.0 
335.0 425.0 3.141592653589793 0.0 24.0 
336.0 424.0 3.141592653589793 0.0 24.0 
336.0 425.0 3.141592653589793 0.0 24.0 
337.0 424.0 3.141592653589793 0.0 24.0 
337.0 425.0 3.141592653589793 0.0 24.0 
338.0 424.0 3.141592653589793 0.0 24.0 
338.0 425.0 3.141592653589793 0.0 24.0 
339.0 424.0 3.141592653589793 0.0 24.0 
339.0 425.0 3.141592653589793 0.0 24.0 
340.0 424.0 3.141592653589793 0.0 24.0 
340.0 425.0 3.141592653589793 0.0 24.0 
254.0 276.0 2.214297435588181 5.355890089177974 24.0 
255.0 274.0 2.214297435588181 5.355890089177974 24.0 
255.0 275.0 2.214297435588181 5.355890089177974 24.0 
255.0 276.0 2.214297435588181 5.355890089177974 24.0 
255.0 277.0 2.214297435588181 5.355890089177974 24.0 
256.0 273.0 2.214297435588181 5.355890089177974 24.0 
256.0 274.0 2.214297435588181 5.355890089177974 24.0 
256.0 275.0 2.214297435588181 5.355890089177974 24.0 
256.0 276.0 2.214297435588181 5.355890089177974 24.0 
257.0 272.0 2.214297435588181 5.355890089177974 24.0 
257.0 273.0 2.214297435588181 5.355890089177974 24.0 
257.0 274.0 2.214297435588181 5.355890089177974 24.0 
258.0 270.0 2.214297435588181 5.355890089177974 24.0 
258.0 271.0 2.214297435588181 5.355890089177974 24.0 
258.0 272.0 2.214297435588181 5.355890089177974 24.0 
258.0 273.0 2.214297435588181 5.355890089177974 24.0 
259.0 269.0 2.214297435588181 5.355890089177974 24.0 
259.0 270.0 2.214297435588181 5.355890089177974 24.0 
259.0 271.0 2.214297435588181 5.355890089177974 24.0 
259.0 272.0 2.214297435588181 5.355890089177974 24.0 
260.0 268.0 2.214297435588181 5.355890089177974 24.0 
260.0 269.0 2.214297435588181 5.355890089177974 24.0 
260.0 270.0 2.214297435588181 5.355890089177974 24.0 
261.0 266.0 2.214297435588181 5.355890089177974 24.0 
261.0 267.0 2.214297435588181 5.355890089177974 24.0 
261.0 268.0 2.214297435588181 5.355890089177974 24.0 
261.0 269.0 2.214297435588181 5.355890089177974 24.0 
262.0 265.0 2.214297435588181 5.355890089177974 24.0 
262.0 266.0 2.214297435588181 5.355890089177974 24.0 
262.0 267.0 2.214297435588181 5.355890089177974 24.0 
262.0 268.0 2.214297435588181 5.355890089177974 24.0 
263.0 265.0 2.214297435588181 5.355890089177974 24.0 
263.0 266.0 2.214297435588181 5.355890089177974 24.0 
264.0 264.0 2.723368324010563 5.864960977600356 24.0 
265.0 264.0 2.723368324010563 5.864960977600356 24.0 
265.0 265.0 2.723368324010563 5.864960977600356 24.0 
266.0 264.0 2.723368324010563 5.864960977600356 24.0 
266.0 265.0 2.723368324010563 5.864960977600356 24.0 
267.0 263.0 2.723368324010563 5.864960977600356 24.0 
267.0 264.0 2.723368324010563 5.864960977600356 24.0 
268.0 263.0 2.723368324010563 5.864960977600356 24.0 
268.0 264.0 2.723368324010563 5.864960977600356 24.0 
269.0 262.0 2.723368324010563 5.864960977600356 24.0 
269.0 263.0 2.723368324010563 5.864960977600356 24.0 
270.0 262.0 2.723368324010563 5.864960977600356 24.0 
270.0 263.0 2.723368324010563 5.864960977600356 24.0 
271.0 261.0 2.723368324010563 5.864960977600356 24.0 
271.0 262.0 2.723368324010563 5.864960977600356 24.0 
272.0 261.0 2.723368324010563 5.864960977600356 24.0 
272.0 262.0 2.723368324010563 5.864960977600356 24.0 
273.0 261.0 2.723368324010563 5.864960977600356 24.0 
273.0 262.0 2.723368324010563 5.864960977600356 24.0 
275.0 260.0 3.0617626678775567 6.20335532146735 24.0 
276.0 260.0 3.0617626678775567 6.20335532146735 24.0 
276.0 261.0 3.0617626678775567 6.20335532146735 24.0 
276.0 262.0 3.0617626678775567 6.20335532146735 24.0 
277.0 260.0 3.0617626678775567 6.20335532146735 24.0 
277.0 261.0 3.0617626678775567 6.20335532146735 24.0 
277.0 262.0 3.0617626678775567 6.20335532146735 24.0 
278.0 260.0 3.0617626678775567 6.20335532146735 24.0 
278.0 261.0 3.0617626678775567 6.20335532146735 24.0 
278.0 262.0 3.0617626678775567 6.20335532146735 24.0 
279.0 260.0 3.0617626678775567 6.20335532146735 24.0 
279.0 261.0 3.0617626678775567 6.20335532146735 24.0 
279.0 262.0 3.0617626678775567 6.20335532146735 24.0 
280.0 260.0 3.0617626678775567 6.20335532146735 24.0 
280.0 261.0 3.0617626678775567 6.20335532146735 24.0 
280.0 262.0 3.0617626678775567 6.20335532146735 24.0 
281.0 260.0 3.0617626678775567 6.20335532146735 24.0 
281.0 261.0 3.0617626678775567 6.20335532146735 24.0 
281.0 262.0 3.0617626678775567 6.20335532146735 24.0 
282.0 259.0 3.0617626678775567 6.20335532146735 24.0 
282.0 260.0 3.0617626678775567 6.20335532146735 24.0 
282.0 261.0 3.0617626678775567 6.20335532146735 24.0 
283.0 259.0 3.0617626678775567 6.20335532146735 24.0 
283.0 260.0 3.0617626678775567 6.20335532146735 24.0 
283.0 261.0 3.0617626678775567 6.20335532146735 24.0 
284.0 259.0 3.0617626678775567 6.20335532146735 24.0 
284.0 260.0 3.0617626678775567 6.20335532146735 24.0 
284.0 261.0 3.0617626678775567 6.20335532146735 24.0 
285.0 259.0 3.0617626678775567 6.20335532146735 24.0 
285.0 260.0 3.0617626678775567 6.20335532146735 24.0 
285.0 261.0 3.0617626678775567 6.20335532146735 24.0 
286.0 259.0 3.0617626678775567 6.20335532146735 24.0 
286.0 260.0 3.0617626678775567 6.20335532146735 24.0 
286.0 261.0 3.0617626678775567 6.20335532146735 24.0 
287.0 259.0 3.0617626678775567 6.20335532146735 24.0 
287.0 260.0 3.0617626678775567 6.20335532146735 24.0 
287.0 261.0 3.0617626678775567 6.20335532146735 24.0 
288.0 259.0 3.0617626678775567 6.20335532146735 24.0 
288.0 260.0 3.0617626678775567 6.20335532146735 24.0 
288.0 261.0 3.0617626678775567 6.20335532146735 24.0 
289.0 259.0 3.0617626678775567 6.20335532146735 24.0 
289.0 260.0 3.0617626678775567 6.20335532146735 24.0 
289.0 261.0 3.0617626678775567 6.20335532146735 24.0 
290.0 259.0 3.0617626678775567 6.20335532146735 24.0 
290.0 260.0 3.0617626678775567 6.20335532146735 24.0 
290.0 261.0 3.0617626678775567 6.20335532146735 24.0 
291.0 259.0 3.0617626678775567 6.20335532146735 24.0 
291.0 260.0 3.0617626678775567 6.20335532146735 24.0 
291.0 261.0 3.0617626678775567 6.20335532146735 24.0 
292.0 259.0 3.0617626678775567 6.20335532146735 24.0 
292.0 260.0 3.0617626678775567 6.20335532146735 24.0 
292.0 261.0 3.0617626678775567 6.20335532146735 24.0 
293.0 259.0 3.0617626678775567 6.20335532146735 24.0 
293.0 260.0 3.0617626678775567 6.20335532146735 24.0 
293.0 261.0 3.0617626678775567 6.20335532146735 24.0 
294.0 258.0 3.0617626678775567 6.20335532146735 24.0 
294.0 259.0 3.0617626678775567 6.20335532146735 24.0 
294.0 260.0 3.0617626678775567 6.20335532146735 24.0 
295.0 258.0 3.0617626678775567 6.20335532146735 24.0 
295.0 259.0 3.0617626678775567 6.20335532146735 24.0 
295.0 260.0 3.0617626678775567 6.20335532146735 24.0 
296.0 258.0 3.0617626678775567 6.20335532146735 24.0 
296.0 259.0 3.0617626678775567 6.20335532146735 24.0 
296.0 260.0 3.0617626678775567 6.20335532146735 24.0 
297.0 258.0 3.0617626678775567 6.20335532146735 24.0 
297.0 259.0 3.0617626678775567 6.20335532146735 24.0 
297.0 260.0 3.0617626678775567 6.20335532146735 24.0 
298.0 258.0 3.0617626678775567 6.20335532146735 24.0 
298.0 259.0 3.0617626678775567 6.20335532146735 24.0 
298.0 260.0 3.0617626678775567 6.20335532146735 24.0 
299.0 258.0 3.0617626678775567 6.20335532146735 24.0 
299.0 259.0 3.0617626678775567 6.20335532146735 24.0 
299.0 260.0 3.0617626678775567 6.20335532146735 24.0 
300.0 259.0 3.0617626678775567 6.20335532146735 24.0 
300.0 260.0 3.0617626678775567 6.20335532146735 24.0 
302.0 258.0 3.141592653589793 0.0 24.0 
302.0 259.0 3.141592653589793 0.0 24.0 
303.0 258.0 3.141592653589793 0.0 24.0 
303.0 259.0 3.141592653589793 0.0 24.0 
304.0 258.0 3.141592653589793 0.0 24.0 
304.0 259.0 3.141592653589793 0.0 24.0 
305.0 258.0 3.141592653589793 0.0 24.0 
305.0 259.0 3.141592653589793 0.0 24.0 
306.0 258.0 3.141592653589793 0.0 24.0 
306.0 259.0 3.141592653589793 0.0 24.0 
307.0 258.0 3.141592653589793 0.0 24.0 
307.0 259.0 3.141592653589793 0.0 24.0 
308.0 258.0 3.141592653589793 0.0 24.0 
308.0 259.0 3.141592653589793 0.0 24.0 
309.0 258.0 3.141592653589793 0.0 24.0 
309.0 259.0 3.141592653589793 0.0 24.0 
309.0 260.0 4.2487413713838835 1.1071487177940904 24.0 
309.0 261.0 4.2487413713838835 1.1071487177940904 24.0 
309.0 262.0 4.2487413713838835 1.1071487177940904 24.0 
310.0 260.0 4.2487413713838835 1.1071487177940904 24.0 
310.0 261.0 4.2487413713838835 1.1071487177940904 24.0 
310.0 262.0 4.2487413713838835 1.1071487177940904 24.0 
310.0 263.0 4.2487413713838835 1.1071487177940904 24.0 
310.0 264.0 4.2487413713838835 1.1071487177940904 24.0 
311.0 262.0 4.2487413713838835 1.1071487177940904 24.0 
311.0 263.0 4.2487413713838835 1.1071487177940904 24.0 
311.0 264.0 4.2487413713838835 1.1071487177940904 24.0 
311.0 265.0 4.2487413713838835 1.1071487177940904 24.0 
311.0 266.0 4.2487413713838835 1.1071487177940904 24.0 
312.0 264.0 4.2487413713838835 1.1071487177940904 24.0 
312.0 265.0 4.2487413713838835 1.1071487177940904 24.0 
312.0 266.0 4.2487413713838835 1.1071487177940904 24.0 
312.0 267.0 4.2487413713838835 1.1071487177940904 24.0 
312.0 268.0 4.2487413713838835 1.1071487177940904 24.0 
313.0 266.0 4.2487413713838835 1.1071487177940904 24.0 
313.0 267.0 4.2487413713838835 1.1071487177940904 24.0 
313.0 268.0 4.2487413713838835 1.1071487177940904 24.0 
313.0 269.0 4.2487413713838835 1.1071487177940904 24.0 
313.0 270.0 4.2487413713838835 1.1071487177940904 24.0 
314.0 268.0 4.2487413713838835 1.1071487177940904 24.0 
314.0 269.0 4.2487413713838835 1.1071487177940904 24.0 
314.0 270.0 4.2487413713838835 1.1071487177940904 24.0 
314.0 271.0 4.2487413713838835 1.1071487177940904 24.0 
314.0 272.0 4.2487413713838835 1.1071487177940904 24.0 
315.0 270.0 4.2487413713838835 1.1071487177940904 24.0 
315.0 271.0 4.2487413713838835 1.1071487177940904 24.0 
315.0 272.0 4.2487413713838835 1.1071487177940904 24.0 
315.0 273.0 4.2487413713838835 1.1071487177940904 24.0 
315.0 274.0 4.2487413713838835 1.1071487177940904 24.0 
316.0 272.0 4.2487413713838835 1.1071487177940904 24.0 
316.0 273.0 4.2487413713838835 1.1071487177940904 24.0 
316.0 274.0 4.2487413713838835 1.1071487177940904 24.0 
316.0 275.0 4.2487413713838835 1.1071487177940904 24.0 
316.0 276.0 4.2487413713838835 1.1071487177940904 24.0 
317.0 274.0 4.2487413713838835 1.1071487177940904 24.0 
317.0 275.0 4.2487413713838835 1.1071487177940904 24.0 
317.0 276.0 4.2487413713838835 1.1071487177940904 24.0 
317.0 277.0 4.2487413713838835 1.1071487177940904 24.0 
317.0 278.0 4.2487413713838835 1.1071487177940904 24.0 
318.0 276.0 4.2487413713838835 1.1071487177940904 24.0 
318.0 277.0 4.2487413713838835 1.1071487177940904 24.0 
318.0 278.0 4.2487413713838835 1.1071487177940904 24.0 
318.0 279.0 4.2487413713838835 1.1071487177940904 24.0 
318.0 280.0 4.2487413713838835 1.1071487177940904 24.0 
319.0 278.0 4.2487413713838835 1.1071487177940904 24.0 
319.0 279.0 4.2487413713838835 1.1071487177940904 24.0 
319.0 280.0 4.2487413713838835 1.1071487177940904 24.0 
319.0 281.0 4.2487413713838835 1.1071487177940904 24.0 
319.0 282.0 4.2487413713838835 1.1071487177940904 24.0 
320.0 280.0 4.2487413713838835 1.1071487177940904 24.0 
320.0 281.0 4.2487413713838835 1.1071487177940904 24.0 
320.0 282.0 4.2487413713838835 1.1071487177940904 24.0 
320.0 283.0 4.2487413713838835 1.1071487177940904 24.0 
320.0 284.0 4.2487413713838835 1.1071487177940904 24.0 
321.0 282.0 4.2487413713838835 1.1071487177940904 24.0 
321.0 283.0 4.2487413713838835 1.1071487177940904 24.0 
321.0 284.0 4.2487413713838835 1.1071487177940904 24.0 
321.0 285.0 4.2487413713838835 1.1071487177940904 24.0 
321.0 286.0 4.2487413713838835 1.1071487177940904 24.0 
322.0 284.0 4.2487413713838835 1.1071487177940904 24.0 
322.0 285.0 4.2487413713838835 1.1071487177940904 24.0 
322.0 286.0 4.2487413713838835 1.1071487177940904 24.0 
322.0 287.0 4.2487413713838835 1.1071487177940904 24.0 
322.0 288.0 4.2487413713838835 1.1071487177940904 24.0 
323.0 286.0 4.2487413713838835 1.1071487177940904 24.0 
323.0 287.0 4.2487413713838835 1.1071487177940904 24.0 
323.0 288.0 4.2487413713838835 1.1071487177940904 24.0 
323.0 289.0 4.2487413713838835 1.1071487177940904 24.0 
323.0 290.0 4.2487413713838835 1.1071487177940904 24.0 
324.0 288.0 4.2487413713838835 1.1071487177940904 24.0 
324.0 289.0 4.2487413713838835 1.1071487177940904 24.0 
325.0 293.0 3.6820121538603776 0.5404195002705846 24.0 
325.0 294.0 3.6820121538603776 0.5404195002705846 24.0 
326.0 293.0 3.6820121538603776 0.5404195002705846 24.0 
326.0 294.0 3.6820121538603776 0.5404195002705846 24.0 
327.0 294.0 3.6820121538603776 0.5404195002705846 24.0 
327.0 295.0 3.6820121538603776 0.5404195002705846 24.0 
328.0 294.0 3.6820121538603776 0.5404195002705846 24.0 
328.0 295.0 3.6820121538603776 0.5404195002705846 24.0 
329.0 295.0 3.6820121538603776 0.5404195002705846 24.0 
329.0 296.0 3.6820121538603776 0.5404195002705846 24.0 
330.0 295.0 3.6820121538603776 0.5404195002705846 24.0 
330.0 296.0 3.6820121538603776 0.5404195002705846 24.0 
330.0 297.0 3.6820121538603776 0.5404195002705846 24.0 
331.0 296.0 3.6820121538603776 0.5404195002705846 24.0 
331.0 297.0 3.6820121538603776 0.5404195002705846 24.0 
332.0 297.0 3.6820121538603776 0.5404195002705846 24.0 
332.0 298.0 3.6820121538603776 0.5404195002705846 24.0 
333.0 297.0 3.6820121538603776 0.5404195002705846 24.0 
333.0 298.0 3.6820121538603776 0.5404195002705846 24.0 
334.0 298.0 3.6820121538603776 0.5404195002705846 24.0 
334.0 299.0 3.6820121538603776 0.5404195002705846 24.0 
335.0 298.0 3.6820121538603776 0.5404195002705846 24.0 
334.0 298.0 3.6189380359634655 0.4773453823736724 24.0 
334.0 299.0 3.6189380359634655 0.4773453823736724 24.0 
335.0 298.0 3.6189380359634655 0.4773453823736724 24.0 
335.0 299.0 3.6189380359634655 0.4773453823736724 24.0 
336.0 298.0 3.6189380359634655 0.4773453823736724 24.0 
336.0 299.0 3.6189380359634655 0.4773453823736724 24.0 
336.0 300.0 3.6189380359634655 0.4773453823736724 24.0 
337.0 299.0 3.6189380359634655 0.4773453823736724 24.0 
337.0 300.0 3.6189380359634655 0.4773453823736724 24.0 
338.0 299.0 3.6189380359634655 0.4773453823736724 24.0 
338.0 300.0 3.6189380359634655 0.4773453823736724 24.0 
338.0 301.0 3.6189380359634655 0.4773453823736724 24.0 
339.0 300.0 3.6189380359634655 0.4773453823736724 24.0 
339.0 301.0 3.6189380359634655 0.4773453823736724 24.0 
340.0 300.0 3.6189380359634655 0.4773453823736724 24.0 
340.0 301.0 3.6189380359634655 0.4773453823736724 24.0 
340.0 302.0 3.6189380359634655 0.4773453823736724 24.0 
341.0 301.0 3.6189380359634655 0.4773453823736724 24.0 
341.0 302.0 3.6189380359634655 0.4773453823736724 24.0 
342.0 302.0 3.6189380359634655 0.4773453823736724 24.0 
342.0 303.0 3.6189380359634655 0.4773453823736724 24.0 
343.0 302.0 3.6189380359634655 0.4773453823736724 24.0 
343.0 303.0 3.6189380359634655 0.4773453823736724 24.0 
344.0 303.0 3.6189380359634655 0.4773453823736724 24.0 
344.0 304.0 3.6189380359634655 0.4773453823736724 24.0 
345.0 303.0 3.6189380359634655 0.4773453823736724 24.0 
345.0 304.0 3.6189380359634655 0.4773453823736724 24.0 
346.0 304.0 3.6189380359634655 0.4773453823736724 24.0 
346.0 305.0 3.6189380359634655 0.4773453823736724 24.0 
347.0 304.0 3.6189380359634655 0.4773453823736724 24.0 
347.0 305.0 3.6189380359634655 0.4773453823736724 24.0 
348.0 305.0 3.6189380359634655 0.4773453823736724 24.0 
348.0 306.0 3.6189380359634655 0.4773453823736724 24.0 
349.0 305.0 3.6189380359634655 0.4773453823736724 24.0 
349.0 306.0 3.6189380359634655 0.4773453823736724 24.0 
350.0 306.0 3.6189380359634655 0.4773453823736724 24.0 
350.0 307.0 3.6189380359634655 0.4773453823736724 24.0 
351.0 306.0 3.6189380359634655 0.4773453823736724 24.0 
351.0 307.0 3.6189380359634655 0.4773453823736724 24.0 
352.0 307.0 3.6189380359634655 0.4773453823736724 24.0 
352.0 308.0 3.6189380359634655 0.4773453823736724 24.0 
353.0 307.0 3.6189380359634655 0.4773453823736724 24.0 
353.0 308.0 3.6189380359634655 0.4773453823736724 24.0 
354.0 308.0 3.6189380359634655 0.4773453823736724 24.0 
354.0 309.0 3.6189380359634655 0.4773453823736724 24.0 
355.0 308.0 3.6189380359634655 0.4773453823736724 24.0 
355.0 309.0 3.6189380359634655 0.4773453823736724 24.0 
356.0 309.0 3.6189380359634655 0.4773453823736724 24.0 
356.0 310.0 3.6189380359634655 0.4773453823736724 24.0 
357.0 309.0 3.6189380359634655 0.4773453823736724 24.0 
357.0 310.0 3.6189380359634655 0.4773453823736724 24.0 
357.0 311.0 3.6189380359634655 0.4773453823736724 24.0 
358.0 310.0 3.6189380359634655 0.4773453823736724 24.0 
358.0 311.0 3.6189380359634655 0.4773453823736724 24.0 
359.0 310.0 3.6189380359634655 0.4773453823736724 24.0 
359.0 311.0 3.6189380359634655 0.4773453823736724 24.0 
359.0 312.0 3.6189380359634655 0.4773453823736724 24.0 
360.0 311.0 3.6189380359634655 0.4773453823736724 24.0 
360.0 312.0 3.6189380359634655 0.4773453823736724 24.0 
361.0 311.0 3.6189380359634655 0.4773453823736724 24.0 
361.0 312.0 3.6189380359634655 0.4773453823736724 24.0 
361.0 313.0 3.6189380359634655 0.4773453823736724 24.0 
362.0 312.0 3.6189380359634655 0.4773453823736724 24.0 
362.0 313.0 3.6189380359634655 0.4773453823736724 24.0 
363.0 312.0 3.6189380359634655 0.4773453823736724 24.0 
365.0 314.0 3.860422653211419 0.7188299996216259 24.0 
365.0 315.0 3.860422653211419 0.7188299996216259 24.0 
366.0 314.0 3.860422653211419 0.7188299996216259 24.0 
366.0 315.0 3.860422653211419 0.7188299996216259 24.0 
366.0 316.0 3.860422653211419 0.7188299996216259 24.0 
367.0 315.0 3.860422653211419 0.7188299996216259 24.0 
367.0 316.0 3.860422653211419 0.7188299996216259 24.0 
367.0 317.0 3.860422653211419 0.7188299996216259 24.0 
368.0 316.0 3.860422653211419 0.7188299996216259 24.0 
368.0 317.0 3.860422653211419 0.7188299996216259 24.0 
369.0 317.0 3.860422653211419 0.7188299996216259 24.0 
369.0 318.0 3.860422653211419 0.7188299996216259 24.0 
370.0 318.0 3.860422653211419 0.7188299996216259 24.0 
370.0 319.0 3.860422653211419 0.7188299996216259 24.0 
371.0 318.0 3.860422653211419 0.7188299996216259 24.0 
371.0 319.0 3.860422653211419 0.7188299996216259 24.0 
371.0 320.0 3.860422653211419 0.7188299996216259 24.0 
372.0 319.0 3.860422653211419 0.7188299996216259 24.0 
372.0 320.0 3.860422653211419 0.7188299996216259 24.0 
372.0 321.0 3.860422653211419 0.7188299996216259 24.0 
373.0 320.0 3.860422653211419 0.7188299996216259 24.0 
373.0 321.0 3.860422653211419 0.7188299996216259 24.0 
373.0 322.0 3.860422653211419 0.7188299996216259 24.0 
374.0 321.0 3.860422653211419 0.7188299996216259 24.0 
374.0 322.0 3.860422653211419 0.7188299996216259 24.0 
374.0 323.0 3.860422653211419 0.7188299996216259 24.0 
375.0 322.0 3.860422653211419 0.7188299996216259 24.0 
375.0 323.0 3.860422653211419 0.7188299996216259 24.0 
375.0 324.0 3.860422653211419 0.7188299996216259 24.0 
376.0 323.0 3.860422653211419 0.7188299996216259 24.0 
376.0 324.0 3.860422653211419 0.7188299996216259 24.0 
377.0 324.0 3.860422653211419 0.7188299996216259 24.0 
377.0 325.0 3.860422653211419 0.7188299996216259 24.0 
378.0 325.0 3.860422653211419 0.7188299996216259 24.0 
378.0 326.0 3.860422653211419 0.7188299996216259 24.0 
379.0 325.0 3.860422653211419 0.7188299996216259 24.0 
379.0 326.0 3.860422653211419 0.7188299996216259 24.0 
379.0 327.0 3.860422653211419 0.7188299996216259 24.0 
380.0 326.0 3.860422653211419 0.7188299996216259 24.0 
380.0 327.0 3.860422653211419 0.7188299996216259 24.0 
380.0 328.0 3.860422653211419 0.7188299996216259 24.0 
381.0 327.0 3.860422653211419 0.7188299996216259 24.0 
384.0 330.0 4.017650704187986 0.8760580505981931 24.0 
384.0 331.0 4.017650704187986 0.8760580505981931 24.0 
385.0 330.0 4.017650704187986 0.8760580505981931 24.0 
385.0 331.0 4.017650704187986 0.8760580505981931 24.0 
385.0 332.0 4.017650704187986 0.8760580505981931 24.0 
386.0 331.0 4.017650704187986 0.8760580505981931 24.0 
386.0 332.0 4.017650704187986 0.8760580505981931 24.0 
386.0 333.0 4.017650704187986 0.8760580505981931 24.0 
387.0 333.0 4.017650704187986 0.8760580505981931 24.0 
387.0 334.0 4.017650704187986 0.8760580505981931 24.0 
387.0 335.0 4.017650704187986 0.8760580505981931 24.0 
388.0 334.0 4.017650704187986 0.8760580505981931 24.0 
388.0 335.0 4.017650704187986 0.8760580505981931 24.0 
388.0 336.0 4.017650704187986 0.8760580505981931 24.0 
389.0 335.0 4.017650704187986 0.8760580505981931 24.0 
