277.0 271.0 4.5520135364087375 1.4104208828189446 32.0 
277.0 272.0 4.5520135364087375 1.4104208828189446 32.0 
277.0 273.0 4.5520135364087375 1.4104208828189446 32.0 
277.0 274.0 4.5520135364087375 1.4104208828189446 32.0 
277.0 275.0 4.5520135364087375 1.4104208828189446 32.0 
277.0 276.0 4.5520135364087375 1.4104208828189446 32.0 
278.0 271.0 4.5520135364087375 1.4104208828189446 32.0 
278.0 272.0 4.5520135364087375 1.4104208828189446 32.0 
278.0 273.0 4.5520135364087375 1.4104208828189446 32.0 
278.0 274.0 4.5520135364087375 1.4104208828189446 32.0 
278.0 275.0 4.5520135364087375 1.4104208828189446 32.0 
278.0 276.0 4.5520135364087375 1.4104208828189446 32.0 
278.0 277.0 4.5520135364087375 1.4104208828189446 32.0 
278.0 278.0 4.5520135364087375 1.4104208828189446 32.0 
278.0 279.0 4.5520135364087375 1.4104208828189446 32.0 
278.0 280.0 4.5520135364087375 1.4104208828189446 32.0 
278.0 281.0 4.5520135364087375 1.4104208828189446 32.0 
278.0 282.0 4.5520135364087375 1.4104208828189446 32.0 
279.0 270.0 4.5520135364087375 1.4104208828189446 32.0 
279.0 271.0 4.5520135364087375 1.4104208828189446 32.0 
279.0 272.0 4.5520135364087375 1.4104208828189446 32.0 
279.0 273.0 4.5520135364087375 1.4104208828189446 32.0 
279.0 274.0 4.5520135364087375 1.4104208828189446 32.0 
279.0 275.0 4.5520135364087375 1.4104208828189446 32.0 
279.0 276.0 4.5520135364087375 1.4104208828189446 32.0 
279.0 277.0 4.5520135364087375 1.4104208828189446 32.0 
279.0 278.0 4.5520135364087375 1.4104208828189446 32.0 
279.0 279.0 4.5520135364087375 1.4104208828189446 32.0 
279.0 280.0 4.5520135364087375 1.4104208828189446 32.0 
279.0 281.0 4.5520135364087375 1.4104208828189446 32.0 
279.0 282.0 4.5520135364087375 1.4104208828189446 32.0 
279.0 283.0 4.5520135364087375 1.4104208828189446 32.0 
279.0 284.0 4.5520135364087375 1.4104208828189446 32.0 
279.0 285.0 4.5520135364087375 1.4104208828189446 32.0 
279.0 286.0 4.5520135364087375 1.4104208828189446 32.0 
279.0 287.0 4.5520135364087375 1.4104208828189446 32.0 
279.0 288.0 4.5520135364087375 1.4104208828189446 32.0 
280.0 270.0 4.5520135364087375 1.4104208828189446 32.0 
280.0 271.0 4.5520135364087375 1.4104208828189446 32.0 
280.0 272.0 4.5520135364087375 1.4104208828189446 32.0 
280.0 273.0 4.5520135364087375 1.4104208828189446 32.0 
280.0 274.0 4.5520135364087375 1.4104208828189446 32.0 
280.0 275.0 4.5520135364087375 1.4104208828189446 32.0 
280.0 276.0 4.5520135364087375 1.4104208828189446 32.0 
280.0 277.0 4.5520135364087375 1.4104208828189446 32.0 
280.0 278.0 4.5520135364087375 1.4104208828189446 32.0 
280.0 279.0 4.5520135364087375 1.4104208828189446 32.0 
280.0 280.0 4.5520135364087375 1.4104208828189446 32.0 
280.0 281.0 4.5520135364087375 1.4104208828189446 32.0 
280.0 282.0 4.5520135364087375 1.4104208828189446 32.0 
280.0 283.0 4.5520135364087375 1.4104208828189446 32.0 
280.0 284.0 4.5520135364087375 1.4104208828189446 32.0 
280.0 285.0 4.5520135364087375 1.4104208828189446 32.0 
280.0 286.0 4.5520135364087375 1.4104208828189446 32.0 
280.0 287.0 4.5520135364087375 1.4104208828189446 32.0 
280.0 288.0 4.5520135364087375 1.4104208828189446 32.0 
280.0 289.0 4.5520135364087375 1.4104208828189446 32.0 
280.0 290.0 4.5520135364087375 1.4104208828189446 32.0 
280.0 291.0 4.5520135364087375 1.4104208828189446 32.0 
280.0 292.0 4.5520135364087375 1.4104208828189446 32.0 
280.0 293.0 4.5520135364087375 1.4104208828189446 32.0 
280.0 294.0 4.5520135364087375 1.4104208828189446 32.0 
281.0 270.0 4.5520135364087375 1.4104208828189446 32.0 
281.0 271.0 4.5520135364087375 1.4104208828189446 32.0 
281.0 272.0 4.5520135364087375 1.4104208828189446 32.0 
281.0 273.0 4.5520135364087375 1.4104208828189446 32.0 
281.0 274.0 4.5520135364087375 1.4104208828189446 32.0 
281.0 275.0 4.5520135364087375 1.4104208828189446 32.0 
281.0 276.0 4.5520135364087375 1.4104208828189446 32.0 
281.0 277.0 4.5520135364087375 1.4104208828189446 32.0 
281.0 278.0 4.5520135364087375 1.4104208828189446 32.0 
281.0 279.0 4.5520135364087375 1.4104208828189446 32.0 
281.0 280.0 4.5520135364087375 1.4104208828189446 32.0 
281.0 281.0 4.5520135364087375 1.4104208828189446 32.0 
281.0 282.0 4.5520135364087375 1.4104208828189446 32.0 
281.0 283.0 4.5520135364087375 1.4104208828189446 32.0 
281.0 284.0 4.5520135364087375 1.4104208828189446 32.0 
281.0 285.0 4.5520135364087375 1.4104208828189446 32.0 
281.0 286.0 4.5520135364087375 1.4104208828189446 32.0 
281.0 287.0 4.5520135364087375 1.4104208828189446 32.0 
281.0 288.0 4.5520135364087375 1.4104208828189446 32.0 
281.0 289.0 4.5520135364087375 1.4104208828189446 32.0 
281.0 290.0 4.5520135364087375 1.4104208828189446 32.0 
281.0 291.0 4.5520135364087375 1.4104208828189446 32.0 
281.0 292.0 4.5520135364087375 1.4104208828189446 32.0 
281.0 293.0 4.5520135364087375 1.4104208828189446 32.0 
281.0 294.0 4.5520135364087375 1.4104208828189446 32.0 
281.0 295.0 4.5520135364087375 1.4104208828189446 32.0 
281.0 296.0 4.5520135364087375 1.4104208828189446 32.0 
281.0 297.0 4.5520135364087375 1.4104208828189446 32.0 
281.0 298.0 4.5520135364087375 1.4104208828189446 32.0 
281.0 299.0 4.5520135364087375 1.4104208828189446 32.0 
281.0 300.0 4.5520135364087375 1.4104208828189446 32.0 
281.0 301.0 4.5520135364087375 1.4104208828189446 32.0 
282.0 270.0 4.5520135364087375 1.4104208828189446 32.0 
282.0 271.0 4.5520135364087375 1.4104208828189446 32.0 
282.0 272.0 4.5520135364087375 1.4104208828189446 32.0 
282.0 273.0 4.5520135364087375 1.4104208828189446 32.0 
282.0 274.0 4.5520135364087375 1.4104208828189446 32.0 
282.0 275.0 4.5520135364087375 1.4104208828189446 32.0 
282.0 276.0 4.5520135364087375 1.4104208828189446 32.0 
282.0 277.0 4.5520135364087375 1.4104208828189446 32.0 
282.0 278.0 4.5520135364087375 1.4104208828189446 32.0 
282.0 279.0 4.5520135364087375 1.4104208828189446 32.0 
282.0 280.0 4.5520135364087375 1.4104208828189446 32.0 
282.0 281.0 4.5520135364087375 1.4104208828189446 32.0 
282.0 282.0 4.5520135364087375 1.4104208828189446 32.0 
282.0 283.0 4.5520135364087375 1.4104208828189446 32.0 
282.0 284.0 4.5520135364087375 1.4104208828189446 32.0 
282.0 285.0 4.5520135364087375 1.4104208828189446 32.0 
282.0 286.0 4.5520135364087375 1.4104208828189446 32.0 
282.0 287.0 4.5520135364087375 1.4104208828189446 32.0 
282.0 288.0 4.5520135364087375 1.4104208828189446 32.0 
282.0 289.0 4.5520135364087375 1.4104208828189446 32.0 
282.0 290.0 4.5520135364087375 1.4104208828189446 32.0 
282.0 291.0 4.5520135364087375 1.4104208828189446 32.0 
282.0 292.0 4.5520135364087375 1.4104208828189446 32.0 
282.0 293.0 4.5520135364087375 1.4104208828189446 32.0 
282.0 294.0 4.5520135364087375 1.4104208828189446 32.0 
282.0 295.0 4.5520135364087375 1.4104208828189446 32.0 
282.0 296.0 4.5520135364087375 1.4104208828189446 32.0 
282.0 297.0 4.5520135364087375 1.4104208828189446 32.0 
282.0 298.0 4.5520135364087375 1.4104208828189446 32.0 
282.0 299.0 4.5520135364087375 1.4104208828189446 32.0 
282.0 300.0 4.5520135364087375 1.4104208828189446 32.0 
282.0 301.0 4.5520135364087375 1.4104208828189446 32.0 
282.0 302.0 4.5520135364087375 1.4104208828189446 32.0 
282.0 303.0 4.5520135364087375 1.4104208828189446 32.0 
282.0 304.0 4.5520135364087375 1.4104208828189446 32.0 
282.0 305.0 4.5520135364087375 1.4104208828189446 32.0 
282.0 306.0 4.5520135364087375 1.4104208828189446 32.0 
282.0 307.0 4.5520135364087375 1.4104208828189446 32.0 
283.0 276.0 4.5520135364087375 1.4104208828189446 32.0 
283.0 277.0 4.5520135364087375 1.4104208828189446 32.0 
283.0 278.0 4.5520135364087375 1.4104208828189446 32.0 
283.0 279.0 4.5520135364087375 1.4104208828189446 32.0 
283.0 280.0 4.5520135364087375 1.4104208828189446 32.0 
283.0 281.0 4.5520135364087375 1.4104208828189446 32.0 
283.0 282.0 4.5520135364087375 1.4104208828189446 32.0 
283.0 283.0 4.5520135364087375 1.4104208828189446 32.0 
283.0 284.0 4.5520135364087375 1.4104208828189446 32.0 
283.0 285.0 4.5520135364087375 1.4104208828189446 32.0 
283.0 286.0 4.5520135364087375 1.4104208828189446 32.0 
283.0 287.0 4.5520135364087375 1.4104208828189446 32.0 
283.0 288.0 4.5520135364087375 1.4104208828189446 32.0 
283.0 289.0 4.5520135364087375 1.4104208828189446 32.0 
283.0 290.0 4.5520135364087375 1.4104208828189446 32.0 
283.0 291.0 4.5520135364087375 1.4104208828189446 32.0 
283.0 292.0 4.5520135364087375 1.4104208828189446 32.0 
283.0 293.0 4.5520135364087375 1.4104208828189446 32.0 
283.0 294.0 4.5520135364087375 1.4104208828189446 32.0 
283.0 295.0 4.5520135364087375 1.4104208828189446 32.0 
283.0 296.0 4.5520135364087375 1.4104208828189446 32.0 
283.0 297.0 4.5520135364087375 1.4104208828189446 32.0 
283.0 298.0 4.5520135364087375 1.4104208828189446 32.0 
283.0 299.0 4.5520135364087375 1.4104208828189446 32.0 
283.0 300.0 4.5520135364087375 1.4104208828189446 32.0 
283.0 301.0 4.5520135364087375 1.4104208828189446 32.0 
283.0 302.0 4.5520135364087375 1.4104208828189446 32.0 
283.0 303.0 4.5520135364087375 1.4104208828189446 32.0 
283.0 304.0 4.5520135364087375 1.4104208828189446 32.0 
283.0 305.0 4.5520135364087375 1.4104208828189446 32.0 
283.0 306.0 4.5520135364087375 1.4104208828189446 32.0 
283.0 307.0 4.5520135364087375 1.4104208828189446 32.0 
283.0 308.0 4.5520135364087375 1.4104208828189446 32.0 
283.0 309.0 4.5520135364087375 1.4104208828189446 32.0 
283.0 310.0 4.5520135364087375 1.4104208828189446 32.0 
283.0 311.0 4.5520135364087375 1.4104208828189446 32.0 
283.0 312.0 4.5520135364087375 1.4104208828189446 32.0 
283.0 313.0 4.5520135364087375 1.4104208828189446 32.0 
284.0 283.0 4.5520135364087375 1.4104208828189446 32.0 
284.0 284.0 4.5520135364087375 1.4104208828189446 32.0 
284.0 285.0 4.5520135364087375 1.4104208828189446 32.0 
284.0 286.0 4.5520135364087375 1.4104208828189446 32.0 
284.0 287.0 4.5520135364087375 1.4104208828189446 32.0 
284.0 288.0 4.5520135364087375 1.4104208828189446 32.0 
284.0 289.0 4.5520135364087375 1.4104208828189446 32.0 
284.0 290.0 4.5520135364087375 1.4104208828189446 32.0 
284.0 291.0 4.5520135364087375 1.4104208828189446 32.0 
284.0 292.0 4.5520135364087375 1.4104208828189446 32.0 
284.0 293.0 4.5520135364087375 1.4104208828189446 32.0 
284.0 294.0 4.5520135364087375 1.4104208828189446 32.0 
284.0 295.0 4.5520135364087375 1.4104208828189446 32.0 
284.0 296.0 4.5520135364087375 1.4104208828189446 32.0 
284.0 297.0 4.5520135364087375 1.4104208828189446 32.0 
284.0 298.0 4.5520135364087375 1.4104208828189446 32.0 
284.0 299.0 4.5520135364087375 1.4104208828189446 32.0 
284.0 300.0 4.5520135364087375 1.4104208828189446 32.0 
284.0 301.0 4.5520135364087375 1.4104208828189446 32.0 
284.0 302.0 4.5520135364087375 1.4104208828189446 32.0 
284.0 303.0 4.5520135364087375 1.4104208828189446 32.0 
284.0 304.0 4.5520135364087375 1.4104208828189446 32.0 
284.0 305.0 4.5520135364087375 1.4104208828189446 32.0 
284.0 306.0 4.5520135364087375 1.4104208828189446 32.0 
284.0 307.0 4.5520135364087375 1.4104208828189446 32.0 
284.0 308.0 4.5520135364087375 1.4104208828189446 32.0 
284.0 309.0 4.5520135364087375 1.4104208828189446 32.0 
284.0 310.0 4.5520135364087375 1.4104208828189446 32.0 
284.0 311.0 4.5520135364087375 1.4104208828189446 32.0 
284.0 312.0 4.5520135364087375 1.4104208828189446 32.0 
284.0 313.0 4.5520135364087375 1.4104208828189446 32.0 
284.0 314.0 4.5520135364087375 1.4104208828189446 32.0 
284.0 315.0 4.5520135364087375 1.4104208828189446 32.0 
284.0 316.0 4.5520135364087375 1.4104208828189446 32.0 
284.0 317.0 4.5520135364087375 1.4104208828189446 32.0 
284.0 318.0 4.5520135364087375 1.4104208828189446 32.0 
284.0 319.0 4.5520135364087375 1.4104208828189446 32.0 
285.0 289.0 4.5520135364087375 1.4104208828189446 32.0 
285.0 290.0 4.5520135364087375 1.4104208828189446 32.0 
285.0 291.0 4.5520135364087375 1.4104208828189446 32.0 
285.0 292.0 4.5520135364087375 1.4104208828189446 32.0 
285.0 293.0 4.5520135364087375 1.4104208828189446 32.0 
285.0 294.0 4.5520135364087375 1.4104208828189446 32.0 
285.0 295.0 4.5520135364087375 1.4104208828189446 32.0 
285.0 296.0 4.5520135364087375 1.4104208828189446 32.0 
285.0 297.0 4.5520135364087375 1.4104208828189446 32.0 
285.0 298.0 4.5520135364087375 1.4104208828189446 32.0 
285.0 299.0 4.5520135364087375 1.4104208828189446 32.0 
285.0 300.0 4.5520135364087375 1.4104208828189446 32.0 
285.0 301.0 4.5520135364087375 1.4104208828189446 32.0 
285.0 302.0 4.5520135364087375 1.4104208828189446 32.0 
285.0 303.0 4.5520135364087375 1.4104208828189446 32.0 
285.0 304.0 4.5520135364087375 1.4104208828189446 32.0 
285.0 305.0 4.5520135364087375 1.4104208828189446 32.0 
285.0 306.0 4.5520135364087375 1.4104208828189446 32.0 
285.0 307.0 4.5520135364087375 1.4104208828189446 32.0 
285.0 308.0 4.5520135364087375 1.4104208828189446 32.0 
285.0 309.0 4.5520135364087375 1.4104208828189446 32.0 
285.0 310.0 4.5520135364087375 1.4104208828189446 32.0 
285.0 311.0 4.5520135364087375 1.4104208828189446 32.0 
285.0 312.0 4.5520135364087375 1.4104208828189446 32.0 
285.0 313.0 4.5520135364087375 1.4104208828189446 32.0 
285.0 314.0 4.5520135364087375 1.4104208828189446 32.0 
285.0 315.0 4.5520135364087375 1.4104208828189446 32.0 
285.0 316.0 4.5520135364087375 1.4104208828189446 32.0 
285.0 317.0 4.5520135364087375 1.4104208828189446 32.0 
285.0 318.0 4.5520135364087375 1.4104208828189446 32.0 
285.0 319.0 4.5520135364087375 1.4104208828189446 32.0 
285.0 320.0 4.5520135364087375 1.4104208828189446 32.0 
285.0 321.0 4.5520135364087375 1.4104208828189446 32.0 
285.0 322.0 4.5520135364087375 1.4104208828189446 32.0 
285.0 323.0 4.5520135364087375 1.4104208828189446 32.0 
285.0 324.0 4.5520135364087375 1.4104208828189446 32.0 
285.0 325.0 4.5520135364087375 1.4104208828189446 32.0 
286.0 295.0 4.5520135364087375 1.4104208828189446 32.0 
286.0 296.0 4.5520135364087375 1.4104208828189446 32.0 
286.0 297.0 4.5520135364087375 1.4104208828189446 32.0 
286.0 298.0 4.5520135364087375 1.4104208828189446 32.0 
286.0 299.0 4.5520135364087375 1.4104208828189446 32.0 
286.0 300.0 4.5520135364087375 1.4104208828189446 32.0 
286.0 301.0 4.5520135364087375 1.4104208828189446 32.0 
286.0 302.0 4.5520135364087375 1.4104208828189446 32.0 
286.0 303.0 4.5520135364087375 1.4104208828189446 32.0 
286.0 304.0 4.5520135364087375 1.4104208828189446 32.0 
286.0 305.0 4.5520135364087375 1.4104208828189446 32.0 
286.0 306.0 4.5520135364087375 1.4104208828189446 32.0 
286.0 307.0 4.5520135364087375 1.4104208828189446 32.0 
286.0 308.0 4.5520135364087375 1.4104208828189446 32.0 
286.0 309.0 4.5520135364087375 1.4104208828189446 32.0 
286.0 310.0 4.5520135364087375 1.4104208828189446 32.0 
286.0 311.0 4.5520135364087375 1.4104208828189446 32.0 
286.0 312.0 4.5520135364087375 1.4104208828189446 32.0 
286.0 313.0 4.5520135364087375 1.4104208828189446 32.0 
286.0 314.0 4.5520135364087375 1.4104208828189446 32.0 
286.0 315.0 4.5520135364087375 1.4104208828189446 32.0 
286.0 316.0 4.5520135364087375 1.4104208828189446 32.0 
286.0 317.0 4.5520135364087375 1.4104208828189446 32.0 
286.0 318.0 4.5520135364087375 1.4104208828189446 32.0 
286.0 319.0 4.5520135364087375 1.4104208828189446 32.0 
286.0 320.0 4.5520135364087375 1.4104208828189446 32.0 
286.0 321.0 4.5520135364087375 1.4104208828189446 32.0 
286.0 322.0 4.5520135364087375 1.4104208828189446 32.0 
286.0 323.0 4.5520135364087375 1.4104208828189446 32.0 
286.0 324.0 4.5520135364087375 1.4104208828189446 32.0 
286.0 325.0 4.5520135364087375 1.4104208828189446 32.0 
286.0 326.0 4.5520135364087375 1.4104208828189446 32.0 
286.0 327.0 4.5520135364087375 1.4104208828189446 32.0 
286.0 328.0 4.5520135364087375 1.4104208828189446 32.0 
286.0 329.0 4.5520135364087375 1.4104208828189446 32.0 
286.0 330.0 4.5520135364087375 1.4104208828189446 32.0 
286.0 331.0 4.5520135364087375 1.4104208828189446 32.0 
286.0 332.0 4.5520135364087375 1.4104208828189446 32.0 
287.0 301.0 4.5520135364087375 1.4104208828189446 32.0 
287.0 302.0 4.5520135364087375 1.4104208828189446 32.0 
287.0 303.0 4.5520135364087375 1.4104208828189446 32.0 
287.0 304.0 4.5520135364087375 1.4104208828189446 32.0 
287.0 305.0 4.5520135364087375 1.4104208828189446 32.0 
287.0 306.0 4.5520135364087375 1.4104208828189446 32.0 
287.0 307.0 4.5520135364087375 1.4104208828189446 32.0 
287.0 308.0 4.5520135364087375 1.4104208828189446 32.0 
287.0 309.0 4.5520135364087375 1.4104208828189446 32.0 
287.0 310.0 4.5520135364087375 1.4104208828189446 32.0 
287.0 311.0 4.5520135364087375 1.4104208828189446 32.0 
287.0 312.0 4.5520135364087375 1.4104208828189446 32.0 
287.0 313.0 4.5520135364087375 1.4104208828189446 32.0 
287.0 314.0 4.5520135364087375 1.4104208828189446 32.0 
287.0 315.0 4.5520135364087375 1.4104208828189446 32.0 
287.0 316.0 4.5520135364087375 1.4104208828189446 32.0 
287.0 317.0 4.5520135364087375 1.4104208828189446 32.0 
287.0 318.0 4.5520135364087375 1.4104208828189446 32.0 
287.0 319.0 4.5520135364087375 1.4104208828189446 32.0 
287.0 320.0 4.5520135364087375 1.4104208828189446 32.0 
287.0 321.0 4.5520135364087375 1.4104208828189446 32.0 
287.0 322.0 4.5520135364087375 1.4104208828189446 32.0 
287.0 323.0 4.5520135364087375 1.4104208828189446 32.0 
287.0 324.0 4.5520135364087375 1.4104208828189446 32.0 
287.0 325.0 4.5520135364087375 1.4104208828189446 32.0 
287.0 326.0 4.5520135364087375 1.4104208828189446 32.0 
287.0 327.0 4.5520135364087375 1.4104208828189446 32.0 
287.0 328.0 4.5520135364087375 1.4104208828189446 32.0 
287.0 329.0 4.5520135364087375 1.4104208828189446 32.0 
287.0 330.0 4.5520135364087375 1.4104208828189446 32.0 
287.0 331.0 4.5520135364087375 1.4104208828189446 32.0 
287.0 332.0 4.5520135364087375 1.4104208828189446 32.0 
287.0 333.0 4.5520135364087375 1.4104208828189446 32.0 
287.0 334.0 4.5520135364087375 1.4104208828189446 32.0 
287.0 335.0 4.5520135364087375 1.4104208828189446 32.0 
287.0 336.0 4.5520135364087375 1.4104208828189446 32.0 
287.0 337.0 4.5520135364087375 1.4104208828189446 32.0 
287.0 338.0 4.5520135364087375 1.4104208828189446 32.0 
288.0 307.0 4.5520135364087375 1.4104208828189446 32.0 
288.0 308.0 4.5520135364087375 1.4104208828189446 32.0 
288.0 309.0 4.5520135364087375 1.4104208828189446 32.0 
288.0 310.0 4.5520135364087375 1.4104208828189446 32.0 
288.0 311.0 4.5520135364087375 1.4104208828189446 32.0 
288.0 312.0 4.5520135364087375 1.4104208828189446 32.0 
288.0 313.0 4.5520135364087375 1.4104208828189446 32.0 
288.0 314.0 4.5520135364087375 1.4104208828189446 32.0 
288.0 315.0 4.5520135364087375 1.4104208828189446 32.0 
288.0 316.0 4.5520135364087375 1.4104208828189446 32.0 
288.0 317.0 4.5520135364087375 1.4104208828189446 32.0 
288.0 318.0 4.5520135364087375 1.4104208828189446 32.0 
288.0 319.0 4.5520135364087375 1.4104208828189446 32.0 
288.0 320.0 4.5520135364087375 1.4104208828189446 32.0 
288.0 321.0 4.5520135364087375 1.4104208828189446 32.0 
288.0 322.0 4.5520135364087375 1.4104208828189446 32.0 
288.0 323.0 4.5520135364087375 1.4104208828189446 32.0 
288.0 324.0 4.5520135364087375 1.4104208828189446 32.0 
288.0 325.0 4.5520135364087375 1.4104208828189446 32.0 
288.0 326.0 4.5520135364087375 1.4104208828189446 32.0 
288.0 327.0 4.5520135364087375 1.4104208828189446 32.0 
288.0 328.0 4.5520135364087375 1.4104208828189446 32.0 
288.0 329.0 4.5520135364087375 1.4104208828189446 32.0 
288.0 330.0 4.5520135364087375 1.4104208828189446 32.0 
288.0 331.0 4.5520135364087375 1.4104208828189446 32.0 
288.0 332.0 4.5520135364087375 1.4104208828189446 32.0 
288.0 333.0 4.5520135364087375 1.4104208828189446 32.0 
288.0 334.0 4.5520135364087375 1.4104208828189446 32.0 
288.0 335.0 4.5520135364087375 1.4104208828189446 32.0 
288.0 336.0 4.5520135364087375 1.4104208828189446 32.0 
288.0 337.0 4.5520135364087375 1.4104208828189446 32.0 
288.0 338.0 4.5520135364087375 1.4104208828189446 32.0 
289.0 314.0 4.5520135364087375 1.4104208828189446 32.0 
289.0 315.0 4.5520135364087375 1.4104208828189446 32.0 
289.0 316.0 4.5520135364087375 1.4104208828189446 32.0 
289.0 317.0 4.5520135364087375 1.4104208828189446 32.0 
289.0 318.0 4.5520135364087375 1.4104208828189446 32.0 
289.0 319.0 4.5520135364087375 1.4104208828189446 32.0 
289.0 320.0 4.5520135364087375 1.4104208828189446 32.0 
289.0 321.0 4.5520135364087375 1.4104208828189446 32.0 
289.0 322.0 4.5520135364087375 1.4104208828189446 32.0 
289.0 323.0 4.5520135364087375 1.4104208828189446 32.0 
289.0 324.0 4.5520135364087375 1.4104208828189446 32.0 
289.0 325.0 4.5520135364087375 1.4104208828189446 32.0 
289.0 326.0 4.5520135364087375 1.4104208828189446 32.0 
289.0 327.0 4.5520135364087375 1.4104208828189446 32.0 
289.0 328.0 4.5520135364087375 1.4104208828189446 32.0 
289.0 329.0 4.5520135364087375 1.4104208828189446 32.0 
289.0 330.0 4.5520135364087375 1.4104208828189446 32.0 
289.0 331.0 4.5520135364087375 1.4104208828189446 32.0 
289.0 332.0 4.5520135364087375 1.4104208828189446 32.0 
289.0 333.0 4.5520135364087375 1.4104208828189446 32.0 
289.0 334.0 4.5520135364087375 1.4104208828189446 32.0 
289.0 335.0 4.5520135364087375 1.4104208828189446 32.0 
289.0 336.0 4.5520135364087375 1.4104208828189446 32.0 
289.0 337.0 4.5520135364087375 1.4104208828189446 32.0 
289.0 338.0 4.5520135364087375 1.4104208828189446 32.0 
290.0 320.0 4.5520135364087375 1.4104208828189446 32.0 
290.0 321.0 4.5520135364087375 1.4104208828189446 32.0 
290.0 322.0 4.5520135364087375 1.4104208828189446 32.0 
290.0 323.0 4.5520135364087375 1.4104208828189446 32.0 
290.0 324.0 4.5520135364087375 1.4104208828189446 32.0 
290.0 325.0 4.5520135364087375 1.4104208828189446 32.0 
290.0 326.0 4.5520135364087375 1.4104208828189446 32.0 
290.0 327.0 4.5520135364087375 1.4104208828189446 32.0 
290.0 328.0 4.5520135364087375 1.4104208828189446 32.0 
290.0 329.0 4.5520135364087375 1.4104208828189446 32.0 
290.0 330.0 4.5520135364087375 1.4104208828189446 32.0 
290.0 331.0 4.5520135364087375 1.4104208828189446 32.0 
290.0 332.0 4.5520135364087375 1.4104208828189446 32.0 
290.0 333.0 4.5520135364087375 1.4104208828189446 32.0 
290.0 334.0 4.5520135364087375 1.4104208828189446 32.0 
290.0 335.0 4.5520135364087375 1.4104208828189446 32.0 
290.0 336.0 4.5520135364087375 1.4104208828189446 32.0 
290.0 337.0 4.5520135364087375 1.4104208828189446 32.0 
291.0 326.0 4.5520135364087375 1.4104208828189446 32.0 
291.0 327.0 4.5520135364087375 1.4104208828189446 32.0 
291.0 328.0 4.5520135364087375 1.4104208828189446 32.0 
291.0 329.0 4.5520135364087375 1.4104208828189446 32.0 
291.0 330.0 4.5520135364087375 1.4104208828189446 32.0 
291.0 331.0 4.5520135364087375 1.4104208828189446 32.0 
291.0 332.0 4.5520135364087375 1.4104208828189446 32.0 
291.0 333.0 4.5520135364087375 1.4104208828189446 32.0 
291.0 334.0 4.5520135364087375 1.4104208828189446 32.0 
291.0 335.0 4.5520135364087375 1.4104208828189446 32.0 
291.0 336.0 4.5520135364087375 1.4104208828189446 32.0 
291.0 337.0 4.5520135364087375 1.4104208828189446 32.0 
292.0 332.0 4.5520135364087375 1.4104208828189446 32.0 
292.0 333.0 4.5520135364087375 1.4104208828189446 32.0 
292.0 334.0 4.5520135364087375 1.4104208828189446 32.0 
292.0 335.0 4.5520135364087375 1.4104208828189446 32.0 
292.0 336.0 4.5520135364087375 1.4104208828189446 32.0 
292.0 337.0 4.5520135364087375 1.4104208828189446 32.0 
