299.0 241.0 1.6929914974862517 4.8345841510760446 24.0 
299.0 242.0 1.6929914974862517 4.8345841510760446 24.0 
299.0 243.0 1.6929914974862517 4.8345841510760446 24.0 
299.0 244.0 1.6929914974862517 4.8345841510760446 24.0 
299.0 245.0 1.6929914974862517 4.8345841510760446 24.0 
299.0 246.0 1.6929914974862517 4.8345841510760446 24.0 
299.0 247.0 1.6929914974862517 4.8345841510760446 24.0 
299.0 248.0 1.6929914974862517 4.8345841510760446 24.0 
300.0 233.0 1.6929914974862517 4.8345841510760446 24.0 
300.0 234.0 1.6929914974862517 4.8345841510760446 24.0 
300.0 235.0 1.6929914974862517 4.8345841510760446 24.0 
300.0 236.0 1.6929914974862517 4.8345841510760446 24.0 
300.0 237.0 1.6929914974862517 4.8345841510760446 24.0 
300.0 238.0 1.6929914974862517 4.8345841510760446 24.0 
300.0 239.0 1.6929914974862517 4.8345841510760446 24.0 
300.0 240.0 1.6929914974862517 4.8345841510760446 24.0 
300.0 241.0 1.6929914974862517 4.8345841510760446 24.0 
300.0 242.0 1.6929914974862517 4.8345841510760446 24.0 
300.0 243.0 1.6929914974862517 4.8345841510760446 24.0 
300.0 244.0 1.6929914974862517 4.8345841510760446 24.0 
300.0 245.0 1.6929914974862517 4.8345841510760446 24.0 
300.0 246.0 1.6929914974862517 4.8345841510760446 24.0 
300.0 247.0 1.6929914974862517 4.8345841510760446 24.0 
300.0 248.0 1.6929914974862517 4.8345841510760446 24.0 
301.0 225.0 1.6929914974862517 4.8345841510760446 24.0 
301.0 226.0 1.6929914974862517 4.8345841510760446 24.0 
301.0 227.0 1.6929914974862517 4.8345841510760446 24.0 
301.0 228.0 1.6929914974862517 4.8345841510760446 24.0 
301.0 229.0 1.6929914974862517 4.8345841510760446 24.0 
301.0 230.0 1.6929914974862517 4.8345841510760446 24.0 
301.0 231.0 1.6929914974862517 4.8345841510760446 24.0 
301.0 232.0 1.6929914974862517 4.8345841510760446 24.0 
301.0 233.0 1.6929914974862517 4.8345841510760446 24.0 
301.0 234.0 1.6929914974862517 4.8345841510760446 24.0 
301.0 235.0 1.6929914974862517 4.8345841510760446 24.0 
301.0 236.0 1.6929914974862517 4.8345841510760446 24.0 
301.0 237.0 1.6929914974862517 4.8345841510760446 24.0 
301.0 238.0 1.6929914974862517 4.8345841510760446 24.0 
301.0 239.0 1.6929914974862517 4.8345841510760446 24.0 
301.0 240.0 1.6929914974862517 4.8345841510760446 24.0 
301.0 241.0 1.6929914974862517 4.8345841510760446 24.0 
301.0 242.0 1.6929914974862517 4.8345841510760446 24.0 
301.0 243.0 1.6929914974862517 4.8345841510760446 24.0 
301.0 244.0 1.6929914974862517 4.8345841510760446 24.0 
301.0 245.0 1.6929914974862517 4.8345841510760446 24.0 
301.0 246.0 1.6929914974862517 4.8345841510760446 24.0 
301.0 247.0 1.6929914974862517 4.8345841510760446 24.0 
301.0 248.0 1.6929914974862517 4.8345841510760446 24.0 
302.0 217.0 1.6929914974862517 4.8345841510760446 24.0 
302.0 218.0 1.6929914974862517 4.8345841510760446 24.0 
302.0 219.0 1.6929914974862517 4.8345841510760446 24.0 
302.0 220.0 1.6929914974862517 4.8345841510760446 24.0 
302.0 221.0 1.6929914974862517 4.8345841510760446 24.0 
302.0 222.0 1.6929914974862517 4.8345841510760446 24.0 
302.0 223.0 1.6929914974862517 4.8345841510760446 24.0 
302.0 224.0 1.6929914974862517 4.8345841510760446 24.0 
302.0 225.0 1.6929914974862517 4.8345841510760446 24.0 
302.0 226.0 1.6929914974862517 4.8345841510760446 24.0 
302.0 227.0 1.6929914974862517 4.8345841510760446 24.0 
302.0 228.0 1.6929914974862517 4.8345841510760446 24.0 
302.0 229.0 1.6929914974862517 4.8345841510760446 24.0 
302.0 230.0 1.6929914974862517 4.8345841510760446 24.0 
302.0 231.0 1.6929914974862517 4.8345841510760446 24.0 
302.0 232.0 1.6929914974862517 4.8345841510760446 24.0 
302.0 233.0 1.6929914974862517 4.8345841510760446 24.0 
302.0 234.0 1.6929914974862517 4.8345841510760446 24.0 
302.0 235.0 1.6929914974862517 4.8345841510760446 24.0 
302.0 236.0 1.6929914974862517 4.8345841510760446 24.0 
302.0 237.0 1.6929914974862517 4.8345841510760446 24.0 
302.0 238.0 1.6929914974862517 4.8345841510760446 24.0 
302.0 239.0 1.6929914974862517 4.8345841510760446 24.0 
302.0 240.0 1.6929914974862517 4.8345841510760446 24.0 
302.0 241.0 1.6929914974862517 4.8345841510760446 24.0 
302.0 242.0 1.6929914974862517 4.8345841510760446 24.0 
302.0 243.0 1.6929914974862517 4.8345841510760446 24.0 
302.0 244.0 1.6929914974862517 4.8345841510760446 24.0 
302.0 245.0 1.6929914974862517 4.8345841510760446 24.0 
302.0 246.0 1.6929914974862517 4.8345841510760446 24.0 
302.0 247.0 1.6929914974862517 4.8345841510760446 24.0 
302.0 248.0 1.6929914974862517 4.8345841510760446 24.0 
302.0 249.0 1.6929914974862517 4.8345841510760446 24.0 
303.0 209.0 1.6929914974862517 4.8345841510760446 24.0 
303.0 210.0 1.6929914974862517 4.8345841510760446 24.0 
303.0 211.0 1.6929914974862517 4.8345841510760446 24.0 
303.0 212.0 1.6929914974862517 4.8345841510760446 24.0 
303.0 213.0 1.6929914974862517 4.8345841510760446 24.0 
303.0 214.0 1.6929914974862517 4.8345841510760446 24.0 
303.0 215.0 1.6929914974862517 4.8345841510760446 24.0 
303.0 216.0 1.6929914974862517 4.8345841510760446 24.0 
303.0 217.0 1.6929914974862517 4.8345841510760446 24.0 
303.0 218.0 1.6929914974862517 4.8345841510760446 24.0 
303.0 219.0 1.6929914974862517 4.8345841510760446 24.0 
303.0 220.0 1.6929914974862517 4.8345841510760446 24.0 
303.0 221.0 1.6929914974862517 4.8345841510760446 24.0 
303.0 222.0 1.6929914974862517 4.8345841510760446 24.0 
303.0 223.0 1.6929914974862517 4.8345841510760446 24.0 
303.0 224.0 1.6929914974862517 4.8345841510760446 24.0 
303.0 225.0 1.6929914974862517 4.8345841510760446 24.0 
303.0 226.0 1.6929914974862517 4.8345841510760446 24.0 
303.0 227.0 1.6929914974862517 4.8345841510760446 24.0 
303.0 228.0 1.6929914974862517 4.8345841510760446 24.0 
303.0 229.0 1.6929914974862517 4.8345841510760446 24.0 
303.0 230.0 1.6929914974862517 4.8345841510760446 24.0 
303.0 231.0 1.6929914974862517 4.8345841510760446 24.0 
303.0 232.0 1.6929914974862517 4.8345841510760446 24.0 
303.0 233.0 1.6929914974862517 4.8345841510760446 24.0 
303.0 234.0 1.6929914974862517 4.8345841510760446 24.0 
303.0 235.0 1.6929914974862517 4.8345841510760446 24.0 
303.0 236.0 1.6929914974862517 4.8345841510760446 24.0 
303.0 237.0 1.6929914974862517 4.8345841510760446 24.0 
303.0 238.0 1.6929914974862517 4.8345841510760446 24.0 
303.0 239.0 1.6929914974862517 4.8345841510760446 24.0 
303.0 240.0 1.6929914974862517 4.8345841510760446 24.0 
303.0 241.0 1.6929914974862517 4.8345841510760446 24.0 
303.0 242.0 1.6929914974862517 4.8345841510760446 24.0 
303.0 243.0 1.6929914974862517 4.8345841510760446 24.0 
303.0 244.0 1.6929914974862517 4.8345841510760446 24.0 
303.0 245.0 1.6929914974862517 4.8345841510760446 24.0 
303.0 246.0 1.6929914974862517 4.8345841510760446 24.0 
303.0 247.0 1.6929914974862517 4.8345841510760446 24.0 
303.0 248.0 1.6929914974862517 4.8345841510760446 24.0 
303.0 249.0 1.6929914974862517 4.8345841510760446 24.0 
304.0 200.0 1.6929914974862517 4.8345841510760446 24.0 
304.0 201.0 1.6929914974862517 4.8345841510760446 24.0 
304.0 202.0 1.6929914974862517 4.8345841510760446 24.0 
304.0 203.0 1.6929914974862517 4.8345841510760446 24.0 
304.0 204.0 1.6929914974862517 4.8345841510760446 24.0 
304.0 205.0 1.6929914974862517 4.8345841510760446 24.0 
304.0 206.0 1.6929914974862517 4.8345841510760446 24.0 
304.0 207.0 1.6929914974862517 4.8345841510760446 24.0 
304.0 208.0 1.6929914974862517 4.8345841510760446 24.0 
304.0 209.0 1.6929914974862517 4.8345841510760446 24.0 
304.0 210.0 1.6929914974862517 4.8345841510760446 24.0 
304.0 211.0 1.6929914974862517 4.8345841510760446 24.0 
304.0 212.0 1.6929914974862517 4.8345841510760446 24.0 
304.0 213.0 1.6929914974862517 4.8345841510760446 24.0 
304.0 214.0 1.6929914974862517 4.8345841510760446 24.0 
304.0 215.0 1.6929914974862517 4.8345841510760446 24.0 
304.0 216.0 1.6929914974862517 4.8345841510760446 24.0 
304.0 217.0 1.6929914974862517 4.8345841510760446 24.0 
304.0 218.0 1.6929914974862517 4.8345841510760446 24.0 
304.0 219.0 1.6929914974862517 4.8345841510760446 24.0 
304.0 220.0 1.6929914974862517 4.8345841510760446 24.0 
304.0 221.0 1.6929914974862517 4.8345841510760446 24.0 
304.0 222.0 1.6929914974862517 4.8345841510760446 24.0 
304.0 223.0 1.6929914974862517 4.8345841510760446 24.0 
304.0 224.0 1.6929914974862517 4.8345841510760446 24.0 
304.0 225.0 1.6929914974862517 4.8345841510760446 24.0 
304.0 226.0 1.6929914974862517 4.8345841510760446 24.0 
304.0 227.0 1.6929914974862517 4.8345841510760446 24.0 
304.0 228.0 1.6929914974862517 4.8345841510760446 24.0 
304.0 229.0 1.6929914974862517 4.8345841510760446 24.0 
304.0 230.0 1.6929914974862517 4.8345841510760446 24.0 
304.0 231.0 1.6929914974862517 4.8345841510760446 24.0 
304.0 232.0 1.6929914974862517 4.8345841510760446 24.0 
304.0 233.0 1.6929914974862517 4.8345841510760446 24.0 
304.0 234.0 1.6929914974862517 4.8345841510760446 24.0 
304.0 235.0 1.6929914974862517 4.8345841510760446 24.0 
304.0 236.0 1.6929914974862517 4.8345841510760446 24.0 
304.0 237.0 1.6929914974862517 4.8345841510760446 24.0 
304.0 238.0 1.6929914974862517 4.8345841510760446 24.0 
304.0 239.0 1.6929914974862517 4.8345841510760446 24.0 
304.0 240.0 1.6929914974862517 4.8345841510760446 24.0 
304.0 241.0 1.6929914974862517 4.8345841510760446 24.0 
304.0 242.0 1.6929914974862517 4.8345841510760446 24.0 
304.0 243.0 1.6929914974862517 4.8345841510760446 24.0 
304.0 244.0 1.6929914974862517 4.8345841510760446 24.0 
304.0 245.0 1.6929914974862517 4.8345841510760446 24.0 
304.0 246.0 1.6929914974862517 4.8345841510760446 24.0 
304.0 247.0 1.6929914974862517 4.8345841510760446 24.0 
304.0 248.0 1.6929914974862517 4.8345841510760446 24.0 
304.0 249.0 1.6929914974862517 4.8345841510760446 24.0 
305.0 192.0 1.6929914974862517 4.8345841510760446 24.0 
305.0 193.0 1.6929914974862517 4.8345841510760446 24.0 
305.0 194.0 1.6929914974862517 4.8345841510760446 24.0 
305.0 195.0 1.6929914974862517 4.8345841510760446 24.0 
305.0 196.0 1.6929914974862517 4.8345841510760446 24.0 
305.0 197.0 1.6929914974862517 4.8345841510760446 24.0 
305.0 198.0 1.6929914974862517 4.8345841510760446 24.0 
305.0 199.0 1.6929914974862517 4.8345841510760446 24.0 
305.0 200.0 1.6929914974862517 4.8345841510760446 24.0 
305.0 201.0 1.6929914974862517 4.8345841510760446 24.0 
305.0 202.0 1.6929914974862517 4.8345841510760446 24.0 
305.0 203.0 1.6929914974862517 4.8345841510760446 24.0 
305.0 204.0 1.6929914974862517 4.8345841510760446 24.0 
305.0 205.0 1.6929914974862517 4.8345841510760446 24.0 
305.0 206.0 1.6929914974862517 4.8345841510760446 24.0 
305.0 207.0 1.6929914974862517 4.8345841510760446 24.0 
305.0 208.0 1.6929914974862517 4.8345841510760446 24.0 
305.0 209.0 1.6929914974862517 4.8345841510760446 24.0 
305.0 210.0 1.6929914974862517 4.8345841510760446 24.0 
305.0 211.0 1.6929914974862517 4.8345841510760446 24.0 
305.0 212.0 1.6929914974862517 4.8345841510760446 24.0 
305.0 213.0 1.6929914974862517 4.8345841510760446 24.0 
305.0 214.0 1.6929914974862517 4.8345841510760446 24.0 
305.0 215.0 1.6929914974862517 4.8345841510760446 24.0 
305.0 216.0 1.6929914974862517 4.8345841510760446 24.0 
305.0 217.0 1.6929914974862517 4.8345841510760446 24.0 
305.0 218.0 1.6929914974862517 4.8345841510760446 24.0 
305.0 219.0 1.6929914974862517 4.8345841510760446 24.0 
305.0 220.0 1.6929914974862517 4.8345841510760446 24.0 
305.0 221.0 1.6929914974862517 4.8345841510760446 24.0 
305.0 222.0 1.6929914974862517 4.8345841510760446 24.0 
305.0 223.0 1.6929914974862517 4.8345841510760446 24.0 
305.0 224.0 1.6929914974862517 4.8345841510760446 24.0 
305.0 225.0 1.6929914974862517 4.8345841510760446 24.0 
305.0 226.0 1.6929914974862517 4.8345841510760446 24.0 
305.0 227.0 1.6929914974862517 4.8345841510760446 24.0 
305.0 228.0 1.6929914974862517 4.8345841510760446 24.0 
305.0 229.0 1.6929914974862517 4.8345841510760446 24.0 
305.0 230.0 1.6929914974862517 4.8345841510760446 24.0 
305.0 231.0 1.6929914974862517 4.8345841510760446 24.0 
305.0 232.0 1.6929914974862517 4.8345841510760446 24.0 
305.0 233.0 1.6929914974862517 4.8345841510760446 24.0 
305.0 234.0 1.6929914974862517 4.8345841510760446 24.0 
305.0 235.0 1.6929914974862517 4.8345841510760446 24.0 
305.0 236.0 1.6929914974862517 4.8345841510760446 24.0 
305.0 237.0 1.6929914974862517 4.8345841510760446 24.0 
305.0 238.0 1.6929914974862517 4.8345841510760446 24.0 
305.0 239.0 1.6929914974862517 4.8345841510760446 24.0 
305.0 240.0 1.6929914974862517 4.8345841510760446 24.0 
305.0 241.0 1.6929914974862517 4.8345841510760446 24.0 
306.0 192.0 1.6929914974862517 4.8345841510760446 24.0 
306.0 193.0 1.6929914974862517 4.8345841510760446 24.0 
306.0 194.0 1.6929914974862517 4.8345841510760446 24.0 
306.0 195.0 1.6929914974862517 4.8345841510760446 24.0 
306.0 196.0 1.6929914974862517 4.8345841510760446 24.0 
306.0 197.0 1.6929914974862517 4.8345841510760446 24.0 
306.0 198.0 1.6929914974862517 4.8345841510760446 24.0 
306.0 199.0 1.6929914974862517 4.8345841510760446 24.0 
306.0 200.0 1.6929914974862517 4.8345841510760446 24.0 
306.0 201.0 1.6929914974862517 4.8345841510760446 24.0 
306.0 202.0 1.6929914974862517 4.8345841510760446 24.0 
306.0 203.0 1.6929914974862517 4.8345841510760446 24.0 
306.0 204.0 1.6929914974862517 4.8345841510760446 24.0 
306.0 205.0 1.6929914974862517 4.8345841510760446 24.0 
306.0 206.0 1.6929914974862517 4.8345841510760446 24.0 
306.0 207.0 1.6929914974862517 4.8345841510760446 24.0 
306.0 208.0 1.6929914974862517 4.8345841510760446 24.0 
306.0 209.0 1.6929914974862517 4.8345841510760446 24.0 
306.0 210.0 1.6929914974862517 4.8345841510760446 24.0 
306.0 211.0 1.6929914974862517 4.8345841510760446 24.0 
306.0 212.0 1.6929914974862517 4.8345841510760446 24.0 
306.0 213.0 1.6929914974862517 4.8345841510760446 24.0 
306.0 214.0 1.6929914974862517 4.8345841510760446 24.0 
306.0 215.0 1.6929914974862517 4.8345841510760446 24.0 
306.0 216.0 1.6929914974862517 4.8345841510760446 24.0 
306.0 217.0 1.6929914974862517 4.8345841510760446 24.0 
306.0 218.0 1.6929914974862517 4.8345841510760446 24.0 
306.0 219.0 1.6929914974862517 4.8345841510760446 24.0 
306.0 220.0 1.6929914974862517 4.8345841510760446 24.0 
306.0 221.0 1.6929914974862517 4.8345841510760446 24.0 
306.0 222.0 1.6929914974862517 4.8345841510760446 24.0 
306.0 223.0 1.6929914974862517 4.8345841510760446 24.0 
306.0 224.0 1.6929914974862517 4.8345841510760446 24.0 
306.0 225.0 1.6929914974862517 4.8345841510760446 24.0 
306.0 226.0 1.6929914974862517 4.8345841510760446 24.0 
306.0 227.0 1.6929914974862517 4.8345841510760446 24.0 
306.0 228.0 1.6929914974862517 4.8345841510760446 24.0 
306.0 229.0 1.6929914974862517 4.8345841510760446 24.0 
306.0 230.0 1.6929914974862517 4.8345841510760446 24.0 
306.0 231.0 1.6929914974862517 4.8345841510760446 24.0 
306.0 232.0 1.6929914974862517 4.8345841510760446 24.0 
307.0 192.0 1.6929914974862517 4.8345841510760446 24.0 
307.0 193.0 1.6929914974862517 4.8345841510760446 24.0 
307.0 194.0 1.6929914974862517 4.8345841510760446 24.0 
307.0 195.0 1.6929914974862517 4.8345841510760446 24.0 
307.0 196.0 1.6929914974862517 4.8345841510760446 24.0 
307.0 197.0 1.6929914974862517 4.8345841510760446 24.0 
307.0 198.0 1.6929914974862517 4.8345841510760446 24.0 
307.0 199.0 1.6929914974862517 4.8345841510760446 24.0 
307.0 200.0 1.6929914974862517 4.8345841510760446 24.0 
307.0 201.0 1.6929914974862517 4.8345841510760446 24.0 
307.0 202.0 1.6929914974862517 4.8345841510760446 24.0 
307.0 203.0 1.6929914974862517 4.8345841510760446 24.0 
307.0 204.0 1.6929914974862517 4.8345841510760446 24.0 
307.0 205.0 1.6929914974862517 4.8345841510760446 24.0 
307.0 206.0 1.6929914974862517 4.8345841510760446 24.0 
307.0 207.0 1.6929914974862517 4.8345841510760446 24.0 
307.0 208.0 1.6929914974862517 4.8345841510760446 24.0 
307.0 209.0 1.6929914974862517 4.8345841510760446 24.0 
307.0 210.0 1.6929914974862517 4.8345841510760446 24.0 
307.0 211.0 1.6929914974862517 4.8345841510760446 24.0 
307.0 212.0 1.6929914974862517 4.8345841510760446 24.0 
307.0 213.0 1.6929914974862517 4.8345841510760446 24.0 
307.0 214.0 1.6929914974862517 4.8345841510760446 24.0 
307.0 215.0 1.6929914974862517 4.8345841510760446 24.0 
307.0 216.0 1.6929914974862517 4.8345841510760446 24.0 
307.0 217.0 1.6929914974862517 4.8345841510760446 24.0 
307.0 218.0 1.6929914974862517 4.8345841510760446 24.0 
307.0 219.0 1.6929914974862517 4.8345841510760446 24.0 
307.0 220.0 1.6929914974862517 4.8345841510760446 24.0 
307.0 221.0 1.6929914974862517 4.8345841510760446 24.0 
307.0 222.0 1.6929914974862517 4.8345841510760446 24.0 
307.0 223.0 1.6929914974862517 4.8345841510760446 24.0 
307.0 224.0 1.6929914974862517 4.8345841510760446 24.0 
308.0 192.0 1.6929914974862517 4.8345841510760446 24.0 
308.0 193.0 1.6929914974862517 4.8345841510760446 24.0 
308.0 194.0 1.6929914974862517 4.8345841510760446 24.0 
308.0 195.0 1.6929914974862517 4.8345841510760446 24.0 
308.0 196.0 1.6929914974862517 4.8345841510760446 24.0 
308.0 197.0 1.6929914974862517 4.8345841510760446 24.0 
308.0 198.0 1.6929914974862517 4.8345841510760446 24.0 
308.0 199.0 1.6929914974862517 4.8345841510760446 24.0 
308.0 200.0 1.6929914974862517 4.8345841510760446 24.0 
308.0 201.0 1.6929914974862517 4.8345841510760446 24.0 
308.0 202.0 1.6929914974862517 4.8345841510760446 24.0 
308.0 203.0 1.6929914974862517 4.8345841510760446 24.0 
308.0 204.0 1.6929914974862517 4.8345841510760446 24.0 
308.0 205.0 1.6929914974862517 4.8345841510760446 24.0 
308.0 206.0 1.6929914974862517 4.8345841510760446 24.0 
308.0 207.0 1.6929914974862517 4.8345841510760446 24.0 
308.0 208.0 1.6929914974862517 4.8345841510760446 24.0 
308.0 209.0 1.6929914974862517 4.8345841510760446 24.0 
308.0 210.0 1.6929914974862517 4.8345841510760446 24.0 
308.0 211.0 1.6929914974862517 4.8345841510760446 24.0 
308.0 212.0 1.6929914974862517 4.8345841510760446 24.0 
308.0 213.0 1.6929914974862517 4.8345841510760446 24.0 
308.0 214.0 1.6929914974862517 4.8345841510760446 24.0 
308.0 215.0 1.6929914974862517 4.8345841510760446 24.0 
308.0 216.0 1.6929914974862517 4.8345841510760446 24.0 
309.0 193.0 1.6929914974862517 4.8345841510760446 24.0 
309.0 194.0 1.6929914974862517 4.8345841510760446 24.0 
309.0 195.0 1.6929914974862517 4.8345841510760446 24.0 
309.0 196.0 1.6929914974862517 4.8345841510760446 24.0 
309.0 197.0 1.6929914974862517 4.8345841510760446 24.0 
309.0 198.0 1.6929914974862517 4.8345841510760446 24.0 
309.0 199.0 1.6929914974862517 4.8345841510760446 24.0 
309.0 200.0 1.6929914974862517 4.8345841510760446 24.0 
309.0 201.0 1.6929914974862517 4.8345841510760446 24.0 
309.0 202.0 1.6929914974862517 4.8345841510760446 24.0 
309.0 203.0 1.6929914974862517 4.8345841510760446 24.0 
309.0 204.0 1.6929914974862517 4.8345841510760446 24.0 
309.0 205.0 1.6929914974862517 4.8345841510760446 24.0 
309.0 206.0 1.6929914974862517 4.8345841510760446 24.0 
309.0 207.0 1.6929914974862517 4.8345841510760446 24.0 
309.0 208.0 1.6929914974862517 4.8345841510760446 24.0 
310.0 193.0 1.6929914974862517 4.8345841510760446 24.0 
310.0 194.0 1.6929914974862517 4.8345841510760446 24.0 
310.0 195.0 1.6929914974862517 4.8345841510760446 24.0 
310.0 196.0 1.6929914974862517 4.8345841510760446 24.0 
310.0 197.0 1.6929914974862517 4.8345841510760446 24.0 
310.0 198.0 1.6929914974862517 4.8345841510760446 24.0 
310.0 199.0 1.6929914974862517 4.8345841510760446 24.0 
310.0 200.0 1.6929914974862517 4.8345841510760446 24.0 
286.0 291.0 1.6099919287219513 4.751584582311745 40.0 
286.0 292.0 1.6099919287219513 4.751584582311745 40.0 
286.0 293.0 1.6099919287219513 4.751584582311745 40.0 
286.0 294.0 1.6099919287219513 4.751584582311745 40.0 
286.0 295.0 1.6099919287219513 4.751584582311745 40.0 
286.0 296.0 1.6099919287219513 4.751584582311745 40.0 
286.0 297.0 1.6099919287219513 4.751584582311745 40.0 
286.0 298.0 1.6099919287219513 4.751584582311745 40.0 
286.0 299.0 1.6099919287219513 4.751584582311745 40.0 
286.0 300.0 1.6099919287219513 4.751584582311745 40.0 
286.0 301.0 1.6099919287219513 4.751584582311745 40.0 
286.0 302.0 1.6099919287219513 4.751584582311745 40.0 
286.0 303.0 1.6099919287219513 4.751584582311745 40.0 
286.0 304.0 1.6099919287219513 4.751584582311745 40.0 
286.0 305.0 1.6099919287219513 4.751584582311745 40.0 
286.0 306.0 1.6099919287219513 4.751584582311745 40.0 
286.0 307.0 1.6099919287219513 4.751584582311745 40.0 
286.0 308.0 1.6099919287219513 4.751584582311745 40.0 
286.0 309.0 1.6099919287219513 4.751584582311745 40.0 
286.0 310.0 1.6099919287219513 4.751584582311745 40.0 
286.0 311.0 1.6099919287219513 4.751584582311745 40.0 
286.0 312.0 1.6099919287219513 4.751584582311745 40.0 
286.0 313.0 1.6099919287219513 4.751584582311745 40.0 
286.0 314.0 1.6099919287219513 4.751584582311745 40.0 
286.0 315.0 1.6099919287219513 4.751584582311745 40.0 
287.0 265.0 1.6099919287219513 4.751584582311745 40.0 
287.0 266.0 1.6099919287219513 4.751584582311745 40.0 
287.0 267.0 1.6099919287219513 4.751584582311745 40.0 
287.0 268.0 1.6099919287219513 4.751584582311745 40.0 
287.0 269.0 1.6099919287219513 4.751584582311745 40.0 
287.0 270.0 1.6099919287219513 4.751584582311745 40.0 
287.0 271.0 1.6099919287219513 4.751584582311745 40.0 
287.0 272.0 1.6099919287219513 4.751584582311745 40.0 
287.0 273.0 1.6099919287219513 4.751584582311745 40.0 
287.0 274.0 1.6099919287219513 4.751584582311745 40.0 
287.0 275.0 1.6099919287219513 4.751584582311745 40.0 
287.0 276.0 1.6099919287219513 4.751584582311745 40.0 
287.0 277.0 1.6099919287219513 4.751584582311745 40.0 
287.0 278.0 1.6099919287219513 4.751584582311745 40.0 
287.0 279.0 1.6099919287219513 4.751584582311745 40.0 
287.0 280.0 1.6099919287219513 4.751584582311745 40.0 
287.0 281.0 1.6099919287219513 4.751584582311745 40.0 
287.0 282.0 1.6099919287219513 4.751584582311745 40.0 
287.0 283.0 1.6099919287219513 4.751584582311745 40.0 
287.0 284.0 1.6099919287219513 4.751584582311745 40.0 
287.0 285.0 1.6099919287219513 4.751584582311745 40.0 
287.0 286.0 1.6099919287219513 4.751584582311745 40.0 
287.0 287.0 1.6099919287219513 4.751584582311745 40.0 
287.0 288.0 1.6099919287219513 4.751584582311745 40.0 
287.0 289.0 1.6099919287219513 4.751584582311745 40.0 
287.0 290.0 1.6099919287219513 4.751584582311745 40.0 
287.0 291.0 1.6099919287219513 4.751584582311745 40.0 
287.0 292.0 1.6099919287219513 4.751584582311745 40.0 
287.0 293.0 1.6099919287219513 4.751584582311745 40.0 
287.0 294.0 1.6099919287219513 4.751584582311745 40.0 
287.0 295.0 1.6099919287219513 4.751584582311745 40.0 
287.0 296.0 1.6099919287219513 4.751584582311745 40.0 
287.0 297.0 1.6099919287219513 4.751584582311745 40.0 
287.0 298.0 1.6099919287219513 4.751584582311745 40.0 
287.0 299.0 1.6099919287219513 4.751584582311745 40.0 
287.0 300.0 1.6099919287219513 4.751584582311745 40.0 
287.0 301.0 1.6099919287219513 4.751584582311745 40.0 
287.0 302.0 1.6099919287219513 4.751584582311745 40.0 
287.0 303.0 1.6099919287219513 4.751584582311745 40.0 
287.0 304.0 1.6099919287219513 4.751584582311745 40.0 
287.0 305.0 1.6099919287219513 4.751584582311745 40.0 
287.0 306.0 1.6099919287219513 4.751584582311745 40.0 
287.0 307.0 1.6099919287219513 4.751584582311745 40.0 
287.0 308.0 1.6099919287219513 4.751584582311745 40.0 
287.0 309.0 1.6099919287219513 4.751584582311745 40.0 
287.0 310.0 1.6099919287219513 4.751584582311745 40.0 
287.0 311.0 1.6099919287219513 4.751584582311745 40.0 
287.0 312.0 1.6099919287219513 4.751584582311745 40.0 
287.0 313.0 1.6099919287219513 4.751584582311745 40.0 
287.0 314.0 1.6099919287219513 4.751584582311745 40.0 
287.0 315.0 1.6099919287219513 4.751584582311745 40.0 
288.0 265.0 1.6099919287219513 4.751584582311745 40.0 
288.0 266.0 1.6099919287219513 4.751584582311745 40.0 
288.0 267.0 1.6099919287219513 4.751584582311745 40.0 
288.0 268.0 1.6099919287219513 4.751584582311745 40.0 
288.0 269.0 1.6099919287219513 4.751584582311745 40.0 
288.0 270.0 1.6099919287219513 4.751584582311745 40.0 
288.0 271.0 1.6099919287219513 4.751584582311745 40.0 
288.0 272.0 1.6099919287219513 4.751584582311745 40.0 
288.0 273.0 1.6099919287219513 4.751584582311745 40.0 
288.0 274.0 1.6099919287219513 4.751584582311745 40.0 
288.0 275.0 1.6099919287219513 4.751584582311745 40.0 
288.0 276.0 1.6099919287219513 4.751584582311745 40.0 
288.0 277.0 1.6099919287219513 4.751584582311745 40.0 
288.0 278.0 1.6099919287219513 4.751584582311745 40.0 
288.0 279.0 1.6099919287219513 4.751584582311745 40.0 
288.0 280.0 1.6099919287219513 4.751584582311745 40.0 
288.0 281.0 1.6099919287219513 4.751584582311745 40.0 
288.0 282.0 1.6099919287219513 4.751584582311745 40.0 
288.0 283.0 1.6099919287219513 4.751584582311745 40.0 
288.0 284.0 1.6099919287219513 4.751584582311745 40.0 
288.0 285.0 1.6099919287219513 4.751584582311745 40.0 
288.0 286.0 1.6099919287219513 4.751584582311745 40.0 
288.0 287.0 1.6099919287219513 4.751584582311745 40.0 
288.0 288.0 1.6099919287219513 4.751584582311745 40.0 
288.0 289.0 1.6099919287219513 4.751584582311745 40.0 
288.0 290.0 1.6099919287219513 4.751584582311745 40.0 
288.0 291.0 1.6099919287219513 4.751584582311745 40.0 
288.0 292.0 1.6099919287219513 4.751584582311745 40.0 
288.0 293.0 1.6099919287219513 4.751584582311745 40.0 
288.0 294.0 1.6099919287219513 4.751584582311745 40.0 
288.0 295.0 1.6099919287219513 4.751584582311745 40.0 
288.0 296.0 1.6099919287219513 4.751584582311745 40.0 
288.0 297.0 1.6099919287219513 4.751584582311745 40.0 
288.0 298.0 1.6099919287219513 4.751584582311745 40.0 
288.0 299.0 1.6099919287219513 4.751584582311745 40.0 
288.0 300.0 1.6099919287219513 4.751584582311745 40.0 
288.0 301.0 1.6099919287219513 4.751584582311745 40.0 
288.0 302.0 1.6099919287219513 4.751584582311745 40.0 
288.0 303.0 1.6099919287219513 4.751584582311745 40.0 
288.0 304.0 1.6099919287219513 4.751584582311745 40.0 
288.0 305.0 1.6099919287219513 4.751584582311745 40.0 
288.0 306.0 1.6099919287219513 4.751584582311745 40.0 
288.0 307.0 1.6099919287219513 4.751584582311745 40.0 
288.0 308.0 1.6099919287219513 4.751584582311745 40.0 
288.0 309.0 1.6099919287219513 4.751584582311745 40.0 
288.0 310.0 1.6099919287219513 4.751584582311745 40.0 
288.0 311.0 1.6099919287219513 4.751584582311745 40.0 
288.0 312.0 1.6099919287219513 4.751584582311745 40.0 
288.0 313.0 1.6099919287219513 4.751584582311745 40.0 
288.0 314.0 1.6099919287219513 4.751584582311745 40.0 
288.0 315.0 1.6099919287219513 4.751584582311745 40.0 
289.0 265.0 1.6099919287219513 4.751584582311745 40.0 
289.0 266.0 1.6099919287219513 4.751584582311745 40.0 
289.0 267.0 1.6099919287219513 4.751584582311745 40.0 
289.0 268.0 1.6099919287219513 4.751584582311745 40.0 
289.0 269.0 1.6099919287219513 4.751584582311745 40.0 
289.0 270.0 1.6099919287219513 4.751584582311745 40.0 
289.0 271.0 1.6099919287219513 4.751584582311745 40.0 
289.0 272.0 1.6099919287219513 4.751584582311745 40.0 
289.0 273.0 1.6099919287219513 4.751584582311745 40.0 
289.0 274.0 1.6099919287219513 4.751584582311745 40.0 
289.0 275.0 1.6099919287219513 4.751584582311745 40.0 
289.0 276.0 1.6099919287219513 4.751584582311745 40.0 
289.0 277.0 1.6099919287219513 4.751584582311745 40.0 
289.0 278.0 1.6099919287219513 4.751584582311745 40.0 
289.0 279.0 1.6099919287219513 4.751584582311745 40.0 
289.0 280.0 1.6099919287219513 4.751584582311745 40.0 
289.0 281.0 1.6099919287219513 4.751584582311745 40.0 
289.0 282.0 1.6099919287219513 4.751584582311745 40.0 
289.0 283.0 1.6099919287219513 4.751584582311745 40.0 
289.0 284.0 1.6099919287219513 4.751584582311745 40.0 
289.0 285.0 1.6099919287219513 4.751584582311745 40.0 
289.0 286.0 1.6099919287219513 4.751584582311745 40.0 
289.0 287.0 1.6099919287219513 4.751584582311745 40.0 
289.0 288.0 1.6099919287219513 4.751584582311745 40.0 
289.0 289.0 1.6099919287219513 4.751584582311745 40.0 
289.0 290.0 1.6099919287219513 4.751584582311745 40.0 
289.0 291.0 1.6099919287219513 4.751584582311745 40.0 
289.0 292.0 1.6099919287219513 4.751584582311745 40.0 
289.0 293.0 1.6099919287219513 4.751584582311745 40.0 
289.0 294.0 1.6099919287219513 4.751584582311745 40.0 
289.0 295.0 1.6099919287219513 4.751584582311745 40.0 
289.0 296.0 1.6099919287219513 4.751584582311745 40.0 
289.0 297.0 1.6099919287219513 4.751584582311745 40.0 
289.0 298.0 1.6099919287219513 4.751584582311745 40.0 
289.0 299.0 1.6099919287219513 4.751584582311745 40.0 
289.0 300.0 1.6099919287219513 4.751584582311745 40.0 
289.0 301.0 1.6099919287219513 4.751584582311745 40.0 
289.0 302.0 1.6099919287219513 4.751584582311745 40.0 
289.0 303.0 1.6099919287219513 4.751584582311745 40.0 
289.0 304.0 1.6099919287219513 4.751584582311745 40.0 
289.0 305.0 1.6099919287219513 4.751584582311745 40.0 
289.0 306.0 1.6099919287219513 4.751584582311745 40.0 
289.0 307.0 1.6099919287219513 4.751584582311745 40.0 
289.0 308.0 1.6099919287219513 4.751584582311745 40.0 
289.0 309.0 1.6099919287219513 4.751584582311745 40.0 
289.0 310.0 1.6099919287219513 4.751584582311745 40.0 
289.0 311.0 1.6099919287219513 4.751584582311745 40.0 
289.0 312.0 1.6099919287219513 4.751584582311745 40.0 
289.0 313.0 1.6099919287219513 4.751584582311745 40.0 
289.0 314.0 1.6099919287219513 4.751584582311745 40.0 
289.0 315.0 1.6099919287219513 4.751584582311745 40.0 
289.0 316.0 1.6099919287219513 4.751584582311745 40.0 
290.0 265.0 1.6099919287219513 4.751584582311745 40.0 
290.0 266.0 1.6099919287219513 4.751584582311745 40.0 
290.0 267.0 1.6099919287219513 4.751584582311745 40.0 
290.0 268.0 1.6099919287219513 4.751584582311745 40.0 
290.0 269.0 1.6099919287219513 4.751584582311745 40.0 
290.0 270.0 1.6099919287219513 4.751584582311745 40.0 
290.0 271.0 1.6099919287219513 4.751584582311745 40.0 
290.0 272.0 1.6099919287219513 4.751584582311745 40.0 
290.0 273.0 1.6099919287219513 4.751584582311745 40.0 
290.0 274.0 1.6099919287219513 4.751584582311745 40.0 
290.0 275.0 1.6099919287219513 4.751584582311745 40.0 
290.0 276.0 1.6099919287219513 4.751584582311745 40.0 
290.0 277.0 1.6099919287219513 4.751584582311745 40.0 
290.0 278.0 1.6099919287219513 4.751584582311745 40.0 
290.0 279.0 1.6099919287219513 4.751584582311745 40.0 
290.0 280.0 1.6099919287219513 4.751584582311745 40.0 
290.0 281.0 1.6099919287219513 4.751584582311745 40.0 
290.0 282.0 1.6099919287219513 4.751584582311745 40.0 
290.0 283.0 1.6099919287219513 4.751584582311745 40.0 
290.0 284.0 1.6099919287219513 4.751584582311745 40.0 
290.0 285.0 1.6099919287219513 4.751584582311745 40.0 
290.0 286.0 1.6099919287219513 4.751584582311745 40.0 
290.0 287.0 1.6099919287219513 4.751584582311745 40.0 
290.0 288.0 1.6099919287219513 4.751584582311745 40.0 
290.0 289.0 1.6099919287219513 4.751584582311745 40.0 
290.0 290.0 1.6099919287219513 4.751584582311745 40.0 
290.0 291.0 1.6099919287219513 4.751584582311745 40.0 
290.0 292.0 1.6099919287219513 4.751584582311745 40.0 
290.0 293.0 1.6099919287219513 4.751584582311745 40.0 
290.0 294.0 1.6099919287219513 4.751584582311745 40.0 
290.0 295.0 1.6099919287219513 4.751584582311745 40.0 
290.0 296.0 1.6099919287219513 4.751584582311745 40.0 
290.0 297.0 1.6099919287219513 4.751584582311745 40.0 
290.0 298.0 1.6099919287219513 4.751584582311745 40.0 
290.0 299.0 1.6099919287219513 4.751584582311745 40.0 
290.0 300.0 1.6099919287219513 4.751584582311745 40.0 
290.0 301.0 1.6099919287219513 4.751584582311745 40.0 
290.0 302.0 1.6099919287219513 4.751584582311745 40.0 
290.0 303.0 1.6099919287219513 4.751584582311745 40.0 
290.0 304.0 1.6099919287219513 4.751584582311745 40.0 
290.0 305.0 1.6099919287219513 4.751584582311745 40.0 
290.0 306.0 1.6099919287219513 4.751584582311745 40.0 
290.0 307.0 1.6099919287219513 4.751584582311745 40.0 
290.0 308.0 1.6099919287219513 4.751584582311745 40.0 
290.0 309.0 1.6099919287219513 4.751584582311745 40.0 
290.0 310.0 1.6099919287219513 4.751584582311745 40.0 
290.0 311.0 1.6099919287219513 4.751584582311745 40.0 
290.0 312.0 1.6099919287219513 4.751584582311745 40.0 
290.0 313.0 1.6099919287219513 4.751584582311745 40.0 
290.0 314.0 1.6099919287219513 4.751584582311745 40.0 
290.0 315.0 1.6099919287219513 4.751584582311745 40.0 
290.0 316.0 1.6099919287219513 4.751584582311745 40.0 
291.0 266.0 1.6099919287219513 4.751584582311745 40.0 
291.0 267.0 1.6099919287219513 4.751584582311745 40.0 
291.0 268.0 1.6099919287219513 4.751584582311745 40.0 
291.0 269.0 1.6099919287219513 4.751584582311745 40.0 
291.0 270.0 1.6099919287219513 4.751584582311745 40.0 
291.0 271.0 1.6099919287219513 4.751584582311745 40.0 
291.0 272.0 1.6099919287219513 4.751584582311745 40.0 
291.0 273.0 1.6099919287219513 4.751584582311745 40.0 
291.0 274.0 1.6099919287219513 4.751584582311745 40.0 
291.0 275.0 1.6099919287219513 4.751584582311745 40.0 
291.0 276.0 1.6099919287219513 4.751584582311745 40.0 
291.0 277.0 1.6099919287219513 4.751584582311745 40.0 
291.0 278.0 1.6099919287219513 4.751584582311745 40.0 
291.0 279.0 1.6099919287219513 4.751584582311745 40.0 
291.0 280.0 1.6099919287219513 4.751584582311745 40.0 
291.0 281.0 1.6099919287219513 4.751584582311745 40.0 
291.0 282.0 1.6099919287219513 4.751584582311745 40.0 
291.0 283.0 1.6099919287219513 4.751584582311745 40.0 
291.0 284.0 1.6099919287219513 4.751584582311745 40.0 
291.0 285.0 1.6099919287219513 4.751584582311745 40.0 
291.0 286.0 1.6099919287219513 4.751584582311745 40.0 
291.0 287.0 1.6099919287219513 4.751584582311745 40.0 
291.0 288.0 1.6099919287219513 4.751584582311745 40.0 
291.0 289.0 1.6099919287219513 4.751584582311745 40.0 
291.0 290.0 1.6099919287219513 4.751584582311745 40.0 
291.0 291.0 1.6099919287219513 4.751584582311745 40.0 
291.0 292.0 1.6099919287219513 4.751584582311745 40.0 
291.0 293.0 1.6099919287219513 4.751584582311745 40.0 
291.0 294.0 1.6099919287219513 4.751584582311745 40.0 
291.0 295.0 1.6099919287219513 4.751584582311745 40.0 
291.0 296.0 1.6099919287219513 4.751584582311745 40.0 
291.0 297.0 1.6099919287219513 4.751584582311745 40.0 
291.0 298.0 1.6099919287219513 4.751584582311745 40.0 
291.0 299.0 1.6099919287219513 4.751584582311745 40.0 
291.0 300.0 1.6099919287219513 4.751584582311745 40.0 
291.0 301.0 1.6099919287219513 4.751584582311745 40.0 
291.0 302.0 1.6099919287219513 4.751584582311745 40.0 
291.0 303.0 1.6099919287219513 4.751584582311745 40.0 
291.0 304.0 1.6099919287219513 4.751584582311745 40.0 
291.0 305.0 1.6099919287219513 4.751584582311745 40.0 
291.0 306.0 1.6099919287219513 4.751584582311745 40.0 
291.0 307.0 1.6099919287219513 4.751584582311745 40.0 
291.0 308.0 1.6099919287219513 4.751584582311745 40.0 
291.0 309.0 1.6099919287219513 4.751584582311745 40.0 
291.0 310.0 1.6099919287219513 4.751584582311745 40.0 
291.0 311.0 1.6099919287219513 4.751584582311745 40.0 
291.0 312.0 1.6099919287219513 4.751584582311745 40.0 
291.0 313.0 1.6099919287219513 4.751584582311745 40.0 
291.0 314.0 1.6099919287219513 4.751584582311745 40.0 
291.0 315.0 1.6099919287219513 4.751584582311745 40.0 
291.0 316.0 1.6099919287219513 4.751584582311745 40.0 
292.0 266.0 1.6099919287219513 4.751584582311745 40.0 
292.0 267.0 1.6099919287219513 4.751584582311745 40.0 
292.0 268.0 1.6099919287219513 4.751584582311745 40.0 
292.0 269.0 1.6099919287219513 4.751584582311745 40.0 
292.0 270.0 1.6099919287219513 4.751584582311745 40.0 
292.0 271.0 1.6099919287219513 4.751584582311745 40.0 
292.0 272.0 1.6099919287219513 4.751584582311745 40.0 
292.0 273.0 1.6099919287219513 4.751584582311745 40.0 
292.0 274.0 1.6099919287219513 4.751584582311745 40.0 
292.0 275.0 1.6099919287219513 4.751584582311745 40.0 
292.0 276.0 1.6099919287219513 4.751584582311745 40.0 
292.0 277.0 1.6099919287219513 4.751584582311745 40.0 
292.0 278.0 1.6099919287219513 4.751584582311745 40.0 
292.0 279.0 1.6099919287219513 4.751584582311745 40.0 
292.0 280.0 1.6099919287219513 4.751584582311745 40.0 
292.0 281.0 1.6099919287219513 4.751584582311745 40.0 
292.0 282.0 1.6099919287219513 4.751584582311745 40.0 
292.0 283.0 1.6099919287219513 4.751584582311745 40.0 
292.0 284.0 1.6099919287219513 4.751584582311745 40.0 
292.0 285.0 1.6099919287219513 4.751584582311745 40.0 
292.0 286.0 1.6099919287219513 4.751584582311745 40.0 
292.0 287.0 1.6099919287219513 4.751584582311745 40.0 
292.0 288.0 1.6099919287219513 4.751584582311745 40.0 
292.0 289.0 1.6099919287219513 4.751584582311745 40.0 
292.0 290.0 1.6099919287219513 4.751584582311745 40.0 
