285.0 279.0 1.6382613513168014 4.7798540049065945 28.0 
285.0 280.0 1.6382613513168014 4.7798540049065945 28.0 
285.0 281.0 1.6382613513168014 4.7798540049065945 28.0 
285.0 282.0 1.6382613513168014 4.7798540049065945 28.0 
285.0 283.0 1.6382613513168014 4.7798540049065945 28.0 
285.0 284.0 1.6382613513168014 4.7798540049065945 28.0 
285.0 285.0 1.6382613513168014 4.7798540049065945 28.0 
285.0 286.0 1.6382613513168014 4.7798540049065945 28.0 
285.0 287.0 1.6382613513168014 4.7798540049065945 28.0 
285.0 288.0 1.6382613513168014 4.7798540049065945 28.0 
285.0 289.0 1.6382613513168014 4.7798540049065945 28.0 
285.0 290.0 1.6382613513168014 4.7798540049065945 28.0 
285.0 291.0 1.6382613513168014 4.7798540049065945 28.0 
285.0 292.0 1.6382613513168014 4.7798540049065945 28.0 
286.0 264.0 1.6382613513168014 4.7798540049065945 28.0 
286.0 265.0 1.6382613513168014 4.7798540049065945 28.0 
286.0 266.0 1.6382613513168014 4.7798540049065945 28.0 
286.0 267.0 1.6382613513168014 4.7798540049065945 28.0 
286.0 268.0 1.6382613513168014 4.7798540049065945 28.0 
286.0 269.0 1.6382613513168014 4.7798540049065945 28.0 
286.0 270.0 1.6382613513168014 4.7798540049065945 28.0 
286.0 271.0 1.6382613513168014 4.7798540049065945 28.0 
286.0 272.0 1.6382613513168014 4.7798540049065945 28.0 
286.0 273.0 1.6382613513168014 4.7798540049065945 28.0 
286.0 274.0 1.6382613513168014 4.7798540049065945 28.0 
286.0 275.0 1.6382613513168014 4.7798540049065945 28.0 
286.0 276.0 1.6382613513168014 4.7798540049065945 28.0 
286.0 277.0 1.6382613513168014 4.7798540049065945 28.0 
286.0 278.0 1.6382613513168014 4.7798540049065945 28.0 
286.0 279.0 1.6382613513168014 4.7798540049065945 28.0 
286.0 280.0 1.6382613513168014 4.7798540049065945 28.0 
286.0 281.0 1.6382613513168014 4.7798540049065945 28.0 
286.0 282.0 1.6382613513168014 4.7798540049065945 28.0 
286.0 283.0 1.6382613513168014 4.7798540049065945 28.0 
286.0 284.0 1.6382613513168014 4.7798540049065945 28.0 
286.0 285.0 1.6382613513168014 4.7798540049065945 28.0 
286.0 286.0 1.6382613513168014 4.7798540049065945 28.0 
286.0 287.0 1.6382613513168014 4.7798540049065945 28.0 
286.0 288.0 1.6382613513168014 4.7798540049065945 28.0 
286.0 289.0 1.6382613513168014 4.7798540049065945 28.0 
286.0 290.0 1.6382613513168014 4.7798540049065945 28.0 
286.0 291.0 1.6382613513168014 4.7798540049065945 28.0 
286.0 292.0 1.6382613513168014 4.7798540049065945 28.0 
287.0 249.0 1.6382613513168014 4.7798540049065945 28.0 
287.0 250.0 1.6382613513168014 4.7798540049065945 28.0 
287.0 251.0 1.6382613513168014 4.7798540049065945 28.0 
287.0 252.0 1.6382613513168014 4.7798540049065945 28.0 
287.0 253.0 1.6382613513168014 4.7798540049065945 28.0 
287.0 254.0 1.6382613513168014 4.7798540049065945 28.0 
287.0 255.0 1.6382613513168014 4.7798540049065945 28.0 
287.0 256.0 1.6382613513168014 4.7798540049065945 28.0 
287.0 257.0 1.6382613513168014 4.7798540049065945 28.0 
287.0 258.0 1.6382613513168014 4.7798540049065945 28.0 
287.0 259.0 1.6382613513168014 4.7798540049065945 28.0 
287.0 260.0 1.6382613513168014 4.7798540049065945 28.0 
287.0 261.0 1.6382613513168014 4.7798540049065945 28.0 
287.0 262.0 1.6382613513168014 4.7798540049065945 28.0 
287.0 263.0 1.6382613513168014 4.7798540049065945 28.0 
287.0 264.0 1.6382613513168014 4.7798540049065945 28.0 
287.0 265.0 1.6382613513168014 4.7798540049065945 28.0 
287.0 266.0 1.6382613513168014 4.7798540049065945 28.0 
287.0 267.0 1.6382613513168014 4.7798540049065945 28.0 
287.0 268.0 1.6382613513168014 4.7798540049065945 28.0 
287.0 269.0 1.6382613513168014 4.7798540049065945 28.0 
287.0 270.0 1.6382613513168014 4.7798540049065945 28.0 
287.0 271.0 1.6382613513168014 4.7798540049065945 28.0 
287.0 272.0 1.6382613513168014 4.7798540049065945 28.0 
287.0 273.0 1.6382613513168014 4.7798540049065945 28.0 
287.0 274.0 1.6382613513168014 4.7798540049065945 28.0 
287.0 275.0 1.6382613513168014 4.7798540049065945 28.0 
287.0 276.0 1.6382613513168014 4.7798540049065945 28.0 
287.0 277.0 1.6382613513168014 4.7798540049065945 28.0 
287.0 278.0 1.6382613513168014 4.7798540049065945 28.0 
287.0 279.0 1.6382613513168014 4.7798540049065945 28.0 
287.0 280.0 1.6382613513168014 4.7798540049065945 28.0 
287.0 281.0 1.6382613513168014 4.7798540049065945 28.0 
287.0 282.0 1.6382613513168014 4.7798540049065945 28.0 
287.0 283.0 1.6382613513168014 4.7798540049065945 28.0 
287.0 284.0 1.6382613513168014 4.7798540049065945 28.0 
287.0 285.0 1.6382613513168014 4.7798540049065945 28.0 
287.0 286.0 1.6382613513168014 4.7798540049065945 28.0 
287.0 287.0 1.6382613513168014 4.7798540049065945 28.0 
287.0 288.0 1.6382613513168014 4.7798540049065945 28.0 
287.0 289.0 1.6382613513168014 4.7798540049065945 28.0 
287.0 290.0 1.6382613513168014 4.7798540049065945 28.0 
287.0 291.0 1.6382613513168014 4.7798540049065945 28.0 
287.0 292.0 1.6382613513168014 4.7798540049065945 28.0 
288.0 234.0 1.6382613513168014 4.7798540049065945 28.0 
288.0 235.0 1.6382613513168014 4.7798540049065945 28.0 
288.0 236.0 1.6382613513168014 4.7798540049065945 28.0 
288.0 237.0 1.6382613513168014 4.7798540049065945 28.0 
288.0 238.0 1.6382613513168014 4.7798540049065945 28.0 
288.0 239.0 1.6382613513168014 4.7798540049065945 28.0 
288.0 240.0 1.6382613513168014 4.7798540049065945 28.0 
288.0 241.0 1.6382613513168014 4.7798540049065945 28.0 
288.0 242.0 1.6382613513168014 4.7798540049065945 28.0 
288.0 243.0 1.6382613513168014 4.7798540049065945 28.0 
288.0 244.0 1.6382613513168014 4.7798540049065945 28.0 
288.0 245.0 1.6382613513168014 4.7798540049065945 28.0 
288.0 246.0 1.6382613513168014 4.7798540049065945 28.0 
288.0 247.0 1.6382613513168014 4.7798540049065945 28.0 
288.0 248.0 1.6382613513168014 4.7798540049065945 28.0 
288.0 249.0 1.6382613513168014 4.7798540049065945 28.0 
288.0 250.0 1.6382613513168014 4.7798540049065945 28.0 
288.0 251.0 1.6382613513168014 4.7798540049065945 28.0 
288.0 252.0 1.6382613513168014 4.7798540049065945 28.0 
288.0 253.0 1.6382613513168014 4.7798540049065945 28.0 
288.0 254.0 1.6382613513168014 4.7798540049065945 28.0 
288.0 255.0 1.6382613513168014 4.7798540049065945 28.0 
288.0 256.0 1.6382613513168014 4.7798540049065945 28.0 
288.0 257.0 1.6382613513168014 4.7798540049065945 28.0 
288.0 258.0 1.6382613513168014 4.7798540049065945 28.0 
288.0 259.0 1.6382613513168014 4.7798540049065945 28.0 
288.0 260.0 1.6382613513168014 4.7798540049065945 28.0 
288.0 261.0 1.6382613513168014 4.7798540049065945 28.0 
288.0 262.0 1.6382613513168014 4.7798540049065945 28.0 
288.0 263.0 1.6382613513168014 4.7798540049065945 28.0 
288.0 264.0 1.6382613513168014 4.7798540049065945 28.0 
288.0 265.0 1.6382613513168014 4.7798540049065945 28.0 
288.0 266.0 1.6382613513168014 4.7798540049065945 28.0 
288.0 267.0 1.6382613513168014 4.7798540049065945 28.0 
288.0 268.0 1.6382613513168014 4.7798540049065945 28.0 
288.0 269.0 1.6382613513168014 4.7798540049065945 28.0 
288.0 270.0 1.6382613513168014 4.7798540049065945 28.0 
288.0 271.0 1.6382613513168014 4.7798540049065945 28.0 
288.0 272.0 1.6382613513168014 4.7798540049065945 28.0 
288.0 273.0 1.6382613513168014 4.7798540049065945 28.0 
288.0 274.0 1.6382613513168014 4.7798540049065945 28.0 
288.0 275.0 1.6382613513168014 4.7798540049065945 28.0 
288.0 276.0 1.6382613513168014 4.7798540049065945 28.0 
288.0 277.0 1.6382613513168014 4.7798540049065945 28.0 
288.0 278.0 1.6382613513168014 4.7798540049065945 28.0 
288.0 279.0 1.6382613513168014 4.7798540049065945 28.0 
288.0 280.0 1.6382613513168014 4.7798540049065945 28.0 
288.0 281.0 1.6382613513168014 4.7798540049065945 28.0 
288.0 282.0 1.6382613513168014 4.7798540049065945 28.0 
288.0 283.0 1.6382613513168014 4.7798540049065945 28.0 
288.0 284.0 1.6382613513168014 4.7798540049065945 28.0 
288.0 285.0 1.6382613513168014 4.7798540049065945 28.0 
288.0 286.0 1.6382613513168014 4.7798540049065945 28.0 
288.0 287.0 1.6382613513168014 4.7798540049065945 28.0 
288.0 288.0 1.6382613513168014 4.7798540049065945 28.0 
288.0 289.0 1.6382613513168014 4.7798540049065945 28.0 
288.0 290.0 1.6382613513168014 4.7798540049065945 28.0 
288.0 291.0 1.6382613513168014 4.7798540049065945 28.0 
288.0 292.0 1.6382613513168014 4.7798540049065945 28.0 
288.0 293.0 1.6382613513168014 4.7798540049065945 28.0 
289.0 219.0 1.6382613513168014 4.7798540049065945 28.0 
289.0 220.0 1.6382613513168014 4.7798540049065945 28.0 
289.0 221.0 1.6382613513168014 4.7798540049065945 28.0 
289.0 222.0 1.6382613513168014 4.7798540049065945 28.0 
289.0 223.0 1.6382613513168014 4.7798540049065945 28.0 
289.0 224.0 1.6382613513168014 4.7798540049065945 28.0 
289.0 225.0 1.6382613513168014 4.7798540049065945 28.0 
289.0 226.0 1.6382613513168014 4.7798540049065945 28.0 
289.0 227.0 1.6382613513168014 4.7798540049065945 28.0 
289.0 228.0 1.6382613513168014 4.7798540049065945 28.0 
289.0 229.0 1.6382613513168014 4.7798540049065945 28.0 
289.0 230.0 1.6382613513168014 4.7798540049065945 28.0 
289.0 231.0 1.6382613513168014 4.7798540049065945 28.0 
289.0 232.0 1.6382613513168014 4.7798540049065945 28.0 
289.0 233.0 1.6382613513168014 4.7798540049065945 28.0 
289.0 234.0 1.6382613513168014 4.7798540049065945 28.0 
289.0 235.0 1.6382613513168014 4.7798540049065945 28.0 
289.0 236.0 1.6382613513168014 4.7798540049065945 28.0 
289.0 237.0 1.6382613513168014 4.7798540049065945 28.0 
289.0 238.0 1.6382613513168014 4.7798540049065945 28.0 
289.0 239.0 1.6382613513168014 4.7798540049065945 28.0 
289.0 240.0 1.6382613513168014 4.7798540049065945 28.0 
289.0 241.0 1.6382613513168014 4.7798540049065945 28.0 
289.0 242.0 1.6382613513168014 4.7798540049065945 28.0 
289.0 243.0 1.6382613513168014 4.7798540049065945 28.0 
289.0 244.0 1.6382613513168014 4.7798540049065945 28.0 
289.0 245.0 1.6382613513168014 4.7798540049065945 28.0 
289.0 246.0 1.6382613513168014 4.7798540049065945 28.0 
289.0 247.0 1.6382613513168014 4.7798540049065945 28.0 
289.0 248.0 1.6382613513168014 4.7798540049065945 28.0 
289.0 249.0 1.6382613513168014 4.7798540049065945 28.0 
289.0 250.0 1.6382613513168014 4.7798540049065945 28.0 
289.0 251.0 1.6382613513168014 4.7798540049065945 28.0 
289.0 252.0 1.6382613513168014 4.7798540049065945 28.0 
289.0 253.0 1.6382613513168014 4.7798540049065945 28.0 
289.0 254.0 1.6382613513168014 4.7798540049065945 28.0 
289.0 255.0 1.6382613513168014 4.7798540049065945 28.0 
289.0 256.0 1.6382613513168014 4.7798540049065945 28.0 
289.0 257.0 1.6382613513168014 4.7798540049065945 28.0 
289.0 258.0 1.6382613513168014 4.7798540049065945 28.0 
289.0 259.0 1.6382613513168014 4.7798540049065945 28.0 
289.0 260.0 1.6382613513168014 4.7798540049065945 28.0 
289.0 261.0 1.6382613513168014 4.7798540049065945 28.0 
289.0 262.0 1.6382613513168014 4.7798540049065945 28.0 
289.0 263.0 1.6382613513168014 4.7798540049065945 28.0 
289.0 264.0 1.6382613513168014 4.7798540049065945 28.0 
289.0 265.0 1.6382613513168014 4.7798540049065945 28.0 
289.0 266.0 1.6382613513168014 4.7798540049065945 28.0 
289.0 267.0 1.6382613513168014 4.7798540049065945 28.0 
289.0 268.0 1.6382613513168014 4.7798540049065945 28.0 
289.0 269.0 1.6382613513168014 4.7798540049065945 28.0 
289.0 270.0 1.6382613513168014 4.7798540049065945 28.0 
289.0 271.0 1.6382613513168014 4.7798540049065945 28.0 
289.0 272.0 1.6382613513168014 4.7798540049065945 28.0 
289.0 273.0 1.6382613513168014 4.7798540049065945 28.0 
289.0 274.0 1.6382613513168014 4.7798540049065945 28.0 
289.0 275.0 1.6382613513168014 4.7798540049065945 28.0 
289.0 276.0 1.6382613513168014 4.7798540049065945 28.0 
289.0 277.0 1.6382613513168014 4.7798540049065945 28.0 
289.0 278.0 1.6382613513168014 4.7798540049065945 28.0 
289.0 279.0 1.6382613513168014 4.7798540049065945 28.0 
289.0 280.0 1.6382613513168014 4.7798540049065945 28.0 
289.0 281.0 1.6382613513168014 4.7798540049065945 28.0 
289.0 282.0 1.6382613513168014 4.7798540049065945 28.0 
289.0 283.0 1.6382613513168014 4.7798540049065945 28.0 
289.0 284.0 1.6382613513168014 4.7798540049065945 28.0 
289.0 285.0 1.6382613513168014 4.7798540049065945 28.0 
289.0 286.0 1.6382613513168014 4.7798540049065945 28.0 
289.0 287.0 1.6382613513168014 4.7798540049065945 28.0 
289.0 288.0 1.6382613513168014 4.7798540049065945 28.0 
289.0 289.0 1.6382613513168014 4.7798540049065945 28.0 
289.0 290.0 1.6382613513168014 4.7798540049065945 28.0 
289.0 291.0 1.6382613513168014 4.7798540049065945 28.0 
289.0 292.0 1.6382613513168014 4.7798540049065945 28.0 
289.0 293.0 1.6382613513168014 4.7798540049065945 28.0 
290.0 219.0 1.6382613513168014 4.7798540049065945 28.0 
290.0 220.0 1.6382613513168014 4.7798540049065945 28.0 
290.0 221.0 1.6382613513168014 4.7798540049065945 28.0 
290.0 222.0 1.6382613513168014 4.7798540049065945 28.0 
290.0 223.0 1.6382613513168014 4.7798540049065945 28.0 
290.0 224.0 1.6382613513168014 4.7798540049065945 28.0 
290.0 225.0 1.6382613513168014 4.7798540049065945 28.0 
290.0 226.0 1.6382613513168014 4.7798540049065945 28.0 
290.0 227.0 1.6382613513168014 4.7798540049065945 28.0 
290.0 228.0 1.6382613513168014 4.7798540049065945 28.0 
290.0 229.0 1.6382613513168014 4.7798540049065945 28.0 
290.0 230.0 1.6382613513168014 4.7798540049065945 28.0 
290.0 231.0 1.6382613513168014 4.7798540049065945 28.0 
290.0 232.0 1.6382613513168014 4.7798540049065945 28.0 
290.0 233.0 1.6382613513168014 4.7798540049065945 28.0 
290.0 234.0 1.6382613513168014 4.7798540049065945 28.0 
290.0 235.0 1.6382613513168014 4.7798540049065945 28.0 
290.0 236.0 1.6382613513168014 4.7798540049065945 28.0 
290.0 237.0 1.6382613513168014 4.7798540049065945 28.0 
290.0 238.0 1.6382613513168014 4.7798540049065945 28.0 
290.0 239.0 1.6382613513168014 4.7798540049065945 28.0 
290.0 240.0 1.6382613513168014 4.7798540049065945 28.0 
290.0 241.0 1.6382613513168014 4.7798540049065945 28.0 
290.0 242.0 1.6382613513168014 4.7798540049065945 28.0 
290.0 243.0 1.6382613513168014 4.7798540049065945 28.0 
290.0 244.0 1.6382613513168014 4.7798540049065945 28.0 
290.0 245.0 1.6382613513168014 4.7798540049065945 28.0 
290.0 246.0 1.6382613513168014 4.7798540049065945 28.0 
290.0 247.0 1.6382613513168014 4.7798540049065945 28.0 
290.0 248.0 1.6382613513168014 4.7798540049065945 28.0 
290.0 249.0 1.6382613513168014 4.7798540049065945 28.0 
290.0 250.0 1.6382613513168014 4.7798540049065945 28.0 
290.0 251.0 1.6382613513168014 4.7798540049065945 28.0 
290.0 252.0 1.6382613513168014 4.7798540049065945 28.0 
290.0 253.0 1.6382613513168014 4.7798540049065945 28.0 
290.0 254.0 1.6382613513168014 4.7798540049065945 28.0 
290.0 255.0 1.6382613513168014 4.7798540049065945 28.0 
290.0 256.0 1.6382613513168014 4.7798540049065945 28.0 
290.0 257.0 1.6382613513168014 4.7798540049065945 28.0 
290.0 258.0 1.6382613513168014 4.7798540049065945 28.0 
290.0 259.0 1.6382613513168014 4.7798540049065945 28.0 
290.0 260.0 1.6382613513168014 4.7798540049065945 28.0 
290.0 261.0 1.6382613513168014 4.7798540049065945 28.0 
290.0 262.0 1.6382613513168014 4.7798540049065945 28.0 
290.0 263.0 1.6382613513168014 4.7798540049065945 28.0 
290.0 264.0 1.6382613513168014 4.7798540049065945 28.0 
290.0 265.0 1.6382613513168014 4.7798540049065945 28.0 
290.0 266.0 1.6382613513168014 4.7798540049065945 28.0 
290.0 267.0 1.6382613513168014 4.7798540049065945 28.0 
290.0 268.0 1.6382613513168014 4.7798540049065945 28.0 
290.0 269.0 1.6382613513168014 4.7798540049065945 28.0 
290.0 270.0 1.6382613513168014 4.7798540049065945 28.0 
290.0 271.0 1.6382613513168014 4.7798540049065945 28.0 
290.0 272.0 1.6382613513168014 4.7798540049065945 28.0 
290.0 273.0 1.6382613513168014 4.7798540049065945 28.0 
290.0 274.0 1.6382613513168014 4.7798540049065945 28.0 
290.0 275.0 1.6382613513168014 4.7798540049065945 28.0 
290.0 276.0 1.6382613513168014 4.7798540049065945 28.0 
290.0 277.0 1.6382613513168014 4.7798540049065945 28.0 
290.0 278.0 1.6382613513168014 4.7798540049065945 28.0 
290.0 279.0 1.6382613513168014 4.7798540049065945 28.0 
290.0 280.0 1.6382613513168014 4.7798540049065945 28.0 
290.0 281.0 1.6382613513168014 4.7798540049065945 28.0 
290.0 282.0 1.6382613513168014 4.7798540049065945 28.0 
290.0 283.0 1.6382613513168014 4.7798540049065945 28.0 
290.0 284.0 1.6382613513168014 4.7798540049065945 28.0 
290.0 285.0 1.6382613513168014 4.7798540049065945 28.0 
290.0 286.0 1.6382613513168014 4.7798540049065945 28.0 
290.0 287.0 1.6382613513168014 4.7798540049065945 28.0 
290.0 288.0 1.6382613513168014 4.7798540049065945 28.0 
290.0 289.0 1.6382613513168014 4.7798540049065945 28.0 
290.0 290.0 1.6382613513168014 4.7798540049065945 28.0 
290.0 291.0 1.6382613513168014 4.7798540049065945 28.0 
290.0 292.0 1.6382613513168014 4.7798540049065945 28.0 
290.0 293.0 1.6382613513168014 4.7798540049065945 28.0 
291.0 219.0 1.6382613513168014 4.7798540049065945 28.0 
291.0 220.0 1.6382613513168014 4.7798540049065945 28.0 
291.0 221.0 1.6382613513168014 4.7798540049065945 28.0 
291.0 222.0 1.6382613513168014 4.7798540049065945 28.0 
291.0 223.0 1.6382613513168014 4.7798540049065945 28.0 
291.0 224.0 1.6382613513168014 4.7798540049065945 28.0 
291.0 225.0 1.6382613513168014 4.7798540049065945 28.0 
291.0 226.0 1.6382613513168014 4.7798540049065945 28.0 
291.0 227.0 1.6382613513168014 4.7798540049065945 28.0 
291.0 228.0 1.6382613513168014 4.7798540049065945 28.0 
291.0 229.0 1.6382613513168014 4.7798540049065945 28.0 
291.0 230.0 1.6382613513168014 4.7798540049065945 28.0 
291.0 231.0 1.6382613513168014 4.7798540049065945 28.0 
291.0 232.0 1.6382613513168014 4.7798540049065945 28.0 
291.0 233.0 1.6382613513168014 4.7798540049065945 28.0 
291.0 234.0 1.6382613513168014 4.7798540049065945 28.0 
291.0 235.0 1.6382613513168014 4.7798540049065945 28.0 
291.0 236.0 1.6382613513168014 4.7798540049065945 28.0 
291.0 237.0 1.6382613513168014 4.7798540049065945 28.0 
291.0 238.0 1.6382613513168014 4.7798540049065945 28.0 
291.0 239.0 1.6382613513168014 4.7798540049065945 28.0 
291.0 240.0 1.6382613513168014 4.7798540049065945 28.0 
291.0 241.0 1.6382613513168014 4.7798540049065945 28.0 
291.0 242.0 1.6382613513168014 4.7798540049065945 28.0 
291.0 243.0 1.6382613513168014 4.7798540049065945 28.0 
291.0 244.0 1.6382613513168014 4.7798540049065945 28.0 
291.0 245.0 1.6382613513168014 4.7798540049065945 28.0 
291.0 246.0 1.6382613513168014 4.7798540049065945 28.0 
291.0 247.0 1.6382613513168014 4.7798540049065945 28.0 
291.0 248.0 1.6382613513168014 4.7798540049065945 28.0 
291.0 249.0 1.6382613513168014 4.7798540049065945 28.0 
291.0 250.0 1.6382613513168014 4.7798540049065945 28.0 
291.0 251.0 1.6382613513168014 4.7798540049065945 28.0 
291.0 252.0 1.6382613513168014 4.7798540049065945 28.0 
291.0 253.0 1.6382613513168014 4.7798540049065945 28.0 
291.0 254.0 1.6382613513168014 4.7798540049065945 28.0 
291.0 255.0 1.6382613513168014 4.7798540049065945 28.0 
291.0 256.0 1.6382613513168014 4.7798540049065945 28.0 
291.0 257.0 1.6382613513168014 4.7798540049065945 28.0 
291.0 258.0 1.6382613513168014 4.7798540049065945 28.0 
291.0 259.0 1.6382613513168014 4.7798540049065945 28.0 
291.0 260.0 1.6382613513168014 4.7798540049065945 28.0 
291.0 261.0 1.6382613513168014 4.7798540049065945 28.0 
291.0 262.0 1.6382613513168014 4.7798540049065945 28.0 
291.0 263.0 1.6382613513168014 4.7798540049065945 28.0 
291.0 264.0 1.6382613513168014 4.7798540049065945 28.0 
291.0 265.0 1.6382613513168014 4.7798540049065945 28.0 
291.0 266.0 1.6382613513168014 4.7798540049065945 28.0 
291.0 267.0 1.6382613513168014 4.7798540049065945 28.0 
291.0 268.0 1.6382613513168014 4.7798540049065945 28.0 
291.0 269.0 1.6382613513168014 4.7798540049065945 28.0 
291.0 270.0 1.6382613513168014 4.7798540049065945 28.0 
291.0 271.0 1.6382613513168014 4.7798540049065945 28.0 
291.0 272.0 1.6382613513168014 4.7798540049065945 28.0 
291.0 273.0 1.6382613513168014 4.7798540049065945 28.0 
291.0 274.0 1.6382613513168014 4.7798540049065945 28.0 
291.0 275.0 1.6382613513168014 4.7798540049065945 28.0 
291.0 276.0 1.6382613513168014 4.7798540049065945 28.0 
291.0 277.0 1.6382613513168014 4.7798540049065945 28.0 
291.0 278.0 1.6382613513168014 4.7798540049065945 28.0 
292.0 219.0 1.6382613513168014 4.7798540049065945 28.0 
292.0 220.0 1.6382613513168014 4.7798540049065945 28.0 
292.0 221.0 1.6382613513168014 4.7798540049065945 28.0 
292.0 222.0 1.6382613513168014 4.7798540049065945 28.0 
292.0 223.0 1.6382613513168014 4.7798540049065945 28.0 
292.0 224.0 1.6382613513168014 4.7798540049065945 28.0 
292.0 225.0 1.6382613513168014 4.7798540049065945 28.0 
292.0 226.0 1.6382613513168014 4.7798540049065945 28.0 
292.0 227.0 1.6382613513168014 4.7798540049065945 28.0 
292.0 228.0 1.6382613513168014 4.7798540049065945 28.0 
292.0 229.0 1.6382613513168014 4.7798540049065945 28.0 
292.0 230.0 1.6382613513168014 4.7798540049065945 28.0 
292.0 231.0 1.6382613513168014 4.7798540049065945 28.0 
292.0 232.0 1.6382613513168014 4.7798540049065945 28.0 
292.0 233.0 1.6382613513168014 4.7798540049065945 28.0 
292.0 234.0 1.6382613513168014 4.7798540049065945 28.0 
292.0 235.0 1.6382613513168014 4.7798540049065945 28.0 
292.0 236.0 1.6382613513168014 4.7798540049065945 28.0 
292.0 237.0 1.6382613513168014 4.7798540049065945 28.0 
292.0 238.0 1.6382613513168014 4.7798540049065945 28.0 
292.0 239.0 1.6382613513168014 4.7798540049065945 28.0 
292.0 240.0 1.6382613513168014 4.7798540049065945 28.0 
292.0 241.0 1.6382613513168014 4.7798540049065945 28.0 
292.0 242.0 1.6382613513168014 4.7798540049065945 28.0 
292.0 243.0 1.6382613513168014 4.7798540049065945 28.0 
292.0 244.0 1.6382613513168014 4.7798540049065945 28.0 
292.0 245.0 1.6382613513168014 4.7798540049065945 28.0 
292.0 246.0 1.6382613513168014 4.7798540049065945 28.0 
292.0 247.0 1.6382613513168014 4.7798540049065945 28.0 
292.0 248.0 1.6382613513168014 4.7798540049065945 28.0 
292.0 249.0 1.6382613513168014 4.7798540049065945 28.0 
292.0 250.0 1.6382613513168014 4.7798540049065945 28.0 
292.0 251.0 1.6382613513168014 4.7798540049065945 28.0 
292.0 252.0 1.6382613513168014 4.7798540049065945 28.0 
292.0 253.0 1.6382613513168014 4.7798540049065945 28.0 
292.0 254.0 1.6382613513168014 4.7798540049065945 28.0 
292.0 255.0 1.6382613513168014 4.7798540049065945 28.0 
292.0 256.0 1.6382613513168014 4.7798540049065945 28.0 
292.0 257.0 1.6382613513168014 4.7798540049065945 28.0 
292.0 258.0 1.6382613513168014 4.7798540049065945 28.0 
292.0 259.0 1.6382613513168014 4.7798540049065945 28.0 
292.0 260.0 1.6382613513168014 4.7798540049065945 28.0 
292.0 261.0 1.6382613513168014 4.7798540049065945 28.0 
292.0 262.0 1.6382613513168014 4.7798540049065945 28.0 
292.0 263.0 1.6382613513168014 4.7798540049065945 28.0 
293.0 220.0 1.6382613513168014 4.7798540049065945 28.0 
293.0 221.0 1.6382613513168014 4.7798540049065945 28.0 
293.0 222.0 1.6382613513168014 4.7798540049065945 28.0 
293.0 223.0 1.6382613513168014 4.7798540049065945 28.0 
293.0 224.0 1.6382613513168014 4.7798540049065945 28.0 
293.0 225.0 1.6382613513168014 4.7798540049065945 28.0 
293.0 226.0 1.6382613513168014 4.7798540049065945 28.0 
293.0 227.0 1.6382613513168014 4.7798540049065945 28.0 
293.0 228.0 1.6382613513168014 4.7798540049065945 28.0 
293.0 229.0 1.6382613513168014 4.7798540049065945 28.0 
293.0 230.0 1.6382613513168014 4.7798540049065945 28.0 
293.0 231.0 1.6382613513168014 4.7798540049065945 28.0 
293.0 232.0 1.6382613513168014 4.7798540049065945 28.0 
293.0 233.0 1.6382613513168014 4.7798540049065945 28.0 
293.0 234.0 1.6382613513168014 4.7798540049065945 28.0 
293.0 235.0 1.6382613513168014 4.7798540049065945 28.0 
293.0 236.0 1.6382613513168014 4.7798540049065945 28.0 
293.0 237.0 1.6382613513168014 4.7798540049065945 28.0 
293.0 238.0 1.6382613513168014 4.7798540049065945 28.0 
293.0 239.0 1.6382613513168014 4.7798540049065945 28.0 
293.0 240.0 1.6382613513168014 4.7798540049065945 28.0 
293.0 241.0 1.6382613513168014 4.7798540049065945 28.0 
293.0 242.0 1.6382613513168014 4.7798540049065945 28.0 
293.0 243.0 1.6382613513168014 4.7798540049065945 28.0 
293.0 244.0 1.6382613513168014 4.7798540049065945 28.0 
293.0 245.0 1.6382613513168014 4.7798540049065945 28.0 
293.0 246.0 1.6382613513168014 4.7798540049065945 28.0 
293.0 247.0 1.6382613513168014 4.7798540049065945 28.0 
293.0 248.0 1.6382613513168014 4.7798540049065945 28.0 
294.0 220.0 1.6382613513168014 4.7798540049065945 28.0 
294.0 221.0 1.6382613513168014 4.7798540049065945 28.0 
294.0 222.0 1.6382613513168014 4.7798540049065945 28.0 
294.0 223.0 1.6382613513168014 4.7798540049065945 28.0 
294.0 224.0 1.6382613513168014 4.7798540049065945 28.0 
294.0 225.0 1.6382613513168014 4.7798540049065945 28.0 
294.0 226.0 1.6382613513168014 4.7798540049065945 28.0 
294.0 227.0 1.6382613513168014 4.7798540049065945 28.0 
294.0 228.0 1.6382613513168014 4.7798540049065945 28.0 
294.0 229.0 1.6382613513168014 4.7798540049065945 28.0 
294.0 230.0 1.6382613513168014 4.7798540049065945 28.0 
294.0 231.0 1.6382613513168014 4.7798540049065945 28.0 
294.0 232.0 1.6382613513168014 4.7798540049065945 28.0 
294.0 233.0 1.6382613513168014 4.7798540049065945 28.0 
