235.0 256.0 2.944197093739912 6.085789747329705 36.0 
235.0 257.0 2.944197093739912 6.085789747329705 36.0 
235.0 258.0 2.944197093739912 6.085789747329705 36.0 
236.0 256.0 2.944197093739912 6.085789747329705 36.0 
236.0 257.0 2.944197093739912 6.085789747329705 36.0 
236.0 258.0 2.944197093739912 6.085789747329705 36.0 
236.0 259.0 2.944197093739912 6.085789747329705 36.0 
236.0 260.0 2.944197093739912 6.085789747329705 36.0 
236.0 261.0 2.944197093739912 6.085789747329705 36.0 
237.0 256.0 2.944197093739912 6.085789747329705 36.0 
237.0 257.0 2.944197093739912 6.085789747329705 36.0 
237.0 258.0 2.944197093739912 6.085789747329705 36.0 
237.0 259.0 2.944197093739912 6.085789747329705 36.0 
237.0 260.0 2.944197093739912 6.085789747329705 36.0 
237.0 261.0 2.944197093739912 6.085789747329705 36.0 
238.0 256.0 2.944197093739912 6.085789747329705 36.0 
238.0 257.0 2.944197093739912 6.085789747329705 36.0 
238.0 258.0 2.944197093739912 6.085789747329705 36.0 
238.0 259.0 2.944197093739912 6.085789747329705 36.0 
238.0 260.0 2.944197093739912 6.085789747329705 36.0 
238.0 261.0 2.944197093739912 6.085789747329705 36.0 
239.0 256.0 2.944197093739912 6.085789747329705 36.0 
239.0 257.0 2.944197093739912 6.085789747329705 36.0 
239.0 258.0 2.944197093739912 6.085789747329705 36.0 
239.0 259.0 2.944197093739912 6.085789747329705 36.0 
239.0 260.0 2.944197093739912 6.085789747329705 36.0 
239.0 261.0 2.944197093739912 6.085789747329705 36.0 
240.0 255.0 2.944197093739912 6.085789747329705 36.0 
240.0 256.0 2.944197093739912 6.085789747329705 36.0 
240.0 257.0 2.944197093739912 6.085789747329705 36.0 
240.0 258.0 2.944197093739912 6.085789747329705 36.0 
240.0 259.0 2.944197093739912 6.085789747329705 36.0 
240.0 260.0 2.944197093739912 6.085789747329705 36.0 
240.0 261.0 2.944197093739912 6.085789747329705 36.0 
241.0 255.0 2.944197093739912 6.085789747329705 36.0 
241.0 256.0 2.944197093739912 6.085789747329705 36.0 
241.0 257.0 2.944197093739912 6.085789747329705 36.0 
241.0 258.0 2.944197093739912 6.085789747329705 36.0 
241.0 259.0 2.944197093739912 6.085789747329705 36.0 
241.0 260.0 2.944197093739912 6.085789747329705 36.0 
242.0 255.0 2.944197093739912 6.085789747329705 36.0 
242.0 256.0 2.944197093739912 6.085789747329705 36.0 
242.0 257.0 2.944197093739912 6.085789747329705 36.0 
242.0 258.0 2.944197093739912 6.085789747329705 36.0 
242.0 259.0 2.944197093739912 6.085789747329705 36.0 
242.0 260.0 2.944197093739912 6.085789747329705 36.0 
243.0 255.0 2.944197093739912 6.085789747329705 36.0 
243.0 256.0 2.944197093739912 6.085789747329705 36.0 
243.0 257.0 2.944197093739912 6.085789747329705 36.0 
243.0 258.0 2.944197093739912 6.085789747329705 36.0 
243.0 259.0 2.944197093739912 6.085789747329705 36.0 
243.0 260.0 2.944197093739912 6.085789747329705 36.0 
244.0 255.0 2.944197093739912 6.085789747329705 36.0 
244.0 256.0 2.944197093739912 6.085789747329705 36.0 
244.0 257.0 2.944197093739912 6.085789747329705 36.0 
244.0 258.0 2.944197093739912 6.085789747329705 36.0 
244.0 259.0 2.944197093739912 6.085789747329705 36.0 
244.0 260.0 2.944197093739912 6.085789747329705 36.0 
245.0 254.0 2.944197093739912 6.085789747329705 36.0 
245.0 255.0 2.944197093739912 6.085789747329705 36.0 
245.0 256.0 2.944197093739912 6.085789747329705 36.0 
245.0 257.0 2.944197093739912 6.085789747329705 36.0 
245.0 258.0 2.944197093739912 6.085789747329705 36.0 
245.0 259.0 2.944197093739912 6.085789747329705 36.0 
245.0 260.0 2.944197093739912 6.085789747329705 36.0 
246.0 254.0 2.944197093739912 6.085789747329705 36.0 
246.0 255.0 2.944197093739912 6.085789747329705 36.0 
246.0 256.0 2.944197093739912 6.085789747329705 36.0 
246.0 257.0 2.944197093739912 6.085789747329705 36.0 
246.0 258.0 2.944197093739912 6.085789747329705 36.0 
246.0 259.0 2.944197093739912 6.085789747329705 36.0 
247.0 254.0 2.944197093739912 6.085789747329705 36.0 
247.0 255.0 2.944197093739912 6.085789747329705 36.0 
247.0 256.0 2.944197093739912 6.085789747329705 36.0 
247.0 257.0 2.944197093739912 6.085789747329705 36.0 
247.0 258.0 2.944197093739912 6.085789747329705 36.0 
247.0 259.0 2.944197093739912 6.085789747329705 36.0 
248.0 254.0 2.944197093739912 6.085789747329705 36.0 
248.0 255.0 2.944197093739912 6.085789747329705 36.0 
248.0 256.0 2.944197093739912 6.085789747329705 36.0 
248.0 257.0 2.944197093739912 6.085789747329705 36.0 
248.0 258.0 2.944197093739912 6.085789747329705 36.0 
248.0 259.0 2.944197093739912 6.085789747329705 36.0 
249.0 254.0 2.944197093739912 6.085789747329705 36.0 
249.0 255.0 2.944197093739912 6.085789747329705 36.0 
249.0 256.0 2.944197093739912 6.085789747329705 36.0 
249.0 257.0 2.944197093739912 6.085789747329705 36.0 
249.0 258.0 2.944197093739912 6.085789747329705 36.0 
249.0 259.0 2.944197093739912 6.085789747329705 36.0 
250.0 256.0 2.944197093739912 6.085789747329705 36.0 
250.0 257.0 2.944197093739912 6.085789747329705 36.0 
250.0 258.0 2.944197093739912 6.085789747329705 36.0 
250.0 259.0 2.944197093739912 6.085789747329705 36.0 
265.0 259.0 3.3636745554952734 0.22208190190548088 32.0 
265.0 260.0 3.3636745554952734 0.22208190190548088 32.0 
265.0 261.0 3.3636745554952734 0.22208190190548088 32.0 
265.0 262.0 3.3636745554952734 0.22208190190548088 32.0 
266.0 257.0 3.3636745554952734 0.22208190190548088 32.0 
266.0 258.0 3.3636745554952734 0.22208190190548088 32.0 
266.0 259.0 3.3636745554952734 0.22208190190548088 32.0 
266.0 260.0 3.3636745554952734 0.22208190190548088 32.0 
266.0 261.0 3.3636745554952734 0.22208190190548088 32.0 
266.0 262.0 3.3636745554952734 0.22208190190548088 32.0 
267.0 257.0 3.3636745554952734 0.22208190190548088 32.0 
267.0 258.0 3.3636745554952734 0.22208190190548088 32.0 
267.0 259.0 3.3636745554952734 0.22208190190548088 32.0 
267.0 260.0 3.3636745554952734 0.22208190190548088 32.0 
267.0 261.0 3.3636745554952734 0.22208190190548088 32.0 
267.0 262.0 3.3636745554952734 0.22208190190548088 32.0 
268.0 257.0 3.3636745554952734 0.22208190190548088 32.0 
268.0 258.0 3.3636745554952734 0.22208190190548088 32.0 
268.0 259.0 3.3636745554952734 0.22208190190548088 32.0 
268.0 260.0 3.3636745554952734 0.22208190190548088 32.0 
268.0 261.0 3.3636745554952734 0.22208190190548088 32.0 
268.0 262.0 3.3636745554952734 0.22208190190548088 32.0 
269.0 257.0 3.3636745554952734 0.22208190190548088 32.0 
269.0 258.0 3.3636745554952734 0.22208190190548088 32.0 
269.0 259.0 3.3636745554952734 0.22208190190548088 32.0 
269.0 260.0 3.3636745554952734 0.22208190190548088 32.0 
269.0 261.0 3.3636745554952734 0.22208190190548088 32.0 
269.0 262.0 3.3636745554952734 0.22208190190548088 32.0 
270.0 258.0 3.3636745554952734 0.22208190190548088 32.0 
270.0 259.0 3.3636745554952734 0.22208190190548088 32.0 
270.0 260.0 3.3636745554952734 0.22208190190548088 32.0 
270.0 261.0 3.3636745554952734 0.22208190190548088 32.0 
270.0 262.0 3.3636745554952734 0.22208190190548088 32.0 
270.0 263.0 3.3636745554952734 0.22208190190548088 32.0 
271.0 258.0 3.3636745554952734 0.22208190190548088 32.0 
271.0 259.0 3.3636745554952734 0.22208190190548088 32.0 
271.0 260.0 3.3636745554952734 0.22208190190548088 32.0 
271.0 261.0 3.3636745554952734 0.22208190190548088 32.0 
271.0 262.0 3.3636745554952734 0.22208190190548088 32.0 
271.0 263.0 3.3636745554952734 0.22208190190548088 32.0 
272.0 258.0 3.3636745554952734 0.22208190190548088 32.0 
272.0 259.0 3.3636745554952734 0.22208190190548088 32.0 
272.0 260.0 3.3636745554952734 0.22208190190548088 32.0 
272.0 261.0 3.3636745554952734 0.22208190190548088 32.0 
272.0 262.0 3.3636745554952734 0.22208190190548088 32.0 
272.0 263.0 3.3636745554952734 0.22208190190548088 32.0 
273.0 258.0 3.3636745554952734 0.22208190190548088 32.0 
273.0 259.0 3.3636745554952734 0.22208190190548088 32.0 
273.0 260.0 3.3636745554952734 0.22208190190548088 32.0 
273.0 261.0 3.3636745554952734 0.22208190190548088 32.0 
273.0 262.0 3.3636745554952734 0.22208190190548088 32.0 
273.0 263.0 3.3636745554952734 0.22208190190548088 32.0 
274.0 258.0 3.3636745554952734 0.22208190190548088 32.0 
274.0 259.0 3.3636745554952734 0.22208190190548088 32.0 
274.0 260.0 3.3636745554952734 0.22208190190548088 32.0 
274.0 261.0 3.3636745554952734 0.22208190190548088 32.0 
274.0 262.0 3.3636745554952734 0.22208190190548088 32.0 
274.0 263.0 3.3636745554952734 0.22208190190548088 32.0 
274.0 264.0 3.3636745554952734 0.22208190190548088 32.0 
275.0 259.0 3.3636745554952734 0.22208190190548088 32.0 
275.0 260.0 3.3636745554952734 0.22208190190548088 32.0 
275.0 261.0 3.3636745554952734 0.22208190190548088 32.0 
275.0 262.0 3.3636745554952734 0.22208190190548088 32.0 
275.0 263.0 3.3636745554952734 0.22208190190548088 32.0 
275.0 264.0 3.3636745554952734 0.22208190190548088 32.0 
276.0 259.0 3.3636745554952734 0.22208190190548088 32.0 
276.0 260.0 3.3636745554952734 0.22208190190548088 32.0 
276.0 261.0 3.3636745554952734 0.22208190190548088 32.0 
276.0 262.0 3.3636745554952734 0.22208190190548088 32.0 
276.0 263.0 3.3636745554952734 0.22208190190548088 32.0 
276.0 264.0 3.3636745554952734 0.22208190190548088 32.0 
277.0 259.0 3.3636745554952734 0.22208190190548088 32.0 
277.0 260.0 3.3636745554952734 0.22208190190548088 32.0 
277.0 261.0 3.3636745554952734 0.22208190190548088 32.0 
277.0 262.0 3.3636745554952734 0.22208190190548088 32.0 
277.0 263.0 3.3636745554952734 0.22208190190548088 32.0 
277.0 264.0 3.3636745554952734 0.22208190190548088 32.0 
278.0 259.0 3.3636745554952734 0.22208190190548088 32.0 
278.0 260.0 3.3636745554952734 0.22208190190548088 32.0 
278.0 261.0 3.3636745554952734 0.22208190190548088 32.0 
278.0 262.0 3.3636745554952734 0.22208190190548088 32.0 
278.0 263.0 3.3636745554952734 0.22208190190548088 32.0 
278.0 264.0 3.3636745554952734 0.22208190190548088 32.0 
278.0 265.0 3.3636745554952734 0.22208190190548088 32.0 
279.0 260.0 3.3636745554952734 0.22208190190548088 32.0 
279.0 261.0 3.3636745554952734 0.22208190190548088 32.0 
279.0 262.0 3.3636745554952734 0.22208190190548088 32.0 
279.0 263.0 3.3636745554952734 0.22208190190548088 32.0 
279.0 264.0 3.3636745554952734 0.22208190190548088 32.0 
279.0 265.0 3.3636745554952734 0.22208190190548088 32.0 
280.0 260.0 3.3636745554952734 0.22208190190548088 32.0 
280.0 261.0 3.3636745554952734 0.22208190190548088 32.0 
280.0 262.0 3.3636745554952734 0.22208190190548088 32.0 
280.0 263.0 3.3636745554952734 0.22208190190548088 32.0 
280.0 264.0 3.3636745554952734 0.22208190190548088 32.0 
280.0 265.0 3.3636745554952734 0.22208190190548088 32.0 
281.0 260.0 3.3636745554952734 0.22208190190548088 32.0 
281.0 261.0 3.3636745554952734 0.22208190190548088 32.0 
281.0 262.0 3.3636745554952734 0.22208190190548088 32.0 
281.0 263.0 3.3636745554952734 0.22208190190548088 32.0 
281.0 264.0 3.3636745554952734 0.22208190190548088 32.0 
281.0 265.0 3.3636745554952734 0.22208190190548088 32.0 
282.0 260.0 3.3636745554952734 0.22208190190548088 32.0 
282.0 261.0 3.3636745554952734 0.22208190190548088 32.0 
282.0 262.0 3.3636745554952734 0.22208190190548088 32.0 
282.0 263.0 3.3636745554952734 0.22208190190548088 32.0 
282.0 264.0 3.3636745554952734 0.22208190190548088 32.0 
282.0 265.0 3.3636745554952734 0.22208190190548088 32.0 
283.0 260.0 3.3636745554952734 0.22208190190548088 32.0 
283.0 261.0 3.3636745554952734 0.22208190190548088 32.0 
283.0 262.0 3.3636745554952734 0.22208190190548088 32.0 
283.0 263.0 3.3636745554952734 0.22208190190548088 32.0 
283.0 264.0 3.3636745554952734 0.22208190190548088 32.0 
283.0 265.0 3.3636745554952734 0.22208190190548088 32.0 
283.0 266.0 3.3636745554952734 0.22208190190548088 32.0 
284.0 261.0 3.3636745554952734 0.22208190190548088 32.0 
284.0 262.0 3.3636745554952734 0.22208190190548088 32.0 
284.0 263.0 3.3636745554952734 0.22208190190548088 32.0 
284.0 264.0 3.3636745554952734 0.22208190190548088 32.0 
284.0 265.0 3.3636745554952734 0.22208190190548088 32.0 
284.0 266.0 3.3636745554952734 0.22208190190548088 32.0 
285.0 261.0 3.3636745554952734 0.22208190190548088 32.0 
285.0 262.0 3.3636745554952734 0.22208190190548088 32.0 
285.0 263.0 3.3636745554952734 0.22208190190548088 32.0 
285.0 264.0 3.3636745554952734 0.22208190190548088 32.0 
285.0 265.0 3.3636745554952734 0.22208190190548088 32.0 
285.0 266.0 3.3636745554952734 0.22208190190548088 32.0 
286.0 261.0 3.3636745554952734 0.22208190190548088 32.0 
286.0 262.0 3.3636745554952734 0.22208190190548088 32.0 
286.0 263.0 3.3636745554952734 0.22208190190548088 32.0 
286.0 264.0 3.3636745554952734 0.22208190190548088 32.0 
286.0 265.0 3.3636745554952734 0.22208190190548088 32.0 
286.0 266.0 3.3636745554952734 0.22208190190548088 32.0 
287.0 261.0 3.3636745554952734 0.22208190190548088 32.0 
287.0 262.0 3.3636745554952734 0.22208190190548088 32.0 
287.0 263.0 3.3636745554952734 0.22208190190548088 32.0 
287.0 264.0 3.3636745554952734 0.22208190190548088 32.0 
287.0 265.0 3.3636745554952734 0.22208190190548088 32.0 
287.0 266.0 3.3636745554952734 0.22208190190548088 32.0 
287.0 267.0 3.3636745554952734 0.22208190190548088 32.0 
288.0 262.0 3.3636745554952734 0.22208190190548088 32.0 
288.0 263.0 3.3636745554952734 0.22208190190548088 32.0 
288.0 264.0 3.3636745554952734 0.22208190190548088 32.0 
288.0 265.0 3.3636745554952734 0.22208190190548088 32.0 
288.0 266.0 3.3636745554952734 0.22208190190548088 32.0 
288.0 267.0 3.3636745554952734 0.22208190190548088 32.0 
289.0 262.0 3.3636745554952734 0.22208190190548088 32.0 
289.0 263.0 3.3636745554952734 0.22208190190548088 32.0 
289.0 264.0 3.3636745554952734 0.22208190190548088 32.0 
289.0 265.0 3.3636745554952734 0.22208190190548088 32.0 
289.0 266.0 3.3636745554952734 0.22208190190548088 32.0 
289.0 267.0 3.3636745554952734 0.22208190190548088 32.0 
290.0 262.0 3.3636745554952734 0.22208190190548088 32.0 
290.0 263.0 3.3636745554952734 0.22208190190548088 32.0 
290.0 264.0 3.3636745554952734 0.22208190190548088 32.0 
290.0 265.0 3.3636745554952734 0.22208190190548088 32.0 
290.0 266.0 3.3636745554952734 0.22208190190548088 32.0 
290.0 267.0 3.3636745554952734 0.22208190190548088 32.0 
291.0 262.0 3.3636745554952734 0.22208190190548088 32.0 
291.0 263.0 3.3636745554952734 0.22208190190548088 32.0 
291.0 264.0 3.3636745554952734 0.22208190190548088 32.0 
291.0 265.0 3.3636745554952734 0.22208190190548088 32.0 
291.0 266.0 3.3636745554952734 0.22208190190548088 32.0 
291.0 267.0 3.3636745554952734 0.22208190190548088 32.0 
292.0 263.0 3.3636745554952734 0.22208190190548088 32.0 
292.0 264.0 3.3636745554952734 0.22208190190548088 32.0 
292.0 265.0 3.3636745554952734 0.22208190190548088 32.0 
292.0 266.0 3.3636745554952734 0.22208190190548088 32.0 
292.0 267.0 3.3636745554952734 0.22208190190548088 32.0 
292.0 268.0 3.3636745554952734 0.22208190190548088 32.0 
293.0 263.0 3.3636745554952734 0.22208190190548088 32.0 
293.0 264.0 3.3636745554952734 0.22208190190548088 32.0 
293.0 265.0 3.3636745554952734 0.22208190190548088 32.0 
293.0 266.0 3.3636745554952734 0.22208190190548088 32.0 
293.0 267.0 3.3636745554952734 0.22208190190548088 32.0 
293.0 268.0 3.3636745554952734 0.22208190190548088 32.0 
294.0 263.0 3.3636745554952734 0.22208190190548088 32.0 
294.0 264.0 3.3636745554952734 0.22208190190548088 32.0 
294.0 265.0 3.3636745554952734 0.22208190190548088 32.0 
294.0 266.0 3.3636745554952734 0.22208190190548088 32.0 
294.0 267.0 3.3636745554952734 0.22208190190548088 32.0 
294.0 268.0 3.3636745554952734 0.22208190190548088 32.0 
295.0 263.0 3.3636745554952734 0.22208190190548088 32.0 
295.0 264.0 3.3636745554952734 0.22208190190548088 32.0 
295.0 265.0 3.3636745554952734 0.22208190190548088 32.0 
295.0 266.0 3.3636745554952734 0.22208190190548088 32.0 
295.0 267.0 3.3636745554952734 0.22208190190548088 32.0 
295.0 268.0 3.3636745554952734 0.22208190190548088 32.0 
296.0 263.0 3.3636745554952734 0.22208190190548088 32.0 
296.0 264.0 3.3636745554952734 0.22208190190548088 32.0 
296.0 265.0 3.3636745554952734 0.22208190190548088 32.0 
