246 289 48.0 
246 290 48.0 
246 291 48.0 
246 292 48.0 
246 293 48.0 
247 289 48.0 
247 290 48.0 
247 291 48.0 
247 292 48.0 
247 293 48.0 
248 289 48.0 
248 290 48.0 
248 291 48.0 
248 292 48.0 
248 293 48.0 
249 289 48.0 
249 290 48.0 
249 291 48.0 
249 292 48.0 
249 293 48.0 
250 289 48.0 
250 290 48.0 
250 291 48.0 
250 292 48.0 
250 293 48.0 
266.0 295.0 3.141592653589793 0.0 40.0 
266.0 296.0 3.141592653589793 0.0 40.0 
266.0 297.0 3.141592653589793 0.0 40.0 
266.0 298.0 3.141592653589793 0.0 40.0 
266.0 299.0 3.141592653589793 0.0 40.0 
266.0 300.0 3.141592653589793 0.0 40.0 
267.0 295.0 3.141592653589793 0.0 40.0 
267.0 296.0 3.141592653589793 0.0 40.0 
267.0 297.0 3.141592653589793 0.0 40.0 
267.0 298.0 3.141592653589793 0.0 40.0 
267.0 299.0 3.141592653589793 0.0 40.0 
267.0 300.0 3.141592653589793 0.0 40.0 
268.0 295.0 3.141592653589793 0.0 40.0 
268.0 296.0 3.141592653589793 0.0 40.0 
268.0 297.0 3.141592653589793 0.0 40.0 
268.0 298.0 3.141592653589793 0.0 40.0 
268.0 299.0 3.141592653589793 0.0 40.0 
268.0 300.0 3.141592653589793 0.0 40.0 
269.0 295.0 3.141592653589793 0.0 40.0 
269.0 296.0 3.141592653589793 0.0 40.0 
269.0 297.0 3.141592653589793 0.0 40.0 
269.0 298.0 3.141592653589793 0.0 40.0 
269.0 299.0 3.141592653589793 0.0 40.0 
269.0 300.0 3.141592653589793 0.0 40.0 
270.0 295.0 3.141592653589793 0.0 40.0 
270.0 296.0 3.141592653589793 0.0 40.0 
270.0 297.0 3.141592653589793 0.0 40.0 
270.0 298.0 3.141592653589793 0.0 40.0 
270.0 299.0 3.141592653589793 0.0 40.0 
270.0 300.0 3.141592653589793 0.0 40.0 
271.0 295.0 3.141592653589793 0.0 40.0 
271.0 296.0 3.141592653589793 0.0 40.0 
271.0 297.0 3.141592653589793 0.0 40.0 
271.0 298.0 3.141592653589793 0.0 40.0 
271.0 299.0 3.141592653589793 0.0 40.0 
271.0 300.0 3.141592653589793 0.0 40.0 
272.0 295.0 3.141592653589793 0.0 40.0 
272.0 296.0 3.141592653589793 0.0 40.0 
272.0 297.0 3.141592653589793 0.0 40.0 
272.0 298.0 3.141592653589793 0.0 40.0 
272.0 299.0 3.141592653589793 0.0 40.0 
272.0 300.0 3.141592653589793 0.0 40.0 
273.0 295.0 3.141592653589793 0.0 40.0 
273.0 296.0 3.141592653589793 0.0 40.0 
273.0 297.0 3.141592653589793 0.0 40.0 
273.0 298.0 3.141592653589793 0.0 40.0 
273.0 299.0 3.141592653589793 0.0 40.0 
273.0 300.0 3.141592653589793 0.0 40.0 
274.0 295.0 3.141592653589793 0.0 40.0 
274.0 296.0 3.141592653589793 0.0 40.0 
274.0 297.0 3.141592653589793 0.0 40.0 
274.0 298.0 3.141592653589793 0.0 40.0 
274.0 299.0 3.141592653589793 0.0 40.0 
274.0 300.0 3.141592653589793 0.0 40.0 
275.0 295.0 3.141592653589793 0.0 40.0 
275.0 296.0 3.141592653589793 0.0 40.0 
275.0 297.0 3.141592653589793 0.0 40.0 
275.0 298.0 3.141592653589793 0.0 40.0 
275.0 299.0 3.141592653589793 0.0 40.0 
275.0 300.0 3.141592653589793 0.0 40.0 
276.0 295.0 3.141592653589793 0.0 40.0 
276.0 296.0 3.141592653589793 0.0 40.0 
276.0 297.0 3.141592653589793 0.0 40.0 
276.0 298.0 3.141592653589793 0.0 40.0 
276.0 299.0 3.141592653589793 0.0 40.0 
276.0 300.0 3.141592653589793 0.0 40.0 
277.0 295.0 3.141592653589793 0.0 40.0 
277.0 296.0 3.141592653589793 0.0 40.0 
277.0 297.0 3.141592653589793 0.0 40.0 
277.0 298.0 3.141592653589793 0.0 40.0 
277.0 299.0 3.141592653589793 0.0 40.0 
277.0 300.0 3.141592653589793 0.0 40.0 
