260.0 211.0 4.510861212649357 1.369268559059564 28.0 
260.0 212.0 4.510861212649357 1.369268559059564 28.0 
260.0 213.0 4.510861212649357 1.369268559059564 28.0 
260.0 214.0 4.510861212649357 1.369268559059564 28.0 
260.0 215.0 4.510861212649357 1.369268559059564 28.0 
261.0 211.0 4.510861212649357 1.369268559059564 28.0 
261.0 212.0 4.510861212649357 1.369268559059564 28.0 
261.0 213.0 4.510861212649357 1.369268559059564 28.0 
261.0 214.0 4.510861212649357 1.369268559059564 28.0 
261.0 215.0 4.510861212649357 1.369268559059564 28.0 
261.0 216.0 4.510861212649357 1.369268559059564 28.0 
261.0 217.0 4.510861212649357 1.369268559059564 28.0 
261.0 218.0 4.510861212649357 1.369268559059564 28.0 
261.0 219.0 4.510861212649357 1.369268559059564 28.0 
261.0 220.0 4.510861212649357 1.369268559059564 28.0 
262.0 210.0 4.510861212649357 1.369268559059564 28.0 
262.0 211.0 4.510861212649357 1.369268559059564 28.0 
262.0 212.0 4.510861212649357 1.369268559059564 28.0 
262.0 213.0 4.510861212649357 1.369268559059564 28.0 
262.0 214.0 4.510861212649357 1.369268559059564 28.0 
262.0 215.0 4.510861212649357 1.369268559059564 28.0 
262.0 216.0 4.510861212649357 1.369268559059564 28.0 
262.0 217.0 4.510861212649357 1.369268559059564 28.0 
262.0 218.0 4.510861212649357 1.369268559059564 28.0 
262.0 219.0 4.510861212649357 1.369268559059564 28.0 
262.0 220.0 4.510861212649357 1.369268559059564 28.0 
262.0 221.0 4.510861212649357 1.369268559059564 28.0 
262.0 222.0 4.510861212649357 1.369268559059564 28.0 
262.0 223.0 4.510861212649357 1.369268559059564 28.0 
262.0 224.0 4.510861212649357 1.369268559059564 28.0 
263.0 210.0 4.510861212649357 1.369268559059564 28.0 
263.0 211.0 4.510861212649357 1.369268559059564 28.0 
263.0 212.0 4.510861212649357 1.369268559059564 28.0 
263.0 213.0 4.510861212649357 1.369268559059564 28.0 
263.0 214.0 4.510861212649357 1.369268559059564 28.0 
263.0 215.0 4.510861212649357 1.369268559059564 28.0 
263.0 216.0 4.510861212649357 1.369268559059564 28.0 
263.0 217.0 4.510861212649357 1.369268559059564 28.0 
263.0 218.0 4.510861212649357 1.369268559059564 28.0 
263.0 219.0 4.510861212649357 1.369268559059564 28.0 
263.0 220.0 4.510861212649357 1.369268559059564 28.0 
263.0 221.0 4.510861212649357 1.369268559059564 28.0 
263.0 222.0 4.510861212649357 1.369268559059564 28.0 
263.0 223.0 4.510861212649357 1.369268559059564 28.0 
263.0 224.0 4.510861212649357 1.369268559059564 28.0 
263.0 225.0 4.510861212649357 1.369268559059564 28.0 
263.0 226.0 4.510861212649357 1.369268559059564 28.0 
263.0 227.0 4.510861212649357 1.369268559059564 28.0 
263.0 228.0 4.510861212649357 1.369268559059564 28.0 
263.0 229.0 4.510861212649357 1.369268559059564 28.0 
264.0 210.0 4.510861212649357 1.369268559059564 28.0 
264.0 211.0 4.510861212649357 1.369268559059564 28.0 
264.0 212.0 4.510861212649357 1.369268559059564 28.0 
264.0 213.0 4.510861212649357 1.369268559059564 28.0 
264.0 214.0 4.510861212649357 1.369268559059564 28.0 
264.0 215.0 4.510861212649357 1.369268559059564 28.0 
264.0 216.0 4.510861212649357 1.369268559059564 28.0 
264.0 217.0 4.510861212649357 1.369268559059564 28.0 
264.0 218.0 4.510861212649357 1.369268559059564 28.0 
264.0 219.0 4.510861212649357 1.369268559059564 28.0 
264.0 220.0 4.510861212649357 1.369268559059564 28.0 
264.0 221.0 4.510861212649357 1.369268559059564 28.0 
264.0 222.0 4.510861212649357 1.369268559059564 28.0 
264.0 223.0 4.510861212649357 1.369268559059564 28.0 
264.0 224.0 4.510861212649357 1.369268559059564 28.0 
264.0 225.0 4.510861212649357 1.369268559059564 28.0 
264.0 226.0 4.510861212649357 1.369268559059564 28.0 
264.0 227.0 4.510861212649357 1.369268559059564 28.0 
264.0 228.0 4.510861212649357 1.369268559059564 28.0 
264.0 229.0 4.510861212649357 1.369268559059564 28.0 
264.0 230.0 4.510861212649357 1.369268559059564 28.0 
264.0 231.0 4.510861212649357 1.369268559059564 28.0 
264.0 232.0 4.510861212649357 1.369268559059564 28.0 
264.0 233.0 4.510861212649357 1.369268559059564 28.0 
264.0 234.0 4.510861212649357 1.369268559059564 28.0 
265.0 210.0 4.510861212649357 1.369268559059564 28.0 
265.0 211.0 4.510861212649357 1.369268559059564 28.0 
265.0 212.0 4.510861212649357 1.369268559059564 28.0 
265.0 213.0 4.510861212649357 1.369268559059564 28.0 
265.0 214.0 4.510861212649357 1.369268559059564 28.0 
265.0 215.0 4.510861212649357 1.369268559059564 28.0 
265.0 216.0 4.510861212649357 1.369268559059564 28.0 
265.0 217.0 4.510861212649357 1.369268559059564 28.0 
265.0 218.0 4.510861212649357 1.369268559059564 28.0 
265.0 219.0 4.510861212649357 1.369268559059564 28.0 
265.0 220.0 4.510861212649357 1.369268559059564 28.0 
265.0 221.0 4.510861212649357 1.369268559059564 28.0 
265.0 222.0 4.510861212649357 1.369268559059564 28.0 
265.0 223.0 4.510861212649357 1.369268559059564 28.0 
265.0 224.0 4.510861212649357 1.369268559059564 28.0 
265.0 225.0 4.510861212649357 1.369268559059564 28.0 
265.0 226.0 4.510861212649357 1.369268559059564 28.0 
265.0 227.0 4.510861212649357 1.369268559059564 28.0 
265.0 228.0 4.510861212649357 1.369268559059564 28.0 
265.0 229.0 4.510861212649357 1.369268559059564 28.0 
265.0 230.0 4.510861212649357 1.369268559059564 28.0 
265.0 231.0 4.510861212649357 1.369268559059564 28.0 
265.0 232.0 4.510861212649357 1.369268559059564 28.0 
265.0 233.0 4.510861212649357 1.369268559059564 28.0 
265.0 234.0 4.510861212649357 1.369268559059564 28.0 
265.0 235.0 4.510861212649357 1.369268559059564 28.0 
265.0 236.0 4.510861212649357 1.369268559059564 28.0 
265.0 237.0 4.510861212649357 1.369268559059564 28.0 
265.0 238.0 4.510861212649357 1.369268559059564 28.0 
265.0 239.0 4.510861212649357 1.369268559059564 28.0 
266.0 215.0 4.510861212649357 1.369268559059564 28.0 
266.0 216.0 4.510861212649357 1.369268559059564 28.0 
266.0 217.0 4.510861212649357 1.369268559059564 28.0 
266.0 218.0 4.510861212649357 1.369268559059564 28.0 
266.0 219.0 4.510861212649357 1.369268559059564 28.0 
266.0 220.0 4.510861212649357 1.369268559059564 28.0 
266.0 221.0 4.510861212649357 1.369268559059564 28.0 
266.0 222.0 4.510861212649357 1.369268559059564 28.0 
266.0 223.0 4.510861212649357 1.369268559059564 28.0 
266.0 224.0 4.510861212649357 1.369268559059564 28.0 
266.0 225.0 4.510861212649357 1.369268559059564 28.0 
266.0 226.0 4.510861212649357 1.369268559059564 28.0 
266.0 227.0 4.510861212649357 1.369268559059564 28.0 
266.0 228.0 4.510861212649357 1.369268559059564 28.0 
266.0 229.0 4.510861212649357 1.369268559059564 28.0 
266.0 230.0 4.510861212649357 1.369268559059564 28.0 
266.0 231.0 4.510861212649357 1.369268559059564 28.0 
266.0 232.0 4.510861212649357 1.369268559059564 28.0 
266.0 233.0 4.510861212649357 1.369268559059564 28.0 
266.0 234.0 4.510861212649357 1.369268559059564 28.0 
266.0 235.0 4.510861212649357 1.369268559059564 28.0 
266.0 236.0 4.510861212649357 1.369268559059564 28.0 
266.0 237.0 4.510861212649357 1.369268559059564 28.0 
266.0 238.0 4.510861212649357 1.369268559059564 28.0 
266.0 239.0 4.510861212649357 1.369268559059564 28.0 
266.0 240.0 4.510861212649357 1.369268559059564 28.0 
266.0 241.0 4.510861212649357 1.369268559059564 28.0 
266.0 242.0 4.510861212649357 1.369268559059564 28.0 
266.0 243.0 4.510861212649357 1.369268559059564 28.0 
266.0 244.0 4.510861212649357 1.369268559059564 28.0 
267.0 220.0 4.510861212649357 1.369268559059564 28.0 
267.0 221.0 4.510861212649357 1.369268559059564 28.0 
267.0 222.0 4.510861212649357 1.369268559059564 28.0 
267.0 223.0 4.510861212649357 1.369268559059564 28.0 
267.0 224.0 4.510861212649357 1.369268559059564 28.0 
267.0 225.0 4.510861212649357 1.369268559059564 28.0 
267.0 226.0 4.510861212649357 1.369268559059564 28.0 
267.0 227.0 4.510861212649357 1.369268559059564 28.0 
267.0 228.0 4.510861212649357 1.369268559059564 28.0 
267.0 229.0 4.510861212649357 1.369268559059564 28.0 
267.0 230.0 4.510861212649357 1.369268559059564 28.0 
267.0 231.0 4.510861212649357 1.369268559059564 28.0 
267.0 232.0 4.510861212649357 1.369268559059564 28.0 
267.0 233.0 4.510861212649357 1.369268559059564 28.0 
267.0 234.0 4.510861212649357 1.369268559059564 28.0 
267.0 235.0 4.510861212649357 1.369268559059564 28.0 
267.0 236.0 4.510861212649357 1.369268559059564 28.0 
267.0 237.0 4.510861212649357 1.369268559059564 28.0 
267.0 238.0 4.510861212649357 1.369268559059564 28.0 
267.0 239.0 4.510861212649357 1.369268559059564 28.0 
267.0 240.0 4.510861212649357 1.369268559059564 28.0 
267.0 241.0 4.510861212649357 1.369268559059564 28.0 
267.0 242.0 4.510861212649357 1.369268559059564 28.0 
267.0 243.0 4.510861212649357 1.369268559059564 28.0 
267.0 244.0 4.510861212649357 1.369268559059564 28.0 
267.0 245.0 4.510861212649357 1.369268559059564 28.0 
267.0 246.0 4.510861212649357 1.369268559059564 28.0 
267.0 247.0 4.510861212649357 1.369268559059564 28.0 
267.0 248.0 4.510861212649357 1.369268559059564 28.0 
267.0 249.0 4.510861212649357 1.369268559059564 28.0 
268.0 225.0 4.510861212649357 1.369268559059564 28.0 
268.0 226.0 4.510861212649357 1.369268559059564 28.0 
268.0 227.0 4.510861212649357 1.369268559059564 28.0 
268.0 228.0 4.510861212649357 1.369268559059564 28.0 
268.0 229.0 4.510861212649357 1.369268559059564 28.0 
268.0 230.0 4.510861212649357 1.369268559059564 28.0 
268.0 231.0 4.510861212649357 1.369268559059564 28.0 
268.0 232.0 4.510861212649357 1.369268559059564 28.0 
268.0 233.0 4.510861212649357 1.369268559059564 28.0 
268.0 234.0 4.510861212649357 1.369268559059564 28.0 
268.0 235.0 4.510861212649357 1.369268559059564 28.0 
268.0 236.0 4.510861212649357 1.369268559059564 28.0 
268.0 237.0 4.510861212649357 1.369268559059564 28.0 
268.0 238.0 4.510861212649357 1.369268559059564 28.0 
268.0 239.0 4.510861212649357 1.369268559059564 28.0 
268.0 240.0 4.510861212649357 1.369268559059564 28.0 
268.0 241.0 4.510861212649357 1.369268559059564 28.0 
268.0 242.0 4.510861212649357 1.369268559059564 28.0 
268.0 243.0 4.510861212649357 1.369268559059564 28.0 
268.0 244.0 4.510861212649357 1.369268559059564 28.0 
268.0 245.0 4.510861212649357 1.369268559059564 28.0 
268.0 246.0 4.510861212649357 1.369268559059564 28.0 
268.0 247.0 4.510861212649357 1.369268559059564 28.0 
268.0 248.0 4.510861212649357 1.369268559059564 28.0 
268.0 249.0 4.510861212649357 1.369268559059564 28.0 
268.0 250.0 4.510861212649357 1.369268559059564 28.0 
268.0 251.0 4.510861212649357 1.369268559059564 28.0 
268.0 252.0 4.510861212649357 1.369268559059564 28.0 
268.0 253.0 4.510861212649357 1.369268559059564 28.0 
268.0 254.0 4.510861212649357 1.369268559059564 28.0 
269.0 230.0 4.510861212649357 1.369268559059564 28.0 
269.0 231.0 4.510861212649357 1.369268559059564 28.0 
269.0 232.0 4.510861212649357 1.369268559059564 28.0 
269.0 233.0 4.510861212649357 1.369268559059564 28.0 
269.0 234.0 4.510861212649357 1.369268559059564 28.0 
269.0 235.0 4.510861212649357 1.369268559059564 28.0 
269.0 236.0 4.510861212649357 1.369268559059564 28.0 
269.0 237.0 4.510861212649357 1.369268559059564 28.0 
269.0 238.0 4.510861212649357 1.369268559059564 28.0 
269.0 239.0 4.510861212649357 1.369268559059564 28.0 
269.0 240.0 4.510861212649357 1.369268559059564 28.0 
269.0 241.0 4.510861212649357 1.369268559059564 28.0 
269.0 242.0 4.510861212649357 1.369268559059564 28.0 
269.0 243.0 4.510861212649357 1.369268559059564 28.0 
269.0 244.0 4.510861212649357 1.369268559059564 28.0 
269.0 245.0 4.510861212649357 1.369268559059564 28.0 
269.0 246.0 4.510861212649357 1.369268559059564 28.0 
269.0 247.0 4.510861212649357 1.369268559059564 28.0 
269.0 248.0 4.510861212649357 1.369268559059564 28.0 
269.0 249.0 4.510861212649357 1.369268559059564 28.0 
269.0 250.0 4.510861212649357 1.369268559059564 28.0 
269.0 251.0 4.510861212649357 1.369268559059564 28.0 
269.0 252.0 4.510861212649357 1.369268559059564 28.0 
269.0 253.0 4.510861212649357 1.369268559059564 28.0 
269.0 254.0 4.510861212649357 1.369268559059564 28.0 
269.0 255.0 4.510861212649357 1.369268559059564 28.0 
269.0 256.0 4.510861212649357 1.369268559059564 28.0 
269.0 257.0 4.510861212649357 1.369268559059564 28.0 
269.0 258.0 4.510861212649357 1.369268559059564 28.0 
269.0 259.0 4.510861212649357 1.369268559059564 28.0 
270.0 235.0 4.510861212649357 1.369268559059564 28.0 
270.0 236.0 4.510861212649357 1.369268559059564 28.0 
270.0 237.0 4.510861212649357 1.369268559059564 28.0 
270.0 238.0 4.510861212649357 1.369268559059564 28.0 
270.0 239.0 4.510861212649357 1.369268559059564 28.0 
270.0 240.0 4.510861212649357 1.369268559059564 28.0 
270.0 241.0 4.510861212649357 1.369268559059564 28.0 
270.0 242.0 4.510861212649357 1.369268559059564 28.0 
270.0 243.0 4.510861212649357 1.369268559059564 28.0 
270.0 244.0 4.510861212649357 1.369268559059564 28.0 
270.0 245.0 4.510861212649357 1.369268559059564 28.0 
270.0 246.0 4.510861212649357 1.369268559059564 28.0 
270.0 247.0 4.510861212649357 1.369268559059564 28.0 
270.0 248.0 4.510861212649357 1.369268559059564 28.0 
270.0 249.0 4.510861212649357 1.369268559059564 28.0 
270.0 250.0 4.510861212649357 1.369268559059564 28.0 
270.0 251.0 4.510861212649357 1.369268559059564 28.0 
270.0 252.0 4.510861212649357 1.369268559059564 28.0 
270.0 253.0 4.510861212649357 1.369268559059564 28.0 
270.0 254.0 4.510861212649357 1.369268559059564 28.0 
270.0 255.0 4.510861212649357 1.369268559059564 28.0 
270.0 256.0 4.510861212649357 1.369268559059564 28.0 
270.0 257.0 4.510861212649357 1.369268559059564 28.0 
270.0 258.0 4.510861212649357 1.369268559059564 28.0 
270.0 259.0 4.510861212649357 1.369268559059564 28.0 
270.0 260.0 4.510861212649357 1.369268559059564 28.0 
270.0 261.0 4.510861212649357 1.369268559059564 28.0 
270.0 262.0 4.510861212649357 1.369268559059564 28.0 
270.0 263.0 4.510861212649357 1.369268559059564 28.0 
270.0 264.0 4.510861212649357 1.369268559059564 28.0 
271.0 240.0 4.510861212649357 1.369268559059564 28.0 
271.0 241.0 4.510861212649357 1.369268559059564 28.0 
271.0 242.0 4.510861212649357 1.369268559059564 28.0 
271.0 243.0 4.510861212649357 1.369268559059564 28.0 
271.0 244.0 4.510861212649357 1.369268559059564 28.0 
271.0 245.0 4.510861212649357 1.369268559059564 28.0 
271.0 246.0 4.510861212649357 1.369268559059564 28.0 
271.0 247.0 4.510861212649357 1.369268559059564 28.0 
271.0 248.0 4.510861212649357 1.369268559059564 28.0 
271.0 249.0 4.510861212649357 1.369268559059564 28.0 
271.0 250.0 4.510861212649357 1.369268559059564 28.0 
271.0 251.0 4.510861212649357 1.369268559059564 28.0 
271.0 252.0 4.510861212649357 1.369268559059564 28.0 
271.0 253.0 4.510861212649357 1.369268559059564 28.0 
271.0 254.0 4.510861212649357 1.369268559059564 28.0 
271.0 255.0 4.510861212649357 1.369268559059564 28.0 
271.0 256.0 4.510861212649357 1.369268559059564 28.0 
271.0 257.0 4.510861212649357 1.369268559059564 28.0 
271.0 258.0 4.510861212649357 1.369268559059564 28.0 
271.0 259.0 4.510861212649357 1.369268559059564 28.0 
271.0 260.0 4.510861212649357 1.369268559059564 28.0 
271.0 261.0 4.510861212649357 1.369268559059564 28.0 
271.0 262.0 4.510861212649357 1.369268559059564 28.0 
271.0 263.0 4.510861212649357 1.369268559059564 28.0 
271.0 264.0 4.510861212649357 1.369268559059564 28.0 
271.0 265.0 4.510861212649357 1.369268559059564 28.0 
271.0 266.0 4.510861212649357 1.369268559059564 28.0 
271.0 267.0 4.510861212649357 1.369268559059564 28.0 
271.0 268.0 4.510861212649357 1.369268559059564 28.0 
271.0 269.0 4.510861212649357 1.369268559059564 28.0 
272.0 244.0 4.510861212649357 1.369268559059564 28.0 
272.0 245.0 4.510861212649357 1.369268559059564 28.0 
272.0 246.0 4.510861212649357 1.369268559059564 28.0 
272.0 247.0 4.510861212649357 1.369268559059564 28.0 
272.0 248.0 4.510861212649357 1.369268559059564 28.0 
272.0 249.0 4.510861212649357 1.369268559059564 28.0 
272.0 250.0 4.510861212649357 1.369268559059564 28.0 
272.0 251.0 4.510861212649357 1.369268559059564 28.0 
272.0 252.0 4.510861212649357 1.369268559059564 28.0 
272.0 253.0 4.510861212649357 1.369268559059564 28.0 
272.0 254.0 4.510861212649357 1.369268559059564 28.0 
272.0 255.0 4.510861212649357 1.369268559059564 28.0 
272.0 256.0 4.510861212649357 1.369268559059564 28.0 
272.0 257.0 4.510861212649357 1.369268559059564 28.0 
272.0 258.0 4.510861212649357 1.369268559059564 28.0 
272.0 259.0 4.510861212649357 1.369268559059564 28.0 
272.0 260.0 4.510861212649357 1.369268559059564 28.0 
272.0 261.0 4.510861212649357 1.369268559059564 28.0 
272.0 262.0 4.510861212649357 1.369268559059564 28.0 
272.0 263.0 4.510861212649357 1.369268559059564 28.0 
272.0 264.0 4.510861212649357 1.369268559059564 28.0 
272.0 265.0 4.510861212649357 1.369268559059564 28.0 
272.0 266.0 4.510861212649357 1.369268559059564 28.0 
272.0 267.0 4.510861212649357 1.369268559059564 28.0 
272.0 268.0 4.510861212649357 1.369268559059564 28.0 
272.0 269.0 4.510861212649357 1.369268559059564 28.0 
272.0 270.0 4.510861212649357 1.369268559059564 28.0 
272.0 271.0 4.510861212649357 1.369268559059564 28.0 
272.0 272.0 4.510861212649357 1.369268559059564 28.0 
272.0 273.0 4.510861212649357 1.369268559059564 28.0 
273.0 249.0 4.510861212649357 1.369268559059564 28.0 
273.0 250.0 4.510861212649357 1.369268559059564 28.0 
273.0 251.0 4.510861212649357 1.369268559059564 28.0 
273.0 252.0 4.510861212649357 1.369268559059564 28.0 
273.0 253.0 4.510861212649357 1.369268559059564 28.0 
273.0 254.0 4.510861212649357 1.369268559059564 28.0 
273.0 255.0 4.510861212649357 1.369268559059564 28.0 
273.0 256.0 4.510861212649357 1.369268559059564 28.0 
273.0 257.0 4.510861212649357 1.369268559059564 28.0 
273.0 258.0 4.510861212649357 1.369268559059564 28.0 
273.0 259.0 4.510861212649357 1.369268559059564 28.0 
273.0 260.0 4.510861212649357 1.369268559059564 28.0 
273.0 261.0 4.510861212649357 1.369268559059564 28.0 
273.0 262.0 4.510861212649357 1.369268559059564 28.0 
273.0 263.0 4.510861212649357 1.369268559059564 28.0 
273.0 264.0 4.510861212649357 1.369268559059564 28.0 
273.0 265.0 4.510861212649357 1.369268559059564 28.0 
273.0 266.0 4.510861212649357 1.369268559059564 28.0 
273.0 267.0 4.510861212649357 1.369268559059564 28.0 
273.0 268.0 4.510861212649357 1.369268559059564 28.0 
273.0 269.0 4.510861212649357 1.369268559059564 28.0 
273.0 270.0 4.510861212649357 1.369268559059564 28.0 
273.0 271.0 4.510861212649357 1.369268559059564 28.0 
273.0 272.0 4.510861212649357 1.369268559059564 28.0 
273.0 273.0 4.510861212649357 1.369268559059564 28.0 
273.0 274.0 4.510861212649357 1.369268559059564 28.0 
273.0 275.0 4.510861212649357 1.369268559059564 28.0 
273.0 276.0 4.510861212649357 1.369268559059564 28.0 
273.0 277.0 4.510861212649357 1.369268559059564 28.0 
273.0 278.0 4.510861212649357 1.369268559059564 28.0 
274.0 254.0 4.510861212649357 1.369268559059564 28.0 
274.0 255.0 4.510861212649357 1.369268559059564 28.0 
274.0 256.0 4.510861212649357 1.369268559059564 28.0 
274.0 257.0 4.510861212649357 1.369268559059564 28.0 
274.0 258.0 4.510861212649357 1.369268559059564 28.0 
274.0 259.0 4.510861212649357 1.369268559059564 28.0 
274.0 260.0 4.510861212649357 1.369268559059564 28.0 
274.0 261.0 4.510861212649357 1.369268559059564 28.0 
274.0 262.0 4.510861212649357 1.369268559059564 28.0 
274.0 263.0 4.510861212649357 1.369268559059564 28.0 
274.0 264.0 4.510861212649357 1.369268559059564 28.0 
274.0 265.0 4.510861212649357 1.369268559059564 28.0 
274.0 266.0 4.510861212649357 1.369268559059564 28.0 
274.0 267.0 4.510861212649357 1.369268559059564 28.0 
274.0 268.0 4.510861212649357 1.369268559059564 28.0 
274.0 269.0 4.510861212649357 1.369268559059564 28.0 
274.0 270.0 4.510861212649357 1.369268559059564 28.0 
274.0 271.0 4.510861212649357 1.369268559059564 28.0 
274.0 272.0 4.510861212649357 1.369268559059564 28.0 
274.0 273.0 4.510861212649357 1.369268559059564 28.0 
274.0 274.0 4.510861212649357 1.369268559059564 28.0 
274.0 275.0 4.510861212649357 1.369268559059564 28.0 
274.0 276.0 4.510861212649357 1.369268559059564 28.0 
274.0 277.0 4.510861212649357 1.369268559059564 28.0 
274.0 278.0 4.510861212649357 1.369268559059564 28.0 
274.0 279.0 4.510861212649357 1.369268559059564 28.0 
274.0 280.0 4.510861212649357 1.369268559059564 28.0 
274.0 281.0 4.510861212649357 1.369268559059564 28.0 
274.0 282.0 4.510861212649357 1.369268559059564 28.0 
274.0 283.0 4.510861212649357 1.369268559059564 28.0 
275.0 259.0 4.510861212649357 1.369268559059564 28.0 
275.0 260.0 4.510861212649357 1.369268559059564 28.0 
275.0 261.0 4.510861212649357 1.369268559059564 28.0 
275.0 262.0 4.510861212649357 1.369268559059564 28.0 
275.0 263.0 4.510861212649357 1.369268559059564 28.0 
275.0 264.0 4.510861212649357 1.369268559059564 28.0 
275.0 265.0 4.510861212649357 1.369268559059564 28.0 
275.0 266.0 4.510861212649357 1.369268559059564 28.0 
275.0 267.0 4.510861212649357 1.369268559059564 28.0 
275.0 268.0 4.510861212649357 1.369268559059564 28.0 
275.0 269.0 4.510861212649357 1.369268559059564 28.0 
275.0 270.0 4.510861212649357 1.369268559059564 28.0 
275.0 271.0 4.510861212649357 1.369268559059564 28.0 
275.0 272.0 4.510861212649357 1.369268559059564 28.0 
275.0 273.0 4.510861212649357 1.369268559059564 28.0 
275.0 274.0 4.510861212649357 1.369268559059564 28.0 
275.0 275.0 4.510861212649357 1.369268559059564 28.0 
275.0 276.0 4.510861212649357 1.369268559059564 28.0 
275.0 277.0 4.510861212649357 1.369268559059564 28.0 
275.0 278.0 4.510861212649357 1.369268559059564 28.0 
275.0 279.0 4.510861212649357 1.369268559059564 28.0 
275.0 280.0 4.510861212649357 1.369268559059564 28.0 
275.0 281.0 4.510861212649357 1.369268559059564 28.0 
275.0 282.0 4.510861212649357 1.369268559059564 28.0 
275.0 283.0 4.510861212649357 1.369268559059564 28.0 
275.0 284.0 4.510861212649357 1.369268559059564 28.0 
275.0 285.0 4.510861212649357 1.369268559059564 28.0 
275.0 286.0 4.510861212649357 1.369268559059564 28.0 
275.0 287.0 4.510861212649357 1.369268559059564 28.0 
275.0 288.0 4.510861212649357 1.369268559059564 28.0 
276.0 264.0 4.510861212649357 1.369268559059564 28.0 
276.0 265.0 4.510861212649357 1.369268559059564 28.0 
276.0 266.0 4.510861212649357 1.369268559059564 28.0 
276.0 267.0 4.510861212649357 1.369268559059564 28.0 
276.0 268.0 4.510861212649357 1.369268559059564 28.0 
276.0 269.0 4.510861212649357 1.369268559059564 28.0 
276.0 270.0 4.510861212649357 1.369268559059564 28.0 
276.0 271.0 4.510861212649357 1.369268559059564 28.0 
276.0 272.0 4.510861212649357 1.369268559059564 28.0 
276.0 273.0 4.510861212649357 1.369268559059564 28.0 
276.0 274.0 4.510861212649357 1.369268559059564 28.0 
276.0 275.0 4.510861212649357 1.369268559059564 28.0 
276.0 276.0 4.510861212649357 1.369268559059564 28.0 
276.0 277.0 4.510861212649357 1.369268559059564 28.0 
276.0 278.0 4.510861212649357 1.369268559059564 28.0 
276.0 279.0 4.510861212649357 1.369268559059564 28.0 
276.0 280.0 4.510861212649357 1.369268559059564 28.0 
276.0 281.0 4.510861212649357 1.369268559059564 28.0 
276.0 282.0 4.510861212649357 1.369268559059564 28.0 
276.0 283.0 4.510861212649357 1.369268559059564 28.0 
276.0 284.0 4.510861212649357 1.369268559059564 28.0 
276.0 285.0 4.510861212649357 1.369268559059564 28.0 
276.0 286.0 4.510861212649357 1.369268559059564 28.0 
276.0 287.0 4.510861212649357 1.369268559059564 28.0 
276.0 288.0 4.510861212649357 1.369268559059564 28.0 
276.0 289.0 4.510861212649357 1.369268559059564 28.0 
276.0 290.0 4.510861212649357 1.369268559059564 28.0 
276.0 291.0 4.510861212649357 1.369268559059564 28.0 
276.0 292.0 4.510861212649357 1.369268559059564 28.0 
276.0 293.0 4.510861212649357 1.369268559059564 28.0 
277.0 269.0 4.510861212649357 1.369268559059564 28.0 
277.0 270.0 4.510861212649357 1.369268559059564 28.0 
277.0 271.0 4.510861212649357 1.369268559059564 28.0 
277.0 272.0 4.510861212649357 1.369268559059564 28.0 
277.0 273.0 4.510861212649357 1.369268559059564 28.0 
277.0 274.0 4.510861212649357 1.369268559059564 28.0 
277.0 275.0 4.510861212649357 1.369268559059564 28.0 
277.0 276.0 4.510861212649357 1.369268559059564 28.0 
277.0 277.0 4.510861212649357 1.369268559059564 28.0 
277.0 278.0 4.510861212649357 1.369268559059564 28.0 
277.0 279.0 4.510861212649357 1.369268559059564 28.0 
277.0 280.0 4.510861212649357 1.369268559059564 28.0 
277.0 281.0 4.510861212649357 1.369268559059564 28.0 
277.0 282.0 4.510861212649357 1.369268559059564 28.0 
277.0 283.0 4.510861212649357 1.369268559059564 28.0 
277.0 284.0 4.510861212649357 1.369268559059564 28.0 
277.0 285.0 4.510861212649357 1.369268559059564 28.0 
277.0 286.0 4.510861212649357 1.369268559059564 28.0 
277.0 287.0 4.510861212649357 1.369268559059564 28.0 
277.0 288.0 4.510861212649357 1.369268559059564 28.0 
277.0 289.0 4.510861212649357 1.369268559059564 28.0 
277.0 290.0 4.510861212649357 1.369268559059564 28.0 
277.0 291.0 4.510861212649357 1.369268559059564 28.0 
277.0 292.0 4.510861212649357 1.369268559059564 28.0 
277.0 293.0 4.510861212649357 1.369268559059564 28.0 
277.0 294.0 4.510861212649357 1.369268559059564 28.0 
277.0 295.0 4.510861212649357 1.369268559059564 28.0 
277.0 296.0 4.510861212649357 1.369268559059564 28.0 
277.0 297.0 4.510861212649357 1.369268559059564 28.0 
277.0 298.0 4.510861212649357 1.369268559059564 28.0 
278.0 274.0 4.510861212649357 1.369268559059564 28.0 
278.0 275.0 4.510861212649357 1.369268559059564 28.0 
278.0 276.0 4.510861212649357 1.369268559059564 28.0 
278.0 277.0 4.510861212649357 1.369268559059564 28.0 
278.0 278.0 4.510861212649357 1.369268559059564 28.0 
278.0 279.0 4.510861212649357 1.369268559059564 28.0 
278.0 280.0 4.510861212649357 1.369268559059564 28.0 
278.0 281.0 4.510861212649357 1.369268559059564 28.0 
278.0 282.0 4.510861212649357 1.369268559059564 28.0 
278.0 283.0 4.510861212649357 1.369268559059564 28.0 
278.0 284.0 4.510861212649357 1.369268559059564 28.0 
278.0 285.0 4.510861212649357 1.369268559059564 28.0 
278.0 286.0 4.510861212649357 1.369268559059564 28.0 
278.0 287.0 4.510861212649357 1.369268559059564 28.0 
278.0 288.0 4.510861212649357 1.369268559059564 28.0 
278.0 289.0 4.510861212649357 1.369268559059564 28.0 
278.0 290.0 4.510861212649357 1.369268559059564 28.0 
278.0 291.0 4.510861212649357 1.369268559059564 28.0 
278.0 292.0 4.510861212649357 1.369268559059564 28.0 
278.0 293.0 4.510861212649357 1.369268559059564 28.0 
278.0 294.0 4.510861212649357 1.369268559059564 28.0 
278.0 295.0 4.510861212649357 1.369268559059564 28.0 
278.0 296.0 4.510861212649357 1.369268559059564 28.0 
278.0 297.0 4.510861212649357 1.369268559059564 28.0 
278.0 298.0 4.510861212649357 1.369268559059564 28.0 
278.0 299.0 4.510861212649357 1.369268559059564 28.0 
278.0 300.0 4.510861212649357 1.369268559059564 28.0 
278.0 301.0 4.510861212649357 1.369268559059564 28.0 
278.0 302.0 4.510861212649357 1.369268559059564 28.0 
278.0 303.0 4.510861212649357 1.369268559059564 28.0 
279.0 279.0 4.510861212649357 1.369268559059564 28.0 
279.0 280.0 4.510861212649357 1.369268559059564 28.0 
279.0 281.0 4.510861212649357 1.369268559059564 28.0 
279.0 282.0 4.510861212649357 1.369268559059564 28.0 
279.0 283.0 4.510861212649357 1.369268559059564 28.0 
279.0 284.0 4.510861212649357 1.369268559059564 28.0 
279.0 285.0 4.510861212649357 1.369268559059564 28.0 
279.0 286.0 4.510861212649357 1.369268559059564 28.0 
279.0 287.0 4.510861212649357 1.369268559059564 28.0 
279.0 288.0 4.510861212649357 1.369268559059564 28.0 
279.0 289.0 4.510861212649357 1.369268559059564 28.0 
279.0 290.0 4.510861212649357 1.369268559059564 28.0 
279.0 291.0 4.510861212649357 1.369268559059564 28.0 
279.0 292.0 4.510861212649357 1.369268559059564 28.0 
279.0 293.0 4.510861212649357 1.369268559059564 28.0 
279.0 294.0 4.510861212649357 1.369268559059564 28.0 
279.0 295.0 4.510861212649357 1.369268559059564 28.0 
279.0 296.0 4.510861212649357 1.369268559059564 28.0 
279.0 297.0 4.510861212649357 1.369268559059564 28.0 
279.0 298.0 4.510861212649357 1.369268559059564 28.0 
279.0 299.0 4.510861212649357 1.369268559059564 28.0 
279.0 300.0 4.510861212649357 1.369268559059564 28.0 
279.0 301.0 4.510861212649357 1.369268559059564 28.0 
279.0 302.0 4.510861212649357 1.369268559059564 28.0 
279.0 303.0 4.510861212649357 1.369268559059564 28.0 
280.0 284.0 4.510861212649357 1.369268559059564 28.0 
280.0 285.0 4.510861212649357 1.369268559059564 28.0 
280.0 286.0 4.510861212649357 1.369268559059564 28.0 
280.0 287.0 4.510861212649357 1.369268559059564 28.0 
280.0 288.0 4.510861212649357 1.369268559059564 28.0 
280.0 289.0 4.510861212649357 1.369268559059564 28.0 
280.0 290.0 4.510861212649357 1.369268559059564 28.0 
280.0 291.0 4.510861212649357 1.369268559059564 28.0 
280.0 292.0 4.510861212649357 1.369268559059564 28.0 
280.0 293.0 4.510861212649357 1.369268559059564 28.0 
280.0 294.0 4.510861212649357 1.369268559059564 28.0 
280.0 295.0 4.510861212649357 1.369268559059564 28.0 
280.0 296.0 4.510861212649357 1.369268559059564 28.0 
280.0 297.0 4.510861212649357 1.369268559059564 28.0 
280.0 298.0 4.510861212649357 1.369268559059564 28.0 
280.0 299.0 4.510861212649357 1.369268559059564 28.0 
280.0 300.0 4.510861212649357 1.369268559059564 28.0 
280.0 301.0 4.510861212649357 1.369268559059564 28.0 
280.0 302.0 4.510861212649357 1.369268559059564 28.0 
280.0 303.0 4.510861212649357 1.369268559059564 28.0 
281.0 289.0 4.510861212649357 1.369268559059564 28.0 
281.0 290.0 4.510861212649357 1.369268559059564 28.0 
281.0 291.0 4.510861212649357 1.369268559059564 28.0 
281.0 292.0 4.510861212649357 1.369268559059564 28.0 
281.0 293.0 4.510861212649357 1.369268559059564 28.0 
281.0 294.0 4.510861212649357 1.369268559059564 28.0 
281.0 295.0 4.510861212649357 1.369268559059564 28.0 
281.0 296.0 4.510861212649357 1.369268559059564 28.0 
281.0 297.0 4.510861212649357 1.369268559059564 28.0 
281.0 298.0 4.510861212649357 1.369268559059564 28.0 
281.0 299.0 4.510861212649357 1.369268559059564 28.0 
281.0 300.0 4.510861212649357 1.369268559059564 28.0 
281.0 301.0 4.510861212649357 1.369268559059564 28.0 
281.0 302.0 4.510861212649357 1.369268559059564 28.0 
282.0 293.0 4.510861212649357 1.369268559059564 28.0 
282.0 294.0 4.510861212649357 1.369268559059564 28.0 
282.0 295.0 4.510861212649357 1.369268559059564 28.0 
282.0 296.0 4.510861212649357 1.369268559059564 28.0 
282.0 297.0 4.510861212649357 1.369268559059564 28.0 
282.0 298.0 4.510861212649357 1.369268559059564 28.0 
282.0 299.0 4.510861212649357 1.369268559059564 28.0 
282.0 300.0 4.510861212649357 1.369268559059564 28.0 
282.0 301.0 4.510861212649357 1.369268559059564 28.0 
282.0 302.0 4.510861212649357 1.369268559059564 28.0 
283.0 298.0 4.510861212649357 1.369268559059564 28.0 
283.0 299.0 4.510861212649357 1.369268559059564 28.0 
283.0 300.0 4.510861212649357 1.369268559059564 28.0 
283.0 301.0 4.510861212649357 1.369268559059564 28.0 
283.0 302.0 4.510861212649357 1.369268559059564 28.0 
