255.0 286.0 3.0309354324158964 6.1725280860056895 52.0 
255.0 287.0 3.0309354324158964 6.1725280860056895 52.0 
255.0 288.0 3.0309354324158964 6.1725280860056895 52.0 
256.0 286.0 3.0309354324158964 6.1725280860056895 52.0 
256.0 287.0 3.0309354324158964 6.1725280860056895 52.0 
256.0 288.0 3.0309354324158964 6.1725280860056895 52.0 
256.0 289.0 3.0309354324158964 6.1725280860056895 52.0 
256.0 290.0 3.0309354324158964 6.1725280860056895 52.0 
256.0 291.0 3.0309354324158964 6.1725280860056895 52.0 
257.0 286.0 3.0309354324158964 6.1725280860056895 52.0 
257.0 287.0 3.0309354324158964 6.1725280860056895 52.0 
257.0 288.0 3.0309354324158964 6.1725280860056895 52.0 
257.0 289.0 3.0309354324158964 6.1725280860056895 52.0 
257.0 290.0 3.0309354324158964 6.1725280860056895 52.0 
257.0 291.0 3.0309354324158964 6.1725280860056895 52.0 
258.0 286.0 3.0309354324158964 6.1725280860056895 52.0 
258.0 287.0 3.0309354324158964 6.1725280860056895 52.0 
258.0 288.0 3.0309354324158964 6.1725280860056895 52.0 
258.0 289.0 3.0309354324158964 6.1725280860056895 52.0 
258.0 290.0 3.0309354324158964 6.1725280860056895 52.0 
258.0 291.0 3.0309354324158964 6.1725280860056895 52.0 
259.0 286.0 3.0309354324158964 6.1725280860056895 52.0 
259.0 287.0 3.0309354324158964 6.1725280860056895 52.0 
259.0 288.0 3.0309354324158964 6.1725280860056895 52.0 
259.0 289.0 3.0309354324158964 6.1725280860056895 52.0 
259.0 290.0 3.0309354324158964 6.1725280860056895 52.0 
259.0 291.0 3.0309354324158964 6.1725280860056895 52.0 
260.0 286.0 3.0309354324158964 6.1725280860056895 52.0 
260.0 287.0 3.0309354324158964 6.1725280860056895 52.0 
260.0 288.0 3.0309354324158964 6.1725280860056895 52.0 
260.0 289.0 3.0309354324158964 6.1725280860056895 52.0 
260.0 290.0 3.0309354324158964 6.1725280860056895 52.0 
260.0 291.0 3.0309354324158964 6.1725280860056895 52.0 
261.0 286.0 3.0309354324158964 6.1725280860056895 52.0 
261.0 287.0 3.0309354324158964 6.1725280860056895 52.0 
261.0 288.0 3.0309354324158964 6.1725280860056895 52.0 
261.0 289.0 3.0309354324158964 6.1725280860056895 52.0 
261.0 290.0 3.0309354324158964 6.1725280860056895 52.0 
261.0 291.0 3.0309354324158964 6.1725280860056895 52.0 
262.0 286.0 3.0309354324158964 6.1725280860056895 52.0 
262.0 287.0 3.0309354324158964 6.1725280860056895 52.0 
262.0 288.0 3.0309354324158964 6.1725280860056895 52.0 
262.0 289.0 3.0309354324158964 6.1725280860056895 52.0 
262.0 290.0 3.0309354324158964 6.1725280860056895 52.0 
262.0 291.0 3.0309354324158964 6.1725280860056895 52.0 
263.0 286.0 3.0309354324158964 6.1725280860056895 52.0 
263.0 287.0 3.0309354324158964 6.1725280860056895 52.0 
263.0 288.0 3.0309354324158964 6.1725280860056895 52.0 
263.0 289.0 3.0309354324158964 6.1725280860056895 52.0 
263.0 290.0 3.0309354324158964 6.1725280860056895 52.0 
263.0 291.0 3.0309354324158964 6.1725280860056895 52.0 
264.0 285.0 3.0309354324158964 6.1725280860056895 52.0 
264.0 286.0 3.0309354324158964 6.1725280860056895 52.0 
264.0 287.0 3.0309354324158964 6.1725280860056895 52.0 
264.0 288.0 3.0309354324158964 6.1725280860056895 52.0 
264.0 289.0 3.0309354324158964 6.1725280860056895 52.0 
264.0 290.0 3.0309354324158964 6.1725280860056895 52.0 
264.0 291.0 3.0309354324158964 6.1725280860056895 52.0 
265.0 285.0 3.0309354324158964 6.1725280860056895 52.0 
265.0 286.0 3.0309354324158964 6.1725280860056895 52.0 
265.0 287.0 3.0309354324158964 6.1725280860056895 52.0 
265.0 288.0 3.0309354324158964 6.1725280860056895 52.0 
265.0 289.0 3.0309354324158964 6.1725280860056895 52.0 
265.0 290.0 3.0309354324158964 6.1725280860056895 52.0 
266.0 285.0 3.0309354324158964 6.1725280860056895 52.0 
266.0 286.0 3.0309354324158964 6.1725280860056895 52.0 
266.0 287.0 3.0309354324158964 6.1725280860056895 52.0 
266.0 288.0 3.0309354324158964 6.1725280860056895 52.0 
266.0 289.0 3.0309354324158964 6.1725280860056895 52.0 
266.0 290.0 3.0309354324158964 6.1725280860056895 52.0 
267.0 285.0 3.0309354324158964 6.1725280860056895 52.0 
267.0 286.0 3.0309354324158964 6.1725280860056895 52.0 
267.0 287.0 3.0309354324158964 6.1725280860056895 52.0 
267.0 288.0 3.0309354324158964 6.1725280860056895 52.0 
267.0 289.0 3.0309354324158964 6.1725280860056895 52.0 
267.0 290.0 3.0309354324158964 6.1725280860056895 52.0 
268.0 285.0 3.0309354324158964 6.1725280860056895 52.0 
268.0 286.0 3.0309354324158964 6.1725280860056895 52.0 
268.0 287.0 3.0309354324158964 6.1725280860056895 52.0 
268.0 288.0 3.0309354324158964 6.1725280860056895 52.0 
268.0 289.0 3.0309354324158964 6.1725280860056895 52.0 
268.0 290.0 3.0309354324158964 6.1725280860056895 52.0 
269.0 285.0 3.0309354324158964 6.1725280860056895 52.0 
269.0 286.0 3.0309354324158964 6.1725280860056895 52.0 
269.0 287.0 3.0309354324158964 6.1725280860056895 52.0 
269.0 288.0 3.0309354324158964 6.1725280860056895 52.0 
269.0 289.0 3.0309354324158964 6.1725280860056895 52.0 
269.0 290.0 3.0309354324158964 6.1725280860056895 52.0 
270.0 285.0 3.0309354324158964 6.1725280860056895 52.0 
270.0 286.0 3.0309354324158964 6.1725280860056895 52.0 
270.0 287.0 3.0309354324158964 6.1725280860056895 52.0 
270.0 288.0 3.0309354324158964 6.1725280860056895 52.0 
270.0 289.0 3.0309354324158964 6.1725280860056895 52.0 
270.0 290.0 3.0309354324158964 6.1725280860056895 52.0 
271.0 285.0 3.0309354324158964 6.1725280860056895 52.0 
271.0 286.0 3.0309354324158964 6.1725280860056895 52.0 
271.0 287.0 3.0309354324158964 6.1725280860056895 52.0 
271.0 288.0 3.0309354324158964 6.1725280860056895 52.0 
271.0 289.0 3.0309354324158964 6.1725280860056895 52.0 
271.0 290.0 3.0309354324158964 6.1725280860056895 52.0 
272.0 285.0 3.0309354324158964 6.1725280860056895 52.0 
272.0 286.0 3.0309354324158964 6.1725280860056895 52.0 
272.0 287.0 3.0309354324158964 6.1725280860056895 52.0 
272.0 288.0 3.0309354324158964 6.1725280860056895 52.0 
272.0 289.0 3.0309354324158964 6.1725280860056895 52.0 
272.0 290.0 3.0309354324158964 6.1725280860056895 52.0 
273.0 284.0 3.0309354324158964 6.1725280860056895 52.0 
273.0 285.0 3.0309354324158964 6.1725280860056895 52.0 
273.0 286.0 3.0309354324158964 6.1725280860056895 52.0 
273.0 287.0 3.0309354324158964 6.1725280860056895 52.0 
273.0 288.0 3.0309354324158964 6.1725280860056895 52.0 
273.0 289.0 3.0309354324158964 6.1725280860056895 52.0 
273.0 290.0 3.0309354324158964 6.1725280860056895 52.0 
274.0 284.0 3.0309354324158964 6.1725280860056895 52.0 
274.0 285.0 3.0309354324158964 6.1725280860056895 52.0 
274.0 286.0 3.0309354324158964 6.1725280860056895 52.0 
274.0 287.0 3.0309354324158964 6.1725280860056895 52.0 
274.0 288.0 3.0309354324158964 6.1725280860056895 52.0 
274.0 289.0 3.0309354324158964 6.1725280860056895 52.0 
275.0 284.0 3.0309354324158964 6.1725280860056895 52.0 
275.0 285.0 3.0309354324158964 6.1725280860056895 52.0 
275.0 286.0 3.0309354324158964 6.1725280860056895 52.0 
275.0 287.0 3.0309354324158964 6.1725280860056895 52.0 
275.0 288.0 3.0309354324158964 6.1725280860056895 52.0 
275.0 289.0 3.0309354324158964 6.1725280860056895 52.0 
276.0 284.0 3.0309354324158964 6.1725280860056895 52.0 
276.0 285.0 3.0309354324158964 6.1725280860056895 52.0 
276.0 286.0 3.0309354324158964 6.1725280860056895 52.0 
276.0 287.0 3.0309354324158964 6.1725280860056895 52.0 
276.0 288.0 3.0309354324158964 6.1725280860056895 52.0 
276.0 289.0 3.0309354324158964 6.1725280860056895 52.0 
277.0 284.0 3.0309354324158964 6.1725280860056895 52.0 
277.0 285.0 3.0309354324158964 6.1725280860056895 52.0 
277.0 286.0 3.0309354324158964 6.1725280860056895 52.0 
277.0 287.0 3.0309354324158964 6.1725280860056895 52.0 
277.0 288.0 3.0309354324158964 6.1725280860056895 52.0 
277.0 289.0 3.0309354324158964 6.1725280860056895 52.0 
278.0 284.0 3.0309354324158964 6.1725280860056895 52.0 
278.0 285.0 3.0309354324158964 6.1725280860056895 52.0 
278.0 286.0 3.0309354324158964 6.1725280860056895 52.0 
278.0 287.0 3.0309354324158964 6.1725280860056895 52.0 
278.0 288.0 3.0309354324158964 6.1725280860056895 52.0 
278.0 289.0 3.0309354324158964 6.1725280860056895 52.0 
279.0 284.0 3.0309354324158964 6.1725280860056895 52.0 
279.0 285.0 3.0309354324158964 6.1725280860056895 52.0 
279.0 286.0 3.0309354324158964 6.1725280860056895 52.0 
279.0 287.0 3.0309354324158964 6.1725280860056895 52.0 
279.0 288.0 3.0309354324158964 6.1725280860056895 52.0 
279.0 289.0 3.0309354324158964 6.1725280860056895 52.0 
280.0 284.0 3.0309354324158964 6.1725280860056895 52.0 
280.0 285.0 3.0309354324158964 6.1725280860056895 52.0 
280.0 286.0 3.0309354324158964 6.1725280860056895 52.0 
280.0 287.0 3.0309354324158964 6.1725280860056895 52.0 
280.0 288.0 3.0309354324158964 6.1725280860056895 52.0 
280.0 289.0 3.0309354324158964 6.1725280860056895 52.0 
281.0 284.0 3.0309354324158964 6.1725280860056895 52.0 
281.0 285.0 3.0309354324158964 6.1725280860056895 52.0 
281.0 286.0 3.0309354324158964 6.1725280860056895 52.0 
281.0 287.0 3.0309354324158964 6.1725280860056895 52.0 
281.0 288.0 3.0309354324158964 6.1725280860056895 52.0 
281.0 289.0 3.0309354324158964 6.1725280860056895 52.0 
282.0 283.0 3.0309354324158964 6.1725280860056895 52.0 
282.0 284.0 3.0309354324158964 6.1725280860056895 52.0 
282.0 285.0 3.0309354324158964 6.1725280860056895 52.0 
282.0 286.0 3.0309354324158964 6.1725280860056895 52.0 
282.0 287.0 3.0309354324158964 6.1725280860056895 52.0 
282.0 288.0 3.0309354324158964 6.1725280860056895 52.0 
282.0 289.0 3.0309354324158964 6.1725280860056895 52.0 
283.0 283.0 3.0309354324158964 6.1725280860056895 52.0 
283.0 284.0 3.0309354324158964 6.1725280860056895 52.0 
283.0 285.0 3.0309354324158964 6.1725280860056895 52.0 
283.0 286.0 3.0309354324158964 6.1725280860056895 52.0 
283.0 287.0 3.0309354324158964 6.1725280860056895 52.0 
283.0 288.0 3.0309354324158964 6.1725280860056895 52.0 
284.0 283.0 3.0309354324158964 6.1725280860056895 52.0 
284.0 284.0 3.0309354324158964 6.1725280860056895 52.0 
284.0 285.0 3.0309354324158964 6.1725280860056895 52.0 
284.0 286.0 3.0309354324158964 6.1725280860056895 52.0 
284.0 287.0 3.0309354324158964 6.1725280860056895 52.0 
284.0 288.0 3.0309354324158964 6.1725280860056895 52.0 
285.0 283.0 3.0309354324158964 6.1725280860056895 52.0 
285.0 284.0 3.0309354324158964 6.1725280860056895 52.0 
285.0 285.0 3.0309354324158964 6.1725280860056895 52.0 
285.0 286.0 3.0309354324158964 6.1725280860056895 52.0 
285.0 287.0 3.0309354324158964 6.1725280860056895 52.0 
285.0 288.0 3.0309354324158964 6.1725280860056895 52.0 
286.0 283.0 3.0309354324158964 6.1725280860056895 52.0 
286.0 284.0 3.0309354324158964 6.1725280860056895 52.0 
286.0 285.0 3.0309354324158964 6.1725280860056895 52.0 
286.0 286.0 3.0309354324158964 6.1725280860056895 52.0 
286.0 287.0 3.0309354324158964 6.1725280860056895 52.0 
286.0 288.0 3.0309354324158964 6.1725280860056895 52.0 
287.0 283.0 3.0309354324158964 6.1725280860056895 52.0 
287.0 284.0 3.0309354324158964 6.1725280860056895 52.0 
287.0 285.0 3.0309354324158964 6.1725280860056895 52.0 
287.0 286.0 3.0309354324158964 6.1725280860056895 52.0 
287.0 287.0 3.0309354324158964 6.1725280860056895 52.0 
287.0 288.0 3.0309354324158964 6.1725280860056895 52.0 
288.0 283.0 3.0309354324158964 6.1725280860056895 52.0 
288.0 284.0 3.0309354324158964 6.1725280860056895 52.0 
288.0 285.0 3.0309354324158964 6.1725280860056895 52.0 
288.0 286.0 3.0309354324158964 6.1725280860056895 52.0 
288.0 287.0 3.0309354324158964 6.1725280860056895 52.0 
288.0 288.0 3.0309354324158964 6.1725280860056895 52.0 
289.0 283.0 3.0309354324158964 6.1725280860056895 52.0 
289.0 284.0 3.0309354324158964 6.1725280860056895 52.0 
289.0 285.0 3.0309354324158964 6.1725280860056895 52.0 
289.0 286.0 3.0309354324158964 6.1725280860056895 52.0 
289.0 287.0 3.0309354324158964 6.1725280860056895 52.0 
289.0 288.0 3.0309354324158964 6.1725280860056895 52.0 
290.0 283.0 3.0309354324158964 6.1725280860056895 52.0 
290.0 284.0 3.0309354324158964 6.1725280860056895 52.0 
290.0 285.0 3.0309354324158964 6.1725280860056895 52.0 
290.0 286.0 3.0309354324158964 6.1725280860056895 52.0 
290.0 287.0 3.0309354324158964 6.1725280860056895 52.0 
290.0 288.0 3.0309354324158964 6.1725280860056895 52.0 
291.0 282.0 3.0309354324158964 6.1725280860056895 52.0 
291.0 283.0 3.0309354324158964 6.1725280860056895 52.0 
291.0 284.0 3.0309354324158964 6.1725280860056895 52.0 
291.0 285.0 3.0309354324158964 6.1725280860056895 52.0 
291.0 286.0 3.0309354324158964 6.1725280860056895 52.0 
291.0 287.0 3.0309354324158964 6.1725280860056895 52.0 
291.0 288.0 3.0309354324158964 6.1725280860056895 52.0 
292.0 282.0 3.0309354324158964 6.1725280860056895 52.0 
292.0 283.0 3.0309354324158964 6.1725280860056895 52.0 
292.0 284.0 3.0309354324158964 6.1725280860056895 52.0 
292.0 285.0 3.0309354324158964 6.1725280860056895 52.0 
292.0 286.0 3.0309354324158964 6.1725280860056895 52.0 
292.0 287.0 3.0309354324158964 6.1725280860056895 52.0 
293.0 282.0 3.0309354324158964 6.1725280860056895 52.0 
293.0 283.0 3.0309354324158964 6.1725280860056895 52.0 
293.0 284.0 3.0309354324158964 6.1725280860056895 52.0 
293.0 285.0 3.0309354324158964 6.1725280860056895 52.0 
293.0 286.0 3.0309354324158964 6.1725280860056895 52.0 
293.0 287.0 3.0309354324158964 6.1725280860056895 52.0 
294.0 282.0 3.0309354324158964 6.1725280860056895 52.0 
294.0 283.0 3.0309354324158964 6.1725280860056895 52.0 
294.0 284.0 3.0309354324158964 6.1725280860056895 52.0 
294.0 285.0 3.0309354324158964 6.1725280860056895 52.0 
294.0 286.0 3.0309354324158964 6.1725280860056895 52.0 
294.0 287.0 3.0309354324158964 6.1725280860056895 52.0 
295.0 282.0 3.0309354324158964 6.1725280860056895 52.0 
295.0 283.0 3.0309354324158964 6.1725280860056895 52.0 
295.0 284.0 3.0309354324158964 6.1725280860056895 52.0 
295.0 285.0 3.0309354324158964 6.1725280860056895 52.0 
295.0 286.0 3.0309354324158964 6.1725280860056895 52.0 
295.0 287.0 3.0309354324158964 6.1725280860056895 52.0 
296.0 282.0 3.0309354324158964 6.1725280860056895 52.0 
296.0 283.0 3.0309354324158964 6.1725280860056895 52.0 
296.0 284.0 3.0309354324158964 6.1725280860056895 52.0 
296.0 285.0 3.0309354324158964 6.1725280860056895 52.0 
296.0 286.0 3.0309354324158964 6.1725280860056895 52.0 
296.0 287.0 3.0309354324158964 6.1725280860056895 52.0 
297.0 282.0 3.0309354324158964 6.1725280860056895 52.0 
297.0 283.0 3.0309354324158964 6.1725280860056895 52.0 
297.0 284.0 3.0309354324158964 6.1725280860056895 52.0 
297.0 285.0 3.0309354324158964 6.1725280860056895 52.0 
297.0 286.0 3.0309354324158964 6.1725280860056895 52.0 
297.0 287.0 3.0309354324158964 6.1725280860056895 52.0 
298.0 282.0 3.0309354324158964 6.1725280860056895 52.0 
298.0 283.0 3.0309354324158964 6.1725280860056895 52.0 
298.0 284.0 3.0309354324158964 6.1725280860056895 52.0 
298.0 285.0 3.0309354324158964 6.1725280860056895 52.0 
298.0 286.0 3.0309354324158964 6.1725280860056895 52.0 
298.0 287.0 3.0309354324158964 6.1725280860056895 52.0 
299.0 282.0 3.0309354324158964 6.1725280860056895 52.0 
299.0 283.0 3.0309354324158964 6.1725280860056895 52.0 
299.0 284.0 3.0309354324158964 6.1725280860056895 52.0 
299.0 285.0 3.0309354324158964 6.1725280860056895 52.0 
299.0 286.0 3.0309354324158964 6.1725280860056895 52.0 
299.0 287.0 3.0309354324158964 6.1725280860056895 52.0 
300.0 281.0 3.0309354324158964 6.1725280860056895 52.0 
300.0 282.0 3.0309354324158964 6.1725280860056895 52.0 
300.0 283.0 3.0309354324158964 6.1725280860056895 52.0 
300.0 284.0 3.0309354324158964 6.1725280860056895 52.0 
300.0 285.0 3.0309354324158964 6.1725280860056895 52.0 
300.0 286.0 3.0309354324158964 6.1725280860056895 52.0 
300.0 287.0 3.0309354324158964 6.1725280860056895 52.0 
301.0 281.0 3.0309354324158964 6.1725280860056895 52.0 
301.0 282.0 3.0309354324158964 6.1725280860056895 52.0 
301.0 283.0 3.0309354324158964 6.1725280860056895 52.0 
301.0 284.0 3.0309354324158964 6.1725280860056895 52.0 
301.0 285.0 3.0309354324158964 6.1725280860056895 52.0 
301.0 286.0 3.0309354324158964 6.1725280860056895 52.0 
302.0 281.0 3.0309354324158964 6.1725280860056895 52.0 
302.0 282.0 3.0309354324158964 6.1725280860056895 52.0 
302.0 283.0 3.0309354324158964 6.1725280860056895 52.0 
302.0 284.0 3.0309354324158964 6.1725280860056895 52.0 
302.0 285.0 3.0309354324158964 6.1725280860056895 52.0 
302.0 286.0 3.0309354324158964 6.1725280860056895 52.0 
303.0 281.0 3.0309354324158964 6.1725280860056895 52.0 
303.0 282.0 3.0309354324158964 6.1725280860056895 52.0 
303.0 283.0 3.0309354324158964 6.1725280860056895 52.0 
303.0 284.0 3.0309354324158964 6.1725280860056895 52.0 
303.0 285.0 3.0309354324158964 6.1725280860056895 52.0 
303.0 286.0 3.0309354324158964 6.1725280860056895 52.0 
304.0 281.0 3.0309354324158964 6.1725280860056895 52.0 
304.0 282.0 3.0309354324158964 6.1725280860056895 52.0 
304.0 283.0 3.0309354324158964 6.1725280860056895 52.0 
304.0 284.0 3.0309354324158964 6.1725280860056895 52.0 
304.0 285.0 3.0309354324158964 6.1725280860056895 52.0 
304.0 286.0 3.0309354324158964 6.1725280860056895 52.0 
305.0 281.0 3.0309354324158964 6.1725280860056895 52.0 
305.0 282.0 3.0309354324158964 6.1725280860056895 52.0 
305.0 283.0 3.0309354324158964 6.1725280860056895 52.0 
305.0 284.0 3.0309354324158964 6.1725280860056895 52.0 
305.0 285.0 3.0309354324158964 6.1725280860056895 52.0 
305.0 286.0 3.0309354324158964 6.1725280860056895 52.0 
306.0 281.0 3.0309354324158964 6.1725280860056895 52.0 
306.0 282.0 3.0309354324158964 6.1725280860056895 52.0 
306.0 283.0 3.0309354324158964 6.1725280860056895 52.0 
306.0 284.0 3.0309354324158964 6.1725280860056895 52.0 
306.0 285.0 3.0309354324158964 6.1725280860056895 52.0 
306.0 286.0 3.0309354324158964 6.1725280860056895 52.0 
307.0 281.0 3.0309354324158964 6.1725280860056895 52.0 
307.0 282.0 3.0309354324158964 6.1725280860056895 52.0 
307.0 283.0 3.0309354324158964 6.1725280860056895 52.0 
307.0 284.0 3.0309354324158964 6.1725280860056895 52.0 
307.0 285.0 3.0309354324158964 6.1725280860056895 52.0 
307.0 286.0 3.0309354324158964 6.1725280860056895 52.0 
308.0 281.0 3.0309354324158964 6.1725280860056895 52.0 
308.0 282.0 3.0309354324158964 6.1725280860056895 52.0 
308.0 283.0 3.0309354324158964 6.1725280860056895 52.0 
308.0 284.0 3.0309354324158964 6.1725280860056895 52.0 
308.0 285.0 3.0309354324158964 6.1725280860056895 52.0 
308.0 286.0 3.0309354324158964 6.1725280860056895 52.0 
309.0 280.0 3.0309354324158964 6.1725280860056895 52.0 
309.0 281.0 3.0309354324158964 6.1725280860056895 52.0 
309.0 282.0 3.0309354324158964 6.1725280860056895 52.0 
309.0 283.0 3.0309354324158964 6.1725280860056895 52.0 
309.0 284.0 3.0309354324158964 6.1725280860056895 52.0 
309.0 285.0 3.0309354324158964 6.1725280860056895 52.0 
309.0 286.0 3.0309354324158964 6.1725280860056895 52.0 
310.0 280.0 3.0309354324158964 6.1725280860056895 52.0 
310.0 281.0 3.0309354324158964 6.1725280860056895 52.0 
310.0 282.0 3.0309354324158964 6.1725280860056895 52.0 
310.0 283.0 3.0309354324158964 6.1725280860056895 52.0 
310.0 284.0 3.0309354324158964 6.1725280860056895 52.0 
310.0 285.0 3.0309354324158964 6.1725280860056895 52.0 
311.0 280.0 3.0309354324158964 6.1725280860056895 52.0 
311.0 281.0 3.0309354324158964 6.1725280860056895 52.0 
311.0 282.0 3.0309354324158964 6.1725280860056895 52.0 
311.0 283.0 3.0309354324158964 6.1725280860056895 52.0 
311.0 284.0 3.0309354324158964 6.1725280860056895 52.0 
311.0 285.0 3.0309354324158964 6.1725280860056895 52.0 
312.0 280.0 3.0309354324158964 6.1725280860056895 52.0 
312.0 281.0 3.0309354324158964 6.1725280860056895 52.0 
312.0 282.0 3.0309354324158964 6.1725280860056895 52.0 
312.0 283.0 3.0309354324158964 6.1725280860056895 52.0 
312.0 284.0 3.0309354324158964 6.1725280860056895 52.0 
312.0 285.0 3.0309354324158964 6.1725280860056895 52.0 
313.0 280.0 3.0309354324158964 6.1725280860056895 52.0 
313.0 281.0 3.0309354324158964 6.1725280860056895 52.0 
313.0 282.0 3.0309354324158964 6.1725280860056895 52.0 
313.0 283.0 3.0309354324158964 6.1725280860056895 52.0 
313.0 284.0 3.0309354324158964 6.1725280860056895 52.0 
313.0 285.0 3.0309354324158964 6.1725280860056895 52.0 
314.0 280.0 3.0309354324158964 6.1725280860056895 52.0 
314.0 281.0 3.0309354324158964 6.1725280860056895 52.0 
314.0 282.0 3.0309354324158964 6.1725280860056895 52.0 
314.0 283.0 3.0309354324158964 6.1725280860056895 52.0 
314.0 284.0 3.0309354324158964 6.1725280860056895 52.0 
314.0 285.0 3.0309354324158964 6.1725280860056895 52.0 
315.0 280.0 3.0309354324158964 6.1725280860056895 52.0 
315.0 281.0 3.0309354324158964 6.1725280860056895 52.0 
315.0 282.0 3.0309354324158964 6.1725280860056895 52.0 
315.0 283.0 3.0309354324158964 6.1725280860056895 52.0 
315.0 284.0 3.0309354324158964 6.1725280860056895 52.0 
315.0 285.0 3.0309354324158964 6.1725280860056895 52.0 
316.0 280.0 3.0309354324158964 6.1725280860056895 52.0 
316.0 281.0 3.0309354324158964 6.1725280860056895 52.0 
316.0 282.0 3.0309354324158964 6.1725280860056895 52.0 
316.0 283.0 3.0309354324158964 6.1725280860056895 52.0 
316.0 284.0 3.0309354324158964 6.1725280860056895 52.0 
316.0 285.0 3.0309354324158964 6.1725280860056895 52.0 
317.0 280.0 3.0309354324158964 6.1725280860056895 52.0 
317.0 281.0 3.0309354324158964 6.1725280860056895 52.0 
317.0 282.0 3.0309354324158964 6.1725280860056895 52.0 
317.0 283.0 3.0309354324158964 6.1725280860056895 52.0 
317.0 284.0 3.0309354324158964 6.1725280860056895 52.0 
317.0 285.0 3.0309354324158964 6.1725280860056895 52.0 
318.0 279.0 3.0309354324158964 6.1725280860056895 52.0 
318.0 280.0 3.0309354324158964 6.1725280860056895 52.0 
318.0 281.0 3.0309354324158964 6.1725280860056895 52.0 
318.0 282.0 3.0309354324158964 6.1725280860056895 52.0 
318.0 283.0 3.0309354324158964 6.1725280860056895 52.0 
318.0 284.0 3.0309354324158964 6.1725280860056895 52.0 
318.0 285.0 3.0309354324158964 6.1725280860056895 52.0 
319.0 279.0 3.0309354324158964 6.1725280860056895 52.0 
319.0 280.0 3.0309354324158964 6.1725280860056895 52.0 
319.0 281.0 3.0309354324158964 6.1725280860056895 52.0 
319.0 282.0 3.0309354324158964 6.1725280860056895 52.0 
319.0 283.0 3.0309354324158964 6.1725280860056895 52.0 
319.0 284.0 3.0309354324158964 6.1725280860056895 52.0 
320.0 279.0 3.0309354324158964 6.1725280860056895 52.0 
320.0 280.0 3.0309354324158964 6.1725280860056895 52.0 
320.0 281.0 3.0309354324158964 6.1725280860056895 52.0 
320.0 282.0 3.0309354324158964 6.1725280860056895 52.0 
320.0 283.0 3.0309354324158964 6.1725280860056895 52.0 
320.0 284.0 3.0309354324158964 6.1725280860056895 52.0 
321.0 279.0 3.0309354324158964 6.1725280860056895 52.0 
321.0 280.0 3.0309354324158964 6.1725280860056895 52.0 
321.0 281.0 3.0309354324158964 6.1725280860056895 52.0 
321.0 282.0 3.0309354324158964 6.1725280860056895 52.0 
321.0 283.0 3.0309354324158964 6.1725280860056895 52.0 
321.0 284.0 3.0309354324158964 6.1725280860056895 52.0 
322.0 279.0 3.0309354324158964 6.1725280860056895 52.0 
322.0 280.0 3.0309354324158964 6.1725280860056895 52.0 
322.0 281.0 3.0309354324158964 6.1725280860056895 52.0 
322.0 282.0 3.0309354324158964 6.1725280860056895 52.0 
322.0 283.0 3.0309354324158964 6.1725280860056895 52.0 
322.0 284.0 3.0309354324158964 6.1725280860056895 52.0 
323.0 279.0 3.0309354324158964 6.1725280860056895 52.0 
323.0 280.0 3.0309354324158964 6.1725280860056895 52.0 
323.0 281.0 3.0309354324158964 6.1725280860056895 52.0 
323.0 282.0 3.0309354324158964 6.1725280860056895 52.0 
323.0 283.0 3.0309354324158964 6.1725280860056895 52.0 
323.0 284.0 3.0309354324158964 6.1725280860056895 52.0 
324.0 279.0 3.0309354324158964 6.1725280860056895 52.0 
324.0 280.0 3.0309354324158964 6.1725280860056895 52.0 
324.0 281.0 3.0309354324158964 6.1725280860056895 52.0 
324.0 282.0 3.0309354324158964 6.1725280860056895 52.0 
324.0 283.0 3.0309354324158964 6.1725280860056895 52.0 
324.0 284.0 3.0309354324158964 6.1725280860056895 52.0 
325.0 279.0 3.0309354324158964 6.1725280860056895 52.0 
325.0 280.0 3.0309354324158964 6.1725280860056895 52.0 
325.0 281.0 3.0309354324158964 6.1725280860056895 52.0 
325.0 282.0 3.0309354324158964 6.1725280860056895 52.0 
325.0 283.0 3.0309354324158964 6.1725280860056895 52.0 
325.0 284.0 3.0309354324158964 6.1725280860056895 52.0 
326.0 279.0 3.0309354324158964 6.1725280860056895 52.0 
326.0 280.0 3.0309354324158964 6.1725280860056895 52.0 
326.0 281.0 3.0309354324158964 6.1725280860056895 52.0 
326.0 282.0 3.0309354324158964 6.1725280860056895 52.0 
326.0 283.0 3.0309354324158964 6.1725280860056895 52.0 
326.0 284.0 3.0309354324158964 6.1725280860056895 52.0 
327.0 278.0 3.0309354324158964 6.1725280860056895 52.0 
327.0 279.0 3.0309354324158964 6.1725280860056895 52.0 
327.0 280.0 3.0309354324158964 6.1725280860056895 52.0 
327.0 281.0 3.0309354324158964 6.1725280860056895 52.0 
327.0 282.0 3.0309354324158964 6.1725280860056895 52.0 
327.0 283.0 3.0309354324158964 6.1725280860056895 52.0 
327.0 284.0 3.0309354324158964 6.1725280860056895 52.0 
328.0 278.0 3.0309354324158964 6.1725280860056895 52.0 
328.0 279.0 3.0309354324158964 6.1725280860056895 52.0 
328.0 280.0 3.0309354324158964 6.1725280860056895 52.0 
328.0 281.0 3.0309354324158964 6.1725280860056895 52.0 
328.0 282.0 3.0309354324158964 6.1725280860056895 52.0 
328.0 283.0 3.0309354324158964 6.1725280860056895 52.0 
329.0 278.0 3.0309354324158964 6.1725280860056895 52.0 
329.0 279.0 3.0309354324158964 6.1725280860056895 52.0 
329.0 280.0 3.0309354324158964 6.1725280860056895 52.0 
329.0 281.0 3.0309354324158964 6.1725280860056895 52.0 
329.0 282.0 3.0309354324158964 6.1725280860056895 52.0 
329.0 283.0 3.0309354324158964 6.1725280860056895 52.0 
330.0 278.0 3.0309354324158964 6.1725280860056895 52.0 
330.0 279.0 3.0309354324158964 6.1725280860056895 52.0 
330.0 280.0 3.0309354324158964 6.1725280860056895 52.0 
330.0 281.0 3.0309354324158964 6.1725280860056895 52.0 
330.0 282.0 3.0309354324158964 6.1725280860056895 52.0 
330.0 283.0 3.0309354324158964 6.1725280860056895 52.0 
331.0 278.0 3.0309354324158964 6.1725280860056895 52.0 
331.0 279.0 3.0309354324158964 6.1725280860056895 52.0 
331.0 280.0 3.0309354324158964 6.1725280860056895 52.0 
331.0 281.0 3.0309354324158964 6.1725280860056895 52.0 
331.0 282.0 3.0309354324158964 6.1725280860056895 52.0 
331.0 283.0 3.0309354324158964 6.1725280860056895 52.0 
332.0 278.0 3.0309354324158964 6.1725280860056895 52.0 
332.0 279.0 3.0309354324158964 6.1725280860056895 52.0 
332.0 280.0 3.0309354324158964 6.1725280860056895 52.0 
332.0 281.0 3.0309354324158964 6.1725280860056895 52.0 
332.0 282.0 3.0309354324158964 6.1725280860056895 52.0 
332.0 283.0 3.0309354324158964 6.1725280860056895 52.0 
333.0 278.0 3.0309354324158964 6.1725280860056895 52.0 
333.0 279.0 3.0309354324158964 6.1725280860056895 52.0 
333.0 280.0 3.0309354324158964 6.1725280860056895 52.0 
333.0 281.0 3.0309354324158964 6.1725280860056895 52.0 
333.0 282.0 3.0309354324158964 6.1725280860056895 52.0 
333.0 283.0 3.0309354324158964 6.1725280860056895 52.0 
334.0 278.0 3.0309354324158964 6.1725280860056895 52.0 
334.0 279.0 3.0309354324158964 6.1725280860056895 52.0 
334.0 280.0 3.0309354324158964 6.1725280860056895 52.0 
334.0 281.0 3.0309354324158964 6.1725280860056895 52.0 
334.0 282.0 3.0309354324158964 6.1725280860056895 52.0 
334.0 283.0 3.0309354324158964 6.1725280860056895 52.0 
335.0 278.0 3.0309354324158964 6.1725280860056895 52.0 
335.0 279.0 3.0309354324158964 6.1725280860056895 52.0 
335.0 280.0 3.0309354324158964 6.1725280860056895 52.0 
335.0 281.0 3.0309354324158964 6.1725280860056895 52.0 
335.0 282.0 3.0309354324158964 6.1725280860056895 52.0 
335.0 283.0 3.0309354324158964 6.1725280860056895 52.0 
336.0 277.0 3.0309354324158964 6.1725280860056895 52.0 
336.0 278.0 3.0309354324158964 6.1725280860056895 52.0 
336.0 279.0 3.0309354324158964 6.1725280860056895 52.0 
336.0 280.0 3.0309354324158964 6.1725280860056895 52.0 
336.0 281.0 3.0309354324158964 6.1725280860056895 52.0 
336.0 282.0 3.0309354324158964 6.1725280860056895 52.0 
336.0 283.0 3.0309354324158964 6.1725280860056895 52.0 
337.0 277.0 3.0309354324158964 6.1725280860056895 52.0 
337.0 278.0 3.0309354324158964 6.1725280860056895 52.0 
337.0 279.0 3.0309354324158964 6.1725280860056895 52.0 
337.0 280.0 3.0309354324158964 6.1725280860056895 52.0 
337.0 281.0 3.0309354324158964 6.1725280860056895 52.0 
337.0 282.0 3.0309354324158964 6.1725280860056895 52.0 
338.0 277.0 3.0309354324158964 6.1725280860056895 52.0 
338.0 278.0 3.0309354324158964 6.1725280860056895 52.0 
338.0 279.0 3.0309354324158964 6.1725280860056895 52.0 
338.0 280.0 3.0309354324158964 6.1725280860056895 52.0 
338.0 281.0 3.0309354324158964 6.1725280860056895 52.0 
338.0 282.0 3.0309354324158964 6.1725280860056895 52.0 
339.0 277.0 3.0309354324158964 6.1725280860056895 52.0 
339.0 278.0 3.0309354324158964 6.1725280860056895 52.0 
339.0 279.0 3.0309354324158964 6.1725280860056895 52.0 
339.0 280.0 3.0309354324158964 6.1725280860056895 52.0 
339.0 281.0 3.0309354324158964 6.1725280860056895 52.0 
339.0 282.0 3.0309354324158964 6.1725280860056895 52.0 
340.0 277.0 3.0309354324158964 6.1725280860056895 52.0 
340.0 278.0 3.0309354324158964 6.1725280860056895 52.0 
340.0 279.0 3.0309354324158964 6.1725280860056895 52.0 
340.0 280.0 3.0309354324158964 6.1725280860056895 52.0 
340.0 281.0 3.0309354324158964 6.1725280860056895 52.0 
340.0 282.0 3.0309354324158964 6.1725280860056895 52.0 
341.0 277.0 3.0309354324158964 6.1725280860056895 52.0 
341.0 278.0 3.0309354324158964 6.1725280860056895 52.0 
341.0 279.0 3.0309354324158964 6.1725280860056895 52.0 
341.0 280.0 3.0309354324158964 6.1725280860056895 52.0 
341.0 281.0 3.0309354324158964 6.1725280860056895 52.0 
341.0 282.0 3.0309354324158964 6.1725280860056895 52.0 
342.0 277.0 3.0309354324158964 6.1725280860056895 52.0 
342.0 278.0 3.0309354324158964 6.1725280860056895 52.0 
342.0 279.0 3.0309354324158964 6.1725280860056895 52.0 
342.0 280.0 3.0309354324158964 6.1725280860056895 52.0 
342.0 281.0 3.0309354324158964 6.1725280860056895 52.0 
342.0 282.0 3.0309354324158964 6.1725280860056895 52.0 
343.0 277.0 3.0309354324158964 6.1725280860056895 52.0 
343.0 278.0 3.0309354324158964 6.1725280860056895 52.0 
343.0 279.0 3.0309354324158964 6.1725280860056895 52.0 
343.0 280.0 3.0309354324158964 6.1725280860056895 52.0 
343.0 281.0 3.0309354324158964 6.1725280860056895 52.0 
343.0 282.0 3.0309354324158964 6.1725280860056895 52.0 
344.0 277.0 3.0309354324158964 6.1725280860056895 52.0 
344.0 278.0 3.0309354324158964 6.1725280860056895 52.0 
344.0 279.0 3.0309354324158964 6.1725280860056895 52.0 
344.0 280.0 3.0309354324158964 6.1725280860056895 52.0 
344.0 281.0 3.0309354324158964 6.1725280860056895 52.0 
344.0 282.0 3.0309354324158964 6.1725280860056895 52.0 
345.0 276.0 3.0309354324158964 6.1725280860056895 52.0 
345.0 277.0 3.0309354324158964 6.1725280860056895 52.0 
345.0 278.0 3.0309354324158964 6.1725280860056895 52.0 
345.0 279.0 3.0309354324158964 6.1725280860056895 52.0 
345.0 280.0 3.0309354324158964 6.1725280860056895 52.0 
345.0 281.0 3.0309354324158964 6.1725280860056895 52.0 
345.0 282.0 3.0309354324158964 6.1725280860056895 52.0 
346.0 276.0 3.0309354324158964 6.1725280860056895 52.0 
346.0 277.0 3.0309354324158964 6.1725280860056895 52.0 
346.0 278.0 3.0309354324158964 6.1725280860056895 52.0 
346.0 279.0 3.0309354324158964 6.1725280860056895 52.0 
346.0 280.0 3.0309354324158964 6.1725280860056895 52.0 
346.0 281.0 3.0309354324158964 6.1725280860056895 52.0 
347.0 276.0 3.0309354324158964 6.1725280860056895 52.0 
347.0 277.0 3.0309354324158964 6.1725280860056895 52.0 
347.0 278.0 3.0309354324158964 6.1725280860056895 52.0 
347.0 279.0 3.0309354324158964 6.1725280860056895 52.0 
347.0 280.0 3.0309354324158964 6.1725280860056895 52.0 
347.0 281.0 3.0309354324158964 6.1725280860056895 52.0 
348.0 276.0 3.0309354324158964 6.1725280860056895 52.0 
348.0 277.0 3.0309354324158964 6.1725280860056895 52.0 
348.0 278.0 3.0309354324158964 6.1725280860056895 52.0 
348.0 279.0 3.0309354324158964 6.1725280860056895 52.0 
348.0 280.0 3.0309354324158964 6.1725280860056895 52.0 
348.0 281.0 3.0309354324158964 6.1725280860056895 52.0 
349.0 276.0 3.0309354324158964 6.1725280860056895 52.0 
349.0 277.0 3.0309354324158964 6.1725280860056895 52.0 
349.0 278.0 3.0309354324158964 6.1725280860056895 52.0 
349.0 279.0 3.0309354324158964 6.1725280860056895 52.0 
349.0 280.0 3.0309354324158964 6.1725280860056895 52.0 
349.0 281.0 3.0309354324158964 6.1725280860056895 52.0 
350.0 276.0 3.0309354324158964 6.1725280860056895 52.0 
350.0 277.0 3.0309354324158964 6.1725280860056895 52.0 
350.0 278.0 3.0309354324158964 6.1725280860056895 52.0 
350.0 279.0 3.0309354324158964 6.1725280860056895 52.0 
350.0 280.0 3.0309354324158964 6.1725280860056895 52.0 
350.0 281.0 3.0309354324158964 6.1725280860056895 52.0 
351.0 276.0 3.0309354324158964 6.1725280860056895 52.0 
351.0 277.0 3.0309354324158964 6.1725280860056895 52.0 
351.0 278.0 3.0309354324158964 6.1725280860056895 52.0 
351.0 279.0 3.0309354324158964 6.1725280860056895 52.0 
351.0 280.0 3.0309354324158964 6.1725280860056895 52.0 
351.0 281.0 3.0309354324158964 6.1725280860056895 52.0 
352.0 276.0 3.0309354324158964 6.1725280860056895 52.0 
352.0 277.0 3.0309354324158964 6.1725280860056895 52.0 
352.0 278.0 3.0309354324158964 6.1725280860056895 52.0 
352.0 279.0 3.0309354324158964 6.1725280860056895 52.0 
352.0 280.0 3.0309354324158964 6.1725280860056895 52.0 
352.0 281.0 3.0309354324158964 6.1725280860056895 52.0 
353.0 276.0 3.0309354324158964 6.1725280860056895 52.0 
353.0 277.0 3.0309354324158964 6.1725280860056895 52.0 
353.0 278.0 3.0309354324158964 6.1725280860056895 52.0 
353.0 279.0 3.0309354324158964 6.1725280860056895 52.0 
353.0 280.0 3.0309354324158964 6.1725280860056895 52.0 
353.0 281.0 3.0309354324158964 6.1725280860056895 52.0 
354.0 278.0 3.0309354324158964 6.1725280860056895 52.0 
354.0 279.0 3.0309354324158964 6.1725280860056895 52.0 
354.0 280.0 3.0309354324158964 6.1725280860056895 52.0 
354.0 281.0 3.0309354324158964 6.1725280860056895 52.0 
