119 288 32.0 
119 289 32.0 
119 290 32.0 
119 291 32.0 
119 292 32.0 
120 288 32.0 
120 289 32.0 
120 290 32.0 
120 291 32.0 
120 292 32.0 
121 288 32.0 
121 289 32.0 
121 290 32.0 
121 291 32.0 
121 292 32.0 
122 288 32.0 
122 289 32.0 
122 290 32.0 
122 291 32.0 
122 292 32.0 
123 288 32.0 
123 289 32.0 
123 290 32.0 
123 291 32.0 
123 292 32.0 
144.0 286.0 3.098141758198262 6.239734411788055 40.0 
144.0 287.0 3.098141758198262 6.239734411788055 40.0 
144.0 288.0 3.098141758198262 6.239734411788055 40.0 
145.0 286.0 3.098141758198262 6.239734411788055 40.0 
145.0 287.0 3.098141758198262 6.239734411788055 40.0 
145.0 288.0 3.098141758198262 6.239734411788055 40.0 
145.0 289.0 3.098141758198262 6.239734411788055 40.0 
145.0 290.0 3.098141758198262 6.239734411788055 40.0 
145.0 291.0 3.098141758198262 6.239734411788055 40.0 
146.0 286.0 3.098141758198262 6.239734411788055 40.0 
146.0 287.0 3.098141758198262 6.239734411788055 40.0 
146.0 288.0 3.098141758198262 6.239734411788055 40.0 
146.0 289.0 3.098141758198262 6.239734411788055 40.0 
146.0 290.0 3.098141758198262 6.239734411788055 40.0 
146.0 291.0 3.098141758198262 6.239734411788055 40.0 
147.0 286.0 3.098141758198262 6.239734411788055 40.0 
147.0 287.0 3.098141758198262 6.239734411788055 40.0 
147.0 288.0 3.098141758198262 6.239734411788055 40.0 
147.0 289.0 3.098141758198262 6.239734411788055 40.0 
147.0 290.0 3.098141758198262 6.239734411788055 40.0 
147.0 291.0 3.098141758198262 6.239734411788055 40.0 
148.0 286.0 3.098141758198262 6.239734411788055 40.0 
148.0 287.0 3.098141758198262 6.239734411788055 40.0 
148.0 288.0 3.098141758198262 6.239734411788055 40.0 
148.0 289.0 3.098141758198262 6.239734411788055 40.0 
148.0 290.0 3.098141758198262 6.239734411788055 40.0 
148.0 291.0 3.098141758198262 6.239734411788055 40.0 
149.0 286.0 3.098141758198262 6.239734411788055 40.0 
149.0 287.0 3.098141758198262 6.239734411788055 40.0 
149.0 288.0 3.098141758198262 6.239734411788055 40.0 
149.0 289.0 3.098141758198262 6.239734411788055 40.0 
149.0 290.0 3.098141758198262 6.239734411788055 40.0 
149.0 291.0 3.098141758198262 6.239734411788055 40.0 
150.0 286.0 3.098141758198262 6.239734411788055 40.0 
150.0 287.0 3.098141758198262 6.239734411788055 40.0 
150.0 288.0 3.098141758198262 6.239734411788055 40.0 
150.0 289.0 3.098141758198262 6.239734411788055 40.0 
150.0 290.0 3.098141758198262 6.239734411788055 40.0 
150.0 291.0 3.098141758198262 6.239734411788055 40.0 
151.0 286.0 3.098141758198262 6.239734411788055 40.0 
151.0 287.0 3.098141758198262 6.239734411788055 40.0 
151.0 288.0 3.098141758198262 6.239734411788055 40.0 
151.0 289.0 3.098141758198262 6.239734411788055 40.0 
151.0 290.0 3.098141758198262 6.239734411788055 40.0 
151.0 291.0 3.098141758198262 6.239734411788055 40.0 
152.0 286.0 3.098141758198262 6.239734411788055 40.0 
152.0 287.0 3.098141758198262 6.239734411788055 40.0 
152.0 288.0 3.098141758198262 6.239734411788055 40.0 
152.0 289.0 3.098141758198262 6.239734411788055 40.0 
152.0 290.0 3.098141758198262 6.239734411788055 40.0 
152.0 291.0 3.098141758198262 6.239734411788055 40.0 
153.0 286.0 3.098141758198262 6.239734411788055 40.0 
153.0 287.0 3.098141758198262 6.239734411788055 40.0 
153.0 288.0 3.098141758198262 6.239734411788055 40.0 
153.0 289.0 3.098141758198262 6.239734411788055 40.0 
153.0 290.0 3.098141758198262 6.239734411788055 40.0 
153.0 291.0 3.098141758198262 6.239734411788055 40.0 
154.0 286.0 3.098141758198262 6.239734411788055 40.0 
154.0 287.0 3.098141758198262 6.239734411788055 40.0 
154.0 288.0 3.098141758198262 6.239734411788055 40.0 
154.0 289.0 3.098141758198262 6.239734411788055 40.0 
154.0 290.0 3.098141758198262 6.239734411788055 40.0 
154.0 291.0 3.098141758198262 6.239734411788055 40.0 
155.0 286.0 3.098141758198262 6.239734411788055 40.0 
155.0 287.0 3.098141758198262 6.239734411788055 40.0 
155.0 288.0 3.098141758198262 6.239734411788055 40.0 
155.0 289.0 3.098141758198262 6.239734411788055 40.0 
155.0 290.0 3.098141758198262 6.239734411788055 40.0 
155.0 291.0 3.098141758198262 6.239734411788055 40.0 
156.0 286.0 3.098141758198262 6.239734411788055 40.0 
156.0 287.0 3.098141758198262 6.239734411788055 40.0 
156.0 288.0 3.098141758198262 6.239734411788055 40.0 
156.0 289.0 3.098141758198262 6.239734411788055 40.0 
156.0 290.0 3.098141758198262 6.239734411788055 40.0 
156.0 291.0 3.098141758198262 6.239734411788055 40.0 
157.0 286.0 3.098141758198262 6.239734411788055 40.0 
157.0 287.0 3.098141758198262 6.239734411788055 40.0 
157.0 288.0 3.098141758198262 6.239734411788055 40.0 
157.0 289.0 3.098141758198262 6.239734411788055 40.0 
157.0 290.0 3.098141758198262 6.239734411788055 40.0 
157.0 291.0 3.098141758198262 6.239734411788055 40.0 
158.0 286.0 3.098141758198262 6.239734411788055 40.0 
158.0 287.0 3.098141758198262 6.239734411788055 40.0 
158.0 288.0 3.098141758198262 6.239734411788055 40.0 
158.0 289.0 3.098141758198262 6.239734411788055 40.0 
158.0 290.0 3.098141758198262 6.239734411788055 40.0 
158.0 291.0 3.098141758198262 6.239734411788055 40.0 
159.0 286.0 3.098141758198262 6.239734411788055 40.0 
159.0 287.0 3.098141758198262 6.239734411788055 40.0 
159.0 288.0 3.098141758198262 6.239734411788055 40.0 
159.0 289.0 3.098141758198262 6.239734411788055 40.0 
159.0 290.0 3.098141758198262 6.239734411788055 40.0 
159.0 291.0 3.098141758198262 6.239734411788055 40.0 
160.0 286.0 3.098141758198262 6.239734411788055 40.0 
160.0 287.0 3.098141758198262 6.239734411788055 40.0 
160.0 288.0 3.098141758198262 6.239734411788055 40.0 
160.0 289.0 3.098141758198262 6.239734411788055 40.0 
160.0 290.0 3.098141758198262 6.239734411788055 40.0 
160.0 291.0 3.098141758198262 6.239734411788055 40.0 
161.0 286.0 3.098141758198262 6.239734411788055 40.0 
161.0 287.0 3.098141758198262 6.239734411788055 40.0 
161.0 288.0 3.098141758198262 6.239734411788055 40.0 
161.0 289.0 3.098141758198262 6.239734411788055 40.0 
161.0 290.0 3.098141758198262 6.239734411788055 40.0 
161.0 291.0 3.098141758198262 6.239734411788055 40.0 
162.0 286.0 3.098141758198262 6.239734411788055 40.0 
162.0 287.0 3.098141758198262 6.239734411788055 40.0 
162.0 288.0 3.098141758198262 6.239734411788055 40.0 
162.0 289.0 3.098141758198262 6.239734411788055 40.0 
162.0 290.0 3.098141758198262 6.239734411788055 40.0 
162.0 291.0 3.098141758198262 6.239734411788055 40.0 
163.0 286.0 3.098141758198262 6.239734411788055 40.0 
163.0 287.0 3.098141758198262 6.239734411788055 40.0 
163.0 288.0 3.098141758198262 6.239734411788055 40.0 
163.0 289.0 3.098141758198262 6.239734411788055 40.0 
163.0 290.0 3.098141758198262 6.239734411788055 40.0 
163.0 291.0 3.098141758198262 6.239734411788055 40.0 
164.0 286.0 3.098141758198262 6.239734411788055 40.0 
164.0 287.0 3.098141758198262 6.239734411788055 40.0 
164.0 288.0 3.098141758198262 6.239734411788055 40.0 
164.0 289.0 3.098141758198262 6.239734411788055 40.0 
164.0 290.0 3.098141758198262 6.239734411788055 40.0 
164.0 291.0 3.098141758198262 6.239734411788055 40.0 
165.0 286.0 3.098141758198262 6.239734411788055 40.0 
165.0 287.0 3.098141758198262 6.239734411788055 40.0 
165.0 288.0 3.098141758198262 6.239734411788055 40.0 
165.0 289.0 3.098141758198262 6.239734411788055 40.0 
165.0 290.0 3.098141758198262 6.239734411788055 40.0 
165.0 291.0 3.098141758198262 6.239734411788055 40.0 
166.0 286.0 3.098141758198262 6.239734411788055 40.0 
166.0 287.0 3.098141758198262 6.239734411788055 40.0 
166.0 288.0 3.098141758198262 6.239734411788055 40.0 
166.0 289.0 3.098141758198262 6.239734411788055 40.0 
166.0 290.0 3.098141758198262 6.239734411788055 40.0 
166.0 291.0 3.098141758198262 6.239734411788055 40.0 
167.0 288.0 3.098141758198262 6.239734411788055 40.0 
167.0 289.0 3.098141758198262 6.239734411788055 40.0 
167.0 290.0 3.098141758198262 6.239734411788055 40.0 
167.0 291.0 3.098141758198262 6.239734411788055 40.0 
169.0 289.0 3.2712951907457057 0.1297025371559127 44.0 
169.0 290.0 3.2712951907457057 0.1297025371559127 44.0 
169.0 291.0 3.2712951907457057 0.1297025371559127 44.0 
169.0 292.0 3.2712951907457057 0.1297025371559127 44.0 
170.0 287.0 3.2712951907457057 0.1297025371559127 44.0 
170.0 288.0 3.2712951907457057 0.1297025371559127 44.0 
170.0 289.0 3.2712951907457057 0.1297025371559127 44.0 
170.0 290.0 3.2712951907457057 0.1297025371559127 44.0 
170.0 291.0 3.2712951907457057 0.1297025371559127 44.0 
170.0 292.0 3.2712951907457057 0.1297025371559127 44.0 
171.0 287.0 3.2712951907457057 0.1297025371559127 44.0 
171.0 288.0 3.2712951907457057 0.1297025371559127 44.0 
171.0 289.0 3.2712951907457057 0.1297025371559127 44.0 
171.0 290.0 3.2712951907457057 0.1297025371559127 44.0 
171.0 291.0 3.2712951907457057 0.1297025371559127 44.0 
171.0 292.0 3.2712951907457057 0.1297025371559127 44.0 
172.0 287.0 3.2712951907457057 0.1297025371559127 44.0 
172.0 288.0 3.2712951907457057 0.1297025371559127 44.0 
172.0 289.0 3.2712951907457057 0.1297025371559127 44.0 
172.0 290.0 3.2712951907457057 0.1297025371559127 44.0 
172.0 291.0 3.2712951907457057 0.1297025371559127 44.0 
172.0 292.0 3.2712951907457057 0.1297025371559127 44.0 
173.0 287.0 3.2712951907457057 0.1297025371559127 44.0 
173.0 288.0 3.2712951907457057 0.1297025371559127 44.0 
173.0 289.0 3.2712951907457057 0.1297025371559127 44.0 
173.0 290.0 3.2712951907457057 0.1297025371559127 44.0 
173.0 291.0 3.2712951907457057 0.1297025371559127 44.0 
173.0 292.0 3.2712951907457057 0.1297025371559127 44.0 
174.0 287.0 3.2712951907457057 0.1297025371559127 44.0 
174.0 288.0 3.2712951907457057 0.1297025371559127 44.0 
174.0 289.0 3.2712951907457057 0.1297025371559127 44.0 
174.0 290.0 3.2712951907457057 0.1297025371559127 44.0 
174.0 291.0 3.2712951907457057 0.1297025371559127 44.0 
174.0 292.0 3.2712951907457057 0.1297025371559127 44.0 
175.0 287.0 3.2712951907457057 0.1297025371559127 44.0 
175.0 288.0 3.2712951907457057 0.1297025371559127 44.0 
175.0 289.0 3.2712951907457057 0.1297025371559127 44.0 
175.0 290.0 3.2712951907457057 0.1297025371559127 44.0 
175.0 291.0 3.2712951907457057 0.1297025371559127 44.0 
175.0 292.0 3.2712951907457057 0.1297025371559127 44.0 
176.0 287.0 3.2712951907457057 0.1297025371559127 44.0 
176.0 288.0 3.2712951907457057 0.1297025371559127 44.0 
176.0 289.0 3.2712951907457057 0.1297025371559127 44.0 
176.0 290.0 3.2712951907457057 0.1297025371559127 44.0 
176.0 291.0 3.2712951907457057 0.1297025371559127 44.0 
176.0 292.0 3.2712951907457057 0.1297025371559127 44.0 
177.0 288.0 3.2712951907457057 0.1297025371559127 44.0 
177.0 289.0 3.2712951907457057 0.1297025371559127 44.0 
177.0 290.0 3.2712951907457057 0.1297025371559127 44.0 
177.0 291.0 3.2712951907457057 0.1297025371559127 44.0 
177.0 292.0 3.2712951907457057 0.1297025371559127 44.0 
177.0 293.0 3.2712951907457057 0.1297025371559127 44.0 
178.0 288.0 3.2712951907457057 0.1297025371559127 44.0 
178.0 289.0 3.2712951907457057 0.1297025371559127 44.0 
178.0 290.0 3.2712951907457057 0.1297025371559127 44.0 
178.0 291.0 3.2712951907457057 0.1297025371559127 44.0 
178.0 292.0 3.2712951907457057 0.1297025371559127 44.0 
178.0 293.0 3.2712951907457057 0.1297025371559127 44.0 
179.0 288.0 3.2712951907457057 0.1297025371559127 44.0 
179.0 289.0 3.2712951907457057 0.1297025371559127 44.0 
179.0 290.0 3.2712951907457057 0.1297025371559127 44.0 
179.0 291.0 3.2712951907457057 0.1297025371559127 44.0 
179.0 292.0 3.2712951907457057 0.1297025371559127 44.0 
179.0 293.0 3.2712951907457057 0.1297025371559127 44.0 
180.0 288.0 3.2712951907457057 0.1297025371559127 44.0 
180.0 289.0 3.2712951907457057 0.1297025371559127 44.0 
180.0 290.0 3.2712951907457057 0.1297025371559127 44.0 
180.0 291.0 3.2712951907457057 0.1297025371559127 44.0 
180.0 292.0 3.2712951907457057 0.1297025371559127 44.0 
180.0 293.0 3.2712951907457057 0.1297025371559127 44.0 
181.0 288.0 3.2712951907457057 0.1297025371559127 44.0 
181.0 289.0 3.2712951907457057 0.1297025371559127 44.0 
181.0 290.0 3.2712951907457057 0.1297025371559127 44.0 
181.0 291.0 3.2712951907457057 0.1297025371559127 44.0 
181.0 292.0 3.2712951907457057 0.1297025371559127 44.0 
181.0 293.0 3.2712951907457057 0.1297025371559127 44.0 
182.0 288.0 3.2712951907457057 0.1297025371559127 44.0 
182.0 289.0 3.2712951907457057 0.1297025371559127 44.0 
182.0 290.0 3.2712951907457057 0.1297025371559127 44.0 
182.0 291.0 3.2712951907457057 0.1297025371559127 44.0 
182.0 292.0 3.2712951907457057 0.1297025371559127 44.0 
182.0 293.0 3.2712951907457057 0.1297025371559127 44.0 
183.0 288.0 3.2712951907457057 0.1297025371559127 44.0 
183.0 289.0 3.2712951907457057 0.1297025371559127 44.0 
183.0 290.0 3.2712951907457057 0.1297025371559127 44.0 
183.0 291.0 3.2712951907457057 0.1297025371559127 44.0 
183.0 292.0 3.2712951907457057 0.1297025371559127 44.0 
183.0 293.0 3.2712951907457057 0.1297025371559127 44.0 
184.0 288.0 3.2712951907457057 0.1297025371559127 44.0 
184.0 289.0 3.2712951907457057 0.1297025371559127 44.0 
184.0 290.0 3.2712951907457057 0.1297025371559127 44.0 
184.0 291.0 3.2712951907457057 0.1297025371559127 44.0 
184.0 292.0 3.2712951907457057 0.1297025371559127 44.0 
184.0 293.0 3.2712951907457057 0.1297025371559127 44.0 
185.0 289.0 3.2712951907457057 0.1297025371559127 44.0 
185.0 290.0 3.2712951907457057 0.1297025371559127 44.0 
185.0 291.0 3.2712951907457057 0.1297025371559127 44.0 
185.0 292.0 3.2712951907457057 0.1297025371559127 44.0 
185.0 293.0 3.2712951907457057 0.1297025371559127 44.0 
185.0 294.0 3.2712951907457057 0.1297025371559127 44.0 
186.0 289.0 3.2712951907457057 0.1297025371559127 44.0 
186.0 290.0 3.2712951907457057 0.1297025371559127 44.0 
186.0 291.0 3.2712951907457057 0.1297025371559127 44.0 
186.0 292.0 3.2712951907457057 0.1297025371559127 44.0 
186.0 293.0 3.2712951907457057 0.1297025371559127 44.0 
186.0 294.0 3.2712951907457057 0.1297025371559127 44.0 
187.0 289.0 3.2712951907457057 0.1297025371559127 44.0 
187.0 290.0 3.2712951907457057 0.1297025371559127 44.0 
187.0 291.0 3.2712951907457057 0.1297025371559127 44.0 
187.0 292.0 3.2712951907457057 0.1297025371559127 44.0 
187.0 293.0 3.2712951907457057 0.1297025371559127 44.0 
187.0 294.0 3.2712951907457057 0.1297025371559127 44.0 
188.0 289.0 3.2712951907457057 0.1297025371559127 44.0 
188.0 290.0 3.2712951907457057 0.1297025371559127 44.0 
188.0 291.0 3.2712951907457057 0.1297025371559127 44.0 
188.0 292.0 3.2712951907457057 0.1297025371559127 44.0 
188.0 293.0 3.2712951907457057 0.1297025371559127 44.0 
188.0 294.0 3.2712951907457057 0.1297025371559127 44.0 
189.0 289.0 3.2712951907457057 0.1297025371559127 44.0 
189.0 290.0 3.2712951907457057 0.1297025371559127 44.0 
189.0 291.0 3.2712951907457057 0.1297025371559127 44.0 
189.0 292.0 3.2712951907457057 0.1297025371559127 44.0 
189.0 293.0 3.2712951907457057 0.1297025371559127 44.0 
189.0 294.0 3.2712951907457057 0.1297025371559127 44.0 
190.0 289.0 3.2712951907457057 0.1297025371559127 44.0 
190.0 290.0 3.2712951907457057 0.1297025371559127 44.0 
190.0 291.0 3.2712951907457057 0.1297025371559127 44.0 
190.0 292.0 3.2712951907457057 0.1297025371559127 44.0 
190.0 293.0 3.2712951907457057 0.1297025371559127 44.0 
190.0 294.0 3.2712951907457057 0.1297025371559127 44.0 
191.0 289.0 3.2712951907457057 0.1297025371559127 44.0 
191.0 290.0 3.2712951907457057 0.1297025371559127 44.0 
191.0 291.0 3.2712951907457057 0.1297025371559127 44.0 
191.0 292.0 3.2712951907457057 0.1297025371559127 44.0 
191.0 293.0 3.2712951907457057 0.1297025371559127 44.0 
191.0 294.0 3.2712951907457057 0.1297025371559127 44.0 
192.0 289.0 3.2712951907457057 0.1297025371559127 44.0 
192.0 290.0 3.2712951907457057 0.1297025371559127 44.0 
192.0 291.0 3.2712951907457057 0.1297025371559127 44.0 
