248.0 304.0 3.9174672953936285 0.7758746418038357 56.0 
248.0 305.0 3.9174672953936285 0.7758746418038357 56.0 
249.0 302.0 3.9174672953936285 0.7758746418038357 56.0 
249.0 303.0 3.9174672953936285 0.7758746418038357 56.0 
249.0 304.0 3.9174672953936285 0.7758746418038357 56.0 
249.0 305.0 3.9174672953936285 0.7758746418038357 56.0 
249.0 306.0 3.9174672953936285 0.7758746418038357 56.0 
250.0 301.0 3.9174672953936285 0.7758746418038357 56.0 
250.0 302.0 3.9174672953936285 0.7758746418038357 56.0 
250.0 303.0 3.9174672953936285 0.7758746418038357 56.0 
250.0 304.0 3.9174672953936285 0.7758746418038357 56.0 
250.0 305.0 3.9174672953936285 0.7758746418038357 56.0 
250.0 306.0 3.9174672953936285 0.7758746418038357 56.0 
250.0 307.0 3.9174672953936285 0.7758746418038357 56.0 
251.0 300.0 3.9174672953936285 0.7758746418038357 56.0 
251.0 301.0 3.9174672953936285 0.7758746418038357 56.0 
251.0 302.0 3.9174672953936285 0.7758746418038357 56.0 
251.0 303.0 3.9174672953936285 0.7758746418038357 56.0 
251.0 304.0 3.9174672953936285 0.7758746418038357 56.0 
251.0 305.0 3.9174672953936285 0.7758746418038357 56.0 
251.0 306.0 3.9174672953936285 0.7758746418038357 56.0 
251.0 307.0 3.9174672953936285 0.7758746418038357 56.0 
251.0 308.0 3.9174672953936285 0.7758746418038357 56.0 
252.0 301.0 3.9174672953936285 0.7758746418038357 56.0 
252.0 302.0 3.9174672953936285 0.7758746418038357 56.0 
252.0 303.0 3.9174672953936285 0.7758746418038357 56.0 
252.0 304.0 3.9174672953936285 0.7758746418038357 56.0 
252.0 305.0 3.9174672953936285 0.7758746418038357 56.0 
252.0 306.0 3.9174672953936285 0.7758746418038357 56.0 
252.0 307.0 3.9174672953936285 0.7758746418038357 56.0 
252.0 308.0 3.9174672953936285 0.7758746418038357 56.0 
252.0 309.0 3.9174672953936285 0.7758746418038357 56.0 
253.0 302.0 3.9174672953936285 0.7758746418038357 56.0 
253.0 303.0 3.9174672953936285 0.7758746418038357 56.0 
253.0 304.0 3.9174672953936285 0.7758746418038357 56.0 
253.0 305.0 3.9174672953936285 0.7758746418038357 56.0 
253.0 306.0 3.9174672953936285 0.7758746418038357 56.0 
253.0 307.0 3.9174672953936285 0.7758746418038357 56.0 
253.0 308.0 3.9174672953936285 0.7758746418038357 56.0 
253.0 309.0 3.9174672953936285 0.7758746418038357 56.0 
253.0 310.0 3.9174672953936285 0.7758746418038357 56.0 
254.0 303.0 3.9174672953936285 0.7758746418038357 56.0 
254.0 304.0 3.9174672953936285 0.7758746418038357 56.0 
254.0 305.0 3.9174672953936285 0.7758746418038357 56.0 
254.0 306.0 3.9174672953936285 0.7758746418038357 56.0 
254.0 307.0 3.9174672953936285 0.7758746418038357 56.0 
254.0 308.0 3.9174672953936285 0.7758746418038357 56.0 
254.0 309.0 3.9174672953936285 0.7758746418038357 56.0 
254.0 310.0 3.9174672953936285 0.7758746418038357 56.0 
254.0 311.0 3.9174672953936285 0.7758746418038357 56.0 
255.0 304.0 3.9174672953936285 0.7758746418038357 56.0 
255.0 305.0 3.9174672953936285 0.7758746418038357 56.0 
255.0 306.0 3.9174672953936285 0.7758746418038357 56.0 
255.0 307.0 3.9174672953936285 0.7758746418038357 56.0 
255.0 308.0 3.9174672953936285 0.7758746418038357 56.0 
255.0 309.0 3.9174672953936285 0.7758746418038357 56.0 
255.0 310.0 3.9174672953936285 0.7758746418038357 56.0 
255.0 311.0 3.9174672953936285 0.7758746418038357 56.0 
255.0 312.0 3.9174672953936285 0.7758746418038357 56.0 
256.0 305.0 3.9174672953936285 0.7758746418038357 56.0 
256.0 306.0 3.9174672953936285 0.7758746418038357 56.0 
256.0 307.0 3.9174672953936285 0.7758746418038357 56.0 
256.0 308.0 3.9174672953936285 0.7758746418038357 56.0 
256.0 309.0 3.9174672953936285 0.7758746418038357 56.0 
256.0 310.0 3.9174672953936285 0.7758746418038357 56.0 
256.0 311.0 3.9174672953936285 0.7758746418038357 56.0 
256.0 312.0 3.9174672953936285 0.7758746418038357 56.0 
256.0 313.0 3.9174672953936285 0.7758746418038357 56.0 
257.0 306.0 3.9174672953936285 0.7758746418038357 56.0 
257.0 307.0 3.9174672953936285 0.7758746418038357 56.0 
257.0 308.0 3.9174672953936285 0.7758746418038357 56.0 
257.0 309.0 3.9174672953936285 0.7758746418038357 56.0 
257.0 310.0 3.9174672953936285 0.7758746418038357 56.0 
257.0 311.0 3.9174672953936285 0.7758746418038357 56.0 
257.0 312.0 3.9174672953936285 0.7758746418038357 56.0 
257.0 313.0 3.9174672953936285 0.7758746418038357 56.0 
257.0 314.0 3.9174672953936285 0.7758746418038357 56.0 
258.0 307.0 3.9174672953936285 0.7758746418038357 56.0 
258.0 308.0 3.9174672953936285 0.7758746418038357 56.0 
258.0 309.0 3.9174672953936285 0.7758746418038357 56.0 
258.0 310.0 3.9174672953936285 0.7758746418038357 56.0 
258.0 311.0 3.9174672953936285 0.7758746418038357 56.0 
258.0 312.0 3.9174672953936285 0.7758746418038357 56.0 
258.0 313.0 3.9174672953936285 0.7758746418038357 56.0 
258.0 314.0 3.9174672953936285 0.7758746418038357 56.0 
258.0 315.0 3.9174672953936285 0.7758746418038357 56.0 
259.0 308.0 3.9174672953936285 0.7758746418038357 56.0 
259.0 309.0 3.9174672953936285 0.7758746418038357 56.0 
259.0 310.0 3.9174672953936285 0.7758746418038357 56.0 
259.0 311.0 3.9174672953936285 0.7758746418038357 56.0 
259.0 312.0 3.9174672953936285 0.7758746418038357 56.0 
259.0 313.0 3.9174672953936285 0.7758746418038357 56.0 
259.0 314.0 3.9174672953936285 0.7758746418038357 56.0 
259.0 315.0 3.9174672953936285 0.7758746418038357 56.0 
259.0 316.0 3.9174672953936285 0.7758746418038357 56.0 
260.0 309.0 3.9174672953936285 0.7758746418038357 56.0 
260.0 310.0 3.9174672953936285 0.7758746418038357 56.0 
260.0 311.0 3.9174672953936285 0.7758746418038357 56.0 
260.0 312.0 3.9174672953936285 0.7758746418038357 56.0 
260.0 313.0 3.9174672953936285 0.7758746418038357 56.0 
260.0 314.0 3.9174672953936285 0.7758746418038357 56.0 
260.0 315.0 3.9174672953936285 0.7758746418038357 56.0 
260.0 316.0 3.9174672953936285 0.7758746418038357 56.0 
261.0 310.0 3.9174672953936285 0.7758746418038357 56.0 
261.0 311.0 3.9174672953936285 0.7758746418038357 56.0 
261.0 312.0 3.9174672953936285 0.7758746418038357 56.0 
261.0 313.0 3.9174672953936285 0.7758746418038357 56.0 
261.0 314.0 3.9174672953936285 0.7758746418038357 56.0 
261.0 315.0 3.9174672953936285 0.7758746418038357 56.0 
261.0 316.0 3.9174672953936285 0.7758746418038357 56.0 
261.0 317.0 3.9174672953936285 0.7758746418038357 56.0 
262.0 311.0 3.9174672953936285 0.7758746418038357 56.0 
262.0 312.0 3.9174672953936285 0.7758746418038357 56.0 
262.0 313.0 3.9174672953936285 0.7758746418038357 56.0 
262.0 314.0 3.9174672953936285 0.7758746418038357 56.0 
262.0 315.0 3.9174672953936285 0.7758746418038357 56.0 
262.0 316.0 3.9174672953936285 0.7758746418038357 56.0 
262.0 317.0 3.9174672953936285 0.7758746418038357 56.0 
262.0 318.0 3.9174672953936285 0.7758746418038357 56.0 
263.0 312.0 3.9174672953936285 0.7758746418038357 56.0 
263.0 313.0 3.9174672953936285 0.7758746418038357 56.0 
263.0 314.0 3.9174672953936285 0.7758746418038357 56.0 
263.0 315.0 3.9174672953936285 0.7758746418038357 56.0 
263.0 316.0 3.9174672953936285 0.7758746418038357 56.0 
263.0 317.0 3.9174672953936285 0.7758746418038357 56.0 
263.0 318.0 3.9174672953936285 0.7758746418038357 56.0 
263.0 319.0 3.9174672953936285 0.7758746418038357 56.0 
264.0 313.0 3.9174672953936285 0.7758746418038357 56.0 
264.0 314.0 3.9174672953936285 0.7758746418038357 56.0 
264.0 315.0 3.9174672953936285 0.7758746418038357 56.0 
264.0 316.0 3.9174672953936285 0.7758746418038357 56.0 
264.0 317.0 3.9174672953936285 0.7758746418038357 56.0 
264.0 318.0 3.9174672953936285 0.7758746418038357 56.0 
264.0 319.0 3.9174672953936285 0.7758746418038357 56.0 
264.0 320.0 3.9174672953936285 0.7758746418038357 56.0 
265.0 314.0 3.9174672953936285 0.7758746418038357 56.0 
265.0 315.0 3.9174672953936285 0.7758746418038357 56.0 
265.0 316.0 3.9174672953936285 0.7758746418038357 56.0 
265.0 317.0 3.9174672953936285 0.7758746418038357 56.0 
265.0 318.0 3.9174672953936285 0.7758746418038357 56.0 
265.0 319.0 3.9174672953936285 0.7758746418038357 56.0 
265.0 320.0 3.9174672953936285 0.7758746418038357 56.0 
265.0 321.0 3.9174672953936285 0.7758746418038357 56.0 
266.0 315.0 3.9174672953936285 0.7758746418038357 56.0 
266.0 316.0 3.9174672953936285 0.7758746418038357 56.0 
266.0 317.0 3.9174672953936285 0.7758746418038357 56.0 
266.0 318.0 3.9174672953936285 0.7758746418038357 56.0 
266.0 319.0 3.9174672953936285 0.7758746418038357 56.0 
266.0 320.0 3.9174672953936285 0.7758746418038357 56.0 
266.0 321.0 3.9174672953936285 0.7758746418038357 56.0 
266.0 322.0 3.9174672953936285 0.7758746418038357 56.0 
267.0 316.0 3.9174672953936285 0.7758746418038357 56.0 
267.0 317.0 3.9174672953936285 0.7758746418038357 56.0 
267.0 318.0 3.9174672953936285 0.7758746418038357 56.0 
267.0 319.0 3.9174672953936285 0.7758746418038357 56.0 
267.0 320.0 3.9174672953936285 0.7758746418038357 56.0 
267.0 321.0 3.9174672953936285 0.7758746418038357 56.0 
267.0 322.0 3.9174672953936285 0.7758746418038357 56.0 
267.0 323.0 3.9174672953936285 0.7758746418038357 56.0 
268.0 317.0 3.9174672953936285 0.7758746418038357 56.0 
268.0 318.0 3.9174672953936285 0.7758746418038357 56.0 
268.0 319.0 3.9174672953936285 0.7758746418038357 56.0 
268.0 320.0 3.9174672953936285 0.7758746418038357 56.0 
268.0 321.0 3.9174672953936285 0.7758746418038357 56.0 
268.0 322.0 3.9174672953936285 0.7758746418038357 56.0 
268.0 323.0 3.9174672953936285 0.7758746418038357 56.0 
268.0 324.0 3.9174672953936285 0.7758746418038357 56.0 
269.0 318.0 3.9174672953936285 0.7758746418038357 56.0 
269.0 319.0 3.9174672953936285 0.7758746418038357 56.0 
269.0 320.0 3.9174672953936285 0.7758746418038357 56.0 
269.0 321.0 3.9174672953936285 0.7758746418038357 56.0 
269.0 322.0 3.9174672953936285 0.7758746418038357 56.0 
269.0 323.0 3.9174672953936285 0.7758746418038357 56.0 
269.0 324.0 3.9174672953936285 0.7758746418038357 56.0 
269.0 325.0 3.9174672953936285 0.7758746418038357 56.0 
270.0 319.0 3.9174672953936285 0.7758746418038357 56.0 
270.0 320.0 3.9174672953936285 0.7758746418038357 56.0 
270.0 321.0 3.9174672953936285 0.7758746418038357 56.0 
270.0 322.0 3.9174672953936285 0.7758746418038357 56.0 
270.0 323.0 3.9174672953936285 0.7758746418038357 56.0 
270.0 324.0 3.9174672953936285 0.7758746418038357 56.0 
270.0 325.0 3.9174672953936285 0.7758746418038357 56.0 
270.0 326.0 3.9174672953936285 0.7758746418038357 56.0 
271.0 320.0 3.9174672953936285 0.7758746418038357 56.0 
271.0 321.0 3.9174672953936285 0.7758746418038357 56.0 
271.0 322.0 3.9174672953936285 0.7758746418038357 56.0 
271.0 323.0 3.9174672953936285 0.7758746418038357 56.0 
271.0 324.0 3.9174672953936285 0.7758746418038357 56.0 
271.0 325.0 3.9174672953936285 0.7758746418038357 56.0 
271.0 326.0 3.9174672953936285 0.7758746418038357 56.0 
271.0 327.0 3.9174672953936285 0.7758746418038357 56.0 
272.0 321.0 3.9174672953936285 0.7758746418038357 56.0 
272.0 322.0 3.9174672953936285 0.7758746418038357 56.0 
272.0 323.0 3.9174672953936285 0.7758746418038357 56.0 
272.0 324.0 3.9174672953936285 0.7758746418038357 56.0 
272.0 325.0 3.9174672953936285 0.7758746418038357 56.0 
272.0 326.0 3.9174672953936285 0.7758746418038357 56.0 
272.0 327.0 3.9174672953936285 0.7758746418038357 56.0 
272.0 328.0 3.9174672953936285 0.7758746418038357 56.0 
273.0 322.0 3.9174672953936285 0.7758746418038357 56.0 
273.0 323.0 3.9174672953936285 0.7758746418038357 56.0 
273.0 324.0 3.9174672953936285 0.7758746418038357 56.0 
273.0 325.0 3.9174672953936285 0.7758746418038357 56.0 
273.0 326.0 3.9174672953936285 0.7758746418038357 56.0 
273.0 327.0 3.9174672953936285 0.7758746418038357 56.0 
273.0 328.0 3.9174672953936285 0.7758746418038357 56.0 
273.0 329.0 3.9174672953936285 0.7758746418038357 56.0 
274.0 323.0 3.9174672953936285 0.7758746418038357 56.0 
274.0 324.0 3.9174672953936285 0.7758746418038357 56.0 
274.0 325.0 3.9174672953936285 0.7758746418038357 56.0 
274.0 326.0 3.9174672953936285 0.7758746418038357 56.0 
274.0 327.0 3.9174672953936285 0.7758746418038357 56.0 
274.0 328.0 3.9174672953936285 0.7758746418038357 56.0 
274.0 329.0 3.9174672953936285 0.7758746418038357 56.0 
274.0 330.0 3.9174672953936285 0.7758746418038357 56.0 
275.0 324.0 3.9174672953936285 0.7758746418038357 56.0 
275.0 325.0 3.9174672953936285 0.7758746418038357 56.0 
275.0 326.0 3.9174672953936285 0.7758746418038357 56.0 
275.0 327.0 3.9174672953936285 0.7758746418038357 56.0 
275.0 328.0 3.9174672953936285 0.7758746418038357 56.0 
275.0 329.0 3.9174672953936285 0.7758746418038357 56.0 
275.0 330.0 3.9174672953936285 0.7758746418038357 56.0 
275.0 331.0 3.9174672953936285 0.7758746418038357 56.0 
276.0 325.0 3.9174672953936285 0.7758746418038357 56.0 
276.0 326.0 3.9174672953936285 0.7758746418038357 56.0 
276.0 327.0 3.9174672953936285 0.7758746418038357 56.0 
276.0 328.0 3.9174672953936285 0.7758746418038357 56.0 
276.0 329.0 3.9174672953936285 0.7758746418038357 56.0 
276.0 330.0 3.9174672953936285 0.7758746418038357 56.0 
276.0 331.0 3.9174672953936285 0.7758746418038357 56.0 
276.0 332.0 3.9174672953936285 0.7758746418038357 56.0 
277.0 326.0 3.9174672953936285 0.7758746418038357 56.0 
277.0 327.0 3.9174672953936285 0.7758746418038357 56.0 
277.0 328.0 3.9174672953936285 0.7758746418038357 56.0 
277.0 329.0 3.9174672953936285 0.7758746418038357 56.0 
277.0 330.0 3.9174672953936285 0.7758746418038357 56.0 
277.0 331.0 3.9174672953936285 0.7758746418038357 56.0 
277.0 332.0 3.9174672953936285 0.7758746418038357 56.0 
277.0 333.0 3.9174672953936285 0.7758746418038357 56.0 
278.0 327.0 3.9174672953936285 0.7758746418038357 56.0 
278.0 328.0 3.9174672953936285 0.7758746418038357 56.0 
278.0 329.0 3.9174672953936285 0.7758746418038357 56.0 
278.0 330.0 3.9174672953936285 0.7758746418038357 56.0 
278.0 331.0 3.9174672953936285 0.7758746418038357 56.0 
278.0 332.0 3.9174672953936285 0.7758746418038357 56.0 
278.0 333.0 3.9174672953936285 0.7758746418038357 56.0 
278.0 334.0 3.9174672953936285 0.7758746418038357 56.0 
279.0 328.0 3.9174672953936285 0.7758746418038357 56.0 
279.0 329.0 3.9174672953936285 0.7758746418038357 56.0 
279.0 330.0 3.9174672953936285 0.7758746418038357 56.0 
279.0 331.0 3.9174672953936285 0.7758746418038357 56.0 
279.0 332.0 3.9174672953936285 0.7758746418038357 56.0 
279.0 333.0 3.9174672953936285 0.7758746418038357 56.0 
279.0 334.0 3.9174672953936285 0.7758746418038357 56.0 
279.0 335.0 3.9174672953936285 0.7758746418038357 56.0 
280.0 329.0 3.9174672953936285 0.7758746418038357 56.0 
280.0 330.0 3.9174672953936285 0.7758746418038357 56.0 
280.0 331.0 3.9174672953936285 0.7758746418038357 56.0 
280.0 332.0 3.9174672953936285 0.7758746418038357 56.0 
280.0 333.0 3.9174672953936285 0.7758746418038357 56.0 
280.0 334.0 3.9174672953936285 0.7758746418038357 56.0 
280.0 335.0 3.9174672953936285 0.7758746418038357 56.0 
280.0 336.0 3.9174672953936285 0.7758746418038357 56.0 
281.0 330.0 3.9174672953936285 0.7758746418038357 56.0 
281.0 331.0 3.9174672953936285 0.7758746418038357 56.0 
281.0 332.0 3.9174672953936285 0.7758746418038357 56.0 
281.0 333.0 3.9174672953936285 0.7758746418038357 56.0 
281.0 334.0 3.9174672953936285 0.7758746418038357 56.0 
281.0 335.0 3.9174672953936285 0.7758746418038357 56.0 
281.0 336.0 3.9174672953936285 0.7758746418038357 56.0 
281.0 337.0 3.9174672953936285 0.7758746418038357 56.0 
282.0 331.0 3.9174672953936285 0.7758746418038357 56.0 
282.0 332.0 3.9174672953936285 0.7758746418038357 56.0 
282.0 333.0 3.9174672953936285 0.7758746418038357 56.0 
282.0 334.0 3.9174672953936285 0.7758746418038357 56.0 
282.0 335.0 3.9174672953936285 0.7758746418038357 56.0 
282.0 336.0 3.9174672953936285 0.7758746418038357 56.0 
282.0 337.0 3.9174672953936285 0.7758746418038357 56.0 
282.0 338.0 3.9174672953936285 0.7758746418038357 56.0 
283.0 332.0 3.9174672953936285 0.7758746418038357 56.0 
283.0 333.0 3.9174672953936285 0.7758746418038357 56.0 
283.0 334.0 3.9174672953936285 0.7758746418038357 56.0 
283.0 335.0 3.9174672953936285 0.7758746418038357 56.0 
283.0 336.0 3.9174672953936285 0.7758746418038357 56.0 
283.0 337.0 3.9174672953936285 0.7758746418038357 56.0 
283.0 338.0 3.9174672953936285 0.7758746418038357 56.0 
283.0 339.0 3.9174672953936285 0.7758746418038357 56.0 
284.0 333.0 3.9174672953936285 0.7758746418038357 56.0 
284.0 334.0 3.9174672953936285 0.7758746418038357 56.0 
284.0 335.0 3.9174672953936285 0.7758746418038357 56.0 
284.0 336.0 3.9174672953936285 0.7758746418038357 56.0 
284.0 337.0 3.9174672953936285 0.7758746418038357 56.0 
284.0 338.0 3.9174672953936285 0.7758746418038357 56.0 
284.0 339.0 3.9174672953936285 0.7758746418038357 56.0 
284.0 340.0 3.9174672953936285 0.7758746418038357 56.0 
285.0 334.0 3.9174672953936285 0.7758746418038357 56.0 
285.0 335.0 3.9174672953936285 0.7758746418038357 56.0 
285.0 336.0 3.9174672953936285 0.7758746418038357 56.0 
285.0 337.0 3.9174672953936285 0.7758746418038357 56.0 
285.0 338.0 3.9174672953936285 0.7758746418038357 56.0 
285.0 339.0 3.9174672953936285 0.7758746418038357 56.0 
285.0 340.0 3.9174672953936285 0.7758746418038357 56.0 
285.0 341.0 3.9174672953936285 0.7758746418038357 56.0 
286.0 335.0 3.9174672953936285 0.7758746418038357 56.0 
286.0 336.0 3.9174672953936285 0.7758746418038357 56.0 
286.0 337.0 3.9174672953936285 0.7758746418038357 56.0 
286.0 338.0 3.9174672953936285 0.7758746418038357 56.0 
286.0 339.0 3.9174672953936285 0.7758746418038357 56.0 
286.0 340.0 3.9174672953936285 0.7758746418038357 56.0 
286.0 341.0 3.9174672953936285 0.7758746418038357 56.0 
286.0 342.0 3.9174672953936285 0.7758746418038357 56.0 
287.0 336.0 3.9174672953936285 0.7758746418038357 56.0 
287.0 337.0 3.9174672953936285 0.7758746418038357 56.0 
287.0 338.0 3.9174672953936285 0.7758746418038357 56.0 
287.0 339.0 3.9174672953936285 0.7758746418038357 56.0 
287.0 340.0 3.9174672953936285 0.7758746418038357 56.0 
287.0 341.0 3.9174672953936285 0.7758746418038357 56.0 
287.0 342.0 3.9174672953936285 0.7758746418038357 56.0 
287.0 343.0 3.9174672953936285 0.7758746418038357 56.0 
288.0 337.0 3.9174672953936285 0.7758746418038357 56.0 
288.0 338.0 3.9174672953936285 0.7758746418038357 56.0 
288.0 339.0 3.9174672953936285 0.7758746418038357 56.0 
288.0 340.0 3.9174672953936285 0.7758746418038357 56.0 
288.0 341.0 3.9174672953936285 0.7758746418038357 56.0 
288.0 342.0 3.9174672953936285 0.7758746418038357 56.0 
288.0 343.0 3.9174672953936285 0.7758746418038357 56.0 
288.0 344.0 3.9174672953936285 0.7758746418038357 56.0 
289.0 338.0 3.9174672953936285 0.7758746418038357 56.0 
289.0 339.0 3.9174672953936285 0.7758746418038357 56.0 
289.0 340.0 3.9174672953936285 0.7758746418038357 56.0 
289.0 341.0 3.9174672953936285 0.7758746418038357 56.0 
289.0 342.0 3.9174672953936285 0.7758746418038357 56.0 
289.0 343.0 3.9174672953936285 0.7758746418038357 56.0 
289.0 344.0 3.9174672953936285 0.7758746418038357 56.0 
289.0 345.0 3.9174672953936285 0.7758746418038357 56.0 
290.0 339.0 3.9174672953936285 0.7758746418038357 56.0 
290.0 340.0 3.9174672953936285 0.7758746418038357 56.0 
290.0 341.0 3.9174672953936285 0.7758746418038357 56.0 
290.0 342.0 3.9174672953936285 0.7758746418038357 56.0 
290.0 343.0 3.9174672953936285 0.7758746418038357 56.0 
290.0 344.0 3.9174672953936285 0.7758746418038357 56.0 
290.0 345.0 3.9174672953936285 0.7758746418038357 56.0 
290.0 346.0 3.9174672953936285 0.7758746418038357 56.0 
291.0 340.0 3.9174672953936285 0.7758746418038357 56.0 
291.0 341.0 3.9174672953936285 0.7758746418038357 56.0 
291.0 342.0 3.9174672953936285 0.7758746418038357 56.0 
291.0 343.0 3.9174672953936285 0.7758746418038357 56.0 
291.0 344.0 3.9174672953936285 0.7758746418038357 56.0 
291.0 345.0 3.9174672953936285 0.7758746418038357 56.0 
291.0 346.0 3.9174672953936285 0.7758746418038357 56.0 
291.0 347.0 3.9174672953936285 0.7758746418038357 56.0 
292.0 340.0 3.9174672953936285 0.7758746418038357 56.0 
292.0 341.0 3.9174672953936285 0.7758746418038357 56.0 
292.0 342.0 3.9174672953936285 0.7758746418038357 56.0 
292.0 343.0 3.9174672953936285 0.7758746418038357 56.0 
292.0 344.0 3.9174672953936285 0.7758746418038357 56.0 
292.0 345.0 3.9174672953936285 0.7758746418038357 56.0 
292.0 346.0 3.9174672953936285 0.7758746418038357 56.0 
292.0 347.0 3.9174672953936285 0.7758746418038357 56.0 
292.0 348.0 3.9174672953936285 0.7758746418038357 56.0 
293.0 341.0 3.9174672953936285 0.7758746418038357 56.0 
293.0 342.0 3.9174672953936285 0.7758746418038357 56.0 
293.0 343.0 3.9174672953936285 0.7758746418038357 56.0 
293.0 344.0 3.9174672953936285 0.7758746418038357 56.0 
293.0 345.0 3.9174672953936285 0.7758746418038357 56.0 
293.0 346.0 3.9174672953936285 0.7758746418038357 56.0 
293.0 347.0 3.9174672953936285 0.7758746418038357 56.0 
293.0 348.0 3.9174672953936285 0.7758746418038357 56.0 
293.0 349.0 3.9174672953936285 0.7758746418038357 56.0 
294.0 342.0 3.9174672953936285 0.7758746418038357 56.0 
294.0 343.0 3.9174672953936285 0.7758746418038357 56.0 
294.0 344.0 3.9174672953936285 0.7758746418038357 56.0 
294.0 345.0 3.9174672953936285 0.7758746418038357 56.0 
294.0 346.0 3.9174672953936285 0.7758746418038357 56.0 
294.0 347.0 3.9174672953936285 0.7758746418038357 56.0 
294.0 348.0 3.9174672953936285 0.7758746418038357 56.0 
294.0 349.0 3.9174672953936285 0.7758746418038357 56.0 
294.0 350.0 3.9174672953936285 0.7758746418038357 56.0 
295.0 343.0 3.9174672953936285 0.7758746418038357 56.0 
295.0 344.0 3.9174672953936285 0.7758746418038357 56.0 
295.0 345.0 3.9174672953936285 0.7758746418038357 56.0 
295.0 346.0 3.9174672953936285 0.7758746418038357 56.0 
295.0 347.0 3.9174672953936285 0.7758746418038357 56.0 
295.0 348.0 3.9174672953936285 0.7758746418038357 56.0 
295.0 349.0 3.9174672953936285 0.7758746418038357 56.0 
295.0 350.0 3.9174672953936285 0.7758746418038357 56.0 
295.0 351.0 3.9174672953936285 0.7758746418038357 56.0 
296.0 344.0 3.9174672953936285 0.7758746418038357 56.0 
296.0 345.0 3.9174672953936285 0.7758746418038357 56.0 
296.0 346.0 3.9174672953936285 0.7758746418038357 56.0 
296.0 347.0 3.9174672953936285 0.7758746418038357 56.0 
296.0 348.0 3.9174672953936285 0.7758746418038357 56.0 
296.0 349.0 3.9174672953936285 0.7758746418038357 56.0 
296.0 350.0 3.9174672953936285 0.7758746418038357 56.0 
296.0 351.0 3.9174672953936285 0.7758746418038357 56.0 
296.0 352.0 3.9174672953936285 0.7758746418038357 56.0 
297.0 345.0 3.9174672953936285 0.7758746418038357 56.0 
297.0 346.0 3.9174672953936285 0.7758746418038357 56.0 
297.0 347.0 3.9174672953936285 0.7758746418038357 56.0 
297.0 348.0 3.9174672953936285 0.7758746418038357 56.0 
297.0 349.0 3.9174672953936285 0.7758746418038357 56.0 
297.0 350.0 3.9174672953936285 0.7758746418038357 56.0 
297.0 351.0 3.9174672953936285 0.7758746418038357 56.0 
297.0 352.0 3.9174672953936285 0.7758746418038357 56.0 
297.0 353.0 3.9174672953936285 0.7758746418038357 56.0 
298.0 346.0 3.9174672953936285 0.7758746418038357 56.0 
298.0 347.0 3.9174672953936285 0.7758746418038357 56.0 
298.0 348.0 3.9174672953936285 0.7758746418038357 56.0 
298.0 349.0 3.9174672953936285 0.7758746418038357 56.0 
298.0 350.0 3.9174672953936285 0.7758746418038357 56.0 
298.0 351.0 3.9174672953936285 0.7758746418038357 56.0 
298.0 352.0 3.9174672953936285 0.7758746418038357 56.0 
298.0 353.0 3.9174672953936285 0.7758746418038357 56.0 
298.0 354.0 3.9174672953936285 0.7758746418038357 56.0 
299.0 347.0 3.9174672953936285 0.7758746418038357 56.0 
299.0 348.0 3.9174672953936285 0.7758746418038357 56.0 
299.0 349.0 3.9174672953936285 0.7758746418038357 56.0 
299.0 350.0 3.9174672953936285 0.7758746418038357 56.0 
299.0 351.0 3.9174672953936285 0.7758746418038357 56.0 
299.0 352.0 3.9174672953936285 0.7758746418038357 56.0 
299.0 353.0 3.9174672953936285 0.7758746418038357 56.0 
299.0 354.0 3.9174672953936285 0.7758746418038357 56.0 
299.0 355.0 3.9174672953936285 0.7758746418038357 56.0 
300.0 348.0 3.9174672953936285 0.7758746418038357 56.0 
300.0 349.0 3.9174672953936285 0.7758746418038357 56.0 
300.0 350.0 3.9174672953936285 0.7758746418038357 56.0 
300.0 351.0 3.9174672953936285 0.7758746418038357 56.0 
300.0 352.0 3.9174672953936285 0.7758746418038357 56.0 
300.0 353.0 3.9174672953936285 0.7758746418038357 56.0 
300.0 354.0 3.9174672953936285 0.7758746418038357 56.0 
300.0 355.0 3.9174672953936285 0.7758746418038357 56.0 
300.0 356.0 3.9174672953936285 0.7758746418038357 56.0 
301.0 349.0 3.9174672953936285 0.7758746418038357 56.0 
301.0 350.0 3.9174672953936285 0.7758746418038357 56.0 
301.0 351.0 3.9174672953936285 0.7758746418038357 56.0 
301.0 352.0 3.9174672953936285 0.7758746418038357 56.0 
301.0 353.0 3.9174672953936285 0.7758746418038357 56.0 
301.0 354.0 3.9174672953936285 0.7758746418038357 56.0 
301.0 355.0 3.9174672953936285 0.7758746418038357 56.0 
302.0 350.0 3.9174672953936285 0.7758746418038357 56.0 
302.0 351.0 3.9174672953936285 0.7758746418038357 56.0 
302.0 352.0 3.9174672953936285 0.7758746418038357 56.0 
302.0 353.0 3.9174672953936285 0.7758746418038357 56.0 
303.0 351.0 3.9174672953936285 0.7758746418038357 56.0 
303.0 352.0 3.9174672953936285 0.7758746418038357 56.0 
