306 321 64.0 
306 322 64.0 
306 323 64.0 
306 324 64.0 
306 325 64.0 
307 321 64.0 
307 322 64.0 
307 323 64.0 
307 324 64.0 
307 325 64.0 
308 321 64.0 
308 322 64.0 
308 323 64.0 
308 324 64.0 
308 325 64.0 
309 321 64.0 
309 322 64.0 
309 323 64.0 
309 324 64.0 
309 325 64.0 
310 321 64.0 
310 322 64.0 
310 323 64.0 
310 324 64.0 
310 325 64.0 
298.0 289.0 3.0118901164338805 6.153482770023674 24.0 
299.0 289.0 3.0118901164338805 6.153482770023674 24.0 
299.0 290.0 3.0118901164338805 6.153482770023674 24.0 
300.0 289.0 3.0118901164338805 6.153482770023674 24.0 
300.0 290.0 3.0118901164338805 6.153482770023674 24.0 
301.0 289.0 3.0118901164338805 6.153482770023674 24.0 
301.0 290.0 3.0118901164338805 6.153482770023674 24.0 
302.0 289.0 3.0118901164338805 6.153482770023674 24.0 
302.0 290.0 3.0118901164338805 6.153482770023674 24.0 
303.0 289.0 3.0118901164338805 6.153482770023674 24.0 
303.0 290.0 3.0118901164338805 6.153482770023674 24.0 
304.0 289.0 3.0118901164338805 6.153482770023674 24.0 
304.0 290.0 3.0118901164338805 6.153482770023674 24.0 
305.0 289.0 3.0118901164338805 6.153482770023674 24.0 
305.0 290.0 3.0118901164338805 6.153482770023674 24.0 
306.0 288.0 3.0118901164338805 6.153482770023674 24.0 
306.0 289.0 3.0118901164338805 6.153482770023674 24.0 
307.0 288.0 3.0118901164338805 6.153482770023674 24.0 
307.0 289.0 3.0118901164338805 6.153482770023674 24.0 
308.0 288.0 3.0118901164338805 6.153482770023674 24.0 
308.0 289.0 3.0118901164338805 6.153482770023674 24.0 
309.0 288.0 3.0118901164338805 6.153482770023674 24.0 
309.0 289.0 3.0118901164338805 6.153482770023674 24.0 
310.0 288.0 3.0118901164338805 6.153482770023674 24.0 
310.0 289.0 3.0118901164338805 6.153482770023674 24.0 
311.0 288.0 3.0118901164338805 6.153482770023674 24.0 
311.0 289.0 3.0118901164338805 6.153482770023674 24.0 
312.0 288.0 3.0118901164338805 6.153482770023674 24.0 
312.0 289.0 3.0118901164338805 6.153482770023674 24.0 
313.0 288.0 3.0118901164338805 6.153482770023674 24.0 
313.0 289.0 3.0118901164338805 6.153482770023674 24.0 
314.0 287.0 3.0118901164338805 6.153482770023674 24.0 
314.0 288.0 3.0118901164338805 6.153482770023674 24.0 
315.0 287.0 3.0118901164338805 6.153482770023674 24.0 
315.0 288.0 3.0118901164338805 6.153482770023674 24.0 
316.0 287.0 3.0118901164338805 6.153482770023674 24.0 
316.0 288.0 3.0118901164338805 6.153482770023674 24.0 
317.0 287.0 3.0118901164338805 6.153482770023674 24.0 
317.0 288.0 3.0118901164338805 6.153482770023674 24.0 
318.0 287.0 3.0118901164338805 6.153482770023674 24.0 
318.0 288.0 3.0118901164338805 6.153482770023674 24.0 
319.0 287.0 3.0118901164338805 6.153482770023674 24.0 
319.0 288.0 3.0118901164338805 6.153482770023674 24.0 
320.0 287.0 3.0118901164338805 6.153482770023674 24.0 
320.0 288.0 3.0118901164338805 6.153482770023674 24.0 
321.0 287.0 3.0118901164338805 6.153482770023674 24.0 
321.0 288.0 3.0118901164338805 6.153482770023674 24.0 
323.0 287.0 3.265947648136554 0.12435499454676073 24.0 
323.0 288.0 3.265947648136554 0.12435499454676073 24.0 
324.0 287.0 3.265947648136554 0.12435499454676073 24.0 
324.0 288.0 3.265947648136554 0.12435499454676073 24.0 
325.0 287.0 3.265947648136554 0.12435499454676073 24.0 
325.0 288.0 3.265947648136554 0.12435499454676073 24.0 
326.0 287.0 3.265947648136554 0.12435499454676073 24.0 
326.0 288.0 3.265947648136554 0.12435499454676073 24.0 
327.0 287.0 3.265947648136554 0.12435499454676073 24.0 
327.0 288.0 3.265947648136554 0.12435499454676073 24.0 
328.0 287.0 3.265947648136554 0.12435499454676073 24.0 
328.0 288.0 3.265947648136554 0.12435499454676073 24.0 
329.0 287.0 3.265947648136554 0.12435499454676073 24.0 
329.0 288.0 3.265947648136554 0.12435499454676073 24.0 
330.0 287.0 3.265947648136554 0.12435499454676073 24.0 
330.0 288.0 3.265947648136554 0.12435499454676073 24.0 
331.0 287.0 3.265947648136554 0.12435499454676073 24.0 
331.0 288.0 3.265947648136554 0.12435499454676073 24.0 
331.0 289.0 3.265947648136554 0.12435499454676073 24.0 
332.0 288.0 3.265947648136554 0.12435499454676073 24.0 
332.0 289.0 3.265947648136554 0.12435499454676073 24.0 
333.0 288.0 3.265947648136554 0.12435499454676073 24.0 
333.0 289.0 3.265947648136554 0.12435499454676073 24.0 
334.0 288.0 3.265947648136554 0.12435499454676073 24.0 
334.0 289.0 3.265947648136554 0.12435499454676073 24.0 
335.0 288.0 3.265947648136554 0.12435499454676073 24.0 
335.0 289.0 3.265947648136554 0.12435499454676073 24.0 
336.0 288.0 3.265947648136554 0.12435499454676073 24.0 
336.0 289.0 3.265947648136554 0.12435499454676073 24.0 
337.0 288.0 3.265947648136554 0.12435499454676073 24.0 
337.0 289.0 3.265947648136554 0.12435499454676073 24.0 
338.0 288.0 3.265947648136554 0.12435499454676073 24.0 
338.0 289.0 3.265947648136554 0.12435499454676073 24.0 
339.0 288.0 3.265947648136554 0.12435499454676073 24.0 
298.0 359.0 3.171886413508569 0.03029375991877579 24.0 
298.0 360.0 3.171886413508569 0.03029375991877579 24.0 
299.0 359.0 3.171886413508569 0.03029375991877579 24.0 
299.0 360.0 3.171886413508569 0.03029375991877579 24.0 
300.0 359.0 3.171886413508569 0.03029375991877579 24.0 
300.0 360.0 3.171886413508569 0.03029375991877579 24.0 
301.0 359.0 3.171886413508569 0.03029375991877579 24.0 
301.0 360.0 3.171886413508569 0.03029375991877579 24.0 
302.0 359.0 3.171886413508569 0.03029375991877579 24.0 
302.0 360.0 3.171886413508569 0.03029375991877579 24.0 
303.0 359.0 3.171886413508569 0.03029375991877579 24.0 
303.0 360.0 3.171886413508569 0.03029375991877579 24.0 
304.0 359.0 3.171886413508569 0.03029375991877579 24.0 
304.0 360.0 3.171886413508569 0.03029375991877579 24.0 
305.0 359.0 3.171886413508569 0.03029375991877579 24.0 
305.0 360.0 3.171886413508569 0.03029375991877579 24.0 
306.0 359.0 3.171886413508569 0.03029375991877579 24.0 
306.0 360.0 3.171886413508569 0.03029375991877579 24.0 
307.0 359.0 3.171886413508569 0.03029375991877579 24.0 
307.0 360.0 3.171886413508569 0.03029375991877579 24.0 
308.0 359.0 3.171886413508569 0.03029375991877579 24.0 
308.0 360.0 3.171886413508569 0.03029375991877579 24.0 
309.0 359.0 3.171886413508569 0.03029375991877579 24.0 
309.0 360.0 3.171886413508569 0.03029375991877579 24.0 
310.0 359.0 3.171886413508569 0.03029375991877579 24.0 
310.0 360.0 3.171886413508569 0.03029375991877579 24.0 
311.0 359.0 3.171886413508569 0.03029375991877579 24.0 
311.0 360.0 3.171886413508569 0.03029375991877579 24.0 
312.0 359.0 3.171886413508569 0.03029375991877579 24.0 
312.0 360.0 3.171886413508569 0.03029375991877579 24.0 
313.0 359.0 3.171886413508569 0.03029375991877579 24.0 
313.0 360.0 3.171886413508569 0.03029375991877579 24.0 
314.0 359.0 3.171886413508569 0.03029375991877579 24.0 
314.0 360.0 3.171886413508569 0.03029375991877579 24.0 
315.0 359.0 3.171886413508569 0.03029375991877579 24.0 
315.0 360.0 3.171886413508569 0.03029375991877579 24.0 
316.0 359.0 3.171886413508569 0.03029375991877579 24.0 
316.0 360.0 3.171886413508569 0.03029375991877579 24.0 
317.0 359.0 3.171886413508569 0.03029375991877579 24.0 
317.0 360.0 3.171886413508569 0.03029375991877579 24.0 
318.0 359.0 3.171886413508569 0.03029375991877579 24.0 
318.0 360.0 3.171886413508569 0.03029375991877579 24.0 
319.0 359.0 3.171886413508569 0.03029375991877579 24.0 
319.0 360.0 3.171886413508569 0.03029375991877579 24.0 
320.0 359.0 3.171886413508569 0.03029375991877579 24.0 
320.0 360.0 3.171886413508569 0.03029375991877579 24.0 
321.0 359.0 3.171886413508569 0.03029375991877579 24.0 
321.0 360.0 3.171886413508569 0.03029375991877579 24.0 
322.0 359.0 3.171886413508569 0.03029375991877579 24.0 
322.0 360.0 3.171886413508569 0.03029375991877579 24.0 
323.0 359.0 3.171886413508569 0.03029375991877579 24.0 
323.0 360.0 3.171886413508569 0.03029375991877579 24.0 
324.0 359.0 3.171886413508569 0.03029375991877579 24.0 
324.0 360.0 3.171886413508569 0.03029375991877579 24.0 
325.0 359.0 3.171886413508569 0.03029375991877579 24.0 
325.0 360.0 3.171886413508569 0.03029375991877579 24.0 
326.0 359.0 3.171886413508569 0.03029375991877579 24.0 
326.0 360.0 3.171886413508569 0.03029375991877579 24.0 
327.0 359.0 3.171886413508569 0.03029375991877579 24.0 
327.0 360.0 3.171886413508569 0.03029375991877579 24.0 
328.0 359.0 3.171886413508569 0.03029375991877579 24.0 
328.0 360.0 3.171886413508569 0.03029375991877579 24.0 
329.0 359.0 3.171886413508569 0.03029375991877579 24.0 
329.0 360.0 3.171886413508569 0.03029375991877579 24.0 
330.0 359.0 3.171886413508569 0.03029375991877579 24.0 
330.0 360.0 3.171886413508569 0.03029375991877579 24.0 
331.0 359.0 3.171886413508569 0.03029375991877579 24.0 
