268.0 266.0 4.467410317257825 1.3258176636680317 36.0 
268.0 267.0 4.467410317257825 1.3258176636680317 36.0 
268.0 268.0 4.467410317257825 1.3258176636680317 36.0 
268.0 269.0 4.467410317257825 1.3258176636680317 36.0 
269.0 266.0 4.467410317257825 1.3258176636680317 36.0 
269.0 267.0 4.467410317257825 1.3258176636680317 36.0 
269.0 268.0 4.467410317257825 1.3258176636680317 36.0 
269.0 269.0 4.467410317257825 1.3258176636680317 36.0 
269.0 270.0 4.467410317257825 1.3258176636680317 36.0 
269.0 271.0 4.467410317257825 1.3258176636680317 36.0 
269.0 272.0 4.467410317257825 1.3258176636680317 36.0 
269.0 273.0 4.467410317257825 1.3258176636680317 36.0 
270.0 265.0 4.467410317257825 1.3258176636680317 36.0 
270.0 266.0 4.467410317257825 1.3258176636680317 36.0 
270.0 267.0 4.467410317257825 1.3258176636680317 36.0 
270.0 268.0 4.467410317257825 1.3258176636680317 36.0 
270.0 269.0 4.467410317257825 1.3258176636680317 36.0 
270.0 270.0 4.467410317257825 1.3258176636680317 36.0 
270.0 271.0 4.467410317257825 1.3258176636680317 36.0 
270.0 272.0 4.467410317257825 1.3258176636680317 36.0 
270.0 273.0 4.467410317257825 1.3258176636680317 36.0 
270.0 274.0 4.467410317257825 1.3258176636680317 36.0 
270.0 275.0 4.467410317257825 1.3258176636680317 36.0 
270.0 276.0 4.467410317257825 1.3258176636680317 36.0 
270.0 277.0 4.467410317257825 1.3258176636680317 36.0 
271.0 265.0 4.467410317257825 1.3258176636680317 36.0 
271.0 266.0 4.467410317257825 1.3258176636680317 36.0 
271.0 267.0 4.467410317257825 1.3258176636680317 36.0 
271.0 268.0 4.467410317257825 1.3258176636680317 36.0 
271.0 269.0 4.467410317257825 1.3258176636680317 36.0 
271.0 270.0 4.467410317257825 1.3258176636680317 36.0 
271.0 271.0 4.467410317257825 1.3258176636680317 36.0 
271.0 272.0 4.467410317257825 1.3258176636680317 36.0 
271.0 273.0 4.467410317257825 1.3258176636680317 36.0 
271.0 274.0 4.467410317257825 1.3258176636680317 36.0 
271.0 275.0 4.467410317257825 1.3258176636680317 36.0 
271.0 276.0 4.467410317257825 1.3258176636680317 36.0 
271.0 277.0 4.467410317257825 1.3258176636680317 36.0 
271.0 278.0 4.467410317257825 1.3258176636680317 36.0 
271.0 279.0 4.467410317257825 1.3258176636680317 36.0 
271.0 280.0 4.467410317257825 1.3258176636680317 36.0 
271.0 281.0 4.467410317257825 1.3258176636680317 36.0 
272.0 265.0 4.467410317257825 1.3258176636680317 36.0 
272.0 266.0 4.467410317257825 1.3258176636680317 36.0 
272.0 267.0 4.467410317257825 1.3258176636680317 36.0 
272.0 268.0 4.467410317257825 1.3258176636680317 36.0 
272.0 269.0 4.467410317257825 1.3258176636680317 36.0 
272.0 270.0 4.467410317257825 1.3258176636680317 36.0 
272.0 271.0 4.467410317257825 1.3258176636680317 36.0 
272.0 272.0 4.467410317257825 1.3258176636680317 36.0 
272.0 273.0 4.467410317257825 1.3258176636680317 36.0 
272.0 274.0 4.467410317257825 1.3258176636680317 36.0 
272.0 275.0 4.467410317257825 1.3258176636680317 36.0 
272.0 276.0 4.467410317257825 1.3258176636680317 36.0 
272.0 277.0 4.467410317257825 1.3258176636680317 36.0 
272.0 278.0 4.467410317257825 1.3258176636680317 36.0 
272.0 279.0 4.467410317257825 1.3258176636680317 36.0 
272.0 280.0 4.467410317257825 1.3258176636680317 36.0 
272.0 281.0 4.467410317257825 1.3258176636680317 36.0 
272.0 282.0 4.467410317257825 1.3258176636680317 36.0 
272.0 283.0 4.467410317257825 1.3258176636680317 36.0 
272.0 284.0 4.467410317257825 1.3258176636680317 36.0 
272.0 285.0 4.467410317257825 1.3258176636680317 36.0 
273.0 265.0 4.467410317257825 1.3258176636680317 36.0 
273.0 266.0 4.467410317257825 1.3258176636680317 36.0 
273.0 267.0 4.467410317257825 1.3258176636680317 36.0 
273.0 268.0 4.467410317257825 1.3258176636680317 36.0 
273.0 269.0 4.467410317257825 1.3258176636680317 36.0 
273.0 270.0 4.467410317257825 1.3258176636680317 36.0 
273.0 271.0 4.467410317257825 1.3258176636680317 36.0 
273.0 272.0 4.467410317257825 1.3258176636680317 36.0 
273.0 273.0 4.467410317257825 1.3258176636680317 36.0 
273.0 274.0 4.467410317257825 1.3258176636680317 36.0 
273.0 275.0 4.467410317257825 1.3258176636680317 36.0 
273.0 276.0 4.467410317257825 1.3258176636680317 36.0 
273.0 277.0 4.467410317257825 1.3258176636680317 36.0 
273.0 278.0 4.467410317257825 1.3258176636680317 36.0 
273.0 279.0 4.467410317257825 1.3258176636680317 36.0 
273.0 280.0 4.467410317257825 1.3258176636680317 36.0 
273.0 281.0 4.467410317257825 1.3258176636680317 36.0 
273.0 282.0 4.467410317257825 1.3258176636680317 36.0 
273.0 283.0 4.467410317257825 1.3258176636680317 36.0 
273.0 284.0 4.467410317257825 1.3258176636680317 36.0 
273.0 285.0 4.467410317257825 1.3258176636680317 36.0 
273.0 286.0 4.467410317257825 1.3258176636680317 36.0 
273.0 287.0 4.467410317257825 1.3258176636680317 36.0 
273.0 288.0 4.467410317257825 1.3258176636680317 36.0 
273.0 289.0 4.467410317257825 1.3258176636680317 36.0 
274.0 269.0 4.467410317257825 1.3258176636680317 36.0 
274.0 270.0 4.467410317257825 1.3258176636680317 36.0 
274.0 271.0 4.467410317257825 1.3258176636680317 36.0 
274.0 272.0 4.467410317257825 1.3258176636680317 36.0 
274.0 273.0 4.467410317257825 1.3258176636680317 36.0 
274.0 274.0 4.467410317257825 1.3258176636680317 36.0 
274.0 275.0 4.467410317257825 1.3258176636680317 36.0 
274.0 276.0 4.467410317257825 1.3258176636680317 36.0 
274.0 277.0 4.467410317257825 1.3258176636680317 36.0 
274.0 278.0 4.467410317257825 1.3258176636680317 36.0 
274.0 279.0 4.467410317257825 1.3258176636680317 36.0 
274.0 280.0 4.467410317257825 1.3258176636680317 36.0 
274.0 281.0 4.467410317257825 1.3258176636680317 36.0 
274.0 282.0 4.467410317257825 1.3258176636680317 36.0 
274.0 283.0 4.467410317257825 1.3258176636680317 36.0 
274.0 284.0 4.467410317257825 1.3258176636680317 36.0 
274.0 285.0 4.467410317257825 1.3258176636680317 36.0 
274.0 286.0 4.467410317257825 1.3258176636680317 36.0 
274.0 287.0 4.467410317257825 1.3258176636680317 36.0 
274.0 288.0 4.467410317257825 1.3258176636680317 36.0 
274.0 289.0 4.467410317257825 1.3258176636680317 36.0 
274.0 290.0 4.467410317257825 1.3258176636680317 36.0 
274.0 291.0 4.467410317257825 1.3258176636680317 36.0 
274.0 292.0 4.467410317257825 1.3258176636680317 36.0 
274.0 293.0 4.467410317257825 1.3258176636680317 36.0 
275.0 273.0 4.467410317257825 1.3258176636680317 36.0 
275.0 274.0 4.467410317257825 1.3258176636680317 36.0 
275.0 275.0 4.467410317257825 1.3258176636680317 36.0 
275.0 276.0 4.467410317257825 1.3258176636680317 36.0 
275.0 277.0 4.467410317257825 1.3258176636680317 36.0 
275.0 278.0 4.467410317257825 1.3258176636680317 36.0 
275.0 279.0 4.467410317257825 1.3258176636680317 36.0 
275.0 280.0 4.467410317257825 1.3258176636680317 36.0 
275.0 281.0 4.467410317257825 1.3258176636680317 36.0 
275.0 282.0 4.467410317257825 1.3258176636680317 36.0 
275.0 283.0 4.467410317257825 1.3258176636680317 36.0 
275.0 284.0 4.467410317257825 1.3258176636680317 36.0 
275.0 285.0 4.467410317257825 1.3258176636680317 36.0 
275.0 286.0 4.467410317257825 1.3258176636680317 36.0 
275.0 287.0 4.467410317257825 1.3258176636680317 36.0 
275.0 288.0 4.467410317257825 1.3258176636680317 36.0 
275.0 289.0 4.467410317257825 1.3258176636680317 36.0 
275.0 290.0 4.467410317257825 1.3258176636680317 36.0 
275.0 291.0 4.467410317257825 1.3258176636680317 36.0 
275.0 292.0 4.467410317257825 1.3258176636680317 36.0 
275.0 293.0 4.467410317257825 1.3258176636680317 36.0 
275.0 294.0 4.467410317257825 1.3258176636680317 36.0 
275.0 295.0 4.467410317257825 1.3258176636680317 36.0 
275.0 296.0 4.467410317257825 1.3258176636680317 36.0 
275.0 297.0 4.467410317257825 1.3258176636680317 36.0 
276.0 277.0 4.467410317257825 1.3258176636680317 36.0 
276.0 278.0 4.467410317257825 1.3258176636680317 36.0 
276.0 279.0 4.467410317257825 1.3258176636680317 36.0 
276.0 280.0 4.467410317257825 1.3258176636680317 36.0 
276.0 281.0 4.467410317257825 1.3258176636680317 36.0 
276.0 282.0 4.467410317257825 1.3258176636680317 36.0 
276.0 283.0 4.467410317257825 1.3258176636680317 36.0 
276.0 284.0 4.467410317257825 1.3258176636680317 36.0 
276.0 285.0 4.467410317257825 1.3258176636680317 36.0 
276.0 286.0 4.467410317257825 1.3258176636680317 36.0 
276.0 287.0 4.467410317257825 1.3258176636680317 36.0 
276.0 288.0 4.467410317257825 1.3258176636680317 36.0 
276.0 289.0 4.467410317257825 1.3258176636680317 36.0 
276.0 290.0 4.467410317257825 1.3258176636680317 36.0 
276.0 291.0 4.467410317257825 1.3258176636680317 36.0 
276.0 292.0 4.467410317257825 1.3258176636680317 36.0 
276.0 293.0 4.467410317257825 1.3258176636680317 36.0 
276.0 294.0 4.467410317257825 1.3258176636680317 36.0 
276.0 295.0 4.467410317257825 1.3258176636680317 36.0 
276.0 296.0 4.467410317257825 1.3258176636680317 36.0 
276.0 297.0 4.467410317257825 1.3258176636680317 36.0 
276.0 298.0 4.467410317257825 1.3258176636680317 36.0 
276.0 299.0 4.467410317257825 1.3258176636680317 36.0 
276.0 300.0 4.467410317257825 1.3258176636680317 36.0 
276.0 301.0 4.467410317257825 1.3258176636680317 36.0 
277.0 281.0 4.467410317257825 1.3258176636680317 36.0 
277.0 282.0 4.467410317257825 1.3258176636680317 36.0 
277.0 283.0 4.467410317257825 1.3258176636680317 36.0 
277.0 284.0 4.467410317257825 1.3258176636680317 36.0 
277.0 285.0 4.467410317257825 1.3258176636680317 36.0 
277.0 286.0 4.467410317257825 1.3258176636680317 36.0 
277.0 287.0 4.467410317257825 1.3258176636680317 36.0 
277.0 288.0 4.467410317257825 1.3258176636680317 36.0 
277.0 289.0 4.467410317257825 1.3258176636680317 36.0 
277.0 290.0 4.467410317257825 1.3258176636680317 36.0 
277.0 291.0 4.467410317257825 1.3258176636680317 36.0 
277.0 292.0 4.467410317257825 1.3258176636680317 36.0 
277.0 293.0 4.467410317257825 1.3258176636680317 36.0 
277.0 294.0 4.467410317257825 1.3258176636680317 36.0 
277.0 295.0 4.467410317257825 1.3258176636680317 36.0 
277.0 296.0 4.467410317257825 1.3258176636680317 36.0 
277.0 297.0 4.467410317257825 1.3258176636680317 36.0 
277.0 298.0 4.467410317257825 1.3258176636680317 36.0 
277.0 299.0 4.467410317257825 1.3258176636680317 36.0 
277.0 300.0 4.467410317257825 1.3258176636680317 36.0 
277.0 301.0 4.467410317257825 1.3258176636680317 36.0 
278.0 285.0 4.467410317257825 1.3258176636680317 36.0 
278.0 286.0 4.467410317257825 1.3258176636680317 36.0 
278.0 287.0 4.467410317257825 1.3258176636680317 36.0 
278.0 288.0 4.467410317257825 1.3258176636680317 36.0 
278.0 289.0 4.467410317257825 1.3258176636680317 36.0 
278.0 290.0 4.467410317257825 1.3258176636680317 36.0 
278.0 291.0 4.467410317257825 1.3258176636680317 36.0 
278.0 292.0 4.467410317257825 1.3258176636680317 36.0 
278.0 293.0 4.467410317257825 1.3258176636680317 36.0 
278.0 294.0 4.467410317257825 1.3258176636680317 36.0 
278.0 295.0 4.467410317257825 1.3258176636680317 36.0 
278.0 296.0 4.467410317257825 1.3258176636680317 36.0 
278.0 297.0 4.467410317257825 1.3258176636680317 36.0 
278.0 298.0 4.467410317257825 1.3258176636680317 36.0 
278.0 299.0 4.467410317257825 1.3258176636680317 36.0 
278.0 300.0 4.467410317257825 1.3258176636680317 36.0 
278.0 301.0 4.467410317257825 1.3258176636680317 36.0 
279.0 289.0 4.467410317257825 1.3258176636680317 36.0 
279.0 290.0 4.467410317257825 1.3258176636680317 36.0 
279.0 291.0 4.467410317257825 1.3258176636680317 36.0 
279.0 292.0 4.467410317257825 1.3258176636680317 36.0 
279.0 293.0 4.467410317257825 1.3258176636680317 36.0 
279.0 294.0 4.467410317257825 1.3258176636680317 36.0 
279.0 295.0 4.467410317257825 1.3258176636680317 36.0 
279.0 296.0 4.467410317257825 1.3258176636680317 36.0 
279.0 297.0 4.467410317257825 1.3258176636680317 36.0 
279.0 298.0 4.467410317257825 1.3258176636680317 36.0 
279.0 299.0 4.467410317257825 1.3258176636680317 36.0 
279.0 300.0 4.467410317257825 1.3258176636680317 36.0 
280.0 293.0 4.467410317257825 1.3258176636680317 36.0 
280.0 294.0 4.467410317257825 1.3258176636680317 36.0 
280.0 295.0 4.467410317257825 1.3258176636680317 36.0 
280.0 296.0 4.467410317257825 1.3258176636680317 36.0 
280.0 297.0 4.467410317257825 1.3258176636680317 36.0 
280.0 298.0 4.467410317257825 1.3258176636680317 36.0 
280.0 299.0 4.467410317257825 1.3258176636680317 36.0 
280.0 300.0 4.467410317257825 1.3258176636680317 36.0 
281.0 297.0 4.467410317257825 1.3258176636680317 36.0 
281.0 298.0 4.467410317257825 1.3258176636680317 36.0 
281.0 299.0 4.467410317257825 1.3258176636680317 36.0 
281.0 300.0 4.467410317257825 1.3258176636680317 36.0 
285.0 313.0 4.240611469203939 1.0990188156141465 24.0 
285.0 314.0 4.240611469203939 1.0990188156141465 24.0 
285.0 315.0 4.240611469203939 1.0990188156141465 24.0 
286.0 313.0 4.240611469203939 1.0990188156141465 24.0 
286.0 314.0 4.240611469203939 1.0990188156141465 24.0 
286.0 315.0 4.240611469203939 1.0990188156141465 24.0 
286.0 316.0 4.240611469203939 1.0990188156141465 24.0 
286.0 317.0 4.240611469203939 1.0990188156141465 24.0 
287.0 315.0 4.240611469203939 1.0990188156141465 24.0 
287.0 316.0 4.240611469203939 1.0990188156141465 24.0 
287.0 317.0 4.240611469203939 1.0990188156141465 24.0 
287.0 318.0 4.240611469203939 1.0990188156141465 24.0 
287.0 319.0 4.240611469203939 1.0990188156141465 24.0 
288.0 317.0 4.240611469203939 1.0990188156141465 24.0 
288.0 318.0 4.240611469203939 1.0990188156141465 24.0 
288.0 319.0 4.240611469203939 1.0990188156141465 24.0 
288.0 320.0 4.240611469203939 1.0990188156141465 24.0 
288.0 321.0 4.240611469203939 1.0990188156141465 24.0 
289.0 319.0 4.240611469203939 1.0990188156141465 24.0 
289.0 320.0 4.240611469203939 1.0990188156141465 24.0 
289.0 321.0 4.240611469203939 1.0990188156141465 24.0 
289.0 322.0 4.240611469203939 1.0990188156141465 24.0 
289.0 323.0 4.240611469203939 1.0990188156141465 24.0 
290.0 321.0 4.240611469203939 1.0990188156141465 24.0 
290.0 322.0 4.240611469203939 1.0990188156141465 24.0 
290.0 323.0 4.240611469203939 1.0990188156141465 24.0 
290.0 324.0 4.240611469203939 1.0990188156141465 24.0 
290.0 325.0 4.240611469203939 1.0990188156141465 24.0 
291.0 323.0 4.240611469203939 1.0990188156141465 24.0 
291.0 324.0 4.240611469203939 1.0990188156141465 24.0 
291.0 325.0 4.240611469203939 1.0990188156141465 24.0 
291.0 326.0 4.240611469203939 1.0990188156141465 24.0 
292.0 325.0 4.240611469203939 1.0990188156141465 24.0 
292.0 326.0 4.240611469203939 1.0990188156141465 24.0 
292.0 327.0 4.240611469203939 1.0990188156141465 24.0 
292.0 328.0 4.240611469203939 1.0990188156141465 24.0 
293.0 327.0 4.240611469203939 1.0990188156141465 24.0 
293.0 328.0 4.240611469203939 1.0990188156141465 24.0 
293.0 329.0 4.240611469203939 1.0990188156141465 24.0 
293.0 330.0 4.240611469203939 1.0990188156141465 24.0 
294.0 329.0 4.240611469203939 1.0990188156141465 24.0 
294.0 330.0 4.240611469203939 1.0990188156141465 24.0 
294.0 331.0 4.240611469203939 1.0990188156141465 24.0 
294.0 332.0 4.240611469203939 1.0990188156141465 24.0 
295.0 331.0 4.240611469203939 1.0990188156141465 24.0 
295.0 332.0 4.240611469203939 1.0990188156141465 24.0 
295.0 333.0 4.240611469203939 1.0990188156141465 24.0 
295.0 334.0 4.240611469203939 1.0990188156141465 24.0 
296.0 333.0 4.240611469203939 1.0990188156141465 24.0 
296.0 334.0 4.240611469203939 1.0990188156141465 24.0 
296.0 335.0 4.240611469203939 1.0990188156141465 24.0 
296.0 336.0 4.240611469203939 1.0990188156141465 24.0 
297.0 335.0 4.240611469203939 1.0990188156141465 24.0 
297.0 336.0 4.240611469203939 1.0990188156141465 24.0 
297.0 337.0 4.240611469203939 1.0990188156141465 24.0 
297.0 338.0 4.240611469203939 1.0990188156141465 24.0 
298.0 337.0 4.240611469203939 1.0990188156141465 24.0 
298.0 338.0 4.240611469203939 1.0990188156141465 24.0 
298.0 339.0 4.240611469203939 1.0990188156141465 24.0 
298.0 340.0 4.240611469203939 1.0990188156141465 24.0 
299.0 339.0 4.240611469203939 1.0990188156141465 24.0 
299.0 340.0 4.240611469203939 1.0990188156141465 24.0 
299.0 341.0 4.240611469203939 1.0990188156141465 24.0 
299.0 342.0 4.240611469203939 1.0990188156141465 24.0 
300.0 341.0 4.240611469203939 1.0990188156141465 24.0 
300.0 342.0 4.240611469203939 1.0990188156141465 24.0 
300.0 343.0 4.240611469203939 1.0990188156141465 24.0 
300.0 344.0 4.240611469203939 1.0990188156141465 24.0 
301.0 343.0 4.240611469203939 1.0990188156141465 24.0 
301.0 344.0 4.240611469203939 1.0990188156141465 24.0 
301.0 345.0 4.240611469203939 1.0990188156141465 24.0 
301.0 346.0 4.240611469203939 1.0990188156141465 24.0 
302.0 345.0 4.240611469203939 1.0990188156141465 24.0 
302.0 346.0 4.240611469203939 1.0990188156141465 24.0 
302.0 347.0 4.240611469203939 1.0990188156141465 24.0 
302.0 348.0 4.240611469203939 1.0990188156141465 24.0 
303.0 347.0 4.240611469203939 1.0990188156141465 24.0 
303.0 348.0 4.240611469203939 1.0990188156141465 24.0 
303.0 349.0 4.240611469203939 1.0990188156141465 24.0 
303.0 350.0 4.240611469203939 1.0990188156141465 24.0 
304.0 349.0 4.240611469203939 1.0990188156141465 24.0 
304.0 350.0 4.240611469203939 1.0990188156141465 24.0 
304.0 351.0 4.240611469203939 1.0990188156141465 24.0 
304.0 352.0 4.240611469203939 1.0990188156141465 24.0 
305.0 350.0 4.240611469203939 1.0990188156141465 24.0 
305.0 351.0 4.240611469203939 1.0990188156141465 24.0 
305.0 352.0 4.240611469203939 1.0990188156141465 24.0 
305.0 353.0 4.240611469203939 1.0990188156141465 24.0 
305.0 354.0 4.240611469203939 1.0990188156141465 24.0 
306.0 352.0 4.240611469203939 1.0990188156141465 24.0 
306.0 353.0 4.240611469203939 1.0990188156141465 24.0 
306.0 354.0 4.240611469203939 1.0990188156141465 24.0 
306.0 355.0 4.240611469203939 1.0990188156141465 24.0 
306.0 356.0 4.240611469203939 1.0990188156141465 24.0 
307.0 354.0 4.240611469203939 1.0990188156141465 24.0 
307.0 355.0 4.240611469203939 1.0990188156141465 24.0 
307.0 356.0 4.240611469203939 1.0990188156141465 24.0 
307.0 357.0 4.240611469203939 1.0990188156141465 24.0 
307.0 358.0 4.240611469203939 1.0990188156141465 24.0 
308.0 356.0 4.240611469203939 1.0990188156141465 24.0 
308.0 357.0 4.240611469203939 1.0990188156141465 24.0 
308.0 358.0 4.240611469203939 1.0990188156141465 24.0 
308.0 359.0 4.240611469203939 1.0990188156141465 24.0 
308.0 360.0 4.240611469203939 1.0990188156141465 24.0 
309.0 358.0 4.240611469203939 1.0990188156141465 24.0 
309.0 359.0 4.240611469203939 1.0990188156141465 24.0 
309.0 360.0 4.240611469203939 1.0990188156141465 24.0 
309.0 361.0 4.240611469203939 1.0990188156141465 24.0 
309.0 362.0 4.240611469203939 1.0990188156141465 24.0 
310.0 360.0 4.240611469203939 1.0990188156141465 24.0 
310.0 361.0 4.240611469203939 1.0990188156141465 24.0 
