220.0 339.0 2.9816795304315735 6.123272184021366 68.0 
220.0 340.0 2.9816795304315735 6.123272184021366 68.0 
220.0 341.0 2.9816795304315735 6.123272184021366 68.0 
221.0 339.0 2.9816795304315735 6.123272184021366 68.0 
221.0 340.0 2.9816795304315735 6.123272184021366 68.0 
221.0 341.0 2.9816795304315735 6.123272184021366 68.0 
221.0 342.0 2.9816795304315735 6.123272184021366 68.0 
221.0 343.0 2.9816795304315735 6.123272184021366 68.0 
221.0 344.0 2.9816795304315735 6.123272184021366 68.0 
222.0 339.0 2.9816795304315735 6.123272184021366 68.0 
222.0 340.0 2.9816795304315735 6.123272184021366 68.0 
222.0 341.0 2.9816795304315735 6.123272184021366 68.0 
222.0 342.0 2.9816795304315735 6.123272184021366 68.0 
222.0 343.0 2.9816795304315735 6.123272184021366 68.0 
222.0 344.0 2.9816795304315735 6.123272184021366 68.0 
223.0 339.0 2.9816795304315735 6.123272184021366 68.0 
223.0 340.0 2.9816795304315735 6.123272184021366 68.0 
223.0 341.0 2.9816795304315735 6.123272184021366 68.0 
223.0 342.0 2.9816795304315735 6.123272184021366 68.0 
223.0 343.0 2.9816795304315735 6.123272184021366 68.0 
223.0 344.0 2.9816795304315735 6.123272184021366 68.0 
224.0 339.0 2.9816795304315735 6.123272184021366 68.0 
224.0 340.0 2.9816795304315735 6.123272184021366 68.0 
224.0 341.0 2.9816795304315735 6.123272184021366 68.0 
224.0 342.0 2.9816795304315735 6.123272184021366 68.0 
224.0 343.0 2.9816795304315735 6.123272184021366 68.0 
224.0 344.0 2.9816795304315735 6.123272184021366 68.0 
225.0 339.0 2.9816795304315735 6.123272184021366 68.0 
225.0 340.0 2.9816795304315735 6.123272184021366 68.0 
225.0 341.0 2.9816795304315735 6.123272184021366 68.0 
225.0 342.0 2.9816795304315735 6.123272184021366 68.0 
225.0 343.0 2.9816795304315735 6.123272184021366 68.0 
225.0 344.0 2.9816795304315735 6.123272184021366 68.0 
226.0 338.0 2.9816795304315735 6.123272184021366 68.0 
226.0 339.0 2.9816795304315735 6.123272184021366 68.0 
226.0 340.0 2.9816795304315735 6.123272184021366 68.0 
226.0 341.0 2.9816795304315735 6.123272184021366 68.0 
226.0 342.0 2.9816795304315735 6.123272184021366 68.0 
226.0 343.0 2.9816795304315735 6.123272184021366 68.0 
226.0 344.0 2.9816795304315735 6.123272184021366 68.0 
227.0 338.0 2.9816795304315735 6.123272184021366 68.0 
227.0 339.0 2.9816795304315735 6.123272184021366 68.0 
227.0 340.0 2.9816795304315735 6.123272184021366 68.0 
227.0 341.0 2.9816795304315735 6.123272184021366 68.0 
227.0 342.0 2.9816795304315735 6.123272184021366 68.0 
227.0 343.0 2.9816795304315735 6.123272184021366 68.0 
228.0 338.0 2.9816795304315735 6.123272184021366 68.0 
228.0 339.0 2.9816795304315735 6.123272184021366 68.0 
228.0 340.0 2.9816795304315735 6.123272184021366 68.0 
228.0 341.0 2.9816795304315735 6.123272184021366 68.0 
228.0 342.0 2.9816795304315735 6.123272184021366 68.0 
228.0 343.0 2.9816795304315735 6.123272184021366 68.0 
229.0 338.0 2.9816795304315735 6.123272184021366 68.0 
229.0 339.0 2.9816795304315735 6.123272184021366 68.0 
229.0 340.0 2.9816795304315735 6.123272184021366 68.0 
229.0 341.0 2.9816795304315735 6.123272184021366 68.0 
229.0 342.0 2.9816795304315735 6.123272184021366 68.0 
229.0 343.0 2.9816795304315735 6.123272184021366 68.0 
230.0 338.0 2.9816795304315735 6.123272184021366 68.0 
230.0 339.0 2.9816795304315735 6.123272184021366 68.0 
230.0 340.0 2.9816795304315735 6.123272184021366 68.0 
230.0 341.0 2.9816795304315735 6.123272184021366 68.0 
230.0 342.0 2.9816795304315735 6.123272184021366 68.0 
230.0 343.0 2.9816795304315735 6.123272184021366 68.0 
231.0 338.0 2.9816795304315735 6.123272184021366 68.0 
231.0 339.0 2.9816795304315735 6.123272184021366 68.0 
231.0 340.0 2.9816795304315735 6.123272184021366 68.0 
231.0 341.0 2.9816795304315735 6.123272184021366 68.0 
231.0 342.0 2.9816795304315735 6.123272184021366 68.0 
231.0 343.0 2.9816795304315735 6.123272184021366 68.0 
232.0 338.0 2.9816795304315735 6.123272184021366 68.0 
232.0 339.0 2.9816795304315735 6.123272184021366 68.0 
232.0 340.0 2.9816795304315735 6.123272184021366 68.0 
232.0 341.0 2.9816795304315735 6.123272184021366 68.0 
232.0 342.0 2.9816795304315735 6.123272184021366 68.0 
232.0 343.0 2.9816795304315735 6.123272184021366 68.0 
233.0 337.0 2.9816795304315735 6.123272184021366 68.0 
233.0 338.0 2.9816795304315735 6.123272184021366 68.0 
233.0 339.0 2.9816795304315735 6.123272184021366 68.0 
233.0 340.0 2.9816795304315735 6.123272184021366 68.0 
233.0 341.0 2.9816795304315735 6.123272184021366 68.0 
233.0 342.0 2.9816795304315735 6.123272184021366 68.0 
234.0 337.0 2.9816795304315735 6.123272184021366 68.0 
234.0 338.0 2.9816795304315735 6.123272184021366 68.0 
234.0 339.0 2.9816795304315735 6.123272184021366 68.0 
234.0 340.0 2.9816795304315735 6.123272184021366 68.0 
234.0 341.0 2.9816795304315735 6.123272184021366 68.0 
234.0 342.0 2.9816795304315735 6.123272184021366 68.0 
235.0 337.0 2.9816795304315735 6.123272184021366 68.0 
235.0 338.0 2.9816795304315735 6.123272184021366 68.0 
235.0 339.0 2.9816795304315735 6.123272184021366 68.0 
235.0 340.0 2.9816795304315735 6.123272184021366 68.0 
235.0 341.0 2.9816795304315735 6.123272184021366 68.0 
235.0 342.0 2.9816795304315735 6.123272184021366 68.0 
236.0 337.0 2.9816795304315735 6.123272184021366 68.0 
236.0 338.0 2.9816795304315735 6.123272184021366 68.0 
236.0 339.0 2.9816795304315735 6.123272184021366 68.0 
236.0 340.0 2.9816795304315735 6.123272184021366 68.0 
236.0 341.0 2.9816795304315735 6.123272184021366 68.0 
236.0 342.0 2.9816795304315735 6.123272184021366 68.0 
237.0 337.0 2.9816795304315735 6.123272184021366 68.0 
237.0 338.0 2.9816795304315735 6.123272184021366 68.0 
237.0 339.0 2.9816795304315735 6.123272184021366 68.0 
237.0 340.0 2.9816795304315735 6.123272184021366 68.0 
237.0 341.0 2.9816795304315735 6.123272184021366 68.0 
237.0 342.0 2.9816795304315735 6.123272184021366 68.0 
238.0 337.0 2.9816795304315735 6.123272184021366 68.0 
238.0 338.0 2.9816795304315735 6.123272184021366 68.0 
238.0 339.0 2.9816795304315735 6.123272184021366 68.0 
238.0 340.0 2.9816795304315735 6.123272184021366 68.0 
238.0 341.0 2.9816795304315735 6.123272184021366 68.0 
238.0 342.0 2.9816795304315735 6.123272184021366 68.0 
239.0 336.0 2.9816795304315735 6.123272184021366 68.0 
239.0 337.0 2.9816795304315735 6.123272184021366 68.0 
239.0 338.0 2.9816795304315735 6.123272184021366 68.0 
239.0 339.0 2.9816795304315735 6.123272184021366 68.0 
239.0 340.0 2.9816795304315735 6.123272184021366 68.0 
239.0 341.0 2.9816795304315735 6.123272184021366 68.0 
240.0 336.0 2.9816795304315735 6.123272184021366 68.0 
240.0 337.0 2.9816795304315735 6.123272184021366 68.0 
240.0 338.0 2.9816795304315735 6.123272184021366 68.0 
240.0 339.0 2.9816795304315735 6.123272184021366 68.0 
240.0 340.0 2.9816795304315735 6.123272184021366 68.0 
240.0 341.0 2.9816795304315735 6.123272184021366 68.0 
241.0 336.0 2.9816795304315735 6.123272184021366 68.0 
241.0 337.0 2.9816795304315735 6.123272184021366 68.0 
241.0 338.0 2.9816795304315735 6.123272184021366 68.0 
241.0 339.0 2.9816795304315735 6.123272184021366 68.0 
241.0 340.0 2.9816795304315735 6.123272184021366 68.0 
241.0 341.0 2.9816795304315735 6.123272184021366 68.0 
242.0 336.0 2.9816795304315735 6.123272184021366 68.0 
242.0 337.0 2.9816795304315735 6.123272184021366 68.0 
242.0 338.0 2.9816795304315735 6.123272184021366 68.0 
242.0 339.0 2.9816795304315735 6.123272184021366 68.0 
242.0 340.0 2.9816795304315735 6.123272184021366 68.0 
242.0 341.0 2.9816795304315735 6.123272184021366 68.0 
243.0 336.0 2.9816795304315735 6.123272184021366 68.0 
243.0 337.0 2.9816795304315735 6.123272184021366 68.0 
243.0 338.0 2.9816795304315735 6.123272184021366 68.0 
243.0 339.0 2.9816795304315735 6.123272184021366 68.0 
243.0 340.0 2.9816795304315735 6.123272184021366 68.0 
243.0 341.0 2.9816795304315735 6.123272184021366 68.0 
244.0 336.0 2.9816795304315735 6.123272184021366 68.0 
244.0 337.0 2.9816795304315735 6.123272184021366 68.0 
244.0 338.0 2.9816795304315735 6.123272184021366 68.0 
244.0 339.0 2.9816795304315735 6.123272184021366 68.0 
244.0 340.0 2.9816795304315735 6.123272184021366 68.0 
244.0 341.0 2.9816795304315735 6.123272184021366 68.0 
245.0 335.0 2.9816795304315735 6.123272184021366 68.0 
245.0 336.0 2.9816795304315735 6.123272184021366 68.0 
245.0 337.0 2.9816795304315735 6.123272184021366 68.0 
245.0 338.0 2.9816795304315735 6.123272184021366 68.0 
245.0 339.0 2.9816795304315735 6.123272184021366 68.0 
245.0 340.0 2.9816795304315735 6.123272184021366 68.0 
245.0 341.0 2.9816795304315735 6.123272184021366 68.0 
246.0 335.0 2.9816795304315735 6.123272184021366 68.0 
246.0 336.0 2.9816795304315735 6.123272184021366 68.0 
246.0 337.0 2.9816795304315735 6.123272184021366 68.0 
246.0 338.0 2.9816795304315735 6.123272184021366 68.0 
246.0 339.0 2.9816795304315735 6.123272184021366 68.0 
246.0 340.0 2.9816795304315735 6.123272184021366 68.0 
247.0 335.0 2.9816795304315735 6.123272184021366 68.0 
247.0 336.0 2.9816795304315735 6.123272184021366 68.0 
247.0 337.0 2.9816795304315735 6.123272184021366 68.0 
247.0 338.0 2.9816795304315735 6.123272184021366 68.0 
247.0 339.0 2.9816795304315735 6.123272184021366 68.0 
247.0 340.0 2.9816795304315735 6.123272184021366 68.0 
248.0 335.0 2.9816795304315735 6.123272184021366 68.0 
248.0 336.0 2.9816795304315735 6.123272184021366 68.0 
248.0 337.0 2.9816795304315735 6.123272184021366 68.0 
248.0 338.0 2.9816795304315735 6.123272184021366 68.0 
248.0 339.0 2.9816795304315735 6.123272184021366 68.0 
248.0 340.0 2.9816795304315735 6.123272184021366 68.0 
249.0 335.0 2.9816795304315735 6.123272184021366 68.0 
249.0 336.0 2.9816795304315735 6.123272184021366 68.0 
249.0 337.0 2.9816795304315735 6.123272184021366 68.0 
249.0 338.0 2.9816795304315735 6.123272184021366 68.0 
249.0 339.0 2.9816795304315735 6.123272184021366 68.0 
249.0 340.0 2.9816795304315735 6.123272184021366 68.0 
250.0 335.0 2.9816795304315735 6.123272184021366 68.0 
250.0 336.0 2.9816795304315735 6.123272184021366 68.0 
250.0 337.0 2.9816795304315735 6.123272184021366 68.0 
250.0 338.0 2.9816795304315735 6.123272184021366 68.0 
250.0 339.0 2.9816795304315735 6.123272184021366 68.0 
250.0 340.0 2.9816795304315735 6.123272184021366 68.0 
251.0 334.0 2.9816795304315735 6.123272184021366 68.0 
251.0 335.0 2.9816795304315735 6.123272184021366 68.0 
251.0 336.0 2.9816795304315735 6.123272184021366 68.0 
251.0 337.0 2.9816795304315735 6.123272184021366 68.0 
251.0 338.0 2.9816795304315735 6.123272184021366 68.0 
251.0 339.0 2.9816795304315735 6.123272184021366 68.0 
251.0 340.0 2.9816795304315735 6.123272184021366 68.0 
252.0 334.0 2.9816795304315735 6.123272184021366 68.0 
252.0 335.0 2.9816795304315735 6.123272184021366 68.0 
252.0 336.0 2.9816795304315735 6.123272184021366 68.0 
252.0 337.0 2.9816795304315735 6.123272184021366 68.0 
252.0 338.0 2.9816795304315735 6.123272184021366 68.0 
252.0 339.0 2.9816795304315735 6.123272184021366 68.0 
253.0 334.0 2.9816795304315735 6.123272184021366 68.0 
253.0 335.0 2.9816795304315735 6.123272184021366 68.0 
253.0 336.0 2.9816795304315735 6.123272184021366 68.0 
253.0 337.0 2.9816795304315735 6.123272184021366 68.0 
253.0 338.0 2.9816795304315735 6.123272184021366 68.0 
253.0 339.0 2.9816795304315735 6.123272184021366 68.0 
254.0 334.0 2.9816795304315735 6.123272184021366 68.0 
254.0 335.0 2.9816795304315735 6.123272184021366 68.0 
254.0 336.0 2.9816795304315735 6.123272184021366 68.0 
254.0 337.0 2.9816795304315735 6.123272184021366 68.0 
254.0 338.0 2.9816795304315735 6.123272184021366 68.0 
254.0 339.0 2.9816795304315735 6.123272184021366 68.0 
255.0 334.0 2.9816795304315735 6.123272184021366 68.0 
255.0 335.0 2.9816795304315735 6.123272184021366 68.0 
255.0 336.0 2.9816795304315735 6.123272184021366 68.0 
255.0 337.0 2.9816795304315735 6.123272184021366 68.0 
255.0 338.0 2.9816795304315735 6.123272184021366 68.0 
255.0 339.0 2.9816795304315735 6.123272184021366 68.0 
256.0 334.0 2.9816795304315735 6.123272184021366 68.0 
256.0 335.0 2.9816795304315735 6.123272184021366 68.0 
256.0 336.0 2.9816795304315735 6.123272184021366 68.0 
256.0 337.0 2.9816795304315735 6.123272184021366 68.0 
256.0 338.0 2.9816795304315735 6.123272184021366 68.0 
256.0 339.0 2.9816795304315735 6.123272184021366 68.0 
257.0 333.0 2.9816795304315735 6.123272184021366 68.0 
257.0 334.0 2.9816795304315735 6.123272184021366 68.0 
257.0 335.0 2.9816795304315735 6.123272184021366 68.0 
257.0 336.0 2.9816795304315735 6.123272184021366 68.0 
257.0 337.0 2.9816795304315735 6.123272184021366 68.0 
257.0 338.0 2.9816795304315735 6.123272184021366 68.0 
257.0 339.0 2.9816795304315735 6.123272184021366 68.0 
258.0 333.0 2.9816795304315735 6.123272184021366 68.0 
258.0 334.0 2.9816795304315735 6.123272184021366 68.0 
258.0 335.0 2.9816795304315735 6.123272184021366 68.0 
258.0 336.0 2.9816795304315735 6.123272184021366 68.0 
258.0 337.0 2.9816795304315735 6.123272184021366 68.0 
258.0 338.0 2.9816795304315735 6.123272184021366 68.0 
259.0 333.0 2.9816795304315735 6.123272184021366 68.0 
259.0 334.0 2.9816795304315735 6.123272184021366 68.0 
259.0 335.0 2.9816795304315735 6.123272184021366 68.0 
259.0 336.0 2.9816795304315735 6.123272184021366 68.0 
259.0 337.0 2.9816795304315735 6.123272184021366 68.0 
259.0 338.0 2.9816795304315735 6.123272184021366 68.0 
260.0 333.0 2.9816795304315735 6.123272184021366 68.0 
260.0 334.0 2.9816795304315735 6.123272184021366 68.0 
260.0 335.0 2.9816795304315735 6.123272184021366 68.0 
260.0 336.0 2.9816795304315735 6.123272184021366 68.0 
260.0 337.0 2.9816795304315735 6.123272184021366 68.0 
260.0 338.0 2.9816795304315735 6.123272184021366 68.0 
261.0 333.0 2.9816795304315735 6.123272184021366 68.0 
261.0 334.0 2.9816795304315735 6.123272184021366 68.0 
261.0 335.0 2.9816795304315735 6.123272184021366 68.0 
261.0 336.0 2.9816795304315735 6.123272184021366 68.0 
261.0 337.0 2.9816795304315735 6.123272184021366 68.0 
261.0 338.0 2.9816795304315735 6.123272184021366 68.0 
262.0 333.0 2.9816795304315735 6.123272184021366 68.0 
262.0 334.0 2.9816795304315735 6.123272184021366 68.0 
262.0 335.0 2.9816795304315735 6.123272184021366 68.0 
262.0 336.0 2.9816795304315735 6.123272184021366 68.0 
262.0 337.0 2.9816795304315735 6.123272184021366 68.0 
262.0 338.0 2.9816795304315735 6.123272184021366 68.0 
263.0 333.0 2.9816795304315735 6.123272184021366 68.0 
263.0 334.0 2.9816795304315735 6.123272184021366 68.0 
263.0 335.0 2.9816795304315735 6.123272184021366 68.0 
263.0 336.0 2.9816795304315735 6.123272184021366 68.0 
263.0 337.0 2.9816795304315735 6.123272184021366 68.0 
263.0 338.0 2.9816795304315735 6.123272184021366 68.0 
264.0 332.0 2.9816795304315735 6.123272184021366 68.0 
264.0 333.0 2.9816795304315735 6.123272184021366 68.0 
264.0 334.0 2.9816795304315735 6.123272184021366 68.0 
264.0 335.0 2.9816795304315735 6.123272184021366 68.0 
264.0 336.0 2.9816795304315735 6.123272184021366 68.0 
264.0 337.0 2.9816795304315735 6.123272184021366 68.0 
265.0 332.0 2.9816795304315735 6.123272184021366 68.0 
265.0 333.0 2.9816795304315735 6.123272184021366 68.0 
265.0 334.0 2.9816795304315735 6.123272184021366 68.0 
265.0 335.0 2.9816795304315735 6.123272184021366 68.0 
265.0 336.0 2.9816795304315735 6.123272184021366 68.0 
265.0 337.0 2.9816795304315735 6.123272184021366 68.0 
266.0 332.0 2.9816795304315735 6.123272184021366 68.0 
266.0 333.0 2.9816795304315735 6.123272184021366 68.0 
266.0 334.0 2.9816795304315735 6.123272184021366 68.0 
266.0 335.0 2.9816795304315735 6.123272184021366 68.0 
266.0 336.0 2.9816795304315735 6.123272184021366 68.0 
266.0 337.0 2.9816795304315735 6.123272184021366 68.0 
267.0 332.0 2.9816795304315735 6.123272184021366 68.0 
267.0 333.0 2.9816795304315735 6.123272184021366 68.0 
267.0 334.0 2.9816795304315735 6.123272184021366 68.0 
267.0 335.0 2.9816795304315735 6.123272184021366 68.0 
267.0 336.0 2.9816795304315735 6.123272184021366 68.0 
267.0 337.0 2.9816795304315735 6.123272184021366 68.0 
268.0 332.0 2.9816795304315735 6.123272184021366 68.0 
268.0 333.0 2.9816795304315735 6.123272184021366 68.0 
268.0 334.0 2.9816795304315735 6.123272184021366 68.0 
268.0 335.0 2.9816795304315735 6.123272184021366 68.0 
268.0 336.0 2.9816795304315735 6.123272184021366 68.0 
268.0 337.0 2.9816795304315735 6.123272184021366 68.0 
269.0 332.0 2.9816795304315735 6.123272184021366 68.0 
269.0 333.0 2.9816795304315735 6.123272184021366 68.0 
269.0 334.0 2.9816795304315735 6.123272184021366 68.0 
269.0 335.0 2.9816795304315735 6.123272184021366 68.0 
269.0 336.0 2.9816795304315735 6.123272184021366 68.0 
269.0 337.0 2.9816795304315735 6.123272184021366 68.0 
270.0 331.0 2.9816795304315735 6.123272184021366 68.0 
270.0 332.0 2.9816795304315735 6.123272184021366 68.0 
270.0 333.0 2.9816795304315735 6.123272184021366 68.0 
270.0 334.0 2.9816795304315735 6.123272184021366 68.0 
270.0 335.0 2.9816795304315735 6.123272184021366 68.0 
270.0 336.0 2.9816795304315735 6.123272184021366 68.0 
271.0 331.0 2.9816795304315735 6.123272184021366 68.0 
271.0 332.0 2.9816795304315735 6.123272184021366 68.0 
271.0 333.0 2.9816795304315735 6.123272184021366 68.0 
271.0 334.0 2.9816795304315735 6.123272184021366 68.0 
271.0 335.0 2.9816795304315735 6.123272184021366 68.0 
271.0 336.0 2.9816795304315735 6.123272184021366 68.0 
272.0 331.0 2.9816795304315735 6.123272184021366 68.0 
272.0 332.0 2.9816795304315735 6.123272184021366 68.0 
272.0 333.0 2.9816795304315735 6.123272184021366 68.0 
272.0 334.0 2.9816795304315735 6.123272184021366 68.0 
272.0 335.0 2.9816795304315735 6.123272184021366 68.0 
272.0 336.0 2.9816795304315735 6.123272184021366 68.0 
273.0 331.0 2.9816795304315735 6.123272184021366 68.0 
273.0 332.0 2.9816795304315735 6.123272184021366 68.0 
273.0 333.0 2.9816795304315735 6.123272184021366 68.0 
273.0 334.0 2.9816795304315735 6.123272184021366 68.0 
273.0 335.0 2.9816795304315735 6.123272184021366 68.0 
273.0 336.0 2.9816795304315735 6.123272184021366 68.0 
274.0 331.0 2.9816795304315735 6.123272184021366 68.0 
274.0 332.0 2.9816795304315735 6.123272184021366 68.0 
274.0 333.0 2.9816795304315735 6.123272184021366 68.0 
274.0 334.0 2.9816795304315735 6.123272184021366 68.0 
274.0 335.0 2.9816795304315735 6.123272184021366 68.0 
274.0 336.0 2.9816795304315735 6.123272184021366 68.0 
275.0 331.0 2.9816795304315735 6.123272184021366 68.0 
275.0 332.0 2.9816795304315735 6.123272184021366 68.0 
275.0 333.0 2.9816795304315735 6.123272184021366 68.0 
275.0 334.0 2.9816795304315735 6.123272184021366 68.0 
275.0 335.0 2.9816795304315735 6.123272184021366 68.0 
275.0 336.0 2.9816795304315735 6.123272184021366 68.0 
276.0 330.0 2.9816795304315735 6.123272184021366 68.0 
276.0 331.0 2.9816795304315735 6.123272184021366 68.0 
276.0 332.0 2.9816795304315735 6.123272184021366 68.0 
276.0 333.0 2.9816795304315735 6.123272184021366 68.0 
276.0 334.0 2.9816795304315735 6.123272184021366 68.0 
276.0 335.0 2.9816795304315735 6.123272184021366 68.0 
276.0 336.0 2.9816795304315735 6.123272184021366 68.0 
277.0 330.0 2.9816795304315735 6.123272184021366 68.0 
277.0 331.0 2.9816795304315735 6.123272184021366 68.0 
277.0 332.0 2.9816795304315735 6.123272184021366 68.0 
277.0 333.0 2.9816795304315735 6.123272184021366 68.0 
277.0 334.0 2.9816795304315735 6.123272184021366 68.0 
277.0 335.0 2.9816795304315735 6.123272184021366 68.0 
278.0 330.0 2.9816795304315735 6.123272184021366 68.0 
278.0 331.0 2.9816795304315735 6.123272184021366 68.0 
278.0 332.0 2.9816795304315735 6.123272184021366 68.0 
278.0 333.0 2.9816795304315735 6.123272184021366 68.0 
278.0 334.0 2.9816795304315735 6.123272184021366 68.0 
278.0 335.0 2.9816795304315735 6.123272184021366 68.0 
279.0 330.0 2.9816795304315735 6.123272184021366 68.0 
279.0 331.0 2.9816795304315735 6.123272184021366 68.0 
279.0 332.0 2.9816795304315735 6.123272184021366 68.0 
279.0 333.0 2.9816795304315735 6.123272184021366 68.0 
279.0 334.0 2.9816795304315735 6.123272184021366 68.0 
279.0 335.0 2.9816795304315735 6.123272184021366 68.0 
280.0 330.0 2.9816795304315735 6.123272184021366 68.0 
280.0 331.0 2.9816795304315735 6.123272184021366 68.0 
280.0 332.0 2.9816795304315735 6.123272184021366 68.0 
280.0 333.0 2.9816795304315735 6.123272184021366 68.0 
280.0 334.0 2.9816795304315735 6.123272184021366 68.0 
280.0 335.0 2.9816795304315735 6.123272184021366 68.0 
281.0 330.0 2.9816795304315735 6.123272184021366 68.0 
281.0 331.0 2.9816795304315735 6.123272184021366 68.0 
281.0 332.0 2.9816795304315735 6.123272184021366 68.0 
281.0 333.0 2.9816795304315735 6.123272184021366 68.0 
281.0 334.0 2.9816795304315735 6.123272184021366 68.0 
281.0 335.0 2.9816795304315735 6.123272184021366 68.0 
282.0 332.0 2.9816795304315735 6.123272184021366 68.0 
282.0 333.0 2.9816795304315735 6.123272184021366 68.0 
282.0 334.0 2.9816795304315735 6.123272184021366 68.0 
282.0 335.0 2.9816795304315735 6.123272184021366 68.0 
