237.0 340.0 2.1484258584247344 5.2900185120145276 52.0 
238.0 339.0 2.1484258584247344 5.2900185120145276 52.0 
238.0 340.0 2.1484258584247344 5.2900185120145276 52.0 
238.0 341.0 2.1484258584247344 5.2900185120145276 52.0 
239.0 337.0 2.1484258584247344 5.2900185120145276 52.0 
239.0 338.0 2.1484258584247344 5.2900185120145276 52.0 
239.0 339.0 2.1484258584247344 5.2900185120145276 52.0 
239.0 340.0 2.1484258584247344 5.2900185120145276 52.0 
239.0 341.0 2.1484258584247344 5.2900185120145276 52.0 
240.0 335.0 2.1484258584247344 5.2900185120145276 52.0 
240.0 336.0 2.1484258584247344 5.2900185120145276 52.0 
240.0 337.0 2.1484258584247344 5.2900185120145276 52.0 
240.0 338.0 2.1484258584247344 5.2900185120145276 52.0 
240.0 339.0 2.1484258584247344 5.2900185120145276 52.0 
240.0 340.0 2.1484258584247344 5.2900185120145276 52.0 
240.0 341.0 2.1484258584247344 5.2900185120145276 52.0 
240.0 342.0 2.1484258584247344 5.2900185120145276 52.0 
241.0 334.0 2.1484258584247344 5.2900185120145276 52.0 
241.0 335.0 2.1484258584247344 5.2900185120145276 52.0 
241.0 336.0 2.1484258584247344 5.2900185120145276 52.0 
241.0 337.0 2.1484258584247344 5.2900185120145276 52.0 
241.0 338.0 2.1484258584247344 5.2900185120145276 52.0 
241.0 339.0 2.1484258584247344 5.2900185120145276 52.0 
241.0 340.0 2.1484258584247344 5.2900185120145276 52.0 
241.0 341.0 2.1484258584247344 5.2900185120145276 52.0 
241.0 342.0 2.1484258584247344 5.2900185120145276 52.0 
241.0 343.0 2.1484258584247344 5.2900185120145276 52.0 
242.0 332.0 2.1484258584247344 5.2900185120145276 52.0 
242.0 333.0 2.1484258584247344 5.2900185120145276 52.0 
242.0 334.0 2.1484258584247344 5.2900185120145276 52.0 
242.0 335.0 2.1484258584247344 5.2900185120145276 52.0 
242.0 336.0 2.1484258584247344 5.2900185120145276 52.0 
242.0 337.0 2.1484258584247344 5.2900185120145276 52.0 
242.0 338.0 2.1484258584247344 5.2900185120145276 52.0 
242.0 339.0 2.1484258584247344 5.2900185120145276 52.0 
242.0 340.0 2.1484258584247344 5.2900185120145276 52.0 
242.0 341.0 2.1484258584247344 5.2900185120145276 52.0 
242.0 342.0 2.1484258584247344 5.2900185120145276 52.0 
243.0 331.0 2.1484258584247344 5.2900185120145276 52.0 
243.0 332.0 2.1484258584247344 5.2900185120145276 52.0 
243.0 333.0 2.1484258584247344 5.2900185120145276 52.0 
243.0 334.0 2.1484258584247344 5.2900185120145276 52.0 
243.0 335.0 2.1484258584247344 5.2900185120145276 52.0 
243.0 336.0 2.1484258584247344 5.2900185120145276 52.0 
243.0 337.0 2.1484258584247344 5.2900185120145276 52.0 
243.0 338.0 2.1484258584247344 5.2900185120145276 52.0 
243.0 339.0 2.1484258584247344 5.2900185120145276 52.0 
243.0 340.0 2.1484258584247344 5.2900185120145276 52.0 
243.0 341.0 2.1484258584247344 5.2900185120145276 52.0 
244.0 329.0 2.1484258584247344 5.2900185120145276 52.0 
244.0 330.0 2.1484258584247344 5.2900185120145276 52.0 
244.0 331.0 2.1484258584247344 5.2900185120145276 52.0 
244.0 332.0 2.1484258584247344 5.2900185120145276 52.0 
244.0 333.0 2.1484258584247344 5.2900185120145276 52.0 
244.0 334.0 2.1484258584247344 5.2900185120145276 52.0 
244.0 335.0 2.1484258584247344 5.2900185120145276 52.0 
244.0 336.0 2.1484258584247344 5.2900185120145276 52.0 
244.0 337.0 2.1484258584247344 5.2900185120145276 52.0 
244.0 338.0 2.1484258584247344 5.2900185120145276 52.0 
244.0 339.0 2.1484258584247344 5.2900185120145276 52.0 
245.0 328.0 2.1484258584247344 5.2900185120145276 52.0 
245.0 329.0 2.1484258584247344 5.2900185120145276 52.0 
245.0 330.0 2.1484258584247344 5.2900185120145276 52.0 
245.0 331.0 2.1484258584247344 5.2900185120145276 52.0 
245.0 332.0 2.1484258584247344 5.2900185120145276 52.0 
245.0 333.0 2.1484258584247344 5.2900185120145276 52.0 
245.0 334.0 2.1484258584247344 5.2900185120145276 52.0 
245.0 335.0 2.1484258584247344 5.2900185120145276 52.0 
245.0 336.0 2.1484258584247344 5.2900185120145276 52.0 
245.0 337.0 2.1484258584247344 5.2900185120145276 52.0 
245.0 338.0 2.1484258584247344 5.2900185120145276 52.0 
246.0 326.0 2.1484258584247344 5.2900185120145276 52.0 
246.0 327.0 2.1484258584247344 5.2900185120145276 52.0 
246.0 328.0 2.1484258584247344 5.2900185120145276 52.0 
246.0 329.0 2.1484258584247344 5.2900185120145276 52.0 
246.0 330.0 2.1484258584247344 5.2900185120145276 52.0 
246.0 331.0 2.1484258584247344 5.2900185120145276 52.0 
246.0 332.0 2.1484258584247344 5.2900185120145276 52.0 
246.0 333.0 2.1484258584247344 5.2900185120145276 52.0 
246.0 334.0 2.1484258584247344 5.2900185120145276 52.0 
246.0 335.0 2.1484258584247344 5.2900185120145276 52.0 
246.0 336.0 2.1484258584247344 5.2900185120145276 52.0 
247.0 325.0 2.1484258584247344 5.2900185120145276 52.0 
247.0 326.0 2.1484258584247344 5.2900185120145276 52.0 
247.0 327.0 2.1484258584247344 5.2900185120145276 52.0 
247.0 328.0 2.1484258584247344 5.2900185120145276 52.0 
247.0 329.0 2.1484258584247344 5.2900185120145276 52.0 
247.0 330.0 2.1484258584247344 5.2900185120145276 52.0 
247.0 331.0 2.1484258584247344 5.2900185120145276 52.0 
247.0 332.0 2.1484258584247344 5.2900185120145276 52.0 
247.0 333.0 2.1484258584247344 5.2900185120145276 52.0 
247.0 334.0 2.1484258584247344 5.2900185120145276 52.0 
247.0 335.0 2.1484258584247344 5.2900185120145276 52.0 
248.0 323.0 2.1484258584247344 5.2900185120145276 52.0 
248.0 324.0 2.1484258584247344 5.2900185120145276 52.0 
248.0 325.0 2.1484258584247344 5.2900185120145276 52.0 
248.0 326.0 2.1484258584247344 5.2900185120145276 52.0 
248.0 327.0 2.1484258584247344 5.2900185120145276 52.0 
248.0 328.0 2.1484258584247344 5.2900185120145276 52.0 
248.0 329.0 2.1484258584247344 5.2900185120145276 52.0 
248.0 330.0 2.1484258584247344 5.2900185120145276 52.0 
248.0 331.0 2.1484258584247344 5.2900185120145276 52.0 
248.0 332.0 2.1484258584247344 5.2900185120145276 52.0 
248.0 333.0 2.1484258584247344 5.2900185120145276 52.0 
249.0 322.0 2.1484258584247344 5.2900185120145276 52.0 
249.0 323.0 2.1484258584247344 5.2900185120145276 52.0 
249.0 324.0 2.1484258584247344 5.2900185120145276 52.0 
249.0 325.0 2.1484258584247344 5.2900185120145276 52.0 
249.0 326.0 2.1484258584247344 5.2900185120145276 52.0 
249.0 327.0 2.1484258584247344 5.2900185120145276 52.0 
249.0 328.0 2.1484258584247344 5.2900185120145276 52.0 
249.0 329.0 2.1484258584247344 5.2900185120145276 52.0 
249.0 330.0 2.1484258584247344 5.2900185120145276 52.0 
249.0 331.0 2.1484258584247344 5.2900185120145276 52.0 
249.0 332.0 2.1484258584247344 5.2900185120145276 52.0 
250.0 320.0 2.1484258584247344 5.2900185120145276 52.0 
250.0 321.0 2.1484258584247344 5.2900185120145276 52.0 
250.0 322.0 2.1484258584247344 5.2900185120145276 52.0 
250.0 323.0 2.1484258584247344 5.2900185120145276 52.0 
250.0 324.0 2.1484258584247344 5.2900185120145276 52.0 
250.0 325.0 2.1484258584247344 5.2900185120145276 52.0 
250.0 326.0 2.1484258584247344 5.2900185120145276 52.0 
250.0 327.0 2.1484258584247344 5.2900185120145276 52.0 
250.0 328.0 2.1484258584247344 5.2900185120145276 52.0 
250.0 329.0 2.1484258584247344 5.2900185120145276 52.0 
250.0 330.0 2.1484258584247344 5.2900185120145276 52.0 
251.0 319.0 2.1484258584247344 5.2900185120145276 52.0 
251.0 320.0 2.1484258584247344 5.2900185120145276 52.0 
251.0 321.0 2.1484258584247344 5.2900185120145276 52.0 
251.0 322.0 2.1484258584247344 5.2900185120145276 52.0 
251.0 323.0 2.1484258584247344 5.2900185120145276 52.0 
251.0 324.0 2.1484258584247344 5.2900185120145276 52.0 
251.0 325.0 2.1484258584247344 5.2900185120145276 52.0 
251.0 326.0 2.1484258584247344 5.2900185120145276 52.0 
251.0 327.0 2.1484258584247344 5.2900185120145276 52.0 
251.0 328.0 2.1484258584247344 5.2900185120145276 52.0 
251.0 329.0 2.1484258584247344 5.2900185120145276 52.0 
252.0 317.0 2.1484258584247344 5.2900185120145276 52.0 
252.0 318.0 2.1484258584247344 5.2900185120145276 52.0 
252.0 319.0 2.1484258584247344 5.2900185120145276 52.0 
252.0 320.0 2.1484258584247344 5.2900185120145276 52.0 
252.0 321.0 2.1484258584247344 5.2900185120145276 52.0 
252.0 322.0 2.1484258584247344 5.2900185120145276 52.0 
252.0 323.0 2.1484258584247344 5.2900185120145276 52.0 
252.0 324.0 2.1484258584247344 5.2900185120145276 52.0 
252.0 325.0 2.1484258584247344 5.2900185120145276 52.0 
252.0 326.0 2.1484258584247344 5.2900185120145276 52.0 
252.0 327.0 2.1484258584247344 5.2900185120145276 52.0 
253.0 316.0 2.1484258584247344 5.2900185120145276 52.0 
253.0 317.0 2.1484258584247344 5.2900185120145276 52.0 
253.0 318.0 2.1484258584247344 5.2900185120145276 52.0 
253.0 319.0 2.1484258584247344 5.2900185120145276 52.0 
253.0 320.0 2.1484258584247344 5.2900185120145276 52.0 
253.0 321.0 2.1484258584247344 5.2900185120145276 52.0 
253.0 322.0 2.1484258584247344 5.2900185120145276 52.0 
253.0 323.0 2.1484258584247344 5.2900185120145276 52.0 
253.0 324.0 2.1484258584247344 5.2900185120145276 52.0 
253.0 325.0 2.1484258584247344 5.2900185120145276 52.0 
253.0 326.0 2.1484258584247344 5.2900185120145276 52.0 
254.0 314.0 2.1484258584247344 5.2900185120145276 52.0 
254.0 315.0 2.1484258584247344 5.2900185120145276 52.0 
254.0 316.0 2.1484258584247344 5.2900185120145276 52.0 
254.0 317.0 2.1484258584247344 5.2900185120145276 52.0 
254.0 318.0 2.1484258584247344 5.2900185120145276 52.0 
254.0 319.0 2.1484258584247344 5.2900185120145276 52.0 
254.0 320.0 2.1484258584247344 5.2900185120145276 52.0 
254.0 321.0 2.1484258584247344 5.2900185120145276 52.0 
254.0 322.0 2.1484258584247344 5.2900185120145276 52.0 
254.0 323.0 2.1484258584247344 5.2900185120145276 52.0 
254.0 324.0 2.1484258584247344 5.2900185120145276 52.0 
255.0 312.0 2.1484258584247344 5.2900185120145276 52.0 
255.0 313.0 2.1484258584247344 5.2900185120145276 52.0 
255.0 314.0 2.1484258584247344 5.2900185120145276 52.0 
255.0 315.0 2.1484258584247344 5.2900185120145276 52.0 
255.0 316.0 2.1484258584247344 5.2900185120145276 52.0 
255.0 317.0 2.1484258584247344 5.2900185120145276 52.0 
255.0 318.0 2.1484258584247344 5.2900185120145276 52.0 
255.0 319.0 2.1484258584247344 5.2900185120145276 52.0 
255.0 320.0 2.1484258584247344 5.2900185120145276 52.0 
255.0 321.0 2.1484258584247344 5.2900185120145276 52.0 
255.0 322.0 2.1484258584247344 5.2900185120145276 52.0 
256.0 311.0 2.1484258584247344 5.2900185120145276 52.0 
256.0 312.0 2.1484258584247344 5.2900185120145276 52.0 
256.0 313.0 2.1484258584247344 5.2900185120145276 52.0 
256.0 314.0 2.1484258584247344 5.2900185120145276 52.0 
256.0 315.0 2.1484258584247344 5.2900185120145276 52.0 
256.0 316.0 2.1484258584247344 5.2900185120145276 52.0 
256.0 317.0 2.1484258584247344 5.2900185120145276 52.0 
256.0 318.0 2.1484258584247344 5.2900185120145276 52.0 
256.0 319.0 2.1484258584247344 5.2900185120145276 52.0 
256.0 320.0 2.1484258584247344 5.2900185120145276 52.0 
256.0 321.0 2.1484258584247344 5.2900185120145276 52.0 
257.0 309.0 2.1484258584247344 5.2900185120145276 52.0 
257.0 310.0 2.1484258584247344 5.2900185120145276 52.0 
257.0 311.0 2.1484258584247344 5.2900185120145276 52.0 
257.0 312.0 2.1484258584247344 5.2900185120145276 52.0 
257.0 313.0 2.1484258584247344 5.2900185120145276 52.0 
257.0 314.0 2.1484258584247344 5.2900185120145276 52.0 
257.0 315.0 2.1484258584247344 5.2900185120145276 52.0 
257.0 316.0 2.1484258584247344 5.2900185120145276 52.0 
257.0 317.0 2.1484258584247344 5.2900185120145276 52.0 
257.0 318.0 2.1484258584247344 5.2900185120145276 52.0 
257.0 319.0 2.1484258584247344 5.2900185120145276 52.0 
258.0 308.0 2.1484258584247344 5.2900185120145276 52.0 
258.0 309.0 2.1484258584247344 5.2900185120145276 52.0 
258.0 310.0 2.1484258584247344 5.2900185120145276 52.0 
258.0 311.0 2.1484258584247344 5.2900185120145276 52.0 
258.0 312.0 2.1484258584247344 5.2900185120145276 52.0 
258.0 313.0 2.1484258584247344 5.2900185120145276 52.0 
258.0 314.0 2.1484258584247344 5.2900185120145276 52.0 
258.0 315.0 2.1484258584247344 5.2900185120145276 52.0 
258.0 316.0 2.1484258584247344 5.2900185120145276 52.0 
258.0 317.0 2.1484258584247344 5.2900185120145276 52.0 
258.0 318.0 2.1484258584247344 5.2900185120145276 52.0 
259.0 306.0 2.1484258584247344 5.2900185120145276 52.0 
259.0 307.0 2.1484258584247344 5.2900185120145276 52.0 
259.0 308.0 2.1484258584247344 5.2900185120145276 52.0 
259.0 309.0 2.1484258584247344 5.2900185120145276 52.0 
259.0 310.0 2.1484258584247344 5.2900185120145276 52.0 
259.0 311.0 2.1484258584247344 5.2900185120145276 52.0 
259.0 312.0 2.1484258584247344 5.2900185120145276 52.0 
259.0 313.0 2.1484258584247344 5.2900185120145276 52.0 
259.0 314.0 2.1484258584247344 5.2900185120145276 52.0 
259.0 315.0 2.1484258584247344 5.2900185120145276 52.0 
259.0 316.0 2.1484258584247344 5.2900185120145276 52.0 
260.0 305.0 2.1484258584247344 5.2900185120145276 52.0 
260.0 306.0 2.1484258584247344 5.2900185120145276 52.0 
260.0 307.0 2.1484258584247344 5.2900185120145276 52.0 
260.0 308.0 2.1484258584247344 5.2900185120145276 52.0 
260.0 309.0 2.1484258584247344 5.2900185120145276 52.0 
260.0 310.0 2.1484258584247344 5.2900185120145276 52.0 
260.0 311.0 2.1484258584247344 5.2900185120145276 52.0 
260.0 312.0 2.1484258584247344 5.2900185120145276 52.0 
260.0 313.0 2.1484258584247344 5.2900185120145276 52.0 
260.0 314.0 2.1484258584247344 5.2900185120145276 52.0 
260.0 315.0 2.1484258584247344 5.2900185120145276 52.0 
261.0 303.0 2.1484258584247344 5.2900185120145276 52.0 
261.0 304.0 2.1484258584247344 5.2900185120145276 52.0 
261.0 305.0 2.1484258584247344 5.2900185120145276 52.0 
261.0 306.0 2.1484258584247344 5.2900185120145276 52.0 
261.0 307.0 2.1484258584247344 5.2900185120145276 52.0 
261.0 308.0 2.1484258584247344 5.2900185120145276 52.0 
261.0 309.0 2.1484258584247344 5.2900185120145276 52.0 
261.0 310.0 2.1484258584247344 5.2900185120145276 52.0 
261.0 311.0 2.1484258584247344 5.2900185120145276 52.0 
261.0 312.0 2.1484258584247344 5.2900185120145276 52.0 
261.0 313.0 2.1484258584247344 5.2900185120145276 52.0 
262.0 302.0 2.1484258584247344 5.2900185120145276 52.0 
262.0 303.0 2.1484258584247344 5.2900185120145276 52.0 
262.0 304.0 2.1484258584247344 5.2900185120145276 52.0 
262.0 305.0 2.1484258584247344 5.2900185120145276 52.0 
262.0 306.0 2.1484258584247344 5.2900185120145276 52.0 
262.0 307.0 2.1484258584247344 5.2900185120145276 52.0 
262.0 308.0 2.1484258584247344 5.2900185120145276 52.0 
262.0 309.0 2.1484258584247344 5.2900185120145276 52.0 
262.0 310.0 2.1484258584247344 5.2900185120145276 52.0 
262.0 311.0 2.1484258584247344 5.2900185120145276 52.0 
262.0 312.0 2.1484258584247344 5.2900185120145276 52.0 
263.0 300.0 2.1484258584247344 5.2900185120145276 52.0 
263.0 301.0 2.1484258584247344 5.2900185120145276 52.0 
263.0 302.0 2.1484258584247344 5.2900185120145276 52.0 
263.0 303.0 2.1484258584247344 5.2900185120145276 52.0 
263.0 304.0 2.1484258584247344 5.2900185120145276 52.0 
263.0 305.0 2.1484258584247344 5.2900185120145276 52.0 
263.0 306.0 2.1484258584247344 5.2900185120145276 52.0 
263.0 307.0 2.1484258584247344 5.2900185120145276 52.0 
263.0 308.0 2.1484258584247344 5.2900185120145276 52.0 
263.0 309.0 2.1484258584247344 5.2900185120145276 52.0 
263.0 310.0 2.1484258584247344 5.2900185120145276 52.0 
264.0 299.0 2.1484258584247344 5.2900185120145276 52.0 
264.0 300.0 2.1484258584247344 5.2900185120145276 52.0 
264.0 301.0 2.1484258584247344 5.2900185120145276 52.0 
264.0 302.0 2.1484258584247344 5.2900185120145276 52.0 
264.0 303.0 2.1484258584247344 5.2900185120145276 52.0 
264.0 304.0 2.1484258584247344 5.2900185120145276 52.0 
264.0 305.0 2.1484258584247344 5.2900185120145276 52.0 
264.0 306.0 2.1484258584247344 5.2900185120145276 52.0 
264.0 307.0 2.1484258584247344 5.2900185120145276 52.0 
264.0 308.0 2.1484258584247344 5.2900185120145276 52.0 
264.0 309.0 2.1484258584247344 5.2900185120145276 52.0 
265.0 297.0 2.1484258584247344 5.2900185120145276 52.0 
265.0 298.0 2.1484258584247344 5.2900185120145276 52.0 
265.0 299.0 2.1484258584247344 5.2900185120145276 52.0 
265.0 300.0 2.1484258584247344 5.2900185120145276 52.0 
265.0 301.0 2.1484258584247344 5.2900185120145276 52.0 
265.0 302.0 2.1484258584247344 5.2900185120145276 52.0 
265.0 303.0 2.1484258584247344 5.2900185120145276 52.0 
265.0 304.0 2.1484258584247344 5.2900185120145276 52.0 
265.0 305.0 2.1484258584247344 5.2900185120145276 52.0 
265.0 306.0 2.1484258584247344 5.2900185120145276 52.0 
265.0 307.0 2.1484258584247344 5.2900185120145276 52.0 
266.0 296.0 2.1484258584247344 5.2900185120145276 52.0 
266.0 297.0 2.1484258584247344 5.2900185120145276 52.0 
266.0 298.0 2.1484258584247344 5.2900185120145276 52.0 
266.0 299.0 2.1484258584247344 5.2900185120145276 52.0 
266.0 300.0 2.1484258584247344 5.2900185120145276 52.0 
266.0 301.0 2.1484258584247344 5.2900185120145276 52.0 
266.0 302.0 2.1484258584247344 5.2900185120145276 52.0 
266.0 303.0 2.1484258584247344 5.2900185120145276 52.0 
266.0 304.0 2.1484258584247344 5.2900185120145276 52.0 
266.0 305.0 2.1484258584247344 5.2900185120145276 52.0 
266.0 306.0 2.1484258584247344 5.2900185120145276 52.0 
267.0 294.0 2.1484258584247344 5.2900185120145276 52.0 
267.0 295.0 2.1484258584247344 5.2900185120145276 52.0 
267.0 296.0 2.1484258584247344 5.2900185120145276 52.0 
267.0 297.0 2.1484258584247344 5.2900185120145276 52.0 
267.0 298.0 2.1484258584247344 5.2900185120145276 52.0 
267.0 299.0 2.1484258584247344 5.2900185120145276 52.0 
267.0 300.0 2.1484258584247344 5.2900185120145276 52.0 
267.0 301.0 2.1484258584247344 5.2900185120145276 52.0 
267.0 302.0 2.1484258584247344 5.2900185120145276 52.0 
267.0 303.0 2.1484258584247344 5.2900185120145276 52.0 
267.0 304.0 2.1484258584247344 5.2900185120145276 52.0 
268.0 293.0 2.1484258584247344 5.2900185120145276 52.0 
268.0 294.0 2.1484258584247344 5.2900185120145276 52.0 
268.0 295.0 2.1484258584247344 5.2900185120145276 52.0 
268.0 296.0 2.1484258584247344 5.2900185120145276 52.0 
268.0 297.0 2.1484258584247344 5.2900185120145276 52.0 
268.0 298.0 2.1484258584247344 5.2900185120145276 52.0 
268.0 299.0 2.1484258584247344 5.2900185120145276 52.0 
268.0 300.0 2.1484258584247344 5.2900185120145276 52.0 
268.0 301.0 2.1484258584247344 5.2900185120145276 52.0 
268.0 302.0 2.1484258584247344 5.2900185120145276 52.0 
268.0 303.0 2.1484258584247344 5.2900185120145276 52.0 
269.0 291.0 2.1484258584247344 5.2900185120145276 52.0 
269.0 292.0 2.1484258584247344 5.2900185120145276 52.0 
269.0 293.0 2.1484258584247344 5.2900185120145276 52.0 
269.0 294.0 2.1484258584247344 5.2900185120145276 52.0 
269.0 295.0 2.1484258584247344 5.2900185120145276 52.0 
269.0 296.0 2.1484258584247344 5.2900185120145276 52.0 
269.0 297.0 2.1484258584247344 5.2900185120145276 52.0 
269.0 298.0 2.1484258584247344 5.2900185120145276 52.0 
269.0 299.0 2.1484258584247344 5.2900185120145276 52.0 
269.0 300.0 2.1484258584247344 5.2900185120145276 52.0 
269.0 301.0 2.1484258584247344 5.2900185120145276 52.0 
270.0 289.0 2.1484258584247344 5.2900185120145276 52.0 
270.0 290.0 2.1484258584247344 5.2900185120145276 52.0 
270.0 291.0 2.1484258584247344 5.2900185120145276 52.0 
270.0 292.0 2.1484258584247344 5.2900185120145276 52.0 
270.0 293.0 2.1484258584247344 5.2900185120145276 52.0 
270.0 294.0 2.1484258584247344 5.2900185120145276 52.0 
270.0 295.0 2.1484258584247344 5.2900185120145276 52.0 
270.0 296.0 2.1484258584247344 5.2900185120145276 52.0 
270.0 297.0 2.1484258584247344 5.2900185120145276 52.0 
270.0 298.0 2.1484258584247344 5.2900185120145276 52.0 
270.0 299.0 2.1484258584247344 5.2900185120145276 52.0 
271.0 288.0 2.1484258584247344 5.2900185120145276 52.0 
271.0 289.0 2.1484258584247344 5.2900185120145276 52.0 
271.0 290.0 2.1484258584247344 5.2900185120145276 52.0 
271.0 291.0 2.1484258584247344 5.2900185120145276 52.0 
271.0 292.0 2.1484258584247344 5.2900185120145276 52.0 
271.0 293.0 2.1484258584247344 5.2900185120145276 52.0 
271.0 294.0 2.1484258584247344 5.2900185120145276 52.0 
271.0 295.0 2.1484258584247344 5.2900185120145276 52.0 
271.0 296.0 2.1484258584247344 5.2900185120145276 52.0 
271.0 297.0 2.1484258584247344 5.2900185120145276 52.0 
271.0 298.0 2.1484258584247344 5.2900185120145276 52.0 
272.0 286.0 2.1484258584247344 5.2900185120145276 52.0 
272.0 287.0 2.1484258584247344 5.2900185120145276 52.0 
272.0 288.0 2.1484258584247344 5.2900185120145276 52.0 
272.0 289.0 2.1484258584247344 5.2900185120145276 52.0 
272.0 290.0 2.1484258584247344 5.2900185120145276 52.0 
272.0 291.0 2.1484258584247344 5.2900185120145276 52.0 
272.0 292.0 2.1484258584247344 5.2900185120145276 52.0 
272.0 293.0 2.1484258584247344 5.2900185120145276 52.0 
272.0 294.0 2.1484258584247344 5.2900185120145276 52.0 
272.0 295.0 2.1484258584247344 5.2900185120145276 52.0 
272.0 296.0 2.1484258584247344 5.2900185120145276 52.0 
273.0 285.0 2.1484258584247344 5.2900185120145276 52.0 
273.0 286.0 2.1484258584247344 5.2900185120145276 52.0 
273.0 287.0 2.1484258584247344 5.2900185120145276 52.0 
273.0 288.0 2.1484258584247344 5.2900185120145276 52.0 
273.0 289.0 2.1484258584247344 5.2900185120145276 52.0 
273.0 290.0 2.1484258584247344 5.2900185120145276 52.0 
273.0 291.0 2.1484258584247344 5.2900185120145276 52.0 
273.0 292.0 2.1484258584247344 5.2900185120145276 52.0 
273.0 293.0 2.1484258584247344 5.2900185120145276 52.0 
273.0 294.0 2.1484258584247344 5.2900185120145276 52.0 
273.0 295.0 2.1484258584247344 5.2900185120145276 52.0 
274.0 283.0 2.1484258584247344 5.2900185120145276 52.0 
274.0 284.0 2.1484258584247344 5.2900185120145276 52.0 
274.0 285.0 2.1484258584247344 5.2900185120145276 52.0 
274.0 286.0 2.1484258584247344 5.2900185120145276 52.0 
274.0 287.0 2.1484258584247344 5.2900185120145276 52.0 
274.0 288.0 2.1484258584247344 5.2900185120145276 52.0 
274.0 289.0 2.1484258584247344 5.2900185120145276 52.0 
274.0 290.0 2.1484258584247344 5.2900185120145276 52.0 
274.0 291.0 2.1484258584247344 5.2900185120145276 52.0 
274.0 292.0 2.1484258584247344 5.2900185120145276 52.0 
274.0 293.0 2.1484258584247344 5.2900185120145276 52.0 
275.0 282.0 2.1484258584247344 5.2900185120145276 52.0 
275.0 283.0 2.1484258584247344 5.2900185120145276 52.0 
275.0 284.0 2.1484258584247344 5.2900185120145276 52.0 
275.0 285.0 2.1484258584247344 5.2900185120145276 52.0 
275.0 286.0 2.1484258584247344 5.2900185120145276 52.0 
275.0 287.0 2.1484258584247344 5.2900185120145276 52.0 
275.0 288.0 2.1484258584247344 5.2900185120145276 52.0 
275.0 289.0 2.1484258584247344 5.2900185120145276 52.0 
275.0 290.0 2.1484258584247344 5.2900185120145276 52.0 
275.0 291.0 2.1484258584247344 5.2900185120145276 52.0 
275.0 292.0 2.1484258584247344 5.2900185120145276 52.0 
276.0 280.0 2.1484258584247344 5.2900185120145276 52.0 
276.0 281.0 2.1484258584247344 5.2900185120145276 52.0 
276.0 282.0 2.1484258584247344 5.2900185120145276 52.0 
276.0 283.0 2.1484258584247344 5.2900185120145276 52.0 
276.0 284.0 2.1484258584247344 5.2900185120145276 52.0 
276.0 285.0 2.1484258584247344 5.2900185120145276 52.0 
276.0 286.0 2.1484258584247344 5.2900185120145276 52.0 
276.0 287.0 2.1484258584247344 5.2900185120145276 52.0 
276.0 288.0 2.1484258584247344 5.2900185120145276 52.0 
276.0 289.0 2.1484258584247344 5.2900185120145276 52.0 
276.0 290.0 2.1484258584247344 5.2900185120145276 52.0 
277.0 279.0 2.1484258584247344 5.2900185120145276 52.0 
277.0 280.0 2.1484258584247344 5.2900185120145276 52.0 
277.0 281.0 2.1484258584247344 5.2900185120145276 52.0 
277.0 282.0 2.1484258584247344 5.2900185120145276 52.0 
277.0 283.0 2.1484258584247344 5.2900185120145276 52.0 
277.0 284.0 2.1484258584247344 5.2900185120145276 52.0 
277.0 285.0 2.1484258584247344 5.2900185120145276 52.0 
277.0 286.0 2.1484258584247344 5.2900185120145276 52.0 
277.0 287.0 2.1484258584247344 5.2900185120145276 52.0 
277.0 288.0 2.1484258584247344 5.2900185120145276 52.0 
277.0 289.0 2.1484258584247344 5.2900185120145276 52.0 
278.0 277.0 2.1484258584247344 5.2900185120145276 52.0 
278.0 278.0 2.1484258584247344 5.2900185120145276 52.0 
278.0 279.0 2.1484258584247344 5.2900185120145276 52.0 
278.0 280.0 2.1484258584247344 5.2900185120145276 52.0 
278.0 281.0 2.1484258584247344 5.2900185120145276 52.0 
278.0 282.0 2.1484258584247344 5.2900185120145276 52.0 
278.0 283.0 2.1484258584247344 5.2900185120145276 52.0 
278.0 284.0 2.1484258584247344 5.2900185120145276 52.0 
278.0 285.0 2.1484258584247344 5.2900185120145276 52.0 
278.0 286.0 2.1484258584247344 5.2900185120145276 52.0 
278.0 287.0 2.1484258584247344 5.2900185120145276 52.0 
279.0 276.0 2.1484258584247344 5.2900185120145276 52.0 
279.0 277.0 2.1484258584247344 5.2900185120145276 52.0 
279.0 278.0 2.1484258584247344 5.2900185120145276 52.0 
279.0 279.0 2.1484258584247344 5.2900185120145276 52.0 
279.0 280.0 2.1484258584247344 5.2900185120145276 52.0 
279.0 281.0 2.1484258584247344 5.2900185120145276 52.0 
279.0 282.0 2.1484258584247344 5.2900185120145276 52.0 
279.0 283.0 2.1484258584247344 5.2900185120145276 52.0 
279.0 284.0 2.1484258584247344 5.2900185120145276 52.0 
279.0 285.0 2.1484258584247344 5.2900185120145276 52.0 
279.0 286.0 2.1484258584247344 5.2900185120145276 52.0 
280.0 274.0 2.1484258584247344 5.2900185120145276 52.0 
280.0 275.0 2.1484258584247344 5.2900185120145276 52.0 
280.0 276.0 2.1484258584247344 5.2900185120145276 52.0 
280.0 277.0 2.1484258584247344 5.2900185120145276 52.0 
280.0 278.0 2.1484258584247344 5.2900185120145276 52.0 
280.0 279.0 2.1484258584247344 5.2900185120145276 52.0 
280.0 280.0 2.1484258584247344 5.2900185120145276 52.0 
280.0 281.0 2.1484258584247344 5.2900185120145276 52.0 
280.0 282.0 2.1484258584247344 5.2900185120145276 52.0 
280.0 283.0 2.1484258584247344 5.2900185120145276 52.0 
280.0 284.0 2.1484258584247344 5.2900185120145276 52.0 
281.0 273.0 2.1484258584247344 5.2900185120145276 52.0 
281.0 274.0 2.1484258584247344 5.2900185120145276 52.0 
281.0 275.0 2.1484258584247344 5.2900185120145276 52.0 
281.0 276.0 2.1484258584247344 5.2900185120145276 52.0 
281.0 277.0 2.1484258584247344 5.2900185120145276 52.0 
281.0 278.0 2.1484258584247344 5.2900185120145276 52.0 
281.0 279.0 2.1484258584247344 5.2900185120145276 52.0 
281.0 280.0 2.1484258584247344 5.2900185120145276 52.0 
281.0 281.0 2.1484258584247344 5.2900185120145276 52.0 
281.0 282.0 2.1484258584247344 5.2900185120145276 52.0 
281.0 283.0 2.1484258584247344 5.2900185120145276 52.0 
282.0 271.0 2.1484258584247344 5.2900185120145276 52.0 
282.0 272.0 2.1484258584247344 5.2900185120145276 52.0 
282.0 273.0 2.1484258584247344 5.2900185120145276 52.0 
282.0 274.0 2.1484258584247344 5.2900185120145276 52.0 
282.0 275.0 2.1484258584247344 5.2900185120145276 52.0 
282.0 276.0 2.1484258584247344 5.2900185120145276 52.0 
282.0 277.0 2.1484258584247344 5.2900185120145276 52.0 
282.0 278.0 2.1484258584247344 5.2900185120145276 52.0 
282.0 279.0 2.1484258584247344 5.2900185120145276 52.0 
282.0 280.0 2.1484258584247344 5.2900185120145276 52.0 
282.0 281.0 2.1484258584247344 5.2900185120145276 52.0 
283.0 269.0 2.1484258584247344 5.2900185120145276 52.0 
283.0 270.0 2.1484258584247344 5.2900185120145276 52.0 
283.0 271.0 2.1484258584247344 5.2900185120145276 52.0 
283.0 272.0 2.1484258584247344 5.2900185120145276 52.0 
283.0 273.0 2.1484258584247344 5.2900185120145276 52.0 
283.0 274.0 2.1484258584247344 5.2900185120145276 52.0 
283.0 275.0 2.1484258584247344 5.2900185120145276 52.0 
283.0 276.0 2.1484258584247344 5.2900185120145276 52.0 
283.0 277.0 2.1484258584247344 5.2900185120145276 52.0 
283.0 278.0 2.1484258584247344 5.2900185120145276 52.0 
283.0 279.0 2.1484258584247344 5.2900185120145276 52.0 
284.0 268.0 2.1484258584247344 5.2900185120145276 52.0 
284.0 269.0 2.1484258584247344 5.2900185120145276 52.0 
284.0 270.0 2.1484258584247344 5.2900185120145276 52.0 
284.0 271.0 2.1484258584247344 5.2900185120145276 52.0 
284.0 272.0 2.1484258584247344 5.2900185120145276 52.0 
284.0 273.0 2.1484258584247344 5.2900185120145276 52.0 
284.0 274.0 2.1484258584247344 5.2900185120145276 52.0 
284.0 275.0 2.1484258584247344 5.2900185120145276 52.0 
284.0 276.0 2.1484258584247344 5.2900185120145276 52.0 
284.0 277.0 2.1484258584247344 5.2900185120145276 52.0 
284.0 278.0 2.1484258584247344 5.2900185120145276 52.0 
285.0 266.0 2.1484258584247344 5.2900185120145276 52.0 
285.0 267.0 2.1484258584247344 5.2900185120145276 52.0 
285.0 268.0 2.1484258584247344 5.2900185120145276 52.0 
285.0 269.0 2.1484258584247344 5.2900185120145276 52.0 
285.0 270.0 2.1484258584247344 5.2900185120145276 52.0 
285.0 271.0 2.1484258584247344 5.2900185120145276 52.0 
285.0 272.0 2.1484258584247344 5.2900185120145276 52.0 
285.0 273.0 2.1484258584247344 5.2900185120145276 52.0 
285.0 274.0 2.1484258584247344 5.2900185120145276 52.0 
285.0 275.0 2.1484258584247344 5.2900185120145276 52.0 
285.0 276.0 2.1484258584247344 5.2900185120145276 52.0 
286.0 265.0 2.1484258584247344 5.2900185120145276 52.0 
286.0 266.0 2.1484258584247344 5.2900185120145276 52.0 
286.0 267.0 2.1484258584247344 5.2900185120145276 52.0 
286.0 268.0 2.1484258584247344 5.2900185120145276 52.0 
286.0 269.0 2.1484258584247344 5.2900185120145276 52.0 
286.0 270.0 2.1484258584247344 5.2900185120145276 52.0 
286.0 271.0 2.1484258584247344 5.2900185120145276 52.0 
286.0 272.0 2.1484258584247344 5.2900185120145276 52.0 
286.0 273.0 2.1484258584247344 5.2900185120145276 52.0 
286.0 274.0 2.1484258584247344 5.2900185120145276 52.0 
286.0 275.0 2.1484258584247344 5.2900185120145276 52.0 
287.0 263.0 2.1484258584247344 5.2900185120145276 52.0 
287.0 264.0 2.1484258584247344 5.2900185120145276 52.0 
287.0 265.0 2.1484258584247344 5.2900185120145276 52.0 
287.0 266.0 2.1484258584247344 5.2900185120145276 52.0 
287.0 267.0 2.1484258584247344 5.2900185120145276 52.0 
287.0 268.0 2.1484258584247344 5.2900185120145276 52.0 
287.0 269.0 2.1484258584247344 5.2900185120145276 52.0 
287.0 270.0 2.1484258584247344 5.2900185120145276 52.0 
287.0 271.0 2.1484258584247344 5.2900185120145276 52.0 
287.0 272.0 2.1484258584247344 5.2900185120145276 52.0 
287.0 273.0 2.1484258584247344 5.2900185120145276 52.0 
288.0 262.0 2.1484258584247344 5.2900185120145276 52.0 
288.0 263.0 2.1484258584247344 5.2900185120145276 52.0 
288.0 264.0 2.1484258584247344 5.2900185120145276 52.0 
288.0 265.0 2.1484258584247344 5.2900185120145276 52.0 
288.0 266.0 2.1484258584247344 5.2900185120145276 52.0 
288.0 267.0 2.1484258584247344 5.2900185120145276 52.0 
288.0 268.0 2.1484258584247344 5.2900185120145276 52.0 
288.0 269.0 2.1484258584247344 5.2900185120145276 52.0 
288.0 270.0 2.1484258584247344 5.2900185120145276 52.0 
288.0 271.0 2.1484258584247344 5.2900185120145276 52.0 
288.0 272.0 2.1484258584247344 5.2900185120145276 52.0 
289.0 260.0 2.1484258584247344 5.2900185120145276 52.0 
289.0 261.0 2.1484258584247344 5.2900185120145276 52.0 
289.0 262.0 2.1484258584247344 5.2900185120145276 52.0 
289.0 263.0 2.1484258584247344 5.2900185120145276 52.0 
289.0 264.0 2.1484258584247344 5.2900185120145276 52.0 
289.0 265.0 2.1484258584247344 5.2900185120145276 52.0 
289.0 266.0 2.1484258584247344 5.2900185120145276 52.0 
289.0 267.0 2.1484258584247344 5.2900185120145276 52.0 
289.0 268.0 2.1484258584247344 5.2900185120145276 52.0 
289.0 269.0 2.1484258584247344 5.2900185120145276 52.0 
289.0 270.0 2.1484258584247344 5.2900185120145276 52.0 
290.0 259.0 2.1484258584247344 5.2900185120145276 52.0 
290.0 260.0 2.1484258584247344 5.2900185120145276 52.0 
290.0 261.0 2.1484258584247344 5.2900185120145276 52.0 
290.0 262.0 2.1484258584247344 5.2900185120145276 52.0 
290.0 263.0 2.1484258584247344 5.2900185120145276 52.0 
290.0 264.0 2.1484258584247344 5.2900185120145276 52.0 
290.0 265.0 2.1484258584247344 5.2900185120145276 52.0 
290.0 266.0 2.1484258584247344 5.2900185120145276 52.0 
290.0 267.0 2.1484258584247344 5.2900185120145276 52.0 
290.0 268.0 2.1484258584247344 5.2900185120145276 52.0 
290.0 269.0 2.1484258584247344 5.2900185120145276 52.0 
291.0 257.0 2.1484258584247344 5.2900185120145276 52.0 
291.0 258.0 2.1484258584247344 5.2900185120145276 52.0 
291.0 259.0 2.1484258584247344 5.2900185120145276 52.0 
291.0 260.0 2.1484258584247344 5.2900185120145276 52.0 
291.0 261.0 2.1484258584247344 5.2900185120145276 52.0 
291.0 262.0 2.1484258584247344 5.2900185120145276 52.0 
291.0 263.0 2.1484258584247344 5.2900185120145276 52.0 
291.0 264.0 2.1484258584247344 5.2900185120145276 52.0 
291.0 265.0 2.1484258584247344 5.2900185120145276 52.0 
291.0 266.0 2.1484258584247344 5.2900185120145276 52.0 
291.0 267.0 2.1484258584247344 5.2900185120145276 52.0 
292.0 256.0 2.1484258584247344 5.2900185120145276 52.0 
292.0 257.0 2.1484258584247344 5.2900185120145276 52.0 
292.0 258.0 2.1484258584247344 5.2900185120145276 52.0 
292.0 259.0 2.1484258584247344 5.2900185120145276 52.0 
292.0 260.0 2.1484258584247344 5.2900185120145276 52.0 
292.0 261.0 2.1484258584247344 5.2900185120145276 52.0 
292.0 262.0 2.1484258584247344 5.2900185120145276 52.0 
292.0 263.0 2.1484258584247344 5.2900185120145276 52.0 
292.0 264.0 2.1484258584247344 5.2900185120145276 52.0 
292.0 265.0 2.1484258584247344 5.2900185120145276 52.0 
292.0 266.0 2.1484258584247344 5.2900185120145276 52.0 
293.0 254.0 2.1484258584247344 5.2900185120145276 52.0 
293.0 255.0 2.1484258584247344 5.2900185120145276 52.0 
293.0 256.0 2.1484258584247344 5.2900185120145276 52.0 
293.0 257.0 2.1484258584247344 5.2900185120145276 52.0 
293.0 258.0 2.1484258584247344 5.2900185120145276 52.0 
293.0 259.0 2.1484258584247344 5.2900185120145276 52.0 
293.0 260.0 2.1484258584247344 5.2900185120145276 52.0 
293.0 261.0 2.1484258584247344 5.2900185120145276 52.0 
293.0 262.0 2.1484258584247344 5.2900185120145276 52.0 
293.0 263.0 2.1484258584247344 5.2900185120145276 52.0 
293.0 264.0 2.1484258584247344 5.2900185120145276 52.0 
294.0 253.0 2.1484258584247344 5.2900185120145276 52.0 
294.0 254.0 2.1484258584247344 5.2900185120145276 52.0 
294.0 255.0 2.1484258584247344 5.2900185120145276 52.0 
294.0 256.0 2.1484258584247344 5.2900185120145276 52.0 
294.0 257.0 2.1484258584247344 5.2900185120145276 52.0 
294.0 258.0 2.1484258584247344 5.2900185120145276 52.0 
294.0 259.0 2.1484258584247344 5.2900185120145276 52.0 
294.0 260.0 2.1484258584247344 5.2900185120145276 52.0 
294.0 261.0 2.1484258584247344 5.2900185120145276 52.0 
294.0 262.0 2.1484258584247344 5.2900185120145276 52.0 
294.0 263.0 2.1484258584247344 5.2900185120145276 52.0 
295.0 251.0 2.1484258584247344 5.2900185120145276 52.0 
295.0 252.0 2.1484258584247344 5.2900185120145276 52.0 
295.0 253.0 2.1484258584247344 5.2900185120145276 52.0 
295.0 254.0 2.1484258584247344 5.2900185120145276 52.0 
295.0 255.0 2.1484258584247344 5.2900185120145276 52.0 
295.0 256.0 2.1484258584247344 5.2900185120145276 52.0 
295.0 257.0 2.1484258584247344 5.2900185120145276 52.0 
295.0 258.0 2.1484258584247344 5.2900185120145276 52.0 
295.0 259.0 2.1484258584247344 5.2900185120145276 52.0 
295.0 260.0 2.1484258584247344 5.2900185120145276 52.0 
295.0 261.0 2.1484258584247344 5.2900185120145276 52.0 
296.0 250.0 2.1484258584247344 5.2900185120145276 52.0 
296.0 251.0 2.1484258584247344 5.2900185120145276 52.0 
296.0 252.0 2.1484258584247344 5.2900185120145276 52.0 
296.0 253.0 2.1484258584247344 5.2900185120145276 52.0 
296.0 254.0 2.1484258584247344 5.2900185120145276 52.0 
296.0 255.0 2.1484258584247344 5.2900185120145276 52.0 
296.0 256.0 2.1484258584247344 5.2900185120145276 52.0 
296.0 257.0 2.1484258584247344 5.2900185120145276 52.0 
296.0 258.0 2.1484258584247344 5.2900185120145276 52.0 
296.0 259.0 2.1484258584247344 5.2900185120145276 52.0 
296.0 260.0 2.1484258584247344 5.2900185120145276 52.0 
297.0 248.0 2.1484258584247344 5.2900185120145276 52.0 
297.0 249.0 2.1484258584247344 5.2900185120145276 52.0 
297.0 250.0 2.1484258584247344 5.2900185120145276 52.0 
297.0 251.0 2.1484258584247344 5.2900185120145276 52.0 
297.0 252.0 2.1484258584247344 5.2900185120145276 52.0 
297.0 253.0 2.1484258584247344 5.2900185120145276 52.0 
297.0 254.0 2.1484258584247344 5.2900185120145276 52.0 
297.0 255.0 2.1484258584247344 5.2900185120145276 52.0 
297.0 256.0 2.1484258584247344 5.2900185120145276 52.0 
297.0 257.0 2.1484258584247344 5.2900185120145276 52.0 
297.0 258.0 2.1484258584247344 5.2900185120145276 52.0 
298.0 246.0 2.1484258584247344 5.2900185120145276 52.0 
298.0 247.0 2.1484258584247344 5.2900185120145276 52.0 
298.0 248.0 2.1484258584247344 5.2900185120145276 52.0 
298.0 249.0 2.1484258584247344 5.2900185120145276 52.0 
298.0 250.0 2.1484258584247344 5.2900185120145276 52.0 
298.0 251.0 2.1484258584247344 5.2900185120145276 52.0 
298.0 252.0 2.1484258584247344 5.2900185120145276 52.0 
298.0 253.0 2.1484258584247344 5.2900185120145276 52.0 
298.0 254.0 2.1484258584247344 5.2900185120145276 52.0 
298.0 255.0 2.1484258584247344 5.2900185120145276 52.0 
298.0 256.0 2.1484258584247344 5.2900185120145276 52.0 
299.0 245.0 2.1484258584247344 5.2900185120145276 52.0 
299.0 246.0 2.1484258584247344 5.2900185120145276 52.0 
299.0 247.0 2.1484258584247344 5.2900185120145276 52.0 
299.0 248.0 2.1484258584247344 5.2900185120145276 52.0 
299.0 249.0 2.1484258584247344 5.2900185120145276 52.0 
299.0 250.0 2.1484258584247344 5.2900185120145276 52.0 
299.0 251.0 2.1484258584247344 5.2900185120145276 52.0 
299.0 252.0 2.1484258584247344 5.2900185120145276 52.0 
299.0 253.0 2.1484258584247344 5.2900185120145276 52.0 
299.0 254.0 2.1484258584247344 5.2900185120145276 52.0 
299.0 255.0 2.1484258584247344 5.2900185120145276 52.0 
300.0 243.0 2.1484258584247344 5.2900185120145276 52.0 
300.0 244.0 2.1484258584247344 5.2900185120145276 52.0 
300.0 245.0 2.1484258584247344 5.2900185120145276 52.0 
300.0 246.0 2.1484258584247344 5.2900185120145276 52.0 
300.0 247.0 2.1484258584247344 5.2900185120145276 52.0 
300.0 248.0 2.1484258584247344 5.2900185120145276 52.0 
300.0 249.0 2.1484258584247344 5.2900185120145276 52.0 
300.0 250.0 2.1484258584247344 5.2900185120145276 52.0 
300.0 251.0 2.1484258584247344 5.2900185120145276 52.0 
300.0 252.0 2.1484258584247344 5.2900185120145276 52.0 
300.0 253.0 2.1484258584247344 5.2900185120145276 52.0 
301.0 242.0 2.1484258584247344 5.2900185120145276 52.0 
301.0 243.0 2.1484258584247344 5.2900185120145276 52.0 
301.0 244.0 2.1484258584247344 5.2900185120145276 52.0 
301.0 245.0 2.1484258584247344 5.2900185120145276 52.0 
301.0 246.0 2.1484258584247344 5.2900185120145276 52.0 
301.0 247.0 2.1484258584247344 5.2900185120145276 52.0 
301.0 248.0 2.1484258584247344 5.2900185120145276 52.0 
301.0 249.0 2.1484258584247344 5.2900185120145276 52.0 
301.0 250.0 2.1484258584247344 5.2900185120145276 52.0 
301.0 251.0 2.1484258584247344 5.2900185120145276 52.0 
301.0 252.0 2.1484258584247344 5.2900185120145276 52.0 
302.0 240.0 2.1484258584247344 5.2900185120145276 52.0 
302.0 241.0 2.1484258584247344 5.2900185120145276 52.0 
302.0 242.0 2.1484258584247344 5.2900185120145276 52.0 
302.0 243.0 2.1484258584247344 5.2900185120145276 52.0 
302.0 244.0 2.1484258584247344 5.2900185120145276 52.0 
302.0 245.0 2.1484258584247344 5.2900185120145276 52.0 
302.0 246.0 2.1484258584247344 5.2900185120145276 52.0 
302.0 247.0 2.1484258584247344 5.2900185120145276 52.0 
302.0 248.0 2.1484258584247344 5.2900185120145276 52.0 
302.0 249.0 2.1484258584247344 5.2900185120145276 52.0 
302.0 250.0 2.1484258584247344 5.2900185120145276 52.0 
303.0 239.0 2.1484258584247344 5.2900185120145276 52.0 
303.0 240.0 2.1484258584247344 5.2900185120145276 52.0 
303.0 241.0 2.1484258584247344 5.2900185120145276 52.0 
303.0 242.0 2.1484258584247344 5.2900185120145276 52.0 
303.0 243.0 2.1484258584247344 5.2900185120145276 52.0 
303.0 244.0 2.1484258584247344 5.2900185120145276 52.0 
303.0 245.0 2.1484258584247344 5.2900185120145276 52.0 
303.0 246.0 2.1484258584247344 5.2900185120145276 52.0 
303.0 247.0 2.1484258584247344 5.2900185120145276 52.0 
303.0 248.0 2.1484258584247344 5.2900185120145276 52.0 
303.0 249.0 2.1484258584247344 5.2900185120145276 52.0 
304.0 237.0 2.1484258584247344 5.2900185120145276 52.0 
304.0 238.0 2.1484258584247344 5.2900185120145276 52.0 
304.0 239.0 2.1484258584247344 5.2900185120145276 52.0 
304.0 240.0 2.1484258584247344 5.2900185120145276 52.0 
304.0 241.0 2.1484258584247344 5.2900185120145276 52.0 
304.0 242.0 2.1484258584247344 5.2900185120145276 52.0 
304.0 243.0 2.1484258584247344 5.2900185120145276 52.0 
304.0 244.0 2.1484258584247344 5.2900185120145276 52.0 
304.0 245.0 2.1484258584247344 5.2900185120145276 52.0 
304.0 246.0 2.1484258584247344 5.2900185120145276 52.0 
304.0 247.0 2.1484258584247344 5.2900185120145276 52.0 
305.0 236.0 2.1484258584247344 5.2900185120145276 52.0 
305.0 237.0 2.1484258584247344 5.2900185120145276 52.0 
305.0 238.0 2.1484258584247344 5.2900185120145276 52.0 
305.0 239.0 2.1484258584247344 5.2900185120145276 52.0 
305.0 240.0 2.1484258584247344 5.2900185120145276 52.0 
305.0 241.0 2.1484258584247344 5.2900185120145276 52.0 
305.0 242.0 2.1484258584247344 5.2900185120145276 52.0 
305.0 243.0 2.1484258584247344 5.2900185120145276 52.0 
305.0 244.0 2.1484258584247344 5.2900185120145276 52.0 
305.0 245.0 2.1484258584247344 5.2900185120145276 52.0 
305.0 246.0 2.1484258584247344 5.2900185120145276 52.0 
306.0 234.0 2.1484258584247344 5.2900185120145276 52.0 
306.0 235.0 2.1484258584247344 5.2900185120145276 52.0 
306.0 236.0 2.1484258584247344 5.2900185120145276 52.0 
306.0 237.0 2.1484258584247344 5.2900185120145276 52.0 
306.0 238.0 2.1484258584247344 5.2900185120145276 52.0 
306.0 239.0 2.1484258584247344 5.2900185120145276 52.0 
306.0 240.0 2.1484258584247344 5.2900185120145276 52.0 
306.0 241.0 2.1484258584247344 5.2900185120145276 52.0 
306.0 242.0 2.1484258584247344 5.2900185120145276 52.0 
306.0 243.0 2.1484258584247344 5.2900185120145276 52.0 
306.0 244.0 2.1484258584247344 5.2900185120145276 52.0 
307.0 233.0 2.1484258584247344 5.2900185120145276 52.0 
307.0 234.0 2.1484258584247344 5.2900185120145276 52.0 
307.0 235.0 2.1484258584247344 5.2900185120145276 52.0 
307.0 236.0 2.1484258584247344 5.2900185120145276 52.0 
307.0 237.0 2.1484258584247344 5.2900185120145276 52.0 
307.0 238.0 2.1484258584247344 5.2900185120145276 52.0 
307.0 239.0 2.1484258584247344 5.2900185120145276 52.0 
307.0 240.0 2.1484258584247344 5.2900185120145276 52.0 
307.0 241.0 2.1484258584247344 5.2900185120145276 52.0 
307.0 242.0 2.1484258584247344 5.2900185120145276 52.0 
307.0 243.0 2.1484258584247344 5.2900185120145276 52.0 
308.0 231.0 2.1484258584247344 5.2900185120145276 52.0 
308.0 232.0 2.1484258584247344 5.2900185120145276 52.0 
308.0 233.0 2.1484258584247344 5.2900185120145276 52.0 
308.0 234.0 2.1484258584247344 5.2900185120145276 52.0 
308.0 235.0 2.1484258584247344 5.2900185120145276 52.0 
308.0 236.0 2.1484258584247344 5.2900185120145276 52.0 
308.0 237.0 2.1484258584247344 5.2900185120145276 52.0 
308.0 238.0 2.1484258584247344 5.2900185120145276 52.0 
308.0 239.0 2.1484258584247344 5.2900185120145276 52.0 
308.0 240.0 2.1484258584247344 5.2900185120145276 52.0 
308.0 241.0 2.1484258584247344 5.2900185120145276 52.0 
309.0 230.0 2.1484258584247344 5.2900185120145276 52.0 
309.0 231.0 2.1484258584247344 5.2900185120145276 52.0 
309.0 232.0 2.1484258584247344 5.2900185120145276 52.0 
309.0 233.0 2.1484258584247344 5.2900185120145276 52.0 
309.0 234.0 2.1484258584247344 5.2900185120145276 52.0 
309.0 235.0 2.1484258584247344 5.2900185120145276 52.0 
309.0 236.0 2.1484258584247344 5.2900185120145276 52.0 
309.0 237.0 2.1484258584247344 5.2900185120145276 52.0 
309.0 238.0 2.1484258584247344 5.2900185120145276 52.0 
309.0 239.0 2.1484258584247344 5.2900185120145276 52.0 
309.0 240.0 2.1484258584247344 5.2900185120145276 52.0 
310.0 229.0 2.1484258584247344 5.2900185120145276 52.0 
310.0 230.0 2.1484258584247344 5.2900185120145276 52.0 
310.0 231.0 2.1484258584247344 5.2900185120145276 52.0 
310.0 232.0 2.1484258584247344 5.2900185120145276 52.0 
310.0 233.0 2.1484258584247344 5.2900185120145276 52.0 
310.0 234.0 2.1484258584247344 5.2900185120145276 52.0 
310.0 235.0 2.1484258584247344 5.2900185120145276 52.0 
310.0 236.0 2.1484258584247344 5.2900185120145276 52.0 
310.0 237.0 2.1484258584247344 5.2900185120145276 52.0 
310.0 238.0 2.1484258584247344 5.2900185120145276 52.0 
311.0 230.0 2.1484258584247344 5.2900185120145276 52.0 
311.0 231.0 2.1484258584247344 5.2900185120145276 52.0 
311.0 232.0 2.1484258584247344 5.2900185120145276 52.0 
311.0 233.0 2.1484258584247344 5.2900185120145276 52.0 
311.0 234.0 2.1484258584247344 5.2900185120145276 52.0 
311.0 235.0 2.1484258584247344 5.2900185120145276 52.0 
311.0 236.0 2.1484258584247344 5.2900185120145276 52.0 
311.0 237.0 2.1484258584247344 5.2900185120145276 52.0 
312.0 230.0 2.1484258584247344 5.2900185120145276 52.0 
312.0 231.0 2.1484258584247344 5.2900185120145276 52.0 
312.0 232.0 2.1484258584247344 5.2900185120145276 52.0 
312.0 233.0 2.1484258584247344 5.2900185120145276 52.0 
312.0 234.0 2.1484258584247344 5.2900185120145276 52.0 
312.0 235.0 2.1484258584247344 5.2900185120145276 52.0 
313.0 231.0 2.1484258584247344 5.2900185120145276 52.0 
313.0 232.0 2.1484258584247344 5.2900185120145276 52.0 
313.0 233.0 2.1484258584247344 5.2900185120145276 52.0 
314.0 232.0 2.1484258584247344 5.2900185120145276 52.0 
