233.0 352.0 3.028441671999309 6.170034325589102 40.0 
233.0 353.0 3.028441671999309 6.170034325589102 40.0 
233.0 354.0 3.028441671999309 6.170034325589102 40.0 
234.0 352.0 3.028441671999309 6.170034325589102 40.0 
234.0 353.0 3.028441671999309 6.170034325589102 40.0 
234.0 354.0 3.028441671999309 6.170034325589102 40.0 
234.0 355.0 3.028441671999309 6.170034325589102 40.0 
234.0 356.0 3.028441671999309 6.170034325589102 40.0 
234.0 357.0 3.028441671999309 6.170034325589102 40.0 
235.0 352.0 3.028441671999309 6.170034325589102 40.0 
235.0 353.0 3.028441671999309 6.170034325589102 40.0 
235.0 354.0 3.028441671999309 6.170034325589102 40.0 
235.0 355.0 3.028441671999309 6.170034325589102 40.0 
235.0 356.0 3.028441671999309 6.170034325589102 40.0 
235.0 357.0 3.028441671999309 6.170034325589102 40.0 
236.0 352.0 3.028441671999309 6.170034325589102 40.0 
236.0 353.0 3.028441671999309 6.170034325589102 40.0 
236.0 354.0 3.028441671999309 6.170034325589102 40.0 
236.0 355.0 3.028441671999309 6.170034325589102 40.0 
236.0 356.0 3.028441671999309 6.170034325589102 40.0 
236.0 357.0 3.028441671999309 6.170034325589102 40.0 
237.0 352.0 3.028441671999309 6.170034325589102 40.0 
237.0 353.0 3.028441671999309 6.170034325589102 40.0 
237.0 354.0 3.028441671999309 6.170034325589102 40.0 
237.0 355.0 3.028441671999309 6.170034325589102 40.0 
237.0 356.0 3.028441671999309 6.170034325589102 40.0 
237.0 357.0 3.028441671999309 6.170034325589102 40.0 
238.0 352.0 3.028441671999309 6.170034325589102 40.0 
238.0 353.0 3.028441671999309 6.170034325589102 40.0 
238.0 354.0 3.028441671999309 6.170034325589102 40.0 
238.0 355.0 3.028441671999309 6.170034325589102 40.0 
238.0 356.0 3.028441671999309 6.170034325589102 40.0 
238.0 357.0 3.028441671999309 6.170034325589102 40.0 
239.0 352.0 3.028441671999309 6.170034325589102 40.0 
239.0 353.0 3.028441671999309 6.170034325589102 40.0 
239.0 354.0 3.028441671999309 6.170034325589102 40.0 
239.0 355.0 3.028441671999309 6.170034325589102 40.0 
239.0 356.0 3.028441671999309 6.170034325589102 40.0 
239.0 357.0 3.028441671999309 6.170034325589102 40.0 
240.0 352.0 3.028441671999309 6.170034325589102 40.0 
240.0 353.0 3.028441671999309 6.170034325589102 40.0 
240.0 354.0 3.028441671999309 6.170034325589102 40.0 
240.0 355.0 3.028441671999309 6.170034325589102 40.0 
240.0 356.0 3.028441671999309 6.170034325589102 40.0 
240.0 357.0 3.028441671999309 6.170034325589102 40.0 
241.0 352.0 3.028441671999309 6.170034325589102 40.0 
241.0 353.0 3.028441671999309 6.170034325589102 40.0 
241.0 354.0 3.028441671999309 6.170034325589102 40.0 
241.0 355.0 3.028441671999309 6.170034325589102 40.0 
241.0 356.0 3.028441671999309 6.170034325589102 40.0 
241.0 357.0 3.028441671999309 6.170034325589102 40.0 
242.0 351.0 3.028441671999309 6.170034325589102 40.0 
242.0 352.0 3.028441671999309 6.170034325589102 40.0 
242.0 353.0 3.028441671999309 6.170034325589102 40.0 
242.0 354.0 3.028441671999309 6.170034325589102 40.0 
242.0 355.0 3.028441671999309 6.170034325589102 40.0 
242.0 356.0 3.028441671999309 6.170034325589102 40.0 
243.0 351.0 3.028441671999309 6.170034325589102 40.0 
243.0 352.0 3.028441671999309 6.170034325589102 40.0 
243.0 353.0 3.028441671999309 6.170034325589102 40.0 
243.0 354.0 3.028441671999309 6.170034325589102 40.0 
243.0 355.0 3.028441671999309 6.170034325589102 40.0 
243.0 356.0 3.028441671999309 6.170034325589102 40.0 
244.0 351.0 3.028441671999309 6.170034325589102 40.0 
244.0 352.0 3.028441671999309 6.170034325589102 40.0 
244.0 353.0 3.028441671999309 6.170034325589102 40.0 
244.0 354.0 3.028441671999309 6.170034325589102 40.0 
244.0 355.0 3.028441671999309 6.170034325589102 40.0 
244.0 356.0 3.028441671999309 6.170034325589102 40.0 
245.0 351.0 3.028441671999309 6.170034325589102 40.0 
245.0 352.0 3.028441671999309 6.170034325589102 40.0 
245.0 353.0 3.028441671999309 6.170034325589102 40.0 
245.0 354.0 3.028441671999309 6.170034325589102 40.0 
245.0 355.0 3.028441671999309 6.170034325589102 40.0 
245.0 356.0 3.028441671999309 6.170034325589102 40.0 
246.0 351.0 3.028441671999309 6.170034325589102 40.0 
246.0 352.0 3.028441671999309 6.170034325589102 40.0 
246.0 353.0 3.028441671999309 6.170034325589102 40.0 
246.0 354.0 3.028441671999309 6.170034325589102 40.0 
246.0 355.0 3.028441671999309 6.170034325589102 40.0 
246.0 356.0 3.028441671999309 6.170034325589102 40.0 
247.0 351.0 3.028441671999309 6.170034325589102 40.0 
247.0 352.0 3.028441671999309 6.170034325589102 40.0 
247.0 353.0 3.028441671999309 6.170034325589102 40.0 
247.0 354.0 3.028441671999309 6.170034325589102 40.0 
247.0 355.0 3.028441671999309 6.170034325589102 40.0 
247.0 356.0 3.028441671999309 6.170034325589102 40.0 
248.0 351.0 3.028441671999309 6.170034325589102 40.0 
248.0 352.0 3.028441671999309 6.170034325589102 40.0 
248.0 353.0 3.028441671999309 6.170034325589102 40.0 
248.0 354.0 3.028441671999309 6.170034325589102 40.0 
248.0 355.0 3.028441671999309 6.170034325589102 40.0 
248.0 356.0 3.028441671999309 6.170034325589102 40.0 
249.0 351.0 3.028441671999309 6.170034325589102 40.0 
249.0 352.0 3.028441671999309 6.170034325589102 40.0 
249.0 353.0 3.028441671999309 6.170034325589102 40.0 
249.0 354.0 3.028441671999309 6.170034325589102 40.0 
249.0 355.0 3.028441671999309 6.170034325589102 40.0 
249.0 356.0 3.028441671999309 6.170034325589102 40.0 
250.0 351.0 3.028441671999309 6.170034325589102 40.0 
250.0 352.0 3.028441671999309 6.170034325589102 40.0 
250.0 353.0 3.028441671999309 6.170034325589102 40.0 
250.0 354.0 3.028441671999309 6.170034325589102 40.0 
250.0 355.0 3.028441671999309 6.170034325589102 40.0 
250.0 356.0 3.028441671999309 6.170034325589102 40.0 
251.0 350.0 3.028441671999309 6.170034325589102 40.0 
251.0 351.0 3.028441671999309 6.170034325589102 40.0 
251.0 352.0 3.028441671999309 6.170034325589102 40.0 
251.0 353.0 3.028441671999309 6.170034325589102 40.0 
251.0 354.0 3.028441671999309 6.170034325589102 40.0 
251.0 355.0 3.028441671999309 6.170034325589102 40.0 
252.0 350.0 3.028441671999309 6.170034325589102 40.0 
252.0 351.0 3.028441671999309 6.170034325589102 40.0 
252.0 352.0 3.028441671999309 6.170034325589102 40.0 
252.0 353.0 3.028441671999309 6.170034325589102 40.0 
252.0 354.0 3.028441671999309 6.170034325589102 40.0 
252.0 355.0 3.028441671999309 6.170034325589102 40.0 
253.0 350.0 3.028441671999309 6.170034325589102 40.0 
253.0 351.0 3.028441671999309 6.170034325589102 40.0 
253.0 352.0 3.028441671999309 6.170034325589102 40.0 
253.0 353.0 3.028441671999309 6.170034325589102 40.0 
253.0 354.0 3.028441671999309 6.170034325589102 40.0 
253.0 355.0 3.028441671999309 6.170034325589102 40.0 
254.0 350.0 3.028441671999309 6.170034325589102 40.0 
254.0 351.0 3.028441671999309 6.170034325589102 40.0 
254.0 352.0 3.028441671999309 6.170034325589102 40.0 
254.0 353.0 3.028441671999309 6.170034325589102 40.0 
254.0 354.0 3.028441671999309 6.170034325589102 40.0 
254.0 355.0 3.028441671999309 6.170034325589102 40.0 
255.0 350.0 3.028441671999309 6.170034325589102 40.0 
255.0 351.0 3.028441671999309 6.170034325589102 40.0 
255.0 352.0 3.028441671999309 6.170034325589102 40.0 
255.0 353.0 3.028441671999309 6.170034325589102 40.0 
255.0 354.0 3.028441671999309 6.170034325589102 40.0 
255.0 355.0 3.028441671999309 6.170034325589102 40.0 
256.0 350.0 3.028441671999309 6.170034325589102 40.0 
256.0 351.0 3.028441671999309 6.170034325589102 40.0 
256.0 352.0 3.028441671999309 6.170034325589102 40.0 
256.0 353.0 3.028441671999309 6.170034325589102 40.0 
256.0 354.0 3.028441671999309 6.170034325589102 40.0 
256.0 355.0 3.028441671999309 6.170034325589102 40.0 
257.0 350.0 3.028441671999309 6.170034325589102 40.0 
257.0 351.0 3.028441671999309 6.170034325589102 40.0 
257.0 352.0 3.028441671999309 6.170034325589102 40.0 
257.0 353.0 3.028441671999309 6.170034325589102 40.0 
257.0 354.0 3.028441671999309 6.170034325589102 40.0 
257.0 355.0 3.028441671999309 6.170034325589102 40.0 
258.0 350.0 3.028441671999309 6.170034325589102 40.0 
258.0 351.0 3.028441671999309 6.170034325589102 40.0 
258.0 352.0 3.028441671999309 6.170034325589102 40.0 
258.0 353.0 3.028441671999309 6.170034325589102 40.0 
258.0 354.0 3.028441671999309 6.170034325589102 40.0 
258.0 355.0 3.028441671999309 6.170034325589102 40.0 
259.0 350.0 3.028441671999309 6.170034325589102 40.0 
259.0 351.0 3.028441671999309 6.170034325589102 40.0 
259.0 352.0 3.028441671999309 6.170034325589102 40.0 
259.0 353.0 3.028441671999309 6.170034325589102 40.0 
259.0 354.0 3.028441671999309 6.170034325589102 40.0 
259.0 355.0 3.028441671999309 6.170034325589102 40.0 
260.0 349.0 3.028441671999309 6.170034325589102 40.0 
260.0 350.0 3.028441671999309 6.170034325589102 40.0 
260.0 351.0 3.028441671999309 6.170034325589102 40.0 
260.0 352.0 3.028441671999309 6.170034325589102 40.0 
260.0 353.0 3.028441671999309 6.170034325589102 40.0 
260.0 354.0 3.028441671999309 6.170034325589102 40.0 
261.0 349.0 3.028441671999309 6.170034325589102 40.0 
261.0 350.0 3.028441671999309 6.170034325589102 40.0 
261.0 351.0 3.028441671999309 6.170034325589102 40.0 
261.0 352.0 3.028441671999309 6.170034325589102 40.0 
261.0 353.0 3.028441671999309 6.170034325589102 40.0 
261.0 354.0 3.028441671999309 6.170034325589102 40.0 
262.0 349.0 3.028441671999309 6.170034325589102 40.0 
262.0 350.0 3.028441671999309 6.170034325589102 40.0 
262.0 351.0 3.028441671999309 6.170034325589102 40.0 
262.0 352.0 3.028441671999309 6.170034325589102 40.0 
262.0 353.0 3.028441671999309 6.170034325589102 40.0 
262.0 354.0 3.028441671999309 6.170034325589102 40.0 
263.0 349.0 3.028441671999309 6.170034325589102 40.0 
263.0 350.0 3.028441671999309 6.170034325589102 40.0 
263.0 351.0 3.028441671999309 6.170034325589102 40.0 
263.0 352.0 3.028441671999309 6.170034325589102 40.0 
263.0 353.0 3.028441671999309 6.170034325589102 40.0 
263.0 354.0 3.028441671999309 6.170034325589102 40.0 
264.0 349.0 3.028441671999309 6.170034325589102 40.0 
264.0 350.0 3.028441671999309 6.170034325589102 40.0 
264.0 351.0 3.028441671999309 6.170034325589102 40.0 
264.0 352.0 3.028441671999309 6.170034325589102 40.0 
264.0 353.0 3.028441671999309 6.170034325589102 40.0 
264.0 354.0 3.028441671999309 6.170034325589102 40.0 
265.0 349.0 3.028441671999309 6.170034325589102 40.0 
265.0 350.0 3.028441671999309 6.170034325589102 40.0 
265.0 351.0 3.028441671999309 6.170034325589102 40.0 
265.0 352.0 3.028441671999309 6.170034325589102 40.0 
265.0 353.0 3.028441671999309 6.170034325589102 40.0 
265.0 354.0 3.028441671999309 6.170034325589102 40.0 
266.0 349.0 3.028441671999309 6.170034325589102 40.0 
266.0 350.0 3.028441671999309 6.170034325589102 40.0 
266.0 351.0 3.028441671999309 6.170034325589102 40.0 
266.0 352.0 3.028441671999309 6.170034325589102 40.0 
266.0 353.0 3.028441671999309 6.170034325589102 40.0 
266.0 354.0 3.028441671999309 6.170034325589102 40.0 
267.0 349.0 3.028441671999309 6.170034325589102 40.0 
267.0 350.0 3.028441671999309 6.170034325589102 40.0 
267.0 351.0 3.028441671999309 6.170034325589102 40.0 
267.0 352.0 3.028441671999309 6.170034325589102 40.0 
267.0 353.0 3.028441671999309 6.170034325589102 40.0 
267.0 354.0 3.028441671999309 6.170034325589102 40.0 
268.0 349.0 3.028441671999309 6.170034325589102 40.0 
268.0 350.0 3.028441671999309 6.170034325589102 40.0 
268.0 351.0 3.028441671999309 6.170034325589102 40.0 
268.0 352.0 3.028441671999309 6.170034325589102 40.0 
268.0 353.0 3.028441671999309 6.170034325589102 40.0 
268.0 354.0 3.028441671999309 6.170034325589102 40.0 
269.0 348.0 3.028441671999309 6.170034325589102 40.0 
269.0 349.0 3.028441671999309 6.170034325589102 40.0 
269.0 350.0 3.028441671999309 6.170034325589102 40.0 
269.0 351.0 3.028441671999309 6.170034325589102 40.0 
269.0 352.0 3.028441671999309 6.170034325589102 40.0 
269.0 353.0 3.028441671999309 6.170034325589102 40.0 
270.0 348.0 3.028441671999309 6.170034325589102 40.0 
270.0 349.0 3.028441671999309 6.170034325589102 40.0 
270.0 350.0 3.028441671999309 6.170034325589102 40.0 
270.0 351.0 3.028441671999309 6.170034325589102 40.0 
270.0 352.0 3.028441671999309 6.170034325589102 40.0 
270.0 353.0 3.028441671999309 6.170034325589102 40.0 
271.0 348.0 3.028441671999309 6.170034325589102 40.0 
271.0 349.0 3.028441671999309 6.170034325589102 40.0 
271.0 350.0 3.028441671999309 6.170034325589102 40.0 
271.0 351.0 3.028441671999309 6.170034325589102 40.0 
271.0 352.0 3.028441671999309 6.170034325589102 40.0 
271.0 353.0 3.028441671999309 6.170034325589102 40.0 
272.0 348.0 3.028441671999309 6.170034325589102 40.0 
272.0 349.0 3.028441671999309 6.170034325589102 40.0 
272.0 350.0 3.028441671999309 6.170034325589102 40.0 
272.0 351.0 3.028441671999309 6.170034325589102 40.0 
272.0 352.0 3.028441671999309 6.170034325589102 40.0 
272.0 353.0 3.028441671999309 6.170034325589102 40.0 
273.0 348.0 3.028441671999309 6.170034325589102 40.0 
273.0 349.0 3.028441671999309 6.170034325589102 40.0 
273.0 350.0 3.028441671999309 6.170034325589102 40.0 
273.0 351.0 3.028441671999309 6.170034325589102 40.0 
273.0 352.0 3.028441671999309 6.170034325589102 40.0 
273.0 353.0 3.028441671999309 6.170034325589102 40.0 
274.0 348.0 3.028441671999309 6.170034325589102 40.0 
274.0 349.0 3.028441671999309 6.170034325589102 40.0 
274.0 350.0 3.028441671999309 6.170034325589102 40.0 
274.0 351.0 3.028441671999309 6.170034325589102 40.0 
274.0 352.0 3.028441671999309 6.170034325589102 40.0 
274.0 353.0 3.028441671999309 6.170034325589102 40.0 
275.0 348.0 3.028441671999309 6.170034325589102 40.0 
275.0 349.0 3.028441671999309 6.170034325589102 40.0 
275.0 350.0 3.028441671999309 6.170034325589102 40.0 
275.0 351.0 3.028441671999309 6.170034325589102 40.0 
275.0 352.0 3.028441671999309 6.170034325589102 40.0 
275.0 353.0 3.028441671999309 6.170034325589102 40.0 
276.0 348.0 3.028441671999309 6.170034325589102 40.0 
276.0 349.0 3.028441671999309 6.170034325589102 40.0 
276.0 350.0 3.028441671999309 6.170034325589102 40.0 
276.0 351.0 3.028441671999309 6.170034325589102 40.0 
276.0 352.0 3.028441671999309 6.170034325589102 40.0 
276.0 353.0 3.028441671999309 6.170034325589102 40.0 
277.0 347.0 3.028441671999309 6.170034325589102 40.0 
277.0 348.0 3.028441671999309 6.170034325589102 40.0 
277.0 349.0 3.028441671999309 6.170034325589102 40.0 
277.0 350.0 3.028441671999309 6.170034325589102 40.0 
277.0 351.0 3.028441671999309 6.170034325589102 40.0 
277.0 352.0 3.028441671999309 6.170034325589102 40.0 
277.0 353.0 3.028441671999309 6.170034325589102 40.0 
278.0 347.0 3.028441671999309 6.170034325589102 40.0 
278.0 348.0 3.028441671999309 6.170034325589102 40.0 
278.0 349.0 3.028441671999309 6.170034325589102 40.0 
278.0 350.0 3.028441671999309 6.170034325589102 40.0 
278.0 351.0 3.028441671999309 6.170034325589102 40.0 
278.0 352.0 3.028441671999309 6.170034325589102 40.0 
279.0 347.0 3.028441671999309 6.170034325589102 40.0 
279.0 348.0 3.028441671999309 6.170034325589102 40.0 
279.0 349.0 3.028441671999309 6.170034325589102 40.0 
279.0 350.0 3.028441671999309 6.170034325589102 40.0 
279.0 351.0 3.028441671999309 6.170034325589102 40.0 
279.0 352.0 3.028441671999309 6.170034325589102 40.0 
280.0 347.0 3.028441671999309 6.170034325589102 40.0 
280.0 348.0 3.028441671999309 6.170034325589102 40.0 
280.0 349.0 3.028441671999309 6.170034325589102 40.0 
280.0 350.0 3.028441671999309 6.170034325589102 40.0 
280.0 351.0 3.028441671999309 6.170034325589102 40.0 
280.0 352.0 3.028441671999309 6.170034325589102 40.0 
281.0 347.0 3.028441671999309 6.170034325589102 40.0 
281.0 348.0 3.028441671999309 6.170034325589102 40.0 
281.0 349.0 3.028441671999309 6.170034325589102 40.0 
281.0 350.0 3.028441671999309 6.170034325589102 40.0 
281.0 351.0 3.028441671999309 6.170034325589102 40.0 
281.0 352.0 3.028441671999309 6.170034325589102 40.0 
282.0 347.0 3.028441671999309 6.170034325589102 40.0 
282.0 348.0 3.028441671999309 6.170034325589102 40.0 
282.0 349.0 3.028441671999309 6.170034325589102 40.0 
282.0 350.0 3.028441671999309 6.170034325589102 40.0 
282.0 351.0 3.028441671999309 6.170034325589102 40.0 
282.0 352.0 3.028441671999309 6.170034325589102 40.0 
283.0 347.0 3.028441671999309 6.170034325589102 40.0 
283.0 348.0 3.028441671999309 6.170034325589102 40.0 
283.0 349.0 3.028441671999309 6.170034325589102 40.0 
283.0 350.0 3.028441671999309 6.170034325589102 40.0 
283.0 351.0 3.028441671999309 6.170034325589102 40.0 
283.0 352.0 3.028441671999309 6.170034325589102 40.0 
284.0 347.0 3.028441671999309 6.170034325589102 40.0 
284.0 348.0 3.028441671999309 6.170034325589102 40.0 
284.0 349.0 3.028441671999309 6.170034325589102 40.0 
284.0 350.0 3.028441671999309 6.170034325589102 40.0 
284.0 351.0 3.028441671999309 6.170034325589102 40.0 
284.0 352.0 3.028441671999309 6.170034325589102 40.0 
285.0 347.0 3.028441671999309 6.170034325589102 40.0 
285.0 348.0 3.028441671999309 6.170034325589102 40.0 
285.0 349.0 3.028441671999309 6.170034325589102 40.0 
285.0 350.0 3.028441671999309 6.170034325589102 40.0 
285.0 351.0 3.028441671999309 6.170034325589102 40.0 
285.0 352.0 3.028441671999309 6.170034325589102 40.0 
286.0 346.0 3.028441671999309 6.170034325589102 40.0 
286.0 347.0 3.028441671999309 6.170034325589102 40.0 
286.0 348.0 3.028441671999309 6.170034325589102 40.0 
286.0 349.0 3.028441671999309 6.170034325589102 40.0 
286.0 350.0 3.028441671999309 6.170034325589102 40.0 
286.0 351.0 3.028441671999309 6.170034325589102 40.0 
287.0 346.0 3.028441671999309 6.170034325589102 40.0 
287.0 347.0 3.028441671999309 6.170034325589102 40.0 
287.0 348.0 3.028441671999309 6.170034325589102 40.0 
287.0 349.0 3.028441671999309 6.170034325589102 40.0 
287.0 350.0 3.028441671999309 6.170034325589102 40.0 
287.0 351.0 3.028441671999309 6.170034325589102 40.0 
288.0 346.0 3.028441671999309 6.170034325589102 40.0 
288.0 347.0 3.028441671999309 6.170034325589102 40.0 
288.0 348.0 3.028441671999309 6.170034325589102 40.0 
288.0 349.0 3.028441671999309 6.170034325589102 40.0 
288.0 350.0 3.028441671999309 6.170034325589102 40.0 
288.0 351.0 3.028441671999309 6.170034325589102 40.0 
289.0 346.0 3.028441671999309 6.170034325589102 40.0 
289.0 347.0 3.028441671999309 6.170034325589102 40.0 
289.0 348.0 3.028441671999309 6.170034325589102 40.0 
289.0 349.0 3.028441671999309 6.170034325589102 40.0 
289.0 350.0 3.028441671999309 6.170034325589102 40.0 
289.0 351.0 3.028441671999309 6.170034325589102 40.0 
290.0 346.0 3.028441671999309 6.170034325589102 40.0 
290.0 347.0 3.028441671999309 6.170034325589102 40.0 
290.0 348.0 3.028441671999309 6.170034325589102 40.0 
290.0 349.0 3.028441671999309 6.170034325589102 40.0 
290.0 350.0 3.028441671999309 6.170034325589102 40.0 
290.0 351.0 3.028441671999309 6.170034325589102 40.0 
291.0 346.0 3.028441671999309 6.170034325589102 40.0 
291.0 347.0 3.028441671999309 6.170034325589102 40.0 
291.0 348.0 3.028441671999309 6.170034325589102 40.0 
291.0 349.0 3.028441671999309 6.170034325589102 40.0 
291.0 350.0 3.028441671999309 6.170034325589102 40.0 
291.0 351.0 3.028441671999309 6.170034325589102 40.0 
292.0 346.0 3.028441671999309 6.170034325589102 40.0 
292.0 347.0 3.028441671999309 6.170034325589102 40.0 
292.0 348.0 3.028441671999309 6.170034325589102 40.0 
292.0 349.0 3.028441671999309 6.170034325589102 40.0 
292.0 350.0 3.028441671999309 6.170034325589102 40.0 
292.0 351.0 3.028441671999309 6.170034325589102 40.0 
293.0 346.0 3.028441671999309 6.170034325589102 40.0 
293.0 347.0 3.028441671999309 6.170034325589102 40.0 
293.0 348.0 3.028441671999309 6.170034325589102 40.0 
293.0 349.0 3.028441671999309 6.170034325589102 40.0 
293.0 350.0 3.028441671999309 6.170034325589102 40.0 
293.0 351.0 3.028441671999309 6.170034325589102 40.0 
294.0 346.0 3.028441671999309 6.170034325589102 40.0 
294.0 347.0 3.028441671999309 6.170034325589102 40.0 
294.0 348.0 3.028441671999309 6.170034325589102 40.0 
294.0 349.0 3.028441671999309 6.170034325589102 40.0 
294.0 350.0 3.028441671999309 6.170034325589102 40.0 
294.0 351.0 3.028441671999309 6.170034325589102 40.0 
295.0 345.0 3.028441671999309 6.170034325589102 40.0 
295.0 346.0 3.028441671999309 6.170034325589102 40.0 
295.0 347.0 3.028441671999309 6.170034325589102 40.0 
295.0 348.0 3.028441671999309 6.170034325589102 40.0 
295.0 349.0 3.028441671999309 6.170034325589102 40.0 
295.0 350.0 3.028441671999309 6.170034325589102 40.0 
296.0 345.0 3.028441671999309 6.170034325589102 40.0 
296.0 346.0 3.028441671999309 6.170034325589102 40.0 
296.0 347.0 3.028441671999309 6.170034325589102 40.0 
296.0 348.0 3.028441671999309 6.170034325589102 40.0 
296.0 349.0 3.028441671999309 6.170034325589102 40.0 
296.0 350.0 3.028441671999309 6.170034325589102 40.0 
297.0 345.0 3.028441671999309 6.170034325589102 40.0 
297.0 346.0 3.028441671999309 6.170034325589102 40.0 
297.0 347.0 3.028441671999309 6.170034325589102 40.0 
297.0 348.0 3.028441671999309 6.170034325589102 40.0 
297.0 349.0 3.028441671999309 6.170034325589102 40.0 
297.0 350.0 3.028441671999309 6.170034325589102 40.0 
298.0 345.0 3.028441671999309 6.170034325589102 40.0 
298.0 346.0 3.028441671999309 6.170034325589102 40.0 
298.0 347.0 3.028441671999309 6.170034325589102 40.0 
298.0 348.0 3.028441671999309 6.170034325589102 40.0 
298.0 349.0 3.028441671999309 6.170034325589102 40.0 
298.0 350.0 3.028441671999309 6.170034325589102 40.0 
299.0 345.0 3.028441671999309 6.170034325589102 40.0 
299.0 346.0 3.028441671999309 6.170034325589102 40.0 
299.0 347.0 3.028441671999309 6.170034325589102 40.0 
299.0 348.0 3.028441671999309 6.170034325589102 40.0 
299.0 349.0 3.028441671999309 6.170034325589102 40.0 
299.0 350.0 3.028441671999309 6.170034325589102 40.0 
300.0 345.0 3.028441671999309 6.170034325589102 40.0 
300.0 346.0 3.028441671999309 6.170034325589102 40.0 
300.0 347.0 3.028441671999309 6.170034325589102 40.0 
300.0 348.0 3.028441671999309 6.170034325589102 40.0 
300.0 349.0 3.028441671999309 6.170034325589102 40.0 
300.0 350.0 3.028441671999309 6.170034325589102 40.0 
301.0 345.0 3.028441671999309 6.170034325589102 40.0 
301.0 346.0 3.028441671999309 6.170034325589102 40.0 
301.0 347.0 3.028441671999309 6.170034325589102 40.0 
301.0 348.0 3.028441671999309 6.170034325589102 40.0 
301.0 349.0 3.028441671999309 6.170034325589102 40.0 
301.0 350.0 3.028441671999309 6.170034325589102 40.0 
302.0 345.0 3.028441671999309 6.170034325589102 40.0 
302.0 346.0 3.028441671999309 6.170034325589102 40.0 
302.0 347.0 3.028441671999309 6.170034325589102 40.0 
302.0 348.0 3.028441671999309 6.170034325589102 40.0 
302.0 349.0 3.028441671999309 6.170034325589102 40.0 
302.0 350.0 3.028441671999309 6.170034325589102 40.0 
303.0 345.0 3.028441671999309 6.170034325589102 40.0 
303.0 346.0 3.028441671999309 6.170034325589102 40.0 
303.0 347.0 3.028441671999309 6.170034325589102 40.0 
303.0 348.0 3.028441671999309 6.170034325589102 40.0 
303.0 349.0 3.028441671999309 6.170034325589102 40.0 
303.0 350.0 3.028441671999309 6.170034325589102 40.0 
304.0 344.0 3.028441671999309 6.170034325589102 40.0 
304.0 345.0 3.028441671999309 6.170034325589102 40.0 
304.0 346.0 3.028441671999309 6.170034325589102 40.0 
304.0 347.0 3.028441671999309 6.170034325589102 40.0 
304.0 348.0 3.028441671999309 6.170034325589102 40.0 
304.0 349.0 3.028441671999309 6.170034325589102 40.0 
305.0 344.0 3.028441671999309 6.170034325589102 40.0 
305.0 345.0 3.028441671999309 6.170034325589102 40.0 
305.0 346.0 3.028441671999309 6.170034325589102 40.0 
305.0 347.0 3.028441671999309 6.170034325589102 40.0 
305.0 348.0 3.028441671999309 6.170034325589102 40.0 
305.0 349.0 3.028441671999309 6.170034325589102 40.0 
306.0 344.0 3.028441671999309 6.170034325589102 40.0 
306.0 345.0 3.028441671999309 6.170034325589102 40.0 
306.0 346.0 3.028441671999309 6.170034325589102 40.0 
306.0 347.0 3.028441671999309 6.170034325589102 40.0 
306.0 348.0 3.028441671999309 6.170034325589102 40.0 
306.0 349.0 3.028441671999309 6.170034325589102 40.0 
307.0 344.0 3.028441671999309 6.170034325589102 40.0 
307.0 345.0 3.028441671999309 6.170034325589102 40.0 
307.0 346.0 3.028441671999309 6.170034325589102 40.0 
307.0 347.0 3.028441671999309 6.170034325589102 40.0 
307.0 348.0 3.028441671999309 6.170034325589102 40.0 
307.0 349.0 3.028441671999309 6.170034325589102 40.0 
308.0 344.0 3.028441671999309 6.170034325589102 40.0 
308.0 345.0 3.028441671999309 6.170034325589102 40.0 
308.0 346.0 3.028441671999309 6.170034325589102 40.0 
308.0 347.0 3.028441671999309 6.170034325589102 40.0 
308.0 348.0 3.028441671999309 6.170034325589102 40.0 
308.0 349.0 3.028441671999309 6.170034325589102 40.0 
309.0 344.0 3.028441671999309 6.170034325589102 40.0 
309.0 345.0 3.028441671999309 6.170034325589102 40.0 
309.0 346.0 3.028441671999309 6.170034325589102 40.0 
309.0 347.0 3.028441671999309 6.170034325589102 40.0 
309.0 348.0 3.028441671999309 6.170034325589102 40.0 
309.0 349.0 3.028441671999309 6.170034325589102 40.0 
310.0 344.0 3.028441671999309 6.170034325589102 40.0 
310.0 345.0 3.028441671999309 6.170034325589102 40.0 
310.0 346.0 3.028441671999309 6.170034325589102 40.0 
310.0 347.0 3.028441671999309 6.170034325589102 40.0 
310.0 348.0 3.028441671999309 6.170034325589102 40.0 
310.0 349.0 3.028441671999309 6.170034325589102 40.0 
311.0 344.0 3.028441671999309 6.170034325589102 40.0 
311.0 345.0 3.028441671999309 6.170034325589102 40.0 
311.0 346.0 3.028441671999309 6.170034325589102 40.0 
311.0 347.0 3.028441671999309 6.170034325589102 40.0 
311.0 348.0 3.028441671999309 6.170034325589102 40.0 
311.0 349.0 3.028441671999309 6.170034325589102 40.0 
312.0 344.0 3.028441671999309 6.170034325589102 40.0 
312.0 345.0 3.028441671999309 6.170034325589102 40.0 
312.0 346.0 3.028441671999309 6.170034325589102 40.0 
312.0 347.0 3.028441671999309 6.170034325589102 40.0 
312.0 348.0 3.028441671999309 6.170034325589102 40.0 
312.0 349.0 3.028441671999309 6.170034325589102 40.0 
313.0 343.0 3.028441671999309 6.170034325589102 40.0 
313.0 344.0 3.028441671999309 6.170034325589102 40.0 
313.0 345.0 3.028441671999309 6.170034325589102 40.0 
313.0 346.0 3.028441671999309 6.170034325589102 40.0 
313.0 347.0 3.028441671999309 6.170034325589102 40.0 
313.0 348.0 3.028441671999309 6.170034325589102 40.0 
314.0 343.0 3.028441671999309 6.170034325589102 40.0 
314.0 344.0 3.028441671999309 6.170034325589102 40.0 
314.0 345.0 3.028441671999309 6.170034325589102 40.0 
314.0 346.0 3.028441671999309 6.170034325589102 40.0 
314.0 347.0 3.028441671999309 6.170034325589102 40.0 
314.0 348.0 3.028441671999309 6.170034325589102 40.0 
315.0 343.0 3.028441671999309 6.170034325589102 40.0 
315.0 344.0 3.028441671999309 6.170034325589102 40.0 
315.0 345.0 3.028441671999309 6.170034325589102 40.0 
315.0 346.0 3.028441671999309 6.170034325589102 40.0 
315.0 347.0 3.028441671999309 6.170034325589102 40.0 
315.0 348.0 3.028441671999309 6.170034325589102 40.0 
316.0 343.0 3.028441671999309 6.170034325589102 40.0 
316.0 344.0 3.028441671999309 6.170034325589102 40.0 
316.0 345.0 3.028441671999309 6.170034325589102 40.0 
316.0 346.0 3.028441671999309 6.170034325589102 40.0 
316.0 347.0 3.028441671999309 6.170034325589102 40.0 
316.0 348.0 3.028441671999309 6.170034325589102 40.0 
317.0 343.0 3.028441671999309 6.170034325589102 40.0 
317.0 344.0 3.028441671999309 6.170034325589102 40.0 
317.0 345.0 3.028441671999309 6.170034325589102 40.0 
317.0 346.0 3.028441671999309 6.170034325589102 40.0 
317.0 347.0 3.028441671999309 6.170034325589102 40.0 
317.0 348.0 3.028441671999309 6.170034325589102 40.0 
318.0 343.0 3.028441671999309 6.170034325589102 40.0 
318.0 344.0 3.028441671999309 6.170034325589102 40.0 
318.0 345.0 3.028441671999309 6.170034325589102 40.0 
318.0 346.0 3.028441671999309 6.170034325589102 40.0 
318.0 347.0 3.028441671999309 6.170034325589102 40.0 
318.0 348.0 3.028441671999309 6.170034325589102 40.0 
319.0 343.0 3.028441671999309 6.170034325589102 40.0 
319.0 344.0 3.028441671999309 6.170034325589102 40.0 
319.0 345.0 3.028441671999309 6.170034325589102 40.0 
319.0 346.0 3.028441671999309 6.170034325589102 40.0 
319.0 347.0 3.028441671999309 6.170034325589102 40.0 
319.0 348.0 3.028441671999309 6.170034325589102 40.0 
320.0 343.0 3.028441671999309 6.170034325589102 40.0 
320.0 344.0 3.028441671999309 6.170034325589102 40.0 
320.0 345.0 3.028441671999309 6.170034325589102 40.0 
320.0 346.0 3.028441671999309 6.170034325589102 40.0 
320.0 347.0 3.028441671999309 6.170034325589102 40.0 
320.0 348.0 3.028441671999309 6.170034325589102 40.0 
321.0 345.0 3.028441671999309 6.170034325589102 40.0 
321.0 346.0 3.028441671999309 6.170034325589102 40.0 
321.0 347.0 3.028441671999309 6.170034325589102 40.0 
321.0 348.0 3.028441671999309 6.170034325589102 40.0 
