221.0 293.0 4.63934841508157 1.497755761491777 76.0 
221.0 294.0 4.63934841508157 1.497755761491777 76.0 
221.0 295.0 4.63934841508157 1.497755761491777 76.0 
221.0 296.0 4.63934841508157 1.497755761491777 76.0 
221.0 297.0 4.63934841508157 1.497755761491777 76.0 
221.0 298.0 4.63934841508157 1.497755761491777 76.0 
221.0 299.0 4.63934841508157 1.497755761491777 76.0 
221.0 300.0 4.63934841508157 1.497755761491777 76.0 
221.0 301.0 4.63934841508157 1.497755761491777 76.0 
221.0 302.0 4.63934841508157 1.497755761491777 76.0 
221.0 303.0 4.63934841508157 1.497755761491777 76.0 
221.0 304.0 4.63934841508157 1.497755761491777 76.0 
221.0 305.0 4.63934841508157 1.497755761491777 76.0 
222.0 293.0 4.63934841508157 1.497755761491777 76.0 
222.0 294.0 4.63934841508157 1.497755761491777 76.0 
222.0 295.0 4.63934841508157 1.497755761491777 76.0 
222.0 296.0 4.63934841508157 1.497755761491777 76.0 
222.0 297.0 4.63934841508157 1.497755761491777 76.0 
222.0 298.0 4.63934841508157 1.497755761491777 76.0 
222.0 299.0 4.63934841508157 1.497755761491777 76.0 
222.0 300.0 4.63934841508157 1.497755761491777 76.0 
222.0 301.0 4.63934841508157 1.497755761491777 76.0 
222.0 302.0 4.63934841508157 1.497755761491777 76.0 
222.0 303.0 4.63934841508157 1.497755761491777 76.0 
222.0 304.0 4.63934841508157 1.497755761491777 76.0 
222.0 305.0 4.63934841508157 1.497755761491777 76.0 
222.0 306.0 4.63934841508157 1.497755761491777 76.0 
222.0 307.0 4.63934841508157 1.497755761491777 76.0 
222.0 308.0 4.63934841508157 1.497755761491777 76.0 
222.0 309.0 4.63934841508157 1.497755761491777 76.0 
222.0 310.0 4.63934841508157 1.497755761491777 76.0 
222.0 311.0 4.63934841508157 1.497755761491777 76.0 
222.0 312.0 4.63934841508157 1.497755761491777 76.0 
222.0 313.0 4.63934841508157 1.497755761491777 76.0 
222.0 314.0 4.63934841508157 1.497755761491777 76.0 
222.0 315.0 4.63934841508157 1.497755761491777 76.0 
222.0 316.0 4.63934841508157 1.497755761491777 76.0 
222.0 317.0 4.63934841508157 1.497755761491777 76.0 
222.0 318.0 4.63934841508157 1.497755761491777 76.0 
222.0 319.0 4.63934841508157 1.497755761491777 76.0 
223.0 292.0 4.63934841508157 1.497755761491777 76.0 
223.0 293.0 4.63934841508157 1.497755761491777 76.0 
223.0 294.0 4.63934841508157 1.497755761491777 76.0 
223.0 295.0 4.63934841508157 1.497755761491777 76.0 
223.0 296.0 4.63934841508157 1.497755761491777 76.0 
223.0 297.0 4.63934841508157 1.497755761491777 76.0 
223.0 298.0 4.63934841508157 1.497755761491777 76.0 
223.0 299.0 4.63934841508157 1.497755761491777 76.0 
223.0 300.0 4.63934841508157 1.497755761491777 76.0 
223.0 301.0 4.63934841508157 1.497755761491777 76.0 
223.0 302.0 4.63934841508157 1.497755761491777 76.0 
223.0 303.0 4.63934841508157 1.497755761491777 76.0 
223.0 304.0 4.63934841508157 1.497755761491777 76.0 
223.0 305.0 4.63934841508157 1.497755761491777 76.0 
223.0 306.0 4.63934841508157 1.497755761491777 76.0 
223.0 307.0 4.63934841508157 1.497755761491777 76.0 
223.0 308.0 4.63934841508157 1.497755761491777 76.0 
223.0 309.0 4.63934841508157 1.497755761491777 76.0 
223.0 310.0 4.63934841508157 1.497755761491777 76.0 
223.0 311.0 4.63934841508157 1.497755761491777 76.0 
223.0 312.0 4.63934841508157 1.497755761491777 76.0 
223.0 313.0 4.63934841508157 1.497755761491777 76.0 
223.0 314.0 4.63934841508157 1.497755761491777 76.0 
223.0 315.0 4.63934841508157 1.497755761491777 76.0 
223.0 316.0 4.63934841508157 1.497755761491777 76.0 
223.0 317.0 4.63934841508157 1.497755761491777 76.0 
223.0 318.0 4.63934841508157 1.497755761491777 76.0 
223.0 319.0 4.63934841508157 1.497755761491777 76.0 
223.0 320.0 4.63934841508157 1.497755761491777 76.0 
223.0 321.0 4.63934841508157 1.497755761491777 76.0 
223.0 322.0 4.63934841508157 1.497755761491777 76.0 
223.0 323.0 4.63934841508157 1.497755761491777 76.0 
223.0 324.0 4.63934841508157 1.497755761491777 76.0 
223.0 325.0 4.63934841508157 1.497755761491777 76.0 
223.0 326.0 4.63934841508157 1.497755761491777 76.0 
223.0 327.0 4.63934841508157 1.497755761491777 76.0 
223.0 328.0 4.63934841508157 1.497755761491777 76.0 
223.0 329.0 4.63934841508157 1.497755761491777 76.0 
223.0 330.0 4.63934841508157 1.497755761491777 76.0 
223.0 331.0 4.63934841508157 1.497755761491777 76.0 
223.0 332.0 4.63934841508157 1.497755761491777 76.0 
223.0 333.0 4.63934841508157 1.497755761491777 76.0 
224.0 292.0 4.63934841508157 1.497755761491777 76.0 
224.0 293.0 4.63934841508157 1.497755761491777 76.0 
224.0 294.0 4.63934841508157 1.497755761491777 76.0 
224.0 295.0 4.63934841508157 1.497755761491777 76.0 
224.0 296.0 4.63934841508157 1.497755761491777 76.0 
224.0 297.0 4.63934841508157 1.497755761491777 76.0 
224.0 298.0 4.63934841508157 1.497755761491777 76.0 
224.0 299.0 4.63934841508157 1.497755761491777 76.0 
224.0 300.0 4.63934841508157 1.497755761491777 76.0 
224.0 301.0 4.63934841508157 1.497755761491777 76.0 
224.0 302.0 4.63934841508157 1.497755761491777 76.0 
224.0 303.0 4.63934841508157 1.497755761491777 76.0 
224.0 304.0 4.63934841508157 1.497755761491777 76.0 
224.0 305.0 4.63934841508157 1.497755761491777 76.0 
224.0 306.0 4.63934841508157 1.497755761491777 76.0 
224.0 307.0 4.63934841508157 1.497755761491777 76.0 
224.0 308.0 4.63934841508157 1.497755761491777 76.0 
224.0 309.0 4.63934841508157 1.497755761491777 76.0 
224.0 310.0 4.63934841508157 1.497755761491777 76.0 
224.0 311.0 4.63934841508157 1.497755761491777 76.0 
224.0 312.0 4.63934841508157 1.497755761491777 76.0 
224.0 313.0 4.63934841508157 1.497755761491777 76.0 
224.0 314.0 4.63934841508157 1.497755761491777 76.0 
224.0 315.0 4.63934841508157 1.497755761491777 76.0 
224.0 316.0 4.63934841508157 1.497755761491777 76.0 
224.0 317.0 4.63934841508157 1.497755761491777 76.0 
224.0 318.0 4.63934841508157 1.497755761491777 76.0 
224.0 319.0 4.63934841508157 1.497755761491777 76.0 
224.0 320.0 4.63934841508157 1.497755761491777 76.0 
224.0 321.0 4.63934841508157 1.497755761491777 76.0 
224.0 322.0 4.63934841508157 1.497755761491777 76.0 
224.0 323.0 4.63934841508157 1.497755761491777 76.0 
224.0 324.0 4.63934841508157 1.497755761491777 76.0 
224.0 325.0 4.63934841508157 1.497755761491777 76.0 
224.0 326.0 4.63934841508157 1.497755761491777 76.0 
224.0 327.0 4.63934841508157 1.497755761491777 76.0 
224.0 328.0 4.63934841508157 1.497755761491777 76.0 
224.0 329.0 4.63934841508157 1.497755761491777 76.0 
224.0 330.0 4.63934841508157 1.497755761491777 76.0 
224.0 331.0 4.63934841508157 1.497755761491777 76.0 
224.0 332.0 4.63934841508157 1.497755761491777 76.0 
224.0 333.0 4.63934841508157 1.497755761491777 76.0 
225.0 292.0 4.63934841508157 1.497755761491777 76.0 
225.0 293.0 4.63934841508157 1.497755761491777 76.0 
225.0 294.0 4.63934841508157 1.497755761491777 76.0 
225.0 295.0 4.63934841508157 1.497755761491777 76.0 
225.0 296.0 4.63934841508157 1.497755761491777 76.0 
225.0 297.0 4.63934841508157 1.497755761491777 76.0 
225.0 298.0 4.63934841508157 1.497755761491777 76.0 
225.0 299.0 4.63934841508157 1.497755761491777 76.0 
225.0 300.0 4.63934841508157 1.497755761491777 76.0 
225.0 301.0 4.63934841508157 1.497755761491777 76.0 
225.0 302.0 4.63934841508157 1.497755761491777 76.0 
225.0 303.0 4.63934841508157 1.497755761491777 76.0 
225.0 304.0 4.63934841508157 1.497755761491777 76.0 
225.0 305.0 4.63934841508157 1.497755761491777 76.0 
225.0 306.0 4.63934841508157 1.497755761491777 76.0 
225.0 307.0 4.63934841508157 1.497755761491777 76.0 
225.0 308.0 4.63934841508157 1.497755761491777 76.0 
225.0 309.0 4.63934841508157 1.497755761491777 76.0 
225.0 310.0 4.63934841508157 1.497755761491777 76.0 
225.0 311.0 4.63934841508157 1.497755761491777 76.0 
225.0 312.0 4.63934841508157 1.497755761491777 76.0 
225.0 313.0 4.63934841508157 1.497755761491777 76.0 
225.0 314.0 4.63934841508157 1.497755761491777 76.0 
225.0 315.0 4.63934841508157 1.497755761491777 76.0 
225.0 316.0 4.63934841508157 1.497755761491777 76.0 
225.0 317.0 4.63934841508157 1.497755761491777 76.0 
225.0 318.0 4.63934841508157 1.497755761491777 76.0 
225.0 319.0 4.63934841508157 1.497755761491777 76.0 
225.0 320.0 4.63934841508157 1.497755761491777 76.0 
225.0 321.0 4.63934841508157 1.497755761491777 76.0 
225.0 322.0 4.63934841508157 1.497755761491777 76.0 
225.0 323.0 4.63934841508157 1.497755761491777 76.0 
225.0 324.0 4.63934841508157 1.497755761491777 76.0 
225.0 325.0 4.63934841508157 1.497755761491777 76.0 
225.0 326.0 4.63934841508157 1.497755761491777 76.0 
225.0 327.0 4.63934841508157 1.497755761491777 76.0 
225.0 328.0 4.63934841508157 1.497755761491777 76.0 
225.0 329.0 4.63934841508157 1.497755761491777 76.0 
225.0 330.0 4.63934841508157 1.497755761491777 76.0 
225.0 331.0 4.63934841508157 1.497755761491777 76.0 
225.0 332.0 4.63934841508157 1.497755761491777 76.0 
225.0 333.0 4.63934841508157 1.497755761491777 76.0 
226.0 292.0 4.63934841508157 1.497755761491777 76.0 
226.0 293.0 4.63934841508157 1.497755761491777 76.0 
226.0 294.0 4.63934841508157 1.497755761491777 76.0 
226.0 295.0 4.63934841508157 1.497755761491777 76.0 
226.0 296.0 4.63934841508157 1.497755761491777 76.0 
226.0 297.0 4.63934841508157 1.497755761491777 76.0 
226.0 298.0 4.63934841508157 1.497755761491777 76.0 
226.0 299.0 4.63934841508157 1.497755761491777 76.0 
226.0 300.0 4.63934841508157 1.497755761491777 76.0 
226.0 301.0 4.63934841508157 1.497755761491777 76.0 
226.0 302.0 4.63934841508157 1.497755761491777 76.0 
226.0 303.0 4.63934841508157 1.497755761491777 76.0 
226.0 304.0 4.63934841508157 1.497755761491777 76.0 
226.0 305.0 4.63934841508157 1.497755761491777 76.0 
226.0 306.0 4.63934841508157 1.497755761491777 76.0 
226.0 307.0 4.63934841508157 1.497755761491777 76.0 
226.0 308.0 4.63934841508157 1.497755761491777 76.0 
226.0 309.0 4.63934841508157 1.497755761491777 76.0 
226.0 310.0 4.63934841508157 1.497755761491777 76.0 
226.0 311.0 4.63934841508157 1.497755761491777 76.0 
226.0 312.0 4.63934841508157 1.497755761491777 76.0 
226.0 313.0 4.63934841508157 1.497755761491777 76.0 
226.0 314.0 4.63934841508157 1.497755761491777 76.0 
226.0 315.0 4.63934841508157 1.497755761491777 76.0 
226.0 316.0 4.63934841508157 1.497755761491777 76.0 
226.0 317.0 4.63934841508157 1.497755761491777 76.0 
226.0 318.0 4.63934841508157 1.497755761491777 76.0 
226.0 319.0 4.63934841508157 1.497755761491777 76.0 
226.0 320.0 4.63934841508157 1.497755761491777 76.0 
226.0 321.0 4.63934841508157 1.497755761491777 76.0 
226.0 322.0 4.63934841508157 1.497755761491777 76.0 
226.0 323.0 4.63934841508157 1.497755761491777 76.0 
226.0 324.0 4.63934841508157 1.497755761491777 76.0 
226.0 325.0 4.63934841508157 1.497755761491777 76.0 
226.0 326.0 4.63934841508157 1.497755761491777 76.0 
226.0 327.0 4.63934841508157 1.497755761491777 76.0 
226.0 328.0 4.63934841508157 1.497755761491777 76.0 
226.0 329.0 4.63934841508157 1.497755761491777 76.0 
226.0 330.0 4.63934841508157 1.497755761491777 76.0 
226.0 331.0 4.63934841508157 1.497755761491777 76.0 
226.0 332.0 4.63934841508157 1.497755761491777 76.0 
227.0 306.0 4.63934841508157 1.497755761491777 76.0 
227.0 307.0 4.63934841508157 1.497755761491777 76.0 
227.0 308.0 4.63934841508157 1.497755761491777 76.0 
227.0 309.0 4.63934841508157 1.497755761491777 76.0 
227.0 310.0 4.63934841508157 1.497755761491777 76.0 
227.0 311.0 4.63934841508157 1.497755761491777 76.0 
227.0 312.0 4.63934841508157 1.497755761491777 76.0 
227.0 313.0 4.63934841508157 1.497755761491777 76.0 
227.0 314.0 4.63934841508157 1.497755761491777 76.0 
227.0 315.0 4.63934841508157 1.497755761491777 76.0 
227.0 316.0 4.63934841508157 1.497755761491777 76.0 
227.0 317.0 4.63934841508157 1.497755761491777 76.0 
227.0 318.0 4.63934841508157 1.497755761491777 76.0 
227.0 319.0 4.63934841508157 1.497755761491777 76.0 
227.0 320.0 4.63934841508157 1.497755761491777 76.0 
227.0 321.0 4.63934841508157 1.497755761491777 76.0 
227.0 322.0 4.63934841508157 1.497755761491777 76.0 
227.0 323.0 4.63934841508157 1.497755761491777 76.0 
227.0 324.0 4.63934841508157 1.497755761491777 76.0 
227.0 325.0 4.63934841508157 1.497755761491777 76.0 
227.0 326.0 4.63934841508157 1.497755761491777 76.0 
227.0 327.0 4.63934841508157 1.497755761491777 76.0 
227.0 328.0 4.63934841508157 1.497755761491777 76.0 
227.0 329.0 4.63934841508157 1.497755761491777 76.0 
227.0 330.0 4.63934841508157 1.497755761491777 76.0 
227.0 331.0 4.63934841508157 1.497755761491777 76.0 
227.0 332.0 4.63934841508157 1.497755761491777 76.0 
228.0 320.0 4.63934841508157 1.497755761491777 76.0 
228.0 321.0 4.63934841508157 1.497755761491777 76.0 
228.0 322.0 4.63934841508157 1.497755761491777 76.0 
228.0 323.0 4.63934841508157 1.497755761491777 76.0 
228.0 324.0 4.63934841508157 1.497755761491777 76.0 
228.0 325.0 4.63934841508157 1.497755761491777 76.0 
228.0 326.0 4.63934841508157 1.497755761491777 76.0 
228.0 327.0 4.63934841508157 1.497755761491777 76.0 
228.0 328.0 4.63934841508157 1.497755761491777 76.0 
228.0 329.0 4.63934841508157 1.497755761491777 76.0 
228.0 330.0 4.63934841508157 1.497755761491777 76.0 
228.0 331.0 4.63934841508157 1.497755761491777 76.0 
228.0 332.0 4.63934841508157 1.497755761491777 76.0 
