292.0 252.0 3.2412613060809545 0.09966865249116146 40.0 
292.0 253.0 3.2412613060809545 0.09966865249116146 40.0 
292.0 254.0 3.2412613060809545 0.09966865249116146 40.0 
292.0 255.0 3.2412613060809545 0.09966865249116146 40.0 
293.0 250.0 3.2412613060809545 0.09966865249116146 40.0 
293.0 251.0 3.2412613060809545 0.09966865249116146 40.0 
293.0 252.0 3.2412613060809545 0.09966865249116146 40.0 
293.0 253.0 3.2412613060809545 0.09966865249116146 40.0 
293.0 254.0 3.2412613060809545 0.09966865249116146 40.0 
293.0 255.0 3.2412613060809545 0.09966865249116146 40.0 
294.0 250.0 3.2412613060809545 0.09966865249116146 40.0 
294.0 251.0 3.2412613060809545 0.09966865249116146 40.0 
294.0 252.0 3.2412613060809545 0.09966865249116146 40.0 
294.0 253.0 3.2412613060809545 0.09966865249116146 40.0 
294.0 254.0 3.2412613060809545 0.09966865249116146 40.0 
294.0 255.0 3.2412613060809545 0.09966865249116146 40.0 
295.0 250.0 3.2412613060809545 0.09966865249116146 40.0 
295.0 251.0 3.2412613060809545 0.09966865249116146 40.0 
295.0 252.0 3.2412613060809545 0.09966865249116146 40.0 
295.0 253.0 3.2412613060809545 0.09966865249116146 40.0 
295.0 254.0 3.2412613060809545 0.09966865249116146 40.0 
295.0 255.0 3.2412613060809545 0.09966865249116146 40.0 
296.0 250.0 3.2412613060809545 0.09966865249116146 40.0 
296.0 251.0 3.2412613060809545 0.09966865249116146 40.0 
296.0 252.0 3.2412613060809545 0.09966865249116146 40.0 
296.0 253.0 3.2412613060809545 0.09966865249116146 40.0 
296.0 254.0 3.2412613060809545 0.09966865249116146 40.0 
296.0 255.0 3.2412613060809545 0.09966865249116146 40.0 
297.0 250.0 3.2412613060809545 0.09966865249116146 40.0 
297.0 251.0 3.2412613060809545 0.09966865249116146 40.0 
297.0 252.0 3.2412613060809545 0.09966865249116146 40.0 
297.0 253.0 3.2412613060809545 0.09966865249116146 40.0 
297.0 254.0 3.2412613060809545 0.09966865249116146 40.0 
297.0 255.0 3.2412613060809545 0.09966865249116146 40.0 
298.0 250.0 3.2412613060809545 0.09966865249116146 40.0 
298.0 251.0 3.2412613060809545 0.09966865249116146 40.0 
298.0 252.0 3.2412613060809545 0.09966865249116146 40.0 
298.0 253.0 3.2412613060809545 0.09966865249116146 40.0 
298.0 254.0 3.2412613060809545 0.09966865249116146 40.0 
298.0 255.0 3.2412613060809545 0.09966865249116146 40.0 
299.0 250.0 3.2412613060809545 0.09966865249116146 40.0 
299.0 251.0 3.2412613060809545 0.09966865249116146 40.0 
299.0 252.0 3.2412613060809545 0.09966865249116146 40.0 
299.0 253.0 3.2412613060809545 0.09966865249116146 40.0 
299.0 254.0 3.2412613060809545 0.09966865249116146 40.0 
299.0 255.0 3.2412613060809545 0.09966865249116146 40.0 
300.0 250.0 3.2412613060809545 0.09966865249116146 40.0 
300.0 251.0 3.2412613060809545 0.09966865249116146 40.0 
300.0 252.0 3.2412613060809545 0.09966865249116146 40.0 
300.0 253.0 3.2412613060809545 0.09966865249116146 40.0 
300.0 254.0 3.2412613060809545 0.09966865249116146 40.0 
300.0 255.0 3.2412613060809545 0.09966865249116146 40.0 
301.0 250.0 3.2412613060809545 0.09966865249116146 40.0 
301.0 251.0 3.2412613060809545 0.09966865249116146 40.0 
301.0 252.0 3.2412613060809545 0.09966865249116146 40.0 
301.0 253.0 3.2412613060809545 0.09966865249116146 40.0 
301.0 254.0 3.2412613060809545 0.09966865249116146 40.0 
301.0 255.0 3.2412613060809545 0.09966865249116146 40.0 
302.0 250.0 3.2412613060809545 0.09966865249116146 40.0 
302.0 251.0 3.2412613060809545 0.09966865249116146 40.0 
302.0 252.0 3.2412613060809545 0.09966865249116146 40.0 
267.0 252.0 3.0309354324158964 6.1725280860056895 40.0 
267.0 253.0 3.0309354324158964 6.1725280860056895 40.0 
267.0 254.0 3.0309354324158964 6.1725280860056895 40.0 
268.0 252.0 3.0309354324158964 6.1725280860056895 40.0 
268.0 253.0 3.0309354324158964 6.1725280860056895 40.0 
268.0 254.0 3.0309354324158964 6.1725280860056895 40.0 
268.0 255.0 3.0309354324158964 6.1725280860056895 40.0 
268.0 256.0 3.0309354324158964 6.1725280860056895 40.0 
268.0 257.0 3.0309354324158964 6.1725280860056895 40.0 
269.0 252.0 3.0309354324158964 6.1725280860056895 40.0 
269.0 253.0 3.0309354324158964 6.1725280860056895 40.0 
269.0 254.0 3.0309354324158964 6.1725280860056895 40.0 
269.0 255.0 3.0309354324158964 6.1725280860056895 40.0 
269.0 256.0 3.0309354324158964 6.1725280860056895 40.0 
269.0 257.0 3.0309354324158964 6.1725280860056895 40.0 
270.0 252.0 3.0309354324158964 6.1725280860056895 40.0 
270.0 253.0 3.0309354324158964 6.1725280860056895 40.0 
270.0 254.0 3.0309354324158964 6.1725280860056895 40.0 
270.0 255.0 3.0309354324158964 6.1725280860056895 40.0 
270.0 256.0 3.0309354324158964 6.1725280860056895 40.0 
270.0 257.0 3.0309354324158964 6.1725280860056895 40.0 
271.0 252.0 3.0309354324158964 6.1725280860056895 40.0 
271.0 253.0 3.0309354324158964 6.1725280860056895 40.0 
271.0 254.0 3.0309354324158964 6.1725280860056895 40.0 
271.0 255.0 3.0309354324158964 6.1725280860056895 40.0 
271.0 256.0 3.0309354324158964 6.1725280860056895 40.0 
271.0 257.0 3.0309354324158964 6.1725280860056895 40.0 
272.0 252.0 3.0309354324158964 6.1725280860056895 40.0 
272.0 253.0 3.0309354324158964 6.1725280860056895 40.0 
272.0 254.0 3.0309354324158964 6.1725280860056895 40.0 
272.0 255.0 3.0309354324158964 6.1725280860056895 40.0 
272.0 256.0 3.0309354324158964 6.1725280860056895 40.0 
272.0 257.0 3.0309354324158964 6.1725280860056895 40.0 
273.0 252.0 3.0309354324158964 6.1725280860056895 40.0 
273.0 253.0 3.0309354324158964 6.1725280860056895 40.0 
273.0 254.0 3.0309354324158964 6.1725280860056895 40.0 
273.0 255.0 3.0309354324158964 6.1725280860056895 40.0 
273.0 256.0 3.0309354324158964 6.1725280860056895 40.0 
273.0 257.0 3.0309354324158964 6.1725280860056895 40.0 
274.0 252.0 3.0309354324158964 6.1725280860056895 40.0 
274.0 253.0 3.0309354324158964 6.1725280860056895 40.0 
274.0 254.0 3.0309354324158964 6.1725280860056895 40.0 
274.0 255.0 3.0309354324158964 6.1725280860056895 40.0 
274.0 256.0 3.0309354324158964 6.1725280860056895 40.0 
274.0 257.0 3.0309354324158964 6.1725280860056895 40.0 
275.0 252.0 3.0309354324158964 6.1725280860056895 40.0 
275.0 253.0 3.0309354324158964 6.1725280860056895 40.0 
275.0 254.0 3.0309354324158964 6.1725280860056895 40.0 
275.0 255.0 3.0309354324158964 6.1725280860056895 40.0 
275.0 256.0 3.0309354324158964 6.1725280860056895 40.0 
275.0 257.0 3.0309354324158964 6.1725280860056895 40.0 
276.0 254.0 3.0309354324158964 6.1725280860056895 40.0 
276.0 255.0 3.0309354324158964 6.1725280860056895 40.0 
276.0 256.0 3.0309354324158964 6.1725280860056895 40.0 
276.0 257.0 3.0309354324158964 6.1725280860056895 40.0 
281 323 4.101663015995481 36.0 
282 322 4.101663015995481 36.0 
282 323 4.101663015995481 36.0 
282 324 4.101663015995481 36.0 
283 322 4.101663015995481 36.0 
283 323 4.101663015995481 36.0 
283 324 4.101663015995481 36.0 
283 325 4.101663015995481 36.0 
283 326 4.101663015995481 36.0 
284 323 4.101663015995481 36.0 
284 324 4.101663015995481 36.0 
284 325 4.101663015995481 36.0 
284 326 4.101663015995481 36.0 
284 327 4.101663015995481 36.0 
285 324 4.101663015995481 36.0 
285 325 4.101663015995481 36.0 
285 326 4.101663015995481 36.0 
285 327 4.101663015995481 36.0 
285 328 4.101663015995481 36.0 
286 326 4.101663015995481 36.0 
286 327 4.101663015995481 36.0 
286 328 4.101663015995481 36.0 
286 329 4.101663015995481 36.0 
286 330 4.101663015995481 36.0 
287 327 4.101663015995481 36.0 
287 328 4.101663015995481 36.0 
287 329 4.101663015995481 36.0 
287 330 4.101663015995481 36.0 
287 331 4.101663015995481 36.0 
288 328 4.101663015995481 36.0 
288 329 4.101663015995481 36.0 
288 330 4.101663015995481 36.0 
288 331 4.101663015995481 36.0 
288 332 4.101663015995481 36.0 
289 330 4.101663015995481 36.0 
289 331 4.101663015995481 36.0 
290 331 4.101663015995481 36.0 
290 336 2.9889433251945268 32.0 
291 336 2.9889433251945268 32.0 
291 337 2.9889433251945268 32.0 
291 338 2.9889433251945268 32.0 
292 336 2.9889433251945268 32.0 
292 337 2.9889433251945268 32.0 
292 338 2.9889433251945268 32.0 
293 336 2.9889433251945268 32.0 
293 337 2.9889433251945268 32.0 
293 338 2.9889433251945268 32.0 
294 335 2.9889433251945268 32.0 
294 336 2.9889433251945268 32.0 
294 337 2.9889433251945268 32.0 
295 335 2.9889433251945268 32.0 
295 336 2.9889433251945268 32.0 
295 337 2.9889433251945268 32.0 
296 335 2.9889433251945268 32.0 
296 336 2.9889433251945268 32.0 
296 337 2.9889433251945268 32.0 
297 335 2.9889433251945268 32.0 
297 336 2.9889433251945268 32.0 
297 337 2.9889433251945268 32.0 
298 335 2.9889433251945268 32.0 
298 336 2.9889433251945268 32.0 
298 337 2.9889433251945268 32.0 
299 335 2.9889433251945268 32.0 
299 336 2.9889433251945268 32.0 
299 337 2.9889433251945268 32.0 
300 334 2.9889433251945268 32.0 
300 335 2.9889433251945268 32.0 
300 336 2.9889433251945268 32.0 
301 334 2.9889433251945268 32.0 
301 335 2.9889433251945268 32.0 
301 336 2.9889433251945268 32.0 
302 334 2.9889433251945268 32.0 
302 335 2.9889433251945268 32.0 
302 336 2.9889433251945268 32.0 
303 335 2.9889433251945268 32.0 
303 336 2.9889433251945268 32.0 
303 334 2.3127435948008146 28.0 
304 333 2.3127435948008146 28.0 
304 334 2.3127435948008146 28.0 
305 332 2.3127435948008146 28.0 
305 333 2.3127435948008146 28.0 
305 334 2.3127435948008146 28.0 
305 335 2.3127435948008146 28.0 
306 331 2.3127435948008146 28.0 
306 332 2.3127435948008146 28.0 
306 333 2.3127435948008146 28.0 
306 334 2.3127435948008146 28.0 
306 335 2.3127435948008146 28.0 
307 330 2.3127435948008146 28.0 
307 331 2.3127435948008146 28.0 
307 332 2.3127435948008146 28.0 
307 333 2.3127435948008146 28.0 
308 329 2.3127435948008146 28.0 
308 330 2.3127435948008146 28.0 
308 331 2.3127435948008146 28.0 
308 332 2.3127435948008146 28.0 
309 328 2.3127435948008146 28.0 
309 329 2.3127435948008146 28.0 
309 330 2.3127435948008146 28.0 
309 331 2.3127435948008146 28.0 
310 327 2.3127435948008146 28.0 
310 328 2.3127435948008146 28.0 
310 329 2.3127435948008146 28.0 
310 330 2.3127435948008146 28.0 
311 326 2.3127435948008146 28.0 
311 327 2.3127435948008146 28.0 
311 328 2.3127435948008146 28.0 
311 329 2.3127435948008146 28.0 
312 325 2.3127435948008146 28.0 
312 326 2.3127435948008146 28.0 
312 327 2.3127435948008146 28.0 
312 328 2.3127435948008146 28.0 
313 323 2.3127435948008146 28.0 
313 324 2.3127435948008146 28.0 
313 325 2.3127435948008146 28.0 
313 326 2.3127435948008146 28.0 
313 327 2.3127435948008146 28.0 
314 323 2.3127435948008146 28.0 
314 324 2.3127435948008146 28.0 
314 325 2.3127435948008146 28.0 
314 326 2.3127435948008146 28.0 
315 323 2.3127435948008146 28.0 
315 324 2.3127435948008146 28.0 
315 325 2.3127435948008146 28.0 
316 324 2.3127435948008146 28.0 
313 307 1.4536875822280333 32.0 
313 308 1.4536875822280333 32.0 
313 309 1.4536875822280333 32.0 
313 310 1.4536875822280333 32.0 
314 306 1.4536875822280333 32.0 
314 307 1.4536875822280333 32.0 
314 308 1.4536875822280333 32.0 
314 309 1.4536875822280333 32.0 
314 310 1.4536875822280333 32.0 
314 311 1.4536875822280333 32.0 
314 312 1.4536875822280333 32.0 
314 313 1.4536875822280333 32.0 
314 314 1.4536875822280333 32.0 
314 315 1.4536875822280333 32.0 
314 316 1.4536875822280333 32.0 
314 317 1.4536875822280333 32.0 
314 318 1.4536875822280333 32.0 
315 306 1.4536875822280333 32.0 
315 307 1.4536875822280333 32.0 
315 308 1.4536875822280333 32.0 
315 309 1.4536875822280333 32.0 
315 310 1.4536875822280333 32.0 
315 311 1.4536875822280333 32.0 
315 312 1.4536875822280333 32.0 
315 313 1.4536875822280333 32.0 
315 314 1.4536875822280333 32.0 
315 315 1.4536875822280333 32.0 
315 316 1.4536875822280333 32.0 
315 317 1.4536875822280333 32.0 
315 318 1.4536875822280333 32.0 
315 319 1.4536875822280333 32.0 
315 320 1.4536875822280333 32.0 
315 321 1.4536875822280333 32.0 
315 322 1.4536875822280333 32.0 
315 323 1.4536875822280333 32.0 
316 311 1.4536875822280333 32.0 
316 312 1.4536875822280333 32.0 
316 313 1.4536875822280333 32.0 
316 314 1.4536875822280333 32.0 
316 315 1.4536875822280333 32.0 
316 316 1.4536875822280333 32.0 
316 317 1.4536875822280333 32.0 
316 318 1.4536875822280333 32.0 
316 319 1.4536875822280333 32.0 
316 320 1.4536875822280333 32.0 
316 321 1.4536875822280333 32.0 
316 322 1.4536875822280333 32.0 
317 319 1.4536875822280333 32.0 
317 320 1.4536875822280333 32.0 
317 321 1.4536875822280333 32.0 
317 322 1.4536875822280333 32.0 
