126.0 321.0 2.8659632152076617 6.007555868797454 68.0 
126.0 322.0 2.8659632152076617 6.007555868797454 68.0 
126.0 323.0 2.8659632152076617 6.007555868797454 68.0 
127.0 321.0 2.8659632152076617 6.007555868797454 68.0 
127.0 322.0 2.8659632152076617 6.007555868797454 68.0 
127.0 323.0 2.8659632152076617 6.007555868797454 68.0 
127.0 324.0 2.8659632152076617 6.007555868797454 68.0 
127.0 325.0 2.8659632152076617 6.007555868797454 68.0 
127.0 326.0 2.8659632152076617 6.007555868797454 68.0 
128.0 321.0 2.8659632152076617 6.007555868797454 68.0 
128.0 322.0 2.8659632152076617 6.007555868797454 68.0 
128.0 323.0 2.8659632152076617 6.007555868797454 68.0 
128.0 324.0 2.8659632152076617 6.007555868797454 68.0 
128.0 325.0 2.8659632152076617 6.007555868797454 68.0 
128.0 326.0 2.8659632152076617 6.007555868797454 68.0 
129.0 321.0 2.8659632152076617 6.007555868797454 68.0 
129.0 322.0 2.8659632152076617 6.007555868797454 68.0 
129.0 323.0 2.8659632152076617 6.007555868797454 68.0 
129.0 324.0 2.8659632152076617 6.007555868797454 68.0 
129.0 325.0 2.8659632152076617 6.007555868797454 68.0 
129.0 326.0 2.8659632152076617 6.007555868797454 68.0 
130.0 320.0 2.8659632152076617 6.007555868797454 68.0 
130.0 321.0 2.8659632152076617 6.007555868797454 68.0 
130.0 322.0 2.8659632152076617 6.007555868797454 68.0 
130.0 323.0 2.8659632152076617 6.007555868797454 68.0 
130.0 324.0 2.8659632152076617 6.007555868797454 68.0 
130.0 325.0 2.8659632152076617 6.007555868797454 68.0 
131.0 320.0 2.8659632152076617 6.007555868797454 68.0 
131.0 321.0 2.8659632152076617 6.007555868797454 68.0 
131.0 322.0 2.8659632152076617 6.007555868797454 68.0 
131.0 323.0 2.8659632152076617 6.007555868797454 68.0 
131.0 324.0 2.8659632152076617 6.007555868797454 68.0 
131.0 325.0 2.8659632152076617 6.007555868797454 68.0 
132.0 320.0 2.8659632152076617 6.007555868797454 68.0 
132.0 321.0 2.8659632152076617 6.007555868797454 68.0 
132.0 322.0 2.8659632152076617 6.007555868797454 68.0 
132.0 323.0 2.8659632152076617 6.007555868797454 68.0 
132.0 324.0 2.8659632152076617 6.007555868797454 68.0 
132.0 325.0 2.8659632152076617 6.007555868797454 68.0 
133.0 319.0 2.8659632152076617 6.007555868797454 68.0 
133.0 320.0 2.8659632152076617 6.007555868797454 68.0 
133.0 321.0 2.8659632152076617 6.007555868797454 68.0 
133.0 322.0 2.8659632152076617 6.007555868797454 68.0 
133.0 323.0 2.8659632152076617 6.007555868797454 68.0 
133.0 324.0 2.8659632152076617 6.007555868797454 68.0 
133.0 325.0 2.8659632152076617 6.007555868797454 68.0 
134.0 319.0 2.8659632152076617 6.007555868797454 68.0 
134.0 320.0 2.8659632152076617 6.007555868797454 68.0 
134.0 321.0 2.8659632152076617 6.007555868797454 68.0 
134.0 322.0 2.8659632152076617 6.007555868797454 68.0 
134.0 323.0 2.8659632152076617 6.007555868797454 68.0 
134.0 324.0 2.8659632152076617 6.007555868797454 68.0 
135.0 319.0 2.8659632152076617 6.007555868797454 68.0 
135.0 320.0 2.8659632152076617 6.007555868797454 68.0 
135.0 321.0 2.8659632152076617 6.007555868797454 68.0 
135.0 322.0 2.8659632152076617 6.007555868797454 68.0 
135.0 323.0 2.8659632152076617 6.007555868797454 68.0 
135.0 324.0 2.8659632152076617 6.007555868797454 68.0 
136.0 319.0 2.8659632152076617 6.007555868797454 68.0 
136.0 320.0 2.8659632152076617 6.007555868797454 68.0 
136.0 321.0 2.8659632152076617 6.007555868797454 68.0 
136.0 322.0 2.8659632152076617 6.007555868797454 68.0 
136.0 323.0 2.8659632152076617 6.007555868797454 68.0 
136.0 324.0 2.8659632152076617 6.007555868797454 68.0 
137.0 318.0 2.8659632152076617 6.007555868797454 68.0 
137.0 319.0 2.8659632152076617 6.007555868797454 68.0 
137.0 320.0 2.8659632152076617 6.007555868797454 68.0 
137.0 321.0 2.8659632152076617 6.007555868797454 68.0 
137.0 322.0 2.8659632152076617 6.007555868797454 68.0 
137.0 323.0 2.8659632152076617 6.007555868797454 68.0 
137.0 324.0 2.8659632152076617 6.007555868797454 68.0 
138.0 318.0 2.8659632152076617 6.007555868797454 68.0 
138.0 319.0 2.8659632152076617 6.007555868797454 68.0 
138.0 320.0 2.8659632152076617 6.007555868797454 68.0 
138.0 321.0 2.8659632152076617 6.007555868797454 68.0 
138.0 322.0 2.8659632152076617 6.007555868797454 68.0 
138.0 323.0 2.8659632152076617 6.007555868797454 68.0 
139.0 318.0 2.8659632152076617 6.007555868797454 68.0 
139.0 319.0 2.8659632152076617 6.007555868797454 68.0 
139.0 320.0 2.8659632152076617 6.007555868797454 68.0 
139.0 321.0 2.8659632152076617 6.007555868797454 68.0 
139.0 322.0 2.8659632152076617 6.007555868797454 68.0 
139.0 323.0 2.8659632152076617 6.007555868797454 68.0 
140.0 317.0 2.8659632152076617 6.007555868797454 68.0 
140.0 318.0 2.8659632152076617 6.007555868797454 68.0 
140.0 319.0 2.8659632152076617 6.007555868797454 68.0 
140.0 320.0 2.8659632152076617 6.007555868797454 68.0 
140.0 321.0 2.8659632152076617 6.007555868797454 68.0 
140.0 322.0 2.8659632152076617 6.007555868797454 68.0 
140.0 323.0 2.8659632152076617 6.007555868797454 68.0 
141.0 317.0 2.8659632152076617 6.007555868797454 68.0 
141.0 318.0 2.8659632152076617 6.007555868797454 68.0 
141.0 319.0 2.8659632152076617 6.007555868797454 68.0 
141.0 320.0 2.8659632152076617 6.007555868797454 68.0 
141.0 321.0 2.8659632152076617 6.007555868797454 68.0 
141.0 322.0 2.8659632152076617 6.007555868797454 68.0 
142.0 317.0 2.8659632152076617 6.007555868797454 68.0 
142.0 318.0 2.8659632152076617 6.007555868797454 68.0 
142.0 319.0 2.8659632152076617 6.007555868797454 68.0 
142.0 320.0 2.8659632152076617 6.007555868797454 68.0 
142.0 321.0 2.8659632152076617 6.007555868797454 68.0 
142.0 322.0 2.8659632152076617 6.007555868797454 68.0 
143.0 317.0 2.8659632152076617 6.007555868797454 68.0 
143.0 318.0 2.8659632152076617 6.007555868797454 68.0 
143.0 319.0 2.8659632152076617 6.007555868797454 68.0 
143.0 320.0 2.8659632152076617 6.007555868797454 68.0 
143.0 321.0 2.8659632152076617 6.007555868797454 68.0 
143.0 322.0 2.8659632152076617 6.007555868797454 68.0 
144.0 316.0 2.8659632152076617 6.007555868797454 68.0 
144.0 317.0 2.8659632152076617 6.007555868797454 68.0 
144.0 318.0 2.8659632152076617 6.007555868797454 68.0 
144.0 319.0 2.8659632152076617 6.007555868797454 68.0 
144.0 320.0 2.8659632152076617 6.007555868797454 68.0 
144.0 321.0 2.8659632152076617 6.007555868797454 68.0 
144.0 322.0 2.8659632152076617 6.007555868797454 68.0 
145.0 316.0 2.8659632152076617 6.007555868797454 68.0 
145.0 317.0 2.8659632152076617 6.007555868797454 68.0 
145.0 318.0 2.8659632152076617 6.007555868797454 68.0 
145.0 319.0 2.8659632152076617 6.007555868797454 68.0 
145.0 320.0 2.8659632152076617 6.007555868797454 68.0 
145.0 321.0 2.8659632152076617 6.007555868797454 68.0 
146.0 316.0 2.8659632152076617 6.007555868797454 68.0 
146.0 317.0 2.8659632152076617 6.007555868797454 68.0 
146.0 318.0 2.8659632152076617 6.007555868797454 68.0 
146.0 319.0 2.8659632152076617 6.007555868797454 68.0 
146.0 320.0 2.8659632152076617 6.007555868797454 68.0 
146.0 321.0 2.8659632152076617 6.007555868797454 68.0 
147.0 315.0 2.8659632152076617 6.007555868797454 68.0 
147.0 316.0 2.8659632152076617 6.007555868797454 68.0 
147.0 317.0 2.8659632152076617 6.007555868797454 68.0 
147.0 318.0 2.8659632152076617 6.007555868797454 68.0 
147.0 319.0 2.8659632152076617 6.007555868797454 68.0 
147.0 320.0 2.8659632152076617 6.007555868797454 68.0 
147.0 321.0 2.8659632152076617 6.007555868797454 68.0 
148.0 315.0 2.8659632152076617 6.007555868797454 68.0 
148.0 316.0 2.8659632152076617 6.007555868797454 68.0 
148.0 317.0 2.8659632152076617 6.007555868797454 68.0 
148.0 318.0 2.8659632152076617 6.007555868797454 68.0 
148.0 319.0 2.8659632152076617 6.007555868797454 68.0 
148.0 320.0 2.8659632152076617 6.007555868797454 68.0 
149.0 315.0 2.8659632152076617 6.007555868797454 68.0 
149.0 316.0 2.8659632152076617 6.007555868797454 68.0 
149.0 317.0 2.8659632152076617 6.007555868797454 68.0 
149.0 318.0 2.8659632152076617 6.007555868797454 68.0 
149.0 319.0 2.8659632152076617 6.007555868797454 68.0 
149.0 320.0 2.8659632152076617 6.007555868797454 68.0 
150.0 315.0 2.8659632152076617 6.007555868797454 68.0 
150.0 316.0 2.8659632152076617 6.007555868797454 68.0 
150.0 317.0 2.8659632152076617 6.007555868797454 68.0 
150.0 318.0 2.8659632152076617 6.007555868797454 68.0 
150.0 319.0 2.8659632152076617 6.007555868797454 68.0 
150.0 320.0 2.8659632152076617 6.007555868797454 68.0 
151.0 314.0 2.8659632152076617 6.007555868797454 68.0 
151.0 315.0 2.8659632152076617 6.007555868797454 68.0 
151.0 316.0 2.8659632152076617 6.007555868797454 68.0 
151.0 317.0 2.8659632152076617 6.007555868797454 68.0 
151.0 318.0 2.8659632152076617 6.007555868797454 68.0 
151.0 319.0 2.8659632152076617 6.007555868797454 68.0 
151.0 320.0 2.8659632152076617 6.007555868797454 68.0 
152.0 314.0 2.8659632152076617 6.007555868797454 68.0 
152.0 315.0 2.8659632152076617 6.007555868797454 68.0 
152.0 316.0 2.8659632152076617 6.007555868797454 68.0 
152.0 317.0 2.8659632152076617 6.007555868797454 68.0 
152.0 318.0 2.8659632152076617 6.007555868797454 68.0 
152.0 319.0 2.8659632152076617 6.007555868797454 68.0 
153.0 314.0 2.8659632152076617 6.007555868797454 68.0 
153.0 315.0 2.8659632152076617 6.007555868797454 68.0 
153.0 316.0 2.8659632152076617 6.007555868797454 68.0 
153.0 317.0 2.8659632152076617 6.007555868797454 68.0 
153.0 318.0 2.8659632152076617 6.007555868797454 68.0 
153.0 319.0 2.8659632152076617 6.007555868797454 68.0 
154.0 313.0 2.8659632152076617 6.007555868797454 68.0 
154.0 314.0 2.8659632152076617 6.007555868797454 68.0 
154.0 315.0 2.8659632152076617 6.007555868797454 68.0 
154.0 316.0 2.8659632152076617 6.007555868797454 68.0 
154.0 317.0 2.8659632152076617 6.007555868797454 68.0 
154.0 318.0 2.8659632152076617 6.007555868797454 68.0 
154.0 319.0 2.8659632152076617 6.007555868797454 68.0 
155.0 313.0 2.8659632152076617 6.007555868797454 68.0 
155.0 314.0 2.8659632152076617 6.007555868797454 68.0 
155.0 315.0 2.8659632152076617 6.007555868797454 68.0 
155.0 316.0 2.8659632152076617 6.007555868797454 68.0 
155.0 317.0 2.8659632152076617 6.007555868797454 68.0 
155.0 318.0 2.8659632152076617 6.007555868797454 68.0 
156.0 313.0 2.8659632152076617 6.007555868797454 68.0 
156.0 314.0 2.8659632152076617 6.007555868797454 68.0 
156.0 315.0 2.8659632152076617 6.007555868797454 68.0 
156.0 316.0 2.8659632152076617 6.007555868797454 68.0 
156.0 317.0 2.8659632152076617 6.007555868797454 68.0 
156.0 318.0 2.8659632152076617 6.007555868797454 68.0 
157.0 313.0 2.8659632152076617 6.007555868797454 68.0 
157.0 314.0 2.8659632152076617 6.007555868797454 68.0 
157.0 315.0 2.8659632152076617 6.007555868797454 68.0 
157.0 316.0 2.8659632152076617 6.007555868797454 68.0 
157.0 317.0 2.8659632152076617 6.007555868797454 68.0 
157.0 318.0 2.8659632152076617 6.007555868797454 68.0 
158.0 312.0 2.8659632152076617 6.007555868797454 68.0 
158.0 313.0 2.8659632152076617 6.007555868797454 68.0 
158.0 314.0 2.8659632152076617 6.007555868797454 68.0 
158.0 315.0 2.8659632152076617 6.007555868797454 68.0 
158.0 316.0 2.8659632152076617 6.007555868797454 68.0 
158.0 317.0 2.8659632152076617 6.007555868797454 68.0 
158.0 318.0 2.8659632152076617 6.007555868797454 68.0 
159.0 312.0 2.8659632152076617 6.007555868797454 68.0 
159.0 313.0 2.8659632152076617 6.007555868797454 68.0 
159.0 314.0 2.8659632152076617 6.007555868797454 68.0 
159.0 315.0 2.8659632152076617 6.007555868797454 68.0 
159.0 316.0 2.8659632152076617 6.007555868797454 68.0 
159.0 317.0 2.8659632152076617 6.007555868797454 68.0 
160.0 312.0 2.8659632152076617 6.007555868797454 68.0 
160.0 313.0 2.8659632152076617 6.007555868797454 68.0 
160.0 314.0 2.8659632152076617 6.007555868797454 68.0 
160.0 315.0 2.8659632152076617 6.007555868797454 68.0 
160.0 316.0 2.8659632152076617 6.007555868797454 68.0 
160.0 317.0 2.8659632152076617 6.007555868797454 68.0 
161.0 311.0 2.8659632152076617 6.007555868797454 68.0 
161.0 312.0 2.8659632152076617 6.007555868797454 68.0 
161.0 313.0 2.8659632152076617 6.007555868797454 68.0 
161.0 314.0 2.8659632152076617 6.007555868797454 68.0 
161.0 315.0 2.8659632152076617 6.007555868797454 68.0 
161.0 316.0 2.8659632152076617 6.007555868797454 68.0 
161.0 317.0 2.8659632152076617 6.007555868797454 68.0 
162.0 311.0 2.8659632152076617 6.007555868797454 68.0 
162.0 312.0 2.8659632152076617 6.007555868797454 68.0 
162.0 313.0 2.8659632152076617 6.007555868797454 68.0 
162.0 314.0 2.8659632152076617 6.007555868797454 68.0 
162.0 315.0 2.8659632152076617 6.007555868797454 68.0 
162.0 316.0 2.8659632152076617 6.007555868797454 68.0 
163.0 311.0 2.8659632152076617 6.007555868797454 68.0 
163.0 312.0 2.8659632152076617 6.007555868797454 68.0 
163.0 313.0 2.8659632152076617 6.007555868797454 68.0 
163.0 314.0 2.8659632152076617 6.007555868797454 68.0 
163.0 315.0 2.8659632152076617 6.007555868797454 68.0 
163.0 316.0 2.8659632152076617 6.007555868797454 68.0 
164.0 311.0 2.8659632152076617 6.007555868797454 68.0 
164.0 312.0 2.8659632152076617 6.007555868797454 68.0 
164.0 313.0 2.8659632152076617 6.007555868797454 68.0 
164.0 314.0 2.8659632152076617 6.007555868797454 68.0 
164.0 315.0 2.8659632152076617 6.007555868797454 68.0 
164.0 316.0 2.8659632152076617 6.007555868797454 68.0 
165.0 310.0 2.8659632152076617 6.007555868797454 68.0 
165.0 311.0 2.8659632152076617 6.007555868797454 68.0 
165.0 312.0 2.8659632152076617 6.007555868797454 68.0 
165.0 313.0 2.8659632152076617 6.007555868797454 68.0 
165.0 314.0 2.8659632152076617 6.007555868797454 68.0 
165.0 315.0 2.8659632152076617 6.007555868797454 68.0 
165.0 316.0 2.8659632152076617 6.007555868797454 68.0 
166.0 310.0 2.8659632152076617 6.007555868797454 68.0 
166.0 311.0 2.8659632152076617 6.007555868797454 68.0 
166.0 312.0 2.8659632152076617 6.007555868797454 68.0 
166.0 313.0 2.8659632152076617 6.007555868797454 68.0 
166.0 314.0 2.8659632152076617 6.007555868797454 68.0 
166.0 315.0 2.8659632152076617 6.007555868797454 68.0 
167.0 310.0 2.8659632152076617 6.007555868797454 68.0 
167.0 311.0 2.8659632152076617 6.007555868797454 68.0 
167.0 312.0 2.8659632152076617 6.007555868797454 68.0 
167.0 313.0 2.8659632152076617 6.007555868797454 68.0 
167.0 314.0 2.8659632152076617 6.007555868797454 68.0 
167.0 315.0 2.8659632152076617 6.007555868797454 68.0 
168.0 310.0 2.8659632152076617 6.007555868797454 68.0 
168.0 311.0 2.8659632152076617 6.007555868797454 68.0 
168.0 312.0 2.8659632152076617 6.007555868797454 68.0 
168.0 313.0 2.8659632152076617 6.007555868797454 68.0 
168.0 314.0 2.8659632152076617 6.007555868797454 68.0 
168.0 315.0 2.8659632152076617 6.007555868797454 68.0 
169.0 309.0 2.8659632152076617 6.007555868797454 68.0 
169.0 310.0 2.8659632152076617 6.007555868797454 68.0 
169.0 311.0 2.8659632152076617 6.007555868797454 68.0 
169.0 312.0 2.8659632152076617 6.007555868797454 68.0 
169.0 313.0 2.8659632152076617 6.007555868797454 68.0 
169.0 314.0 2.8659632152076617 6.007555868797454 68.0 
170.0 309.0 2.8659632152076617 6.007555868797454 68.0 
170.0 310.0 2.8659632152076617 6.007555868797454 68.0 
170.0 311.0 2.8659632152076617 6.007555868797454 68.0 
170.0 312.0 2.8659632152076617 6.007555868797454 68.0 
170.0 313.0 2.8659632152076617 6.007555868797454 68.0 
170.0 314.0 2.8659632152076617 6.007555868797454 68.0 
171.0 309.0 2.8659632152076617 6.007555868797454 68.0 
171.0 310.0 2.8659632152076617 6.007555868797454 68.0 
171.0 311.0 2.8659632152076617 6.007555868797454 68.0 
171.0 312.0 2.8659632152076617 6.007555868797454 68.0 
171.0 313.0 2.8659632152076617 6.007555868797454 68.0 
171.0 314.0 2.8659632152076617 6.007555868797454 68.0 
172.0 308.0 2.8659632152076617 6.007555868797454 68.0 
172.0 309.0 2.8659632152076617 6.007555868797454 68.0 
172.0 310.0 2.8659632152076617 6.007555868797454 68.0 
172.0 311.0 2.8659632152076617 6.007555868797454 68.0 
172.0 312.0 2.8659632152076617 6.007555868797454 68.0 
172.0 313.0 2.8659632152076617 6.007555868797454 68.0 
172.0 314.0 2.8659632152076617 6.007555868797454 68.0 
173.0 308.0 2.8659632152076617 6.007555868797454 68.0 
173.0 309.0 2.8659632152076617 6.007555868797454 68.0 
173.0 310.0 2.8659632152076617 6.007555868797454 68.0 
173.0 311.0 2.8659632152076617 6.007555868797454 68.0 
173.0 312.0 2.8659632152076617 6.007555868797454 68.0 
173.0 313.0 2.8659632152076617 6.007555868797454 68.0 
174.0 308.0 2.8659632152076617 6.007555868797454 68.0 
174.0 309.0 2.8659632152076617 6.007555868797454 68.0 
174.0 310.0 2.8659632152076617 6.007555868797454 68.0 
174.0 311.0 2.8659632152076617 6.007555868797454 68.0 
174.0 312.0 2.8659632152076617 6.007555868797454 68.0 
174.0 313.0 2.8659632152076617 6.007555868797454 68.0 
175.0 308.0 2.8659632152076617 6.007555868797454 68.0 
175.0 309.0 2.8659632152076617 6.007555868797454 68.0 
175.0 310.0 2.8659632152076617 6.007555868797454 68.0 
175.0 311.0 2.8659632152076617 6.007555868797454 68.0 
175.0 312.0 2.8659632152076617 6.007555868797454 68.0 
175.0 313.0 2.8659632152076617 6.007555868797454 68.0 
176.0 307.0 2.8659632152076617 6.007555868797454 68.0 
176.0 308.0 2.8659632152076617 6.007555868797454 68.0 
176.0 309.0 2.8659632152076617 6.007555868797454 68.0 
176.0 310.0 2.8659632152076617 6.007555868797454 68.0 
176.0 311.0 2.8659632152076617 6.007555868797454 68.0 
176.0 312.0 2.8659632152076617 6.007555868797454 68.0 
177.0 307.0 2.8659632152076617 6.007555868797454 68.0 
177.0 308.0 2.8659632152076617 6.007555868797454 68.0 
177.0 309.0 2.8659632152076617 6.007555868797454 68.0 
177.0 310.0 2.8659632152076617 6.007555868797454 68.0 
177.0 311.0 2.8659632152076617 6.007555868797454 68.0 
177.0 312.0 2.8659632152076617 6.007555868797454 68.0 
178.0 307.0 2.8659632152076617 6.007555868797454 68.0 
178.0 308.0 2.8659632152076617 6.007555868797454 68.0 
178.0 309.0 2.8659632152076617 6.007555868797454 68.0 
178.0 310.0 2.8659632152076617 6.007555868797454 68.0 
178.0 311.0 2.8659632152076617 6.007555868797454 68.0 
178.0 312.0 2.8659632152076617 6.007555868797454 68.0 
179.0 306.0 2.8659632152076617 6.007555868797454 68.0 
179.0 307.0 2.8659632152076617 6.007555868797454 68.0 
179.0 308.0 2.8659632152076617 6.007555868797454 68.0 
179.0 309.0 2.8659632152076617 6.007555868797454 68.0 
179.0 310.0 2.8659632152076617 6.007555868797454 68.0 
179.0 311.0 2.8659632152076617 6.007555868797454 68.0 
179.0 312.0 2.8659632152076617 6.007555868797454 68.0 
180.0 306.0 2.8659632152076617 6.007555868797454 68.0 
180.0 307.0 2.8659632152076617 6.007555868797454 68.0 
180.0 308.0 2.8659632152076617 6.007555868797454 68.0 
180.0 309.0 2.8659632152076617 6.007555868797454 68.0 
180.0 310.0 2.8659632152076617 6.007555868797454 68.0 
180.0 311.0 2.8659632152076617 6.007555868797454 68.0 
181.0 306.0 2.8659632152076617 6.007555868797454 68.0 
181.0 307.0 2.8659632152076617 6.007555868797454 68.0 
181.0 308.0 2.8659632152076617 6.007555868797454 68.0 
181.0 309.0 2.8659632152076617 6.007555868797454 68.0 
181.0 310.0 2.8659632152076617 6.007555868797454 68.0 
181.0 311.0 2.8659632152076617 6.007555868797454 68.0 
182.0 306.0 2.8659632152076617 6.007555868797454 68.0 
182.0 307.0 2.8659632152076617 6.007555868797454 68.0 
182.0 308.0 2.8659632152076617 6.007555868797454 68.0 
182.0 309.0 2.8659632152076617 6.007555868797454 68.0 
182.0 310.0 2.8659632152076617 6.007555868797454 68.0 
182.0 311.0 2.8659632152076617 6.007555868797454 68.0 
183.0 305.0 2.8659632152076617 6.007555868797454 68.0 
183.0 306.0 2.8659632152076617 6.007555868797454 68.0 
183.0 307.0 2.8659632152076617 6.007555868797454 68.0 
183.0 308.0 2.8659632152076617 6.007555868797454 68.0 
183.0 309.0 2.8659632152076617 6.007555868797454 68.0 
183.0 310.0 2.8659632152076617 6.007555868797454 68.0 
184.0 305.0 2.8659632152076617 6.007555868797454 68.0 
184.0 306.0 2.8659632152076617 6.007555868797454 68.0 
184.0 307.0 2.8659632152076617 6.007555868797454 68.0 
184.0 308.0 2.8659632152076617 6.007555868797454 68.0 
184.0 309.0 2.8659632152076617 6.007555868797454 68.0 
184.0 310.0 2.8659632152076617 6.007555868797454 68.0 
185.0 305.0 2.8659632152076617 6.007555868797454 68.0 
185.0 306.0 2.8659632152076617 6.007555868797454 68.0 
185.0 307.0 2.8659632152076617 6.007555868797454 68.0 
185.0 308.0 2.8659632152076617 6.007555868797454 68.0 
185.0 309.0 2.8659632152076617 6.007555868797454 68.0 
185.0 310.0 2.8659632152076617 6.007555868797454 68.0 
186.0 304.0 2.8659632152076617 6.007555868797454 68.0 
186.0 305.0 2.8659632152076617 6.007555868797454 68.0 
186.0 306.0 2.8659632152076617 6.007555868797454 68.0 
186.0 307.0 2.8659632152076617 6.007555868797454 68.0 
186.0 308.0 2.8659632152076617 6.007555868797454 68.0 
186.0 309.0 2.8659632152076617 6.007555868797454 68.0 
186.0 310.0 2.8659632152076617 6.007555868797454 68.0 
187.0 304.0 2.8659632152076617 6.007555868797454 68.0 
187.0 305.0 2.8659632152076617 6.007555868797454 68.0 
187.0 306.0 2.8659632152076617 6.007555868797454 68.0 
187.0 307.0 2.8659632152076617 6.007555868797454 68.0 
187.0 308.0 2.8659632152076617 6.007555868797454 68.0 
187.0 309.0 2.8659632152076617 6.007555868797454 68.0 
188.0 304.0 2.8659632152076617 6.007555868797454 68.0 
188.0 305.0 2.8659632152076617 6.007555868797454 68.0 
188.0 306.0 2.8659632152076617 6.007555868797454 68.0 
188.0 307.0 2.8659632152076617 6.007555868797454 68.0 
188.0 308.0 2.8659632152076617 6.007555868797454 68.0 
188.0 309.0 2.8659632152076617 6.007555868797454 68.0 
189.0 304.0 2.8659632152076617 6.007555868797454 68.0 
189.0 305.0 2.8659632152076617 6.007555868797454 68.0 
189.0 306.0 2.8659632152076617 6.007555868797454 68.0 
189.0 307.0 2.8659632152076617 6.007555868797454 68.0 
189.0 308.0 2.8659632152076617 6.007555868797454 68.0 
189.0 309.0 2.8659632152076617 6.007555868797454 68.0 
190.0 303.0 2.8659632152076617 6.007555868797454 68.0 
190.0 304.0 2.8659632152076617 6.007555868797454 68.0 
190.0 305.0 2.8659632152076617 6.007555868797454 68.0 
190.0 306.0 2.8659632152076617 6.007555868797454 68.0 
190.0 307.0 2.8659632152076617 6.007555868797454 68.0 
190.0 308.0 2.8659632152076617 6.007555868797454 68.0 
190.0 309.0 2.8659632152076617 6.007555868797454 68.0 
191.0 303.0 2.8659632152076617 6.007555868797454 68.0 
191.0 304.0 2.8659632152076617 6.007555868797454 68.0 
191.0 305.0 2.8659632152076617 6.007555868797454 68.0 
191.0 306.0 2.8659632152076617 6.007555868797454 68.0 
191.0 307.0 2.8659632152076617 6.007555868797454 68.0 
191.0 308.0 2.8659632152076617 6.007555868797454 68.0 
192.0 303.0 2.8659632152076617 6.007555868797454 68.0 
192.0 304.0 2.8659632152076617 6.007555868797454 68.0 
192.0 305.0 2.8659632152076617 6.007555868797454 68.0 
192.0 306.0 2.8659632152076617 6.007555868797454 68.0 
192.0 307.0 2.8659632152076617 6.007555868797454 68.0 
192.0 308.0 2.8659632152076617 6.007555868797454 68.0 
193.0 302.0 2.8659632152076617 6.007555868797454 68.0 
193.0 303.0 2.8659632152076617 6.007555868797454 68.0 
193.0 304.0 2.8659632152076617 6.007555868797454 68.0 
193.0 305.0 2.8659632152076617 6.007555868797454 68.0 
193.0 306.0 2.8659632152076617 6.007555868797454 68.0 
193.0 307.0 2.8659632152076617 6.007555868797454 68.0 
193.0 308.0 2.8659632152076617 6.007555868797454 68.0 
194.0 302.0 2.8659632152076617 6.007555868797454 68.0 
194.0 303.0 2.8659632152076617 6.007555868797454 68.0 
194.0 304.0 2.8659632152076617 6.007555868797454 68.0 
194.0 305.0 2.8659632152076617 6.007555868797454 68.0 
194.0 306.0 2.8659632152076617 6.007555868797454 68.0 
194.0 307.0 2.8659632152076617 6.007555868797454 68.0 
195.0 302.0 2.8659632152076617 6.007555868797454 68.0 
195.0 303.0 2.8659632152076617 6.007555868797454 68.0 
195.0 304.0 2.8659632152076617 6.007555868797454 68.0 
195.0 305.0 2.8659632152076617 6.007555868797454 68.0 
195.0 306.0 2.8659632152076617 6.007555868797454 68.0 
195.0 307.0 2.8659632152076617 6.007555868797454 68.0 
196.0 302.0 2.8659632152076617 6.007555868797454 68.0 
196.0 303.0 2.8659632152076617 6.007555868797454 68.0 
196.0 304.0 2.8659632152076617 6.007555868797454 68.0 
196.0 305.0 2.8659632152076617 6.007555868797454 68.0 
196.0 306.0 2.8659632152076617 6.007555868797454 68.0 
196.0 307.0 2.8659632152076617 6.007555868797454 68.0 
197.0 301.0 2.8659632152076617 6.007555868797454 68.0 
197.0 302.0 2.8659632152076617 6.007555868797454 68.0 
197.0 303.0 2.8659632152076617 6.007555868797454 68.0 
197.0 304.0 2.8659632152076617 6.007555868797454 68.0 
197.0 305.0 2.8659632152076617 6.007555868797454 68.0 
197.0 306.0 2.8659632152076617 6.007555868797454 68.0 
197.0 307.0 2.8659632152076617 6.007555868797454 68.0 
198.0 301.0 2.8659632152076617 6.007555868797454 68.0 
198.0 302.0 2.8659632152076617 6.007555868797454 68.0 
198.0 303.0 2.8659632152076617 6.007555868797454 68.0 
198.0 304.0 2.8659632152076617 6.007555868797454 68.0 
198.0 305.0 2.8659632152076617 6.007555868797454 68.0 
198.0 306.0 2.8659632152076617 6.007555868797454 68.0 
199.0 301.0 2.8659632152076617 6.007555868797454 68.0 
199.0 302.0 2.8659632152076617 6.007555868797454 68.0 
199.0 303.0 2.8659632152076617 6.007555868797454 68.0 
199.0 304.0 2.8659632152076617 6.007555868797454 68.0 
199.0 305.0 2.8659632152076617 6.007555868797454 68.0 
199.0 306.0 2.8659632152076617 6.007555868797454 68.0 
200.0 300.0 2.8659632152076617 6.007555868797454 68.0 
200.0 301.0 2.8659632152076617 6.007555868797454 68.0 
200.0 302.0 2.8659632152076617 6.007555868797454 68.0 
200.0 303.0 2.8659632152076617 6.007555868797454 68.0 
200.0 304.0 2.8659632152076617 6.007555868797454 68.0 
200.0 305.0 2.8659632152076617 6.007555868797454 68.0 
200.0 306.0 2.8659632152076617 6.007555868797454 68.0 
201.0 300.0 2.8659632152076617 6.007555868797454 68.0 
201.0 301.0 2.8659632152076617 6.007555868797454 68.0 
201.0 302.0 2.8659632152076617 6.007555868797454 68.0 
201.0 303.0 2.8659632152076617 6.007555868797454 68.0 
201.0 304.0 2.8659632152076617 6.007555868797454 68.0 
201.0 305.0 2.8659632152076617 6.007555868797454 68.0 
202.0 300.0 2.8659632152076617 6.007555868797454 68.0 
202.0 301.0 2.8659632152076617 6.007555868797454 68.0 
202.0 302.0 2.8659632152076617 6.007555868797454 68.0 
202.0 303.0 2.8659632152076617 6.007555868797454 68.0 
202.0 304.0 2.8659632152076617 6.007555868797454 68.0 
202.0 305.0 2.8659632152076617 6.007555868797454 68.0 
203.0 300.0 2.8659632152076617 6.007555868797454 68.0 
203.0 301.0 2.8659632152076617 6.007555868797454 68.0 
203.0 302.0 2.8659632152076617 6.007555868797454 68.0 
203.0 303.0 2.8659632152076617 6.007555868797454 68.0 
203.0 304.0 2.8659632152076617 6.007555868797454 68.0 
203.0 305.0 2.8659632152076617 6.007555868797454 68.0 
204.0 299.0 2.8659632152076617 6.007555868797454 68.0 
204.0 300.0 2.8659632152076617 6.007555868797454 68.0 
204.0 301.0 2.8659632152076617 6.007555868797454 68.0 
204.0 302.0 2.8659632152076617 6.007555868797454 68.0 
204.0 303.0 2.8659632152076617 6.007555868797454 68.0 
204.0 304.0 2.8659632152076617 6.007555868797454 68.0 
204.0 305.0 2.8659632152076617 6.007555868797454 68.0 
205.0 299.0 2.8659632152076617 6.007555868797454 68.0 
205.0 300.0 2.8659632152076617 6.007555868797454 68.0 
205.0 301.0 2.8659632152076617 6.007555868797454 68.0 
205.0 302.0 2.8659632152076617 6.007555868797454 68.0 
205.0 303.0 2.8659632152076617 6.007555868797454 68.0 
205.0 304.0 2.8659632152076617 6.007555868797454 68.0 
206.0 299.0 2.8659632152076617 6.007555868797454 68.0 
206.0 300.0 2.8659632152076617 6.007555868797454 68.0 
206.0 301.0 2.8659632152076617 6.007555868797454 68.0 
206.0 302.0 2.8659632152076617 6.007555868797454 68.0 
206.0 303.0 2.8659632152076617 6.007555868797454 68.0 
206.0 304.0 2.8659632152076617 6.007555868797454 68.0 
207.0 298.0 2.8659632152076617 6.007555868797454 68.0 
207.0 299.0 2.8659632152076617 6.007555868797454 68.0 
207.0 300.0 2.8659632152076617 6.007555868797454 68.0 
207.0 301.0 2.8659632152076617 6.007555868797454 68.0 
207.0 302.0 2.8659632152076617 6.007555868797454 68.0 
207.0 303.0 2.8659632152076617 6.007555868797454 68.0 
207.0 304.0 2.8659632152076617 6.007555868797454 68.0 
208.0 298.0 2.8659632152076617 6.007555868797454 68.0 
208.0 299.0 2.8659632152076617 6.007555868797454 68.0 
208.0 300.0 2.8659632152076617 6.007555868797454 68.0 
208.0 301.0 2.8659632152076617 6.007555868797454 68.0 
208.0 302.0 2.8659632152076617 6.007555868797454 68.0 
208.0 303.0 2.8659632152076617 6.007555868797454 68.0 
209.0 298.0 2.8659632152076617 6.007555868797454 68.0 
209.0 299.0 2.8659632152076617 6.007555868797454 68.0 
209.0 300.0 2.8659632152076617 6.007555868797454 68.0 
209.0 301.0 2.8659632152076617 6.007555868797454 68.0 
209.0 302.0 2.8659632152076617 6.007555868797454 68.0 
209.0 303.0 2.8659632152076617 6.007555868797454 68.0 
210.0 298.0 2.8659632152076617 6.007555868797454 68.0 
210.0 299.0 2.8659632152076617 6.007555868797454 68.0 
210.0 300.0 2.8659632152076617 6.007555868797454 68.0 
210.0 301.0 2.8659632152076617 6.007555868797454 68.0 
210.0 302.0 2.8659632152076617 6.007555868797454 68.0 
210.0 303.0 2.8659632152076617 6.007555868797454 68.0 
211.0 297.0 2.8659632152076617 6.007555868797454 68.0 
211.0 298.0 2.8659632152076617 6.007555868797454 68.0 
211.0 299.0 2.8659632152076617 6.007555868797454 68.0 
211.0 300.0 2.8659632152076617 6.007555868797454 68.0 
211.0 301.0 2.8659632152076617 6.007555868797454 68.0 
211.0 302.0 2.8659632152076617 6.007555868797454 68.0 
211.0 303.0 2.8659632152076617 6.007555868797454 68.0 
212.0 297.0 2.8659632152076617 6.007555868797454 68.0 
212.0 298.0 2.8659632152076617 6.007555868797454 68.0 
212.0 299.0 2.8659632152076617 6.007555868797454 68.0 
212.0 300.0 2.8659632152076617 6.007555868797454 68.0 
212.0 301.0 2.8659632152076617 6.007555868797454 68.0 
212.0 302.0 2.8659632152076617 6.007555868797454 68.0 
213.0 297.0 2.8659632152076617 6.007555868797454 68.0 
213.0 298.0 2.8659632152076617 6.007555868797454 68.0 
213.0 299.0 2.8659632152076617 6.007555868797454 68.0 
213.0 300.0 2.8659632152076617 6.007555868797454 68.0 
213.0 301.0 2.8659632152076617 6.007555868797454 68.0 
213.0 302.0 2.8659632152076617 6.007555868797454 68.0 
214.0 296.0 2.8659632152076617 6.007555868797454 68.0 
214.0 297.0 2.8659632152076617 6.007555868797454 68.0 
214.0 298.0 2.8659632152076617 6.007555868797454 68.0 
214.0 299.0 2.8659632152076617 6.007555868797454 68.0 
214.0 300.0 2.8659632152076617 6.007555868797454 68.0 
214.0 301.0 2.8659632152076617 6.007555868797454 68.0 
214.0 302.0 2.8659632152076617 6.007555868797454 68.0 
215.0 296.0 2.8659632152076617 6.007555868797454 68.0 
215.0 297.0 2.8659632152076617 6.007555868797454 68.0 
215.0 298.0 2.8659632152076617 6.007555868797454 68.0 
215.0 299.0 2.8659632152076617 6.007555868797454 68.0 
215.0 300.0 2.8659632152076617 6.007555868797454 68.0 
215.0 301.0 2.8659632152076617 6.007555868797454 68.0 
216.0 296.0 2.8659632152076617 6.007555868797454 68.0 
216.0 297.0 2.8659632152076617 6.007555868797454 68.0 
216.0 298.0 2.8659632152076617 6.007555868797454 68.0 
216.0 299.0 2.8659632152076617 6.007555868797454 68.0 
216.0 300.0 2.8659632152076617 6.007555868797454 68.0 
216.0 301.0 2.8659632152076617 6.007555868797454 68.0 
217.0 296.0 2.8659632152076617 6.007555868797454 68.0 
217.0 297.0 2.8659632152076617 6.007555868797454 68.0 
217.0 298.0 2.8659632152076617 6.007555868797454 68.0 
217.0 299.0 2.8659632152076617 6.007555868797454 68.0 
217.0 300.0 2.8659632152076617 6.007555868797454 68.0 
217.0 301.0 2.8659632152076617 6.007555868797454 68.0 
218.0 295.0 2.8659632152076617 6.007555868797454 68.0 
218.0 296.0 2.8659632152076617 6.007555868797454 68.0 
218.0 297.0 2.8659632152076617 6.007555868797454 68.0 
218.0 298.0 2.8659632152076617 6.007555868797454 68.0 
218.0 299.0 2.8659632152076617 6.007555868797454 68.0 
218.0 300.0 2.8659632152076617 6.007555868797454 68.0 
218.0 301.0 2.8659632152076617 6.007555868797454 68.0 
219.0 295.0 2.8659632152076617 6.007555868797454 68.0 
219.0 296.0 2.8659632152076617 6.007555868797454 68.0 
219.0 297.0 2.8659632152076617 6.007555868797454 68.0 
219.0 298.0 2.8659632152076617 6.007555868797454 68.0 
219.0 299.0 2.8659632152076617 6.007555868797454 68.0 
219.0 300.0 2.8659632152076617 6.007555868797454 68.0 
220.0 295.0 2.8659632152076617 6.007555868797454 68.0 
220.0 296.0 2.8659632152076617 6.007555868797454 68.0 
220.0 297.0 2.8659632152076617 6.007555868797454 68.0 
220.0 298.0 2.8659632152076617 6.007555868797454 68.0 
220.0 299.0 2.8659632152076617 6.007555868797454 68.0 
220.0 300.0 2.8659632152076617 6.007555868797454 68.0 
221.0 295.0 2.8659632152076617 6.007555868797454 68.0 
221.0 296.0 2.8659632152076617 6.007555868797454 68.0 
221.0 297.0 2.8659632152076617 6.007555868797454 68.0 
221.0 298.0 2.8659632152076617 6.007555868797454 68.0 
221.0 299.0 2.8659632152076617 6.007555868797454 68.0 
221.0 300.0 2.8659632152076617 6.007555868797454 68.0 
222.0 294.0 2.8659632152076617 6.007555868797454 68.0 
222.0 295.0 2.8659632152076617 6.007555868797454 68.0 
222.0 296.0 2.8659632152076617 6.007555868797454 68.0 
222.0 297.0 2.8659632152076617 6.007555868797454 68.0 
222.0 298.0 2.8659632152076617 6.007555868797454 68.0 
222.0 299.0 2.8659632152076617 6.007555868797454 68.0 
223.0 294.0 2.8659632152076617 6.007555868797454 68.0 
223.0 295.0 2.8659632152076617 6.007555868797454 68.0 
223.0 296.0 2.8659632152076617 6.007555868797454 68.0 
223.0 297.0 2.8659632152076617 6.007555868797454 68.0 
223.0 298.0 2.8659632152076617 6.007555868797454 68.0 
223.0 299.0 2.8659632152076617 6.007555868797454 68.0 
224.0 294.0 2.8659632152076617 6.007555868797454 68.0 
224.0 295.0 2.8659632152076617 6.007555868797454 68.0 
224.0 296.0 2.8659632152076617 6.007555868797454 68.0 
224.0 297.0 2.8659632152076617 6.007555868797454 68.0 
224.0 298.0 2.8659632152076617 6.007555868797454 68.0 
224.0 299.0 2.8659632152076617 6.007555868797454 68.0 
225.0 296.0 2.8659632152076617 6.007555868797454 68.0 
225.0 297.0 2.8659632152076617 6.007555868797454 68.0 
225.0 298.0 2.8659632152076617 6.007555868797454 68.0 
225.0 299.0 2.8659632152076617 6.007555868797454 68.0 
