273.0 279.0 4.635617089114911 1.494024435525118 48.0 
273.0 280.0 4.635617089114911 1.494024435525118 48.0 
273.0 281.0 4.635617089114911 1.494024435525118 48.0 
273.0 282.0 4.635617089114911 1.494024435525118 48.0 
273.0 283.0 4.635617089114911 1.494024435525118 48.0 
273.0 284.0 4.635617089114911 1.494024435525118 48.0 
273.0 285.0 4.635617089114911 1.494024435525118 48.0 
273.0 286.0 4.635617089114911 1.494024435525118 48.0 
273.0 287.0 4.635617089114911 1.494024435525118 48.0 
273.0 288.0 4.635617089114911 1.494024435525118 48.0 
273.0 289.0 4.635617089114911 1.494024435525118 48.0 
273.0 290.0 4.635617089114911 1.494024435525118 48.0 
273.0 291.0 4.635617089114911 1.494024435525118 48.0 
274.0 279.0 4.635617089114911 1.494024435525118 48.0 
274.0 280.0 4.635617089114911 1.494024435525118 48.0 
274.0 281.0 4.635617089114911 1.494024435525118 48.0 
274.0 282.0 4.635617089114911 1.494024435525118 48.0 
274.0 283.0 4.635617089114911 1.494024435525118 48.0 
274.0 284.0 4.635617089114911 1.494024435525118 48.0 
274.0 285.0 4.635617089114911 1.494024435525118 48.0 
274.0 286.0 4.635617089114911 1.494024435525118 48.0 
274.0 287.0 4.635617089114911 1.494024435525118 48.0 
274.0 288.0 4.635617089114911 1.494024435525118 48.0 
274.0 289.0 4.635617089114911 1.494024435525118 48.0 
274.0 290.0 4.635617089114911 1.494024435525118 48.0 
274.0 291.0 4.635617089114911 1.494024435525118 48.0 
274.0 292.0 4.635617089114911 1.494024435525118 48.0 
274.0 293.0 4.635617089114911 1.494024435525118 48.0 
274.0 294.0 4.635617089114911 1.494024435525118 48.0 
274.0 295.0 4.635617089114911 1.494024435525118 48.0 
274.0 296.0 4.635617089114911 1.494024435525118 48.0 
274.0 297.0 4.635617089114911 1.494024435525118 48.0 
274.0 298.0 4.635617089114911 1.494024435525118 48.0 
274.0 299.0 4.635617089114911 1.494024435525118 48.0 
274.0 300.0 4.635617089114911 1.494024435525118 48.0 
274.0 301.0 4.635617089114911 1.494024435525118 48.0 
274.0 302.0 4.635617089114911 1.494024435525118 48.0 
274.0 303.0 4.635617089114911 1.494024435525118 48.0 
274.0 304.0 4.635617089114911 1.494024435525118 48.0 
275.0 278.0 4.635617089114911 1.494024435525118 48.0 
275.0 279.0 4.635617089114911 1.494024435525118 48.0 
275.0 280.0 4.635617089114911 1.494024435525118 48.0 
275.0 281.0 4.635617089114911 1.494024435525118 48.0 
275.0 282.0 4.635617089114911 1.494024435525118 48.0 
275.0 283.0 4.635617089114911 1.494024435525118 48.0 
275.0 284.0 4.635617089114911 1.494024435525118 48.0 
275.0 285.0 4.635617089114911 1.494024435525118 48.0 
275.0 286.0 4.635617089114911 1.494024435525118 48.0 
275.0 287.0 4.635617089114911 1.494024435525118 48.0 
275.0 288.0 4.635617089114911 1.494024435525118 48.0 
275.0 289.0 4.635617089114911 1.494024435525118 48.0 
275.0 290.0 4.635617089114911 1.494024435525118 48.0 
275.0 291.0 4.635617089114911 1.494024435525118 48.0 
275.0 292.0 4.635617089114911 1.494024435525118 48.0 
275.0 293.0 4.635617089114911 1.494024435525118 48.0 
275.0 294.0 4.635617089114911 1.494024435525118 48.0 
275.0 295.0 4.635617089114911 1.494024435525118 48.0 
275.0 296.0 4.635617089114911 1.494024435525118 48.0 
275.0 297.0 4.635617089114911 1.494024435525118 48.0 
275.0 298.0 4.635617089114911 1.494024435525118 48.0 
275.0 299.0 4.635617089114911 1.494024435525118 48.0 
275.0 300.0 4.635617089114911 1.494024435525118 48.0 
275.0 301.0 4.635617089114911 1.494024435525118 48.0 
275.0 302.0 4.635617089114911 1.494024435525118 48.0 
275.0 303.0 4.635617089114911 1.494024435525118 48.0 
275.0 304.0 4.635617089114911 1.494024435525118 48.0 
275.0 305.0 4.635617089114911 1.494024435525118 48.0 
275.0 306.0 4.635617089114911 1.494024435525118 48.0 
275.0 307.0 4.635617089114911 1.494024435525118 48.0 
275.0 308.0 4.635617089114911 1.494024435525118 48.0 
275.0 309.0 4.635617089114911 1.494024435525118 48.0 
275.0 310.0 4.635617089114911 1.494024435525118 48.0 
275.0 311.0 4.635617089114911 1.494024435525118 48.0 
275.0 312.0 4.635617089114911 1.494024435525118 48.0 
275.0 313.0 4.635617089114911 1.494024435525118 48.0 
275.0 314.0 4.635617089114911 1.494024435525118 48.0 
275.0 315.0 4.635617089114911 1.494024435525118 48.0 
275.0 316.0 4.635617089114911 1.494024435525118 48.0 
275.0 317.0 4.635617089114911 1.494024435525118 48.0 
276.0 278.0 4.635617089114911 1.494024435525118 48.0 
276.0 279.0 4.635617089114911 1.494024435525118 48.0 
276.0 280.0 4.635617089114911 1.494024435525118 48.0 
276.0 281.0 4.635617089114911 1.494024435525118 48.0 
276.0 282.0 4.635617089114911 1.494024435525118 48.0 
276.0 283.0 4.635617089114911 1.494024435525118 48.0 
276.0 284.0 4.635617089114911 1.494024435525118 48.0 
276.0 285.0 4.635617089114911 1.494024435525118 48.0 
276.0 286.0 4.635617089114911 1.494024435525118 48.0 
276.0 287.0 4.635617089114911 1.494024435525118 48.0 
276.0 288.0 4.635617089114911 1.494024435525118 48.0 
276.0 289.0 4.635617089114911 1.494024435525118 48.0 
276.0 290.0 4.635617089114911 1.494024435525118 48.0 
276.0 291.0 4.635617089114911 1.494024435525118 48.0 
276.0 292.0 4.635617089114911 1.494024435525118 48.0 
276.0 293.0 4.635617089114911 1.494024435525118 48.0 
276.0 294.0 4.635617089114911 1.494024435525118 48.0 
276.0 295.0 4.635617089114911 1.494024435525118 48.0 
276.0 296.0 4.635617089114911 1.494024435525118 48.0 
276.0 297.0 4.635617089114911 1.494024435525118 48.0 
276.0 298.0 4.635617089114911 1.494024435525118 48.0 
276.0 299.0 4.635617089114911 1.494024435525118 48.0 
276.0 300.0 4.635617089114911 1.494024435525118 48.0 
276.0 301.0 4.635617089114911 1.494024435525118 48.0 
276.0 302.0 4.635617089114911 1.494024435525118 48.0 
276.0 303.0 4.635617089114911 1.494024435525118 48.0 
276.0 304.0 4.635617089114911 1.494024435525118 48.0 
276.0 305.0 4.635617089114911 1.494024435525118 48.0 
276.0 306.0 4.635617089114911 1.494024435525118 48.0 
276.0 307.0 4.635617089114911 1.494024435525118 48.0 
276.0 308.0 4.635617089114911 1.494024435525118 48.0 
276.0 309.0 4.635617089114911 1.494024435525118 48.0 
276.0 310.0 4.635617089114911 1.494024435525118 48.0 
276.0 311.0 4.635617089114911 1.494024435525118 48.0 
276.0 312.0 4.635617089114911 1.494024435525118 48.0 
276.0 313.0 4.635617089114911 1.494024435525118 48.0 
276.0 314.0 4.635617089114911 1.494024435525118 48.0 
276.0 315.0 4.635617089114911 1.494024435525118 48.0 
276.0 316.0 4.635617089114911 1.494024435525118 48.0 
276.0 317.0 4.635617089114911 1.494024435525118 48.0 
276.0 318.0 4.635617089114911 1.494024435525118 48.0 
276.0 319.0 4.635617089114911 1.494024435525118 48.0 
276.0 320.0 4.635617089114911 1.494024435525118 48.0 
276.0 321.0 4.635617089114911 1.494024435525118 48.0 
276.0 322.0 4.635617089114911 1.494024435525118 48.0 
276.0 323.0 4.635617089114911 1.494024435525118 48.0 
276.0 324.0 4.635617089114911 1.494024435525118 48.0 
276.0 325.0 4.635617089114911 1.494024435525118 48.0 
276.0 326.0 4.635617089114911 1.494024435525118 48.0 
276.0 327.0 4.635617089114911 1.494024435525118 48.0 
276.0 328.0 4.635617089114911 1.494024435525118 48.0 
276.0 329.0 4.635617089114911 1.494024435525118 48.0 
276.0 330.0 4.635617089114911 1.494024435525118 48.0 
277.0 278.0 4.635617089114911 1.494024435525118 48.0 
277.0 279.0 4.635617089114911 1.494024435525118 48.0 
277.0 280.0 4.635617089114911 1.494024435525118 48.0 
277.0 281.0 4.635617089114911 1.494024435525118 48.0 
277.0 282.0 4.635617089114911 1.494024435525118 48.0 
277.0 283.0 4.635617089114911 1.494024435525118 48.0 
277.0 284.0 4.635617089114911 1.494024435525118 48.0 
277.0 285.0 4.635617089114911 1.494024435525118 48.0 
277.0 286.0 4.635617089114911 1.494024435525118 48.0 
277.0 287.0 4.635617089114911 1.494024435525118 48.0 
277.0 288.0 4.635617089114911 1.494024435525118 48.0 
277.0 289.0 4.635617089114911 1.494024435525118 48.0 
277.0 290.0 4.635617089114911 1.494024435525118 48.0 
277.0 291.0 4.635617089114911 1.494024435525118 48.0 
277.0 292.0 4.635617089114911 1.494024435525118 48.0 
277.0 293.0 4.635617089114911 1.494024435525118 48.0 
277.0 294.0 4.635617089114911 1.494024435525118 48.0 
277.0 295.0 4.635617089114911 1.494024435525118 48.0 
277.0 296.0 4.635617089114911 1.494024435525118 48.0 
277.0 297.0 4.635617089114911 1.494024435525118 48.0 
277.0 298.0 4.635617089114911 1.494024435525118 48.0 
277.0 299.0 4.635617089114911 1.494024435525118 48.0 
277.0 300.0 4.635617089114911 1.494024435525118 48.0 
277.0 301.0 4.635617089114911 1.494024435525118 48.0 
277.0 302.0 4.635617089114911 1.494024435525118 48.0 
277.0 303.0 4.635617089114911 1.494024435525118 48.0 
277.0 304.0 4.635617089114911 1.494024435525118 48.0 
277.0 305.0 4.635617089114911 1.494024435525118 48.0 
277.0 306.0 4.635617089114911 1.494024435525118 48.0 
277.0 307.0 4.635617089114911 1.494024435525118 48.0 
277.0 308.0 4.635617089114911 1.494024435525118 48.0 
277.0 309.0 4.635617089114911 1.494024435525118 48.0 
277.0 310.0 4.635617089114911 1.494024435525118 48.0 
277.0 311.0 4.635617089114911 1.494024435525118 48.0 
277.0 312.0 4.635617089114911 1.494024435525118 48.0 
277.0 313.0 4.635617089114911 1.494024435525118 48.0 
277.0 314.0 4.635617089114911 1.494024435525118 48.0 
277.0 315.0 4.635617089114911 1.494024435525118 48.0 
277.0 316.0 4.635617089114911 1.494024435525118 48.0 
277.0 317.0 4.635617089114911 1.494024435525118 48.0 
277.0 318.0 4.635617089114911 1.494024435525118 48.0 
277.0 319.0 4.635617089114911 1.494024435525118 48.0 
277.0 320.0 4.635617089114911 1.494024435525118 48.0 
277.0 321.0 4.635617089114911 1.494024435525118 48.0 
277.0 322.0 4.635617089114911 1.494024435525118 48.0 
277.0 323.0 4.635617089114911 1.494024435525118 48.0 
277.0 324.0 4.635617089114911 1.494024435525118 48.0 
277.0 325.0 4.635617089114911 1.494024435525118 48.0 
277.0 326.0 4.635617089114911 1.494024435525118 48.0 
277.0 327.0 4.635617089114911 1.494024435525118 48.0 
277.0 328.0 4.635617089114911 1.494024435525118 48.0 
277.0 329.0 4.635617089114911 1.494024435525118 48.0 
277.0 330.0 4.635617089114911 1.494024435525118 48.0 
278.0 278.0 4.635617089114911 1.494024435525118 48.0 
278.0 279.0 4.635617089114911 1.494024435525118 48.0 
278.0 280.0 4.635617089114911 1.494024435525118 48.0 
278.0 281.0 4.635617089114911 1.494024435525118 48.0 
278.0 282.0 4.635617089114911 1.494024435525118 48.0 
278.0 283.0 4.635617089114911 1.494024435525118 48.0 
278.0 284.0 4.635617089114911 1.494024435525118 48.0 
278.0 285.0 4.635617089114911 1.494024435525118 48.0 
278.0 286.0 4.635617089114911 1.494024435525118 48.0 
278.0 287.0 4.635617089114911 1.494024435525118 48.0 
278.0 288.0 4.635617089114911 1.494024435525118 48.0 
278.0 289.0 4.635617089114911 1.494024435525118 48.0 
278.0 290.0 4.635617089114911 1.494024435525118 48.0 
278.0 291.0 4.635617089114911 1.494024435525118 48.0 
278.0 292.0 4.635617089114911 1.494024435525118 48.0 
278.0 293.0 4.635617089114911 1.494024435525118 48.0 
278.0 294.0 4.635617089114911 1.494024435525118 48.0 
278.0 295.0 4.635617089114911 1.494024435525118 48.0 
278.0 296.0 4.635617089114911 1.494024435525118 48.0 
278.0 297.0 4.635617089114911 1.494024435525118 48.0 
278.0 298.0 4.635617089114911 1.494024435525118 48.0 
278.0 299.0 4.635617089114911 1.494024435525118 48.0 
278.0 300.0 4.635617089114911 1.494024435525118 48.0 
278.0 301.0 4.635617089114911 1.494024435525118 48.0 
278.0 302.0 4.635617089114911 1.494024435525118 48.0 
278.0 303.0 4.635617089114911 1.494024435525118 48.0 
278.0 304.0 4.635617089114911 1.494024435525118 48.0 
278.0 305.0 4.635617089114911 1.494024435525118 48.0 
278.0 306.0 4.635617089114911 1.494024435525118 48.0 
278.0 307.0 4.635617089114911 1.494024435525118 48.0 
278.0 308.0 4.635617089114911 1.494024435525118 48.0 
278.0 309.0 4.635617089114911 1.494024435525118 48.0 
278.0 310.0 4.635617089114911 1.494024435525118 48.0 
278.0 311.0 4.635617089114911 1.494024435525118 48.0 
278.0 312.0 4.635617089114911 1.494024435525118 48.0 
278.0 313.0 4.635617089114911 1.494024435525118 48.0 
278.0 314.0 4.635617089114911 1.494024435525118 48.0 
278.0 315.0 4.635617089114911 1.494024435525118 48.0 
278.0 316.0 4.635617089114911 1.494024435525118 48.0 
278.0 317.0 4.635617089114911 1.494024435525118 48.0 
278.0 318.0 4.635617089114911 1.494024435525118 48.0 
278.0 319.0 4.635617089114911 1.494024435525118 48.0 
278.0 320.0 4.635617089114911 1.494024435525118 48.0 
278.0 321.0 4.635617089114911 1.494024435525118 48.0 
278.0 322.0 4.635617089114911 1.494024435525118 48.0 
278.0 323.0 4.635617089114911 1.494024435525118 48.0 
278.0 324.0 4.635617089114911 1.494024435525118 48.0 
278.0 325.0 4.635617089114911 1.494024435525118 48.0 
278.0 326.0 4.635617089114911 1.494024435525118 48.0 
278.0 327.0 4.635617089114911 1.494024435525118 48.0 
278.0 328.0 4.635617089114911 1.494024435525118 48.0 
278.0 329.0 4.635617089114911 1.494024435525118 48.0 
278.0 330.0 4.635617089114911 1.494024435525118 48.0 
279.0 291.0 4.635617089114911 1.494024435525118 48.0 
279.0 292.0 4.635617089114911 1.494024435525118 48.0 
279.0 293.0 4.635617089114911 1.494024435525118 48.0 
279.0 294.0 4.635617089114911 1.494024435525118 48.0 
279.0 295.0 4.635617089114911 1.494024435525118 48.0 
279.0 296.0 4.635617089114911 1.494024435525118 48.0 
279.0 297.0 4.635617089114911 1.494024435525118 48.0 
279.0 298.0 4.635617089114911 1.494024435525118 48.0 
279.0 299.0 4.635617089114911 1.494024435525118 48.0 
279.0 300.0 4.635617089114911 1.494024435525118 48.0 
279.0 301.0 4.635617089114911 1.494024435525118 48.0 
279.0 302.0 4.635617089114911 1.494024435525118 48.0 
279.0 303.0 4.635617089114911 1.494024435525118 48.0 
279.0 304.0 4.635617089114911 1.494024435525118 48.0 
279.0 305.0 4.635617089114911 1.494024435525118 48.0 
279.0 306.0 4.635617089114911 1.494024435525118 48.0 
279.0 307.0 4.635617089114911 1.494024435525118 48.0 
279.0 308.0 4.635617089114911 1.494024435525118 48.0 
279.0 309.0 4.635617089114911 1.494024435525118 48.0 
279.0 310.0 4.635617089114911 1.494024435525118 48.0 
279.0 311.0 4.635617089114911 1.494024435525118 48.0 
279.0 312.0 4.635617089114911 1.494024435525118 48.0 
279.0 313.0 4.635617089114911 1.494024435525118 48.0 
279.0 314.0 4.635617089114911 1.494024435525118 48.0 
279.0 315.0 4.635617089114911 1.494024435525118 48.0 
279.0 316.0 4.635617089114911 1.494024435525118 48.0 
279.0 317.0 4.635617089114911 1.494024435525118 48.0 
279.0 318.0 4.635617089114911 1.494024435525118 48.0 
279.0 319.0 4.635617089114911 1.494024435525118 48.0 
279.0 320.0 4.635617089114911 1.494024435525118 48.0 
279.0 321.0 4.635617089114911 1.494024435525118 48.0 
279.0 322.0 4.635617089114911 1.494024435525118 48.0 
279.0 323.0 4.635617089114911 1.494024435525118 48.0 
279.0 324.0 4.635617089114911 1.494024435525118 48.0 
279.0 325.0 4.635617089114911 1.494024435525118 48.0 
279.0 326.0 4.635617089114911 1.494024435525118 48.0 
279.0 327.0 4.635617089114911 1.494024435525118 48.0 
279.0 328.0 4.635617089114911 1.494024435525118 48.0 
279.0 329.0 4.635617089114911 1.494024435525118 48.0 
280.0 304.0 4.635617089114911 1.494024435525118 48.0 
280.0 305.0 4.635617089114911 1.494024435525118 48.0 
280.0 306.0 4.635617089114911 1.494024435525118 48.0 
280.0 307.0 4.635617089114911 1.494024435525118 48.0 
280.0 308.0 4.635617089114911 1.494024435525118 48.0 
280.0 309.0 4.635617089114911 1.494024435525118 48.0 
280.0 310.0 4.635617089114911 1.494024435525118 48.0 
280.0 311.0 4.635617089114911 1.494024435525118 48.0 
280.0 312.0 4.635617089114911 1.494024435525118 48.0 
280.0 313.0 4.635617089114911 1.494024435525118 48.0 
280.0 314.0 4.635617089114911 1.494024435525118 48.0 
280.0 315.0 4.635617089114911 1.494024435525118 48.0 
280.0 316.0 4.635617089114911 1.494024435525118 48.0 
280.0 317.0 4.635617089114911 1.494024435525118 48.0 
280.0 318.0 4.635617089114911 1.494024435525118 48.0 
280.0 319.0 4.635617089114911 1.494024435525118 48.0 
280.0 320.0 4.635617089114911 1.494024435525118 48.0 
280.0 321.0 4.635617089114911 1.494024435525118 48.0 
280.0 322.0 4.635617089114911 1.494024435525118 48.0 
280.0 323.0 4.635617089114911 1.494024435525118 48.0 
280.0 324.0 4.635617089114911 1.494024435525118 48.0 
280.0 325.0 4.635617089114911 1.494024435525118 48.0 
280.0 326.0 4.635617089114911 1.494024435525118 48.0 
280.0 327.0 4.635617089114911 1.494024435525118 48.0 
280.0 328.0 4.635617089114911 1.494024435525118 48.0 
280.0 329.0 4.635617089114911 1.494024435525118 48.0 
281.0 317.0 4.635617089114911 1.494024435525118 48.0 
281.0 318.0 4.635617089114911 1.494024435525118 48.0 
281.0 319.0 4.635617089114911 1.494024435525118 48.0 
281.0 320.0 4.635617089114911 1.494024435525118 48.0 
281.0 321.0 4.635617089114911 1.494024435525118 48.0 
281.0 322.0 4.635617089114911 1.494024435525118 48.0 
281.0 323.0 4.635617089114911 1.494024435525118 48.0 
281.0 324.0 4.635617089114911 1.494024435525118 48.0 
281.0 325.0 4.635617089114911 1.494024435525118 48.0 
281.0 326.0 4.635617089114911 1.494024435525118 48.0 
281.0 327.0 4.635617089114911 1.494024435525118 48.0 
281.0 328.0 4.635617089114911 1.494024435525118 48.0 
281.0 329.0 4.635617089114911 1.494024435525118 48.0 
