125.0 313.0 1.8157749899217615 4.957367643511555 40.0 
125.0 314.0 1.8157749899217615 4.957367643511555 40.0 
125.0 315.0 1.8157749899217615 4.957367643511555 40.0 
125.0 316.0 1.8157749899217615 4.957367643511555 40.0 
126.0 309.0 1.8157749899217615 4.957367643511555 40.0 
126.0 310.0 1.8157749899217615 4.957367643511555 40.0 
126.0 311.0 1.8157749899217615 4.957367643511555 40.0 
126.0 312.0 1.8157749899217615 4.957367643511555 40.0 
126.0 313.0 1.8157749899217615 4.957367643511555 40.0 
126.0 314.0 1.8157749899217615 4.957367643511555 40.0 
126.0 315.0 1.8157749899217615 4.957367643511555 40.0 
126.0 316.0 1.8157749899217615 4.957367643511555 40.0 
127.0 305.0 1.8157749899217615 4.957367643511555 40.0 
127.0 306.0 1.8157749899217615 4.957367643511555 40.0 
127.0 307.0 1.8157749899217615 4.957367643511555 40.0 
127.0 308.0 1.8157749899217615 4.957367643511555 40.0 
127.0 309.0 1.8157749899217615 4.957367643511555 40.0 
127.0 310.0 1.8157749899217615 4.957367643511555 40.0 
127.0 311.0 1.8157749899217615 4.957367643511555 40.0 
127.0 312.0 1.8157749899217615 4.957367643511555 40.0 
127.0 313.0 1.8157749899217615 4.957367643511555 40.0 
127.0 314.0 1.8157749899217615 4.957367643511555 40.0 
127.0 315.0 1.8157749899217615 4.957367643511555 40.0 
127.0 316.0 1.8157749899217615 4.957367643511555 40.0 
128.0 305.0 1.8157749899217615 4.957367643511555 40.0 
128.0 306.0 1.8157749899217615 4.957367643511555 40.0 
128.0 307.0 1.8157749899217615 4.957367643511555 40.0 
128.0 308.0 1.8157749899217615 4.957367643511555 40.0 
128.0 309.0 1.8157749899217615 4.957367643511555 40.0 
128.0 310.0 1.8157749899217615 4.957367643511555 40.0 
128.0 311.0 1.8157749899217615 4.957367643511555 40.0 
128.0 312.0 1.8157749899217615 4.957367643511555 40.0 
128.0 313.0 1.8157749899217615 4.957367643511555 40.0 
128.0 314.0 1.8157749899217615 4.957367643511555 40.0 
128.0 315.0 1.8157749899217615 4.957367643511555 40.0 
128.0 316.0 1.8157749899217615 4.957367643511555 40.0 
128.0 317.0 1.8157749899217615 4.957367643511555 40.0 
129.0 305.0 1.8157749899217615 4.957367643511555 40.0 
129.0 306.0 1.8157749899217615 4.957367643511555 40.0 
129.0 307.0 1.8157749899217615 4.957367643511555 40.0 
129.0 308.0 1.8157749899217615 4.957367643511555 40.0 
129.0 309.0 1.8157749899217615 4.957367643511555 40.0 
129.0 310.0 1.8157749899217615 4.957367643511555 40.0 
129.0 311.0 1.8157749899217615 4.957367643511555 40.0 
129.0 312.0 1.8157749899217615 4.957367643511555 40.0 
129.0 313.0 1.8157749899217615 4.957367643511555 40.0 
129.0 314.0 1.8157749899217615 4.957367643511555 40.0 
129.0 315.0 1.8157749899217615 4.957367643511555 40.0 
129.0 316.0 1.8157749899217615 4.957367643511555 40.0 
129.0 317.0 1.8157749899217615 4.957367643511555 40.0 
130.0 305.0 1.8157749899217615 4.957367643511555 40.0 
130.0 306.0 1.8157749899217615 4.957367643511555 40.0 
130.0 307.0 1.8157749899217615 4.957367643511555 40.0 
130.0 308.0 1.8157749899217615 4.957367643511555 40.0 
130.0 309.0 1.8157749899217615 4.957367643511555 40.0 
130.0 310.0 1.8157749899217615 4.957367643511555 40.0 
130.0 311.0 1.8157749899217615 4.957367643511555 40.0 
130.0 312.0 1.8157749899217615 4.957367643511555 40.0 
130.0 313.0 1.8157749899217615 4.957367643511555 40.0 
130.0 314.0 1.8157749899217615 4.957367643511555 40.0 
130.0 315.0 1.8157749899217615 4.957367643511555 40.0 
130.0 316.0 1.8157749899217615 4.957367643511555 40.0 
130.0 317.0 1.8157749899217615 4.957367643511555 40.0 
131.0 306.0 1.8157749899217615 4.957367643511555 40.0 
131.0 307.0 1.8157749899217615 4.957367643511555 40.0 
131.0 308.0 1.8157749899217615 4.957367643511555 40.0 
131.0 309.0 1.8157749899217615 4.957367643511555 40.0 
131.0 310.0 1.8157749899217615 4.957367643511555 40.0 
131.0 311.0 1.8157749899217615 4.957367643511555 40.0 
131.0 312.0 1.8157749899217615 4.957367643511555 40.0 
131.0 313.0 1.8157749899217615 4.957367643511555 40.0 
132.0 306.0 1.8157749899217615 4.957367643511555 40.0 
132.0 307.0 1.8157749899217615 4.957367643511555 40.0 
132.0 308.0 1.8157749899217615 4.957367643511555 40.0 
132.0 309.0 1.8157749899217615 4.957367643511555 40.0 
125.0 315.0 4.612720327893528 1.471127674303735 44.0 
125.0 316.0 4.612720327893528 1.471127674303735 44.0 
125.0 317.0 4.612720327893528 1.471127674303735 44.0 
125.0 318.0 4.612720327893528 1.471127674303735 44.0 
125.0 319.0 4.612720327893528 1.471127674303735 44.0 
125.0 320.0 4.612720327893528 1.471127674303735 44.0 
125.0 321.0 4.612720327893528 1.471127674303735 44.0 
125.0 322.0 4.612720327893528 1.471127674303735 44.0 
125.0 323.0 4.612720327893528 1.471127674303735 44.0 
125.0 324.0 4.612720327893528 1.471127674303735 44.0 
126.0 315.0 4.612720327893528 1.471127674303735 44.0 
126.0 316.0 4.612720327893528 1.471127674303735 44.0 
126.0 317.0 4.612720327893528 1.471127674303735 44.0 
126.0 318.0 4.612720327893528 1.471127674303735 44.0 
126.0 319.0 4.612720327893528 1.471127674303735 44.0 
126.0 320.0 4.612720327893528 1.471127674303735 44.0 
126.0 321.0 4.612720327893528 1.471127674303735 44.0 
126.0 322.0 4.612720327893528 1.471127674303735 44.0 
126.0 323.0 4.612720327893528 1.471127674303735 44.0 
126.0 324.0 4.612720327893528 1.471127674303735 44.0 
127.0 314.0 4.612720327893528 1.471127674303735 44.0 
127.0 315.0 4.612720327893528 1.471127674303735 44.0 
127.0 316.0 4.612720327893528 1.471127674303735 44.0 
127.0 317.0 4.612720327893528 1.471127674303735 44.0 
127.0 318.0 4.612720327893528 1.471127674303735 44.0 
127.0 319.0 4.612720327893528 1.471127674303735 44.0 
127.0 320.0 4.612720327893528 1.471127674303735 44.0 
127.0 321.0 4.612720327893528 1.471127674303735 44.0 
127.0 322.0 4.612720327893528 1.471127674303735 44.0 
127.0 323.0 4.612720327893528 1.471127674303735 44.0 
127.0 324.0 4.612720327893528 1.471127674303735 44.0 
128.0 314.0 4.612720327893528 1.471127674303735 44.0 
128.0 315.0 4.612720327893528 1.471127674303735 44.0 
128.0 316.0 4.612720327893528 1.471127674303735 44.0 
128.0 317.0 4.612720327893528 1.471127674303735 44.0 
128.0 318.0 4.612720327893528 1.471127674303735 44.0 
128.0 319.0 4.612720327893528 1.471127674303735 44.0 
128.0 320.0 4.612720327893528 1.471127674303735 44.0 
128.0 321.0 4.612720327893528 1.471127674303735 44.0 
128.0 322.0 4.612720327893528 1.471127674303735 44.0 
128.0 323.0 4.612720327893528 1.471127674303735 44.0 
129.0 314.0 4.612720327893528 1.471127674303735 44.0 
129.0 315.0 4.612720327893528 1.471127674303735 44.0 
129.0 316.0 4.612720327893528 1.471127674303735 44.0 
129.0 317.0 4.612720327893528 1.471127674303735 44.0 
129.0 318.0 4.612720327893528 1.471127674303735 44.0 
129.0 319.0 4.612720327893528 1.471127674303735 44.0 
129.0 320.0 4.612720327893528 1.471127674303735 44.0 
129.0 321.0 4.612720327893528 1.471127674303735 44.0 
129.0 322.0 4.612720327893528 1.471127674303735 44.0 
129.0 323.0 4.612720327893528 1.471127674303735 44.0 
130.0 314.0 4.612720327893528 1.471127674303735 44.0 
130.0 315.0 4.612720327893528 1.471127674303735 44.0 
130.0 316.0 4.612720327893528 1.471127674303735 44.0 
130.0 317.0 4.612720327893528 1.471127674303735 44.0 
130.0 318.0 4.612720327893528 1.471127674303735 44.0 
130.0 319.0 4.612720327893528 1.471127674303735 44.0 
130.0 320.0 4.612720327893528 1.471127674303735 44.0 
130.0 321.0 4.612720327893528 1.471127674303735 44.0 
130.0 322.0 4.612720327893528 1.471127674303735 44.0 
130.0 323.0 4.612720327893528 1.471127674303735 44.0 
127.0 325.0 4.29416465080546 1.1525719972156667 40.0 
127.0 326.0 4.29416465080546 1.1525719972156667 40.0 
128.0 325.0 4.29416465080546 1.1525719972156667 40.0 
128.0 326.0 4.29416465080546 1.1525719972156667 40.0 
128.0 327.0 4.29416465080546 1.1525719972156667 40.0 
128.0 328.0 4.29416465080546 1.1525719972156667 40.0 
128.0 329.0 4.29416465080546 1.1525719972156667 40.0 
129.0 324.0 4.29416465080546 1.1525719972156667 40.0 
129.0 325.0 4.29416465080546 1.1525719972156667 40.0 
129.0 326.0 4.29416465080546 1.1525719972156667 40.0 
129.0 327.0 4.29416465080546 1.1525719972156667 40.0 
129.0 328.0 4.29416465080546 1.1525719972156667 40.0 
129.0 329.0 4.29416465080546 1.1525719972156667 40.0 
129.0 330.0 4.29416465080546 1.1525719972156667 40.0 
129.0 331.0 4.29416465080546 1.1525719972156667 40.0 
130.0 324.0 4.29416465080546 1.1525719972156667 40.0 
130.0 325.0 4.29416465080546 1.1525719972156667 40.0 
130.0 326.0 4.29416465080546 1.1525719972156667 40.0 
130.0 327.0 4.29416465080546 1.1525719972156667 40.0 
130.0 328.0 4.29416465080546 1.1525719972156667 40.0 
130.0 329.0 4.29416465080546 1.1525719972156667 40.0 
130.0 330.0 4.29416465080546 1.1525719972156667 40.0 
130.0 331.0 4.29416465080546 1.1525719972156667 40.0 
130.0 332.0 4.29416465080546 1.1525719972156667 40.0 
130.0 333.0 4.29416465080546 1.1525719972156667 40.0 
131.0 324.0 4.29416465080546 1.1525719972156667 40.0 
131.0 325.0 4.29416465080546 1.1525719972156667 40.0 
131.0 326.0 4.29416465080546 1.1525719972156667 40.0 
131.0 327.0 4.29416465080546 1.1525719972156667 40.0 
131.0 328.0 4.29416465080546 1.1525719972156667 40.0 
131.0 329.0 4.29416465080546 1.1525719972156667 40.0 
131.0 330.0 4.29416465080546 1.1525719972156667 40.0 
131.0 331.0 4.29416465080546 1.1525719972156667 40.0 
131.0 332.0 4.29416465080546 1.1525719972156667 40.0 
131.0 333.0 4.29416465080546 1.1525719972156667 40.0 
132.0 324.0 4.29416465080546 1.1525719972156667 40.0 
132.0 325.0 4.29416465080546 1.1525719972156667 40.0 
132.0 326.0 4.29416465080546 1.1525719972156667 40.0 
132.0 327.0 4.29416465080546 1.1525719972156667 40.0 
132.0 328.0 4.29416465080546 1.1525719972156667 40.0 
132.0 329.0 4.29416465080546 1.1525719972156667 40.0 
132.0 330.0 4.29416465080546 1.1525719972156667 40.0 
132.0 331.0 4.29416465080546 1.1525719972156667 40.0 
132.0 332.0 4.29416465080546 1.1525719972156667 40.0 
132.0 333.0 4.29416465080546 1.1525719972156667 40.0 
133.0 326.0 4.29416465080546 1.1525719972156667 40.0 
133.0 327.0 4.29416465080546 1.1525719972156667 40.0 
133.0 328.0 4.29416465080546 1.1525719972156667 40.0 
133.0 329.0 4.29416465080546 1.1525719972156667 40.0 
133.0 330.0 4.29416465080546 1.1525719972156667 40.0 
133.0 331.0 4.29416465080546 1.1525719972156667 40.0 
133.0 332.0 4.29416465080546 1.1525719972156667 40.0 
134.0 328.0 4.29416465080546 1.1525719972156667 40.0 
134.0 329.0 4.29416465080546 1.1525719972156667 40.0 
134.0 330.0 4.29416465080546 1.1525719972156667 40.0 
134.0 331.0 4.29416465080546 1.1525719972156667 40.0 
134.0 332.0 4.29416465080546 1.1525719972156667 40.0 
135.0 331.0 4.29416465080546 1.1525719972156667 40.0 
135.0 332.0 4.29416465080546 1.1525719972156667 40.0 
