218.0 219.0 1.60649543947422 4.748088093064013 32.0 
218.0 220.0 1.60649543947422 4.748088093064013 32.0 
218.0 221.0 1.60649543947422 4.748088093064013 32.0 
218.0 222.0 1.60649543947422 4.748088093064013 32.0 
218.0 223.0 1.60649543947422 4.748088093064013 32.0 
218.0 224.0 1.60649543947422 4.748088093064013 32.0 
218.0 225.0 1.60649543947422 4.748088093064013 32.0 
218.0 226.0 1.60649543947422 4.748088093064013 32.0 
218.0 227.0 1.60649543947422 4.748088093064013 32.0 
218.0 228.0 1.60649543947422 4.748088093064013 32.0 
218.0 229.0 1.60649543947422 4.748088093064013 32.0 
218.0 230.0 1.60649543947422 4.748088093064013 32.0 
218.0 231.0 1.60649543947422 4.748088093064013 32.0 
218.0 232.0 1.60649543947422 4.748088093064013 32.0 
219.0 205.0 1.60649543947422 4.748088093064013 32.0 
219.0 206.0 1.60649543947422 4.748088093064013 32.0 
219.0 207.0 1.60649543947422 4.748088093064013 32.0 
219.0 208.0 1.60649543947422 4.748088093064013 32.0 
219.0 209.0 1.60649543947422 4.748088093064013 32.0 
219.0 210.0 1.60649543947422 4.748088093064013 32.0 
219.0 211.0 1.60649543947422 4.748088093064013 32.0 
219.0 212.0 1.60649543947422 4.748088093064013 32.0 
219.0 213.0 1.60649543947422 4.748088093064013 32.0 
219.0 214.0 1.60649543947422 4.748088093064013 32.0 
219.0 215.0 1.60649543947422 4.748088093064013 32.0 
219.0 216.0 1.60649543947422 4.748088093064013 32.0 
219.0 217.0 1.60649543947422 4.748088093064013 32.0 
219.0 218.0 1.60649543947422 4.748088093064013 32.0 
219.0 219.0 1.60649543947422 4.748088093064013 32.0 
219.0 220.0 1.60649543947422 4.748088093064013 32.0 
219.0 221.0 1.60649543947422 4.748088093064013 32.0 
219.0 222.0 1.60649543947422 4.748088093064013 32.0 
219.0 223.0 1.60649543947422 4.748088093064013 32.0 
219.0 224.0 1.60649543947422 4.748088093064013 32.0 
219.0 225.0 1.60649543947422 4.748088093064013 32.0 
219.0 226.0 1.60649543947422 4.748088093064013 32.0 
219.0 227.0 1.60649543947422 4.748088093064013 32.0 
219.0 228.0 1.60649543947422 4.748088093064013 32.0 
219.0 229.0 1.60649543947422 4.748088093064013 32.0 
219.0 230.0 1.60649543947422 4.748088093064013 32.0 
219.0 231.0 1.60649543947422 4.748088093064013 32.0 
219.0 232.0 1.60649543947422 4.748088093064013 32.0 
220.0 205.0 1.60649543947422 4.748088093064013 32.0 
220.0 206.0 1.60649543947422 4.748088093064013 32.0 
220.0 207.0 1.60649543947422 4.748088093064013 32.0 
220.0 208.0 1.60649543947422 4.748088093064013 32.0 
220.0 209.0 1.60649543947422 4.748088093064013 32.0 
220.0 210.0 1.60649543947422 4.748088093064013 32.0 
220.0 211.0 1.60649543947422 4.748088093064013 32.0 
220.0 212.0 1.60649543947422 4.748088093064013 32.0 
220.0 213.0 1.60649543947422 4.748088093064013 32.0 
220.0 214.0 1.60649543947422 4.748088093064013 32.0 
220.0 215.0 1.60649543947422 4.748088093064013 32.0 
220.0 216.0 1.60649543947422 4.748088093064013 32.0 
220.0 217.0 1.60649543947422 4.748088093064013 32.0 
220.0 218.0 1.60649543947422 4.748088093064013 32.0 
220.0 219.0 1.60649543947422 4.748088093064013 32.0 
220.0 220.0 1.60649543947422 4.748088093064013 32.0 
220.0 221.0 1.60649543947422 4.748088093064013 32.0 
220.0 222.0 1.60649543947422 4.748088093064013 32.0 
220.0 223.0 1.60649543947422 4.748088093064013 32.0 
220.0 224.0 1.60649543947422 4.748088093064013 32.0 
220.0 225.0 1.60649543947422 4.748088093064013 32.0 
220.0 226.0 1.60649543947422 4.748088093064013 32.0 
220.0 227.0 1.60649543947422 4.748088093064013 32.0 
220.0 228.0 1.60649543947422 4.748088093064013 32.0 
220.0 229.0 1.60649543947422 4.748088093064013 32.0 
220.0 230.0 1.60649543947422 4.748088093064013 32.0 
220.0 231.0 1.60649543947422 4.748088093064013 32.0 
220.0 232.0 1.60649543947422 4.748088093064013 32.0 
220.0 233.0 1.60649543947422 4.748088093064013 32.0 
221.0 206.0 1.60649543947422 4.748088093064013 32.0 
221.0 207.0 1.60649543947422 4.748088093064013 32.0 
221.0 208.0 1.60649543947422 4.748088093064013 32.0 
221.0 209.0 1.60649543947422 4.748088093064013 32.0 
221.0 210.0 1.60649543947422 4.748088093064013 32.0 
221.0 211.0 1.60649543947422 4.748088093064013 32.0 
221.0 212.0 1.60649543947422 4.748088093064013 32.0 
221.0 213.0 1.60649543947422 4.748088093064013 32.0 
221.0 214.0 1.60649543947422 4.748088093064013 32.0 
221.0 215.0 1.60649543947422 4.748088093064013 32.0 
221.0 216.0 1.60649543947422 4.748088093064013 32.0 
221.0 217.0 1.60649543947422 4.748088093064013 32.0 
221.0 218.0 1.60649543947422 4.748088093064013 32.0 
221.0 219.0 1.60649543947422 4.748088093064013 32.0 
217.0 231.0 4.547240302970063 1.40564764938027 28.0 
217.0 232.0 4.547240302970063 1.40564764938027 28.0 
217.0 233.0 4.547240302970063 1.40564764938027 28.0 
218.0 230.0 4.547240302970063 1.40564764938027 28.0 
218.0 231.0 4.547240302970063 1.40564764938027 28.0 
218.0 232.0 4.547240302970063 1.40564764938027 28.0 
218.0 233.0 4.547240302970063 1.40564764938027 28.0 
218.0 234.0 4.547240302970063 1.40564764938027 28.0 
218.0 235.0 4.547240302970063 1.40564764938027 28.0 
218.0 236.0 4.547240302970063 1.40564764938027 28.0 
218.0 237.0 4.547240302970063 1.40564764938027 28.0 
218.0 238.0 4.547240302970063 1.40564764938027 28.0 
218.0 239.0 4.547240302970063 1.40564764938027 28.0 
219.0 230.0 4.547240302970063 1.40564764938027 28.0 
219.0 231.0 4.547240302970063 1.40564764938027 28.0 
219.0 232.0 4.547240302970063 1.40564764938027 28.0 
219.0 233.0 4.547240302970063 1.40564764938027 28.0 
219.0 234.0 4.547240302970063 1.40564764938027 28.0 
219.0 235.0 4.547240302970063 1.40564764938027 28.0 
219.0 236.0 4.547240302970063 1.40564764938027 28.0 
219.0 237.0 4.547240302970063 1.40564764938027 28.0 
219.0 238.0 4.547240302970063 1.40564764938027 28.0 
219.0 239.0 4.547240302970063 1.40564764938027 28.0 
219.0 240.0 4.547240302970063 1.40564764938027 28.0 
219.0 241.0 4.547240302970063 1.40564764938027 28.0 
219.0 242.0 4.547240302970063 1.40564764938027 28.0 
219.0 243.0 4.547240302970063 1.40564764938027 28.0 
219.0 244.0 4.547240302970063 1.40564764938027 28.0 
219.0 245.0 4.547240302970063 1.40564764938027 28.0 
220.0 233.0 4.547240302970063 1.40564764938027 28.0 
220.0 234.0 4.547240302970063 1.40564764938027 28.0 
220.0 235.0 4.547240302970063 1.40564764938027 28.0 
220.0 236.0 4.547240302970063 1.40564764938027 28.0 
220.0 237.0 4.547240302970063 1.40564764938027 28.0 
220.0 238.0 4.547240302970063 1.40564764938027 28.0 
220.0 239.0 4.547240302970063 1.40564764938027 28.0 
220.0 240.0 4.547240302970063 1.40564764938027 28.0 
220.0 241.0 4.547240302970063 1.40564764938027 28.0 
220.0 242.0 4.547240302970063 1.40564764938027 28.0 
220.0 243.0 4.547240302970063 1.40564764938027 28.0 
220.0 244.0 4.547240302970063 1.40564764938027 28.0 
220.0 245.0 4.547240302970063 1.40564764938027 28.0 
220.0 246.0 4.547240302970063 1.40564764938027 28.0 
220.0 247.0 4.547240302970063 1.40564764938027 28.0 
220.0 248.0 4.547240302970063 1.40564764938027 28.0 
220.0 249.0 4.547240302970063 1.40564764938027 28.0 
220.0 250.0 4.547240302970063 1.40564764938027 28.0 
220.0 251.0 4.547240302970063 1.40564764938027 28.0 
221.0 239.0 4.547240302970063 1.40564764938027 28.0 
221.0 240.0 4.547240302970063 1.40564764938027 28.0 
221.0 241.0 4.547240302970063 1.40564764938027 28.0 
221.0 242.0 4.547240302970063 1.40564764938027 28.0 
221.0 243.0 4.547240302970063 1.40564764938027 28.0 
221.0 244.0 4.547240302970063 1.40564764938027 28.0 
221.0 245.0 4.547240302970063 1.40564764938027 28.0 
221.0 246.0 4.547240302970063 1.40564764938027 28.0 
221.0 247.0 4.547240302970063 1.40564764938027 28.0 
221.0 248.0 4.547240302970063 1.40564764938027 28.0 
221.0 249.0 4.547240302970063 1.40564764938027 28.0 
221.0 250.0 4.547240302970063 1.40564764938027 28.0 
221.0 251.0 4.547240302970063 1.40564764938027 28.0 
221.0 252.0 4.547240302970063 1.40564764938027 28.0 
221.0 253.0 4.547240302970063 1.40564764938027 28.0 
221.0 254.0 4.547240302970063 1.40564764938027 28.0 
221.0 255.0 4.547240302970063 1.40564764938027 28.0 
221.0 256.0 4.547240302970063 1.40564764938027 28.0 
221.0 257.0 4.547240302970063 1.40564764938027 28.0 
222.0 245.0 4.547240302970063 1.40564764938027 28.0 
222.0 246.0 4.547240302970063 1.40564764938027 28.0 
222.0 247.0 4.547240302970063 1.40564764938027 28.0 
222.0 248.0 4.547240302970063 1.40564764938027 28.0 
222.0 249.0 4.547240302970063 1.40564764938027 28.0 
222.0 250.0 4.547240302970063 1.40564764938027 28.0 
222.0 251.0 4.547240302970063 1.40564764938027 28.0 
222.0 252.0 4.547240302970063 1.40564764938027 28.0 
222.0 253.0 4.547240302970063 1.40564764938027 28.0 
222.0 254.0 4.547240302970063 1.40564764938027 28.0 
222.0 255.0 4.547240302970063 1.40564764938027 28.0 
222.0 256.0 4.547240302970063 1.40564764938027 28.0 
222.0 257.0 4.547240302970063 1.40564764938027 28.0 
222.0 258.0 4.547240302970063 1.40564764938027 28.0 
222.0 259.0 4.547240302970063 1.40564764938027 28.0 
222.0 260.0 4.547240302970063 1.40564764938027 28.0 
222.0 261.0 4.547240302970063 1.40564764938027 28.0 
222.0 262.0 4.547240302970063 1.40564764938027 28.0 
222.0 263.0 4.547240302970063 1.40564764938027 28.0 
223.0 251.0 4.547240302970063 1.40564764938027 28.0 
223.0 252.0 4.547240302970063 1.40564764938027 28.0 
223.0 253.0 4.547240302970063 1.40564764938027 28.0 
223.0 254.0 4.547240302970063 1.40564764938027 28.0 
223.0 255.0 4.547240302970063 1.40564764938027 28.0 
223.0 256.0 4.547240302970063 1.40564764938027 28.0 
223.0 257.0 4.547240302970063 1.40564764938027 28.0 
223.0 258.0 4.547240302970063 1.40564764938027 28.0 
223.0 259.0 4.547240302970063 1.40564764938027 28.0 
223.0 260.0 4.547240302970063 1.40564764938027 28.0 
223.0 261.0 4.547240302970063 1.40564764938027 28.0 
223.0 262.0 4.547240302970063 1.40564764938027 28.0 
223.0 263.0 4.547240302970063 1.40564764938027 28.0 
223.0 264.0 4.547240302970063 1.40564764938027 28.0 
223.0 265.0 4.547240302970063 1.40564764938027 28.0 
223.0 266.0 4.547240302970063 1.40564764938027 28.0 
223.0 267.0 4.547240302970063 1.40564764938027 28.0 
223.0 268.0 4.547240302970063 1.40564764938027 28.0 
223.0 269.0 4.547240302970063 1.40564764938027 28.0 
224.0 257.0 4.547240302970063 1.40564764938027 28.0 
224.0 258.0 4.547240302970063 1.40564764938027 28.0 
224.0 259.0 4.547240302970063 1.40564764938027 28.0 
224.0 260.0 4.547240302970063 1.40564764938027 28.0 
224.0 261.0 4.547240302970063 1.40564764938027 28.0 
224.0 262.0 4.547240302970063 1.40564764938027 28.0 
224.0 263.0 4.547240302970063 1.40564764938027 28.0 
224.0 264.0 4.547240302970063 1.40564764938027 28.0 
224.0 265.0 4.547240302970063 1.40564764938027 28.0 
224.0 266.0 4.547240302970063 1.40564764938027 28.0 
224.0 267.0 4.547240302970063 1.40564764938027 28.0 
224.0 268.0 4.547240302970063 1.40564764938027 28.0 
224.0 269.0 4.547240302970063 1.40564764938027 28.0 
224.0 270.0 4.547240302970063 1.40564764938027 28.0 
224.0 271.0 4.547240302970063 1.40564764938027 28.0 
224.0 272.0 4.547240302970063 1.40564764938027 28.0 
225.0 263.0 4.547240302970063 1.40564764938027 28.0 
225.0 264.0 4.547240302970063 1.40564764938027 28.0 
225.0 265.0 4.547240302970063 1.40564764938027 28.0 
225.0 266.0 4.547240302970063 1.40564764938027 28.0 
225.0 267.0 4.547240302970063 1.40564764938027 28.0 
225.0 268.0 4.547240302970063 1.40564764938027 28.0 
225.0 269.0 4.547240302970063 1.40564764938027 28.0 
225.0 270.0 4.547240302970063 1.40564764938027 28.0 
225.0 271.0 4.547240302970063 1.40564764938027 28.0 
226.0 269.0 4.547240302970063 1.40564764938027 28.0 
226.0 270.0 4.547240302970063 1.40564764938027 28.0 
226.0 271.0 4.547240302970063 1.40564764938027 28.0 
225.0 274.0 4.510067352006384 1.3684746984165916 28.0 
225.0 275.0 4.510067352006384 1.3684746984165916 28.0 
226.0 273.0 4.510067352006384 1.3684746984165916 28.0 
226.0 274.0 4.510067352006384 1.3684746984165916 28.0 
226.0 275.0 4.510067352006384 1.3684746984165916 28.0 
226.0 276.0 4.510067352006384 1.3684746984165916 28.0 
226.0 277.0 4.510067352006384 1.3684746984165916 28.0 
226.0 278.0 4.510067352006384 1.3684746984165916 28.0 
226.0 279.0 4.510067352006384 1.3684746984165916 28.0 
226.0 280.0 4.510067352006384 1.3684746984165916 28.0 
227.0 273.0 4.510067352006384 1.3684746984165916 28.0 
227.0 274.0 4.510067352006384 1.3684746984165916 28.0 
227.0 275.0 4.510067352006384 1.3684746984165916 28.0 
227.0 276.0 4.510067352006384 1.3684746984165916 28.0 
227.0 277.0 4.510067352006384 1.3684746984165916 28.0 
227.0 278.0 4.510067352006384 1.3684746984165916 28.0 
227.0 279.0 4.510067352006384 1.3684746984165916 28.0 
227.0 280.0 4.510067352006384 1.3684746984165916 28.0 
227.0 281.0 4.510067352006384 1.3684746984165916 28.0 
227.0 282.0 4.510067352006384 1.3684746984165916 28.0 
227.0 283.0 4.510067352006384 1.3684746984165916 28.0 
227.0 284.0 4.510067352006384 1.3684746984165916 28.0 
227.0 285.0 4.510067352006384 1.3684746984165916 28.0 
228.0 276.0 4.510067352006384 1.3684746984165916 28.0 
228.0 277.0 4.510067352006384 1.3684746984165916 28.0 
228.0 278.0 4.510067352006384 1.3684746984165916 28.0 
228.0 279.0 4.510067352006384 1.3684746984165916 28.0 
228.0 280.0 4.510067352006384 1.3684746984165916 28.0 
228.0 281.0 4.510067352006384 1.3684746984165916 28.0 
228.0 282.0 4.510067352006384 1.3684746984165916 28.0 
228.0 283.0 4.510067352006384 1.3684746984165916 28.0 
228.0 284.0 4.510067352006384 1.3684746984165916 28.0 
228.0 285.0 4.510067352006384 1.3684746984165916 28.0 
228.0 286.0 4.510067352006384 1.3684746984165916 28.0 
228.0 287.0 4.510067352006384 1.3684746984165916 28.0 
228.0 288.0 4.510067352006384 1.3684746984165916 28.0 
228.0 289.0 4.510067352006384 1.3684746984165916 28.0 
228.0 290.0 4.510067352006384 1.3684746984165916 28.0 
229.0 281.0 4.510067352006384 1.3684746984165916 28.0 
229.0 282.0 4.510067352006384 1.3684746984165916 28.0 
229.0 283.0 4.510067352006384 1.3684746984165916 28.0 
229.0 284.0 4.510067352006384 1.3684746984165916 28.0 
229.0 285.0 4.510067352006384 1.3684746984165916 28.0 
229.0 286.0 4.510067352006384 1.3684746984165916 28.0 
229.0 287.0 4.510067352006384 1.3684746984165916 28.0 
229.0 288.0 4.510067352006384 1.3684746984165916 28.0 
229.0 289.0 4.510067352006384 1.3684746984165916 28.0 
229.0 290.0 4.510067352006384 1.3684746984165916 28.0 
229.0 291.0 4.510067352006384 1.3684746984165916 28.0 
229.0 292.0 4.510067352006384 1.3684746984165916 28.0 
229.0 293.0 4.510067352006384 1.3684746984165916 28.0 
229.0 294.0 4.510067352006384 1.3684746984165916 28.0 
229.0 295.0 4.510067352006384 1.3684746984165916 28.0 
230.0 286.0 4.510067352006384 1.3684746984165916 28.0 
230.0 287.0 4.510067352006384 1.3684746984165916 28.0 
230.0 288.0 4.510067352006384 1.3684746984165916 28.0 
230.0 289.0 4.510067352006384 1.3684746984165916 28.0 
230.0 290.0 4.510067352006384 1.3684746984165916 28.0 
230.0 291.0 4.510067352006384 1.3684746984165916 28.0 
230.0 292.0 4.510067352006384 1.3684746984165916 28.0 
230.0 293.0 4.510067352006384 1.3684746984165916 28.0 
230.0 294.0 4.510067352006384 1.3684746984165916 28.0 
230.0 295.0 4.510067352006384 1.3684746984165916 28.0 
230.0 296.0 4.510067352006384 1.3684746984165916 28.0 
230.0 297.0 4.510067352006384 1.3684746984165916 28.0 
230.0 298.0 4.510067352006384 1.3684746984165916 28.0 
230.0 299.0 4.510067352006384 1.3684746984165916 28.0 
231.0 290.0 4.510067352006384 1.3684746984165916 28.0 
231.0 291.0 4.510067352006384 1.3684746984165916 28.0 
231.0 292.0 4.510067352006384 1.3684746984165916 28.0 
231.0 293.0 4.510067352006384 1.3684746984165916 28.0 
231.0 294.0 4.510067352006384 1.3684746984165916 28.0 
231.0 295.0 4.510067352006384 1.3684746984165916 28.0 
231.0 296.0 4.510067352006384 1.3684746984165916 28.0 
231.0 297.0 4.510067352006384 1.3684746984165916 28.0 
231.0 298.0 4.510067352006384 1.3684746984165916 28.0 
231.0 299.0 4.510067352006384 1.3684746984165916 28.0 
231.0 300.0 4.510067352006384 1.3684746984165916 28.0 
231.0 301.0 4.510067352006384 1.3684746984165916 28.0 
231.0 302.0 4.510067352006384 1.3684746984165916 28.0 
231.0 303.0 4.510067352006384 1.3684746984165916 28.0 
231.0 304.0 4.510067352006384 1.3684746984165916 28.0 
232.0 295.0 4.510067352006384 1.3684746984165916 28.0 
232.0 296.0 4.510067352006384 1.3684746984165916 28.0 
232.0 297.0 4.510067352006384 1.3684746984165916 28.0 
232.0 298.0 4.510067352006384 1.3684746984165916 28.0 
232.0 299.0 4.510067352006384 1.3684746984165916 28.0 
232.0 300.0 4.510067352006384 1.3684746984165916 28.0 
232.0 301.0 4.510067352006384 1.3684746984165916 28.0 
232.0 302.0 4.510067352006384 1.3684746984165916 28.0 
232.0 303.0 4.510067352006384 1.3684746984165916 28.0 
232.0 304.0 4.510067352006384 1.3684746984165916 28.0 
232.0 305.0 4.510067352006384 1.3684746984165916 28.0 
232.0 306.0 4.510067352006384 1.3684746984165916 28.0 
232.0 307.0 4.510067352006384 1.3684746984165916 28.0 
232.0 308.0 4.510067352006384 1.3684746984165916 28.0 
232.0 309.0 4.510067352006384 1.3684746984165916 28.0 
233.0 300.0 4.510067352006384 1.3684746984165916 28.0 
233.0 301.0 4.510067352006384 1.3684746984165916 28.0 
233.0 302.0 4.510067352006384 1.3684746984165916 28.0 
233.0 303.0 4.510067352006384 1.3684746984165916 28.0 
233.0 304.0 4.510067352006384 1.3684746984165916 28.0 
233.0 305.0 4.510067352006384 1.3684746984165916 28.0 
233.0 306.0 4.510067352006384 1.3684746984165916 28.0 
233.0 307.0 4.510067352006384 1.3684746984165916 28.0 
233.0 308.0 4.510067352006384 1.3684746984165916 28.0 
233.0 309.0 4.510067352006384 1.3684746984165916 28.0 
233.0 310.0 4.510067352006384 1.3684746984165916 28.0 
233.0 311.0 4.510067352006384 1.3684746984165916 28.0 
233.0 312.0 4.510067352006384 1.3684746984165916 28.0 
234.0 305.0 4.510067352006384 1.3684746984165916 28.0 
234.0 306.0 4.510067352006384 1.3684746984165916 28.0 
234.0 307.0 4.510067352006384 1.3684746984165916 28.0 
234.0 308.0 4.510067352006384 1.3684746984165916 28.0 
234.0 309.0 4.510067352006384 1.3684746984165916 28.0 
234.0 310.0 4.510067352006384 1.3684746984165916 28.0 
234.0 311.0 4.510067352006384 1.3684746984165916 28.0 
235.0 310.0 4.510067352006384 1.3684746984165916 28.0 
235.0 311.0 4.510067352006384 1.3684746984165916 28.0 
233.0 311.0 4.649970170388732 1.5083775167989395 28.0 
233.0 312.0 4.649970170388732 1.5083775167989395 28.0 
233.0 313.0 4.649970170388732 1.5083775167989395 28.0 
233.0 314.0 4.649970170388732 1.5083775167989395 28.0 
233.0 315.0 4.649970170388732 1.5083775167989395 28.0 
233.0 316.0 4.649970170388732 1.5083775167989395 28.0 
233.0 317.0 4.649970170388732 1.5083775167989395 28.0 
233.0 318.0 4.649970170388732 1.5083775167989395 28.0 
234.0 310.0 4.649970170388732 1.5083775167989395 28.0 
234.0 311.0 4.649970170388732 1.5083775167989395 28.0 
234.0 312.0 4.649970170388732 1.5083775167989395 28.0 
234.0 313.0 4.649970170388732 1.5083775167989395 28.0 
234.0 314.0 4.649970170388732 1.5083775167989395 28.0 
234.0 315.0 4.649970170388732 1.5083775167989395 28.0 
234.0 316.0 4.649970170388732 1.5083775167989395 28.0 
234.0 317.0 4.649970170388732 1.5083775167989395 28.0 
234.0 318.0 4.649970170388732 1.5083775167989395 28.0 
234.0 319.0 4.649970170388732 1.5083775167989395 28.0 
234.0 320.0 4.649970170388732 1.5083775167989395 28.0 
234.0 321.0 4.649970170388732 1.5083775167989395 28.0 
234.0 322.0 4.649970170388732 1.5083775167989395 28.0 
234.0 323.0 4.649970170388732 1.5083775167989395 28.0 
234.0 324.0 4.649970170388732 1.5083775167989395 28.0 
234.0 325.0 4.649970170388732 1.5083775167989395 28.0 
234.0 326.0 4.649970170388732 1.5083775167989395 28.0 
234.0 327.0 4.649970170388732 1.5083775167989395 28.0 
234.0 328.0 4.649970170388732 1.5083775167989395 28.0 
234.0 329.0 4.649970170388732 1.5083775167989395 28.0 
234.0 330.0 4.649970170388732 1.5083775167989395 28.0 
234.0 331.0 4.649970170388732 1.5083775167989395 28.0 
234.0 332.0 4.649970170388732 1.5083775167989395 28.0 
234.0 333.0 4.649970170388732 1.5083775167989395 28.0 
234.0 334.0 4.649970170388732 1.5083775167989395 28.0 
235.0 310.0 4.649970170388732 1.5083775167989395 28.0 
235.0 311.0 4.649970170388732 1.5083775167989395 28.0 
235.0 312.0 4.649970170388732 1.5083775167989395 28.0 
235.0 313.0 4.649970170388732 1.5083775167989395 28.0 
235.0 314.0 4.649970170388732 1.5083775167989395 28.0 
235.0 315.0 4.649970170388732 1.5083775167989395 28.0 
235.0 316.0 4.649970170388732 1.5083775167989395 28.0 
235.0 317.0 4.649970170388732 1.5083775167989395 28.0 
235.0 318.0 4.649970170388732 1.5083775167989395 28.0 
235.0 319.0 4.649970170388732 1.5083775167989395 28.0 
235.0 320.0 4.649970170388732 1.5083775167989395 28.0 
235.0 321.0 4.649970170388732 1.5083775167989395 28.0 
235.0 322.0 4.649970170388732 1.5083775167989395 28.0 
235.0 323.0 4.649970170388732 1.5083775167989395 28.0 
235.0 324.0 4.649970170388732 1.5083775167989395 28.0 
235.0 325.0 4.649970170388732 1.5083775167989395 28.0 
235.0 326.0 4.649970170388732 1.5083775167989395 28.0 
235.0 327.0 4.649970170388732 1.5083775167989395 28.0 
235.0 328.0 4.649970170388732 1.5083775167989395 28.0 
235.0 329.0 4.649970170388732 1.5083775167989395 28.0 
235.0 330.0 4.649970170388732 1.5083775167989395 28.0 
235.0 331.0 4.649970170388732 1.5083775167989395 28.0 
235.0 332.0 4.649970170388732 1.5083775167989395 28.0 
235.0 333.0 4.649970170388732 1.5083775167989395 28.0 
235.0 334.0 4.649970170388732 1.5083775167989395 28.0 
235.0 335.0 4.649970170388732 1.5083775167989395 28.0 
235.0 336.0 4.649970170388732 1.5083775167989395 28.0 
235.0 337.0 4.649970170388732 1.5083775167989395 28.0 
235.0 338.0 4.649970170388732 1.5083775167989395 28.0 
235.0 339.0 4.649970170388732 1.5083775167989395 28.0 
235.0 340.0 4.649970170388732 1.5083775167989395 28.0 
235.0 341.0 4.649970170388732 1.5083775167989395 28.0 
235.0 342.0 4.649970170388732 1.5083775167989395 28.0 
235.0 343.0 4.649970170388732 1.5083775167989395 28.0 
235.0 344.0 4.649970170388732 1.5083775167989395 28.0 
235.0 345.0 4.649970170388732 1.5083775167989395 28.0 
235.0 346.0 4.649970170388732 1.5083775167989395 28.0 
235.0 347.0 4.649970170388732 1.5083775167989395 28.0 
235.0 348.0 4.649970170388732 1.5083775167989395 28.0 
235.0 349.0 4.649970170388732 1.5083775167989395 28.0 
235.0 350.0 4.649970170388732 1.5083775167989395 28.0 
236.0 318.0 4.649970170388732 1.5083775167989395 28.0 
236.0 319.0 4.649970170388732 1.5083775167989395 28.0 
236.0 320.0 4.649970170388732 1.5083775167989395 28.0 
236.0 321.0 4.649970170388732 1.5083775167989395 28.0 
236.0 322.0 4.649970170388732 1.5083775167989395 28.0 
236.0 323.0 4.649970170388732 1.5083775167989395 28.0 
236.0 324.0 4.649970170388732 1.5083775167989395 28.0 
236.0 325.0 4.649970170388732 1.5083775167989395 28.0 
236.0 326.0 4.649970170388732 1.5083775167989395 28.0 
236.0 327.0 4.649970170388732 1.5083775167989395 28.0 
236.0 328.0 4.649970170388732 1.5083775167989395 28.0 
236.0 329.0 4.649970170388732 1.5083775167989395 28.0 
236.0 330.0 4.649970170388732 1.5083775167989395 28.0 
236.0 331.0 4.649970170388732 1.5083775167989395 28.0 
236.0 332.0 4.649970170388732 1.5083775167989395 28.0 
236.0 333.0 4.649970170388732 1.5083775167989395 28.0 
236.0 334.0 4.649970170388732 1.5083775167989395 28.0 
236.0 335.0 4.649970170388732 1.5083775167989395 28.0 
236.0 336.0 4.649970170388732 1.5083775167989395 28.0 
236.0 337.0 4.649970170388732 1.5083775167989395 28.0 
236.0 338.0 4.649970170388732 1.5083775167989395 28.0 
236.0 339.0 4.649970170388732 1.5083775167989395 28.0 
236.0 340.0 4.649970170388732 1.5083775167989395 28.0 
236.0 341.0 4.649970170388732 1.5083775167989395 28.0 
236.0 342.0 4.649970170388732 1.5083775167989395 28.0 
236.0 343.0 4.649970170388732 1.5083775167989395 28.0 
236.0 344.0 4.649970170388732 1.5083775167989395 28.0 
236.0 345.0 4.649970170388732 1.5083775167989395 28.0 
236.0 346.0 4.649970170388732 1.5083775167989395 28.0 
236.0 347.0 4.649970170388732 1.5083775167989395 28.0 
236.0 348.0 4.649970170388732 1.5083775167989395 28.0 
236.0 349.0 4.649970170388732 1.5083775167989395 28.0 
236.0 350.0 4.649970170388732 1.5083775167989395 28.0 
236.0 351.0 4.649970170388732 1.5083775167989395 28.0 
236.0 352.0 4.649970170388732 1.5083775167989395 28.0 
236.0 353.0 4.649970170388732 1.5083775167989395 28.0 
236.0 354.0 4.649970170388732 1.5083775167989395 28.0 
236.0 355.0 4.649970170388732 1.5083775167989395 28.0 
236.0 356.0 4.649970170388732 1.5083775167989395 28.0 
236.0 357.0 4.649970170388732 1.5083775167989395 28.0 
236.0 358.0 4.649970170388732 1.5083775167989395 28.0 
237.0 334.0 4.649970170388732 1.5083775167989395 28.0 
237.0 335.0 4.649970170388732 1.5083775167989395 28.0 
237.0 336.0 4.649970170388732 1.5083775167989395 28.0 
237.0 337.0 4.649970170388732 1.5083775167989395 28.0 
237.0 338.0 4.649970170388732 1.5083775167989395 28.0 
237.0 339.0 4.649970170388732 1.5083775167989395 28.0 
237.0 340.0 4.649970170388732 1.5083775167989395 28.0 
237.0 341.0 4.649970170388732 1.5083775167989395 28.0 
237.0 342.0 4.649970170388732 1.5083775167989395 28.0 
237.0 343.0 4.649970170388732 1.5083775167989395 28.0 
237.0 344.0 4.649970170388732 1.5083775167989395 28.0 
237.0 345.0 4.649970170388732 1.5083775167989395 28.0 
237.0 346.0 4.649970170388732 1.5083775167989395 28.0 
237.0 347.0 4.649970170388732 1.5083775167989395 28.0 
237.0 348.0 4.649970170388732 1.5083775167989395 28.0 
237.0 349.0 4.649970170388732 1.5083775167989395 28.0 
237.0 350.0 4.649970170388732 1.5083775167989395 28.0 
237.0 351.0 4.649970170388732 1.5083775167989395 28.0 
237.0 352.0 4.649970170388732 1.5083775167989395 28.0 
237.0 353.0 4.649970170388732 1.5083775167989395 28.0 
237.0 354.0 4.649970170388732 1.5083775167989395 28.0 
237.0 355.0 4.649970170388732 1.5083775167989395 28.0 
237.0 356.0 4.649970170388732 1.5083775167989395 28.0 
237.0 357.0 4.649970170388732 1.5083775167989395 28.0 
238.0 350.0 4.649970170388732 1.5083775167989395 28.0 
238.0 351.0 4.649970170388732 1.5083775167989395 28.0 
238.0 352.0 4.649970170388732 1.5083775167989395 28.0 
238.0 353.0 4.649970170388732 1.5083775167989395 28.0 
238.0 354.0 4.649970170388732 1.5083775167989395 28.0 
238.0 355.0 4.649970170388732 1.5083775167989395 28.0 
238.0 356.0 4.649970170388732 1.5083775167989395 28.0 
238.0 357.0 4.649970170388732 1.5083775167989395 28.0 
241.0 270.0 1.7405746007632348 4.8821672543530275 28.0 
241.0 271.0 1.7405746007632348 4.8821672543530275 28.0 
241.0 272.0 1.7405746007632348 4.8821672543530275 28.0 
242.0 265.0 1.7405746007632348 4.8821672543530275 28.0 
242.0 266.0 1.7405746007632348 4.8821672543530275 28.0 
242.0 267.0 1.7405746007632348 4.8821672543530275 28.0 
242.0 268.0 1.7405746007632348 4.8821672543530275 28.0 
242.0 269.0 1.7405746007632348 4.8821672543530275 28.0 
242.0 270.0 1.7405746007632348 4.8821672543530275 28.0 
242.0 271.0 1.7405746007632348 4.8821672543530275 28.0 
242.0 272.0 1.7405746007632348 4.8821672543530275 28.0 
243.0 259.0 1.7405746007632348 4.8821672543530275 28.0 
243.0 260.0 1.7405746007632348 4.8821672543530275 28.0 
243.0 261.0 1.7405746007632348 4.8821672543530275 28.0 
243.0 262.0 1.7405746007632348 4.8821672543530275 28.0 
243.0 263.0 1.7405746007632348 4.8821672543530275 28.0 
243.0 264.0 1.7405746007632348 4.8821672543530275 28.0 
243.0 265.0 1.7405746007632348 4.8821672543530275 28.0 
243.0 266.0 1.7405746007632348 4.8821672543530275 28.0 
243.0 267.0 1.7405746007632348 4.8821672543530275 28.0 
243.0 268.0 1.7405746007632348 4.8821672543530275 28.0 
243.0 269.0 1.7405746007632348 4.8821672543530275 28.0 
243.0 270.0 1.7405746007632348 4.8821672543530275 28.0 
243.0 271.0 1.7405746007632348 4.8821672543530275 28.0 
243.0 272.0 1.7405746007632348 4.8821672543530275 28.0 
243.0 273.0 1.7405746007632348 4.8821672543530275 28.0 
244.0 253.0 1.7405746007632348 4.8821672543530275 28.0 
244.0 254.0 1.7405746007632348 4.8821672543530275 28.0 
244.0 255.0 1.7405746007632348 4.8821672543530275 28.0 
244.0 256.0 1.7405746007632348 4.8821672543530275 28.0 
244.0 257.0 1.7405746007632348 4.8821672543530275 28.0 
244.0 258.0 1.7405746007632348 4.8821672543530275 28.0 
244.0 259.0 1.7405746007632348 4.8821672543530275 28.0 
244.0 260.0 1.7405746007632348 4.8821672543530275 28.0 
244.0 261.0 1.7405746007632348 4.8821672543530275 28.0 
244.0 262.0 1.7405746007632348 4.8821672543530275 28.0 
244.0 263.0 1.7405746007632348 4.8821672543530275 28.0 
244.0 264.0 1.7405746007632348 4.8821672543530275 28.0 
244.0 265.0 1.7405746007632348 4.8821672543530275 28.0 
244.0 266.0 1.7405746007632348 4.8821672543530275 28.0 
244.0 267.0 1.7405746007632348 4.8821672543530275 28.0 
244.0 268.0 1.7405746007632348 4.8821672543530275 28.0 
244.0 269.0 1.7405746007632348 4.8821672543530275 28.0 
244.0 270.0 1.7405746007632348 4.8821672543530275 28.0 
245.0 247.0 1.7405746007632348 4.8821672543530275 28.0 
245.0 248.0 1.7405746007632348 4.8821672543530275 28.0 
245.0 249.0 1.7405746007632348 4.8821672543530275 28.0 
245.0 250.0 1.7405746007632348 4.8821672543530275 28.0 
245.0 251.0 1.7405746007632348 4.8821672543530275 28.0 
245.0 252.0 1.7405746007632348 4.8821672543530275 28.0 
245.0 253.0 1.7405746007632348 4.8821672543530275 28.0 
245.0 254.0 1.7405746007632348 4.8821672543530275 28.0 
245.0 255.0 1.7405746007632348 4.8821672543530275 28.0 
245.0 256.0 1.7405746007632348 4.8821672543530275 28.0 
245.0 257.0 1.7405746007632348 4.8821672543530275 28.0 
245.0 258.0 1.7405746007632348 4.8821672543530275 28.0 
245.0 259.0 1.7405746007632348 4.8821672543530275 28.0 
245.0 260.0 1.7405746007632348 4.8821672543530275 28.0 
245.0 261.0 1.7405746007632348 4.8821672543530275 28.0 
245.0 262.0 1.7405746007632348 4.8821672543530275 28.0 
245.0 263.0 1.7405746007632348 4.8821672543530275 28.0 
245.0 264.0 1.7405746007632348 4.8821672543530275 28.0 
246.0 241.0 1.7405746007632348 4.8821672543530275 28.0 
246.0 242.0 1.7405746007632348 4.8821672543530275 28.0 
246.0 243.0 1.7405746007632348 4.8821672543530275 28.0 
246.0 244.0 1.7405746007632348 4.8821672543530275 28.0 
246.0 245.0 1.7405746007632348 4.8821672543530275 28.0 
246.0 246.0 1.7405746007632348 4.8821672543530275 28.0 
246.0 247.0 1.7405746007632348 4.8821672543530275 28.0 
246.0 248.0 1.7405746007632348 4.8821672543530275 28.0 
246.0 249.0 1.7405746007632348 4.8821672543530275 28.0 
246.0 250.0 1.7405746007632348 4.8821672543530275 28.0 
246.0 251.0 1.7405746007632348 4.8821672543530275 28.0 
246.0 252.0 1.7405746007632348 4.8821672543530275 28.0 
246.0 253.0 1.7405746007632348 4.8821672543530275 28.0 
246.0 254.0 1.7405746007632348 4.8821672543530275 28.0 
246.0 255.0 1.7405746007632348 4.8821672543530275 28.0 
246.0 256.0 1.7405746007632348 4.8821672543530275 28.0 
246.0 257.0 1.7405746007632348 4.8821672543530275 28.0 
246.0 258.0 1.7405746007632348 4.8821672543530275 28.0 
247.0 238.0 1.7405746007632348 4.8821672543530275 28.0 
247.0 239.0 1.7405746007632348 4.8821672543530275 28.0 
247.0 240.0 1.7405746007632348 4.8821672543530275 28.0 
247.0 241.0 1.7405746007632348 4.8821672543530275 28.0 
247.0 242.0 1.7405746007632348 4.8821672543530275 28.0 
247.0 243.0 1.7405746007632348 4.8821672543530275 28.0 
247.0 244.0 1.7405746007632348 4.8821672543530275 28.0 
247.0 245.0 1.7405746007632348 4.8821672543530275 28.0 
247.0 246.0 1.7405746007632348 4.8821672543530275 28.0 
247.0 247.0 1.7405746007632348 4.8821672543530275 28.0 
247.0 248.0 1.7405746007632348 4.8821672543530275 28.0 
247.0 249.0 1.7405746007632348 4.8821672543530275 28.0 
247.0 250.0 1.7405746007632348 4.8821672543530275 28.0 
247.0 251.0 1.7405746007632348 4.8821672543530275 28.0 
247.0 252.0 1.7405746007632348 4.8821672543530275 28.0 
248.0 238.0 1.7405746007632348 4.8821672543530275 28.0 
248.0 239.0 1.7405746007632348 4.8821672543530275 28.0 
248.0 240.0 1.7405746007632348 4.8821672543530275 28.0 
248.0 241.0 1.7405746007632348 4.8821672543530275 28.0 
248.0 242.0 1.7405746007632348 4.8821672543530275 28.0 
248.0 243.0 1.7405746007632348 4.8821672543530275 28.0 
248.0 244.0 1.7405746007632348 4.8821672543530275 28.0 
248.0 245.0 1.7405746007632348 4.8821672543530275 28.0 
248.0 246.0 1.7405746007632348 4.8821672543530275 28.0 
249.0 239.0 1.7405746007632348 4.8821672543530275 28.0 
249.0 240.0 1.7405746007632348 4.8821672543530275 28.0 
249.0 241.0 1.7405746007632348 4.8821672543530275 28.0 
