186.0 242.0 3.9603118128654877 0.8187191592756949 64.0 
187.0 241.0 3.9603118128654877 0.8187191592756949 64.0 
187.0 242.0 3.9603118128654877 0.8187191592756949 64.0 
187.0 243.0 3.9603118128654877 0.8187191592756949 64.0 
188.0 240.0 3.9603118128654877 0.8187191592756949 64.0 
188.0 241.0 3.9603118128654877 0.8187191592756949 64.0 
188.0 242.0 3.9603118128654877 0.8187191592756949 64.0 
188.0 243.0 3.9603118128654877 0.8187191592756949 64.0 
188.0 244.0 3.9603118128654877 0.8187191592756949 64.0 
189.0 240.0 3.9603118128654877 0.8187191592756949 64.0 
189.0 241.0 3.9603118128654877 0.8187191592756949 64.0 
189.0 242.0 3.9603118128654877 0.8187191592756949 64.0 
189.0 243.0 3.9603118128654877 0.8187191592756949 64.0 
189.0 244.0 3.9603118128654877 0.8187191592756949 64.0 
189.0 245.0 3.9603118128654877 0.8187191592756949 64.0 
190.0 239.0 3.9603118128654877 0.8187191592756949 64.0 
190.0 240.0 3.9603118128654877 0.8187191592756949 64.0 
190.0 241.0 3.9603118128654877 0.8187191592756949 64.0 
190.0 242.0 3.9603118128654877 0.8187191592756949 64.0 
190.0 243.0 3.9603118128654877 0.8187191592756949 64.0 
190.0 244.0 3.9603118128654877 0.8187191592756949 64.0 
190.0 245.0 3.9603118128654877 0.8187191592756949 64.0 
190.0 246.0 3.9603118128654877 0.8187191592756949 64.0 
191.0 239.0 3.9603118128654877 0.8187191592756949 64.0 
191.0 240.0 3.9603118128654877 0.8187191592756949 64.0 
191.0 241.0 3.9603118128654877 0.8187191592756949 64.0 
191.0 242.0 3.9603118128654877 0.8187191592756949 64.0 
191.0 243.0 3.9603118128654877 0.8187191592756949 64.0 
191.0 244.0 3.9603118128654877 0.8187191592756949 64.0 
191.0 245.0 3.9603118128654877 0.8187191592756949 64.0 
191.0 246.0 3.9603118128654877 0.8187191592756949 64.0 
191.0 247.0 3.9603118128654877 0.8187191592756949 64.0 
192.0 240.0 3.9603118128654877 0.8187191592756949 64.0 
192.0 241.0 3.9603118128654877 0.8187191592756949 64.0 
192.0 242.0 3.9603118128654877 0.8187191592756949 64.0 
192.0 243.0 3.9603118128654877 0.8187191592756949 64.0 
192.0 244.0 3.9603118128654877 0.8187191592756949 64.0 
192.0 245.0 3.9603118128654877 0.8187191592756949 64.0 
192.0 246.0 3.9603118128654877 0.8187191592756949 64.0 
192.0 247.0 3.9603118128654877 0.8187191592756949 64.0 
192.0 248.0 3.9603118128654877 0.8187191592756949 64.0 
193.0 241.0 3.9603118128654877 0.8187191592756949 64.0 
193.0 242.0 3.9603118128654877 0.8187191592756949 64.0 
193.0 243.0 3.9603118128654877 0.8187191592756949 64.0 
193.0 244.0 3.9603118128654877 0.8187191592756949 64.0 
193.0 245.0 3.9603118128654877 0.8187191592756949 64.0 
193.0 246.0 3.9603118128654877 0.8187191592756949 64.0 
193.0 247.0 3.9603118128654877 0.8187191592756949 64.0 
193.0 248.0 3.9603118128654877 0.8187191592756949 64.0 
193.0 249.0 3.9603118128654877 0.8187191592756949 64.0 
194.0 243.0 3.9603118128654877 0.8187191592756949 64.0 
194.0 244.0 3.9603118128654877 0.8187191592756949 64.0 
194.0 245.0 3.9603118128654877 0.8187191592756949 64.0 
194.0 246.0 3.9603118128654877 0.8187191592756949 64.0 
194.0 247.0 3.9603118128654877 0.8187191592756949 64.0 
194.0 248.0 3.9603118128654877 0.8187191592756949 64.0 
194.0 249.0 3.9603118128654877 0.8187191592756949 64.0 
194.0 250.0 3.9603118128654877 0.8187191592756949 64.0 
195.0 244.0 3.9603118128654877 0.8187191592756949 64.0 
195.0 245.0 3.9603118128654877 0.8187191592756949 64.0 
195.0 246.0 3.9603118128654877 0.8187191592756949 64.0 
195.0 247.0 3.9603118128654877 0.8187191592756949 64.0 
195.0 248.0 3.9603118128654877 0.8187191592756949 64.0 
195.0 249.0 3.9603118128654877 0.8187191592756949 64.0 
195.0 250.0 3.9603118128654877 0.8187191592756949 64.0 
195.0 251.0 3.9603118128654877 0.8187191592756949 64.0 
196.0 245.0 3.9603118128654877 0.8187191592756949 64.0 
196.0 246.0 3.9603118128654877 0.8187191592756949 64.0 
196.0 247.0 3.9603118128654877 0.8187191592756949 64.0 
196.0 248.0 3.9603118128654877 0.8187191592756949 64.0 
196.0 249.0 3.9603118128654877 0.8187191592756949 64.0 
196.0 250.0 3.9603118128654877 0.8187191592756949 64.0 
196.0 251.0 3.9603118128654877 0.8187191592756949 64.0 
196.0 252.0 3.9603118128654877 0.8187191592756949 64.0 
197.0 246.0 3.9603118128654877 0.8187191592756949 64.0 
197.0 247.0 3.9603118128654877 0.8187191592756949 64.0 
197.0 248.0 3.9603118128654877 0.8187191592756949 64.0 
197.0 249.0 3.9603118128654877 0.8187191592756949 64.0 
197.0 250.0 3.9603118128654877 0.8187191592756949 64.0 
197.0 251.0 3.9603118128654877 0.8187191592756949 64.0 
197.0 252.0 3.9603118128654877 0.8187191592756949 64.0 
197.0 253.0 3.9603118128654877 0.8187191592756949 64.0 
197.0 254.0 3.9603118128654877 0.8187191592756949 64.0 
198.0 247.0 3.9603118128654877 0.8187191592756949 64.0 
198.0 248.0 3.9603118128654877 0.8187191592756949 64.0 
198.0 249.0 3.9603118128654877 0.8187191592756949 64.0 
198.0 250.0 3.9603118128654877 0.8187191592756949 64.0 
198.0 251.0 3.9603118128654877 0.8187191592756949 64.0 
198.0 252.0 3.9603118128654877 0.8187191592756949 64.0 
198.0 253.0 3.9603118128654877 0.8187191592756949 64.0 
198.0 254.0 3.9603118128654877 0.8187191592756949 64.0 
198.0 255.0 3.9603118128654877 0.8187191592756949 64.0 
199.0 248.0 3.9603118128654877 0.8187191592756949 64.0 
199.0 249.0 3.9603118128654877 0.8187191592756949 64.0 
199.0 250.0 3.9603118128654877 0.8187191592756949 64.0 
199.0 251.0 3.9603118128654877 0.8187191592756949 64.0 
199.0 252.0 3.9603118128654877 0.8187191592756949 64.0 
199.0 253.0 3.9603118128654877 0.8187191592756949 64.0 
199.0 254.0 3.9603118128654877 0.8187191592756949 64.0 
199.0 255.0 3.9603118128654877 0.8187191592756949 64.0 
199.0 256.0 3.9603118128654877 0.8187191592756949 64.0 
200.0 249.0 3.9603118128654877 0.8187191592756949 64.0 
200.0 250.0 3.9603118128654877 0.8187191592756949 64.0 
200.0 251.0 3.9603118128654877 0.8187191592756949 64.0 
200.0 252.0 3.9603118128654877 0.8187191592756949 64.0 
200.0 253.0 3.9603118128654877 0.8187191592756949 64.0 
200.0 254.0 3.9603118128654877 0.8187191592756949 64.0 
200.0 255.0 3.9603118128654877 0.8187191592756949 64.0 
200.0 256.0 3.9603118128654877 0.8187191592756949 64.0 
200.0 257.0 3.9603118128654877 0.8187191592756949 64.0 
201.0 250.0 3.9603118128654877 0.8187191592756949 64.0 
201.0 251.0 3.9603118128654877 0.8187191592756949 64.0 
201.0 252.0 3.9603118128654877 0.8187191592756949 64.0 
201.0 253.0 3.9603118128654877 0.8187191592756949 64.0 
201.0 254.0 3.9603118128654877 0.8187191592756949 64.0 
201.0 255.0 3.9603118128654877 0.8187191592756949 64.0 
201.0 256.0 3.9603118128654877 0.8187191592756949 64.0 
201.0 257.0 3.9603118128654877 0.8187191592756949 64.0 
201.0 258.0 3.9603118128654877 0.8187191592756949 64.0 
202.0 251.0 3.9603118128654877 0.8187191592756949 64.0 
202.0 252.0 3.9603118128654877 0.8187191592756949 64.0 
202.0 253.0 3.9603118128654877 0.8187191592756949 64.0 
202.0 254.0 3.9603118128654877 0.8187191592756949 64.0 
202.0 255.0 3.9603118128654877 0.8187191592756949 64.0 
202.0 256.0 3.9603118128654877 0.8187191592756949 64.0 
202.0 257.0 3.9603118128654877 0.8187191592756949 64.0 
202.0 258.0 3.9603118128654877 0.8187191592756949 64.0 
202.0 259.0 3.9603118128654877 0.8187191592756949 64.0 
203.0 252.0 3.9603118128654877 0.8187191592756949 64.0 
203.0 253.0 3.9603118128654877 0.8187191592756949 64.0 
203.0 254.0 3.9603118128654877 0.8187191592756949 64.0 
203.0 255.0 3.9603118128654877 0.8187191592756949 64.0 
203.0 256.0 3.9603118128654877 0.8187191592756949 64.0 
203.0 257.0 3.9603118128654877 0.8187191592756949 64.0 
203.0 258.0 3.9603118128654877 0.8187191592756949 64.0 
203.0 259.0 3.9603118128654877 0.8187191592756949 64.0 
203.0 260.0 3.9603118128654877 0.8187191592756949 64.0 
204.0 253.0 3.9603118128654877 0.8187191592756949 64.0 
204.0 254.0 3.9603118128654877 0.8187191592756949 64.0 
204.0 255.0 3.9603118128654877 0.8187191592756949 64.0 
204.0 256.0 3.9603118128654877 0.8187191592756949 64.0 
204.0 257.0 3.9603118128654877 0.8187191592756949 64.0 
204.0 258.0 3.9603118128654877 0.8187191592756949 64.0 
204.0 259.0 3.9603118128654877 0.8187191592756949 64.0 
204.0 260.0 3.9603118128654877 0.8187191592756949 64.0 
204.0 261.0 3.9603118128654877 0.8187191592756949 64.0 
205.0 254.0 3.9603118128654877 0.8187191592756949 64.0 
205.0 255.0 3.9603118128654877 0.8187191592756949 64.0 
205.0 256.0 3.9603118128654877 0.8187191592756949 64.0 
205.0 257.0 3.9603118128654877 0.8187191592756949 64.0 
205.0 258.0 3.9603118128654877 0.8187191592756949 64.0 
205.0 259.0 3.9603118128654877 0.8187191592756949 64.0 
205.0 260.0 3.9603118128654877 0.8187191592756949 64.0 
205.0 261.0 3.9603118128654877 0.8187191592756949 64.0 
205.0 262.0 3.9603118128654877 0.8187191592756949 64.0 
206.0 255.0 3.9603118128654877 0.8187191592756949 64.0 
206.0 256.0 3.9603118128654877 0.8187191592756949 64.0 
206.0 257.0 3.9603118128654877 0.8187191592756949 64.0 
206.0 258.0 3.9603118128654877 0.8187191592756949 64.0 
206.0 259.0 3.9603118128654877 0.8187191592756949 64.0 
206.0 260.0 3.9603118128654877 0.8187191592756949 64.0 
206.0 261.0 3.9603118128654877 0.8187191592756949 64.0 
206.0 262.0 3.9603118128654877 0.8187191592756949 64.0 
206.0 263.0 3.9603118128654877 0.8187191592756949 64.0 
207.0 256.0 3.9603118128654877 0.8187191592756949 64.0 
207.0 257.0 3.9603118128654877 0.8187191592756949 64.0 
207.0 258.0 3.9603118128654877 0.8187191592756949 64.0 
207.0 259.0 3.9603118128654877 0.8187191592756949 64.0 
207.0 260.0 3.9603118128654877 0.8187191592756949 64.0 
207.0 261.0 3.9603118128654877 0.8187191592756949 64.0 
207.0 262.0 3.9603118128654877 0.8187191592756949 64.0 
207.0 263.0 3.9603118128654877 0.8187191592756949 64.0 
207.0 264.0 3.9603118128654877 0.8187191592756949 64.0 
208.0 257.0 3.9603118128654877 0.8187191592756949 64.0 
208.0 258.0 3.9603118128654877 0.8187191592756949 64.0 
208.0 259.0 3.9603118128654877 0.8187191592756949 64.0 
208.0 260.0 3.9603118128654877 0.8187191592756949 64.0 
208.0 261.0 3.9603118128654877 0.8187191592756949 64.0 
208.0 262.0 3.9603118128654877 0.8187191592756949 64.0 
208.0 263.0 3.9603118128654877 0.8187191592756949 64.0 
208.0 264.0 3.9603118128654877 0.8187191592756949 64.0 
208.0 265.0 3.9603118128654877 0.8187191592756949 64.0 
209.0 259.0 3.9603118128654877 0.8187191592756949 64.0 
209.0 260.0 3.9603118128654877 0.8187191592756949 64.0 
209.0 261.0 3.9603118128654877 0.8187191592756949 64.0 
209.0 262.0 3.9603118128654877 0.8187191592756949 64.0 
209.0 263.0 3.9603118128654877 0.8187191592756949 64.0 
209.0 264.0 3.9603118128654877 0.8187191592756949 64.0 
209.0 265.0 3.9603118128654877 0.8187191592756949 64.0 
209.0 266.0 3.9603118128654877 0.8187191592756949 64.0 
210.0 260.0 3.9603118128654877 0.8187191592756949 64.0 
210.0 261.0 3.9603118128654877 0.8187191592756949 64.0 
210.0 262.0 3.9603118128654877 0.8187191592756949 64.0 
210.0 263.0 3.9603118128654877 0.8187191592756949 64.0 
210.0 264.0 3.9603118128654877 0.8187191592756949 64.0 
210.0 265.0 3.9603118128654877 0.8187191592756949 64.0 
210.0 266.0 3.9603118128654877 0.8187191592756949 64.0 
210.0 267.0 3.9603118128654877 0.8187191592756949 64.0 
211.0 261.0 3.9603118128654877 0.8187191592756949 64.0 
211.0 262.0 3.9603118128654877 0.8187191592756949 64.0 
211.0 263.0 3.9603118128654877 0.8187191592756949 64.0 
211.0 264.0 3.9603118128654877 0.8187191592756949 64.0 
211.0 265.0 3.9603118128654877 0.8187191592756949 64.0 
211.0 266.0 3.9603118128654877 0.8187191592756949 64.0 
211.0 267.0 3.9603118128654877 0.8187191592756949 64.0 
211.0 268.0 3.9603118128654877 0.8187191592756949 64.0 
212.0 262.0 3.9603118128654877 0.8187191592756949 64.0 
212.0 263.0 3.9603118128654877 0.8187191592756949 64.0 
212.0 264.0 3.9603118128654877 0.8187191592756949 64.0 
212.0 265.0 3.9603118128654877 0.8187191592756949 64.0 
212.0 266.0 3.9603118128654877 0.8187191592756949 64.0 
212.0 267.0 3.9603118128654877 0.8187191592756949 64.0 
212.0 268.0 3.9603118128654877 0.8187191592756949 64.0 
212.0 269.0 3.9603118128654877 0.8187191592756949 64.0 
212.0 270.0 3.9603118128654877 0.8187191592756949 64.0 
213.0 263.0 3.9603118128654877 0.8187191592756949 64.0 
213.0 264.0 3.9603118128654877 0.8187191592756949 64.0 
213.0 265.0 3.9603118128654877 0.8187191592756949 64.0 
213.0 266.0 3.9603118128654877 0.8187191592756949 64.0 
213.0 267.0 3.9603118128654877 0.8187191592756949 64.0 
213.0 268.0 3.9603118128654877 0.8187191592756949 64.0 
213.0 269.0 3.9603118128654877 0.8187191592756949 64.0 
213.0 270.0 3.9603118128654877 0.8187191592756949 64.0 
213.0 271.0 3.9603118128654877 0.8187191592756949 64.0 
214.0 264.0 3.9603118128654877 0.8187191592756949 64.0 
214.0 265.0 3.9603118128654877 0.8187191592756949 64.0 
214.0 266.0 3.9603118128654877 0.8187191592756949 64.0 
214.0 267.0 3.9603118128654877 0.8187191592756949 64.0 
214.0 268.0 3.9603118128654877 0.8187191592756949 64.0 
214.0 269.0 3.9603118128654877 0.8187191592756949 64.0 
214.0 270.0 3.9603118128654877 0.8187191592756949 64.0 
214.0 271.0 3.9603118128654877 0.8187191592756949 64.0 
214.0 272.0 3.9603118128654877 0.8187191592756949 64.0 
215.0 265.0 3.9603118128654877 0.8187191592756949 64.0 
215.0 266.0 3.9603118128654877 0.8187191592756949 64.0 
215.0 267.0 3.9603118128654877 0.8187191592756949 64.0 
215.0 268.0 3.9603118128654877 0.8187191592756949 64.0 
215.0 269.0 3.9603118128654877 0.8187191592756949 64.0 
215.0 270.0 3.9603118128654877 0.8187191592756949 64.0 
215.0 271.0 3.9603118128654877 0.8187191592756949 64.0 
215.0 272.0 3.9603118128654877 0.8187191592756949 64.0 
215.0 273.0 3.9603118128654877 0.8187191592756949 64.0 
216.0 266.0 3.9603118128654877 0.8187191592756949 64.0 
216.0 267.0 3.9603118128654877 0.8187191592756949 64.0 
216.0 268.0 3.9603118128654877 0.8187191592756949 64.0 
216.0 269.0 3.9603118128654877 0.8187191592756949 64.0 
216.0 270.0 3.9603118128654877 0.8187191592756949 64.0 
216.0 271.0 3.9603118128654877 0.8187191592756949 64.0 
216.0 272.0 3.9603118128654877 0.8187191592756949 64.0 
216.0 273.0 3.9603118128654877 0.8187191592756949 64.0 
216.0 274.0 3.9603118128654877 0.8187191592756949 64.0 
217.0 267.0 3.9603118128654877 0.8187191592756949 64.0 
217.0 268.0 3.9603118128654877 0.8187191592756949 64.0 
217.0 269.0 3.9603118128654877 0.8187191592756949 64.0 
217.0 270.0 3.9603118128654877 0.8187191592756949 64.0 
217.0 271.0 3.9603118128654877 0.8187191592756949 64.0 
217.0 272.0 3.9603118128654877 0.8187191592756949 64.0 
217.0 273.0 3.9603118128654877 0.8187191592756949 64.0 
217.0 274.0 3.9603118128654877 0.8187191592756949 64.0 
217.0 275.0 3.9603118128654877 0.8187191592756949 64.0 
218.0 268.0 3.9603118128654877 0.8187191592756949 64.0 
218.0 269.0 3.9603118128654877 0.8187191592756949 64.0 
218.0 270.0 3.9603118128654877 0.8187191592756949 64.0 
218.0 271.0 3.9603118128654877 0.8187191592756949 64.0 
218.0 272.0 3.9603118128654877 0.8187191592756949 64.0 
218.0 273.0 3.9603118128654877 0.8187191592756949 64.0 
218.0 274.0 3.9603118128654877 0.8187191592756949 64.0 
218.0 275.0 3.9603118128654877 0.8187191592756949 64.0 
218.0 276.0 3.9603118128654877 0.8187191592756949 64.0 
219.0 269.0 3.9603118128654877 0.8187191592756949 64.0 
219.0 270.0 3.9603118128654877 0.8187191592756949 64.0 
219.0 271.0 3.9603118128654877 0.8187191592756949 64.0 
219.0 272.0 3.9603118128654877 0.8187191592756949 64.0 
219.0 273.0 3.9603118128654877 0.8187191592756949 64.0 
219.0 274.0 3.9603118128654877 0.8187191592756949 64.0 
219.0 275.0 3.9603118128654877 0.8187191592756949 64.0 
219.0 276.0 3.9603118128654877 0.8187191592756949 64.0 
219.0 277.0 3.9603118128654877 0.8187191592756949 64.0 
220.0 270.0 3.9603118128654877 0.8187191592756949 64.0 
220.0 271.0 3.9603118128654877 0.8187191592756949 64.0 
220.0 272.0 3.9603118128654877 0.8187191592756949 64.0 
220.0 273.0 3.9603118128654877 0.8187191592756949 64.0 
220.0 274.0 3.9603118128654877 0.8187191592756949 64.0 
220.0 275.0 3.9603118128654877 0.8187191592756949 64.0 
220.0 276.0 3.9603118128654877 0.8187191592756949 64.0 
220.0 277.0 3.9603118128654877 0.8187191592756949 64.0 
220.0 278.0 3.9603118128654877 0.8187191592756949 64.0 
221.0 271.0 3.9603118128654877 0.8187191592756949 64.0 
221.0 272.0 3.9603118128654877 0.8187191592756949 64.0 
221.0 273.0 3.9603118128654877 0.8187191592756949 64.0 
221.0 274.0 3.9603118128654877 0.8187191592756949 64.0 
221.0 275.0 3.9603118128654877 0.8187191592756949 64.0 
221.0 276.0 3.9603118128654877 0.8187191592756949 64.0 
221.0 277.0 3.9603118128654877 0.8187191592756949 64.0 
221.0 278.0 3.9603118128654877 0.8187191592756949 64.0 
221.0 279.0 3.9603118128654877 0.8187191592756949 64.0 
222.0 272.0 3.9603118128654877 0.8187191592756949 64.0 
222.0 273.0 3.9603118128654877 0.8187191592756949 64.0 
222.0 274.0 3.9603118128654877 0.8187191592756949 64.0 
222.0 275.0 3.9603118128654877 0.8187191592756949 64.0 
222.0 276.0 3.9603118128654877 0.8187191592756949 64.0 
222.0 277.0 3.9603118128654877 0.8187191592756949 64.0 
222.0 278.0 3.9603118128654877 0.8187191592756949 64.0 
222.0 279.0 3.9603118128654877 0.8187191592756949 64.0 
222.0 280.0 3.9603118128654877 0.8187191592756949 64.0 
223.0 274.0 3.9603118128654877 0.8187191592756949 64.0 
223.0 275.0 3.9603118128654877 0.8187191592756949 64.0 
223.0 276.0 3.9603118128654877 0.8187191592756949 64.0 
223.0 277.0 3.9603118128654877 0.8187191592756949 64.0 
223.0 278.0 3.9603118128654877 0.8187191592756949 64.0 
223.0 279.0 3.9603118128654877 0.8187191592756949 64.0 
223.0 280.0 3.9603118128654877 0.8187191592756949 64.0 
223.0 281.0 3.9603118128654877 0.8187191592756949 64.0 
224.0 275.0 3.9603118128654877 0.8187191592756949 64.0 
224.0 276.0 3.9603118128654877 0.8187191592756949 64.0 
224.0 277.0 3.9603118128654877 0.8187191592756949 64.0 
224.0 278.0 3.9603118128654877 0.8187191592756949 64.0 
224.0 279.0 3.9603118128654877 0.8187191592756949 64.0 
224.0 280.0 3.9603118128654877 0.8187191592756949 64.0 
224.0 281.0 3.9603118128654877 0.8187191592756949 64.0 
224.0 282.0 3.9603118128654877 0.8187191592756949 64.0 
225.0 276.0 3.9603118128654877 0.8187191592756949 64.0 
225.0 277.0 3.9603118128654877 0.8187191592756949 64.0 
225.0 278.0 3.9603118128654877 0.8187191592756949 64.0 
225.0 279.0 3.9603118128654877 0.8187191592756949 64.0 
225.0 280.0 3.9603118128654877 0.8187191592756949 64.0 
225.0 281.0 3.9603118128654877 0.8187191592756949 64.0 
225.0 282.0 3.9603118128654877 0.8187191592756949 64.0 
225.0 283.0 3.9603118128654877 0.8187191592756949 64.0 
226.0 277.0 3.9603118128654877 0.8187191592756949 64.0 
226.0 278.0 3.9603118128654877 0.8187191592756949 64.0 
226.0 279.0 3.9603118128654877 0.8187191592756949 64.0 
226.0 280.0 3.9603118128654877 0.8187191592756949 64.0 
226.0 281.0 3.9603118128654877 0.8187191592756949 64.0 
226.0 282.0 3.9603118128654877 0.8187191592756949 64.0 
226.0 283.0 3.9603118128654877 0.8187191592756949 64.0 
226.0 284.0 3.9603118128654877 0.8187191592756949 64.0 
226.0 285.0 3.9603118128654877 0.8187191592756949 64.0 
227.0 278.0 3.9603118128654877 0.8187191592756949 64.0 
227.0 279.0 3.9603118128654877 0.8187191592756949 64.0 
227.0 280.0 3.9603118128654877 0.8187191592756949 64.0 
227.0 281.0 3.9603118128654877 0.8187191592756949 64.0 
227.0 282.0 3.9603118128654877 0.8187191592756949 64.0 
227.0 283.0 3.9603118128654877 0.8187191592756949 64.0 
227.0 284.0 3.9603118128654877 0.8187191592756949 64.0 
227.0 285.0 3.9603118128654877 0.8187191592756949 64.0 
227.0 286.0 3.9603118128654877 0.8187191592756949 64.0 
228.0 279.0 3.9603118128654877 0.8187191592756949 64.0 
228.0 280.0 3.9603118128654877 0.8187191592756949 64.0 
228.0 281.0 3.9603118128654877 0.8187191592756949 64.0 
228.0 282.0 3.9603118128654877 0.8187191592756949 64.0 
228.0 283.0 3.9603118128654877 0.8187191592756949 64.0 
228.0 284.0 3.9603118128654877 0.8187191592756949 64.0 
228.0 285.0 3.9603118128654877 0.8187191592756949 64.0 
228.0 286.0 3.9603118128654877 0.8187191592756949 64.0 
228.0 287.0 3.9603118128654877 0.8187191592756949 64.0 
229.0 280.0 3.9603118128654877 0.8187191592756949 64.0 
229.0 281.0 3.9603118128654877 0.8187191592756949 64.0 
229.0 282.0 3.9603118128654877 0.8187191592756949 64.0 
229.0 283.0 3.9603118128654877 0.8187191592756949 64.0 
229.0 284.0 3.9603118128654877 0.8187191592756949 64.0 
229.0 285.0 3.9603118128654877 0.8187191592756949 64.0 
229.0 286.0 3.9603118128654877 0.8187191592756949 64.0 
229.0 287.0 3.9603118128654877 0.8187191592756949 64.0 
229.0 288.0 3.9603118128654877 0.8187191592756949 64.0 
230.0 281.0 3.9603118128654877 0.8187191592756949 64.0 
230.0 282.0 3.9603118128654877 0.8187191592756949 64.0 
230.0 283.0 3.9603118128654877 0.8187191592756949 64.0 
230.0 284.0 3.9603118128654877 0.8187191592756949 64.0 
230.0 285.0 3.9603118128654877 0.8187191592756949 64.0 
230.0 286.0 3.9603118128654877 0.8187191592756949 64.0 
230.0 287.0 3.9603118128654877 0.8187191592756949 64.0 
230.0 288.0 3.9603118128654877 0.8187191592756949 64.0 
230.0 289.0 3.9603118128654877 0.8187191592756949 64.0 
231.0 282.0 3.9603118128654877 0.8187191592756949 64.0 
231.0 283.0 3.9603118128654877 0.8187191592756949 64.0 
231.0 284.0 3.9603118128654877 0.8187191592756949 64.0 
231.0 285.0 3.9603118128654877 0.8187191592756949 64.0 
231.0 286.0 3.9603118128654877 0.8187191592756949 64.0 
231.0 287.0 3.9603118128654877 0.8187191592756949 64.0 
231.0 288.0 3.9603118128654877 0.8187191592756949 64.0 
231.0 289.0 3.9603118128654877 0.8187191592756949 64.0 
231.0 290.0 3.9603118128654877 0.8187191592756949 64.0 
232.0 283.0 3.9603118128654877 0.8187191592756949 64.0 
232.0 284.0 3.9603118128654877 0.8187191592756949 64.0 
232.0 285.0 3.9603118128654877 0.8187191592756949 64.0 
232.0 286.0 3.9603118128654877 0.8187191592756949 64.0 
232.0 287.0 3.9603118128654877 0.8187191592756949 64.0 
232.0 288.0 3.9603118128654877 0.8187191592756949 64.0 
232.0 289.0 3.9603118128654877 0.8187191592756949 64.0 
232.0 290.0 3.9603118128654877 0.8187191592756949 64.0 
232.0 291.0 3.9603118128654877 0.8187191592756949 64.0 
233.0 284.0 3.9603118128654877 0.8187191592756949 64.0 
233.0 285.0 3.9603118128654877 0.8187191592756949 64.0 
233.0 286.0 3.9603118128654877 0.8187191592756949 64.0 
233.0 287.0 3.9603118128654877 0.8187191592756949 64.0 
233.0 288.0 3.9603118128654877 0.8187191592756949 64.0 
233.0 289.0 3.9603118128654877 0.8187191592756949 64.0 
233.0 290.0 3.9603118128654877 0.8187191592756949 64.0 
233.0 291.0 3.9603118128654877 0.8187191592756949 64.0 
233.0 292.0 3.9603118128654877 0.8187191592756949 64.0 
234.0 285.0 3.9603118128654877 0.8187191592756949 64.0 
234.0 286.0 3.9603118128654877 0.8187191592756949 64.0 
234.0 287.0 3.9603118128654877 0.8187191592756949 64.0 
234.0 288.0 3.9603118128654877 0.8187191592756949 64.0 
234.0 289.0 3.9603118128654877 0.8187191592756949 64.0 
234.0 290.0 3.9603118128654877 0.8187191592756949 64.0 
234.0 291.0 3.9603118128654877 0.8187191592756949 64.0 
234.0 292.0 3.9603118128654877 0.8187191592756949 64.0 
234.0 293.0 3.9603118128654877 0.8187191592756949 64.0 
235.0 286.0 3.9603118128654877 0.8187191592756949 64.0 
235.0 287.0 3.9603118128654877 0.8187191592756949 64.0 
235.0 288.0 3.9603118128654877 0.8187191592756949 64.0 
235.0 289.0 3.9603118128654877 0.8187191592756949 64.0 
235.0 290.0 3.9603118128654877 0.8187191592756949 64.0 
235.0 291.0 3.9603118128654877 0.8187191592756949 64.0 
235.0 292.0 3.9603118128654877 0.8187191592756949 64.0 
235.0 293.0 3.9603118128654877 0.8187191592756949 64.0 
235.0 294.0 3.9603118128654877 0.8187191592756949 64.0 
236.0 287.0 3.9603118128654877 0.8187191592756949 64.0 
236.0 288.0 3.9603118128654877 0.8187191592756949 64.0 
236.0 289.0 3.9603118128654877 0.8187191592756949 64.0 
236.0 290.0 3.9603118128654877 0.8187191592756949 64.0 
236.0 291.0 3.9603118128654877 0.8187191592756949 64.0 
236.0 292.0 3.9603118128654877 0.8187191592756949 64.0 
236.0 293.0 3.9603118128654877 0.8187191592756949 64.0 
236.0 294.0 3.9603118128654877 0.8187191592756949 64.0 
236.0 295.0 3.9603118128654877 0.8187191592756949 64.0 
237.0 288.0 3.9603118128654877 0.8187191592756949 64.0 
237.0 289.0 3.9603118128654877 0.8187191592756949 64.0 
237.0 290.0 3.9603118128654877 0.8187191592756949 64.0 
237.0 291.0 3.9603118128654877 0.8187191592756949 64.0 
237.0 292.0 3.9603118128654877 0.8187191592756949 64.0 
237.0 293.0 3.9603118128654877 0.8187191592756949 64.0 
237.0 294.0 3.9603118128654877 0.8187191592756949 64.0 
237.0 295.0 3.9603118128654877 0.8187191592756949 64.0 
237.0 296.0 3.9603118128654877 0.8187191592756949 64.0 
238.0 290.0 3.9603118128654877 0.8187191592756949 64.0 
238.0 291.0 3.9603118128654877 0.8187191592756949 64.0 
238.0 292.0 3.9603118128654877 0.8187191592756949 64.0 
238.0 293.0 3.9603118128654877 0.8187191592756949 64.0 
238.0 294.0 3.9603118128654877 0.8187191592756949 64.0 
238.0 295.0 3.9603118128654877 0.8187191592756949 64.0 
238.0 296.0 3.9603118128654877 0.8187191592756949 64.0 
238.0 297.0 3.9603118128654877 0.8187191592756949 64.0 
239.0 291.0 3.9603118128654877 0.8187191592756949 64.0 
239.0 292.0 3.9603118128654877 0.8187191592756949 64.0 
239.0 293.0 3.9603118128654877 0.8187191592756949 64.0 
239.0 294.0 3.9603118128654877 0.8187191592756949 64.0 
239.0 295.0 3.9603118128654877 0.8187191592756949 64.0 
239.0 296.0 3.9603118128654877 0.8187191592756949 64.0 
239.0 297.0 3.9603118128654877 0.8187191592756949 64.0 
239.0 298.0 3.9603118128654877 0.8187191592756949 64.0 
240.0 292.0 3.9603118128654877 0.8187191592756949 64.0 
240.0 293.0 3.9603118128654877 0.8187191592756949 64.0 
240.0 294.0 3.9603118128654877 0.8187191592756949 64.0 
240.0 295.0 3.9603118128654877 0.8187191592756949 64.0 
240.0 296.0 3.9603118128654877 0.8187191592756949 64.0 
240.0 297.0 3.9603118128654877 0.8187191592756949 64.0 
240.0 298.0 3.9603118128654877 0.8187191592756949 64.0 
240.0 299.0 3.9603118128654877 0.8187191592756949 64.0 
241.0 293.0 3.9603118128654877 0.8187191592756949 64.0 
241.0 294.0 3.9603118128654877 0.8187191592756949 64.0 
241.0 295.0 3.9603118128654877 0.8187191592756949 64.0 
241.0 296.0 3.9603118128654877 0.8187191592756949 64.0 
241.0 297.0 3.9603118128654877 0.8187191592756949 64.0 
241.0 298.0 3.9603118128654877 0.8187191592756949 64.0 
241.0 299.0 3.9603118128654877 0.8187191592756949 64.0 
241.0 300.0 3.9603118128654877 0.8187191592756949 64.0 
241.0 301.0 3.9603118128654877 0.8187191592756949 64.0 
242.0 294.0 3.9603118128654877 0.8187191592756949 64.0 
242.0 295.0 3.9603118128654877 0.8187191592756949 64.0 
242.0 296.0 3.9603118128654877 0.8187191592756949 64.0 
242.0 297.0 3.9603118128654877 0.8187191592756949 64.0 
242.0 298.0 3.9603118128654877 0.8187191592756949 64.0 
242.0 299.0 3.9603118128654877 0.8187191592756949 64.0 
242.0 300.0 3.9603118128654877 0.8187191592756949 64.0 
242.0 301.0 3.9603118128654877 0.8187191592756949 64.0 
242.0 302.0 3.9603118128654877 0.8187191592756949 64.0 
243.0 295.0 3.9603118128654877 0.8187191592756949 64.0 
243.0 296.0 3.9603118128654877 0.8187191592756949 64.0 
243.0 297.0 3.9603118128654877 0.8187191592756949 64.0 
243.0 298.0 3.9603118128654877 0.8187191592756949 64.0 
243.0 299.0 3.9603118128654877 0.8187191592756949 64.0 
243.0 300.0 3.9603118128654877 0.8187191592756949 64.0 
243.0 301.0 3.9603118128654877 0.8187191592756949 64.0 
243.0 302.0 3.9603118128654877 0.8187191592756949 64.0 
243.0 303.0 3.9603118128654877 0.8187191592756949 64.0 
244.0 296.0 3.9603118128654877 0.8187191592756949 64.0 
244.0 297.0 3.9603118128654877 0.8187191592756949 64.0 
244.0 298.0 3.9603118128654877 0.8187191592756949 64.0 
244.0 299.0 3.9603118128654877 0.8187191592756949 64.0 
244.0 300.0 3.9603118128654877 0.8187191592756949 64.0 
244.0 301.0 3.9603118128654877 0.8187191592756949 64.0 
244.0 302.0 3.9603118128654877 0.8187191592756949 64.0 
244.0 303.0 3.9603118128654877 0.8187191592756949 64.0 
245.0 297.0 3.9603118128654877 0.8187191592756949 64.0 
245.0 298.0 3.9603118128654877 0.8187191592756949 64.0 
245.0 299.0 3.9603118128654877 0.8187191592756949 64.0 
245.0 300.0 3.9603118128654877 0.8187191592756949 64.0 
245.0 301.0 3.9603118128654877 0.8187191592756949 64.0 
245.0 302.0 3.9603118128654877 0.8187191592756949 64.0 
246.0 298.0 3.9603118128654877 0.8187191592756949 64.0 
246.0 299.0 3.9603118128654877 0.8187191592756949 64.0 
246.0 300.0 3.9603118128654877 0.8187191592756949 64.0 
246.0 301.0 3.9603118128654877 0.8187191592756949 64.0 
247.0 299.0 3.9603118128654877 0.8187191592756949 64.0 
247.0 300.0 3.9603118128654877 0.8187191592756949 64.0 
247.0 301.0 3.9603118128654877 0.8187191592756949 64.0 
248.0 300.0 3.9603118128654877 0.8187191592756949 64.0 
245.0 309.0 3.813839835396756 0.6722471818069632 60.0 
245.0 310.0 3.813839835396756 0.6722471818069632 60.0 
246.0 307.0 3.813839835396756 0.6722471818069632 60.0 
246.0 308.0 3.813839835396756 0.6722471818069632 60.0 
246.0 309.0 3.813839835396756 0.6722471818069632 60.0 
246.0 310.0 3.813839835396756 0.6722471818069632 60.0 
247.0 306.0 3.813839835396756 0.6722471818069632 60.0 
247.0 307.0 3.813839835396756 0.6722471818069632 60.0 
247.0 308.0 3.813839835396756 0.6722471818069632 60.0 
247.0 309.0 3.813839835396756 0.6722471818069632 60.0 
247.0 310.0 3.813839835396756 0.6722471818069632 60.0 
247.0 311.0 3.813839835396756 0.6722471818069632 60.0 
248.0 305.0 3.813839835396756 0.6722471818069632 60.0 
248.0 306.0 3.813839835396756 0.6722471818069632 60.0 
248.0 307.0 3.813839835396756 0.6722471818069632 60.0 
248.0 308.0 3.813839835396756 0.6722471818069632 60.0 
248.0 309.0 3.813839835396756 0.6722471818069632 60.0 
248.0 310.0 3.813839835396756 0.6722471818069632 60.0 
248.0 311.0 3.813839835396756 0.6722471818069632 60.0 
248.0 312.0 3.813839835396756 0.6722471818069632 60.0 
249.0 306.0 3.813839835396756 0.6722471818069632 60.0 
249.0 307.0 3.813839835396756 0.6722471818069632 60.0 
249.0 308.0 3.813839835396756 0.6722471818069632 60.0 
249.0 309.0 3.813839835396756 0.6722471818069632 60.0 
249.0 310.0 3.813839835396756 0.6722471818069632 60.0 
249.0 311.0 3.813839835396756 0.6722471818069632 60.0 
249.0 312.0 3.813839835396756 0.6722471818069632 60.0 
249.0 313.0 3.813839835396756 0.6722471818069632 60.0 
250.0 307.0 3.813839835396756 0.6722471818069632 60.0 
250.0 308.0 3.813839835396756 0.6722471818069632 60.0 
250.0 309.0 3.813839835396756 0.6722471818069632 60.0 
250.0 310.0 3.813839835396756 0.6722471818069632 60.0 
250.0 311.0 3.813839835396756 0.6722471818069632 60.0 
250.0 312.0 3.813839835396756 0.6722471818069632 60.0 
250.0 313.0 3.813839835396756 0.6722471818069632 60.0 
250.0 314.0 3.813839835396756 0.6722471818069632 60.0 
251.0 308.0 3.813839835396756 0.6722471818069632 60.0 
251.0 309.0 3.813839835396756 0.6722471818069632 60.0 
251.0 310.0 3.813839835396756 0.6722471818069632 60.0 
251.0 311.0 3.813839835396756 0.6722471818069632 60.0 
251.0 312.0 3.813839835396756 0.6722471818069632 60.0 
251.0 313.0 3.813839835396756 0.6722471818069632 60.0 
251.0 314.0 3.813839835396756 0.6722471818069632 60.0 
252.0 308.0 3.813839835396756 0.6722471818069632 60.0 
252.0 309.0 3.813839835396756 0.6722471818069632 60.0 
252.0 310.0 3.813839835396756 0.6722471818069632 60.0 
252.0 311.0 3.813839835396756 0.6722471818069632 60.0 
252.0 312.0 3.813839835396756 0.6722471818069632 60.0 
252.0 313.0 3.813839835396756 0.6722471818069632 60.0 
252.0 314.0 3.813839835396756 0.6722471818069632 60.0 
252.0 315.0 3.813839835396756 0.6722471818069632 60.0 
253.0 309.0 3.813839835396756 0.6722471818069632 60.0 
253.0 310.0 3.813839835396756 0.6722471818069632 60.0 
253.0 311.0 3.813839835396756 0.6722471818069632 60.0 
253.0 312.0 3.813839835396756 0.6722471818069632 60.0 
253.0 313.0 3.813839835396756 0.6722471818069632 60.0 
253.0 314.0 3.813839835396756 0.6722471818069632 60.0 
253.0 315.0 3.813839835396756 0.6722471818069632 60.0 
253.0 316.0 3.813839835396756 0.6722471818069632 60.0 
254.0 310.0 3.813839835396756 0.6722471818069632 60.0 
254.0 311.0 3.813839835396756 0.6722471818069632 60.0 
254.0 312.0 3.813839835396756 0.6722471818069632 60.0 
254.0 313.0 3.813839835396756 0.6722471818069632 60.0 
254.0 314.0 3.813839835396756 0.6722471818069632 60.0 
254.0 315.0 3.813839835396756 0.6722471818069632 60.0 
254.0 316.0 3.813839835396756 0.6722471818069632 60.0 
254.0 317.0 3.813839835396756 0.6722471818069632 60.0 
255.0 311.0 3.813839835396756 0.6722471818069632 60.0 
255.0 312.0 3.813839835396756 0.6722471818069632 60.0 
255.0 313.0 3.813839835396756 0.6722471818069632 60.0 
255.0 314.0 3.813839835396756 0.6722471818069632 60.0 
255.0 315.0 3.813839835396756 0.6722471818069632 60.0 
255.0 316.0 3.813839835396756 0.6722471818069632 60.0 
255.0 317.0 3.813839835396756 0.6722471818069632 60.0 
256.0 312.0 3.813839835396756 0.6722471818069632 60.0 
256.0 313.0 3.813839835396756 0.6722471818069632 60.0 
256.0 314.0 3.813839835396756 0.6722471818069632 60.0 
256.0 315.0 3.813839835396756 0.6722471818069632 60.0 
256.0 316.0 3.813839835396756 0.6722471818069632 60.0 
256.0 317.0 3.813839835396756 0.6722471818069632 60.0 
256.0 318.0 3.813839835396756 0.6722471818069632 60.0 
257.0 312.0 3.813839835396756 0.6722471818069632 60.0 
257.0 313.0 3.813839835396756 0.6722471818069632 60.0 
257.0 314.0 3.813839835396756 0.6722471818069632 60.0 
257.0 315.0 3.813839835396756 0.6722471818069632 60.0 
257.0 316.0 3.813839835396756 0.6722471818069632 60.0 
257.0 317.0 3.813839835396756 0.6722471818069632 60.0 
257.0 318.0 3.813839835396756 0.6722471818069632 60.0 
257.0 319.0 3.813839835396756 0.6722471818069632 60.0 
258.0 313.0 3.813839835396756 0.6722471818069632 60.0 
258.0 314.0 3.813839835396756 0.6722471818069632 60.0 
258.0 315.0 3.813839835396756 0.6722471818069632 60.0 
258.0 316.0 3.813839835396756 0.6722471818069632 60.0 
258.0 317.0 3.813839835396756 0.6722471818069632 60.0 
258.0 318.0 3.813839835396756 0.6722471818069632 60.0 
258.0 319.0 3.813839835396756 0.6722471818069632 60.0 
258.0 320.0 3.813839835396756 0.6722471818069632 60.0 
259.0 314.0 3.813839835396756 0.6722471818069632 60.0 
259.0 315.0 3.813839835396756 0.6722471818069632 60.0 
259.0 316.0 3.813839835396756 0.6722471818069632 60.0 
259.0 317.0 3.813839835396756 0.6722471818069632 60.0 
259.0 318.0 3.813839835396756 0.6722471818069632 60.0 
259.0 319.0 3.813839835396756 0.6722471818069632 60.0 
259.0 320.0 3.813839835396756 0.6722471818069632 60.0 
259.0 321.0 3.813839835396756 0.6722471818069632 60.0 
260.0 315.0 3.813839835396756 0.6722471818069632 60.0 
260.0 316.0 3.813839835396756 0.6722471818069632 60.0 
260.0 317.0 3.813839835396756 0.6722471818069632 60.0 
260.0 318.0 3.813839835396756 0.6722471818069632 60.0 
260.0 319.0 3.813839835396756 0.6722471818069632 60.0 
260.0 320.0 3.813839835396756 0.6722471818069632 60.0 
260.0 321.0 3.813839835396756 0.6722471818069632 60.0 
261.0 316.0 3.813839835396756 0.6722471818069632 60.0 
261.0 317.0 3.813839835396756 0.6722471818069632 60.0 
261.0 318.0 3.813839835396756 0.6722471818069632 60.0 
261.0 319.0 3.813839835396756 0.6722471818069632 60.0 
261.0 320.0 3.813839835396756 0.6722471818069632 60.0 
261.0 321.0 3.813839835396756 0.6722471818069632 60.0 
261.0 322.0 3.813839835396756 0.6722471818069632 60.0 
262.0 316.0 3.813839835396756 0.6722471818069632 60.0 
262.0 317.0 3.813839835396756 0.6722471818069632 60.0 
262.0 318.0 3.813839835396756 0.6722471818069632 60.0 
262.0 319.0 3.813839835396756 0.6722471818069632 60.0 
262.0 320.0 3.813839835396756 0.6722471818069632 60.0 
262.0 321.0 3.813839835396756 0.6722471818069632 60.0 
262.0 322.0 3.813839835396756 0.6722471818069632 60.0 
262.0 323.0 3.813839835396756 0.6722471818069632 60.0 
263.0 317.0 3.813839835396756 0.6722471818069632 60.0 
263.0 318.0 3.813839835396756 0.6722471818069632 60.0 
263.0 319.0 3.813839835396756 0.6722471818069632 60.0 
263.0 320.0 3.813839835396756 0.6722471818069632 60.0 
263.0 321.0 3.813839835396756 0.6722471818069632 60.0 
263.0 322.0 3.813839835396756 0.6722471818069632 60.0 
263.0 323.0 3.813839835396756 0.6722471818069632 60.0 
263.0 324.0 3.813839835396756 0.6722471818069632 60.0 
264.0 318.0 3.813839835396756 0.6722471818069632 60.0 
264.0 319.0 3.813839835396756 0.6722471818069632 60.0 
264.0 320.0 3.813839835396756 0.6722471818069632 60.0 
264.0 321.0 3.813839835396756 0.6722471818069632 60.0 
264.0 322.0 3.813839835396756 0.6722471818069632 60.0 
264.0 323.0 3.813839835396756 0.6722471818069632 60.0 
264.0 324.0 3.813839835396756 0.6722471818069632 60.0 
264.0 325.0 3.813839835396756 0.6722471818069632 60.0 
265.0 319.0 3.813839835396756 0.6722471818069632 60.0 
265.0 320.0 3.813839835396756 0.6722471818069632 60.0 
265.0 321.0 3.813839835396756 0.6722471818069632 60.0 
265.0 322.0 3.813839835396756 0.6722471818069632 60.0 
265.0 323.0 3.813839835396756 0.6722471818069632 60.0 
265.0 324.0 3.813839835396756 0.6722471818069632 60.0 
265.0 325.0 3.813839835396756 0.6722471818069632 60.0 
266.0 320.0 3.813839835396756 0.6722471818069632 60.0 
266.0 321.0 3.813839835396756 0.6722471818069632 60.0 
266.0 322.0 3.813839835396756 0.6722471818069632 60.0 
266.0 323.0 3.813839835396756 0.6722471818069632 60.0 
266.0 324.0 3.813839835396756 0.6722471818069632 60.0 
266.0 325.0 3.813839835396756 0.6722471818069632 60.0 
266.0 326.0 3.813839835396756 0.6722471818069632 60.0 
267.0 320.0 3.813839835396756 0.6722471818069632 60.0 
267.0 321.0 3.813839835396756 0.6722471818069632 60.0 
267.0 322.0 3.813839835396756 0.6722471818069632 60.0 
267.0 323.0 3.813839835396756 0.6722471818069632 60.0 
267.0 324.0 3.813839835396756 0.6722471818069632 60.0 
267.0 325.0 3.813839835396756 0.6722471818069632 60.0 
267.0 326.0 3.813839835396756 0.6722471818069632 60.0 
267.0 327.0 3.813839835396756 0.6722471818069632 60.0 
268.0 321.0 3.813839835396756 0.6722471818069632 60.0 
268.0 322.0 3.813839835396756 0.6722471818069632 60.0 
268.0 323.0 3.813839835396756 0.6722471818069632 60.0 
268.0 324.0 3.813839835396756 0.6722471818069632 60.0 
268.0 325.0 3.813839835396756 0.6722471818069632 60.0 
268.0 326.0 3.813839835396756 0.6722471818069632 60.0 
268.0 327.0 3.813839835396756 0.6722471818069632 60.0 
268.0 328.0 3.813839835396756 0.6722471818069632 60.0 
269.0 322.0 3.813839835396756 0.6722471818069632 60.0 
269.0 323.0 3.813839835396756 0.6722471818069632 60.0 
269.0 324.0 3.813839835396756 0.6722471818069632 60.0 
269.0 325.0 3.813839835396756 0.6722471818069632 60.0 
269.0 326.0 3.813839835396756 0.6722471818069632 60.0 
269.0 327.0 3.813839835396756 0.6722471818069632 60.0 
269.0 328.0 3.813839835396756 0.6722471818069632 60.0 
269.0 329.0 3.813839835396756 0.6722471818069632 60.0 
270.0 323.0 3.813839835396756 0.6722471818069632 60.0 
270.0 324.0 3.813839835396756 0.6722471818069632 60.0 
270.0 325.0 3.813839835396756 0.6722471818069632 60.0 
270.0 326.0 3.813839835396756 0.6722471818069632 60.0 
270.0 327.0 3.813839835396756 0.6722471818069632 60.0 
270.0 328.0 3.813839835396756 0.6722471818069632 60.0 
270.0 329.0 3.813839835396756 0.6722471818069632 60.0 
271.0 324.0 3.813839835396756 0.6722471818069632 60.0 
271.0 325.0 3.813839835396756 0.6722471818069632 60.0 
271.0 326.0 3.813839835396756 0.6722471818069632 60.0 
271.0 327.0 3.813839835396756 0.6722471818069632 60.0 
271.0 328.0 3.813839835396756 0.6722471818069632 60.0 
271.0 329.0 3.813839835396756 0.6722471818069632 60.0 
271.0 330.0 3.813839835396756 0.6722471818069632 60.0 
272.0 324.0 3.813839835396756 0.6722471818069632 60.0 
272.0 325.0 3.813839835396756 0.6722471818069632 60.0 
272.0 326.0 3.813839835396756 0.6722471818069632 60.0 
272.0 327.0 3.813839835396756 0.6722471818069632 60.0 
272.0 328.0 3.813839835396756 0.6722471818069632 60.0 
272.0 329.0 3.813839835396756 0.6722471818069632 60.0 
272.0 330.0 3.813839835396756 0.6722471818069632 60.0 
272.0 331.0 3.813839835396756 0.6722471818069632 60.0 
273.0 325.0 3.813839835396756 0.6722471818069632 60.0 
273.0 326.0 3.813839835396756 0.6722471818069632 60.0 
273.0 327.0 3.813839835396756 0.6722471818069632 60.0 
273.0 328.0 3.813839835396756 0.6722471818069632 60.0 
273.0 329.0 3.813839835396756 0.6722471818069632 60.0 
273.0 330.0 3.813839835396756 0.6722471818069632 60.0 
273.0 331.0 3.813839835396756 0.6722471818069632 60.0 
273.0 332.0 3.813839835396756 0.6722471818069632 60.0 
274.0 326.0 3.813839835396756 0.6722471818069632 60.0 
274.0 327.0 3.813839835396756 0.6722471818069632 60.0 
274.0 328.0 3.813839835396756 0.6722471818069632 60.0 
274.0 329.0 3.813839835396756 0.6722471818069632 60.0 
274.0 330.0 3.813839835396756 0.6722471818069632 60.0 
274.0 331.0 3.813839835396756 0.6722471818069632 60.0 
274.0 332.0 3.813839835396756 0.6722471818069632 60.0 
274.0 333.0 3.813839835396756 0.6722471818069632 60.0 
275.0 327.0 3.813839835396756 0.6722471818069632 60.0 
275.0 328.0 3.813839835396756 0.6722471818069632 60.0 
275.0 329.0 3.813839835396756 0.6722471818069632 60.0 
275.0 330.0 3.813839835396756 0.6722471818069632 60.0 
275.0 331.0 3.813839835396756 0.6722471818069632 60.0 
275.0 332.0 3.813839835396756 0.6722471818069632 60.0 
275.0 333.0 3.813839835396756 0.6722471818069632 60.0 
276.0 328.0 3.813839835396756 0.6722471818069632 60.0 
276.0 329.0 3.813839835396756 0.6722471818069632 60.0 
276.0 330.0 3.813839835396756 0.6722471818069632 60.0 
276.0 331.0 3.813839835396756 0.6722471818069632 60.0 
276.0 332.0 3.813839835396756 0.6722471818069632 60.0 
276.0 333.0 3.813839835396756 0.6722471818069632 60.0 
276.0 334.0 3.813839835396756 0.6722471818069632 60.0 
277.0 328.0 3.813839835396756 0.6722471818069632 60.0 
277.0 329.0 3.813839835396756 0.6722471818069632 60.0 
277.0 330.0 3.813839835396756 0.6722471818069632 60.0 
277.0 331.0 3.813839835396756 0.6722471818069632 60.0 
277.0 332.0 3.813839835396756 0.6722471818069632 60.0 
277.0 333.0 3.813839835396756 0.6722471818069632 60.0 
277.0 334.0 3.813839835396756 0.6722471818069632 60.0 
277.0 335.0 3.813839835396756 0.6722471818069632 60.0 
278.0 329.0 3.813839835396756 0.6722471818069632 60.0 
278.0 330.0 3.813839835396756 0.6722471818069632 60.0 
278.0 331.0 3.813839835396756 0.6722471818069632 60.0 
278.0 332.0 3.813839835396756 0.6722471818069632 60.0 
278.0 333.0 3.813839835396756 0.6722471818069632 60.0 
278.0 334.0 3.813839835396756 0.6722471818069632 60.0 
278.0 335.0 3.813839835396756 0.6722471818069632 60.0 
278.0 336.0 3.813839835396756 0.6722471818069632 60.0 
279.0 330.0 3.813839835396756 0.6722471818069632 60.0 
279.0 331.0 3.813839835396756 0.6722471818069632 60.0 
279.0 332.0 3.813839835396756 0.6722471818069632 60.0 
279.0 333.0 3.813839835396756 0.6722471818069632 60.0 
279.0 334.0 3.813839835396756 0.6722471818069632 60.0 
279.0 335.0 3.813839835396756 0.6722471818069632 60.0 
279.0 336.0 3.813839835396756 0.6722471818069632 60.0 
279.0 337.0 3.813839835396756 0.6722471818069632 60.0 
280.0 331.0 3.813839835396756 0.6722471818069632 60.0 
280.0 332.0 3.813839835396756 0.6722471818069632 60.0 
280.0 333.0 3.813839835396756 0.6722471818069632 60.0 
280.0 334.0 3.813839835396756 0.6722471818069632 60.0 
280.0 335.0 3.813839835396756 0.6722471818069632 60.0 
280.0 336.0 3.813839835396756 0.6722471818069632 60.0 
280.0 337.0 3.813839835396756 0.6722471818069632 60.0 
281.0 332.0 3.813839835396756 0.6722471818069632 60.0 
281.0 333.0 3.813839835396756 0.6722471818069632 60.0 
281.0 334.0 3.813839835396756 0.6722471818069632 60.0 
281.0 335.0 3.813839835396756 0.6722471818069632 60.0 
281.0 336.0 3.813839835396756 0.6722471818069632 60.0 
281.0 337.0 3.813839835396756 0.6722471818069632 60.0 
281.0 338.0 3.813839835396756 0.6722471818069632 60.0 
282.0 332.0 3.813839835396756 0.6722471818069632 60.0 
282.0 333.0 3.813839835396756 0.6722471818069632 60.0 
282.0 334.0 3.813839835396756 0.6722471818069632 60.0 
282.0 335.0 3.813839835396756 0.6722471818069632 60.0 
282.0 336.0 3.813839835396756 0.6722471818069632 60.0 
282.0 337.0 3.813839835396756 0.6722471818069632 60.0 
282.0 338.0 3.813839835396756 0.6722471818069632 60.0 
282.0 339.0 3.813839835396756 0.6722471818069632 60.0 
283.0 333.0 3.813839835396756 0.6722471818069632 60.0 
283.0 334.0 3.813839835396756 0.6722471818069632 60.0 
283.0 335.0 3.813839835396756 0.6722471818069632 60.0 
283.0 336.0 3.813839835396756 0.6722471818069632 60.0 
283.0 337.0 3.813839835396756 0.6722471818069632 60.0 
283.0 338.0 3.813839835396756 0.6722471818069632 60.0 
283.0 339.0 3.813839835396756 0.6722471818069632 60.0 
283.0 340.0 3.813839835396756 0.6722471818069632 60.0 
284.0 334.0 3.813839835396756 0.6722471818069632 60.0 
284.0 335.0 3.813839835396756 0.6722471818069632 60.0 
284.0 336.0 3.813839835396756 0.6722471818069632 60.0 
284.0 337.0 3.813839835396756 0.6722471818069632 60.0 
284.0 338.0 3.813839835396756 0.6722471818069632 60.0 
284.0 339.0 3.813839835396756 0.6722471818069632 60.0 
284.0 340.0 3.813839835396756 0.6722471818069632 60.0 
284.0 341.0 3.813839835396756 0.6722471818069632 60.0 
285.0 335.0 3.813839835396756 0.6722471818069632 60.0 
285.0 336.0 3.813839835396756 0.6722471818069632 60.0 
285.0 337.0 3.813839835396756 0.6722471818069632 60.0 
285.0 338.0 3.813839835396756 0.6722471818069632 60.0 
285.0 339.0 3.813839835396756 0.6722471818069632 60.0 
285.0 340.0 3.813839835396756 0.6722471818069632 60.0 
285.0 341.0 3.813839835396756 0.6722471818069632 60.0 
286.0 336.0 3.813839835396756 0.6722471818069632 60.0 
286.0 337.0 3.813839835396756 0.6722471818069632 60.0 
286.0 338.0 3.813839835396756 0.6722471818069632 60.0 
286.0 339.0 3.813839835396756 0.6722471818069632 60.0 
286.0 340.0 3.813839835396756 0.6722471818069632 60.0 
286.0 341.0 3.813839835396756 0.6722471818069632 60.0 
286.0 342.0 3.813839835396756 0.6722471818069632 60.0 
287.0 336.0 3.813839835396756 0.6722471818069632 60.0 
287.0 337.0 3.813839835396756 0.6722471818069632 60.0 
287.0 338.0 3.813839835396756 0.6722471818069632 60.0 
287.0 339.0 3.813839835396756 0.6722471818069632 60.0 
287.0 340.0 3.813839835396756 0.6722471818069632 60.0 
287.0 341.0 3.813839835396756 0.6722471818069632 60.0 
287.0 342.0 3.813839835396756 0.6722471818069632 60.0 
287.0 343.0 3.813839835396756 0.6722471818069632 60.0 
288.0 337.0 3.813839835396756 0.6722471818069632 60.0 
288.0 338.0 3.813839835396756 0.6722471818069632 60.0 
288.0 339.0 3.813839835396756 0.6722471818069632 60.0 
288.0 340.0 3.813839835396756 0.6722471818069632 60.0 
288.0 341.0 3.813839835396756 0.6722471818069632 60.0 
288.0 342.0 3.813839835396756 0.6722471818069632 60.0 
288.0 343.0 3.813839835396756 0.6722471818069632 60.0 
288.0 344.0 3.813839835396756 0.6722471818069632 60.0 
289.0 338.0 3.813839835396756 0.6722471818069632 60.0 
289.0 339.0 3.813839835396756 0.6722471818069632 60.0 
289.0 340.0 3.813839835396756 0.6722471818069632 60.0 
289.0 341.0 3.813839835396756 0.6722471818069632 60.0 
289.0 342.0 3.813839835396756 0.6722471818069632 60.0 
289.0 343.0 3.813839835396756 0.6722471818069632 60.0 
289.0 344.0 3.813839835396756 0.6722471818069632 60.0 
289.0 345.0 3.813839835396756 0.6722471818069632 60.0 
290.0 339.0 3.813839835396756 0.6722471818069632 60.0 
290.0 340.0 3.813839835396756 0.6722471818069632 60.0 
290.0 341.0 3.813839835396756 0.6722471818069632 60.0 
290.0 342.0 3.813839835396756 0.6722471818069632 60.0 
290.0 343.0 3.813839835396756 0.6722471818069632 60.0 
290.0 344.0 3.813839835396756 0.6722471818069632 60.0 
290.0 345.0 3.813839835396756 0.6722471818069632 60.0 
291.0 339.0 3.813839835396756 0.6722471818069632 60.0 
291.0 340.0 3.813839835396756 0.6722471818069632 60.0 
291.0 341.0 3.813839835396756 0.6722471818069632 60.0 
291.0 342.0 3.813839835396756 0.6722471818069632 60.0 
291.0 343.0 3.813839835396756 0.6722471818069632 60.0 
291.0 344.0 3.813839835396756 0.6722471818069632 60.0 
291.0 345.0 3.813839835396756 0.6722471818069632 60.0 
291.0 346.0 3.813839835396756 0.6722471818069632 60.0 
292.0 340.0 3.813839835396756 0.6722471818069632 60.0 
292.0 341.0 3.813839835396756 0.6722471818069632 60.0 
292.0 342.0 3.813839835396756 0.6722471818069632 60.0 
292.0 343.0 3.813839835396756 0.6722471818069632 60.0 
292.0 344.0 3.813839835396756 0.6722471818069632 60.0 
292.0 345.0 3.813839835396756 0.6722471818069632 60.0 
292.0 346.0 3.813839835396756 0.6722471818069632 60.0 
292.0 347.0 3.813839835396756 0.6722471818069632 60.0 
293.0 341.0 3.813839835396756 0.6722471818069632 60.0 
293.0 342.0 3.813839835396756 0.6722471818069632 60.0 
293.0 343.0 3.813839835396756 0.6722471818069632 60.0 
293.0 344.0 3.813839835396756 0.6722471818069632 60.0 
293.0 345.0 3.813839835396756 0.6722471818069632 60.0 
293.0 346.0 3.813839835396756 0.6722471818069632 60.0 
293.0 347.0 3.813839835396756 0.6722471818069632 60.0 
293.0 348.0 3.813839835396756 0.6722471818069632 60.0 
294.0 342.0 3.813839835396756 0.6722471818069632 60.0 
294.0 343.0 3.813839835396756 0.6722471818069632 60.0 
294.0 344.0 3.813839835396756 0.6722471818069632 60.0 
294.0 345.0 3.813839835396756 0.6722471818069632 60.0 
294.0 346.0 3.813839835396756 0.6722471818069632 60.0 
294.0 347.0 3.813839835396756 0.6722471818069632 60.0 
295.0 343.0 3.813839835396756 0.6722471818069632 60.0 
295.0 344.0 3.813839835396756 0.6722471818069632 60.0 
295.0 345.0 3.813839835396756 0.6722471818069632 60.0 
296.0 343.0 3.813839835396756 0.6722471818069632 60.0 
296.0 344.0 3.813839835396756 0.6722471818069632 60.0 
