202.0 277.0 4.643532491083644 1.5019398374938513 40.0 
202.0 278.0 4.643532491083644 1.5019398374938513 40.0 
202.0 279.0 4.643532491083644 1.5019398374938513 40.0 
202.0 280.0 4.643532491083644 1.5019398374938513 40.0 
202.0 281.0 4.643532491083644 1.5019398374938513 40.0 
202.0 282.0 4.643532491083644 1.5019398374938513 40.0 
202.0 283.0 4.643532491083644 1.5019398374938513 40.0 
202.0 284.0 4.643532491083644 1.5019398374938513 40.0 
202.0 285.0 4.643532491083644 1.5019398374938513 40.0 
202.0 286.0 4.643532491083644 1.5019398374938513 40.0 
202.0 287.0 4.643532491083644 1.5019398374938513 40.0 
202.0 288.0 4.643532491083644 1.5019398374938513 40.0 
202.0 289.0 4.643532491083644 1.5019398374938513 40.0 
202.0 290.0 4.643532491083644 1.5019398374938513 40.0 
203.0 277.0 4.643532491083644 1.5019398374938513 40.0 
203.0 278.0 4.643532491083644 1.5019398374938513 40.0 
203.0 279.0 4.643532491083644 1.5019398374938513 40.0 
203.0 280.0 4.643532491083644 1.5019398374938513 40.0 
203.0 281.0 4.643532491083644 1.5019398374938513 40.0 
203.0 282.0 4.643532491083644 1.5019398374938513 40.0 
203.0 283.0 4.643532491083644 1.5019398374938513 40.0 
203.0 284.0 4.643532491083644 1.5019398374938513 40.0 
203.0 285.0 4.643532491083644 1.5019398374938513 40.0 
203.0 286.0 4.643532491083644 1.5019398374938513 40.0 
203.0 287.0 4.643532491083644 1.5019398374938513 40.0 
203.0 288.0 4.643532491083644 1.5019398374938513 40.0 
203.0 289.0 4.643532491083644 1.5019398374938513 40.0 
203.0 290.0 4.643532491083644 1.5019398374938513 40.0 
203.0 291.0 4.643532491083644 1.5019398374938513 40.0 
203.0 292.0 4.643532491083644 1.5019398374938513 40.0 
203.0 293.0 4.643532491083644 1.5019398374938513 40.0 
203.0 294.0 4.643532491083644 1.5019398374938513 40.0 
203.0 295.0 4.643532491083644 1.5019398374938513 40.0 
203.0 296.0 4.643532491083644 1.5019398374938513 40.0 
203.0 297.0 4.643532491083644 1.5019398374938513 40.0 
203.0 298.0 4.643532491083644 1.5019398374938513 40.0 
203.0 299.0 4.643532491083644 1.5019398374938513 40.0 
203.0 300.0 4.643532491083644 1.5019398374938513 40.0 
203.0 301.0 4.643532491083644 1.5019398374938513 40.0 
203.0 302.0 4.643532491083644 1.5019398374938513 40.0 
203.0 303.0 4.643532491083644 1.5019398374938513 40.0 
203.0 304.0 4.643532491083644 1.5019398374938513 40.0 
203.0 305.0 4.643532491083644 1.5019398374938513 40.0 
204.0 276.0 4.643532491083644 1.5019398374938513 40.0 
204.0 277.0 4.643532491083644 1.5019398374938513 40.0 
204.0 278.0 4.643532491083644 1.5019398374938513 40.0 
204.0 279.0 4.643532491083644 1.5019398374938513 40.0 
204.0 280.0 4.643532491083644 1.5019398374938513 40.0 
204.0 281.0 4.643532491083644 1.5019398374938513 40.0 
204.0 282.0 4.643532491083644 1.5019398374938513 40.0 
204.0 283.0 4.643532491083644 1.5019398374938513 40.0 
204.0 284.0 4.643532491083644 1.5019398374938513 40.0 
204.0 285.0 4.643532491083644 1.5019398374938513 40.0 
204.0 286.0 4.643532491083644 1.5019398374938513 40.0 
204.0 287.0 4.643532491083644 1.5019398374938513 40.0 
204.0 288.0 4.643532491083644 1.5019398374938513 40.0 
204.0 289.0 4.643532491083644 1.5019398374938513 40.0 
204.0 290.0 4.643532491083644 1.5019398374938513 40.0 
204.0 291.0 4.643532491083644 1.5019398374938513 40.0 
204.0 292.0 4.643532491083644 1.5019398374938513 40.0 
204.0 293.0 4.643532491083644 1.5019398374938513 40.0 
204.0 294.0 4.643532491083644 1.5019398374938513 40.0 
204.0 295.0 4.643532491083644 1.5019398374938513 40.0 
204.0 296.0 4.643532491083644 1.5019398374938513 40.0 
204.0 297.0 4.643532491083644 1.5019398374938513 40.0 
204.0 298.0 4.643532491083644 1.5019398374938513 40.0 
204.0 299.0 4.643532491083644 1.5019398374938513 40.0 
204.0 300.0 4.643532491083644 1.5019398374938513 40.0 
204.0 301.0 4.643532491083644 1.5019398374938513 40.0 
204.0 302.0 4.643532491083644 1.5019398374938513 40.0 
204.0 303.0 4.643532491083644 1.5019398374938513 40.0 
204.0 304.0 4.643532491083644 1.5019398374938513 40.0 
204.0 305.0 4.643532491083644 1.5019398374938513 40.0 
205.0 276.0 4.643532491083644 1.5019398374938513 40.0 
205.0 277.0 4.643532491083644 1.5019398374938513 40.0 
205.0 278.0 4.643532491083644 1.5019398374938513 40.0 
205.0 279.0 4.643532491083644 1.5019398374938513 40.0 
205.0 280.0 4.643532491083644 1.5019398374938513 40.0 
205.0 281.0 4.643532491083644 1.5019398374938513 40.0 
205.0 282.0 4.643532491083644 1.5019398374938513 40.0 
205.0 283.0 4.643532491083644 1.5019398374938513 40.0 
205.0 284.0 4.643532491083644 1.5019398374938513 40.0 
205.0 285.0 4.643532491083644 1.5019398374938513 40.0 
205.0 286.0 4.643532491083644 1.5019398374938513 40.0 
205.0 287.0 4.643532491083644 1.5019398374938513 40.0 
205.0 288.0 4.643532491083644 1.5019398374938513 40.0 
205.0 289.0 4.643532491083644 1.5019398374938513 40.0 
205.0 290.0 4.643532491083644 1.5019398374938513 40.0 
205.0 291.0 4.643532491083644 1.5019398374938513 40.0 
205.0 292.0 4.643532491083644 1.5019398374938513 40.0 
205.0 293.0 4.643532491083644 1.5019398374938513 40.0 
205.0 294.0 4.643532491083644 1.5019398374938513 40.0 
205.0 295.0 4.643532491083644 1.5019398374938513 40.0 
205.0 296.0 4.643532491083644 1.5019398374938513 40.0 
205.0 297.0 4.643532491083644 1.5019398374938513 40.0 
205.0 298.0 4.643532491083644 1.5019398374938513 40.0 
205.0 299.0 4.643532491083644 1.5019398374938513 40.0 
205.0 300.0 4.643532491083644 1.5019398374938513 40.0 
205.0 301.0 4.643532491083644 1.5019398374938513 40.0 
205.0 302.0 4.643532491083644 1.5019398374938513 40.0 
205.0 303.0 4.643532491083644 1.5019398374938513 40.0 
205.0 304.0 4.643532491083644 1.5019398374938513 40.0 
205.0 305.0 4.643532491083644 1.5019398374938513 40.0 
206.0 276.0 4.643532491083644 1.5019398374938513 40.0 
206.0 277.0 4.643532491083644 1.5019398374938513 40.0 
206.0 278.0 4.643532491083644 1.5019398374938513 40.0 
206.0 279.0 4.643532491083644 1.5019398374938513 40.0 
206.0 280.0 4.643532491083644 1.5019398374938513 40.0 
206.0 281.0 4.643532491083644 1.5019398374938513 40.0 
206.0 282.0 4.643532491083644 1.5019398374938513 40.0 
206.0 283.0 4.643532491083644 1.5019398374938513 40.0 
206.0 284.0 4.643532491083644 1.5019398374938513 40.0 
206.0 285.0 4.643532491083644 1.5019398374938513 40.0 
206.0 286.0 4.643532491083644 1.5019398374938513 40.0 
206.0 287.0 4.643532491083644 1.5019398374938513 40.0 
206.0 288.0 4.643532491083644 1.5019398374938513 40.0 
206.0 289.0 4.643532491083644 1.5019398374938513 40.0 
206.0 290.0 4.643532491083644 1.5019398374938513 40.0 
206.0 291.0 4.643532491083644 1.5019398374938513 40.0 
206.0 292.0 4.643532491083644 1.5019398374938513 40.0 
206.0 293.0 4.643532491083644 1.5019398374938513 40.0 
206.0 294.0 4.643532491083644 1.5019398374938513 40.0 
206.0 295.0 4.643532491083644 1.5019398374938513 40.0 
206.0 296.0 4.643532491083644 1.5019398374938513 40.0 
206.0 297.0 4.643532491083644 1.5019398374938513 40.0 
206.0 298.0 4.643532491083644 1.5019398374938513 40.0 
206.0 299.0 4.643532491083644 1.5019398374938513 40.0 
206.0 300.0 4.643532491083644 1.5019398374938513 40.0 
206.0 301.0 4.643532491083644 1.5019398374938513 40.0 
206.0 302.0 4.643532491083644 1.5019398374938513 40.0 
206.0 303.0 4.643532491083644 1.5019398374938513 40.0 
206.0 304.0 4.643532491083644 1.5019398374938513 40.0 
207.0 276.0 4.643532491083644 1.5019398374938513 40.0 
207.0 277.0 4.643532491083644 1.5019398374938513 40.0 
207.0 278.0 4.643532491083644 1.5019398374938513 40.0 
207.0 279.0 4.643532491083644 1.5019398374938513 40.0 
207.0 280.0 4.643532491083644 1.5019398374938513 40.0 
207.0 281.0 4.643532491083644 1.5019398374938513 40.0 
207.0 282.0 4.643532491083644 1.5019398374938513 40.0 
207.0 283.0 4.643532491083644 1.5019398374938513 40.0 
207.0 284.0 4.643532491083644 1.5019398374938513 40.0 
207.0 285.0 4.643532491083644 1.5019398374938513 40.0 
207.0 286.0 4.643532491083644 1.5019398374938513 40.0 
207.0 287.0 4.643532491083644 1.5019398374938513 40.0 
207.0 288.0 4.643532491083644 1.5019398374938513 40.0 
207.0 289.0 4.643532491083644 1.5019398374938513 40.0 
207.0 290.0 4.643532491083644 1.5019398374938513 40.0 
207.0 291.0 4.643532491083644 1.5019398374938513 40.0 
207.0 292.0 4.643532491083644 1.5019398374938513 40.0 
207.0 293.0 4.643532491083644 1.5019398374938513 40.0 
207.0 294.0 4.643532491083644 1.5019398374938513 40.0 
207.0 295.0 4.643532491083644 1.5019398374938513 40.0 
207.0 296.0 4.643532491083644 1.5019398374938513 40.0 
207.0 297.0 4.643532491083644 1.5019398374938513 40.0 
207.0 298.0 4.643532491083644 1.5019398374938513 40.0 
207.0 299.0 4.643532491083644 1.5019398374938513 40.0 
207.0 300.0 4.643532491083644 1.5019398374938513 40.0 
207.0 301.0 4.643532491083644 1.5019398374938513 40.0 
207.0 302.0 4.643532491083644 1.5019398374938513 40.0 
207.0 303.0 4.643532491083644 1.5019398374938513 40.0 
207.0 304.0 4.643532491083644 1.5019398374938513 40.0 
208.0 291.0 4.643532491083644 1.5019398374938513 40.0 
208.0 292.0 4.643532491083644 1.5019398374938513 40.0 
208.0 293.0 4.643532491083644 1.5019398374938513 40.0 
208.0 294.0 4.643532491083644 1.5019398374938513 40.0 
208.0 295.0 4.643532491083644 1.5019398374938513 40.0 
208.0 296.0 4.643532491083644 1.5019398374938513 40.0 
208.0 297.0 4.643532491083644 1.5019398374938513 40.0 
208.0 298.0 4.643532491083644 1.5019398374938513 40.0 
208.0 299.0 4.643532491083644 1.5019398374938513 40.0 
208.0 300.0 4.643532491083644 1.5019398374938513 40.0 
208.0 301.0 4.643532491083644 1.5019398374938513 40.0 
208.0 302.0 4.643532491083644 1.5019398374938513 40.0 
208.0 303.0 4.643532491083644 1.5019398374938513 40.0 
208.0 304.0 4.643532491083644 1.5019398374938513 40.0 
222.0 294.0 3.208160817365617 0.06656816377582399 68.0 
222.0 295.0 3.208160817365617 0.06656816377582399 68.0 
222.0 296.0 3.208160817365617 0.06656816377582399 68.0 
222.0 297.0 3.208160817365617 0.06656816377582399 68.0 
223.0 292.0 3.208160817365617 0.06656816377582399 68.0 
223.0 293.0 3.208160817365617 0.06656816377582399 68.0 
223.0 294.0 3.208160817365617 0.06656816377582399 68.0 
223.0 295.0 3.208160817365617 0.06656816377582399 68.0 
223.0 296.0 3.208160817365617 0.06656816377582399 68.0 
223.0 297.0 3.208160817365617 0.06656816377582399 68.0 
224.0 292.0 3.208160817365617 0.06656816377582399 68.0 
224.0 293.0 3.208160817365617 0.06656816377582399 68.0 
224.0 294.0 3.208160817365617 0.06656816377582399 68.0 
224.0 295.0 3.208160817365617 0.06656816377582399 68.0 
224.0 296.0 3.208160817365617 0.06656816377582399 68.0 
224.0 297.0 3.208160817365617 0.06656816377582399 68.0 
225.0 292.0 3.208160817365617 0.06656816377582399 68.0 
225.0 293.0 3.208160817365617 0.06656816377582399 68.0 
225.0 294.0 3.208160817365617 0.06656816377582399 68.0 
225.0 295.0 3.208160817365617 0.06656816377582399 68.0 
225.0 296.0 3.208160817365617 0.06656816377582399 68.0 
225.0 297.0 3.208160817365617 0.06656816377582399 68.0 
226.0 292.0 3.208160817365617 0.06656816377582399 68.0 
226.0 293.0 3.208160817365617 0.06656816377582399 68.0 
226.0 294.0 3.208160817365617 0.06656816377582399 68.0 
226.0 295.0 3.208160817365617 0.06656816377582399 68.0 
226.0 296.0 3.208160817365617 0.06656816377582399 68.0 
226.0 297.0 3.208160817365617 0.06656816377582399 68.0 
227.0 292.0 3.208160817365617 0.06656816377582399 68.0 
227.0 293.0 3.208160817365617 0.06656816377582399 68.0 
227.0 294.0 3.208160817365617 0.06656816377582399 68.0 
227.0 295.0 3.208160817365617 0.06656816377582399 68.0 
227.0 296.0 3.208160817365617 0.06656816377582399 68.0 
227.0 297.0 3.208160817365617 0.06656816377582399 68.0 
228.0 292.0 3.208160817365617 0.06656816377582399 68.0 
228.0 293.0 3.208160817365617 0.06656816377582399 68.0 
228.0 294.0 3.208160817365617 0.06656816377582399 68.0 
228.0 295.0 3.208160817365617 0.06656816377582399 68.0 
228.0 296.0 3.208160817365617 0.06656816377582399 68.0 
228.0 297.0 3.208160817365617 0.06656816377582399 68.0 
229.0 292.0 3.208160817365617 0.06656816377582399 68.0 
229.0 293.0 3.208160817365617 0.06656816377582399 68.0 
229.0 294.0 3.208160817365617 0.06656816377582399 68.0 
229.0 295.0 3.208160817365617 0.06656816377582399 68.0 
229.0 296.0 3.208160817365617 0.06656816377582399 68.0 
229.0 297.0 3.208160817365617 0.06656816377582399 68.0 
230.0 292.0 3.208160817365617 0.06656816377582399 68.0 
230.0 293.0 3.208160817365617 0.06656816377582399 68.0 
230.0 294.0 3.208160817365617 0.06656816377582399 68.0 
230.0 295.0 3.208160817365617 0.06656816377582399 68.0 
230.0 296.0 3.208160817365617 0.06656816377582399 68.0 
230.0 297.0 3.208160817365617 0.06656816377582399 68.0 
231.0 292.0 3.208160817365617 0.06656816377582399 68.0 
231.0 293.0 3.208160817365617 0.06656816377582399 68.0 
231.0 294.0 3.208160817365617 0.06656816377582399 68.0 
231.0 295.0 3.208160817365617 0.06656816377582399 68.0 
231.0 296.0 3.208160817365617 0.06656816377582399 68.0 
231.0 297.0 3.208160817365617 0.06656816377582399 68.0 
232.0 292.0 3.208160817365617 0.06656816377582399 68.0 
232.0 293.0 3.208160817365617 0.06656816377582399 68.0 
232.0 294.0 3.208160817365617 0.06656816377582399 68.0 
232.0 295.0 3.208160817365617 0.06656816377582399 68.0 
232.0 296.0 3.208160817365617 0.06656816377582399 68.0 
232.0 297.0 3.208160817365617 0.06656816377582399 68.0 
233.0 292.0 3.208160817365617 0.06656816377582399 68.0 
233.0 293.0 3.208160817365617 0.06656816377582399 68.0 
233.0 294.0 3.208160817365617 0.06656816377582399 68.0 
233.0 295.0 3.208160817365617 0.06656816377582399 68.0 
233.0 296.0 3.208160817365617 0.06656816377582399 68.0 
233.0 297.0 3.208160817365617 0.06656816377582399 68.0 
234.0 292.0 3.208160817365617 0.06656816377582399 68.0 
234.0 293.0 3.208160817365617 0.06656816377582399 68.0 
234.0 294.0 3.208160817365617 0.06656816377582399 68.0 
234.0 295.0 3.208160817365617 0.06656816377582399 68.0 
234.0 296.0 3.208160817365617 0.06656816377582399 68.0 
234.0 297.0 3.208160817365617 0.06656816377582399 68.0 
235.0 292.0 3.208160817365617 0.06656816377582399 68.0 
235.0 293.0 3.208160817365617 0.06656816377582399 68.0 
235.0 294.0 3.208160817365617 0.06656816377582399 68.0 
235.0 295.0 3.208160817365617 0.06656816377582399 68.0 
235.0 296.0 3.208160817365617 0.06656816377582399 68.0 
235.0 297.0 3.208160817365617 0.06656816377582399 68.0 
236.0 292.0 3.208160817365617 0.06656816377582399 68.0 
236.0 293.0 3.208160817365617 0.06656816377582399 68.0 
236.0 294.0 3.208160817365617 0.06656816377582399 68.0 
236.0 295.0 3.208160817365617 0.06656816377582399 68.0 
236.0 296.0 3.208160817365617 0.06656816377582399 68.0 
236.0 297.0 3.208160817365617 0.06656816377582399 68.0 
237.0 292.0 3.208160817365617 0.06656816377582399 68.0 
237.0 293.0 3.208160817365617 0.06656816377582399 68.0 
237.0 294.0 3.208160817365617 0.06656816377582399 68.0 
237.0 295.0 3.208160817365617 0.06656816377582399 68.0 
237.0 296.0 3.208160817365617 0.06656816377582399 68.0 
237.0 297.0 3.208160817365617 0.06656816377582399 68.0 
237.0 298.0 3.208160817365617 0.06656816377582399 68.0 
238.0 293.0 3.208160817365617 0.06656816377582399 68.0 
238.0 294.0 3.208160817365617 0.06656816377582399 68.0 
238.0 295.0 3.208160817365617 0.06656816377582399 68.0 
238.0 296.0 3.208160817365617 0.06656816377582399 68.0 
238.0 297.0 3.208160817365617 0.06656816377582399 68.0 
238.0 298.0 3.208160817365617 0.06656816377582399 68.0 
239.0 293.0 3.208160817365617 0.06656816377582399 68.0 
239.0 294.0 3.208160817365617 0.06656816377582399 68.0 
239.0 295.0 3.208160817365617 0.06656816377582399 68.0 
239.0 296.0 3.208160817365617 0.06656816377582399 68.0 
239.0 297.0 3.208160817365617 0.06656816377582399 68.0 
239.0 298.0 3.208160817365617 0.06656816377582399 68.0 
240.0 293.0 3.208160817365617 0.06656816377582399 68.0 
240.0 294.0 3.208160817365617 0.06656816377582399 68.0 
240.0 295.0 3.208160817365617 0.06656816377582399 68.0 
240.0 296.0 3.208160817365617 0.06656816377582399 68.0 
240.0 297.0 3.208160817365617 0.06656816377582399 68.0 
240.0 298.0 3.208160817365617 0.06656816377582399 68.0 
241.0 293.0 3.208160817365617 0.06656816377582399 68.0 
241.0 294.0 3.208160817365617 0.06656816377582399 68.0 
241.0 295.0 3.208160817365617 0.06656816377582399 68.0 
241.0 296.0 3.208160817365617 0.06656816377582399 68.0 
241.0 297.0 3.208160817365617 0.06656816377582399 68.0 
241.0 298.0 3.208160817365617 0.06656816377582399 68.0 
242.0 293.0 3.208160817365617 0.06656816377582399 68.0 
242.0 294.0 3.208160817365617 0.06656816377582399 68.0 
242.0 295.0 3.208160817365617 0.06656816377582399 68.0 
242.0 296.0 3.208160817365617 0.06656816377582399 68.0 
242.0 297.0 3.208160817365617 0.06656816377582399 68.0 
242.0 298.0 3.208160817365617 0.06656816377582399 68.0 
243.0 293.0 3.208160817365617 0.06656816377582399 68.0 
243.0 294.0 3.208160817365617 0.06656816377582399 68.0 
243.0 295.0 3.208160817365617 0.06656816377582399 68.0 
243.0 296.0 3.208160817365617 0.06656816377582399 68.0 
243.0 297.0 3.208160817365617 0.06656816377582399 68.0 
243.0 298.0 3.208160817365617 0.06656816377582399 68.0 
244.0 293.0 3.208160817365617 0.06656816377582399 68.0 
244.0 294.0 3.208160817365617 0.06656816377582399 68.0 
244.0 295.0 3.208160817365617 0.06656816377582399 68.0 
244.0 296.0 3.208160817365617 0.06656816377582399 68.0 
244.0 297.0 3.208160817365617 0.06656816377582399 68.0 
244.0 298.0 3.208160817365617 0.06656816377582399 68.0 
245.0 293.0 3.208160817365617 0.06656816377582399 68.0 
245.0 294.0 3.208160817365617 0.06656816377582399 68.0 
245.0 295.0 3.208160817365617 0.06656816377582399 68.0 
245.0 296.0 3.208160817365617 0.06656816377582399 68.0 
245.0 297.0 3.208160817365617 0.06656816377582399 68.0 
245.0 298.0 3.208160817365617 0.06656816377582399 68.0 
246.0 293.0 3.208160817365617 0.06656816377582399 68.0 
246.0 294.0 3.208160817365617 0.06656816377582399 68.0 
246.0 295.0 3.208160817365617 0.06656816377582399 68.0 
246.0 296.0 3.208160817365617 0.06656816377582399 68.0 
246.0 297.0 3.208160817365617 0.06656816377582399 68.0 
246.0 298.0 3.208160817365617 0.06656816377582399 68.0 
247.0 293.0 3.208160817365617 0.06656816377582399 68.0 
247.0 294.0 3.208160817365617 0.06656816377582399 68.0 
247.0 295.0 3.208160817365617 0.06656816377582399 68.0 
247.0 296.0 3.208160817365617 0.06656816377582399 68.0 
247.0 297.0 3.208160817365617 0.06656816377582399 68.0 
247.0 298.0 3.208160817365617 0.06656816377582399 68.0 
248.0 293.0 3.208160817365617 0.06656816377582399 68.0 
248.0 294.0 3.208160817365617 0.06656816377582399 68.0 
248.0 295.0 3.208160817365617 0.06656816377582399 68.0 
248.0 296.0 3.208160817365617 0.06656816377582399 68.0 
248.0 297.0 3.208160817365617 0.06656816377582399 68.0 
248.0 298.0 3.208160817365617 0.06656816377582399 68.0 
249.0 293.0 3.208160817365617 0.06656816377582399 68.0 
249.0 294.0 3.208160817365617 0.06656816377582399 68.0 
249.0 295.0 3.208160817365617 0.06656816377582399 68.0 
249.0 296.0 3.208160817365617 0.06656816377582399 68.0 
249.0 297.0 3.208160817365617 0.06656816377582399 68.0 
249.0 298.0 3.208160817365617 0.06656816377582399 68.0 
250.0 293.0 3.208160817365617 0.06656816377582399 68.0 
250.0 294.0 3.208160817365617 0.06656816377582399 68.0 
250.0 295.0 3.208160817365617 0.06656816377582399 68.0 
250.0 296.0 3.208160817365617 0.06656816377582399 68.0 
250.0 297.0 3.208160817365617 0.06656816377582399 68.0 
250.0 298.0 3.208160817365617 0.06656816377582399 68.0 
251.0 293.0 3.208160817365617 0.06656816377582399 68.0 
251.0 294.0 3.208160817365617 0.06656816377582399 68.0 
251.0 295.0 3.208160817365617 0.06656816377582399 68.0 
251.0 296.0 3.208160817365617 0.06656816377582399 68.0 
251.0 297.0 3.208160817365617 0.06656816377582399 68.0 
251.0 298.0 3.208160817365617 0.06656816377582399 68.0 
252.0 293.0 3.208160817365617 0.06656816377582399 68.0 
252.0 294.0 3.208160817365617 0.06656816377582399 68.0 
252.0 295.0 3.208160817365617 0.06656816377582399 68.0 
