212.0 296.0 2.7610862764774287 5.902678930067221 20.0 
213.0 296.0 2.7610862764774287 5.902678930067221 20.0 
213.0 297.0 2.7610862764774287 5.902678930067221 20.0 
214.0 296.0 2.7610862764774287 5.902678930067221 20.0 
214.0 297.0 2.7610862764774287 5.902678930067221 20.0 
215.0 295.0 2.7610862764774287 5.902678930067221 20.0 
215.0 296.0 2.7610862764774287 5.902678930067221 20.0 
216.0 295.0 2.7610862764774287 5.902678930067221 20.0 
216.0 296.0 2.7610862764774287 5.902678930067221 20.0 
217.0 294.0 2.7610862764774287 5.902678930067221 20.0 
217.0 295.0 2.7610862764774287 5.902678930067221 20.0 
217.0 296.0 2.7610862764774287 5.902678930067221 20.0 
218.0 294.0 2.7610862764774287 5.902678930067221 20.0 
218.0 295.0 2.7610862764774287 5.902678930067221 20.0 
219.0 294.0 2.7610862764774287 5.902678930067221 20.0 
219.0 295.0 2.7610862764774287 5.902678930067221 20.0 
220.0 293.0 2.7610862764774287 5.902678930067221 20.0 
220.0 294.0 2.7610862764774287 5.902678930067221 20.0 
221.0 293.0 2.7610862764774287 5.902678930067221 20.0 
221.0 294.0 2.7610862764774287 5.902678930067221 20.0 
222.0 292.0 2.7610862764774287 5.902678930067221 20.0 
222.0 293.0 2.7610862764774287 5.902678930067221 20.0 
222.0 294.0 2.7610862764774287 5.902678930067221 20.0 
223.0 292.0 2.7610862764774287 5.902678930067221 20.0 
223.0 293.0 2.7610862764774287 5.902678930067221 20.0 
224.0 292.0 2.7610862764774287 5.902678930067221 20.0 
224.0 293.0 2.7610862764774287 5.902678930067221 20.0 
225.0 291.0 2.7610862764774287 5.902678930067221 20.0 
225.0 292.0 2.7610862764774287 5.902678930067221 20.0 
226.0 291.0 2.7610862764774287 5.902678930067221 20.0 
226.0 292.0 2.7610862764774287 5.902678930067221 20.0 
227.0 290.0 2.7610862764774287 5.902678930067221 20.0 
227.0 291.0 2.7610862764774287 5.902678930067221 20.0 
227.0 292.0 2.7610862764774287 5.902678930067221 20.0 
228.0 290.0 2.7610862764774287 5.902678930067221 20.0 
228.0 291.0 2.7610862764774287 5.902678930067221 20.0 
229.0 290.0 2.7610862764774287 5.902678930067221 20.0 
229.0 291.0 2.7610862764774287 5.902678930067221 20.0 
230.0 289.0 2.7610862764774287 5.902678930067221 20.0 
230.0 290.0 2.7610862764774287 5.902678930067221 20.0 
231.0 289.0 2.7610862764774287 5.902678930067221 20.0 
231.0 290.0 2.7610862764774287 5.902678930067221 20.0 
232.0 289.0 2.7610862764774287 5.902678930067221 20.0 
232.0 290.0 2.7610862764774287 5.902678930067221 20.0 
236.0 294.0 3.3952667497284352 0.25367409613864217 44.0 
236.0 295.0 3.3952667497284352 0.25367409613864217 44.0 
236.0 296.0 3.3952667497284352 0.25367409613864217 44.0 
236.0 297.0 3.3952667497284352 0.25367409613864217 44.0 
237.0 292.0 3.3952667497284352 0.25367409613864217 44.0 
237.0 293.0 3.3952667497284352 0.25367409613864217 44.0 
237.0 294.0 3.3952667497284352 0.25367409613864217 44.0 
237.0 295.0 3.3952667497284352 0.25367409613864217 44.0 
237.0 296.0 3.3952667497284352 0.25367409613864217 44.0 
237.0 297.0 3.3952667497284352 0.25367409613864217 44.0 
238.0 292.0 3.3952667497284352 0.25367409613864217 44.0 
238.0 293.0 3.3952667497284352 0.25367409613864217 44.0 
238.0 294.0 3.3952667497284352 0.25367409613864217 44.0 
238.0 295.0 3.3952667497284352 0.25367409613864217 44.0 
238.0 296.0 3.3952667497284352 0.25367409613864217 44.0 
238.0 297.0 3.3952667497284352 0.25367409613864217 44.0 
239.0 292.0 3.3952667497284352 0.25367409613864217 44.0 
239.0 293.0 3.3952667497284352 0.25367409613864217 44.0 
239.0 294.0 3.3952667497284352 0.25367409613864217 44.0 
239.0 295.0 3.3952667497284352 0.25367409613864217 44.0 
239.0 296.0 3.3952667497284352 0.25367409613864217 44.0 
239.0 297.0 3.3952667497284352 0.25367409613864217 44.0 
240.0 292.0 3.3952667497284352 0.25367409613864217 44.0 
240.0 293.0 3.3952667497284352 0.25367409613864217 44.0 
240.0 294.0 3.3952667497284352 0.25367409613864217 44.0 
240.0 295.0 3.3952667497284352 0.25367409613864217 44.0 
240.0 296.0 3.3952667497284352 0.25367409613864217 44.0 
240.0 297.0 3.3952667497284352 0.25367409613864217 44.0 
240.0 298.0 3.3952667497284352 0.25367409613864217 44.0 
241.0 293.0 3.3952667497284352 0.25367409613864217 44.0 
241.0 294.0 3.3952667497284352 0.25367409613864217 44.0 
241.0 295.0 3.3952667497284352 0.25367409613864217 44.0 
241.0 296.0 3.3952667497284352 0.25367409613864217 44.0 
241.0 297.0 3.3952667497284352 0.25367409613864217 44.0 
241.0 298.0 3.3952667497284352 0.25367409613864217 44.0 
242.0 293.0 3.3952667497284352 0.25367409613864217 44.0 
242.0 294.0 3.3952667497284352 0.25367409613864217 44.0 
242.0 295.0 3.3952667497284352 0.25367409613864217 44.0 
242.0 296.0 3.3952667497284352 0.25367409613864217 44.0 
242.0 297.0 3.3952667497284352 0.25367409613864217 44.0 
242.0 298.0 3.3952667497284352 0.25367409613864217 44.0 
243.0 293.0 3.3952667497284352 0.25367409613864217 44.0 
243.0 294.0 3.3952667497284352 0.25367409613864217 44.0 
243.0 295.0 3.3952667497284352 0.25367409613864217 44.0 
243.0 296.0 3.3952667497284352 0.25367409613864217 44.0 
243.0 297.0 3.3952667497284352 0.25367409613864217 44.0 
243.0 298.0 3.3952667497284352 0.25367409613864217 44.0 
244.0 293.0 3.3952667497284352 0.25367409613864217 44.0 
244.0 294.0 3.3952667497284352 0.25367409613864217 44.0 
244.0 295.0 3.3952667497284352 0.25367409613864217 44.0 
244.0 296.0 3.3952667497284352 0.25367409613864217 44.0 
244.0 297.0 3.3952667497284352 0.25367409613864217 44.0 
244.0 298.0 3.3952667497284352 0.25367409613864217 44.0 
244.0 299.0 3.3952667497284352 0.25367409613864217 44.0 
245.0 294.0 3.3952667497284352 0.25367409613864217 44.0 
245.0 295.0 3.3952667497284352 0.25367409613864217 44.0 
245.0 296.0 3.3952667497284352 0.25367409613864217 44.0 
245.0 297.0 3.3952667497284352 0.25367409613864217 44.0 
245.0 298.0 3.3952667497284352 0.25367409613864217 44.0 
245.0 299.0 3.3952667497284352 0.25367409613864217 44.0 
246.0 294.0 3.3952667497284352 0.25367409613864217 44.0 
246.0 295.0 3.3952667497284352 0.25367409613864217 44.0 
246.0 296.0 3.3952667497284352 0.25367409613864217 44.0 
246.0 297.0 3.3952667497284352 0.25367409613864217 44.0 
246.0 298.0 3.3952667497284352 0.25367409613864217 44.0 
246.0 299.0 3.3952667497284352 0.25367409613864217 44.0 
247.0 294.0 3.3952667497284352 0.25367409613864217 44.0 
247.0 295.0 3.3952667497284352 0.25367409613864217 44.0 
247.0 296.0 3.3952667497284352 0.25367409613864217 44.0 
247.0 297.0 3.3952667497284352 0.25367409613864217 44.0 
247.0 298.0 3.3952667497284352 0.25367409613864217 44.0 
247.0 299.0 3.3952667497284352 0.25367409613864217 44.0 
248.0 295.0 3.3952667497284352 0.25367409613864217 44.0 
248.0 296.0 3.3952667497284352 0.25367409613864217 44.0 
248.0 297.0 3.3952667497284352 0.25367409613864217 44.0 
248.0 298.0 3.3952667497284352 0.25367409613864217 44.0 
248.0 299.0 3.3952667497284352 0.25367409613864217 44.0 
248.0 300.0 3.3952667497284352 0.25367409613864217 44.0 
249.0 295.0 3.3952667497284352 0.25367409613864217 44.0 
249.0 296.0 3.3952667497284352 0.25367409613864217 44.0 
249.0 297.0 3.3952667497284352 0.25367409613864217 44.0 
249.0 298.0 3.3952667497284352 0.25367409613864217 44.0 
249.0 299.0 3.3952667497284352 0.25367409613864217 44.0 
249.0 300.0 3.3952667497284352 0.25367409613864217 44.0 
250.0 295.0 3.3952667497284352 0.25367409613864217 44.0 
250.0 296.0 3.3952667497284352 0.25367409613864217 44.0 
250.0 297.0 3.3952667497284352 0.25367409613864217 44.0 
250.0 298.0 3.3952667497284352 0.25367409613864217 44.0 
250.0 299.0 3.3952667497284352 0.25367409613864217 44.0 
250.0 300.0 3.3952667497284352 0.25367409613864217 44.0 
251.0 295.0 3.3952667497284352 0.25367409613864217 44.0 
251.0 296.0 3.3952667497284352 0.25367409613864217 44.0 
251.0 297.0 3.3952667497284352 0.25367409613864217 44.0 
251.0 298.0 3.3952667497284352 0.25367409613864217 44.0 
251.0 299.0 3.3952667497284352 0.25367409613864217 44.0 
251.0 300.0 3.3952667497284352 0.25367409613864217 44.0 
252.0 296.0 3.3952667497284352 0.25367409613864217 44.0 
252.0 297.0 3.3952667497284352 0.25367409613864217 44.0 
252.0 298.0 3.3952667497284352 0.25367409613864217 44.0 
252.0 299.0 3.3952667497284352 0.25367409613864217 44.0 
252.0 300.0 3.3952667497284352 0.25367409613864217 44.0 
252.0 301.0 3.3952667497284352 0.25367409613864217 44.0 
253.0 296.0 3.3952667497284352 0.25367409613864217 44.0 
253.0 297.0 3.3952667497284352 0.25367409613864217 44.0 
253.0 298.0 3.3952667497284352 0.25367409613864217 44.0 
253.0 299.0 3.3952667497284352 0.25367409613864217 44.0 
253.0 300.0 3.3952667497284352 0.25367409613864217 44.0 
253.0 301.0 3.3952667497284352 0.25367409613864217 44.0 
254.0 296.0 3.3952667497284352 0.25367409613864217 44.0 
254.0 297.0 3.3952667497284352 0.25367409613864217 44.0 
254.0 298.0 3.3952667497284352 0.25367409613864217 44.0 
254.0 299.0 3.3952667497284352 0.25367409613864217 44.0 
254.0 300.0 3.3952667497284352 0.25367409613864217 44.0 
254.0 301.0 3.3952667497284352 0.25367409613864217 44.0 
255.0 296.0 3.3952667497284352 0.25367409613864217 44.0 
255.0 297.0 3.3952667497284352 0.25367409613864217 44.0 
255.0 298.0 3.3952667497284352 0.25367409613864217 44.0 
255.0 299.0 3.3952667497284352 0.25367409613864217 44.0 
255.0 300.0 3.3952667497284352 0.25367409613864217 44.0 
255.0 301.0 3.3952667497284352 0.25367409613864217 44.0 
255.0 302.0 3.3952667497284352 0.25367409613864217 44.0 
256.0 297.0 3.3952667497284352 0.25367409613864217 44.0 
256.0 298.0 3.3952667497284352 0.25367409613864217 44.0 
256.0 299.0 3.3952667497284352 0.25367409613864217 44.0 
256.0 300.0 3.3952667497284352 0.25367409613864217 44.0 
256.0 301.0 3.3952667497284352 0.25367409613864217 44.0 
256.0 302.0 3.3952667497284352 0.25367409613864217 44.0 
257.0 297.0 3.3952667497284352 0.25367409613864217 44.0 
257.0 298.0 3.3952667497284352 0.25367409613864217 44.0 
257.0 299.0 3.3952667497284352 0.25367409613864217 44.0 
257.0 300.0 3.3952667497284352 0.25367409613864217 44.0 
257.0 301.0 3.3952667497284352 0.25367409613864217 44.0 
257.0 302.0 3.3952667497284352 0.25367409613864217 44.0 
258.0 297.0 3.3952667497284352 0.25367409613864217 44.0 
258.0 298.0 3.3952667497284352 0.25367409613864217 44.0 
258.0 299.0 3.3952667497284352 0.25367409613864217 44.0 
258.0 300.0 3.3952667497284352 0.25367409613864217 44.0 
258.0 301.0 3.3952667497284352 0.25367409613864217 44.0 
258.0 302.0 3.3952667497284352 0.25367409613864217 44.0 
259.0 297.0 3.3952667497284352 0.25367409613864217 44.0 
259.0 298.0 3.3952667497284352 0.25367409613864217 44.0 
259.0 299.0 3.3952667497284352 0.25367409613864217 44.0 
259.0 300.0 3.3952667497284352 0.25367409613864217 44.0 
259.0 301.0 3.3952667497284352 0.25367409613864217 44.0 
259.0 302.0 3.3952667497284352 0.25367409613864217 44.0 
259.0 303.0 3.3952667497284352 0.25367409613864217 44.0 
260.0 298.0 3.3952667497284352 0.25367409613864217 44.0 
260.0 299.0 3.3952667497284352 0.25367409613864217 44.0 
260.0 300.0 3.3952667497284352 0.25367409613864217 44.0 
260.0 301.0 3.3952667497284352 0.25367409613864217 44.0 
260.0 302.0 3.3952667497284352 0.25367409613864217 44.0 
260.0 303.0 3.3952667497284352 0.25367409613864217 44.0 
261.0 298.0 3.3952667497284352 0.25367409613864217 44.0 
261.0 299.0 3.3952667497284352 0.25367409613864217 44.0 
261.0 300.0 3.3952667497284352 0.25367409613864217 44.0 
261.0 301.0 3.3952667497284352 0.25367409613864217 44.0 
261.0 302.0 3.3952667497284352 0.25367409613864217 44.0 
261.0 303.0 3.3952667497284352 0.25367409613864217 44.0 
262.0 298.0 3.3952667497284352 0.25367409613864217 44.0 
262.0 299.0 3.3952667497284352 0.25367409613864217 44.0 
262.0 300.0 3.3952667497284352 0.25367409613864217 44.0 
262.0 301.0 3.3952667497284352 0.25367409613864217 44.0 
262.0 302.0 3.3952667497284352 0.25367409613864217 44.0 
262.0 303.0 3.3952667497284352 0.25367409613864217 44.0 
263.0 298.0 3.3952667497284352 0.25367409613864217 44.0 
263.0 299.0 3.3952667497284352 0.25367409613864217 44.0 
263.0 300.0 3.3952667497284352 0.25367409613864217 44.0 
