256.0 243.0 1.6892862859530349 4.830878939542828 52.0 
256.0 244.0 1.6892862859530349 4.830878939542828 52.0 
256.0 245.0 1.6892862859530349 4.830878939542828 52.0 
256.0 246.0 1.6892862859530349 4.830878939542828 52.0 
256.0 247.0 1.6892862859530349 4.830878939542828 52.0 
256.0 248.0 1.6892862859530349 4.830878939542828 52.0 
256.0 249.0 1.6892862859530349 4.830878939542828 52.0 
256.0 250.0 1.6892862859530349 4.830878939542828 52.0 
257.0 235.0 1.6892862859530349 4.830878939542828 52.0 
257.0 236.0 1.6892862859530349 4.830878939542828 52.0 
257.0 237.0 1.6892862859530349 4.830878939542828 52.0 
257.0 238.0 1.6892862859530349 4.830878939542828 52.0 
257.0 239.0 1.6892862859530349 4.830878939542828 52.0 
257.0 240.0 1.6892862859530349 4.830878939542828 52.0 
257.0 241.0 1.6892862859530349 4.830878939542828 52.0 
257.0 242.0 1.6892862859530349 4.830878939542828 52.0 
257.0 243.0 1.6892862859530349 4.830878939542828 52.0 
257.0 244.0 1.6892862859530349 4.830878939542828 52.0 
257.0 245.0 1.6892862859530349 4.830878939542828 52.0 
257.0 246.0 1.6892862859530349 4.830878939542828 52.0 
257.0 247.0 1.6892862859530349 4.830878939542828 52.0 
257.0 248.0 1.6892862859530349 4.830878939542828 52.0 
257.0 249.0 1.6892862859530349 4.830878939542828 52.0 
257.0 250.0 1.6892862859530349 4.830878939542828 52.0 
258.0 226.0 1.6892862859530349 4.830878939542828 52.0 
258.0 227.0 1.6892862859530349 4.830878939542828 52.0 
258.0 228.0 1.6892862859530349 4.830878939542828 52.0 
258.0 229.0 1.6892862859530349 4.830878939542828 52.0 
258.0 230.0 1.6892862859530349 4.830878939542828 52.0 
258.0 231.0 1.6892862859530349 4.830878939542828 52.0 
258.0 232.0 1.6892862859530349 4.830878939542828 52.0 
258.0 233.0 1.6892862859530349 4.830878939542828 52.0 
258.0 234.0 1.6892862859530349 4.830878939542828 52.0 
258.0 235.0 1.6892862859530349 4.830878939542828 52.0 
258.0 236.0 1.6892862859530349 4.830878939542828 52.0 
258.0 237.0 1.6892862859530349 4.830878939542828 52.0 
258.0 238.0 1.6892862859530349 4.830878939542828 52.0 
258.0 239.0 1.6892862859530349 4.830878939542828 52.0 
258.0 240.0 1.6892862859530349 4.830878939542828 52.0 
258.0 241.0 1.6892862859530349 4.830878939542828 52.0 
258.0 242.0 1.6892862859530349 4.830878939542828 52.0 
258.0 243.0 1.6892862859530349 4.830878939542828 52.0 
258.0 244.0 1.6892862859530349 4.830878939542828 52.0 
258.0 245.0 1.6892862859530349 4.830878939542828 52.0 
258.0 246.0 1.6892862859530349 4.830878939542828 52.0 
258.0 247.0 1.6892862859530349 4.830878939542828 52.0 
258.0 248.0 1.6892862859530349 4.830878939542828 52.0 
258.0 249.0 1.6892862859530349 4.830878939542828 52.0 
258.0 250.0 1.6892862859530349 4.830878939542828 52.0 
259.0 218.0 1.6892862859530349 4.830878939542828 52.0 
259.0 219.0 1.6892862859530349 4.830878939542828 52.0 
259.0 220.0 1.6892862859530349 4.830878939542828 52.0 
259.0 221.0 1.6892862859530349 4.830878939542828 52.0 
259.0 222.0 1.6892862859530349 4.830878939542828 52.0 
259.0 223.0 1.6892862859530349 4.830878939542828 52.0 
259.0 224.0 1.6892862859530349 4.830878939542828 52.0 
259.0 225.0 1.6892862859530349 4.830878939542828 52.0 
259.0 226.0 1.6892862859530349 4.830878939542828 52.0 
259.0 227.0 1.6892862859530349 4.830878939542828 52.0 
259.0 228.0 1.6892862859530349 4.830878939542828 52.0 
259.0 229.0 1.6892862859530349 4.830878939542828 52.0 
259.0 230.0 1.6892862859530349 4.830878939542828 52.0 
259.0 231.0 1.6892862859530349 4.830878939542828 52.0 
259.0 232.0 1.6892862859530349 4.830878939542828 52.0 
259.0 233.0 1.6892862859530349 4.830878939542828 52.0 
259.0 234.0 1.6892862859530349 4.830878939542828 52.0 
259.0 235.0 1.6892862859530349 4.830878939542828 52.0 
259.0 236.0 1.6892862859530349 4.830878939542828 52.0 
259.0 237.0 1.6892862859530349 4.830878939542828 52.0 
259.0 238.0 1.6892862859530349 4.830878939542828 52.0 
259.0 239.0 1.6892862859530349 4.830878939542828 52.0 
259.0 240.0 1.6892862859530349 4.830878939542828 52.0 
259.0 241.0 1.6892862859530349 4.830878939542828 52.0 
259.0 242.0 1.6892862859530349 4.830878939542828 52.0 
259.0 243.0 1.6892862859530349 4.830878939542828 52.0 
259.0 244.0 1.6892862859530349 4.830878939542828 52.0 
259.0 245.0 1.6892862859530349 4.830878939542828 52.0 
259.0 246.0 1.6892862859530349 4.830878939542828 52.0 
259.0 247.0 1.6892862859530349 4.830878939542828 52.0 
259.0 248.0 1.6892862859530349 4.830878939542828 52.0 
259.0 249.0 1.6892862859530349 4.830878939542828 52.0 
259.0 250.0 1.6892862859530349 4.830878939542828 52.0 
259.0 251.0 1.6892862859530349 4.830878939542828 52.0 
260.0 209.0 1.6892862859530349 4.830878939542828 52.0 
260.0 210.0 1.6892862859530349 4.830878939542828 52.0 
260.0 211.0 1.6892862859530349 4.830878939542828 52.0 
260.0 212.0 1.6892862859530349 4.830878939542828 52.0 
260.0 213.0 1.6892862859530349 4.830878939542828 52.0 
260.0 214.0 1.6892862859530349 4.830878939542828 52.0 
260.0 215.0 1.6892862859530349 4.830878939542828 52.0 
260.0 216.0 1.6892862859530349 4.830878939542828 52.0 
260.0 217.0 1.6892862859530349 4.830878939542828 52.0 
260.0 218.0 1.6892862859530349 4.830878939542828 52.0 
260.0 219.0 1.6892862859530349 4.830878939542828 52.0 
260.0 220.0 1.6892862859530349 4.830878939542828 52.0 
260.0 221.0 1.6892862859530349 4.830878939542828 52.0 
260.0 222.0 1.6892862859530349 4.830878939542828 52.0 
260.0 223.0 1.6892862859530349 4.830878939542828 52.0 
260.0 224.0 1.6892862859530349 4.830878939542828 52.0 
260.0 225.0 1.6892862859530349 4.830878939542828 52.0 
260.0 226.0 1.6892862859530349 4.830878939542828 52.0 
260.0 227.0 1.6892862859530349 4.830878939542828 52.0 
260.0 228.0 1.6892862859530349 4.830878939542828 52.0 
260.0 229.0 1.6892862859530349 4.830878939542828 52.0 
260.0 230.0 1.6892862859530349 4.830878939542828 52.0 
260.0 231.0 1.6892862859530349 4.830878939542828 52.0 
260.0 232.0 1.6892862859530349 4.830878939542828 52.0 
260.0 233.0 1.6892862859530349 4.830878939542828 52.0 
260.0 234.0 1.6892862859530349 4.830878939542828 52.0 
260.0 235.0 1.6892862859530349 4.830878939542828 52.0 
260.0 236.0 1.6892862859530349 4.830878939542828 52.0 
260.0 237.0 1.6892862859530349 4.830878939542828 52.0 
260.0 238.0 1.6892862859530349 4.830878939542828 52.0 
260.0 239.0 1.6892862859530349 4.830878939542828 52.0 
260.0 240.0 1.6892862859530349 4.830878939542828 52.0 
260.0 241.0 1.6892862859530349 4.830878939542828 52.0 
260.0 242.0 1.6892862859530349 4.830878939542828 52.0 
260.0 243.0 1.6892862859530349 4.830878939542828 52.0 
260.0 244.0 1.6892862859530349 4.830878939542828 52.0 
260.0 245.0 1.6892862859530349 4.830878939542828 52.0 
260.0 246.0 1.6892862859530349 4.830878939542828 52.0 
260.0 247.0 1.6892862859530349 4.830878939542828 52.0 
260.0 248.0 1.6892862859530349 4.830878939542828 52.0 
260.0 249.0 1.6892862859530349 4.830878939542828 52.0 
260.0 250.0 1.6892862859530349 4.830878939542828 52.0 
260.0 251.0 1.6892862859530349 4.830878939542828 52.0 
261.0 209.0 1.6892862859530349 4.830878939542828 52.0 
261.0 210.0 1.6892862859530349 4.830878939542828 52.0 
261.0 211.0 1.6892862859530349 4.830878939542828 52.0 
261.0 212.0 1.6892862859530349 4.830878939542828 52.0 
261.0 213.0 1.6892862859530349 4.830878939542828 52.0 
261.0 214.0 1.6892862859530349 4.830878939542828 52.0 
261.0 215.0 1.6892862859530349 4.830878939542828 52.0 
261.0 216.0 1.6892862859530349 4.830878939542828 52.0 
261.0 217.0 1.6892862859530349 4.830878939542828 52.0 
261.0 218.0 1.6892862859530349 4.830878939542828 52.0 
261.0 219.0 1.6892862859530349 4.830878939542828 52.0 
261.0 220.0 1.6892862859530349 4.830878939542828 52.0 
261.0 221.0 1.6892862859530349 4.830878939542828 52.0 
261.0 222.0 1.6892862859530349 4.830878939542828 52.0 
261.0 223.0 1.6892862859530349 4.830878939542828 52.0 
261.0 224.0 1.6892862859530349 4.830878939542828 52.0 
261.0 225.0 1.6892862859530349 4.830878939542828 52.0 
261.0 226.0 1.6892862859530349 4.830878939542828 52.0 
261.0 227.0 1.6892862859530349 4.830878939542828 52.0 
261.0 228.0 1.6892862859530349 4.830878939542828 52.0 
261.0 229.0 1.6892862859530349 4.830878939542828 52.0 
261.0 230.0 1.6892862859530349 4.830878939542828 52.0 
261.0 231.0 1.6892862859530349 4.830878939542828 52.0 
261.0 232.0 1.6892862859530349 4.830878939542828 52.0 
261.0 233.0 1.6892862859530349 4.830878939542828 52.0 
261.0 234.0 1.6892862859530349 4.830878939542828 52.0 
261.0 235.0 1.6892862859530349 4.830878939542828 52.0 
261.0 236.0 1.6892862859530349 4.830878939542828 52.0 
261.0 237.0 1.6892862859530349 4.830878939542828 52.0 
261.0 238.0 1.6892862859530349 4.830878939542828 52.0 
261.0 239.0 1.6892862859530349 4.830878939542828 52.0 
261.0 240.0 1.6892862859530349 4.830878939542828 52.0 
261.0 241.0 1.6892862859530349 4.830878939542828 52.0 
261.0 242.0 1.6892862859530349 4.830878939542828 52.0 
261.0 243.0 1.6892862859530349 4.830878939542828 52.0 
261.0 244.0 1.6892862859530349 4.830878939542828 52.0 
261.0 245.0 1.6892862859530349 4.830878939542828 52.0 
261.0 246.0 1.6892862859530349 4.830878939542828 52.0 
261.0 247.0 1.6892862859530349 4.830878939542828 52.0 
261.0 248.0 1.6892862859530349 4.830878939542828 52.0 
261.0 249.0 1.6892862859530349 4.830878939542828 52.0 
261.0 250.0 1.6892862859530349 4.830878939542828 52.0 
261.0 251.0 1.6892862859530349 4.830878939542828 52.0 
262.0 209.0 1.6892862859530349 4.830878939542828 52.0 
262.0 210.0 1.6892862859530349 4.830878939542828 52.0 
262.0 211.0 1.6892862859530349 4.830878939542828 52.0 
262.0 212.0 1.6892862859530349 4.830878939542828 52.0 
262.0 213.0 1.6892862859530349 4.830878939542828 52.0 
262.0 214.0 1.6892862859530349 4.830878939542828 52.0 
262.0 215.0 1.6892862859530349 4.830878939542828 52.0 
262.0 216.0 1.6892862859530349 4.830878939542828 52.0 
262.0 217.0 1.6892862859530349 4.830878939542828 52.0 
262.0 218.0 1.6892862859530349 4.830878939542828 52.0 
262.0 219.0 1.6892862859530349 4.830878939542828 52.0 
262.0 220.0 1.6892862859530349 4.830878939542828 52.0 
262.0 221.0 1.6892862859530349 4.830878939542828 52.0 
262.0 222.0 1.6892862859530349 4.830878939542828 52.0 
262.0 223.0 1.6892862859530349 4.830878939542828 52.0 
262.0 224.0 1.6892862859530349 4.830878939542828 52.0 
262.0 225.0 1.6892862859530349 4.830878939542828 52.0 
262.0 226.0 1.6892862859530349 4.830878939542828 52.0 
262.0 227.0 1.6892862859530349 4.830878939542828 52.0 
262.0 228.0 1.6892862859530349 4.830878939542828 52.0 
262.0 229.0 1.6892862859530349 4.830878939542828 52.0 
262.0 230.0 1.6892862859530349 4.830878939542828 52.0 
262.0 231.0 1.6892862859530349 4.830878939542828 52.0 
262.0 232.0 1.6892862859530349 4.830878939542828 52.0 
262.0 233.0 1.6892862859530349 4.830878939542828 52.0 
262.0 234.0 1.6892862859530349 4.830878939542828 52.0 
262.0 235.0 1.6892862859530349 4.830878939542828 52.0 
262.0 236.0 1.6892862859530349 4.830878939542828 52.0 
262.0 237.0 1.6892862859530349 4.830878939542828 52.0 
262.0 238.0 1.6892862859530349 4.830878939542828 52.0 
262.0 239.0 1.6892862859530349 4.830878939542828 52.0 
262.0 240.0 1.6892862859530349 4.830878939542828 52.0 
262.0 241.0 1.6892862859530349 4.830878939542828 52.0 
262.0 242.0 1.6892862859530349 4.830878939542828 52.0 
263.0 209.0 1.6892862859530349 4.830878939542828 52.0 
263.0 210.0 1.6892862859530349 4.830878939542828 52.0 
263.0 211.0 1.6892862859530349 4.830878939542828 52.0 
263.0 212.0 1.6892862859530349 4.830878939542828 52.0 
263.0 213.0 1.6892862859530349 4.830878939542828 52.0 
263.0 214.0 1.6892862859530349 4.830878939542828 52.0 
263.0 215.0 1.6892862859530349 4.830878939542828 52.0 
263.0 216.0 1.6892862859530349 4.830878939542828 52.0 
263.0 217.0 1.6892862859530349 4.830878939542828 52.0 
263.0 218.0 1.6892862859530349 4.830878939542828 52.0 
263.0 219.0 1.6892862859530349 4.830878939542828 52.0 
263.0 220.0 1.6892862859530349 4.830878939542828 52.0 
263.0 221.0 1.6892862859530349 4.830878939542828 52.0 
263.0 222.0 1.6892862859530349 4.830878939542828 52.0 
263.0 223.0 1.6892862859530349 4.830878939542828 52.0 
263.0 224.0 1.6892862859530349 4.830878939542828 52.0 
263.0 225.0 1.6892862859530349 4.830878939542828 52.0 
263.0 226.0 1.6892862859530349 4.830878939542828 52.0 
263.0 227.0 1.6892862859530349 4.830878939542828 52.0 
263.0 228.0 1.6892862859530349 4.830878939542828 52.0 
263.0 229.0 1.6892862859530349 4.830878939542828 52.0 
263.0 230.0 1.6892862859530349 4.830878939542828 52.0 
263.0 231.0 1.6892862859530349 4.830878939542828 52.0 
263.0 232.0 1.6892862859530349 4.830878939542828 52.0 
263.0 233.0 1.6892862859530349 4.830878939542828 52.0 
263.0 234.0 1.6892862859530349 4.830878939542828 52.0 
264.0 210.0 1.6892862859530349 4.830878939542828 52.0 
264.0 211.0 1.6892862859530349 4.830878939542828 52.0 
264.0 212.0 1.6892862859530349 4.830878939542828 52.0 
264.0 213.0 1.6892862859530349 4.830878939542828 52.0 
264.0 214.0 1.6892862859530349 4.830878939542828 52.0 
264.0 215.0 1.6892862859530349 4.830878939542828 52.0 
264.0 216.0 1.6892862859530349 4.830878939542828 52.0 
264.0 217.0 1.6892862859530349 4.830878939542828 52.0 
264.0 218.0 1.6892862859530349 4.830878939542828 52.0 
264.0 219.0 1.6892862859530349 4.830878939542828 52.0 
264.0 220.0 1.6892862859530349 4.830878939542828 52.0 
264.0 221.0 1.6892862859530349 4.830878939542828 52.0 
264.0 222.0 1.6892862859530349 4.830878939542828 52.0 
264.0 223.0 1.6892862859530349 4.830878939542828 52.0 
264.0 224.0 1.6892862859530349 4.830878939542828 52.0 
264.0 225.0 1.6892862859530349 4.830878939542828 52.0 
265.0 210.0 1.6892862859530349 4.830878939542828 52.0 
265.0 211.0 1.6892862859530349 4.830878939542828 52.0 
265.0 212.0 1.6892862859530349 4.830878939542828 52.0 
265.0 213.0 1.6892862859530349 4.830878939542828 52.0 
265.0 214.0 1.6892862859530349 4.830878939542828 52.0 
265.0 215.0 1.6892862859530349 4.830878939542828 52.0 
265.0 216.0 1.6892862859530349 4.830878939542828 52.0 
265.0 217.0 1.6892862859530349 4.830878939542828 52.0 
255.0 253.0 4.599055583619286 1.457462930029493 64.0 
255.0 254.0 4.599055583619286 1.457462930029493 64.0 
255.0 255.0 4.599055583619286 1.457462930029493 64.0 
255.0 256.0 4.599055583619286 1.457462930029493 64.0 
255.0 257.0 4.599055583619286 1.457462930029493 64.0 
255.0 258.0 4.599055583619286 1.457462930029493 64.0 
255.0 259.0 4.599055583619286 1.457462930029493 64.0 
255.0 260.0 4.599055583619286 1.457462930029493 64.0 
256.0 253.0 4.599055583619286 1.457462930029493 64.0 
256.0 254.0 4.599055583619286 1.457462930029493 64.0 
256.0 255.0 4.599055583619286 1.457462930029493 64.0 
256.0 256.0 4.599055583619286 1.457462930029493 64.0 
256.0 257.0 4.599055583619286 1.457462930029493 64.0 
256.0 258.0 4.599055583619286 1.457462930029493 64.0 
256.0 259.0 4.599055583619286 1.457462930029493 64.0 
256.0 260.0 4.599055583619286 1.457462930029493 64.0 
256.0 261.0 4.599055583619286 1.457462930029493 64.0 
256.0 262.0 4.599055583619286 1.457462930029493 64.0 
256.0 263.0 4.599055583619286 1.457462930029493 64.0 
256.0 264.0 4.599055583619286 1.457462930029493 64.0 
256.0 265.0 4.599055583619286 1.457462930029493 64.0 
256.0 266.0 4.599055583619286 1.457462930029493 64.0 
256.0 267.0 4.599055583619286 1.457462930029493 64.0 
256.0 268.0 4.599055583619286 1.457462930029493 64.0 
256.0 269.0 4.599055583619286 1.457462930029493 64.0 
257.0 252.0 4.599055583619286 1.457462930029493 64.0 
257.0 253.0 4.599055583619286 1.457462930029493 64.0 
257.0 254.0 4.599055583619286 1.457462930029493 64.0 
257.0 255.0 4.599055583619286 1.457462930029493 64.0 
257.0 256.0 4.599055583619286 1.457462930029493 64.0 
257.0 257.0 4.599055583619286 1.457462930029493 64.0 
257.0 258.0 4.599055583619286 1.457462930029493 64.0 
257.0 259.0 4.599055583619286 1.457462930029493 64.0 
257.0 260.0 4.599055583619286 1.457462930029493 64.0 
257.0 261.0 4.599055583619286 1.457462930029493 64.0 
257.0 262.0 4.599055583619286 1.457462930029493 64.0 
257.0 263.0 4.599055583619286 1.457462930029493 64.0 
257.0 264.0 4.599055583619286 1.457462930029493 64.0 
257.0 265.0 4.599055583619286 1.457462930029493 64.0 
257.0 266.0 4.599055583619286 1.457462930029493 64.0 
257.0 267.0 4.599055583619286 1.457462930029493 64.0 
257.0 268.0 4.599055583619286 1.457462930029493 64.0 
257.0 269.0 4.599055583619286 1.457462930029493 64.0 
257.0 270.0 4.599055583619286 1.457462930029493 64.0 
257.0 271.0 4.599055583619286 1.457462930029493 64.0 
257.0 272.0 4.599055583619286 1.457462930029493 64.0 
257.0 273.0 4.599055583619286 1.457462930029493 64.0 
257.0 274.0 4.599055583619286 1.457462930029493 64.0 
257.0 275.0 4.599055583619286 1.457462930029493 64.0 
257.0 276.0 4.599055583619286 1.457462930029493 64.0 
257.0 277.0 4.599055583619286 1.457462930029493 64.0 
257.0 278.0 4.599055583619286 1.457462930029493 64.0 
258.0 252.0 4.599055583619286 1.457462930029493 64.0 
258.0 253.0 4.599055583619286 1.457462930029493 64.0 
258.0 254.0 4.599055583619286 1.457462930029493 64.0 
258.0 255.0 4.599055583619286 1.457462930029493 64.0 
258.0 256.0 4.599055583619286 1.457462930029493 64.0 
258.0 257.0 4.599055583619286 1.457462930029493 64.0 
258.0 258.0 4.599055583619286 1.457462930029493 64.0 
258.0 259.0 4.599055583619286 1.457462930029493 64.0 
258.0 260.0 4.599055583619286 1.457462930029493 64.0 
258.0 261.0 4.599055583619286 1.457462930029493 64.0 
258.0 262.0 4.599055583619286 1.457462930029493 64.0 
258.0 263.0 4.599055583619286 1.457462930029493 64.0 
258.0 264.0 4.599055583619286 1.457462930029493 64.0 
258.0 265.0 4.599055583619286 1.457462930029493 64.0 
258.0 266.0 4.599055583619286 1.457462930029493 64.0 
258.0 267.0 4.599055583619286 1.457462930029493 64.0 
258.0 268.0 4.599055583619286 1.457462930029493 64.0 
258.0 269.0 4.599055583619286 1.457462930029493 64.0 
258.0 270.0 4.599055583619286 1.457462930029493 64.0 
258.0 271.0 4.599055583619286 1.457462930029493 64.0 
258.0 272.0 4.599055583619286 1.457462930029493 64.0 
258.0 273.0 4.599055583619286 1.457462930029493 64.0 
258.0 274.0 4.599055583619286 1.457462930029493 64.0 
258.0 275.0 4.599055583619286 1.457462930029493 64.0 
258.0 276.0 4.599055583619286 1.457462930029493 64.0 
258.0 277.0 4.599055583619286 1.457462930029493 64.0 
258.0 278.0 4.599055583619286 1.457462930029493 64.0 
258.0 279.0 4.599055583619286 1.457462930029493 64.0 
258.0 280.0 4.599055583619286 1.457462930029493 64.0 
258.0 281.0 4.599055583619286 1.457462930029493 64.0 
258.0 282.0 4.599055583619286 1.457462930029493 64.0 
258.0 283.0 4.599055583619286 1.457462930029493 64.0 
258.0 284.0 4.599055583619286 1.457462930029493 64.0 
258.0 285.0 4.599055583619286 1.457462930029493 64.0 
258.0 286.0 4.599055583619286 1.457462930029493 64.0 
258.0 287.0 4.599055583619286 1.457462930029493 64.0 
259.0 252.0 4.599055583619286 1.457462930029493 64.0 
259.0 253.0 4.599055583619286 1.457462930029493 64.0 
259.0 254.0 4.599055583619286 1.457462930029493 64.0 
259.0 255.0 4.599055583619286 1.457462930029493 64.0 
259.0 256.0 4.599055583619286 1.457462930029493 64.0 
259.0 257.0 4.599055583619286 1.457462930029493 64.0 
259.0 258.0 4.599055583619286 1.457462930029493 64.0 
259.0 259.0 4.599055583619286 1.457462930029493 64.0 
259.0 260.0 4.599055583619286 1.457462930029493 64.0 
259.0 261.0 4.599055583619286 1.457462930029493 64.0 
259.0 262.0 4.599055583619286 1.457462930029493 64.0 
259.0 263.0 4.599055583619286 1.457462930029493 64.0 
259.0 264.0 4.599055583619286 1.457462930029493 64.0 
259.0 265.0 4.599055583619286 1.457462930029493 64.0 
259.0 266.0 4.599055583619286 1.457462930029493 64.0 
259.0 267.0 4.599055583619286 1.457462930029493 64.0 
259.0 268.0 4.599055583619286 1.457462930029493 64.0 
259.0 269.0 4.599055583619286 1.457462930029493 64.0 
259.0 270.0 4.599055583619286 1.457462930029493 64.0 
259.0 271.0 4.599055583619286 1.457462930029493 64.0 
259.0 272.0 4.599055583619286 1.457462930029493 64.0 
259.0 273.0 4.599055583619286 1.457462930029493 64.0 
259.0 274.0 4.599055583619286 1.457462930029493 64.0 
259.0 275.0 4.599055583619286 1.457462930029493 64.0 
259.0 276.0 4.599055583619286 1.457462930029493 64.0 
259.0 277.0 4.599055583619286 1.457462930029493 64.0 
259.0 278.0 4.599055583619286 1.457462930029493 64.0 
259.0 279.0 4.599055583619286 1.457462930029493 64.0 
259.0 280.0 4.599055583619286 1.457462930029493 64.0 
259.0 281.0 4.599055583619286 1.457462930029493 64.0 
259.0 282.0 4.599055583619286 1.457462930029493 64.0 
259.0 283.0 4.599055583619286 1.457462930029493 64.0 
259.0 284.0 4.599055583619286 1.457462930029493 64.0 
259.0 285.0 4.599055583619286 1.457462930029493 64.0 
259.0 286.0 4.599055583619286 1.457462930029493 64.0 
259.0 287.0 4.599055583619286 1.457462930029493 64.0 
259.0 288.0 4.599055583619286 1.457462930029493 64.0 
259.0 289.0 4.599055583619286 1.457462930029493 64.0 
259.0 290.0 4.599055583619286 1.457462930029493 64.0 
259.0 291.0 4.599055583619286 1.457462930029493 64.0 
259.0 292.0 4.599055583619286 1.457462930029493 64.0 
259.0 293.0 4.599055583619286 1.457462930029493 64.0 
259.0 294.0 4.599055583619286 1.457462930029493 64.0 
259.0 295.0 4.599055583619286 1.457462930029493 64.0 
259.0 296.0 4.599055583619286 1.457462930029493 64.0 
260.0 252.0 4.599055583619286 1.457462930029493 64.0 
260.0 253.0 4.599055583619286 1.457462930029493 64.0 
260.0 254.0 4.599055583619286 1.457462930029493 64.0 
260.0 255.0 4.599055583619286 1.457462930029493 64.0 
260.0 256.0 4.599055583619286 1.457462930029493 64.0 
260.0 257.0 4.599055583619286 1.457462930029493 64.0 
260.0 258.0 4.599055583619286 1.457462930029493 64.0 
260.0 259.0 4.599055583619286 1.457462930029493 64.0 
260.0 260.0 4.599055583619286 1.457462930029493 64.0 
260.0 261.0 4.599055583619286 1.457462930029493 64.0 
260.0 262.0 4.599055583619286 1.457462930029493 64.0 
260.0 263.0 4.599055583619286 1.457462930029493 64.0 
260.0 264.0 4.599055583619286 1.457462930029493 64.0 
260.0 265.0 4.599055583619286 1.457462930029493 64.0 
260.0 266.0 4.599055583619286 1.457462930029493 64.0 
260.0 267.0 4.599055583619286 1.457462930029493 64.0 
260.0 268.0 4.599055583619286 1.457462930029493 64.0 
260.0 269.0 4.599055583619286 1.457462930029493 64.0 
260.0 270.0 4.599055583619286 1.457462930029493 64.0 
260.0 271.0 4.599055583619286 1.457462930029493 64.0 
260.0 272.0 4.599055583619286 1.457462930029493 64.0 
260.0 273.0 4.599055583619286 1.457462930029493 64.0 
260.0 274.0 4.599055583619286 1.457462930029493 64.0 
260.0 275.0 4.599055583619286 1.457462930029493 64.0 
260.0 276.0 4.599055583619286 1.457462930029493 64.0 
260.0 277.0 4.599055583619286 1.457462930029493 64.0 
260.0 278.0 4.599055583619286 1.457462930029493 64.0 
260.0 279.0 4.599055583619286 1.457462930029493 64.0 
260.0 280.0 4.599055583619286 1.457462930029493 64.0 
260.0 281.0 4.599055583619286 1.457462930029493 64.0 
260.0 282.0 4.599055583619286 1.457462930029493 64.0 
260.0 283.0 4.599055583619286 1.457462930029493 64.0 
260.0 284.0 4.599055583619286 1.457462930029493 64.0 
260.0 285.0 4.599055583619286 1.457462930029493 64.0 
260.0 286.0 4.599055583619286 1.457462930029493 64.0 
260.0 287.0 4.599055583619286 1.457462930029493 64.0 
260.0 288.0 4.599055583619286 1.457462930029493 64.0 
260.0 289.0 4.599055583619286 1.457462930029493 64.0 
260.0 290.0 4.599055583619286 1.457462930029493 64.0 
260.0 291.0 4.599055583619286 1.457462930029493 64.0 
260.0 292.0 4.599055583619286 1.457462930029493 64.0 
260.0 293.0 4.599055583619286 1.457462930029493 64.0 
260.0 294.0 4.599055583619286 1.457462930029493 64.0 
260.0 295.0 4.599055583619286 1.457462930029493 64.0 
260.0 296.0 4.599055583619286 1.457462930029493 64.0 
260.0 297.0 4.599055583619286 1.457462930029493 64.0 
260.0 298.0 4.599055583619286 1.457462930029493 64.0 
260.0 299.0 4.599055583619286 1.457462930029493 64.0 
260.0 300.0 4.599055583619286 1.457462930029493 64.0 
260.0 301.0 4.599055583619286 1.457462930029493 64.0 
260.0 302.0 4.599055583619286 1.457462930029493 64.0 
260.0 303.0 4.599055583619286 1.457462930029493 64.0 
260.0 304.0 4.599055583619286 1.457462930029493 64.0 
261.0 261.0 4.599055583619286 1.457462930029493 64.0 
261.0 262.0 4.599055583619286 1.457462930029493 64.0 
261.0 263.0 4.599055583619286 1.457462930029493 64.0 
261.0 264.0 4.599055583619286 1.457462930029493 64.0 
261.0 265.0 4.599055583619286 1.457462930029493 64.0 
261.0 266.0 4.599055583619286 1.457462930029493 64.0 
261.0 267.0 4.599055583619286 1.457462930029493 64.0 
261.0 268.0 4.599055583619286 1.457462930029493 64.0 
261.0 269.0 4.599055583619286 1.457462930029493 64.0 
261.0 270.0 4.599055583619286 1.457462930029493 64.0 
261.0 271.0 4.599055583619286 1.457462930029493 64.0 
261.0 272.0 4.599055583619286 1.457462930029493 64.0 
261.0 273.0 4.599055583619286 1.457462930029493 64.0 
261.0 274.0 4.599055583619286 1.457462930029493 64.0 
261.0 275.0 4.599055583619286 1.457462930029493 64.0 
261.0 276.0 4.599055583619286 1.457462930029493 64.0 
261.0 277.0 4.599055583619286 1.457462930029493 64.0 
261.0 278.0 4.599055583619286 1.457462930029493 64.0 
261.0 279.0 4.599055583619286 1.457462930029493 64.0 
261.0 280.0 4.599055583619286 1.457462930029493 64.0 
261.0 281.0 4.599055583619286 1.457462930029493 64.0 
261.0 282.0 4.599055583619286 1.457462930029493 64.0 
261.0 283.0 4.599055583619286 1.457462930029493 64.0 
261.0 284.0 4.599055583619286 1.457462930029493 64.0 
261.0 285.0 4.599055583619286 1.457462930029493 64.0 
261.0 286.0 4.599055583619286 1.457462930029493 64.0 
261.0 287.0 4.599055583619286 1.457462930029493 64.0 
261.0 288.0 4.599055583619286 1.457462930029493 64.0 
261.0 289.0 4.599055583619286 1.457462930029493 64.0 
261.0 290.0 4.599055583619286 1.457462930029493 64.0 
261.0 291.0 4.599055583619286 1.457462930029493 64.0 
261.0 292.0 4.599055583619286 1.457462930029493 64.0 
261.0 293.0 4.599055583619286 1.457462930029493 64.0 
261.0 294.0 4.599055583619286 1.457462930029493 64.0 
261.0 295.0 4.599055583619286 1.457462930029493 64.0 
261.0 296.0 4.599055583619286 1.457462930029493 64.0 
261.0 297.0 4.599055583619286 1.457462930029493 64.0 
261.0 298.0 4.599055583619286 1.457462930029493 64.0 
261.0 299.0 4.599055583619286 1.457462930029493 64.0 
261.0 300.0 4.599055583619286 1.457462930029493 64.0 
261.0 301.0 4.599055583619286 1.457462930029493 64.0 
261.0 302.0 4.599055583619286 1.457462930029493 64.0 
261.0 303.0 4.599055583619286 1.457462930029493 64.0 
261.0 304.0 4.599055583619286 1.457462930029493 64.0 
261.0 305.0 4.599055583619286 1.457462930029493 64.0 
261.0 306.0 4.599055583619286 1.457462930029493 64.0 
261.0 307.0 4.599055583619286 1.457462930029493 64.0 
261.0 308.0 4.599055583619286 1.457462930029493 64.0 
261.0 309.0 4.599055583619286 1.457462930029493 64.0 
261.0 310.0 4.599055583619286 1.457462930029493 64.0 
261.0 311.0 4.599055583619286 1.457462930029493 64.0 
261.0 312.0 4.599055583619286 1.457462930029493 64.0 
261.0 313.0 4.599055583619286 1.457462930029493 64.0 
262.0 270.0 4.599055583619286 1.457462930029493 64.0 
262.0 271.0 4.599055583619286 1.457462930029493 64.0 
262.0 272.0 4.599055583619286 1.457462930029493 64.0 
262.0 273.0 4.599055583619286 1.457462930029493 64.0 
262.0 274.0 4.599055583619286 1.457462930029493 64.0 
262.0 275.0 4.599055583619286 1.457462930029493 64.0 
262.0 276.0 4.599055583619286 1.457462930029493 64.0 
262.0 277.0 4.599055583619286 1.457462930029493 64.0 
262.0 278.0 4.599055583619286 1.457462930029493 64.0 
262.0 279.0 4.599055583619286 1.457462930029493 64.0 
262.0 280.0 4.599055583619286 1.457462930029493 64.0 
262.0 281.0 4.599055583619286 1.457462930029493 64.0 
262.0 282.0 4.599055583619286 1.457462930029493 64.0 
262.0 283.0 4.599055583619286 1.457462930029493 64.0 
262.0 284.0 4.599055583619286 1.457462930029493 64.0 
262.0 285.0 4.599055583619286 1.457462930029493 64.0 
262.0 286.0 4.599055583619286 1.457462930029493 64.0 
262.0 287.0 4.599055583619286 1.457462930029493 64.0 
262.0 288.0 4.599055583619286 1.457462930029493 64.0 
262.0 289.0 4.599055583619286 1.457462930029493 64.0 
262.0 290.0 4.599055583619286 1.457462930029493 64.0 
262.0 291.0 4.599055583619286 1.457462930029493 64.0 
262.0 292.0 4.599055583619286 1.457462930029493 64.0 
262.0 293.0 4.599055583619286 1.457462930029493 64.0 
262.0 294.0 4.599055583619286 1.457462930029493 64.0 
262.0 295.0 4.599055583619286 1.457462930029493 64.0 
262.0 296.0 4.599055583619286 1.457462930029493 64.0 
262.0 297.0 4.599055583619286 1.457462930029493 64.0 
262.0 298.0 4.599055583619286 1.457462930029493 64.0 
262.0 299.0 4.599055583619286 1.457462930029493 64.0 
262.0 300.0 4.599055583619286 1.457462930029493 64.0 
262.0 301.0 4.599055583619286 1.457462930029493 64.0 
262.0 302.0 4.599055583619286 1.457462930029493 64.0 
262.0 303.0 4.599055583619286 1.457462930029493 64.0 
262.0 304.0 4.599055583619286 1.457462930029493 64.0 
262.0 305.0 4.599055583619286 1.457462930029493 64.0 
262.0 306.0 4.599055583619286 1.457462930029493 64.0 
262.0 307.0 4.599055583619286 1.457462930029493 64.0 
262.0 308.0 4.599055583619286 1.457462930029493 64.0 
262.0 309.0 4.599055583619286 1.457462930029493 64.0 
262.0 310.0 4.599055583619286 1.457462930029493 64.0 
262.0 311.0 4.599055583619286 1.457462930029493 64.0 
262.0 312.0 4.599055583619286 1.457462930029493 64.0 
262.0 313.0 4.599055583619286 1.457462930029493 64.0 
262.0 314.0 4.599055583619286 1.457462930029493 64.0 
262.0 315.0 4.599055583619286 1.457462930029493 64.0 
262.0 316.0 4.599055583619286 1.457462930029493 64.0 
262.0 317.0 4.599055583619286 1.457462930029493 64.0 
262.0 318.0 4.599055583619286 1.457462930029493 64.0 
262.0 319.0 4.599055583619286 1.457462930029493 64.0 
262.0 320.0 4.599055583619286 1.457462930029493 64.0 
262.0 321.0 4.599055583619286 1.457462930029493 64.0 
262.0 322.0 4.599055583619286 1.457462930029493 64.0 
263.0 279.0 4.599055583619286 1.457462930029493 64.0 
263.0 280.0 4.599055583619286 1.457462930029493 64.0 
263.0 281.0 4.599055583619286 1.457462930029493 64.0 
263.0 282.0 4.599055583619286 1.457462930029493 64.0 
263.0 283.0 4.599055583619286 1.457462930029493 64.0 
263.0 284.0 4.599055583619286 1.457462930029493 64.0 
263.0 285.0 4.599055583619286 1.457462930029493 64.0 
263.0 286.0 4.599055583619286 1.457462930029493 64.0 
263.0 287.0 4.599055583619286 1.457462930029493 64.0 
263.0 288.0 4.599055583619286 1.457462930029493 64.0 
263.0 289.0 4.599055583619286 1.457462930029493 64.0 
263.0 290.0 4.599055583619286 1.457462930029493 64.0 
263.0 291.0 4.599055583619286 1.457462930029493 64.0 
263.0 292.0 4.599055583619286 1.457462930029493 64.0 
263.0 293.0 4.599055583619286 1.457462930029493 64.0 
263.0 294.0 4.599055583619286 1.457462930029493 64.0 
263.0 295.0 4.599055583619286 1.457462930029493 64.0 
263.0 296.0 4.599055583619286 1.457462930029493 64.0 
263.0 297.0 4.599055583619286 1.457462930029493 64.0 
263.0 298.0 4.599055583619286 1.457462930029493 64.0 
263.0 299.0 4.599055583619286 1.457462930029493 64.0 
263.0 300.0 4.599055583619286 1.457462930029493 64.0 
263.0 301.0 4.599055583619286 1.457462930029493 64.0 
263.0 302.0 4.599055583619286 1.457462930029493 64.0 
263.0 303.0 4.599055583619286 1.457462930029493 64.0 
263.0 304.0 4.599055583619286 1.457462930029493 64.0 
263.0 305.0 4.599055583619286 1.457462930029493 64.0 
263.0 306.0 4.599055583619286 1.457462930029493 64.0 
263.0 307.0 4.599055583619286 1.457462930029493 64.0 
263.0 308.0 4.599055583619286 1.457462930029493 64.0 
263.0 309.0 4.599055583619286 1.457462930029493 64.0 
263.0 310.0 4.599055583619286 1.457462930029493 64.0 
263.0 311.0 4.599055583619286 1.457462930029493 64.0 
263.0 312.0 4.599055583619286 1.457462930029493 64.0 
263.0 313.0 4.599055583619286 1.457462930029493 64.0 
263.0 314.0 4.599055583619286 1.457462930029493 64.0 
263.0 315.0 4.599055583619286 1.457462930029493 64.0 
263.0 316.0 4.599055583619286 1.457462930029493 64.0 
263.0 317.0 4.599055583619286 1.457462930029493 64.0 
263.0 318.0 4.599055583619286 1.457462930029493 64.0 
263.0 319.0 4.599055583619286 1.457462930029493 64.0 
263.0 320.0 4.599055583619286 1.457462930029493 64.0 
263.0 321.0 4.599055583619286 1.457462930029493 64.0 
263.0 322.0 4.599055583619286 1.457462930029493 64.0 
263.0 323.0 4.599055583619286 1.457462930029493 64.0 
263.0 324.0 4.599055583619286 1.457462930029493 64.0 
263.0 325.0 4.599055583619286 1.457462930029493 64.0 
263.0 326.0 4.599055583619286 1.457462930029493 64.0 
263.0 327.0 4.599055583619286 1.457462930029493 64.0 
263.0 328.0 4.599055583619286 1.457462930029493 64.0 
263.0 329.0 4.599055583619286 1.457462930029493 64.0 
263.0 330.0 4.599055583619286 1.457462930029493 64.0 
263.0 331.0 4.599055583619286 1.457462930029493 64.0 
264.0 287.0 4.599055583619286 1.457462930029493 64.0 
264.0 288.0 4.599055583619286 1.457462930029493 64.0 
264.0 289.0 4.599055583619286 1.457462930029493 64.0 
264.0 290.0 4.599055583619286 1.457462930029493 64.0 
264.0 291.0 4.599055583619286 1.457462930029493 64.0 
264.0 292.0 4.599055583619286 1.457462930029493 64.0 
264.0 293.0 4.599055583619286 1.457462930029493 64.0 
264.0 294.0 4.599055583619286 1.457462930029493 64.0 
264.0 295.0 4.599055583619286 1.457462930029493 64.0 
264.0 296.0 4.599055583619286 1.457462930029493 64.0 
264.0 297.0 4.599055583619286 1.457462930029493 64.0 
264.0 298.0 4.599055583619286 1.457462930029493 64.0 
264.0 299.0 4.599055583619286 1.457462930029493 64.0 
264.0 300.0 4.599055583619286 1.457462930029493 64.0 
264.0 301.0 4.599055583619286 1.457462930029493 64.0 
264.0 302.0 4.599055583619286 1.457462930029493 64.0 
264.0 303.0 4.599055583619286 1.457462930029493 64.0 
264.0 304.0 4.599055583619286 1.457462930029493 64.0 
264.0 305.0 4.599055583619286 1.457462930029493 64.0 
264.0 306.0 4.599055583619286 1.457462930029493 64.0 
264.0 307.0 4.599055583619286 1.457462930029493 64.0 
264.0 308.0 4.599055583619286 1.457462930029493 64.0 
264.0 309.0 4.599055583619286 1.457462930029493 64.0 
264.0 310.0 4.599055583619286 1.457462930029493 64.0 
264.0 311.0 4.599055583619286 1.457462930029493 64.0 
264.0 312.0 4.599055583619286 1.457462930029493 64.0 
264.0 313.0 4.599055583619286 1.457462930029493 64.0 
264.0 314.0 4.599055583619286 1.457462930029493 64.0 
264.0 315.0 4.599055583619286 1.457462930029493 64.0 
264.0 316.0 4.599055583619286 1.457462930029493 64.0 
264.0 317.0 4.599055583619286 1.457462930029493 64.0 
264.0 318.0 4.599055583619286 1.457462930029493 64.0 
264.0 319.0 4.599055583619286 1.457462930029493 64.0 
264.0 320.0 4.599055583619286 1.457462930029493 64.0 
264.0 321.0 4.599055583619286 1.457462930029493 64.0 
264.0 322.0 4.599055583619286 1.457462930029493 64.0 
264.0 323.0 4.599055583619286 1.457462930029493 64.0 
264.0 324.0 4.599055583619286 1.457462930029493 64.0 
264.0 325.0 4.599055583619286 1.457462930029493 64.0 
264.0 326.0 4.599055583619286 1.457462930029493 64.0 
264.0 327.0 4.599055583619286 1.457462930029493 64.0 
264.0 328.0 4.599055583619286 1.457462930029493 64.0 
264.0 329.0 4.599055583619286 1.457462930029493 64.0 
264.0 330.0 4.599055583619286 1.457462930029493 64.0 
264.0 331.0 4.599055583619286 1.457462930029493 64.0 
264.0 332.0 4.599055583619286 1.457462930029493 64.0 
264.0 333.0 4.599055583619286 1.457462930029493 64.0 
264.0 334.0 4.599055583619286 1.457462930029493 64.0 
264.0 335.0 4.599055583619286 1.457462930029493 64.0 
264.0 336.0 4.599055583619286 1.457462930029493 64.0 
264.0 337.0 4.599055583619286 1.457462930029493 64.0 
264.0 338.0 4.599055583619286 1.457462930029493 64.0 
264.0 339.0 4.599055583619286 1.457462930029493 64.0 
264.0 340.0 4.599055583619286 1.457462930029493 64.0 
265.0 296.0 4.599055583619286 1.457462930029493 64.0 
265.0 297.0 4.599055583619286 1.457462930029493 64.0 
265.0 298.0 4.599055583619286 1.457462930029493 64.0 
265.0 299.0 4.599055583619286 1.457462930029493 64.0 
265.0 300.0 4.599055583619286 1.457462930029493 64.0 
265.0 301.0 4.599055583619286 1.457462930029493 64.0 
265.0 302.0 4.599055583619286 1.457462930029493 64.0 
265.0 303.0 4.599055583619286 1.457462930029493 64.0 
265.0 304.0 4.599055583619286 1.457462930029493 64.0 
265.0 305.0 4.599055583619286 1.457462930029493 64.0 
265.0 306.0 4.599055583619286 1.457462930029493 64.0 
265.0 307.0 4.599055583619286 1.457462930029493 64.0 
265.0 308.0 4.599055583619286 1.457462930029493 64.0 
265.0 309.0 4.599055583619286 1.457462930029493 64.0 
265.0 310.0 4.599055583619286 1.457462930029493 64.0 
265.0 311.0 4.599055583619286 1.457462930029493 64.0 
265.0 312.0 4.599055583619286 1.457462930029493 64.0 
265.0 313.0 4.599055583619286 1.457462930029493 64.0 
265.0 314.0 4.599055583619286 1.457462930029493 64.0 
265.0 315.0 4.599055583619286 1.457462930029493 64.0 
265.0 316.0 4.599055583619286 1.457462930029493 64.0 
265.0 317.0 4.599055583619286 1.457462930029493 64.0 
265.0 318.0 4.599055583619286 1.457462930029493 64.0 
265.0 319.0 4.599055583619286 1.457462930029493 64.0 
265.0 320.0 4.599055583619286 1.457462930029493 64.0 
265.0 321.0 4.599055583619286 1.457462930029493 64.0 
265.0 322.0 4.599055583619286 1.457462930029493 64.0 
265.0 323.0 4.599055583619286 1.457462930029493 64.0 
265.0 324.0 4.599055583619286 1.457462930029493 64.0 
265.0 325.0 4.599055583619286 1.457462930029493 64.0 
265.0 326.0 4.599055583619286 1.457462930029493 64.0 
265.0 327.0 4.599055583619286 1.457462930029493 64.0 
265.0 328.0 4.599055583619286 1.457462930029493 64.0 
265.0 329.0 4.599055583619286 1.457462930029493 64.0 
265.0 330.0 4.599055583619286 1.457462930029493 64.0 
265.0 331.0 4.599055583619286 1.457462930029493 64.0 
265.0 332.0 4.599055583619286 1.457462930029493 64.0 
265.0 333.0 4.599055583619286 1.457462930029493 64.0 
265.0 334.0 4.599055583619286 1.457462930029493 64.0 
265.0 335.0 4.599055583619286 1.457462930029493 64.0 
265.0 336.0 4.599055583619286 1.457462930029493 64.0 
265.0 337.0 4.599055583619286 1.457462930029493 64.0 
265.0 338.0 4.599055583619286 1.457462930029493 64.0 
265.0 339.0 4.599055583619286 1.457462930029493 64.0 
265.0 340.0 4.599055583619286 1.457462930029493 64.0 
265.0 341.0 4.599055583619286 1.457462930029493 64.0 
265.0 342.0 4.599055583619286 1.457462930029493 64.0 
265.0 343.0 4.599055583619286 1.457462930029493 64.0 
265.0 344.0 4.599055583619286 1.457462930029493 64.0 
265.0 345.0 4.599055583619286 1.457462930029493 64.0 
265.0 346.0 4.599055583619286 1.457462930029493 64.0 
265.0 347.0 4.599055583619286 1.457462930029493 64.0 
265.0 348.0 4.599055583619286 1.457462930029493 64.0 
266.0 305.0 4.599055583619286 1.457462930029493 64.0 
266.0 306.0 4.599055583619286 1.457462930029493 64.0 
266.0 307.0 4.599055583619286 1.457462930029493 64.0 
266.0 308.0 4.599055583619286 1.457462930029493 64.0 
266.0 309.0 4.599055583619286 1.457462930029493 64.0 
266.0 310.0 4.599055583619286 1.457462930029493 64.0 
266.0 311.0 4.599055583619286 1.457462930029493 64.0 
266.0 312.0 4.599055583619286 1.457462930029493 64.0 
266.0 313.0 4.599055583619286 1.457462930029493 64.0 
266.0 314.0 4.599055583619286 1.457462930029493 64.0 
266.0 315.0 4.599055583619286 1.457462930029493 64.0 
266.0 316.0 4.599055583619286 1.457462930029493 64.0 
266.0 317.0 4.599055583619286 1.457462930029493 64.0 
266.0 318.0 4.599055583619286 1.457462930029493 64.0 
266.0 319.0 4.599055583619286 1.457462930029493 64.0 
266.0 320.0 4.599055583619286 1.457462930029493 64.0 
266.0 321.0 4.599055583619286 1.457462930029493 64.0 
266.0 322.0 4.599055583619286 1.457462930029493 64.0 
266.0 323.0 4.599055583619286 1.457462930029493 64.0 
266.0 324.0 4.599055583619286 1.457462930029493 64.0 
266.0 325.0 4.599055583619286 1.457462930029493 64.0 
266.0 326.0 4.599055583619286 1.457462930029493 64.0 
266.0 327.0 4.599055583619286 1.457462930029493 64.0 
266.0 328.0 4.599055583619286 1.457462930029493 64.0 
266.0 329.0 4.599055583619286 1.457462930029493 64.0 
266.0 330.0 4.599055583619286 1.457462930029493 64.0 
266.0 331.0 4.599055583619286 1.457462930029493 64.0 
266.0 332.0 4.599055583619286 1.457462930029493 64.0 
266.0 333.0 4.599055583619286 1.457462930029493 64.0 
266.0 334.0 4.599055583619286 1.457462930029493 64.0 
266.0 335.0 4.599055583619286 1.457462930029493 64.0 
266.0 336.0 4.599055583619286 1.457462930029493 64.0 
266.0 337.0 4.599055583619286 1.457462930029493 64.0 
266.0 338.0 4.599055583619286 1.457462930029493 64.0 
266.0 339.0 4.599055583619286 1.457462930029493 64.0 
266.0 340.0 4.599055583619286 1.457462930029493 64.0 
266.0 341.0 4.599055583619286 1.457462930029493 64.0 
266.0 342.0 4.599055583619286 1.457462930029493 64.0 
266.0 343.0 4.599055583619286 1.457462930029493 64.0 
266.0 344.0 4.599055583619286 1.457462930029493 64.0 
266.0 345.0 4.599055583619286 1.457462930029493 64.0 
266.0 346.0 4.599055583619286 1.457462930029493 64.0 
266.0 347.0 4.599055583619286 1.457462930029493 64.0 
266.0 348.0 4.599055583619286 1.457462930029493 64.0 
266.0 349.0 4.599055583619286 1.457462930029493 64.0 
266.0 350.0 4.599055583619286 1.457462930029493 64.0 
266.0 351.0 4.599055583619286 1.457462930029493 64.0 
266.0 352.0 4.599055583619286 1.457462930029493 64.0 
266.0 353.0 4.599055583619286 1.457462930029493 64.0 
266.0 354.0 4.599055583619286 1.457462930029493 64.0 
266.0 355.0 4.599055583619286 1.457462930029493 64.0 
266.0 356.0 4.599055583619286 1.457462930029493 64.0 
266.0 357.0 4.599055583619286 1.457462930029493 64.0 
267.0 314.0 4.599055583619286 1.457462930029493 64.0 
267.0 315.0 4.599055583619286 1.457462930029493 64.0 
267.0 316.0 4.599055583619286 1.457462930029493 64.0 
267.0 317.0 4.599055583619286 1.457462930029493 64.0 
267.0 318.0 4.599055583619286 1.457462930029493 64.0 
267.0 319.0 4.599055583619286 1.457462930029493 64.0 
267.0 320.0 4.599055583619286 1.457462930029493 64.0 
267.0 321.0 4.599055583619286 1.457462930029493 64.0 
267.0 322.0 4.599055583619286 1.457462930029493 64.0 
267.0 323.0 4.599055583619286 1.457462930029493 64.0 
267.0 324.0 4.599055583619286 1.457462930029493 64.0 
267.0 325.0 4.599055583619286 1.457462930029493 64.0 
267.0 326.0 4.599055583619286 1.457462930029493 64.0 
267.0 327.0 4.599055583619286 1.457462930029493 64.0 
267.0 328.0 4.599055583619286 1.457462930029493 64.0 
267.0 329.0 4.599055583619286 1.457462930029493 64.0 
267.0 330.0 4.599055583619286 1.457462930029493 64.0 
267.0 331.0 4.599055583619286 1.457462930029493 64.0 
267.0 332.0 4.599055583619286 1.457462930029493 64.0 
267.0 333.0 4.599055583619286 1.457462930029493 64.0 
267.0 334.0 4.599055583619286 1.457462930029493 64.0 
267.0 335.0 4.599055583619286 1.457462930029493 64.0 
267.0 336.0 4.599055583619286 1.457462930029493 64.0 
267.0 337.0 4.599055583619286 1.457462930029493 64.0 
267.0 338.0 4.599055583619286 1.457462930029493 64.0 
267.0 339.0 4.599055583619286 1.457462930029493 64.0 
267.0 340.0 4.599055583619286 1.457462930029493 64.0 
267.0 341.0 4.599055583619286 1.457462930029493 64.0 
267.0 342.0 4.599055583619286 1.457462930029493 64.0 
267.0 343.0 4.599055583619286 1.457462930029493 64.0 
267.0 344.0 4.599055583619286 1.457462930029493 64.0 
267.0 345.0 4.599055583619286 1.457462930029493 64.0 
267.0 346.0 4.599055583619286 1.457462930029493 64.0 
267.0 347.0 4.599055583619286 1.457462930029493 64.0 
267.0 348.0 4.599055583619286 1.457462930029493 64.0 
267.0 349.0 4.599055583619286 1.457462930029493 64.0 
267.0 350.0 4.599055583619286 1.457462930029493 64.0 
267.0 351.0 4.599055583619286 1.457462930029493 64.0 
267.0 352.0 4.599055583619286 1.457462930029493 64.0 
267.0 353.0 4.599055583619286 1.457462930029493 64.0 
267.0 354.0 4.599055583619286 1.457462930029493 64.0 
267.0 355.0 4.599055583619286 1.457462930029493 64.0 
267.0 356.0 4.599055583619286 1.457462930029493 64.0 
267.0 357.0 4.599055583619286 1.457462930029493 64.0 
267.0 358.0 4.599055583619286 1.457462930029493 64.0 
267.0 359.0 4.599055583619286 1.457462930029493 64.0 
267.0 360.0 4.599055583619286 1.457462930029493 64.0 
267.0 361.0 4.599055583619286 1.457462930029493 64.0 
267.0 362.0 4.599055583619286 1.457462930029493 64.0 
267.0 363.0 4.599055583619286 1.457462930029493 64.0 
267.0 364.0 4.599055583619286 1.457462930029493 64.0 
267.0 365.0 4.599055583619286 1.457462930029493 64.0 
267.0 366.0 4.599055583619286 1.457462930029493 64.0 
268.0 323.0 4.599055583619286 1.457462930029493 64.0 
268.0 324.0 4.599055583619286 1.457462930029493 64.0 
268.0 325.0 4.599055583619286 1.457462930029493 64.0 
268.0 326.0 4.599055583619286 1.457462930029493 64.0 
268.0 327.0 4.599055583619286 1.457462930029493 64.0 
268.0 328.0 4.599055583619286 1.457462930029493 64.0 
268.0 329.0 4.599055583619286 1.457462930029493 64.0 
268.0 330.0 4.599055583619286 1.457462930029493 64.0 
268.0 331.0 4.599055583619286 1.457462930029493 64.0 
268.0 332.0 4.599055583619286 1.457462930029493 64.0 
268.0 333.0 4.599055583619286 1.457462930029493 64.0 
268.0 334.0 4.599055583619286 1.457462930029493 64.0 
268.0 335.0 4.599055583619286 1.457462930029493 64.0 
268.0 336.0 4.599055583619286 1.457462930029493 64.0 
268.0 337.0 4.599055583619286 1.457462930029493 64.0 
268.0 338.0 4.599055583619286 1.457462930029493 64.0 
268.0 339.0 4.599055583619286 1.457462930029493 64.0 
268.0 340.0 4.599055583619286 1.457462930029493 64.0 
268.0 341.0 4.599055583619286 1.457462930029493 64.0 
268.0 342.0 4.599055583619286 1.457462930029493 64.0 
268.0 343.0 4.599055583619286 1.457462930029493 64.0 
268.0 344.0 4.599055583619286 1.457462930029493 64.0 
268.0 345.0 4.599055583619286 1.457462930029493 64.0 
268.0 346.0 4.599055583619286 1.457462930029493 64.0 
268.0 347.0 4.599055583619286 1.457462930029493 64.0 
268.0 348.0 4.599055583619286 1.457462930029493 64.0 
268.0 349.0 4.599055583619286 1.457462930029493 64.0 
268.0 350.0 4.599055583619286 1.457462930029493 64.0 
268.0 351.0 4.599055583619286 1.457462930029493 64.0 
268.0 352.0 4.599055583619286 1.457462930029493 64.0 
268.0 353.0 4.599055583619286 1.457462930029493 64.0 
268.0 354.0 4.599055583619286 1.457462930029493 64.0 
268.0 355.0 4.599055583619286 1.457462930029493 64.0 
268.0 356.0 4.599055583619286 1.457462930029493 64.0 
268.0 357.0 4.599055583619286 1.457462930029493 64.0 
268.0 358.0 4.599055583619286 1.457462930029493 64.0 
268.0 359.0 4.599055583619286 1.457462930029493 64.0 
268.0 360.0 4.599055583619286 1.457462930029493 64.0 
268.0 361.0 4.599055583619286 1.457462930029493 64.0 
268.0 362.0 4.599055583619286 1.457462930029493 64.0 
268.0 363.0 4.599055583619286 1.457462930029493 64.0 
268.0 364.0 4.599055583619286 1.457462930029493 64.0 
268.0 365.0 4.599055583619286 1.457462930029493 64.0 
268.0 366.0 4.599055583619286 1.457462930029493 64.0 
268.0 367.0 4.599055583619286 1.457462930029493 64.0 
268.0 368.0 4.599055583619286 1.457462930029493 64.0 
268.0 369.0 4.599055583619286 1.457462930029493 64.0 
268.0 370.0 4.599055583619286 1.457462930029493 64.0 
268.0 371.0 4.599055583619286 1.457462930029493 64.0 
268.0 372.0 4.599055583619286 1.457462930029493 64.0 
268.0 373.0 4.599055583619286 1.457462930029493 64.0 
268.0 374.0 4.599055583619286 1.457462930029493 64.0 
268.0 375.0 4.599055583619286 1.457462930029493 64.0 
269.0 331.0 4.599055583619286 1.457462930029493 64.0 
269.0 332.0 4.599055583619286 1.457462930029493 64.0 
269.0 333.0 4.599055583619286 1.457462930029493 64.0 
269.0 334.0 4.599055583619286 1.457462930029493 64.0 
269.0 335.0 4.599055583619286 1.457462930029493 64.0 
269.0 336.0 4.599055583619286 1.457462930029493 64.0 
269.0 337.0 4.599055583619286 1.457462930029493 64.0 
269.0 338.0 4.599055583619286 1.457462930029493 64.0 
269.0 339.0 4.599055583619286 1.457462930029493 64.0 
269.0 340.0 4.599055583619286 1.457462930029493 64.0 
269.0 341.0 4.599055583619286 1.457462930029493 64.0 
269.0 342.0 4.599055583619286 1.457462930029493 64.0 
269.0 343.0 4.599055583619286 1.457462930029493 64.0 
269.0 344.0 4.599055583619286 1.457462930029493 64.0 
269.0 345.0 4.599055583619286 1.457462930029493 64.0 
269.0 346.0 4.599055583619286 1.457462930029493 64.0 
269.0 347.0 4.599055583619286 1.457462930029493 64.0 
269.0 348.0 4.599055583619286 1.457462930029493 64.0 
269.0 349.0 4.599055583619286 1.457462930029493 64.0 
269.0 350.0 4.599055583619286 1.457462930029493 64.0 
269.0 351.0 4.599055583619286 1.457462930029493 64.0 
269.0 352.0 4.599055583619286 1.457462930029493 64.0 
269.0 353.0 4.599055583619286 1.457462930029493 64.0 
269.0 354.0 4.599055583619286 1.457462930029493 64.0 
269.0 355.0 4.599055583619286 1.457462930029493 64.0 
269.0 356.0 4.599055583619286 1.457462930029493 64.0 
269.0 357.0 4.599055583619286 1.457462930029493 64.0 
269.0 358.0 4.599055583619286 1.457462930029493 64.0 
269.0 359.0 4.599055583619286 1.457462930029493 64.0 
269.0 360.0 4.599055583619286 1.457462930029493 64.0 
269.0 361.0 4.599055583619286 1.457462930029493 64.0 
269.0 362.0 4.599055583619286 1.457462930029493 64.0 
269.0 363.0 4.599055583619286 1.457462930029493 64.0 
269.0 364.0 4.599055583619286 1.457462930029493 64.0 
269.0 365.0 4.599055583619286 1.457462930029493 64.0 
269.0 366.0 4.599055583619286 1.457462930029493 64.0 
269.0 367.0 4.599055583619286 1.457462930029493 64.0 
269.0 368.0 4.599055583619286 1.457462930029493 64.0 
269.0 369.0 4.599055583619286 1.457462930029493 64.0 
269.0 370.0 4.599055583619286 1.457462930029493 64.0 
269.0 371.0 4.599055583619286 1.457462930029493 64.0 
269.0 372.0 4.599055583619286 1.457462930029493 64.0 
269.0 373.0 4.599055583619286 1.457462930029493 64.0 
269.0 374.0 4.599055583619286 1.457462930029493 64.0 
269.0 375.0 4.599055583619286 1.457462930029493 64.0 
270.0 340.0 4.599055583619286 1.457462930029493 64.0 
270.0 341.0 4.599055583619286 1.457462930029493 64.0 
270.0 342.0 4.599055583619286 1.457462930029493 64.0 
270.0 343.0 4.599055583619286 1.457462930029493 64.0 
270.0 344.0 4.599055583619286 1.457462930029493 64.0 
270.0 345.0 4.599055583619286 1.457462930029493 64.0 
270.0 346.0 4.599055583619286 1.457462930029493 64.0 
270.0 347.0 4.599055583619286 1.457462930029493 64.0 
270.0 348.0 4.599055583619286 1.457462930029493 64.0 
270.0 349.0 4.599055583619286 1.457462930029493 64.0 
270.0 350.0 4.599055583619286 1.457462930029493 64.0 
270.0 351.0 4.599055583619286 1.457462930029493 64.0 
270.0 352.0 4.599055583619286 1.457462930029493 64.0 
270.0 353.0 4.599055583619286 1.457462930029493 64.0 
270.0 354.0 4.599055583619286 1.457462930029493 64.0 
270.0 355.0 4.599055583619286 1.457462930029493 64.0 
270.0 356.0 4.599055583619286 1.457462930029493 64.0 
270.0 357.0 4.599055583619286 1.457462930029493 64.0 
270.0 358.0 4.599055583619286 1.457462930029493 64.0 
270.0 359.0 4.599055583619286 1.457462930029493 64.0 
270.0 360.0 4.599055583619286 1.457462930029493 64.0 
270.0 361.0 4.599055583619286 1.457462930029493 64.0 
270.0 362.0 4.599055583619286 1.457462930029493 64.0 
270.0 363.0 4.599055583619286 1.457462930029493 64.0 
270.0 364.0 4.599055583619286 1.457462930029493 64.0 
270.0 365.0 4.599055583619286 1.457462930029493 64.0 
270.0 366.0 4.599055583619286 1.457462930029493 64.0 
270.0 367.0 4.599055583619286 1.457462930029493 64.0 
270.0 368.0 4.599055583619286 1.457462930029493 64.0 
270.0 369.0 4.599055583619286 1.457462930029493 64.0 
270.0 370.0 4.599055583619286 1.457462930029493 64.0 
270.0 371.0 4.599055583619286 1.457462930029493 64.0 
270.0 372.0 4.599055583619286 1.457462930029493 64.0 
270.0 373.0 4.599055583619286 1.457462930029493 64.0 
270.0 374.0 4.599055583619286 1.457462930029493 64.0 
270.0 375.0 4.599055583619286 1.457462930029493 64.0 
271.0 349.0 4.599055583619286 1.457462930029493 64.0 
271.0 350.0 4.599055583619286 1.457462930029493 64.0 
271.0 351.0 4.599055583619286 1.457462930029493 64.0 
271.0 352.0 4.599055583619286 1.457462930029493 64.0 
271.0 353.0 4.599055583619286 1.457462930029493 64.0 
271.0 354.0 4.599055583619286 1.457462930029493 64.0 
271.0 355.0 4.599055583619286 1.457462930029493 64.0 
271.0 356.0 4.599055583619286 1.457462930029493 64.0 
271.0 357.0 4.599055583619286 1.457462930029493 64.0 
271.0 358.0 4.599055583619286 1.457462930029493 64.0 
271.0 359.0 4.599055583619286 1.457462930029493 64.0 
271.0 360.0 4.599055583619286 1.457462930029493 64.0 
271.0 361.0 4.599055583619286 1.457462930029493 64.0 
271.0 362.0 4.599055583619286 1.457462930029493 64.0 
271.0 363.0 4.599055583619286 1.457462930029493 64.0 
271.0 364.0 4.599055583619286 1.457462930029493 64.0 
271.0 365.0 4.599055583619286 1.457462930029493 64.0 
271.0 366.0 4.599055583619286 1.457462930029493 64.0 
271.0 367.0 4.599055583619286 1.457462930029493 64.0 
271.0 368.0 4.599055583619286 1.457462930029493 64.0 
271.0 369.0 4.599055583619286 1.457462930029493 64.0 
271.0 370.0 4.599055583619286 1.457462930029493 64.0 
271.0 371.0 4.599055583619286 1.457462930029493 64.0 
271.0 372.0 4.599055583619286 1.457462930029493 64.0 
271.0 373.0 4.599055583619286 1.457462930029493 64.0 
271.0 374.0 4.599055583619286 1.457462930029493 64.0 
272.0 358.0 4.599055583619286 1.457462930029493 64.0 
272.0 359.0 4.599055583619286 1.457462930029493 64.0 
272.0 360.0 4.599055583619286 1.457462930029493 64.0 
272.0 361.0 4.599055583619286 1.457462930029493 64.0 
272.0 362.0 4.599055583619286 1.457462930029493 64.0 
272.0 363.0 4.599055583619286 1.457462930029493 64.0 
272.0 364.0 4.599055583619286 1.457462930029493 64.0 
272.0 365.0 4.599055583619286 1.457462930029493 64.0 
272.0 366.0 4.599055583619286 1.457462930029493 64.0 
272.0 367.0 4.599055583619286 1.457462930029493 64.0 
272.0 368.0 4.599055583619286 1.457462930029493 64.0 
272.0 369.0 4.599055583619286 1.457462930029493 64.0 
272.0 370.0 4.599055583619286 1.457462930029493 64.0 
272.0 371.0 4.599055583619286 1.457462930029493 64.0 
272.0 372.0 4.599055583619286 1.457462930029493 64.0 
272.0 373.0 4.599055583619286 1.457462930029493 64.0 
272.0 374.0 4.599055583619286 1.457462930029493 64.0 
273.0 367.0 4.599055583619286 1.457462930029493 64.0 
273.0 368.0 4.599055583619286 1.457462930029493 64.0 
273.0 369.0 4.599055583619286 1.457462930029493 64.0 
273.0 370.0 4.599055583619286 1.457462930029493 64.0 
273.0 371.0 4.599055583619286 1.457462930029493 64.0 
273.0 372.0 4.599055583619286 1.457462930029493 64.0 
273.0 373.0 4.599055583619286 1.457462930029493 64.0 
273.0 374.0 4.599055583619286 1.457462930029493 64.0 
