242.0 270.0 3.862146789434035 0.7205541358442421 40.0 
242.0 271.0 3.862146789434035 0.7205541358442421 40.0 
243.0 268.0 3.862146789434035 0.7205541358442421 40.0 
243.0 269.0 3.862146789434035 0.7205541358442421 40.0 
243.0 270.0 3.862146789434035 0.7205541358442421 40.0 
243.0 271.0 3.862146789434035 0.7205541358442421 40.0 
244.0 267.0 3.862146789434035 0.7205541358442421 40.0 
244.0 268.0 3.862146789434035 0.7205541358442421 40.0 
244.0 269.0 3.862146789434035 0.7205541358442421 40.0 
244.0 270.0 3.862146789434035 0.7205541358442421 40.0 
244.0 271.0 3.862146789434035 0.7205541358442421 40.0 
244.0 272.0 3.862146789434035 0.7205541358442421 40.0 
245.0 266.0 3.862146789434035 0.7205541358442421 40.0 
245.0 267.0 3.862146789434035 0.7205541358442421 40.0 
245.0 268.0 3.862146789434035 0.7205541358442421 40.0 
245.0 269.0 3.862146789434035 0.7205541358442421 40.0 
245.0 270.0 3.862146789434035 0.7205541358442421 40.0 
245.0 271.0 3.862146789434035 0.7205541358442421 40.0 
245.0 272.0 3.862146789434035 0.7205541358442421 40.0 
245.0 273.0 3.862146789434035 0.7205541358442421 40.0 
246.0 267.0 3.862146789434035 0.7205541358442421 40.0 
246.0 268.0 3.862146789434035 0.7205541358442421 40.0 
246.0 269.0 3.862146789434035 0.7205541358442421 40.0 
246.0 270.0 3.862146789434035 0.7205541358442421 40.0 
246.0 271.0 3.862146789434035 0.7205541358442421 40.0 
246.0 272.0 3.862146789434035 0.7205541358442421 40.0 
246.0 273.0 3.862146789434035 0.7205541358442421 40.0 
246.0 274.0 3.862146789434035 0.7205541358442421 40.0 
247.0 268.0 3.862146789434035 0.7205541358442421 40.0 
247.0 269.0 3.862146789434035 0.7205541358442421 40.0 
247.0 270.0 3.862146789434035 0.7205541358442421 40.0 
247.0 271.0 3.862146789434035 0.7205541358442421 40.0 
247.0 272.0 3.862146789434035 0.7205541358442421 40.0 
247.0 273.0 3.862146789434035 0.7205541358442421 40.0 
247.0 274.0 3.862146789434035 0.7205541358442421 40.0 
247.0 275.0 3.862146789434035 0.7205541358442421 40.0 
248.0 269.0 3.862146789434035 0.7205541358442421 40.0 
248.0 270.0 3.862146789434035 0.7205541358442421 40.0 
248.0 271.0 3.862146789434035 0.7205541358442421 40.0 
248.0 272.0 3.862146789434035 0.7205541358442421 40.0 
248.0 273.0 3.862146789434035 0.7205541358442421 40.0 
248.0 274.0 3.862146789434035 0.7205541358442421 40.0 
248.0 275.0 3.862146789434035 0.7205541358442421 40.0 
248.0 276.0 3.862146789434035 0.7205541358442421 40.0 
249.0 270.0 3.862146789434035 0.7205541358442421 40.0 
249.0 271.0 3.862146789434035 0.7205541358442421 40.0 
249.0 272.0 3.862146789434035 0.7205541358442421 40.0 
249.0 273.0 3.862146789434035 0.7205541358442421 40.0 
249.0 274.0 3.862146789434035 0.7205541358442421 40.0 
249.0 275.0 3.862146789434035 0.7205541358442421 40.0 
249.0 276.0 3.862146789434035 0.7205541358442421 40.0 
249.0 277.0 3.862146789434035 0.7205541358442421 40.0 
250.0 271.0 3.862146789434035 0.7205541358442421 40.0 
250.0 272.0 3.862146789434035 0.7205541358442421 40.0 
250.0 273.0 3.862146789434035 0.7205541358442421 40.0 
250.0 274.0 3.862146789434035 0.7205541358442421 40.0 
250.0 275.0 3.862146789434035 0.7205541358442421 40.0 
250.0 276.0 3.862146789434035 0.7205541358442421 40.0 
250.0 277.0 3.862146789434035 0.7205541358442421 40.0 
250.0 278.0 3.862146789434035 0.7205541358442421 40.0 
251.0 272.0 3.862146789434035 0.7205541358442421 40.0 
251.0 273.0 3.862146789434035 0.7205541358442421 40.0 
251.0 274.0 3.862146789434035 0.7205541358442421 40.0 
251.0 275.0 3.862146789434035 0.7205541358442421 40.0 
251.0 276.0 3.862146789434035 0.7205541358442421 40.0 
251.0 277.0 3.862146789434035 0.7205541358442421 40.0 
251.0 278.0 3.862146789434035 0.7205541358442421 40.0 
251.0 279.0 3.862146789434035 0.7205541358442421 40.0 
252.0 272.0 3.862146789434035 0.7205541358442421 40.0 
252.0 273.0 3.862146789434035 0.7205541358442421 40.0 
252.0 274.0 3.862146789434035 0.7205541358442421 40.0 
252.0 275.0 3.862146789434035 0.7205541358442421 40.0 
252.0 276.0 3.862146789434035 0.7205541358442421 40.0 
252.0 277.0 3.862146789434035 0.7205541358442421 40.0 
252.0 278.0 3.862146789434035 0.7205541358442421 40.0 
252.0 279.0 3.862146789434035 0.7205541358442421 40.0 
253.0 273.0 3.862146789434035 0.7205541358442421 40.0 
253.0 274.0 3.862146789434035 0.7205541358442421 40.0 
253.0 275.0 3.862146789434035 0.7205541358442421 40.0 
253.0 276.0 3.862146789434035 0.7205541358442421 40.0 
253.0 277.0 3.862146789434035 0.7205541358442421 40.0 
253.0 278.0 3.862146789434035 0.7205541358442421 40.0 
253.0 279.0 3.862146789434035 0.7205541358442421 40.0 
253.0 280.0 3.862146789434035 0.7205541358442421 40.0 
254.0 274.0 3.862146789434035 0.7205541358442421 40.0 
254.0 275.0 3.862146789434035 0.7205541358442421 40.0 
254.0 276.0 3.862146789434035 0.7205541358442421 40.0 
254.0 277.0 3.862146789434035 0.7205541358442421 40.0 
254.0 278.0 3.862146789434035 0.7205541358442421 40.0 
254.0 279.0 3.862146789434035 0.7205541358442421 40.0 
254.0 280.0 3.862146789434035 0.7205541358442421 40.0 
254.0 281.0 3.862146789434035 0.7205541358442421 40.0 
255.0 275.0 3.862146789434035 0.7205541358442421 40.0 
255.0 276.0 3.862146789434035 0.7205541358442421 40.0 
255.0 277.0 3.862146789434035 0.7205541358442421 40.0 
255.0 278.0 3.862146789434035 0.7205541358442421 40.0 
255.0 279.0 3.862146789434035 0.7205541358442421 40.0 
255.0 280.0 3.862146789434035 0.7205541358442421 40.0 
255.0 281.0 3.862146789434035 0.7205541358442421 40.0 
255.0 282.0 3.862146789434035 0.7205541358442421 40.0 
256.0 276.0 3.862146789434035 0.7205541358442421 40.0 
256.0 277.0 3.862146789434035 0.7205541358442421 40.0 
256.0 278.0 3.862146789434035 0.7205541358442421 40.0 
256.0 279.0 3.862146789434035 0.7205541358442421 40.0 
256.0 280.0 3.862146789434035 0.7205541358442421 40.0 
256.0 281.0 3.862146789434035 0.7205541358442421 40.0 
256.0 282.0 3.862146789434035 0.7205541358442421 40.0 
256.0 283.0 3.862146789434035 0.7205541358442421 40.0 
257.0 277.0 3.862146789434035 0.7205541358442421 40.0 
257.0 278.0 3.862146789434035 0.7205541358442421 40.0 
257.0 279.0 3.862146789434035 0.7205541358442421 40.0 
257.0 280.0 3.862146789434035 0.7205541358442421 40.0 
257.0 281.0 3.862146789434035 0.7205541358442421 40.0 
257.0 282.0 3.862146789434035 0.7205541358442421 40.0 
257.0 283.0 3.862146789434035 0.7205541358442421 40.0 
257.0 284.0 3.862146789434035 0.7205541358442421 40.0 
258.0 278.0 3.862146789434035 0.7205541358442421 40.0 
258.0 279.0 3.862146789434035 0.7205541358442421 40.0 
258.0 280.0 3.862146789434035 0.7205541358442421 40.0 
258.0 281.0 3.862146789434035 0.7205541358442421 40.0 
258.0 282.0 3.862146789434035 0.7205541358442421 40.0 
258.0 283.0 3.862146789434035 0.7205541358442421 40.0 
258.0 284.0 3.862146789434035 0.7205541358442421 40.0 
258.0 285.0 3.862146789434035 0.7205541358442421 40.0 
259.0 279.0 3.862146789434035 0.7205541358442421 40.0 
259.0 280.0 3.862146789434035 0.7205541358442421 40.0 
259.0 281.0 3.862146789434035 0.7205541358442421 40.0 
259.0 282.0 3.862146789434035 0.7205541358442421 40.0 
259.0 283.0 3.862146789434035 0.7205541358442421 40.0 
259.0 284.0 3.862146789434035 0.7205541358442421 40.0 
259.0 285.0 3.862146789434035 0.7205541358442421 40.0 
259.0 286.0 3.862146789434035 0.7205541358442421 40.0 
260.0 279.0 3.862146789434035 0.7205541358442421 40.0 
260.0 280.0 3.862146789434035 0.7205541358442421 40.0 
260.0 281.0 3.862146789434035 0.7205541358442421 40.0 
260.0 282.0 3.862146789434035 0.7205541358442421 40.0 
260.0 283.0 3.862146789434035 0.7205541358442421 40.0 
260.0 284.0 3.862146789434035 0.7205541358442421 40.0 
260.0 285.0 3.862146789434035 0.7205541358442421 40.0 
260.0 286.0 3.862146789434035 0.7205541358442421 40.0 
261.0 280.0 3.862146789434035 0.7205541358442421 40.0 
261.0 281.0 3.862146789434035 0.7205541358442421 40.0 
261.0 282.0 3.862146789434035 0.7205541358442421 40.0 
261.0 283.0 3.862146789434035 0.7205541358442421 40.0 
261.0 284.0 3.862146789434035 0.7205541358442421 40.0 
261.0 285.0 3.862146789434035 0.7205541358442421 40.0 
261.0 286.0 3.862146789434035 0.7205541358442421 40.0 
261.0 287.0 3.862146789434035 0.7205541358442421 40.0 
262.0 281.0 3.862146789434035 0.7205541358442421 40.0 
262.0 282.0 3.862146789434035 0.7205541358442421 40.0 
262.0 283.0 3.862146789434035 0.7205541358442421 40.0 
262.0 284.0 3.862146789434035 0.7205541358442421 40.0 
262.0 285.0 3.862146789434035 0.7205541358442421 40.0 
262.0 286.0 3.862146789434035 0.7205541358442421 40.0 
262.0 287.0 3.862146789434035 0.7205541358442421 40.0 
262.0 288.0 3.862146789434035 0.7205541358442421 40.0 
263.0 282.0 3.862146789434035 0.7205541358442421 40.0 
263.0 283.0 3.862146789434035 0.7205541358442421 40.0 
263.0 284.0 3.862146789434035 0.7205541358442421 40.0 
263.0 285.0 3.862146789434035 0.7205541358442421 40.0 
263.0 286.0 3.862146789434035 0.7205541358442421 40.0 
263.0 287.0 3.862146789434035 0.7205541358442421 40.0 
263.0 288.0 3.862146789434035 0.7205541358442421 40.0 
263.0 289.0 3.862146789434035 0.7205541358442421 40.0 
264.0 283.0 3.862146789434035 0.7205541358442421 40.0 
264.0 284.0 3.862146789434035 0.7205541358442421 40.0 
264.0 285.0 3.862146789434035 0.7205541358442421 40.0 
264.0 286.0 3.862146789434035 0.7205541358442421 40.0 
264.0 287.0 3.862146789434035 0.7205541358442421 40.0 
264.0 288.0 3.862146789434035 0.7205541358442421 40.0 
264.0 289.0 3.862146789434035 0.7205541358442421 40.0 
264.0 290.0 3.862146789434035 0.7205541358442421 40.0 
265.0 284.0 3.862146789434035 0.7205541358442421 40.0 
265.0 285.0 3.862146789434035 0.7205541358442421 40.0 
265.0 286.0 3.862146789434035 0.7205541358442421 40.0 
265.0 287.0 3.862146789434035 0.7205541358442421 40.0 
265.0 288.0 3.862146789434035 0.7205541358442421 40.0 
265.0 289.0 3.862146789434035 0.7205541358442421 40.0 
265.0 290.0 3.862146789434035 0.7205541358442421 40.0 
265.0 291.0 3.862146789434035 0.7205541358442421 40.0 
266.0 285.0 3.862146789434035 0.7205541358442421 40.0 
266.0 286.0 3.862146789434035 0.7205541358442421 40.0 
266.0 287.0 3.862146789434035 0.7205541358442421 40.0 
266.0 288.0 3.862146789434035 0.7205541358442421 40.0 
266.0 289.0 3.862146789434035 0.7205541358442421 40.0 
266.0 290.0 3.862146789434035 0.7205541358442421 40.0 
266.0 291.0 3.862146789434035 0.7205541358442421 40.0 
266.0 292.0 3.862146789434035 0.7205541358442421 40.0 
267.0 286.0 3.862146789434035 0.7205541358442421 40.0 
267.0 287.0 3.862146789434035 0.7205541358442421 40.0 
267.0 288.0 3.862146789434035 0.7205541358442421 40.0 
267.0 289.0 3.862146789434035 0.7205541358442421 40.0 
267.0 290.0 3.862146789434035 0.7205541358442421 40.0 
267.0 291.0 3.862146789434035 0.7205541358442421 40.0 
267.0 292.0 3.862146789434035 0.7205541358442421 40.0 
267.0 293.0 3.862146789434035 0.7205541358442421 40.0 
268.0 286.0 3.862146789434035 0.7205541358442421 40.0 
268.0 287.0 3.862146789434035 0.7205541358442421 40.0 
268.0 288.0 3.862146789434035 0.7205541358442421 40.0 
268.0 289.0 3.862146789434035 0.7205541358442421 40.0 
268.0 290.0 3.862146789434035 0.7205541358442421 40.0 
268.0 291.0 3.862146789434035 0.7205541358442421 40.0 
268.0 292.0 3.862146789434035 0.7205541358442421 40.0 
268.0 293.0 3.862146789434035 0.7205541358442421 40.0 
269.0 287.0 3.862146789434035 0.7205541358442421 40.0 
269.0 288.0 3.862146789434035 0.7205541358442421 40.0 
269.0 289.0 3.862146789434035 0.7205541358442421 40.0 
269.0 290.0 3.862146789434035 0.7205541358442421 40.0 
269.0 291.0 3.862146789434035 0.7205541358442421 40.0 
269.0 292.0 3.862146789434035 0.7205541358442421 40.0 
269.0 293.0 3.862146789434035 0.7205541358442421 40.0 
269.0 294.0 3.862146789434035 0.7205541358442421 40.0 
270.0 288.0 3.862146789434035 0.7205541358442421 40.0 
270.0 289.0 3.862146789434035 0.7205541358442421 40.0 
270.0 290.0 3.862146789434035 0.7205541358442421 40.0 
270.0 291.0 3.862146789434035 0.7205541358442421 40.0 
270.0 292.0 3.862146789434035 0.7205541358442421 40.0 
270.0 293.0 3.862146789434035 0.7205541358442421 40.0 
270.0 294.0 3.862146789434035 0.7205541358442421 40.0 
270.0 295.0 3.862146789434035 0.7205541358442421 40.0 
271.0 289.0 3.862146789434035 0.7205541358442421 40.0 
271.0 290.0 3.862146789434035 0.7205541358442421 40.0 
271.0 291.0 3.862146789434035 0.7205541358442421 40.0 
271.0 292.0 3.862146789434035 0.7205541358442421 40.0 
271.0 293.0 3.862146789434035 0.7205541358442421 40.0 
271.0 294.0 3.862146789434035 0.7205541358442421 40.0 
271.0 295.0 3.862146789434035 0.7205541358442421 40.0 
271.0 296.0 3.862146789434035 0.7205541358442421 40.0 
272.0 290.0 3.862146789434035 0.7205541358442421 40.0 
272.0 291.0 3.862146789434035 0.7205541358442421 40.0 
272.0 292.0 3.862146789434035 0.7205541358442421 40.0 
272.0 293.0 3.862146789434035 0.7205541358442421 40.0 
272.0 294.0 3.862146789434035 0.7205541358442421 40.0 
272.0 295.0 3.862146789434035 0.7205541358442421 40.0 
272.0 296.0 3.862146789434035 0.7205541358442421 40.0 
272.0 297.0 3.862146789434035 0.7205541358442421 40.0 
273.0 291.0 3.862146789434035 0.7205541358442421 40.0 
273.0 292.0 3.862146789434035 0.7205541358442421 40.0 
273.0 293.0 3.862146789434035 0.7205541358442421 40.0 
273.0 294.0 3.862146789434035 0.7205541358442421 40.0 
273.0 295.0 3.862146789434035 0.7205541358442421 40.0 
273.0 296.0 3.862146789434035 0.7205541358442421 40.0 
273.0 297.0 3.862146789434035 0.7205541358442421 40.0 
273.0 298.0 3.862146789434035 0.7205541358442421 40.0 
274.0 292.0 3.862146789434035 0.7205541358442421 40.0 
274.0 293.0 3.862146789434035 0.7205541358442421 40.0 
274.0 294.0 3.862146789434035 0.7205541358442421 40.0 
274.0 295.0 3.862146789434035 0.7205541358442421 40.0 
274.0 296.0 3.862146789434035 0.7205541358442421 40.0 
274.0 297.0 3.862146789434035 0.7205541358442421 40.0 
274.0 298.0 3.862146789434035 0.7205541358442421 40.0 
274.0 299.0 3.862146789434035 0.7205541358442421 40.0 
275.0 293.0 3.862146789434035 0.7205541358442421 40.0 
275.0 294.0 3.862146789434035 0.7205541358442421 40.0 
275.0 295.0 3.862146789434035 0.7205541358442421 40.0 
275.0 296.0 3.862146789434035 0.7205541358442421 40.0 
275.0 297.0 3.862146789434035 0.7205541358442421 40.0 
275.0 298.0 3.862146789434035 0.7205541358442421 40.0 
275.0 299.0 3.862146789434035 0.7205541358442421 40.0 
275.0 300.0 3.862146789434035 0.7205541358442421 40.0 
276.0 293.0 3.862146789434035 0.7205541358442421 40.0 
276.0 294.0 3.862146789434035 0.7205541358442421 40.0 
276.0 295.0 3.862146789434035 0.7205541358442421 40.0 
276.0 296.0 3.862146789434035 0.7205541358442421 40.0 
276.0 297.0 3.862146789434035 0.7205541358442421 40.0 
276.0 298.0 3.862146789434035 0.7205541358442421 40.0 
276.0 299.0 3.862146789434035 0.7205541358442421 40.0 
276.0 300.0 3.862146789434035 0.7205541358442421 40.0 
277.0 294.0 3.862146789434035 0.7205541358442421 40.0 
277.0 295.0 3.862146789434035 0.7205541358442421 40.0 
277.0 296.0 3.862146789434035 0.7205541358442421 40.0 
277.0 297.0 3.862146789434035 0.7205541358442421 40.0 
277.0 298.0 3.862146789434035 0.7205541358442421 40.0 
277.0 299.0 3.862146789434035 0.7205541358442421 40.0 
277.0 300.0 3.862146789434035 0.7205541358442421 40.0 
277.0 301.0 3.862146789434035 0.7205541358442421 40.0 
278.0 295.0 3.862146789434035 0.7205541358442421 40.0 
278.0 296.0 3.862146789434035 0.7205541358442421 40.0 
278.0 297.0 3.862146789434035 0.7205541358442421 40.0 
278.0 298.0 3.862146789434035 0.7205541358442421 40.0 
278.0 299.0 3.862146789434035 0.7205541358442421 40.0 
278.0 300.0 3.862146789434035 0.7205541358442421 40.0 
278.0 301.0 3.862146789434035 0.7205541358442421 40.0 
278.0 302.0 3.862146789434035 0.7205541358442421 40.0 
279.0 296.0 3.862146789434035 0.7205541358442421 40.0 
279.0 297.0 3.862146789434035 0.7205541358442421 40.0 
279.0 298.0 3.862146789434035 0.7205541358442421 40.0 
279.0 299.0 3.862146789434035 0.7205541358442421 40.0 
279.0 300.0 3.862146789434035 0.7205541358442421 40.0 
279.0 301.0 3.862146789434035 0.7205541358442421 40.0 
279.0 302.0 3.862146789434035 0.7205541358442421 40.0 
279.0 303.0 3.862146789434035 0.7205541358442421 40.0 
280.0 297.0 3.862146789434035 0.7205541358442421 40.0 
280.0 298.0 3.862146789434035 0.7205541358442421 40.0 
280.0 299.0 3.862146789434035 0.7205541358442421 40.0 
280.0 300.0 3.862146789434035 0.7205541358442421 40.0 
280.0 301.0 3.862146789434035 0.7205541358442421 40.0 
280.0 302.0 3.862146789434035 0.7205541358442421 40.0 
280.0 303.0 3.862146789434035 0.7205541358442421 40.0 
280.0 304.0 3.862146789434035 0.7205541358442421 40.0 
281.0 298.0 3.862146789434035 0.7205541358442421 40.0 
281.0 299.0 3.862146789434035 0.7205541358442421 40.0 
281.0 300.0 3.862146789434035 0.7205541358442421 40.0 
281.0 301.0 3.862146789434035 0.7205541358442421 40.0 
281.0 302.0 3.862146789434035 0.7205541358442421 40.0 
281.0 303.0 3.862146789434035 0.7205541358442421 40.0 
281.0 304.0 3.862146789434035 0.7205541358442421 40.0 
281.0 305.0 3.862146789434035 0.7205541358442421 40.0 
282.0 299.0 3.862146789434035 0.7205541358442421 40.0 
282.0 300.0 3.862146789434035 0.7205541358442421 40.0 
282.0 301.0 3.862146789434035 0.7205541358442421 40.0 
282.0 302.0 3.862146789434035 0.7205541358442421 40.0 
282.0 303.0 3.862146789434035 0.7205541358442421 40.0 
282.0 304.0 3.862146789434035 0.7205541358442421 40.0 
282.0 305.0 3.862146789434035 0.7205541358442421 40.0 
282.0 306.0 3.862146789434035 0.7205541358442421 40.0 
283.0 300.0 3.862146789434035 0.7205541358442421 40.0 
283.0 301.0 3.862146789434035 0.7205541358442421 40.0 
283.0 302.0 3.862146789434035 0.7205541358442421 40.0 
283.0 303.0 3.862146789434035 0.7205541358442421 40.0 
283.0 304.0 3.862146789434035 0.7205541358442421 40.0 
283.0 305.0 3.862146789434035 0.7205541358442421 40.0 
284.0 301.0 3.862146789434035 0.7205541358442421 40.0 
284.0 302.0 3.862146789434035 0.7205541358442421 40.0 
284.0 303.0 3.862146789434035 0.7205541358442421 40.0 
285.0 301.0 3.862146789434035 0.7205541358442421 40.0 
285.0 302.0 3.862146789434035 0.7205541358442421 40.0 
