300.0 307.0 2.480549484739106 5.622142138328899 44.0 
300.0 308.0 2.480549484739106 5.622142138328899 44.0 
301.0 307.0 2.480549484739106 5.622142138328899 44.0 
301.0 308.0 2.480549484739106 5.622142138328899 44.0 
301.0 309.0 2.480549484739106 5.622142138328899 44.0 
302.0 306.0 2.480549484739106 5.622142138328899 44.0 
302.0 307.0 2.480549484739106 5.622142138328899 44.0 
302.0 308.0 2.480549484739106 5.622142138328899 44.0 
302.0 309.0 2.480549484739106 5.622142138328899 44.0 
302.0 310.0 2.480549484739106 5.622142138328899 44.0 
302.0 311.0 2.480549484739106 5.622142138328899 44.0 
303.0 305.0 2.480549484739106 5.622142138328899 44.0 
303.0 306.0 2.480549484739106 5.622142138328899 44.0 
303.0 307.0 2.480549484739106 5.622142138328899 44.0 
303.0 308.0 2.480549484739106 5.622142138328899 44.0 
303.0 309.0 2.480549484739106 5.622142138328899 44.0 
303.0 310.0 2.480549484739106 5.622142138328899 44.0 
303.0 311.0 2.480549484739106 5.622142138328899 44.0 
303.0 312.0 2.480549484739106 5.622142138328899 44.0 
304.0 304.0 2.480549484739106 5.622142138328899 44.0 
304.0 305.0 2.480549484739106 5.622142138328899 44.0 
304.0 306.0 2.480549484739106 5.622142138328899 44.0 
304.0 307.0 2.480549484739106 5.622142138328899 44.0 
304.0 308.0 2.480549484739106 5.622142138328899 44.0 
304.0 309.0 2.480549484739106 5.622142138328899 44.0 
304.0 310.0 2.480549484739106 5.622142138328899 44.0 
304.0 311.0 2.480549484739106 5.622142138328899 44.0 
305.0 304.0 2.480549484739106 5.622142138328899 44.0 
305.0 305.0 2.480549484739106 5.622142138328899 44.0 
305.0 306.0 2.480549484739106 5.622142138328899 44.0 
305.0 307.0 2.480549484739106 5.622142138328899 44.0 
305.0 308.0 2.480549484739106 5.622142138328899 44.0 
305.0 309.0 2.480549484739106 5.622142138328899 44.0 
305.0 310.0 2.480549484739106 5.622142138328899 44.0 
306.0 303.0 2.480549484739106 5.622142138328899 44.0 
306.0 304.0 2.480549484739106 5.622142138328899 44.0 
306.0 305.0 2.480549484739106 5.622142138328899 44.0 
306.0 306.0 2.480549484739106 5.622142138328899 44.0 
306.0 307.0 2.480549484739106 5.622142138328899 44.0 
306.0 308.0 2.480549484739106 5.622142138328899 44.0 
306.0 309.0 2.480549484739106 5.622142138328899 44.0 
307.0 302.0 2.480549484739106 5.622142138328899 44.0 
307.0 303.0 2.480549484739106 5.622142138328899 44.0 
307.0 304.0 2.480549484739106 5.622142138328899 44.0 
307.0 305.0 2.480549484739106 5.622142138328899 44.0 
307.0 306.0 2.480549484739106 5.622142138328899 44.0 
307.0 307.0 2.480549484739106 5.622142138328899 44.0 
307.0 308.0 2.480549484739106 5.622142138328899 44.0 
307.0 309.0 2.480549484739106 5.622142138328899 44.0 
308.0 301.0 2.480549484739106 5.622142138328899 44.0 
308.0 302.0 2.480549484739106 5.622142138328899 44.0 
308.0 303.0 2.480549484739106 5.622142138328899 44.0 
308.0 304.0 2.480549484739106 5.622142138328899 44.0 
308.0 305.0 2.480549484739106 5.622142138328899 44.0 
308.0 306.0 2.480549484739106 5.622142138328899 44.0 
308.0 307.0 2.480549484739106 5.622142138328899 44.0 
308.0 308.0 2.480549484739106 5.622142138328899 44.0 
309.0 300.0 2.480549484739106 5.622142138328899 44.0 
309.0 301.0 2.480549484739106 5.622142138328899 44.0 
309.0 302.0 2.480549484739106 5.622142138328899 44.0 
309.0 303.0 2.480549484739106 5.622142138328899 44.0 
309.0 304.0 2.480549484739106 5.622142138328899 44.0 
309.0 305.0 2.480549484739106 5.622142138328899 44.0 
309.0 306.0 2.480549484739106 5.622142138328899 44.0 
309.0 307.0 2.480549484739106 5.622142138328899 44.0 
310.0 300.0 2.480549484739106 5.622142138328899 44.0 
310.0 301.0 2.480549484739106 5.622142138328899 44.0 
310.0 302.0 2.480549484739106 5.622142138328899 44.0 
310.0 303.0 2.480549484739106 5.622142138328899 44.0 
310.0 304.0 2.480549484739106 5.622142138328899 44.0 
310.0 305.0 2.480549484739106 5.622142138328899 44.0 
310.0 306.0 2.480549484739106 5.622142138328899 44.0 
311.0 299.0 2.480549484739106 5.622142138328899 44.0 
311.0 300.0 2.480549484739106 5.622142138328899 44.0 
311.0 301.0 2.480549484739106 5.622142138328899 44.0 
311.0 302.0 2.480549484739106 5.622142138328899 44.0 
311.0 303.0 2.480549484739106 5.622142138328899 44.0 
311.0 304.0 2.480549484739106 5.622142138328899 44.0 
311.0 305.0 2.480549484739106 5.622142138328899 44.0 
311.0 306.0 2.480549484739106 5.622142138328899 44.0 
312.0 298.0 2.480549484739106 5.622142138328899 44.0 
312.0 299.0 2.480549484739106 5.622142138328899 44.0 
312.0 300.0 2.480549484739106 5.622142138328899 44.0 
312.0 301.0 2.480549484739106 5.622142138328899 44.0 
312.0 302.0 2.480549484739106 5.622142138328899 44.0 
312.0 303.0 2.480549484739106 5.622142138328899 44.0 
312.0 304.0 2.480549484739106 5.622142138328899 44.0 
312.0 305.0 2.480549484739106 5.622142138328899 44.0 
313.0 297.0 2.480549484739106 5.622142138328899 44.0 
313.0 298.0 2.480549484739106 5.622142138328899 44.0 
313.0 299.0 2.480549484739106 5.622142138328899 44.0 
313.0 300.0 2.480549484739106 5.622142138328899 44.0 
313.0 301.0 2.480549484739106 5.622142138328899 44.0 
313.0 302.0 2.480549484739106 5.622142138328899 44.0 
313.0 303.0 2.480549484739106 5.622142138328899 44.0 
313.0 304.0 2.480549484739106 5.622142138328899 44.0 
314.0 297.0 2.480549484739106 5.622142138328899 44.0 
314.0 298.0 2.480549484739106 5.622142138328899 44.0 
314.0 299.0 2.480549484739106 5.622142138328899 44.0 
314.0 300.0 2.480549484739106 5.622142138328899 44.0 
314.0 301.0 2.480549484739106 5.622142138328899 44.0 
314.0 302.0 2.480549484739106 5.622142138328899 44.0 
314.0 303.0 2.480549484739106 5.622142138328899 44.0 
315.0 296.0 2.480549484739106 5.622142138328899 44.0 
315.0 297.0 2.480549484739106 5.622142138328899 44.0 
315.0 298.0 2.480549484739106 5.622142138328899 44.0 
315.0 299.0 2.480549484739106 5.622142138328899 44.0 
315.0 300.0 2.480549484739106 5.622142138328899 44.0 
315.0 301.0 2.480549484739106 5.622142138328899 44.0 
315.0 302.0 2.480549484739106 5.622142138328899 44.0 
316.0 295.0 2.480549484739106 5.622142138328899 44.0 
316.0 296.0 2.480549484739106 5.622142138328899 44.0 
316.0 297.0 2.480549484739106 5.622142138328899 44.0 
316.0 298.0 2.480549484739106 5.622142138328899 44.0 
316.0 299.0 2.480549484739106 5.622142138328899 44.0 
316.0 300.0 2.480549484739106 5.622142138328899 44.0 
316.0 301.0 2.480549484739106 5.622142138328899 44.0 
316.0 302.0 2.480549484739106 5.622142138328899 44.0 
317.0 294.0 2.480549484739106 5.622142138328899 44.0 
317.0 295.0 2.480549484739106 5.622142138328899 44.0 
317.0 296.0 2.480549484739106 5.622142138328899 44.0 
317.0 297.0 2.480549484739106 5.622142138328899 44.0 
317.0 298.0 2.480549484739106 5.622142138328899 44.0 
317.0 299.0 2.480549484739106 5.622142138328899 44.0 
317.0 300.0 2.480549484739106 5.622142138328899 44.0 
317.0 301.0 2.480549484739106 5.622142138328899 44.0 
318.0 293.0 2.480549484739106 5.622142138328899 44.0 
318.0 294.0 2.480549484739106 5.622142138328899 44.0 
318.0 295.0 2.480549484739106 5.622142138328899 44.0 
318.0 296.0 2.480549484739106 5.622142138328899 44.0 
318.0 297.0 2.480549484739106 5.622142138328899 44.0 
318.0 298.0 2.480549484739106 5.622142138328899 44.0 
318.0 299.0 2.480549484739106 5.622142138328899 44.0 
318.0 300.0 2.480549484739106 5.622142138328899 44.0 
319.0 293.0 2.480549484739106 5.622142138328899 44.0 
319.0 294.0 2.480549484739106 5.622142138328899 44.0 
319.0 295.0 2.480549484739106 5.622142138328899 44.0 
319.0 296.0 2.480549484739106 5.622142138328899 44.0 
319.0 297.0 2.480549484739106 5.622142138328899 44.0 
319.0 298.0 2.480549484739106 5.622142138328899 44.0 
319.0 299.0 2.480549484739106 5.622142138328899 44.0 
320.0 292.0 2.480549484739106 5.622142138328899 44.0 
320.0 293.0 2.480549484739106 5.622142138328899 44.0 
320.0 294.0 2.480549484739106 5.622142138328899 44.0 
320.0 295.0 2.480549484739106 5.622142138328899 44.0 
320.0 296.0 2.480549484739106 5.622142138328899 44.0 
320.0 297.0 2.480549484739106 5.622142138328899 44.0 
320.0 298.0 2.480549484739106 5.622142138328899 44.0 
320.0 299.0 2.480549484739106 5.622142138328899 44.0 
321.0 291.0 2.480549484739106 5.622142138328899 44.0 
321.0 292.0 2.480549484739106 5.622142138328899 44.0 
321.0 293.0 2.480549484739106 5.622142138328899 44.0 
321.0 294.0 2.480549484739106 5.622142138328899 44.0 
321.0 295.0 2.480549484739106 5.622142138328899 44.0 
321.0 296.0 2.480549484739106 5.622142138328899 44.0 
321.0 297.0 2.480549484739106 5.622142138328899 44.0 
321.0 298.0 2.480549484739106 5.622142138328899 44.0 
322.0 290.0 2.480549484739106 5.622142138328899 44.0 
322.0 291.0 2.480549484739106 5.622142138328899 44.0 
322.0 292.0 2.480549484739106 5.622142138328899 44.0 
322.0 293.0 2.480549484739106 5.622142138328899 44.0 
322.0 294.0 2.480549484739106 5.622142138328899 44.0 
322.0 295.0 2.480549484739106 5.622142138328899 44.0 
322.0 296.0 2.480549484739106 5.622142138328899 44.0 
322.0 297.0 2.480549484739106 5.622142138328899 44.0 
323.0 290.0 2.480549484739106 5.622142138328899 44.0 
323.0 291.0 2.480549484739106 5.622142138328899 44.0 
323.0 292.0 2.480549484739106 5.622142138328899 44.0 
323.0 293.0 2.480549484739106 5.622142138328899 44.0 
323.0 294.0 2.480549484739106 5.622142138328899 44.0 
323.0 295.0 2.480549484739106 5.622142138328899 44.0 
323.0 296.0 2.480549484739106 5.622142138328899 44.0 
324.0 289.0 2.480549484739106 5.622142138328899 44.0 
324.0 290.0 2.480549484739106 5.622142138328899 44.0 
324.0 291.0 2.480549484739106 5.622142138328899 44.0 
324.0 292.0 2.480549484739106 5.622142138328899 44.0 
324.0 293.0 2.480549484739106 5.622142138328899 44.0 
324.0 294.0 2.480549484739106 5.622142138328899 44.0 
324.0 295.0 2.480549484739106 5.622142138328899 44.0 
325.0 288.0 2.480549484739106 5.622142138328899 44.0 
325.0 289.0 2.480549484739106 5.622142138328899 44.0 
325.0 290.0 2.480549484739106 5.622142138328899 44.0 
325.0 291.0 2.480549484739106 5.622142138328899 44.0 
325.0 292.0 2.480549484739106 5.622142138328899 44.0 
325.0 293.0 2.480549484739106 5.622142138328899 44.0 
325.0 294.0 2.480549484739106 5.622142138328899 44.0 
325.0 295.0 2.480549484739106 5.622142138328899 44.0 
326.0 287.0 2.480549484739106 5.622142138328899 44.0 
326.0 288.0 2.480549484739106 5.622142138328899 44.0 
326.0 289.0 2.480549484739106 5.622142138328899 44.0 
326.0 290.0 2.480549484739106 5.622142138328899 44.0 
326.0 291.0 2.480549484739106 5.622142138328899 44.0 
326.0 292.0 2.480549484739106 5.622142138328899 44.0 
326.0 293.0 2.480549484739106 5.622142138328899 44.0 
326.0 294.0 2.480549484739106 5.622142138328899 44.0 
327.0 286.0 2.480549484739106 5.622142138328899 44.0 
327.0 287.0 2.480549484739106 5.622142138328899 44.0 
327.0 288.0 2.480549484739106 5.622142138328899 44.0 
327.0 289.0 2.480549484739106 5.622142138328899 44.0 
327.0 290.0 2.480549484739106 5.622142138328899 44.0 
327.0 291.0 2.480549484739106 5.622142138328899 44.0 
327.0 292.0 2.480549484739106 5.622142138328899 44.0 
327.0 293.0 2.480549484739106 5.622142138328899 44.0 
328.0 286.0 2.480549484739106 5.622142138328899 44.0 
328.0 287.0 2.480549484739106 5.622142138328899 44.0 
328.0 288.0 2.480549484739106 5.622142138328899 44.0 
328.0 289.0 2.480549484739106 5.622142138328899 44.0 
328.0 290.0 2.480549484739106 5.622142138328899 44.0 
328.0 291.0 2.480549484739106 5.622142138328899 44.0 
328.0 292.0 2.480549484739106 5.622142138328899 44.0 
329.0 285.0 2.480549484739106 5.622142138328899 44.0 
329.0 286.0 2.480549484739106 5.622142138328899 44.0 
329.0 287.0 2.480549484739106 5.622142138328899 44.0 
329.0 288.0 2.480549484739106 5.622142138328899 44.0 
329.0 289.0 2.480549484739106 5.622142138328899 44.0 
329.0 290.0 2.480549484739106 5.622142138328899 44.0 
329.0 291.0 2.480549484739106 5.622142138328899 44.0 
329.0 292.0 2.480549484739106 5.622142138328899 44.0 
330.0 284.0 2.480549484739106 5.622142138328899 44.0 
330.0 285.0 2.480549484739106 5.622142138328899 44.0 
330.0 286.0 2.480549484739106 5.622142138328899 44.0 
330.0 287.0 2.480549484739106 5.622142138328899 44.0 
330.0 288.0 2.480549484739106 5.622142138328899 44.0 
330.0 289.0 2.480549484739106 5.622142138328899 44.0 
330.0 290.0 2.480549484739106 5.622142138328899 44.0 
330.0 291.0 2.480549484739106 5.622142138328899 44.0 
331.0 283.0 2.480549484739106 5.622142138328899 44.0 
331.0 284.0 2.480549484739106 5.622142138328899 44.0 
331.0 285.0 2.480549484739106 5.622142138328899 44.0 
331.0 286.0 2.480549484739106 5.622142138328899 44.0 
331.0 287.0 2.480549484739106 5.622142138328899 44.0 
331.0 288.0 2.480549484739106 5.622142138328899 44.0 
331.0 289.0 2.480549484739106 5.622142138328899 44.0 
331.0 290.0 2.480549484739106 5.622142138328899 44.0 
332.0 283.0 2.480549484739106 5.622142138328899 44.0 
332.0 284.0 2.480549484739106 5.622142138328899 44.0 
332.0 285.0 2.480549484739106 5.622142138328899 44.0 
332.0 286.0 2.480549484739106 5.622142138328899 44.0 
332.0 287.0 2.480549484739106 5.622142138328899 44.0 
332.0 288.0 2.480549484739106 5.622142138328899 44.0 
332.0 289.0 2.480549484739106 5.622142138328899 44.0 
333.0 282.0 2.480549484739106 5.622142138328899 44.0 
333.0 283.0 2.480549484739106 5.622142138328899 44.0 
333.0 284.0 2.480549484739106 5.622142138328899 44.0 
333.0 285.0 2.480549484739106 5.622142138328899 44.0 
333.0 286.0 2.480549484739106 5.622142138328899 44.0 
333.0 287.0 2.480549484739106 5.622142138328899 44.0 
333.0 288.0 2.480549484739106 5.622142138328899 44.0 
334.0 281.0 2.480549484739106 5.622142138328899 44.0 
334.0 282.0 2.480549484739106 5.622142138328899 44.0 
334.0 283.0 2.480549484739106 5.622142138328899 44.0 
334.0 284.0 2.480549484739106 5.622142138328899 44.0 
334.0 285.0 2.480549484739106 5.622142138328899 44.0 
334.0 286.0 2.480549484739106 5.622142138328899 44.0 
334.0 287.0 2.480549484739106 5.622142138328899 44.0 
334.0 288.0 2.480549484739106 5.622142138328899 44.0 
335.0 280.0 2.480549484739106 5.622142138328899 44.0 
335.0 281.0 2.480549484739106 5.622142138328899 44.0 
335.0 282.0 2.480549484739106 5.622142138328899 44.0 
335.0 283.0 2.480549484739106 5.622142138328899 44.0 
335.0 284.0 2.480549484739106 5.622142138328899 44.0 
335.0 285.0 2.480549484739106 5.622142138328899 44.0 
335.0 286.0 2.480549484739106 5.622142138328899 44.0 
335.0 287.0 2.480549484739106 5.622142138328899 44.0 
336.0 279.0 2.480549484739106 5.622142138328899 44.0 
336.0 280.0 2.480549484739106 5.622142138328899 44.0 
336.0 281.0 2.480549484739106 5.622142138328899 44.0 
336.0 282.0 2.480549484739106 5.622142138328899 44.0 
336.0 283.0 2.480549484739106 5.622142138328899 44.0 
336.0 284.0 2.480549484739106 5.622142138328899 44.0 
336.0 285.0 2.480549484739106 5.622142138328899 44.0 
336.0 286.0 2.480549484739106 5.622142138328899 44.0 
337.0 279.0 2.480549484739106 5.622142138328899 44.0 
337.0 280.0 2.480549484739106 5.622142138328899 44.0 
337.0 281.0 2.480549484739106 5.622142138328899 44.0 
337.0 282.0 2.480549484739106 5.622142138328899 44.0 
337.0 283.0 2.480549484739106 5.622142138328899 44.0 
337.0 284.0 2.480549484739106 5.622142138328899 44.0 
337.0 285.0 2.480549484739106 5.622142138328899 44.0 
338.0 278.0 2.480549484739106 5.622142138328899 44.0 
338.0 279.0 2.480549484739106 5.622142138328899 44.0 
338.0 280.0 2.480549484739106 5.622142138328899 44.0 
338.0 281.0 2.480549484739106 5.622142138328899 44.0 
338.0 282.0 2.480549484739106 5.622142138328899 44.0 
338.0 283.0 2.480549484739106 5.622142138328899 44.0 
338.0 284.0 2.480549484739106 5.622142138328899 44.0 
338.0 285.0 2.480549484739106 5.622142138328899 44.0 
339.0 277.0 2.480549484739106 5.622142138328899 44.0 
339.0 278.0 2.480549484739106 5.622142138328899 44.0 
339.0 279.0 2.480549484739106 5.622142138328899 44.0 
339.0 280.0 2.480549484739106 5.622142138328899 44.0 
339.0 281.0 2.480549484739106 5.622142138328899 44.0 
339.0 282.0 2.480549484739106 5.622142138328899 44.0 
339.0 283.0 2.480549484739106 5.622142138328899 44.0 
339.0 284.0 2.480549484739106 5.622142138328899 44.0 
340.0 276.0 2.480549484739106 5.622142138328899 44.0 
340.0 277.0 2.480549484739106 5.622142138328899 44.0 
340.0 278.0 2.480549484739106 5.622142138328899 44.0 
340.0 279.0 2.480549484739106 5.622142138328899 44.0 
340.0 280.0 2.480549484739106 5.622142138328899 44.0 
340.0 281.0 2.480549484739106 5.622142138328899 44.0 
340.0 282.0 2.480549484739106 5.622142138328899 44.0 
340.0 283.0 2.480549484739106 5.622142138328899 44.0 
341.0 276.0 2.480549484739106 5.622142138328899 44.0 
341.0 277.0 2.480549484739106 5.622142138328899 44.0 
341.0 278.0 2.480549484739106 5.622142138328899 44.0 
341.0 279.0 2.480549484739106 5.622142138328899 44.0 
341.0 280.0 2.480549484739106 5.622142138328899 44.0 
341.0 281.0 2.480549484739106 5.622142138328899 44.0 
341.0 282.0 2.480549484739106 5.622142138328899 44.0 
342.0 275.0 2.480549484739106 5.622142138328899 44.0 
342.0 276.0 2.480549484739106 5.622142138328899 44.0 
342.0 277.0 2.480549484739106 5.622142138328899 44.0 
342.0 278.0 2.480549484739106 5.622142138328899 44.0 
342.0 279.0 2.480549484739106 5.622142138328899 44.0 
342.0 280.0 2.480549484739106 5.622142138328899 44.0 
342.0 281.0 2.480549484739106 5.622142138328899 44.0 
343.0 274.0 2.480549484739106 5.622142138328899 44.0 
343.0 275.0 2.480549484739106 5.622142138328899 44.0 
343.0 276.0 2.480549484739106 5.622142138328899 44.0 
343.0 277.0 2.480549484739106 5.622142138328899 44.0 
343.0 278.0 2.480549484739106 5.622142138328899 44.0 
343.0 279.0 2.480549484739106 5.622142138328899 44.0 
343.0 280.0 2.480549484739106 5.622142138328899 44.0 
343.0 281.0 2.480549484739106 5.622142138328899 44.0 
344.0 273.0 2.480549484739106 5.622142138328899 44.0 
344.0 274.0 2.480549484739106 5.622142138328899 44.0 
344.0 275.0 2.480549484739106 5.622142138328899 44.0 
344.0 276.0 2.480549484739106 5.622142138328899 44.0 
344.0 277.0 2.480549484739106 5.622142138328899 44.0 
344.0 278.0 2.480549484739106 5.622142138328899 44.0 
344.0 279.0 2.480549484739106 5.622142138328899 44.0 
344.0 280.0 2.480549484739106 5.622142138328899 44.0 
345.0 274.0 2.480549484739106 5.622142138328899 44.0 
345.0 275.0 2.480549484739106 5.622142138328899 44.0 
345.0 276.0 2.480549484739106 5.622142138328899 44.0 
345.0 277.0 2.480549484739106 5.622142138328899 44.0 
345.0 278.0 2.480549484739106 5.622142138328899 44.0 
345.0 279.0 2.480549484739106 5.622142138328899 44.0 
346.0 275.0 2.480549484739106 5.622142138328899 44.0 
346.0 276.0 2.480549484739106 5.622142138328899 44.0 
346.0 277.0 2.480549484739106 5.622142138328899 44.0 
346.0 278.0 2.480549484739106 5.622142138328899 44.0 
347.0 277.0 2.480549484739106 5.622142138328899 44.0 
347.0 278.0 2.480549484739106 5.622142138328899 44.0 
242 316 5.789243938260004 24.0 
243 316 5.789243938260004 24.0 
243 317 5.789243938260004 24.0 
244 315 5.789243938260004 24.0 
244 316 5.789243938260004 24.0 
244 317 5.789243938260004 24.0 
245 315 5.789243938260004 24.0 
245 316 5.789243938260004 24.0 
246 314 5.789243938260004 24.0 
246 315 5.789243938260004 24.0 
247 314 5.789243938260004 24.0 
247 315 5.789243938260004 24.0 
248 313 5.789243938260004 24.0 
248 314 5.789243938260004 24.0 
249 313 5.789243938260004 24.0 
249 314 5.789243938260004 24.0 
250 312 5.789243938260004 24.0 
250 313 5.789243938260004 24.0 
251 312 5.789243938260004 24.0 
251 313 5.789243938260004 24.0 
252 311 5.789243938260004 24.0 
252 312 5.789243938260004 24.0 
253 310 5.789243938260004 24.0 
253 311 5.789243938260004 24.0 
253 312 5.789243938260004 24.0 
254 310 5.789243938260004 24.0 
254 311 5.789243938260004 24.0 
255 310 5.789243938260004 24.0 
255 311 5.789243938260004 24.0 
254 329 2.714965160462917 20.0 
255 328 2.714965160462917 20.0 
255 329 2.714965160462917 20.0 
255 330 2.714965160462917 20.0 
255 331 2.714965160462917 20.0 
256 328 2.714965160462917 20.0 
256 329 2.714965160462917 20.0 
256 330 2.714965160462917 20.0 
257 327 2.714965160462917 20.0 
257 328 2.714965160462917 20.0 
257 329 2.714965160462917 20.0 
257 330 2.714965160462917 20.0 
258 327 2.714965160462917 20.0 
258 328 2.714965160462917 20.0 
258 329 2.714965160462917 20.0 
259 327 2.714965160462917 20.0 
259 328 2.714965160462917 20.0 
259 329 2.714965160462917 20.0 
260 326 2.714965160462917 20.0 
260 327 2.714965160462917 20.0 
260 328 2.714965160462917 20.0 
261 326 2.714965160462917 20.0 
261 327 2.714965160462917 20.0 
261 328 2.714965160462917 20.0 
262 325 2.714965160462917 20.0 
262 326 2.714965160462917 20.0 
262 327 2.714965160462917 20.0 
262 328 2.714965160462917 20.0 
263 325 2.714965160462917 20.0 
263 326 2.714965160462917 20.0 
263 327 2.714965160462917 20.0 
264 324 2.714965160462917 20.0 
264 325 2.714965160462917 20.0 
264 326 2.714965160462917 20.0 
264 327 2.714965160462917 20.0 
265 325 2.714965160462917 20.0 
265 326 2.714965160462917 20.0 
260 350 5.5503702053930795 32.0 
260 351 5.5503702053930795 32.0 
261 350 5.5503702053930795 32.0 
261 351 5.5503702053930795 32.0 
261 352 5.5503702053930795 32.0 
261 353 5.5503702053930795 32.0 
262 349 5.5503702053930795 32.0 
262 350 5.5503702053930795 32.0 
262 351 5.5503702053930795 32.0 
262 352 5.5503702053930795 32.0 
263 348 5.5503702053930795 32.0 
263 349 5.5503702053930795 32.0 
263 350 5.5503702053930795 32.0 
263 351 5.5503702053930795 32.0 
264 347 5.5503702053930795 32.0 
264 348 5.5503702053930795 32.0 
264 349 5.5503702053930795 32.0 
264 350 5.5503702053930795 32.0 
265 346 5.5503702053930795 32.0 
265 347 5.5503702053930795 32.0 
265 348 5.5503702053930795 32.0 
265 349 5.5503702053930795 32.0 
266 345 5.5503702053930795 32.0 
266 346 5.5503702053930795 32.0 
266 347 5.5503702053930795 32.0 
266 348 5.5503702053930795 32.0 
267 344 5.5503702053930795 32.0 
267 345 5.5503702053930795 32.0 
267 346 5.5503702053930795 32.0 
267 347 5.5503702053930795 32.0 
268 343 5.5503702053930795 32.0 
268 344 5.5503702053930795 32.0 
268 345 5.5503702053930795 32.0 
268 346 5.5503702053930795 32.0 
269 342 5.5503702053930795 32.0 
269 343 5.5503702053930795 32.0 
269 344 5.5503702053930795 32.0 
269 345 5.5503702053930795 32.0 
270 343 5.5503702053930795 32.0 
270 344 5.5503702053930795 32.0 
270 345 5.5503702053930795 32.0 
273 366 2.356194490192345 16.0 
274 365 2.356194490192345 16.0 
274 366 2.356194490192345 16.0 
274 367 2.356194490192345 16.0 
275 364 2.356194490192345 16.0 
275 365 2.356194490192345 16.0 
275 366 2.356194490192345 16.0 
276 363 2.356194490192345 16.0 
276 364 2.356194490192345 16.0 
276 365 2.356194490192345 16.0 
277 362 2.356194490192345 16.0 
277 363 2.356194490192345 16.0 
277 364 2.356194490192345 16.0 
278 361 2.356194490192345 16.0 
278 362 2.356194490192345 16.0 
278 363 2.356194490192345 16.0 
279 360 2.356194490192345 16.0 
279 361 2.356194490192345 16.0 
279 362 2.356194490192345 16.0 
280 359 2.356194490192345 16.0 
280 360 2.356194490192345 16.0 
280 361 2.356194490192345 16.0 
281 358 2.356194490192345 16.0 
281 359 2.356194490192345 16.0 
281 360 2.356194490192345 16.0 
282 357 2.356194490192345 16.0 
282 358 2.356194490192345 16.0 
282 359 2.356194490192345 16.0 
283 356 2.356194490192345 16.0 
283 357 2.356194490192345 16.0 
283 358 2.356194490192345 16.0 
284 356 2.356194490192345 16.0 
284 357 2.356194490192345 16.0 
