261.0 315.0 2.281067334281583 5.422659987871376 68.0 
262.0 314.0 2.281067334281583 5.422659987871376 68.0 
262.0 315.0 2.281067334281583 5.422659987871376 68.0 
262.0 316.0 2.281067334281583 5.422659987871376 68.0 
263.0 313.0 2.281067334281583 5.422659987871376 68.0 
263.0 314.0 2.281067334281583 5.422659987871376 68.0 
263.0 315.0 2.281067334281583 5.422659987871376 68.0 
263.0 316.0 2.281067334281583 5.422659987871376 68.0 
264.0 312.0 2.281067334281583 5.422659987871376 68.0 
264.0 313.0 2.281067334281583 5.422659987871376 68.0 
264.0 314.0 2.281067334281583 5.422659987871376 68.0 
264.0 315.0 2.281067334281583 5.422659987871376 68.0 
264.0 316.0 2.281067334281583 5.422659987871376 68.0 
264.0 317.0 2.281067334281583 5.422659987871376 68.0 
265.0 311.0 2.281067334281583 5.422659987871376 68.0 
265.0 312.0 2.281067334281583 5.422659987871376 68.0 
265.0 313.0 2.281067334281583 5.422659987871376 68.0 
265.0 314.0 2.281067334281583 5.422659987871376 68.0 
265.0 315.0 2.281067334281583 5.422659987871376 68.0 
265.0 316.0 2.281067334281583 5.422659987871376 68.0 
265.0 317.0 2.281067334281583 5.422659987871376 68.0 
265.0 318.0 2.281067334281583 5.422659987871376 68.0 
266.0 309.0 2.281067334281583 5.422659987871376 68.0 
266.0 310.0 2.281067334281583 5.422659987871376 68.0 
266.0 311.0 2.281067334281583 5.422659987871376 68.0 
266.0 312.0 2.281067334281583 5.422659987871376 68.0 
266.0 313.0 2.281067334281583 5.422659987871376 68.0 
266.0 314.0 2.281067334281583 5.422659987871376 68.0 
266.0 315.0 2.281067334281583 5.422659987871376 68.0 
266.0 316.0 2.281067334281583 5.422659987871376 68.0 
266.0 317.0 2.281067334281583 5.422659987871376 68.0 
266.0 318.0 2.281067334281583 5.422659987871376 68.0 
267.0 308.0 2.281067334281583 5.422659987871376 68.0 
267.0 309.0 2.281067334281583 5.422659987871376 68.0 
267.0 310.0 2.281067334281583 5.422659987871376 68.0 
267.0 311.0 2.281067334281583 5.422659987871376 68.0 
267.0 312.0 2.281067334281583 5.422659987871376 68.0 
267.0 313.0 2.281067334281583 5.422659987871376 68.0 
267.0 314.0 2.281067334281583 5.422659987871376 68.0 
267.0 315.0 2.281067334281583 5.422659987871376 68.0 
267.0 316.0 2.281067334281583 5.422659987871376 68.0 
268.0 307.0 2.281067334281583 5.422659987871376 68.0 
268.0 308.0 2.281067334281583 5.422659987871376 68.0 
268.0 309.0 2.281067334281583 5.422659987871376 68.0 
268.0 310.0 2.281067334281583 5.422659987871376 68.0 
268.0 311.0 2.281067334281583 5.422659987871376 68.0 
268.0 312.0 2.281067334281583 5.422659987871376 68.0 
268.0 313.0 2.281067334281583 5.422659987871376 68.0 
268.0 314.0 2.281067334281583 5.422659987871376 68.0 
268.0 315.0 2.281067334281583 5.422659987871376 68.0 
269.0 306.0 2.281067334281583 5.422659987871376 68.0 
269.0 307.0 2.281067334281583 5.422659987871376 68.0 
269.0 308.0 2.281067334281583 5.422659987871376 68.0 
269.0 309.0 2.281067334281583 5.422659987871376 68.0 
269.0 310.0 2.281067334281583 5.422659987871376 68.0 
269.0 311.0 2.281067334281583 5.422659987871376 68.0 
269.0 312.0 2.281067334281583 5.422659987871376 68.0 
269.0 313.0 2.281067334281583 5.422659987871376 68.0 
269.0 314.0 2.281067334281583 5.422659987871376 68.0 
270.0 305.0 2.281067334281583 5.422659987871376 68.0 
270.0 306.0 2.281067334281583 5.422659987871376 68.0 
270.0 307.0 2.281067334281583 5.422659987871376 68.0 
270.0 308.0 2.281067334281583 5.422659987871376 68.0 
270.0 309.0 2.281067334281583 5.422659987871376 68.0 
270.0 310.0 2.281067334281583 5.422659987871376 68.0 
270.0 311.0 2.281067334281583 5.422659987871376 68.0 
270.0 312.0 2.281067334281583 5.422659987871376 68.0 
270.0 313.0 2.281067334281583 5.422659987871376 68.0 
271.0 304.0 2.281067334281583 5.422659987871376 68.0 
271.0 305.0 2.281067334281583 5.422659987871376 68.0 
271.0 306.0 2.281067334281583 5.422659987871376 68.0 
271.0 307.0 2.281067334281583 5.422659987871376 68.0 
271.0 308.0 2.281067334281583 5.422659987871376 68.0 
271.0 309.0 2.281067334281583 5.422659987871376 68.0 
271.0 310.0 2.281067334281583 5.422659987871376 68.0 
271.0 311.0 2.281067334281583 5.422659987871376 68.0 
271.0 312.0 2.281067334281583 5.422659987871376 68.0 
272.0 302.0 2.281067334281583 5.422659987871376 68.0 
272.0 303.0 2.281067334281583 5.422659987871376 68.0 
272.0 304.0 2.281067334281583 5.422659987871376 68.0 
272.0 305.0 2.281067334281583 5.422659987871376 68.0 
272.0 306.0 2.281067334281583 5.422659987871376 68.0 
272.0 307.0 2.281067334281583 5.422659987871376 68.0 
272.0 308.0 2.281067334281583 5.422659987871376 68.0 
272.0 309.0 2.281067334281583 5.422659987871376 68.0 
272.0 310.0 2.281067334281583 5.422659987871376 68.0 
272.0 311.0 2.281067334281583 5.422659987871376 68.0 
273.0 301.0 2.281067334281583 5.422659987871376 68.0 
273.0 302.0 2.281067334281583 5.422659987871376 68.0 
273.0 303.0 2.281067334281583 5.422659987871376 68.0 
273.0 304.0 2.281067334281583 5.422659987871376 68.0 
273.0 305.0 2.281067334281583 5.422659987871376 68.0 
273.0 306.0 2.281067334281583 5.422659987871376 68.0 
273.0 307.0 2.281067334281583 5.422659987871376 68.0 
273.0 308.0 2.281067334281583 5.422659987871376 68.0 
273.0 309.0 2.281067334281583 5.422659987871376 68.0 
274.0 300.0 2.281067334281583 5.422659987871376 68.0 
274.0 301.0 2.281067334281583 5.422659987871376 68.0 
274.0 302.0 2.281067334281583 5.422659987871376 68.0 
274.0 303.0 2.281067334281583 5.422659987871376 68.0 
274.0 304.0 2.281067334281583 5.422659987871376 68.0 
274.0 305.0 2.281067334281583 5.422659987871376 68.0 
274.0 306.0 2.281067334281583 5.422659987871376 68.0 
274.0 307.0 2.281067334281583 5.422659987871376 68.0 
274.0 308.0 2.281067334281583 5.422659987871376 68.0 
275.0 299.0 2.281067334281583 5.422659987871376 68.0 
275.0 300.0 2.281067334281583 5.422659987871376 68.0 
275.0 301.0 2.281067334281583 5.422659987871376 68.0 
275.0 302.0 2.281067334281583 5.422659987871376 68.0 
275.0 303.0 2.281067334281583 5.422659987871376 68.0 
275.0 304.0 2.281067334281583 5.422659987871376 68.0 
275.0 305.0 2.281067334281583 5.422659987871376 68.0 
275.0 306.0 2.281067334281583 5.422659987871376 68.0 
275.0 307.0 2.281067334281583 5.422659987871376 68.0 
276.0 298.0 2.281067334281583 5.422659987871376 68.0 
276.0 299.0 2.281067334281583 5.422659987871376 68.0 
276.0 300.0 2.281067334281583 5.422659987871376 68.0 
276.0 301.0 2.281067334281583 5.422659987871376 68.0 
276.0 302.0 2.281067334281583 5.422659987871376 68.0 
276.0 303.0 2.281067334281583 5.422659987871376 68.0 
276.0 304.0 2.281067334281583 5.422659987871376 68.0 
276.0 305.0 2.281067334281583 5.422659987871376 68.0 
276.0 306.0 2.281067334281583 5.422659987871376 68.0 
277.0 297.0 2.281067334281583 5.422659987871376 68.0 
277.0 298.0 2.281067334281583 5.422659987871376 68.0 
277.0 299.0 2.281067334281583 5.422659987871376 68.0 
277.0 300.0 2.281067334281583 5.422659987871376 68.0 
277.0 301.0 2.281067334281583 5.422659987871376 68.0 
277.0 302.0 2.281067334281583 5.422659987871376 68.0 
277.0 303.0 2.281067334281583 5.422659987871376 68.0 
277.0 304.0 2.281067334281583 5.422659987871376 68.0 
277.0 305.0 2.281067334281583 5.422659987871376 68.0 
278.0 295.0 2.281067334281583 5.422659987871376 68.0 
278.0 296.0 2.281067334281583 5.422659987871376 68.0 
278.0 297.0 2.281067334281583 5.422659987871376 68.0 
278.0 298.0 2.281067334281583 5.422659987871376 68.0 
278.0 299.0 2.281067334281583 5.422659987871376 68.0 
278.0 300.0 2.281067334281583 5.422659987871376 68.0 
278.0 301.0 2.281067334281583 5.422659987871376 68.0 
278.0 302.0 2.281067334281583 5.422659987871376 68.0 
278.0 303.0 2.281067334281583 5.422659987871376 68.0 
278.0 304.0 2.281067334281583 5.422659987871376 68.0 
279.0 294.0 2.281067334281583 5.422659987871376 68.0 
279.0 295.0 2.281067334281583 5.422659987871376 68.0 
279.0 296.0 2.281067334281583 5.422659987871376 68.0 
279.0 297.0 2.281067334281583 5.422659987871376 68.0 
279.0 298.0 2.281067334281583 5.422659987871376 68.0 
279.0 299.0 2.281067334281583 5.422659987871376 68.0 
279.0 300.0 2.281067334281583 5.422659987871376 68.0 
279.0 301.0 2.281067334281583 5.422659987871376 68.0 
279.0 302.0 2.281067334281583 5.422659987871376 68.0 
280.0 293.0 2.281067334281583 5.422659987871376 68.0 
280.0 294.0 2.281067334281583 5.422659987871376 68.0 
280.0 295.0 2.281067334281583 5.422659987871376 68.0 
280.0 296.0 2.281067334281583 5.422659987871376 68.0 
280.0 297.0 2.281067334281583 5.422659987871376 68.0 
280.0 298.0 2.281067334281583 5.422659987871376 68.0 
280.0 299.0 2.281067334281583 5.422659987871376 68.0 
280.0 300.0 2.281067334281583 5.422659987871376 68.0 
280.0 301.0 2.281067334281583 5.422659987871376 68.0 
281.0 292.0 2.281067334281583 5.422659987871376 68.0 
281.0 293.0 2.281067334281583 5.422659987871376 68.0 
281.0 294.0 2.281067334281583 5.422659987871376 68.0 
281.0 295.0 2.281067334281583 5.422659987871376 68.0 
281.0 296.0 2.281067334281583 5.422659987871376 68.0 
281.0 297.0 2.281067334281583 5.422659987871376 68.0 
281.0 298.0 2.281067334281583 5.422659987871376 68.0 
281.0 299.0 2.281067334281583 5.422659987871376 68.0 
281.0 300.0 2.281067334281583 5.422659987871376 68.0 
282.0 291.0 2.281067334281583 5.422659987871376 68.0 
282.0 292.0 2.281067334281583 5.422659987871376 68.0 
282.0 293.0 2.281067334281583 5.422659987871376 68.0 
282.0 294.0 2.281067334281583 5.422659987871376 68.0 
282.0 295.0 2.281067334281583 5.422659987871376 68.0 
282.0 296.0 2.281067334281583 5.422659987871376 68.0 
282.0 297.0 2.281067334281583 5.422659987871376 68.0 
282.0 298.0 2.281067334281583 5.422659987871376 68.0 
282.0 299.0 2.281067334281583 5.422659987871376 68.0 
283.0 290.0 2.281067334281583 5.422659987871376 68.0 
283.0 291.0 2.281067334281583 5.422659987871376 68.0 
283.0 292.0 2.281067334281583 5.422659987871376 68.0 
283.0 293.0 2.281067334281583 5.422659987871376 68.0 
283.0 294.0 2.281067334281583 5.422659987871376 68.0 
283.0 295.0 2.281067334281583 5.422659987871376 68.0 
283.0 296.0 2.281067334281583 5.422659987871376 68.0 
283.0 297.0 2.281067334281583 5.422659987871376 68.0 
283.0 298.0 2.281067334281583 5.422659987871376 68.0 
284.0 288.0 2.281067334281583 5.422659987871376 68.0 
284.0 289.0 2.281067334281583 5.422659987871376 68.0 
284.0 290.0 2.281067334281583 5.422659987871376 68.0 
284.0 291.0 2.281067334281583 5.422659987871376 68.0 
284.0 292.0 2.281067334281583 5.422659987871376 68.0 
284.0 293.0 2.281067334281583 5.422659987871376 68.0 
284.0 294.0 2.281067334281583 5.422659987871376 68.0 
284.0 295.0 2.281067334281583 5.422659987871376 68.0 
284.0 296.0 2.281067334281583 5.422659987871376 68.0 
284.0 297.0 2.281067334281583 5.422659987871376 68.0 
285.0 287.0 2.281067334281583 5.422659987871376 68.0 
285.0 288.0 2.281067334281583 5.422659987871376 68.0 
285.0 289.0 2.281067334281583 5.422659987871376 68.0 
285.0 290.0 2.281067334281583 5.422659987871376 68.0 
285.0 291.0 2.281067334281583 5.422659987871376 68.0 
285.0 292.0 2.281067334281583 5.422659987871376 68.0 
285.0 293.0 2.281067334281583 5.422659987871376 68.0 
285.0 294.0 2.281067334281583 5.422659987871376 68.0 
285.0 295.0 2.281067334281583 5.422659987871376 68.0 
285.0 296.0 2.281067334281583 5.422659987871376 68.0 
286.0 286.0 2.281067334281583 5.422659987871376 68.0 
286.0 287.0 2.281067334281583 5.422659987871376 68.0 
286.0 288.0 2.281067334281583 5.422659987871376 68.0 
286.0 289.0 2.281067334281583 5.422659987871376 68.0 
286.0 290.0 2.281067334281583 5.422659987871376 68.0 
286.0 291.0 2.281067334281583 5.422659987871376 68.0 
286.0 292.0 2.281067334281583 5.422659987871376 68.0 
286.0 293.0 2.281067334281583 5.422659987871376 68.0 
286.0 294.0 2.281067334281583 5.422659987871376 68.0 
287.0 285.0 2.281067334281583 5.422659987871376 68.0 
287.0 286.0 2.281067334281583 5.422659987871376 68.0 
287.0 287.0 2.281067334281583 5.422659987871376 68.0 
287.0 288.0 2.281067334281583 5.422659987871376 68.0 
287.0 289.0 2.281067334281583 5.422659987871376 68.0 
287.0 290.0 2.281067334281583 5.422659987871376 68.0 
287.0 291.0 2.281067334281583 5.422659987871376 68.0 
287.0 292.0 2.281067334281583 5.422659987871376 68.0 
287.0 293.0 2.281067334281583 5.422659987871376 68.0 
288.0 284.0 2.281067334281583 5.422659987871376 68.0 
288.0 285.0 2.281067334281583 5.422659987871376 68.0 
288.0 286.0 2.281067334281583 5.422659987871376 68.0 
288.0 287.0 2.281067334281583 5.422659987871376 68.0 
288.0 288.0 2.281067334281583 5.422659987871376 68.0 
288.0 289.0 2.281067334281583 5.422659987871376 68.0 
288.0 290.0 2.281067334281583 5.422659987871376 68.0 
288.0 291.0 2.281067334281583 5.422659987871376 68.0 
288.0 292.0 2.281067334281583 5.422659987871376 68.0 
289.0 283.0 2.281067334281583 5.422659987871376 68.0 
289.0 284.0 2.281067334281583 5.422659987871376 68.0 
289.0 285.0 2.281067334281583 5.422659987871376 68.0 
289.0 286.0 2.281067334281583 5.422659987871376 68.0 
289.0 287.0 2.281067334281583 5.422659987871376 68.0 
289.0 288.0 2.281067334281583 5.422659987871376 68.0 
289.0 289.0 2.281067334281583 5.422659987871376 68.0 
289.0 290.0 2.281067334281583 5.422659987871376 68.0 
289.0 291.0 2.281067334281583 5.422659987871376 68.0 
290.0 282.0 2.281067334281583 5.422659987871376 68.0 
290.0 283.0 2.281067334281583 5.422659987871376 68.0 
290.0 284.0 2.281067334281583 5.422659987871376 68.0 
290.0 285.0 2.281067334281583 5.422659987871376 68.0 
290.0 286.0 2.281067334281583 5.422659987871376 68.0 
290.0 287.0 2.281067334281583 5.422659987871376 68.0 
290.0 288.0 2.281067334281583 5.422659987871376 68.0 
290.0 289.0 2.281067334281583 5.422659987871376 68.0 
290.0 290.0 2.281067334281583 5.422659987871376 68.0 
291.0 280.0 2.281067334281583 5.422659987871376 68.0 
291.0 281.0 2.281067334281583 5.422659987871376 68.0 
291.0 282.0 2.281067334281583 5.422659987871376 68.0 
291.0 283.0 2.281067334281583 5.422659987871376 68.0 
291.0 284.0 2.281067334281583 5.422659987871376 68.0 
291.0 285.0 2.281067334281583 5.422659987871376 68.0 
291.0 286.0 2.281067334281583 5.422659987871376 68.0 
291.0 287.0 2.281067334281583 5.422659987871376 68.0 
291.0 288.0 2.281067334281583 5.422659987871376 68.0 
291.0 289.0 2.281067334281583 5.422659987871376 68.0 
292.0 279.0 2.281067334281583 5.422659987871376 68.0 
292.0 280.0 2.281067334281583 5.422659987871376 68.0 
292.0 281.0 2.281067334281583 5.422659987871376 68.0 
292.0 282.0 2.281067334281583 5.422659987871376 68.0 
292.0 283.0 2.281067334281583 5.422659987871376 68.0 
292.0 284.0 2.281067334281583 5.422659987871376 68.0 
292.0 285.0 2.281067334281583 5.422659987871376 68.0 
292.0 286.0 2.281067334281583 5.422659987871376 68.0 
292.0 287.0 2.281067334281583 5.422659987871376 68.0 
293.0 278.0 2.281067334281583 5.422659987871376 68.0 
293.0 279.0 2.281067334281583 5.422659987871376 68.0 
293.0 280.0 2.281067334281583 5.422659987871376 68.0 
293.0 281.0 2.281067334281583 5.422659987871376 68.0 
293.0 282.0 2.281067334281583 5.422659987871376 68.0 
293.0 283.0 2.281067334281583 5.422659987871376 68.0 
293.0 284.0 2.281067334281583 5.422659987871376 68.0 
293.0 285.0 2.281067334281583 5.422659987871376 68.0 
293.0 286.0 2.281067334281583 5.422659987871376 68.0 
294.0 277.0 2.281067334281583 5.422659987871376 68.0 
294.0 278.0 2.281067334281583 5.422659987871376 68.0 
294.0 279.0 2.281067334281583 5.422659987871376 68.0 
294.0 280.0 2.281067334281583 5.422659987871376 68.0 
294.0 281.0 2.281067334281583 5.422659987871376 68.0 
294.0 282.0 2.281067334281583 5.422659987871376 68.0 
294.0 283.0 2.281067334281583 5.422659987871376 68.0 
294.0 284.0 2.281067334281583 5.422659987871376 68.0 
294.0 285.0 2.281067334281583 5.422659987871376 68.0 
295.0 276.0 2.281067334281583 5.422659987871376 68.0 
295.0 277.0 2.281067334281583 5.422659987871376 68.0 
295.0 278.0 2.281067334281583 5.422659987871376 68.0 
295.0 279.0 2.281067334281583 5.422659987871376 68.0 
295.0 280.0 2.281067334281583 5.422659987871376 68.0 
295.0 281.0 2.281067334281583 5.422659987871376 68.0 
295.0 282.0 2.281067334281583 5.422659987871376 68.0 
295.0 283.0 2.281067334281583 5.422659987871376 68.0 
295.0 284.0 2.281067334281583 5.422659987871376 68.0 
296.0 275.0 2.281067334281583 5.422659987871376 68.0 
296.0 276.0 2.281067334281583 5.422659987871376 68.0 
296.0 277.0 2.281067334281583 5.422659987871376 68.0 
296.0 278.0 2.281067334281583 5.422659987871376 68.0 
296.0 279.0 2.281067334281583 5.422659987871376 68.0 
296.0 280.0 2.281067334281583 5.422659987871376 68.0 
296.0 281.0 2.281067334281583 5.422659987871376 68.0 
296.0 282.0 2.281067334281583 5.422659987871376 68.0 
296.0 283.0 2.281067334281583 5.422659987871376 68.0 
297.0 273.0 2.281067334281583 5.422659987871376 68.0 
297.0 274.0 2.281067334281583 5.422659987871376 68.0 
297.0 275.0 2.281067334281583 5.422659987871376 68.0 
297.0 276.0 2.281067334281583 5.422659987871376 68.0 
297.0 277.0 2.281067334281583 5.422659987871376 68.0 
297.0 278.0 2.281067334281583 5.422659987871376 68.0 
297.0 279.0 2.281067334281583 5.422659987871376 68.0 
297.0 280.0 2.281067334281583 5.422659987871376 68.0 
297.0 281.0 2.281067334281583 5.422659987871376 68.0 
297.0 282.0 2.281067334281583 5.422659987871376 68.0 
298.0 272.0 2.281067334281583 5.422659987871376 68.0 
298.0 273.0 2.281067334281583 5.422659987871376 68.0 
298.0 274.0 2.281067334281583 5.422659987871376 68.0 
298.0 275.0 2.281067334281583 5.422659987871376 68.0 
298.0 276.0 2.281067334281583 5.422659987871376 68.0 
298.0 277.0 2.281067334281583 5.422659987871376 68.0 
298.0 278.0 2.281067334281583 5.422659987871376 68.0 
298.0 279.0 2.281067334281583 5.422659987871376 68.0 
298.0 280.0 2.281067334281583 5.422659987871376 68.0 
299.0 271.0 2.281067334281583 5.422659987871376 68.0 
299.0 272.0 2.281067334281583 5.422659987871376 68.0 
299.0 273.0 2.281067334281583 5.422659987871376 68.0 
299.0 274.0 2.281067334281583 5.422659987871376 68.0 
299.0 275.0 2.281067334281583 5.422659987871376 68.0 
299.0 276.0 2.281067334281583 5.422659987871376 68.0 
299.0 277.0 2.281067334281583 5.422659987871376 68.0 
299.0 278.0 2.281067334281583 5.422659987871376 68.0 
299.0 279.0 2.281067334281583 5.422659987871376 68.0 
300.0 270.0 2.281067334281583 5.422659987871376 68.0 
300.0 271.0 2.281067334281583 5.422659987871376 68.0 
300.0 272.0 2.281067334281583 5.422659987871376 68.0 
300.0 273.0 2.281067334281583 5.422659987871376 68.0 
300.0 274.0 2.281067334281583 5.422659987871376 68.0 
300.0 275.0 2.281067334281583 5.422659987871376 68.0 
300.0 276.0 2.281067334281583 5.422659987871376 68.0 
300.0 277.0 2.281067334281583 5.422659987871376 68.0 
300.0 278.0 2.281067334281583 5.422659987871376 68.0 
301.0 269.0 2.281067334281583 5.422659987871376 68.0 
301.0 270.0 2.281067334281583 5.422659987871376 68.0 
301.0 271.0 2.281067334281583 5.422659987871376 68.0 
301.0 272.0 2.281067334281583 5.422659987871376 68.0 
301.0 273.0 2.281067334281583 5.422659987871376 68.0 
301.0 274.0 2.281067334281583 5.422659987871376 68.0 
301.0 275.0 2.281067334281583 5.422659987871376 68.0 
301.0 276.0 2.281067334281583 5.422659987871376 68.0 
301.0 277.0 2.281067334281583 5.422659987871376 68.0 
302.0 268.0 2.281067334281583 5.422659987871376 68.0 
302.0 269.0 2.281067334281583 5.422659987871376 68.0 
302.0 270.0 2.281067334281583 5.422659987871376 68.0 
302.0 271.0 2.281067334281583 5.422659987871376 68.0 
302.0 272.0 2.281067334281583 5.422659987871376 68.0 
302.0 273.0 2.281067334281583 5.422659987871376 68.0 
302.0 274.0 2.281067334281583 5.422659987871376 68.0 
302.0 275.0 2.281067334281583 5.422659987871376 68.0 
302.0 276.0 2.281067334281583 5.422659987871376 68.0 
303.0 266.0 2.281067334281583 5.422659987871376 68.0 
303.0 267.0 2.281067334281583 5.422659987871376 68.0 
303.0 268.0 2.281067334281583 5.422659987871376 68.0 
303.0 269.0 2.281067334281583 5.422659987871376 68.0 
303.0 270.0 2.281067334281583 5.422659987871376 68.0 
303.0 271.0 2.281067334281583 5.422659987871376 68.0 
303.0 272.0 2.281067334281583 5.422659987871376 68.0 
303.0 273.0 2.281067334281583 5.422659987871376 68.0 
303.0 274.0 2.281067334281583 5.422659987871376 68.0 
303.0 275.0 2.281067334281583 5.422659987871376 68.0 
304.0 266.0 2.281067334281583 5.422659987871376 68.0 
304.0 267.0 2.281067334281583 5.422659987871376 68.0 
304.0 268.0 2.281067334281583 5.422659987871376 68.0 
304.0 269.0 2.281067334281583 5.422659987871376 68.0 
304.0 270.0 2.281067334281583 5.422659987871376 68.0 
304.0 271.0 2.281067334281583 5.422659987871376 68.0 
304.0 272.0 2.281067334281583 5.422659987871376 68.0 
304.0 273.0 2.281067334281583 5.422659987871376 68.0 
305.0 267.0 2.281067334281583 5.422659987871376 68.0 
305.0 268.0 2.281067334281583 5.422659987871376 68.0 
305.0 269.0 2.281067334281583 5.422659987871376 68.0 
305.0 270.0 2.281067334281583 5.422659987871376 68.0 
305.0 271.0 2.281067334281583 5.422659987871376 68.0 
305.0 272.0 2.281067334281583 5.422659987871376 68.0 
306.0 267.0 2.281067334281583 5.422659987871376 68.0 
306.0 268.0 2.281067334281583 5.422659987871376 68.0 
306.0 269.0 2.281067334281583 5.422659987871376 68.0 
306.0 270.0 2.281067334281583 5.422659987871376 68.0 
306.0 271.0 2.281067334281583 5.422659987871376 68.0 
307.0 268.0 2.281067334281583 5.422659987871376 68.0 
307.0 269.0 2.281067334281583 5.422659987871376 68.0 
307.0 270.0 2.281067334281583 5.422659987871376 68.0 
308.0 269.0 2.281067334281583 5.422659987871376 68.0 
