300 346 1.051650212548374 20.0 
300 347 1.051650212548374 20.0 
300 348 1.051650212548374 20.0 
301 346 1.051650212548374 20.0 
301 347 1.051650212548374 20.0 
301 348 1.051650212548374 20.0 
301 349 1.051650212548374 20.0 
302 348 1.051650212548374 20.0 
302 349 1.051650212548374 20.0 
302 350 1.051650212548374 20.0 
302 351 1.051650212548374 20.0 
303 350 1.051650212548374 20.0 
303 351 1.051650212548374 20.0 
303 352 1.051650212548374 20.0 
303 353 1.051650212548374 20.0 
304 351 1.051650212548374 20.0 
304 352 1.051650212548374 20.0 
288 359 4.068887871591405 20.0 
288 360 4.068887871591405 20.0 
289 359 4.068887871591405 20.0 
289 360 4.068887871591405 20.0 
289 361 4.068887871591405 20.0 
289 362 4.068887871591405 20.0 
290 360 4.068887871591405 20.0 
290 361 4.068887871591405 20.0 
290 362 4.068887871591405 20.0 
290 363 4.068887871591405 20.0 
291 362 4.068887871591405 20.0 
298 276 5.54537024705912 24.0 
299 275 5.54537024705912 24.0 
299 276 5.54537024705912 24.0 
299 277 5.54537024705912 24.0 
300 274 5.54537024705912 24.0 
300 275 5.54537024705912 24.0 
300 276 5.54537024705912 24.0 
301 273 5.54537024705912 24.0 
301 274 5.54537024705912 24.0 
301 275 5.54537024705912 24.0 
302 273 5.54537024705912 24.0 
302 274 5.54537024705912 24.0 
303 272 5.54537024705912 24.0 
303 273 5.54537024705912 24.0 
304 271 5.54537024705912 24.0 
304 272 5.54537024705912 24.0 
305 270 5.54537024705912 24.0 
305 271 5.54537024705912 24.0 
306 269 5.54537024705912 24.0 
306 270 5.54537024705912 24.0 
306 271 5.54537024705912 24.0 
307 268 5.54537024705912 24.0 
307 269 5.54537024705912 24.0 
307 270 5.54537024705912 24.0 
308 267 5.54537024705912 24.0 
308 268 5.54537024705912 24.0 
308 269 5.54537024705912 24.0 
309 267 5.54537024705912 24.0 
309 268 5.54537024705912 24.0 
311 288 2.432966381462124 20.0 
312 287 2.432966381462124 20.0 
312 288 2.432966381462124 20.0 
312 289 2.432966381462124 20.0 
313 286 2.432966381462124 20.0 
313 287 2.432966381462124 20.0 
313 288 2.432966381462124 20.0 
314 286 2.432966381462124 20.0 
314 287 2.432966381462124 20.0 
315 285 2.432966381462124 20.0 
315 286 2.432966381462124 20.0 
316 284 2.432966381462124 20.0 
316 285 2.432966381462124 20.0 
316 286 2.432966381462124 20.0 
317 283 2.432966381462124 20.0 
317 284 2.432966381462124 20.0 
317 285 2.432966381462124 20.0 
318 283 2.432966381462124 20.0 
318 284 2.432966381462124 20.0 
256.0 267.0 4.18431453195833 1.042721878368537 32.0 
256.0 268.0 4.18431453195833 1.042721878368537 32.0 
257.0 267.0 4.18431453195833 1.042721878368537 32.0 
257.0 268.0 4.18431453195833 1.042721878368537 32.0 
257.0 269.0 4.18431453195833 1.042721878368537 32.0 
257.0 270.0 4.18431453195833 1.042721878368537 32.0 
258.0 269.0 4.18431453195833 1.042721878368537 32.0 
258.0 270.0 4.18431453195833 1.042721878368537 32.0 
258.0 271.0 4.18431453195833 1.042721878368537 32.0 
258.0 272.0 4.18431453195833 1.042721878368537 32.0 
259.0 271.0 4.18431453195833 1.042721878368537 32.0 
259.0 272.0 4.18431453195833 1.042721878368537 32.0 
259.0 273.0 4.18431453195833 1.042721878368537 32.0 
259.0 274.0 4.18431453195833 1.042721878368537 32.0 
260.0 272.0 4.18431453195833 1.042721878368537 32.0 
260.0 273.0 4.18431453195833 1.042721878368537 32.0 
260.0 274.0 4.18431453195833 1.042721878368537 32.0 
260.0 275.0 4.18431453195833 1.042721878368537 32.0 
261.0 274.0 4.18431453195833 1.042721878368537 32.0 
261.0 275.0 4.18431453195833 1.042721878368537 32.0 
261.0 276.0 4.18431453195833 1.042721878368537 32.0 
261.0 277.0 4.18431453195833 1.042721878368537 32.0 
262.0 276.0 4.18431453195833 1.042721878368537 32.0 
262.0 277.0 4.18431453195833 1.042721878368537 32.0 
262.0 278.0 4.18431453195833 1.042721878368537 32.0 
262.0 279.0 4.18431453195833 1.042721878368537 32.0 
263.0 278.0 4.18431453195833 1.042721878368537 32.0 
263.0 279.0 4.18431453195833 1.042721878368537 32.0 
263.0 280.0 4.18431453195833 1.042721878368537 32.0 
264.0 279.0 4.18431453195833 1.042721878368537 32.0 
264.0 280.0 4.18431453195833 1.042721878368537 32.0 
264.0 281.0 4.18431453195833 1.042721878368537 32.0 
264.0 282.0 4.18431453195833 1.042721878368537 32.0 
265.0 281.0 4.18431453195833 1.042721878368537 32.0 
265.0 282.0 4.18431453195833 1.042721878368537 32.0 
265.0 283.0 4.18431453195833 1.042721878368537 32.0 
265.0 284.0 4.18431453195833 1.042721878368537 32.0 
266.0 283.0 4.18431453195833 1.042721878368537 32.0 
266.0 284.0 4.18431453195833 1.042721878368537 32.0 
266.0 285.0 4.18431453195833 1.042721878368537 32.0 
266.0 286.0 4.18431453195833 1.042721878368537 32.0 
267.0 284.0 4.18431453195833 1.042721878368537 32.0 
267.0 285.0 4.18431453195833 1.042721878368537 32.0 
267.0 286.0 4.18431453195833 1.042721878368537 32.0 
267.0 287.0 4.18431453195833 1.042721878368537 32.0 
268.0 286.0 4.18431453195833 1.042721878368537 32.0 
268.0 287.0 4.18431453195833 1.042721878368537 32.0 
268.0 288.0 4.18431453195833 1.042721878368537 32.0 
268.0 289.0 4.18431453195833 1.042721878368537 32.0 
269.0 288.0 4.18431453195833 1.042721878368537 32.0 
269.0 289.0 4.18431453195833 1.042721878368537 32.0 
269.0 290.0 4.18431453195833 1.042721878368537 32.0 
269.0 291.0 4.18431453195833 1.042721878368537 32.0 
270.0 290.0 4.18431453195833 1.042721878368537 32.0 
242.0 346.0 2.4668517113662403 5.608444364956032 28.0 
243.0 345.0 2.4668517113662403 5.608444364956032 28.0 
243.0 346.0 2.4668517113662403 5.608444364956032 28.0 
243.0 347.0 2.4668517113662403 5.608444364956032 28.0 
244.0 345.0 2.4668517113662403 5.608444364956032 28.0 
244.0 346.0 2.4668517113662403 5.608444364956032 28.0 
245.0 344.0 2.4668517113662403 5.608444364956032 28.0 
245.0 345.0 2.4668517113662403 5.608444364956032 28.0 
246.0 343.0 2.4668517113662403 5.608444364956032 28.0 
246.0 344.0 2.4668517113662403 5.608444364956032 28.0 
246.0 345.0 2.4668517113662403 5.608444364956032 28.0 
247.0 342.0 2.4668517113662403 5.608444364956032 28.0 
247.0 343.0 2.4668517113662403 5.608444364956032 28.0 
247.0 344.0 2.4668517113662403 5.608444364956032 28.0 
248.0 341.0 2.4668517113662403 5.608444364956032 28.0 
248.0 342.0 2.4668517113662403 5.608444364956032 28.0 
248.0 343.0 2.4668517113662403 5.608444364956032 28.0 
249.0 341.0 2.4668517113662403 5.608444364956032 28.0 
249.0 342.0 2.4668517113662403 5.608444364956032 28.0 
250.0 340.0 2.4668517113662403 5.608444364956032 28.0 
250.0 341.0 2.4668517113662403 5.608444364956032 28.0 
251.0 339.0 2.4668517113662403 5.608444364956032 28.0 
251.0 340.0 2.4668517113662403 5.608444364956032 28.0 
251.0 341.0 2.4668517113662403 5.608444364956032 28.0 
252.0 338.0 2.4668517113662403 5.608444364956032 28.0 
252.0 339.0 2.4668517113662403 5.608444364956032 28.0 
252.0 340.0 2.4668517113662403 5.608444364956032 28.0 
253.0 337.0 2.4668517113662403 5.608444364956032 28.0 
253.0 338.0 2.4668517113662403 5.608444364956032 28.0 
253.0 339.0 2.4668517113662403 5.608444364956032 28.0 
254.0 337.0 2.4668517113662403 5.608444364956032 28.0 
254.0 338.0 2.4668517113662403 5.608444364956032 28.0 
255.0 336.0 2.4668517113662403 5.608444364956032 28.0 
255.0 337.0 2.4668517113662403 5.608444364956032 28.0 
256.0 335.0 2.4668517113662403 5.608444364956032 28.0 
256.0 336.0 2.4668517113662403 5.608444364956032 28.0 
256.0 337.0 2.4668517113662403 5.608444364956032 28.0 
257.0 334.0 2.4668517113662403 5.608444364956032 28.0 
257.0 335.0 2.4668517113662403 5.608444364956032 28.0 
257.0 336.0 2.4668517113662403 5.608444364956032 28.0 
258.0 333.0 2.4668517113662403 5.608444364956032 28.0 
258.0 334.0 2.4668517113662403 5.608444364956032 28.0 
258.0 335.0 2.4668517113662403 5.608444364956032 28.0 
259.0 333.0 2.4668517113662403 5.608444364956032 28.0 
259.0 334.0 2.4668517113662403 5.608444364956032 28.0 
260.0 332.0 2.4668517113662403 5.608444364956032 28.0 
260.0 333.0 2.4668517113662403 5.608444364956032 28.0 
261.0 331.0 2.4668517113662403 5.608444364956032 28.0 
261.0 332.0 2.4668517113662403 5.608444364956032 28.0 
261.0 333.0 2.4668517113662403 5.608444364956032 28.0 
262.0 331.0 2.4668517113662403 5.608444364956032 28.0 
262.0 332.0 2.4668517113662403 5.608444364956032 28.0 
302.0 282.0 2.393214606066275 5.534807259656068 48.0 
302.0 283.0 2.393214606066275 5.534807259656068 48.0 
303.0 281.0 2.393214606066275 5.534807259656068 48.0 
303.0 282.0 2.393214606066275 5.534807259656068 48.0 
303.0 283.0 2.393214606066275 5.534807259656068 48.0 
303.0 284.0 2.393214606066275 5.534807259656068 48.0 
304.0 280.0 2.393214606066275 5.534807259656068 48.0 
304.0 281.0 2.393214606066275 5.534807259656068 48.0 
304.0 282.0 2.393214606066275 5.534807259656068 48.0 
304.0 283.0 2.393214606066275 5.534807259656068 48.0 
304.0 284.0 2.393214606066275 5.534807259656068 48.0 
304.0 285.0 2.393214606066275 5.534807259656068 48.0 
304.0 286.0 2.393214606066275 5.534807259656068 48.0 
305.0 280.0 2.393214606066275 5.534807259656068 48.0 
305.0 281.0 2.393214606066275 5.534807259656068 48.0 
305.0 282.0 2.393214606066275 5.534807259656068 48.0 
305.0 283.0 2.393214606066275 5.534807259656068 48.0 
305.0 284.0 2.393214606066275 5.534807259656068 48.0 
305.0 285.0 2.393214606066275 5.534807259656068 48.0 
305.0 286.0 2.393214606066275 5.534807259656068 48.0 
305.0 287.0 2.393214606066275 5.534807259656068 48.0 
306.0 279.0 2.393214606066275 5.534807259656068 48.0 
306.0 280.0 2.393214606066275 5.534807259656068 48.0 
306.0 281.0 2.393214606066275 5.534807259656068 48.0 
306.0 282.0 2.393214606066275 5.534807259656068 48.0 
306.0 283.0 2.393214606066275 5.534807259656068 48.0 
306.0 284.0 2.393214606066275 5.534807259656068 48.0 
306.0 285.0 2.393214606066275 5.534807259656068 48.0 
306.0 286.0 2.393214606066275 5.534807259656068 48.0 
307.0 278.0 2.393214606066275 5.534807259656068 48.0 
307.0 279.0 2.393214606066275 5.534807259656068 48.0 
307.0 280.0 2.393214606066275 5.534807259656068 48.0 
307.0 281.0 2.393214606066275 5.534807259656068 48.0 
307.0 282.0 2.393214606066275 5.534807259656068 48.0 
307.0 283.0 2.393214606066275 5.534807259656068 48.0 
307.0 284.0 2.393214606066275 5.534807259656068 48.0 
307.0 285.0 2.393214606066275 5.534807259656068 48.0 
308.0 277.0 2.393214606066275 5.534807259656068 48.0 
308.0 278.0 2.393214606066275 5.534807259656068 48.0 
308.0 279.0 2.393214606066275 5.534807259656068 48.0 
308.0 280.0 2.393214606066275 5.534807259656068 48.0 
308.0 281.0 2.393214606066275 5.534807259656068 48.0 
308.0 282.0 2.393214606066275 5.534807259656068 48.0 
308.0 283.0 2.393214606066275 5.534807259656068 48.0 
308.0 284.0 2.393214606066275 5.534807259656068 48.0 
309.0 276.0 2.393214606066275 5.534807259656068 48.0 
309.0 277.0 2.393214606066275 5.534807259656068 48.0 
309.0 278.0 2.393214606066275 5.534807259656068 48.0 
309.0 279.0 2.393214606066275 5.534807259656068 48.0 
309.0 280.0 2.393214606066275 5.534807259656068 48.0 
309.0 281.0 2.393214606066275 5.534807259656068 48.0 
309.0 282.0 2.393214606066275 5.534807259656068 48.0 
309.0 283.0 2.393214606066275 5.534807259656068 48.0 
310.0 275.0 2.393214606066275 5.534807259656068 48.0 
310.0 276.0 2.393214606066275 5.534807259656068 48.0 
310.0 277.0 2.393214606066275 5.534807259656068 48.0 
310.0 278.0 2.393214606066275 5.534807259656068 48.0 
310.0 279.0 2.393214606066275 5.534807259656068 48.0 
310.0 280.0 2.393214606066275 5.534807259656068 48.0 
310.0 281.0 2.393214606066275 5.534807259656068 48.0 
310.0 282.0 2.393214606066275 5.534807259656068 48.0 
311.0 274.0 2.393214606066275 5.534807259656068 48.0 
311.0 275.0 2.393214606066275 5.534807259656068 48.0 
311.0 276.0 2.393214606066275 5.534807259656068 48.0 
311.0 277.0 2.393214606066275 5.534807259656068 48.0 
311.0 278.0 2.393214606066275 5.534807259656068 48.0 
311.0 279.0 2.393214606066275 5.534807259656068 48.0 
311.0 280.0 2.393214606066275 5.534807259656068 48.0 
311.0 281.0 2.393214606066275 5.534807259656068 48.0 
312.0 273.0 2.393214606066275 5.534807259656068 48.0 
312.0 274.0 2.393214606066275 5.534807259656068 48.0 
312.0 275.0 2.393214606066275 5.534807259656068 48.0 
312.0 276.0 2.393214606066275 5.534807259656068 48.0 
312.0 277.0 2.393214606066275 5.534807259656068 48.0 
312.0 278.0 2.393214606066275 5.534807259656068 48.0 
312.0 279.0 2.393214606066275 5.534807259656068 48.0 
312.0 280.0 2.393214606066275 5.534807259656068 48.0 
313.0 272.0 2.393214606066275 5.534807259656068 48.0 
313.0 273.0 2.393214606066275 5.534807259656068 48.0 
313.0 274.0 2.393214606066275 5.534807259656068 48.0 
313.0 275.0 2.393214606066275 5.534807259656068 48.0 
313.0 276.0 2.393214606066275 5.534807259656068 48.0 
313.0 277.0 2.393214606066275 5.534807259656068 48.0 
313.0 278.0 2.393214606066275 5.534807259656068 48.0 
313.0 279.0 2.393214606066275 5.534807259656068 48.0 
314.0 271.0 2.393214606066275 5.534807259656068 48.0 
314.0 272.0 2.393214606066275 5.534807259656068 48.0 
314.0 273.0 2.393214606066275 5.534807259656068 48.0 
314.0 274.0 2.393214606066275 5.534807259656068 48.0 
314.0 275.0 2.393214606066275 5.534807259656068 48.0 
314.0 276.0 2.393214606066275 5.534807259656068 48.0 
314.0 277.0 2.393214606066275 5.534807259656068 48.0 
314.0 278.0 2.393214606066275 5.534807259656068 48.0 
315.0 270.0 2.393214606066275 5.534807259656068 48.0 
315.0 271.0 2.393214606066275 5.534807259656068 48.0 
315.0 272.0 2.393214606066275 5.534807259656068 48.0 
315.0 273.0 2.393214606066275 5.534807259656068 48.0 
315.0 274.0 2.393214606066275 5.534807259656068 48.0 
315.0 275.0 2.393214606066275 5.534807259656068 48.0 
315.0 276.0 2.393214606066275 5.534807259656068 48.0 
315.0 277.0 2.393214606066275 5.534807259656068 48.0 
316.0 271.0 2.393214606066275 5.534807259656068 48.0 
316.0 272.0 2.393214606066275 5.534807259656068 48.0 
316.0 273.0 2.393214606066275 5.534807259656068 48.0 
316.0 274.0 2.393214606066275 5.534807259656068 48.0 
316.0 275.0 2.393214606066275 5.534807259656068 48.0 
316.0 276.0 2.393214606066275 5.534807259656068 48.0 
316.0 277.0 2.393214606066275 5.534807259656068 48.0 
317.0 272.0 2.393214606066275 5.534807259656068 48.0 
317.0 273.0 2.393214606066275 5.534807259656068 48.0 
317.0 274.0 2.393214606066275 5.534807259656068 48.0 
317.0 275.0 2.393214606066275 5.534807259656068 48.0 
317.0 276.0 2.393214606066275 5.534807259656068 48.0 
318.0 274.0 2.393214606066275 5.534807259656068 48.0 
318.0 275.0 2.393214606066275 5.534807259656068 48.0 
289.0 348.0 4.180664913125884 1.0390722595360915 44.0 
290.0 347.0 4.180664913125884 1.0390722595360915 44.0 
290.0 348.0 4.180664913125884 1.0390722595360915 44.0 
290.0 349.0 4.180664913125884 1.0390722595360915 44.0 
290.0 350.0 4.180664913125884 1.0390722595360915 44.0 
291.0 346.0 4.180664913125884 1.0390722595360915 44.0 
291.0 347.0 4.180664913125884 1.0390722595360915 44.0 
291.0 348.0 4.180664913125884 1.0390722595360915 44.0 
291.0 349.0 4.180664913125884 1.0390722595360915 44.0 
291.0 350.0 4.180664913125884 1.0390722595360915 44.0 
291.0 351.0 4.180664913125884 1.0390722595360915 44.0 
292.0 346.0 4.180664913125884 1.0390722595360915 44.0 
292.0 347.0 4.180664913125884 1.0390722595360915 44.0 
292.0 348.0 4.180664913125884 1.0390722595360915 44.0 
292.0 349.0 4.180664913125884 1.0390722595360915 44.0 
292.0 350.0 4.180664913125884 1.0390722595360915 44.0 
292.0 351.0 4.180664913125884 1.0390722595360915 44.0 
292.0 352.0 4.180664913125884 1.0390722595360915 44.0 
292.0 353.0 4.180664913125884 1.0390722595360915 44.0 
293.0 345.0 4.180664913125884 1.0390722595360915 44.0 
293.0 346.0 4.180664913125884 1.0390722595360915 44.0 
293.0 347.0 4.180664913125884 1.0390722595360915 44.0 
293.0 348.0 4.180664913125884 1.0390722595360915 44.0 
293.0 349.0 4.180664913125884 1.0390722595360915 44.0 
293.0 350.0 4.180664913125884 1.0390722595360915 44.0 
293.0 351.0 4.180664913125884 1.0390722595360915 44.0 
293.0 352.0 4.180664913125884 1.0390722595360915 44.0 
293.0 353.0 4.180664913125884 1.0390722595360915 44.0 
293.0 354.0 4.180664913125884 1.0390722595360915 44.0 
293.0 355.0 4.180664913125884 1.0390722595360915 44.0 
294.0 346.0 4.180664913125884 1.0390722595360915 44.0 
294.0 347.0 4.180664913125884 1.0390722595360915 44.0 
294.0 348.0 4.180664913125884 1.0390722595360915 44.0 
294.0 349.0 4.180664913125884 1.0390722595360915 44.0 
294.0 350.0 4.180664913125884 1.0390722595360915 44.0 
294.0 351.0 4.180664913125884 1.0390722595360915 44.0 
294.0 352.0 4.180664913125884 1.0390722595360915 44.0 
294.0 353.0 4.180664913125884 1.0390722595360915 44.0 
294.0 354.0 4.180664913125884 1.0390722595360915 44.0 
294.0 355.0 4.180664913125884 1.0390722595360915 44.0 
294.0 356.0 4.180664913125884 1.0390722595360915 44.0 
294.0 357.0 4.180664913125884 1.0390722595360915 44.0 
295.0 347.0 4.180664913125884 1.0390722595360915 44.0 
295.0 348.0 4.180664913125884 1.0390722595360915 44.0 
295.0 349.0 4.180664913125884 1.0390722595360915 44.0 
295.0 350.0 4.180664913125884 1.0390722595360915 44.0 
295.0 351.0 4.180664913125884 1.0390722595360915 44.0 
295.0 352.0 4.180664913125884 1.0390722595360915 44.0 
295.0 353.0 4.180664913125884 1.0390722595360915 44.0 
295.0 354.0 4.180664913125884 1.0390722595360915 44.0 
295.0 355.0 4.180664913125884 1.0390722595360915 44.0 
295.0 356.0 4.180664913125884 1.0390722595360915 44.0 
295.0 357.0 4.180664913125884 1.0390722595360915 44.0 
295.0 358.0 4.180664913125884 1.0390722595360915 44.0 
296.0 349.0 4.180664913125884 1.0390722595360915 44.0 
296.0 350.0 4.180664913125884 1.0390722595360915 44.0 
296.0 351.0 4.180664913125884 1.0390722595360915 44.0 
296.0 352.0 4.180664913125884 1.0390722595360915 44.0 
296.0 353.0 4.180664913125884 1.0390722595360915 44.0 
296.0 354.0 4.180664913125884 1.0390722595360915 44.0 
296.0 355.0 4.180664913125884 1.0390722595360915 44.0 
296.0 356.0 4.180664913125884 1.0390722595360915 44.0 
296.0 357.0 4.180664913125884 1.0390722595360915 44.0 
296.0 358.0 4.180664913125884 1.0390722595360915 44.0 
296.0 359.0 4.180664913125884 1.0390722595360915 44.0 
296.0 360.0 4.180664913125884 1.0390722595360915 44.0 
297.0 351.0 4.180664913125884 1.0390722595360915 44.0 
297.0 352.0 4.180664913125884 1.0390722595360915 44.0 
297.0 353.0 4.180664913125884 1.0390722595360915 44.0 
297.0 354.0 4.180664913125884 1.0390722595360915 44.0 
297.0 355.0 4.180664913125884 1.0390722595360915 44.0 
297.0 356.0 4.180664913125884 1.0390722595360915 44.0 
297.0 357.0 4.180664913125884 1.0390722595360915 44.0 
297.0 358.0 4.180664913125884 1.0390722595360915 44.0 
297.0 359.0 4.180664913125884 1.0390722595360915 44.0 
297.0 360.0 4.180664913125884 1.0390722595360915 44.0 
297.0 361.0 4.180664913125884 1.0390722595360915 44.0 
297.0 362.0 4.180664913125884 1.0390722595360915 44.0 
298.0 352.0 4.180664913125884 1.0390722595360915 44.0 
298.0 353.0 4.180664913125884 1.0390722595360915 44.0 
298.0 354.0 4.180664913125884 1.0390722595360915 44.0 
298.0 355.0 4.180664913125884 1.0390722595360915 44.0 
298.0 356.0 4.180664913125884 1.0390722595360915 44.0 
298.0 357.0 4.180664913125884 1.0390722595360915 44.0 
298.0 358.0 4.180664913125884 1.0390722595360915 44.0 
298.0 359.0 4.180664913125884 1.0390722595360915 44.0 
298.0 360.0 4.180664913125884 1.0390722595360915 44.0 
298.0 361.0 4.180664913125884 1.0390722595360915 44.0 
298.0 362.0 4.180664913125884 1.0390722595360915 44.0 
298.0 363.0 4.180664913125884 1.0390722595360915 44.0 
299.0 354.0 4.180664913125884 1.0390722595360915 44.0 
299.0 355.0 4.180664913125884 1.0390722595360915 44.0 
299.0 356.0 4.180664913125884 1.0390722595360915 44.0 
299.0 357.0 4.180664913125884 1.0390722595360915 44.0 
299.0 358.0 4.180664913125884 1.0390722595360915 44.0 
299.0 359.0 4.180664913125884 1.0390722595360915 44.0 
299.0 360.0 4.180664913125884 1.0390722595360915 44.0 
299.0 361.0 4.180664913125884 1.0390722595360915 44.0 
299.0 362.0 4.180664913125884 1.0390722595360915 44.0 
299.0 363.0 4.180664913125884 1.0390722595360915 44.0 
299.0 364.0 4.180664913125884 1.0390722595360915 44.0 
300.0 356.0 4.180664913125884 1.0390722595360915 44.0 
300.0 357.0 4.180664913125884 1.0390722595360915 44.0 
300.0 358.0 4.180664913125884 1.0390722595360915 44.0 
300.0 359.0 4.180664913125884 1.0390722595360915 44.0 
300.0 360.0 4.180664913125884 1.0390722595360915 44.0 
300.0 361.0 4.180664913125884 1.0390722595360915 44.0 
300.0 362.0 4.180664913125884 1.0390722595360915 44.0 
300.0 363.0 4.180664913125884 1.0390722595360915 44.0 
301.0 358.0 4.180664913125884 1.0390722595360915 44.0 
301.0 359.0 4.180664913125884 1.0390722595360915 44.0 
301.0 360.0 4.180664913125884 1.0390722595360915 44.0 
301.0 361.0 4.180664913125884 1.0390722595360915 44.0 
301.0 362.0 4.180664913125884 1.0390722595360915 44.0 
302.0 359.0 4.180664913125884 1.0390722595360915 44.0 
302.0 360.0 4.180664913125884 1.0390722595360915 44.0 
302.0 361.0 4.180664913125884 1.0390722595360915 44.0 
302.0 362.0 4.180664913125884 1.0390722595360915 44.0 
303.0 361.0 4.180664913125884 1.0390722595360915 44.0 
