290 308 1.797595174848782 32.0 
290 309 1.797595174848782 32.0 
290 310 1.797595174848782 32.0 
290 311 1.797595174848782 32.0 
291 304 1.797595174848782 32.0 
291 305 1.797595174848782 32.0 
291 306 1.797595174848782 32.0 
291 307 1.797595174848782 32.0 
291 308 1.797595174848782 32.0 
291 309 1.797595174848782 32.0 
291 310 1.797595174848782 32.0 
291 311 1.797595174848782 32.0 
291 312 1.797595174848782 32.0 
292 299 1.797595174848782 32.0 
292 300 1.797595174848782 32.0 
292 301 1.797595174848782 32.0 
292 302 1.797595174848782 32.0 
292 303 1.797595174848782 32.0 
292 304 1.797595174848782 32.0 
292 305 1.797595174848782 32.0 
292 306 1.797595174848782 32.0 
292 307 1.797595174848782 32.0 
293 299 1.797595174848782 32.0 
293 300 1.797595174848782 32.0 
293 301 1.797595174848782 32.0 
293 302 1.797595174848782 32.0 
293 303 1.797595174848782 32.0 
291 284 1.3734007669450163 32.0 
291 285 1.3734007669450163 32.0 
291 286 1.3734007669450163 32.0 
291 287 1.3734007669450163 32.0 
291 288 1.3734007669450163 32.0 
291 289 1.3734007669450163 32.0 
292 284 1.3734007669450163 32.0 
292 285 1.3734007669450163 32.0 
292 286 1.3734007669450163 32.0 
292 287 1.3734007669450163 32.0 
292 288 1.3734007669450163 32.0 
292 289 1.3734007669450163 32.0 
292 290 1.3734007669450163 32.0 
292 291 1.3734007669450163 32.0 
292 292 1.3734007669450163 32.0 
292 293 1.3734007669450163 32.0 
292 294 1.3734007669450163 32.0 
293 289 1.3734007669450163 32.0 
293 290 1.3734007669450163 32.0 
293 291 1.3734007669450163 32.0 
293 292 1.3734007669450163 32.0 
293 293 1.3734007669450163 32.0 
293 294 1.3734007669450163 32.0 
293 295 1.3734007669450163 32.0 
293 296 1.3734007669450163 32.0 
293 297 1.3734007669450163 32.0 
293 298 1.3734007669450163 32.0 
293 299 1.3734007669450163 32.0 
294 294 1.3734007669450163 32.0 
294 295 1.3734007669450163 32.0 
294 296 1.3734007669450163 32.0 
294 297 1.3734007669450163 32.0 
294 298 1.3734007669450163 32.0 
284 272 0.9505468408120749 32.0 
284 273 0.9505468408120749 32.0 
285 272 0.9505468408120749 32.0 
285 273 0.9505468408120749 32.0 
285 274 0.9505468408120749 32.0 
285 275 0.9505468408120749 32.0 
286 274 0.9505468408120749 32.0 
286 275 0.9505468408120749 32.0 
286 276 0.9505468408120749 32.0 
287 275 0.9505468408120749 32.0 
287 276 0.9505468408120749 32.0 
287 277 0.9505468408120749 32.0 
288 276 0.9505468408120749 32.0 
288 277 0.9505468408120749 32.0 
288 278 0.9505468408120749 32.0 
288 279 0.9505468408120749 32.0 
289 278 0.9505468408120749 32.0 
289 279 0.9505468408120749 32.0 
289 280 0.9505468408120749 32.0 
290 279 0.9505468408120749 32.0 
290 280 0.9505468408120749 32.0 
290 281 0.9505468408120749 32.0 
290 282 0.9505468408120749 32.0 
291 281 0.9505468408120749 32.0 
291 282 0.9505468408120749 32.0 
291 283 0.9505468408120749 32.0 
292 282 0.9505468408120749 32.0 
292 283 0.9505468408120749 32.0 
292 284 0.9505468408120749 32.0 
293 283 0.9505468408120749 32.0 
293 284 0.9505468408120749 32.0 
293 285 0.9505468408120749 32.0 
293 286 0.9505468408120749 32.0 
294 285 0.9505468408120749 32.0 
269 267 0.2782996590051129 32.0 
269 268 0.2782996590051129 32.0 
270 267 0.2782996590051129 32.0 
270 268 0.2782996590051129 32.0 
271 267 0.2782996590051129 32.0 
271 268 0.2782996590051129 32.0 
272 267 0.2782996590051129 32.0 
272 268 0.2782996590051129 32.0 
273 268 0.2782996590051129 32.0 
273 269 0.2782996590051129 32.0 
274 268 0.2782996590051129 32.0 
274 269 0.2782996590051129 32.0 
275 268 0.2782996590051129 32.0 
275 269 0.2782996590051129 32.0 
276 268 0.2782996590051129 32.0 
276 269 0.2782996590051129 32.0 
276 270 0.2782996590051129 32.0 
277 269 0.2782996590051129 32.0 
277 270 0.2782996590051129 32.0 
278 269 0.2782996590051129 32.0 
278 270 0.2782996590051129 32.0 
279 269 0.2782996590051129 32.0 
279 270 0.2782996590051129 32.0 
280 270 0.2782996590051129 32.0 
280 271 0.2782996590051129 32.0 
281 270 0.2782996590051129 32.0 
281 271 0.2782996590051129 32.0 
282 270 0.2782996590051129 32.0 
282 271 0.2782996590051129 32.0 
283 270 0.2782996590051129 32.0 
256 272 5.85655781405271 32.0 
257 272 5.85655781405271 32.0 
257 273 5.85655781405271 32.0 
258 271 5.85655781405271 32.0 
258 272 5.85655781405271 32.0 
258 273 5.85655781405271 32.0 
259 271 5.85655781405271 32.0 
259 272 5.85655781405271 32.0 
260 271 5.85655781405271 32.0 
260 272 5.85655781405271 32.0 
261 270 5.85655781405271 32.0 
261 271 5.85655781405271 32.0 
262 270 5.85655781405271 32.0 
262 271 5.85655781405271 32.0 
263 269 5.85655781405271 32.0 
263 270 5.85655781405271 32.0 
264 269 5.85655781405271 32.0 
264 270 5.85655781405271 32.0 
265 268 5.85655781405271 32.0 
265 269 5.85655781405271 32.0 
265 270 5.85655781405271 32.0 
266 268 5.85655781405271 32.0 
266 269 5.85655781405271 32.0 
267 268 5.85655781405271 32.0 
267 269 5.85655781405271 32.0 
246 284 5.387129922608244 32.0 
247 283 5.387129922608244 32.0 
247 284 5.387129922608244 32.0 
247 285 5.387129922608244 32.0 
248 281 5.387129922608244 32.0 
248 282 5.387129922608244 32.0 
248 283 5.387129922608244 32.0 
248 284 5.387129922608244 32.0 
249 280 5.387129922608244 32.0 
249 281 5.387129922608244 32.0 
249 282 5.387129922608244 32.0 
250 279 5.387129922608244 32.0 
250 280 5.387129922608244 32.0 
250 281 5.387129922608244 32.0 
251 278 5.387129922608244 32.0 
251 279 5.387129922608244 32.0 
251 280 5.387129922608244 32.0 
252 276 5.387129922608244 32.0 
252 277 5.387129922608244 32.0 
252 278 5.387129922608244 32.0 
252 279 5.387129922608244 32.0 
253 275 5.387129922608244 32.0 
253 276 5.387129922608244 32.0 
253 277 5.387129922608244 32.0 
254 275 5.387129922608244 32.0 
254 276 5.387129922608244 32.0 
243 297 4.803048867585435 32.0 
243 298 4.803048867585435 32.0 
243 299 4.803048867585435 32.0 
243 300 4.803048867585435 32.0 
243 301 4.803048867585435 32.0 
243 302 4.803048867585435 32.0 
243 303 4.803048867585435 32.0 
243 304 4.803048867585435 32.0 
243 305 4.803048867585435 32.0 
243 306 4.803048867585435 32.0 
243 307 4.803048867585435 32.0 
244 286 4.803048867585435 32.0 
244 287 4.803048867585435 32.0 
244 288 4.803048867585435 32.0 
244 289 4.803048867585435 32.0 
244 290 4.803048867585435 32.0 
244 291 4.803048867585435 32.0 
244 292 4.803048867585435 32.0 
244 293 4.803048867585435 32.0 
244 294 4.803048867585435 32.0 
244 295 4.803048867585435 32.0 
244 296 4.803048867585435 32.0 
244 297 4.803048867585435 32.0 
244 298 4.803048867585435 32.0 
244 299 4.803048867585435 32.0 
244 300 4.803048867585435 32.0 
244 301 4.803048867585435 32.0 
244 302 4.803048867585435 32.0 
244 303 4.803048867585435 32.0 
244 304 4.803048867585435 32.0 
244 305 4.803048867585435 32.0 
244 306 4.803048867585435 32.0 
244 307 4.803048867585435 32.0 
244 308 4.803048867585435 32.0 
245 286 4.803048867585435 32.0 
245 287 4.803048867585435 32.0 
245 288 4.803048867585435 32.0 
245 289 4.803048867585435 32.0 
245 290 4.803048867585435 32.0 
245 291 4.803048867585435 32.0 
245 292 4.803048867585435 32.0 
245 293 4.803048867585435 32.0 
245 294 4.803048867585435 32.0 
245 295 4.803048867585435 32.0 
245 296 4.803048867585435 32.0 
245 297 4.803048867585435 32.0 
245 310 4.213042258704559 32.0 
245 311 4.213042258704559 32.0 
245 312 4.213042258704559 32.0 
246 310 4.213042258704559 32.0 
246 311 4.213042258704559 32.0 
246 312 4.213042258704559 32.0 
246 313 4.213042258704559 32.0 
247 312 4.213042258704559 32.0 
247 313 4.213042258704559 32.0 
247 314 4.213042258704559 32.0 
247 315 4.213042258704559 32.0 
248 314 4.213042258704559 32.0 
248 315 4.213042258704559 32.0 
248 316 4.213042258704559 32.0 
248 317 4.213042258704559 32.0 
249 316 4.213042258704559 32.0 
249 317 4.213042258704559 32.0 
249 318 4.213042258704559 32.0 
249 319 4.213042258704559 32.0 
250 318 4.213042258704559 32.0 
250 319 4.213042258704559 32.0 
250 320 4.213042258704559 32.0 
250 321 4.213042258704559 32.0 
251 319 4.213042258704559 32.0 
251 320 4.213042258704559 32.0 
283 319 2.414950312908068 32.0 
284 318 2.414950312908068 32.0 
284 319 2.414950312908068 32.0 
284 320 2.414950312908068 32.0 
285 317 2.414950312908068 32.0 
285 318 2.414950312908068 32.0 
285 319 2.414950312908068 32.0 
286 316 2.414950312908068 32.0 
286 317 2.414950312908068 32.0 
286 318 2.414950312908068 32.0 
287 316 2.414950312908068 32.0 
287 317 2.414950312908068 32.0 
288 315 2.414950312908068 32.0 
288 316 2.414950312908068 32.0 
289 314 2.414950312908068 32.0 
289 315 2.414950312908068 32.0 
289 316 2.414950312908068 32.0 
290 313 2.414950312908068 32.0 
290 314 2.414950312908068 32.0 
290 315 2.414950312908068 32.0 
291 312 2.414950312908068 32.0 
291 313 2.414950312908068 32.0 
291 314 2.414950312908068 32.0 
292 312 2.414950312908068 32.0 
292 313 2.414950312908068 32.0 
272.0 335.0 1.5707963267948966 4.71238898038469 36.0 
272.0 336.0 1.5707963267948966 4.71238898038469 36.0 
272.0 337.0 1.5707963267948966 4.71238898038469 36.0 
272.0 338.0 1.5707963267948966 4.71238898038469 36.0 
272.0 339.0 1.5707963267948966 4.71238898038469 36.0 
272.0 340.0 1.5707963267948966 4.71238898038469 36.0 
272.0 341.0 1.5707963267948966 4.71238898038469 36.0 
272.0 342.0 1.5707963267948966 4.71238898038469 36.0 
272.0 343.0 1.5707963267948966 4.71238898038469 36.0 
272.0 344.0 1.5707963267948966 4.71238898038469 36.0 
272.0 345.0 1.5707963267948966 4.71238898038469 36.0 
272.0 346.0 1.5707963267948966 4.71238898038469 36.0 
273.0 335.0 1.5707963267948966 4.71238898038469 36.0 
273.0 336.0 1.5707963267948966 4.71238898038469 36.0 
273.0 337.0 1.5707963267948966 4.71238898038469 36.0 
273.0 338.0 1.5707963267948966 4.71238898038469 36.0 
273.0 339.0 1.5707963267948966 4.71238898038469 36.0 
273.0 340.0 1.5707963267948966 4.71238898038469 36.0 
273.0 341.0 1.5707963267948966 4.71238898038469 36.0 
273.0 342.0 1.5707963267948966 4.71238898038469 36.0 
273.0 343.0 1.5707963267948966 4.71238898038469 36.0 
273.0 344.0 1.5707963267948966 4.71238898038469 36.0 
273.0 345.0 1.5707963267948966 4.71238898038469 36.0 
273.0 346.0 1.5707963267948966 4.71238898038469 36.0 
274.0 335.0 1.5707963267948966 4.71238898038469 36.0 
274.0 336.0 1.5707963267948966 4.71238898038469 36.0 
274.0 337.0 1.5707963267948966 4.71238898038469 36.0 
274.0 338.0 1.5707963267948966 4.71238898038469 36.0 
274.0 339.0 1.5707963267948966 4.71238898038469 36.0 
274.0 340.0 1.5707963267948966 4.71238898038469 36.0 
274.0 341.0 1.5707963267948966 4.71238898038469 36.0 
274.0 342.0 1.5707963267948966 4.71238898038469 36.0 
274.0 343.0 1.5707963267948966 4.71238898038469 36.0 
274.0 344.0 1.5707963267948966 4.71238898038469 36.0 
274.0 345.0 1.5707963267948966 4.71238898038469 36.0 
274.0 346.0 1.5707963267948966 4.71238898038469 36.0 
275.0 335.0 1.5707963267948966 4.71238898038469 36.0 
275.0 336.0 1.5707963267948966 4.71238898038469 36.0 
275.0 337.0 1.5707963267948966 4.71238898038469 36.0 
275.0 338.0 1.5707963267948966 4.71238898038469 36.0 
275.0 339.0 1.5707963267948966 4.71238898038469 36.0 
275.0 340.0 1.5707963267948966 4.71238898038469 36.0 
275.0 341.0 1.5707963267948966 4.71238898038469 36.0 
275.0 342.0 1.5707963267948966 4.71238898038469 36.0 
275.0 343.0 1.5707963267948966 4.71238898038469 36.0 
275.0 344.0 1.5707963267948966 4.71238898038469 36.0 
275.0 345.0 1.5707963267948966 4.71238898038469 36.0 
275.0 346.0 1.5707963267948966 4.71238898038469 36.0 
276.0 335.0 1.5707963267948966 4.71238898038469 36.0 
276.0 336.0 1.5707963267948966 4.71238898038469 36.0 
276.0 337.0 1.5707963267948966 4.71238898038469 36.0 
276.0 338.0 1.5707963267948966 4.71238898038469 36.0 
276.0 339.0 1.5707963267948966 4.71238898038469 36.0 
276.0 340.0 1.5707963267948966 4.71238898038469 36.0 
276.0 341.0 1.5707963267948966 4.71238898038469 36.0 
276.0 342.0 1.5707963267948966 4.71238898038469 36.0 
276.0 343.0 1.5707963267948966 4.71238898038469 36.0 
276.0 344.0 1.5707963267948966 4.71238898038469 36.0 
276.0 345.0 1.5707963267948966 4.71238898038469 36.0 
276.0 346.0 1.5707963267948966 4.71238898038469 36.0 
277.0 335.0 1.5707963267948966 4.71238898038469 36.0 
277.0 336.0 1.5707963267948966 4.71238898038469 36.0 
277.0 337.0 1.5707963267948966 4.71238898038469 36.0 
277.0 338.0 1.5707963267948966 4.71238898038469 36.0 
277.0 339.0 1.5707963267948966 4.71238898038469 36.0 
277.0 340.0 1.5707963267948966 4.71238898038469 36.0 
277.0 341.0 1.5707963267948966 4.71238898038469 36.0 
277.0 342.0 1.5707963267948966 4.71238898038469 36.0 
277.0 343.0 1.5707963267948966 4.71238898038469 36.0 
277.0 344.0 1.5707963267948966 4.71238898038469 36.0 
277.0 345.0 1.5707963267948966 4.71238898038469 36.0 
277.0 346.0 1.5707963267948966 4.71238898038469 36.0 
267 298 84.0 
267 299 84.0 
267 300 84.0 
267 301 84.0 
267 302 84.0 
268 298 84.0 
268 299 84.0 
268 300 84.0 
268 301 84.0 
268 302 84.0 
269 298 84.0 
269 299 84.0 
269 300 84.0 
269 301 84.0 
269 302 84.0 
270 298 84.0 
270 299 84.0 
270 300 84.0 
270 301 84.0 
270 302 84.0 
271 298 84.0 
271 299 84.0 
271 300 84.0 
271 301 84.0 
271 302 84.0 
