259.0 322.0 2.1150768117408765 5.25666946533067 56.0 
260.0 320.0 2.1150768117408765 5.25666946533067 56.0 
260.0 321.0 2.1150768117408765 5.25666946533067 56.0 
260.0 322.0 2.1150768117408765 5.25666946533067 56.0 
260.0 323.0 2.1150768117408765 5.25666946533067 56.0 
261.0 319.0 2.1150768117408765 5.25666946533067 56.0 
261.0 320.0 2.1150768117408765 5.25666946533067 56.0 
261.0 321.0 2.1150768117408765 5.25666946533067 56.0 
261.0 322.0 2.1150768117408765 5.25666946533067 56.0 
261.0 323.0 2.1150768117408765 5.25666946533067 56.0 
262.0 317.0 2.1150768117408765 5.25666946533067 56.0 
262.0 318.0 2.1150768117408765 5.25666946533067 56.0 
262.0 319.0 2.1150768117408765 5.25666946533067 56.0 
262.0 320.0 2.1150768117408765 5.25666946533067 56.0 
262.0 321.0 2.1150768117408765 5.25666946533067 56.0 
262.0 322.0 2.1150768117408765 5.25666946533067 56.0 
262.0 323.0 2.1150768117408765 5.25666946533067 56.0 
262.0 324.0 2.1150768117408765 5.25666946533067 56.0 
263.0 315.0 2.1150768117408765 5.25666946533067 56.0 
263.0 316.0 2.1150768117408765 5.25666946533067 56.0 
263.0 317.0 2.1150768117408765 5.25666946533067 56.0 
263.0 318.0 2.1150768117408765 5.25666946533067 56.0 
263.0 319.0 2.1150768117408765 5.25666946533067 56.0 
263.0 320.0 2.1150768117408765 5.25666946533067 56.0 
263.0 321.0 2.1150768117408765 5.25666946533067 56.0 
263.0 322.0 2.1150768117408765 5.25666946533067 56.0 
263.0 323.0 2.1150768117408765 5.25666946533067 56.0 
263.0 324.0 2.1150768117408765 5.25666946533067 56.0 
263.0 325.0 2.1150768117408765 5.25666946533067 56.0 
264.0 314.0 2.1150768117408765 5.25666946533067 56.0 
264.0 315.0 2.1150768117408765 5.25666946533067 56.0 
264.0 316.0 2.1150768117408765 5.25666946533067 56.0 
264.0 317.0 2.1150768117408765 5.25666946533067 56.0 
264.0 318.0 2.1150768117408765 5.25666946533067 56.0 
264.0 319.0 2.1150768117408765 5.25666946533067 56.0 
264.0 320.0 2.1150768117408765 5.25666946533067 56.0 
264.0 321.0 2.1150768117408765 5.25666946533067 56.0 
264.0 322.0 2.1150768117408765 5.25666946533067 56.0 
264.0 323.0 2.1150768117408765 5.25666946533067 56.0 
264.0 324.0 2.1150768117408765 5.25666946533067 56.0 
265.0 312.0 2.1150768117408765 5.25666946533067 56.0 
265.0 313.0 2.1150768117408765 5.25666946533067 56.0 
265.0 314.0 2.1150768117408765 5.25666946533067 56.0 
265.0 315.0 2.1150768117408765 5.25666946533067 56.0 
265.0 316.0 2.1150768117408765 5.25666946533067 56.0 
265.0 317.0 2.1150768117408765 5.25666946533067 56.0 
265.0 318.0 2.1150768117408765 5.25666946533067 56.0 
265.0 319.0 2.1150768117408765 5.25666946533067 56.0 
265.0 320.0 2.1150768117408765 5.25666946533067 56.0 
265.0 321.0 2.1150768117408765 5.25666946533067 56.0 
265.0 322.0 2.1150768117408765 5.25666946533067 56.0 
265.0 323.0 2.1150768117408765 5.25666946533067 56.0 
266.0 310.0 2.1150768117408765 5.25666946533067 56.0 
266.0 311.0 2.1150768117408765 5.25666946533067 56.0 
266.0 312.0 2.1150768117408765 5.25666946533067 56.0 
266.0 313.0 2.1150768117408765 5.25666946533067 56.0 
266.0 314.0 2.1150768117408765 5.25666946533067 56.0 
266.0 315.0 2.1150768117408765 5.25666946533067 56.0 
266.0 316.0 2.1150768117408765 5.25666946533067 56.0 
266.0 317.0 2.1150768117408765 5.25666946533067 56.0 
266.0 318.0 2.1150768117408765 5.25666946533067 56.0 
266.0 319.0 2.1150768117408765 5.25666946533067 56.0 
266.0 320.0 2.1150768117408765 5.25666946533067 56.0 
266.0 321.0 2.1150768117408765 5.25666946533067 56.0 
267.0 309.0 2.1150768117408765 5.25666946533067 56.0 
267.0 310.0 2.1150768117408765 5.25666946533067 56.0 
267.0 311.0 2.1150768117408765 5.25666946533067 56.0 
267.0 312.0 2.1150768117408765 5.25666946533067 56.0 
267.0 313.0 2.1150768117408765 5.25666946533067 56.0 
267.0 314.0 2.1150768117408765 5.25666946533067 56.0 
267.0 315.0 2.1150768117408765 5.25666946533067 56.0 
267.0 316.0 2.1150768117408765 5.25666946533067 56.0 
267.0 317.0 2.1150768117408765 5.25666946533067 56.0 
267.0 318.0 2.1150768117408765 5.25666946533067 56.0 
267.0 319.0 2.1150768117408765 5.25666946533067 56.0 
268.0 307.0 2.1150768117408765 5.25666946533067 56.0 
268.0 308.0 2.1150768117408765 5.25666946533067 56.0 
268.0 309.0 2.1150768117408765 5.25666946533067 56.0 
268.0 310.0 2.1150768117408765 5.25666946533067 56.0 
268.0 311.0 2.1150768117408765 5.25666946533067 56.0 
268.0 312.0 2.1150768117408765 5.25666946533067 56.0 
268.0 313.0 2.1150768117408765 5.25666946533067 56.0 
268.0 314.0 2.1150768117408765 5.25666946533067 56.0 
268.0 315.0 2.1150768117408765 5.25666946533067 56.0 
268.0 316.0 2.1150768117408765 5.25666946533067 56.0 
268.0 317.0 2.1150768117408765 5.25666946533067 56.0 
268.0 318.0 2.1150768117408765 5.25666946533067 56.0 
269.0 305.0 2.1150768117408765 5.25666946533067 56.0 
269.0 306.0 2.1150768117408765 5.25666946533067 56.0 
269.0 307.0 2.1150768117408765 5.25666946533067 56.0 
269.0 308.0 2.1150768117408765 5.25666946533067 56.0 
269.0 309.0 2.1150768117408765 5.25666946533067 56.0 
269.0 310.0 2.1150768117408765 5.25666946533067 56.0 
269.0 311.0 2.1150768117408765 5.25666946533067 56.0 
269.0 312.0 2.1150768117408765 5.25666946533067 56.0 
269.0 313.0 2.1150768117408765 5.25666946533067 56.0 
269.0 314.0 2.1150768117408765 5.25666946533067 56.0 
269.0 315.0 2.1150768117408765 5.25666946533067 56.0 
269.0 316.0 2.1150768117408765 5.25666946533067 56.0 
270.0 304.0 2.1150768117408765 5.25666946533067 56.0 
270.0 305.0 2.1150768117408765 5.25666946533067 56.0 
270.0 306.0 2.1150768117408765 5.25666946533067 56.0 
270.0 307.0 2.1150768117408765 5.25666946533067 56.0 
270.0 308.0 2.1150768117408765 5.25666946533067 56.0 
270.0 309.0 2.1150768117408765 5.25666946533067 56.0 
270.0 310.0 2.1150768117408765 5.25666946533067 56.0 
270.0 311.0 2.1150768117408765 5.25666946533067 56.0 
270.0 312.0 2.1150768117408765 5.25666946533067 56.0 
270.0 313.0 2.1150768117408765 5.25666946533067 56.0 
270.0 314.0 2.1150768117408765 5.25666946533067 56.0 
271.0 302.0 2.1150768117408765 5.25666946533067 56.0 
271.0 303.0 2.1150768117408765 5.25666946533067 56.0 
271.0 304.0 2.1150768117408765 5.25666946533067 56.0 
271.0 305.0 2.1150768117408765 5.25666946533067 56.0 
271.0 306.0 2.1150768117408765 5.25666946533067 56.0 
271.0 307.0 2.1150768117408765 5.25666946533067 56.0 
271.0 308.0 2.1150768117408765 5.25666946533067 56.0 
271.0 309.0 2.1150768117408765 5.25666946533067 56.0 
271.0 310.0 2.1150768117408765 5.25666946533067 56.0 
271.0 311.0 2.1150768117408765 5.25666946533067 56.0 
271.0 312.0 2.1150768117408765 5.25666946533067 56.0 
271.0 313.0 2.1150768117408765 5.25666946533067 56.0 
272.0 301.0 2.1150768117408765 5.25666946533067 56.0 
272.0 302.0 2.1150768117408765 5.25666946533067 56.0 
272.0 303.0 2.1150768117408765 5.25666946533067 56.0 
272.0 304.0 2.1150768117408765 5.25666946533067 56.0 
272.0 305.0 2.1150768117408765 5.25666946533067 56.0 
272.0 306.0 2.1150768117408765 5.25666946533067 56.0 
272.0 307.0 2.1150768117408765 5.25666946533067 56.0 
272.0 308.0 2.1150768117408765 5.25666946533067 56.0 
272.0 309.0 2.1150768117408765 5.25666946533067 56.0 
272.0 310.0 2.1150768117408765 5.25666946533067 56.0 
272.0 311.0 2.1150768117408765 5.25666946533067 56.0 
273.0 299.0 2.1150768117408765 5.25666946533067 56.0 
273.0 300.0 2.1150768117408765 5.25666946533067 56.0 
273.0 301.0 2.1150768117408765 5.25666946533067 56.0 
273.0 302.0 2.1150768117408765 5.25666946533067 56.0 
273.0 303.0 2.1150768117408765 5.25666946533067 56.0 
273.0 304.0 2.1150768117408765 5.25666946533067 56.0 
273.0 305.0 2.1150768117408765 5.25666946533067 56.0 
273.0 306.0 2.1150768117408765 5.25666946533067 56.0 
273.0 307.0 2.1150768117408765 5.25666946533067 56.0 
273.0 308.0 2.1150768117408765 5.25666946533067 56.0 
273.0 309.0 2.1150768117408765 5.25666946533067 56.0 
274.0 297.0 2.1150768117408765 5.25666946533067 56.0 
274.0 298.0 2.1150768117408765 5.25666946533067 56.0 
274.0 299.0 2.1150768117408765 5.25666946533067 56.0 
274.0 300.0 2.1150768117408765 5.25666946533067 56.0 
274.0 301.0 2.1150768117408765 5.25666946533067 56.0 
274.0 302.0 2.1150768117408765 5.25666946533067 56.0 
274.0 303.0 2.1150768117408765 5.25666946533067 56.0 
274.0 304.0 2.1150768117408765 5.25666946533067 56.0 
274.0 305.0 2.1150768117408765 5.25666946533067 56.0 
274.0 306.0 2.1150768117408765 5.25666946533067 56.0 
274.0 307.0 2.1150768117408765 5.25666946533067 56.0 
274.0 308.0 2.1150768117408765 5.25666946533067 56.0 
275.0 296.0 2.1150768117408765 5.25666946533067 56.0 
275.0 297.0 2.1150768117408765 5.25666946533067 56.0 
275.0 298.0 2.1150768117408765 5.25666946533067 56.0 
275.0 299.0 2.1150768117408765 5.25666946533067 56.0 
275.0 300.0 2.1150768117408765 5.25666946533067 56.0 
275.0 301.0 2.1150768117408765 5.25666946533067 56.0 
275.0 302.0 2.1150768117408765 5.25666946533067 56.0 
275.0 303.0 2.1150768117408765 5.25666946533067 56.0 
275.0 304.0 2.1150768117408765 5.25666946533067 56.0 
275.0 305.0 2.1150768117408765 5.25666946533067 56.0 
275.0 306.0 2.1150768117408765 5.25666946533067 56.0 
276.0 294.0 2.1150768117408765 5.25666946533067 56.0 
276.0 295.0 2.1150768117408765 5.25666946533067 56.0 
276.0 296.0 2.1150768117408765 5.25666946533067 56.0 
276.0 297.0 2.1150768117408765 5.25666946533067 56.0 
276.0 298.0 2.1150768117408765 5.25666946533067 56.0 
276.0 299.0 2.1150768117408765 5.25666946533067 56.0 
276.0 300.0 2.1150768117408765 5.25666946533067 56.0 
276.0 301.0 2.1150768117408765 5.25666946533067 56.0 
276.0 302.0 2.1150768117408765 5.25666946533067 56.0 
276.0 303.0 2.1150768117408765 5.25666946533067 56.0 
276.0 304.0 2.1150768117408765 5.25666946533067 56.0 
276.0 305.0 2.1150768117408765 5.25666946533067 56.0 
277.0 292.0 2.1150768117408765 5.25666946533067 56.0 
277.0 293.0 2.1150768117408765 5.25666946533067 56.0 
277.0 294.0 2.1150768117408765 5.25666946533067 56.0 
277.0 295.0 2.1150768117408765 5.25666946533067 56.0 
277.0 296.0 2.1150768117408765 5.25666946533067 56.0 
277.0 297.0 2.1150768117408765 5.25666946533067 56.0 
277.0 298.0 2.1150768117408765 5.25666946533067 56.0 
277.0 299.0 2.1150768117408765 5.25666946533067 56.0 
277.0 300.0 2.1150768117408765 5.25666946533067 56.0 
277.0 301.0 2.1150768117408765 5.25666946533067 56.0 
277.0 302.0 2.1150768117408765 5.25666946533067 56.0 
277.0 303.0 2.1150768117408765 5.25666946533067 56.0 
278.0 291.0 2.1150768117408765 5.25666946533067 56.0 
278.0 292.0 2.1150768117408765 5.25666946533067 56.0 
278.0 293.0 2.1150768117408765 5.25666946533067 56.0 
278.0 294.0 2.1150768117408765 5.25666946533067 56.0 
278.0 295.0 2.1150768117408765 5.25666946533067 56.0 
278.0 296.0 2.1150768117408765 5.25666946533067 56.0 
278.0 297.0 2.1150768117408765 5.25666946533067 56.0 
278.0 298.0 2.1150768117408765 5.25666946533067 56.0 
278.0 299.0 2.1150768117408765 5.25666946533067 56.0 
278.0 300.0 2.1150768117408765 5.25666946533067 56.0 
278.0 301.0 2.1150768117408765 5.25666946533067 56.0 
279.0 289.0 2.1150768117408765 5.25666946533067 56.0 
279.0 290.0 2.1150768117408765 5.25666946533067 56.0 
279.0 291.0 2.1150768117408765 5.25666946533067 56.0 
279.0 292.0 2.1150768117408765 5.25666946533067 56.0 
279.0 293.0 2.1150768117408765 5.25666946533067 56.0 
279.0 294.0 2.1150768117408765 5.25666946533067 56.0 
279.0 295.0 2.1150768117408765 5.25666946533067 56.0 
279.0 296.0 2.1150768117408765 5.25666946533067 56.0 
279.0 297.0 2.1150768117408765 5.25666946533067 56.0 
279.0 298.0 2.1150768117408765 5.25666946533067 56.0 
279.0 299.0 2.1150768117408765 5.25666946533067 56.0 
279.0 300.0 2.1150768117408765 5.25666946533067 56.0 
280.0 287.0 2.1150768117408765 5.25666946533067 56.0 
280.0 288.0 2.1150768117408765 5.25666946533067 56.0 
280.0 289.0 2.1150768117408765 5.25666946533067 56.0 
280.0 290.0 2.1150768117408765 5.25666946533067 56.0 
280.0 291.0 2.1150768117408765 5.25666946533067 56.0 
280.0 292.0 2.1150768117408765 5.25666946533067 56.0 
280.0 293.0 2.1150768117408765 5.25666946533067 56.0 
280.0 294.0 2.1150768117408765 5.25666946533067 56.0 
280.0 295.0 2.1150768117408765 5.25666946533067 56.0 
280.0 296.0 2.1150768117408765 5.25666946533067 56.0 
280.0 297.0 2.1150768117408765 5.25666946533067 56.0 
280.0 298.0 2.1150768117408765 5.25666946533067 56.0 
281.0 286.0 2.1150768117408765 5.25666946533067 56.0 
281.0 287.0 2.1150768117408765 5.25666946533067 56.0 
281.0 288.0 2.1150768117408765 5.25666946533067 56.0 
281.0 289.0 2.1150768117408765 5.25666946533067 56.0 
281.0 290.0 2.1150768117408765 5.25666946533067 56.0 
281.0 291.0 2.1150768117408765 5.25666946533067 56.0 
281.0 292.0 2.1150768117408765 5.25666946533067 56.0 
281.0 293.0 2.1150768117408765 5.25666946533067 56.0 
281.0 294.0 2.1150768117408765 5.25666946533067 56.0 
281.0 295.0 2.1150768117408765 5.25666946533067 56.0 
281.0 296.0 2.1150768117408765 5.25666946533067 56.0 
282.0 284.0 2.1150768117408765 5.25666946533067 56.0 
282.0 285.0 2.1150768117408765 5.25666946533067 56.0 
282.0 286.0 2.1150768117408765 5.25666946533067 56.0 
282.0 287.0 2.1150768117408765 5.25666946533067 56.0 
282.0 288.0 2.1150768117408765 5.25666946533067 56.0 
282.0 289.0 2.1150768117408765 5.25666946533067 56.0 
282.0 290.0 2.1150768117408765 5.25666946533067 56.0 
282.0 291.0 2.1150768117408765 5.25666946533067 56.0 
282.0 292.0 2.1150768117408765 5.25666946533067 56.0 
282.0 293.0 2.1150768117408765 5.25666946533067 56.0 
282.0 294.0 2.1150768117408765 5.25666946533067 56.0 
282.0 295.0 2.1150768117408765 5.25666946533067 56.0 
283.0 282.0 2.1150768117408765 5.25666946533067 56.0 
283.0 283.0 2.1150768117408765 5.25666946533067 56.0 
283.0 284.0 2.1150768117408765 5.25666946533067 56.0 
283.0 285.0 2.1150768117408765 5.25666946533067 56.0 
283.0 286.0 2.1150768117408765 5.25666946533067 56.0 
283.0 287.0 2.1150768117408765 5.25666946533067 56.0 
283.0 288.0 2.1150768117408765 5.25666946533067 56.0 
283.0 289.0 2.1150768117408765 5.25666946533067 56.0 
283.0 290.0 2.1150768117408765 5.25666946533067 56.0 
283.0 291.0 2.1150768117408765 5.25666946533067 56.0 
283.0 292.0 2.1150768117408765 5.25666946533067 56.0 
283.0 293.0 2.1150768117408765 5.25666946533067 56.0 
284.0 281.0 2.1150768117408765 5.25666946533067 56.0 
284.0 282.0 2.1150768117408765 5.25666946533067 56.0 
284.0 283.0 2.1150768117408765 5.25666946533067 56.0 
284.0 284.0 2.1150768117408765 5.25666946533067 56.0 
284.0 285.0 2.1150768117408765 5.25666946533067 56.0 
284.0 286.0 2.1150768117408765 5.25666946533067 56.0 
284.0 287.0 2.1150768117408765 5.25666946533067 56.0 
284.0 288.0 2.1150768117408765 5.25666946533067 56.0 
284.0 289.0 2.1150768117408765 5.25666946533067 56.0 
284.0 290.0 2.1150768117408765 5.25666946533067 56.0 
284.0 291.0 2.1150768117408765 5.25666946533067 56.0 
285.0 279.0 2.1150768117408765 5.25666946533067 56.0 
285.0 280.0 2.1150768117408765 5.25666946533067 56.0 
285.0 281.0 2.1150768117408765 5.25666946533067 56.0 
285.0 282.0 2.1150768117408765 5.25666946533067 56.0 
285.0 283.0 2.1150768117408765 5.25666946533067 56.0 
285.0 284.0 2.1150768117408765 5.25666946533067 56.0 
285.0 285.0 2.1150768117408765 5.25666946533067 56.0 
285.0 286.0 2.1150768117408765 5.25666946533067 56.0 
285.0 287.0 2.1150768117408765 5.25666946533067 56.0 
285.0 288.0 2.1150768117408765 5.25666946533067 56.0 
285.0 289.0 2.1150768117408765 5.25666946533067 56.0 
285.0 290.0 2.1150768117408765 5.25666946533067 56.0 
286.0 277.0 2.1150768117408765 5.25666946533067 56.0 
286.0 278.0 2.1150768117408765 5.25666946533067 56.0 
286.0 279.0 2.1150768117408765 5.25666946533067 56.0 
286.0 280.0 2.1150768117408765 5.25666946533067 56.0 
286.0 281.0 2.1150768117408765 5.25666946533067 56.0 
286.0 282.0 2.1150768117408765 5.25666946533067 56.0 
286.0 283.0 2.1150768117408765 5.25666946533067 56.0 
286.0 284.0 2.1150768117408765 5.25666946533067 56.0 
286.0 285.0 2.1150768117408765 5.25666946533067 56.0 
286.0 286.0 2.1150768117408765 5.25666946533067 56.0 
286.0 287.0 2.1150768117408765 5.25666946533067 56.0 
286.0 288.0 2.1150768117408765 5.25666946533067 56.0 
287.0 276.0 2.1150768117408765 5.25666946533067 56.0 
287.0 277.0 2.1150768117408765 5.25666946533067 56.0 
287.0 278.0 2.1150768117408765 5.25666946533067 56.0 
287.0 279.0 2.1150768117408765 5.25666946533067 56.0 
287.0 280.0 2.1150768117408765 5.25666946533067 56.0 
287.0 281.0 2.1150768117408765 5.25666946533067 56.0 
287.0 282.0 2.1150768117408765 5.25666946533067 56.0 
287.0 283.0 2.1150768117408765 5.25666946533067 56.0 
287.0 284.0 2.1150768117408765 5.25666946533067 56.0 
287.0 285.0 2.1150768117408765 5.25666946533067 56.0 
287.0 286.0 2.1150768117408765 5.25666946533067 56.0 
288.0 274.0 2.1150768117408765 5.25666946533067 56.0 
288.0 275.0 2.1150768117408765 5.25666946533067 56.0 
288.0 276.0 2.1150768117408765 5.25666946533067 56.0 
288.0 277.0 2.1150768117408765 5.25666946533067 56.0 
288.0 278.0 2.1150768117408765 5.25666946533067 56.0 
288.0 279.0 2.1150768117408765 5.25666946533067 56.0 
288.0 280.0 2.1150768117408765 5.25666946533067 56.0 
288.0 281.0 2.1150768117408765 5.25666946533067 56.0 
288.0 282.0 2.1150768117408765 5.25666946533067 56.0 
288.0 283.0 2.1150768117408765 5.25666946533067 56.0 
288.0 284.0 2.1150768117408765 5.25666946533067 56.0 
288.0 285.0 2.1150768117408765 5.25666946533067 56.0 
289.0 272.0 2.1150768117408765 5.25666946533067 56.0 
289.0 273.0 2.1150768117408765 5.25666946533067 56.0 
289.0 274.0 2.1150768117408765 5.25666946533067 56.0 
289.0 275.0 2.1150768117408765 5.25666946533067 56.0 
289.0 276.0 2.1150768117408765 5.25666946533067 56.0 
289.0 277.0 2.1150768117408765 5.25666946533067 56.0 
289.0 278.0 2.1150768117408765 5.25666946533067 56.0 
289.0 279.0 2.1150768117408765 5.25666946533067 56.0 
289.0 280.0 2.1150768117408765 5.25666946533067 56.0 
289.0 281.0 2.1150768117408765 5.25666946533067 56.0 
289.0 282.0 2.1150768117408765 5.25666946533067 56.0 
289.0 283.0 2.1150768117408765 5.25666946533067 56.0 
290.0 271.0 2.1150768117408765 5.25666946533067 56.0 
290.0 272.0 2.1150768117408765 5.25666946533067 56.0 
290.0 273.0 2.1150768117408765 5.25666946533067 56.0 
290.0 274.0 2.1150768117408765 5.25666946533067 56.0 
290.0 275.0 2.1150768117408765 5.25666946533067 56.0 
290.0 276.0 2.1150768117408765 5.25666946533067 56.0 
290.0 277.0 2.1150768117408765 5.25666946533067 56.0 
290.0 278.0 2.1150768117408765 5.25666946533067 56.0 
290.0 279.0 2.1150768117408765 5.25666946533067 56.0 
290.0 280.0 2.1150768117408765 5.25666946533067 56.0 
290.0 281.0 2.1150768117408765 5.25666946533067 56.0 
291.0 269.0 2.1150768117408765 5.25666946533067 56.0 
291.0 270.0 2.1150768117408765 5.25666946533067 56.0 
291.0 271.0 2.1150768117408765 5.25666946533067 56.0 
291.0 272.0 2.1150768117408765 5.25666946533067 56.0 
291.0 273.0 2.1150768117408765 5.25666946533067 56.0 
291.0 274.0 2.1150768117408765 5.25666946533067 56.0 
291.0 275.0 2.1150768117408765 5.25666946533067 56.0 
291.0 276.0 2.1150768117408765 5.25666946533067 56.0 
291.0 277.0 2.1150768117408765 5.25666946533067 56.0 
291.0 278.0 2.1150768117408765 5.25666946533067 56.0 
291.0 279.0 2.1150768117408765 5.25666946533067 56.0 
291.0 280.0 2.1150768117408765 5.25666946533067 56.0 
292.0 267.0 2.1150768117408765 5.25666946533067 56.0 
292.0 268.0 2.1150768117408765 5.25666946533067 56.0 
292.0 269.0 2.1150768117408765 5.25666946533067 56.0 
292.0 270.0 2.1150768117408765 5.25666946533067 56.0 
292.0 271.0 2.1150768117408765 5.25666946533067 56.0 
292.0 272.0 2.1150768117408765 5.25666946533067 56.0 
292.0 273.0 2.1150768117408765 5.25666946533067 56.0 
292.0 274.0 2.1150768117408765 5.25666946533067 56.0 
292.0 275.0 2.1150768117408765 5.25666946533067 56.0 
292.0 276.0 2.1150768117408765 5.25666946533067 56.0 
292.0 277.0 2.1150768117408765 5.25666946533067 56.0 
292.0 278.0 2.1150768117408765 5.25666946533067 56.0 
293.0 266.0 2.1150768117408765 5.25666946533067 56.0 
293.0 267.0 2.1150768117408765 5.25666946533067 56.0 
293.0 268.0 2.1150768117408765 5.25666946533067 56.0 
293.0 269.0 2.1150768117408765 5.25666946533067 56.0 
293.0 270.0 2.1150768117408765 5.25666946533067 56.0 
293.0 271.0 2.1150768117408765 5.25666946533067 56.0 
293.0 272.0 2.1150768117408765 5.25666946533067 56.0 
293.0 273.0 2.1150768117408765 5.25666946533067 56.0 
293.0 274.0 2.1150768117408765 5.25666946533067 56.0 
293.0 275.0 2.1150768117408765 5.25666946533067 56.0 
293.0 276.0 2.1150768117408765 5.25666946533067 56.0 
294.0 264.0 2.1150768117408765 5.25666946533067 56.0 
294.0 265.0 2.1150768117408765 5.25666946533067 56.0 
294.0 266.0 2.1150768117408765 5.25666946533067 56.0 
294.0 267.0 2.1150768117408765 5.25666946533067 56.0 
294.0 268.0 2.1150768117408765 5.25666946533067 56.0 
294.0 269.0 2.1150768117408765 5.25666946533067 56.0 
294.0 270.0 2.1150768117408765 5.25666946533067 56.0 
294.0 271.0 2.1150768117408765 5.25666946533067 56.0 
294.0 272.0 2.1150768117408765 5.25666946533067 56.0 
294.0 273.0 2.1150768117408765 5.25666946533067 56.0 
294.0 274.0 2.1150768117408765 5.25666946533067 56.0 
294.0 275.0 2.1150768117408765 5.25666946533067 56.0 
295.0 263.0 2.1150768117408765 5.25666946533067 56.0 
295.0 264.0 2.1150768117408765 5.25666946533067 56.0 
295.0 265.0 2.1150768117408765 5.25666946533067 56.0 
295.0 266.0 2.1150768117408765 5.25666946533067 56.0 
295.0 267.0 2.1150768117408765 5.25666946533067 56.0 
295.0 268.0 2.1150768117408765 5.25666946533067 56.0 
295.0 269.0 2.1150768117408765 5.25666946533067 56.0 
295.0 270.0 2.1150768117408765 5.25666946533067 56.0 
295.0 271.0 2.1150768117408765 5.25666946533067 56.0 
295.0 272.0 2.1150768117408765 5.25666946533067 56.0 
295.0 273.0 2.1150768117408765 5.25666946533067 56.0 
296.0 261.0 2.1150768117408765 5.25666946533067 56.0 
296.0 262.0 2.1150768117408765 5.25666946533067 56.0 
296.0 263.0 2.1150768117408765 5.25666946533067 56.0 
296.0 264.0 2.1150768117408765 5.25666946533067 56.0 
296.0 265.0 2.1150768117408765 5.25666946533067 56.0 
296.0 266.0 2.1150768117408765 5.25666946533067 56.0 
296.0 267.0 2.1150768117408765 5.25666946533067 56.0 
296.0 268.0 2.1150768117408765 5.25666946533067 56.0 
296.0 269.0 2.1150768117408765 5.25666946533067 56.0 
296.0 270.0 2.1150768117408765 5.25666946533067 56.0 
296.0 271.0 2.1150768117408765 5.25666946533067 56.0 
297.0 259.0 2.1150768117408765 5.25666946533067 56.0 
297.0 260.0 2.1150768117408765 5.25666946533067 56.0 
297.0 261.0 2.1150768117408765 5.25666946533067 56.0 
297.0 262.0 2.1150768117408765 5.25666946533067 56.0 
297.0 263.0 2.1150768117408765 5.25666946533067 56.0 
297.0 264.0 2.1150768117408765 5.25666946533067 56.0 
297.0 265.0 2.1150768117408765 5.25666946533067 56.0 
297.0 266.0 2.1150768117408765 5.25666946533067 56.0 
297.0 267.0 2.1150768117408765 5.25666946533067 56.0 
297.0 268.0 2.1150768117408765 5.25666946533067 56.0 
297.0 269.0 2.1150768117408765 5.25666946533067 56.0 
297.0 270.0 2.1150768117408765 5.25666946533067 56.0 
298.0 258.0 2.1150768117408765 5.25666946533067 56.0 
298.0 259.0 2.1150768117408765 5.25666946533067 56.0 
298.0 260.0 2.1150768117408765 5.25666946533067 56.0 
298.0 261.0 2.1150768117408765 5.25666946533067 56.0 
298.0 262.0 2.1150768117408765 5.25666946533067 56.0 
298.0 263.0 2.1150768117408765 5.25666946533067 56.0 
298.0 264.0 2.1150768117408765 5.25666946533067 56.0 
298.0 265.0 2.1150768117408765 5.25666946533067 56.0 
298.0 266.0 2.1150768117408765 5.25666946533067 56.0 
298.0 267.0 2.1150768117408765 5.25666946533067 56.0 
298.0 268.0 2.1150768117408765 5.25666946533067 56.0 
299.0 256.0 2.1150768117408765 5.25666946533067 56.0 
299.0 257.0 2.1150768117408765 5.25666946533067 56.0 
299.0 258.0 2.1150768117408765 5.25666946533067 56.0 
299.0 259.0 2.1150768117408765 5.25666946533067 56.0 
299.0 260.0 2.1150768117408765 5.25666946533067 56.0 
299.0 261.0 2.1150768117408765 5.25666946533067 56.0 
299.0 262.0 2.1150768117408765 5.25666946533067 56.0 
299.0 263.0 2.1150768117408765 5.25666946533067 56.0 
299.0 264.0 2.1150768117408765 5.25666946533067 56.0 
299.0 265.0 2.1150768117408765 5.25666946533067 56.0 
299.0 266.0 2.1150768117408765 5.25666946533067 56.0 
299.0 267.0 2.1150768117408765 5.25666946533067 56.0 
300.0 254.0 2.1150768117408765 5.25666946533067 56.0 
300.0 255.0 2.1150768117408765 5.25666946533067 56.0 
300.0 256.0 2.1150768117408765 5.25666946533067 56.0 
300.0 257.0 2.1150768117408765 5.25666946533067 56.0 
300.0 258.0 2.1150768117408765 5.25666946533067 56.0 
300.0 259.0 2.1150768117408765 5.25666946533067 56.0 
300.0 260.0 2.1150768117408765 5.25666946533067 56.0 
300.0 261.0 2.1150768117408765 5.25666946533067 56.0 
300.0 262.0 2.1150768117408765 5.25666946533067 56.0 
300.0 263.0 2.1150768117408765 5.25666946533067 56.0 
300.0 264.0 2.1150768117408765 5.25666946533067 56.0 
300.0 265.0 2.1150768117408765 5.25666946533067 56.0 
301.0 253.0 2.1150768117408765 5.25666946533067 56.0 
301.0 254.0 2.1150768117408765 5.25666946533067 56.0 
301.0 255.0 2.1150768117408765 5.25666946533067 56.0 
301.0 256.0 2.1150768117408765 5.25666946533067 56.0 
301.0 257.0 2.1150768117408765 5.25666946533067 56.0 
301.0 258.0 2.1150768117408765 5.25666946533067 56.0 
301.0 259.0 2.1150768117408765 5.25666946533067 56.0 
301.0 260.0 2.1150768117408765 5.25666946533067 56.0 
301.0 261.0 2.1150768117408765 5.25666946533067 56.0 
301.0 262.0 2.1150768117408765 5.25666946533067 56.0 
301.0 263.0 2.1150768117408765 5.25666946533067 56.0 
302.0 251.0 2.1150768117408765 5.25666946533067 56.0 
302.0 252.0 2.1150768117408765 5.25666946533067 56.0 
302.0 253.0 2.1150768117408765 5.25666946533067 56.0 
302.0 254.0 2.1150768117408765 5.25666946533067 56.0 
302.0 255.0 2.1150768117408765 5.25666946533067 56.0 
302.0 256.0 2.1150768117408765 5.25666946533067 56.0 
302.0 257.0 2.1150768117408765 5.25666946533067 56.0 
302.0 258.0 2.1150768117408765 5.25666946533067 56.0 
302.0 259.0 2.1150768117408765 5.25666946533067 56.0 
302.0 260.0 2.1150768117408765 5.25666946533067 56.0 
302.0 261.0 2.1150768117408765 5.25666946533067 56.0 
302.0 262.0 2.1150768117408765 5.25666946533067 56.0 
303.0 249.0 2.1150768117408765 5.25666946533067 56.0 
303.0 250.0 2.1150768117408765 5.25666946533067 56.0 
303.0 251.0 2.1150768117408765 5.25666946533067 56.0 
303.0 252.0 2.1150768117408765 5.25666946533067 56.0 
303.0 253.0 2.1150768117408765 5.25666946533067 56.0 
303.0 254.0 2.1150768117408765 5.25666946533067 56.0 
303.0 255.0 2.1150768117408765 5.25666946533067 56.0 
303.0 256.0 2.1150768117408765 5.25666946533067 56.0 
303.0 257.0 2.1150768117408765 5.25666946533067 56.0 
303.0 258.0 2.1150768117408765 5.25666946533067 56.0 
303.0 259.0 2.1150768117408765 5.25666946533067 56.0 
303.0 260.0 2.1150768117408765 5.25666946533067 56.0 
304.0 248.0 2.1150768117408765 5.25666946533067 56.0 
304.0 249.0 2.1150768117408765 5.25666946533067 56.0 
304.0 250.0 2.1150768117408765 5.25666946533067 56.0 
304.0 251.0 2.1150768117408765 5.25666946533067 56.0 
304.0 252.0 2.1150768117408765 5.25666946533067 56.0 
304.0 253.0 2.1150768117408765 5.25666946533067 56.0 
304.0 254.0 2.1150768117408765 5.25666946533067 56.0 
304.0 255.0 2.1150768117408765 5.25666946533067 56.0 
304.0 256.0 2.1150768117408765 5.25666946533067 56.0 
304.0 257.0 2.1150768117408765 5.25666946533067 56.0 
304.0 258.0 2.1150768117408765 5.25666946533067 56.0 
305.0 247.0 2.1150768117408765 5.25666946533067 56.0 
305.0 248.0 2.1150768117408765 5.25666946533067 56.0 
305.0 249.0 2.1150768117408765 5.25666946533067 56.0 
305.0 250.0 2.1150768117408765 5.25666946533067 56.0 
305.0 251.0 2.1150768117408765 5.25666946533067 56.0 
305.0 252.0 2.1150768117408765 5.25666946533067 56.0 
305.0 253.0 2.1150768117408765 5.25666946533067 56.0 
305.0 254.0 2.1150768117408765 5.25666946533067 56.0 
305.0 255.0 2.1150768117408765 5.25666946533067 56.0 
305.0 256.0 2.1150768117408765 5.25666946533067 56.0 
305.0 257.0 2.1150768117408765 5.25666946533067 56.0 
306.0 248.0 2.1150768117408765 5.25666946533067 56.0 
306.0 249.0 2.1150768117408765 5.25666946533067 56.0 
306.0 250.0 2.1150768117408765 5.25666946533067 56.0 
306.0 251.0 2.1150768117408765 5.25666946533067 56.0 
306.0 252.0 2.1150768117408765 5.25666946533067 56.0 
306.0 253.0 2.1150768117408765 5.25666946533067 56.0 
306.0 254.0 2.1150768117408765 5.25666946533067 56.0 
306.0 255.0 2.1150768117408765 5.25666946533067 56.0 
307.0 248.0 2.1150768117408765 5.25666946533067 56.0 
307.0 249.0 2.1150768117408765 5.25666946533067 56.0 
307.0 250.0 2.1150768117408765 5.25666946533067 56.0 
307.0 251.0 2.1150768117408765 5.25666946533067 56.0 
307.0 252.0 2.1150768117408765 5.25666946533067 56.0 
307.0 253.0 2.1150768117408765 5.25666946533067 56.0 
308.0 249.0 2.1150768117408765 5.25666946533067 56.0 
308.0 250.0 2.1150768117408765 5.25666946533067 56.0 
308.0 251.0 2.1150768117408765 5.25666946533067 56.0 
308.0 252.0 2.1150768117408765 5.25666946533067 56.0 
309.0 250.0 2.1150768117408765 5.25666946533067 56.0 
243.0 348.0 2.0831857871056347 5.224778440695427 68.0 
244.0 346.0 2.0831857871056347 5.224778440695427 68.0 
244.0 347.0 2.0831857871056347 5.224778440695427 68.0 
244.0 348.0 2.0831857871056347 5.224778440695427 68.0 
244.0 349.0 2.0831857871056347 5.224778440695427 68.0 
245.0 344.0 2.0831857871056347 5.224778440695427 68.0 
245.0 345.0 2.0831857871056347 5.224778440695427 68.0 
245.0 346.0 2.0831857871056347 5.224778440695427 68.0 
245.0 347.0 2.0831857871056347 5.224778440695427 68.0 
245.0 348.0 2.0831857871056347 5.224778440695427 68.0 
245.0 349.0 2.0831857871056347 5.224778440695427 68.0 
246.0 343.0 2.0831857871056347 5.224778440695427 68.0 
246.0 344.0 2.0831857871056347 5.224778440695427 68.0 
246.0 345.0 2.0831857871056347 5.224778440695427 68.0 
246.0 346.0 2.0831857871056347 5.224778440695427 68.0 
246.0 347.0 2.0831857871056347 5.224778440695427 68.0 
246.0 348.0 2.0831857871056347 5.224778440695427 68.0 
246.0 349.0 2.0831857871056347 5.224778440695427 68.0 
246.0 350.0 2.0831857871056347 5.224778440695427 68.0 
247.0 341.0 2.0831857871056347 5.224778440695427 68.0 
247.0 342.0 2.0831857871056347 5.224778440695427 68.0 
247.0 343.0 2.0831857871056347 5.224778440695427 68.0 
247.0 344.0 2.0831857871056347 5.224778440695427 68.0 
247.0 345.0 2.0831857871056347 5.224778440695427 68.0 
247.0 346.0 2.0831857871056347 5.224778440695427 68.0 
247.0 347.0 2.0831857871056347 5.224778440695427 68.0 
247.0 348.0 2.0831857871056347 5.224778440695427 68.0 
247.0 349.0 2.0831857871056347 5.224778440695427 68.0 
247.0 350.0 2.0831857871056347 5.224778440695427 68.0 
247.0 351.0 2.0831857871056347 5.224778440695427 68.0 
248.0 339.0 2.0831857871056347 5.224778440695427 68.0 
248.0 340.0 2.0831857871056347 5.224778440695427 68.0 
248.0 341.0 2.0831857871056347 5.224778440695427 68.0 
248.0 342.0 2.0831857871056347 5.224778440695427 68.0 
248.0 343.0 2.0831857871056347 5.224778440695427 68.0 
248.0 344.0 2.0831857871056347 5.224778440695427 68.0 
248.0 345.0 2.0831857871056347 5.224778440695427 68.0 
248.0 346.0 2.0831857871056347 5.224778440695427 68.0 
248.0 347.0 2.0831857871056347 5.224778440695427 68.0 
248.0 348.0 2.0831857871056347 5.224778440695427 68.0 
248.0 349.0 2.0831857871056347 5.224778440695427 68.0 
248.0 350.0 2.0831857871056347 5.224778440695427 68.0 
249.0 337.0 2.0831857871056347 5.224778440695427 68.0 
249.0 338.0 2.0831857871056347 5.224778440695427 68.0 
249.0 339.0 2.0831857871056347 5.224778440695427 68.0 
249.0 340.0 2.0831857871056347 5.224778440695427 68.0 
249.0 341.0 2.0831857871056347 5.224778440695427 68.0 
249.0 342.0 2.0831857871056347 5.224778440695427 68.0 
249.0 343.0 2.0831857871056347 5.224778440695427 68.0 
249.0 344.0 2.0831857871056347 5.224778440695427 68.0 
249.0 345.0 2.0831857871056347 5.224778440695427 68.0 
249.0 346.0 2.0831857871056347 5.224778440695427 68.0 
249.0 347.0 2.0831857871056347 5.224778440695427 68.0 
249.0 348.0 2.0831857871056347 5.224778440695427 68.0 
249.0 349.0 2.0831857871056347 5.224778440695427 68.0 
250.0 335.0 2.0831857871056347 5.224778440695427 68.0 
250.0 336.0 2.0831857871056347 5.224778440695427 68.0 
250.0 337.0 2.0831857871056347 5.224778440695427 68.0 
250.0 338.0 2.0831857871056347 5.224778440695427 68.0 
250.0 339.0 2.0831857871056347 5.224778440695427 68.0 
250.0 340.0 2.0831857871056347 5.224778440695427 68.0 
250.0 341.0 2.0831857871056347 5.224778440695427 68.0 
250.0 342.0 2.0831857871056347 5.224778440695427 68.0 
250.0 343.0 2.0831857871056347 5.224778440695427 68.0 
250.0 344.0 2.0831857871056347 5.224778440695427 68.0 
250.0 345.0 2.0831857871056347 5.224778440695427 68.0 
250.0 346.0 2.0831857871056347 5.224778440695427 68.0 
250.0 347.0 2.0831857871056347 5.224778440695427 68.0 
251.0 334.0 2.0831857871056347 5.224778440695427 68.0 
251.0 335.0 2.0831857871056347 5.224778440695427 68.0 
251.0 336.0 2.0831857871056347 5.224778440695427 68.0 
251.0 337.0 2.0831857871056347 5.224778440695427 68.0 
251.0 338.0 2.0831857871056347 5.224778440695427 68.0 
251.0 339.0 2.0831857871056347 5.224778440695427 68.0 
251.0 340.0 2.0831857871056347 5.224778440695427 68.0 
251.0 341.0 2.0831857871056347 5.224778440695427 68.0 
251.0 342.0 2.0831857871056347 5.224778440695427 68.0 
251.0 343.0 2.0831857871056347 5.224778440695427 68.0 
251.0 344.0 2.0831857871056347 5.224778440695427 68.0 
251.0 345.0 2.0831857871056347 5.224778440695427 68.0 
252.0 333.0 2.0831857871056347 5.224778440695427 68.0 
252.0 334.0 2.0831857871056347 5.224778440695427 68.0 
252.0 335.0 2.0831857871056347 5.224778440695427 68.0 
252.0 336.0 2.0831857871056347 5.224778440695427 68.0 
252.0 337.0 2.0831857871056347 5.224778440695427 68.0 
252.0 338.0 2.0831857871056347 5.224778440695427 68.0 
252.0 339.0 2.0831857871056347 5.224778440695427 68.0 
252.0 340.0 2.0831857871056347 5.224778440695427 68.0 
252.0 341.0 2.0831857871056347 5.224778440695427 68.0 
252.0 342.0 2.0831857871056347 5.224778440695427 68.0 
252.0 343.0 2.0831857871056347 5.224778440695427 68.0 
253.0 334.0 2.0831857871056347 5.224778440695427 68.0 
253.0 335.0 2.0831857871056347 5.224778440695427 68.0 
253.0 336.0 2.0831857871056347 5.224778440695427 68.0 
253.0 337.0 2.0831857871056347 5.224778440695427 68.0 
253.0 338.0 2.0831857871056347 5.224778440695427 68.0 
253.0 339.0 2.0831857871056347 5.224778440695427 68.0 
253.0 340.0 2.0831857871056347 5.224778440695427 68.0 
253.0 341.0 2.0831857871056347 5.224778440695427 68.0 
254.0 334.0 2.0831857871056347 5.224778440695427 68.0 
254.0 335.0 2.0831857871056347 5.224778440695427 68.0 
254.0 336.0 2.0831857871056347 5.224778440695427 68.0 
254.0 337.0 2.0831857871056347 5.224778440695427 68.0 
254.0 338.0 2.0831857871056347 5.224778440695427 68.0 
254.0 339.0 2.0831857871056347 5.224778440695427 68.0 
254.0 340.0 2.0831857871056347 5.224778440695427 68.0 
255.0 335.0 2.0831857871056347 5.224778440695427 68.0 
255.0 336.0 2.0831857871056347 5.224778440695427 68.0 
255.0 337.0 2.0831857871056347 5.224778440695427 68.0 
255.0 338.0 2.0831857871056347 5.224778440695427 68.0 
256.0 336.0 2.0831857871056347 5.224778440695427 68.0 
