307.0 253.0 1.5707963267948966 4.71238898038469 28.0 
307.0 254.0 1.5707963267948966 4.71238898038469 28.0 
307.0 255.0 1.5707963267948966 4.71238898038469 28.0 
307.0 256.0 1.5707963267948966 4.71238898038469 28.0 
307.0 257.0 1.5707963267948966 4.71238898038469 28.0 
307.0 258.0 1.5707963267948966 4.71238898038469 28.0 
307.0 259.0 1.5707963267948966 4.71238898038469 28.0 
307.0 260.0 1.5707963267948966 4.71238898038469 28.0 
307.0 261.0 1.5707963267948966 4.71238898038469 28.0 
307.0 262.0 1.5707963267948966 4.71238898038469 28.0 
307.0 263.0 1.5707963267948966 4.71238898038469 28.0 
307.0 264.0 1.5707963267948966 4.71238898038469 28.0 
307.0 265.0 1.5707963267948966 4.71238898038469 28.0 
307.0 266.0 1.5707963267948966 4.71238898038469 28.0 
308.0 253.0 1.5707963267948966 4.71238898038469 28.0 
308.0 254.0 1.5707963267948966 4.71238898038469 28.0 
308.0 255.0 1.5707963267948966 4.71238898038469 28.0 
308.0 256.0 1.5707963267948966 4.71238898038469 28.0 
308.0 257.0 1.5707963267948966 4.71238898038469 28.0 
308.0 258.0 1.5707963267948966 4.71238898038469 28.0 
308.0 259.0 1.5707963267948966 4.71238898038469 28.0 
308.0 260.0 1.5707963267948966 4.71238898038469 28.0 
308.0 261.0 1.5707963267948966 4.71238898038469 28.0 
308.0 262.0 1.5707963267948966 4.71238898038469 28.0 
308.0 263.0 1.5707963267948966 4.71238898038469 28.0 
308.0 264.0 1.5707963267948966 4.71238898038469 28.0 
308.0 265.0 1.5707963267948966 4.71238898038469 28.0 
308.0 266.0 1.5707963267948966 4.71238898038469 28.0 
309.0 253.0 1.5707963267948966 4.71238898038469 28.0 
309.0 254.0 1.5707963267948966 4.71238898038469 28.0 
309.0 255.0 1.5707963267948966 4.71238898038469 28.0 
309.0 256.0 1.5707963267948966 4.71238898038469 28.0 
309.0 257.0 1.5707963267948966 4.71238898038469 28.0 
309.0 258.0 1.5707963267948966 4.71238898038469 28.0 
309.0 259.0 1.5707963267948966 4.71238898038469 28.0 
309.0 260.0 1.5707963267948966 4.71238898038469 28.0 
309.0 261.0 1.5707963267948966 4.71238898038469 28.0 
309.0 262.0 1.5707963267948966 4.71238898038469 28.0 
309.0 263.0 1.5707963267948966 4.71238898038469 28.0 
309.0 264.0 1.5707963267948966 4.71238898038469 28.0 
309.0 265.0 1.5707963267948966 4.71238898038469 28.0 
309.0 266.0 1.5707963267948966 4.71238898038469 28.0 
310.0 253.0 1.5707963267948966 4.71238898038469 28.0 
310.0 254.0 1.5707963267948966 4.71238898038469 28.0 
310.0 255.0 1.5707963267948966 4.71238898038469 28.0 
310.0 256.0 1.5707963267948966 4.71238898038469 28.0 
310.0 257.0 1.5707963267948966 4.71238898038469 28.0 
310.0 258.0 1.5707963267948966 4.71238898038469 28.0 
310.0 259.0 1.5707963267948966 4.71238898038469 28.0 
310.0 260.0 1.5707963267948966 4.71238898038469 28.0 
310.0 261.0 1.5707963267948966 4.71238898038469 28.0 
310.0 262.0 1.5707963267948966 4.71238898038469 28.0 
310.0 263.0 1.5707963267948966 4.71238898038469 28.0 
310.0 264.0 1.5707963267948966 4.71238898038469 28.0 
310.0 265.0 1.5707963267948966 4.71238898038469 28.0 
310.0 266.0 1.5707963267948966 4.71238898038469 28.0 
311.0 253.0 1.5707963267948966 4.71238898038469 28.0 
311.0 254.0 1.5707963267948966 4.71238898038469 28.0 
311.0 255.0 1.5707963267948966 4.71238898038469 28.0 
311.0 256.0 1.5707963267948966 4.71238898038469 28.0 
311.0 257.0 1.5707963267948966 4.71238898038469 28.0 
311.0 258.0 1.5707963267948966 4.71238898038469 28.0 
311.0 259.0 1.5707963267948966 4.71238898038469 28.0 
311.0 260.0 1.5707963267948966 4.71238898038469 28.0 
311.0 261.0 1.5707963267948966 4.71238898038469 28.0 
311.0 262.0 1.5707963267948966 4.71238898038469 28.0 
311.0 263.0 1.5707963267948966 4.71238898038469 28.0 
311.0 264.0 1.5707963267948966 4.71238898038469 28.0 
311.0 265.0 1.5707963267948966 4.71238898038469 28.0 
311.0 266.0 1.5707963267948966 4.71238898038469 28.0 
302.0 315.0 1.6475682180646753 4.7891608716544685 24.0 
302.0 316.0 1.6475682180646753 4.7891608716544685 24.0 
302.0 317.0 1.6475682180646753 4.7891608716544685 24.0 
302.0 318.0 1.6475682180646753 4.7891608716544685 24.0 
302.0 319.0 1.6475682180646753 4.7891608716544685 24.0 
302.0 320.0 1.6475682180646753 4.7891608716544685 24.0 
303.0 302.0 1.6475682180646753 4.7891608716544685 24.0 
303.0 303.0 1.6475682180646753 4.7891608716544685 24.0 
303.0 304.0 1.6475682180646753 4.7891608716544685 24.0 
303.0 305.0 1.6475682180646753 4.7891608716544685 24.0 
303.0 306.0 1.6475682180646753 4.7891608716544685 24.0 
303.0 307.0 1.6475682180646753 4.7891608716544685 24.0 
303.0 308.0 1.6475682180646753 4.7891608716544685 24.0 
303.0 309.0 1.6475682180646753 4.7891608716544685 24.0 
303.0 310.0 1.6475682180646753 4.7891608716544685 24.0 
303.0 311.0 1.6475682180646753 4.7891608716544685 24.0 
303.0 312.0 1.6475682180646753 4.7891608716544685 24.0 
303.0 313.0 1.6475682180646753 4.7891608716544685 24.0 
303.0 314.0 1.6475682180646753 4.7891608716544685 24.0 
303.0 315.0 1.6475682180646753 4.7891608716544685 24.0 
303.0 316.0 1.6475682180646753 4.7891608716544685 24.0 
303.0 317.0 1.6475682180646753 4.7891608716544685 24.0 
303.0 318.0 1.6475682180646753 4.7891608716544685 24.0 
303.0 319.0 1.6475682180646753 4.7891608716544685 24.0 
303.0 320.0 1.6475682180646753 4.7891608716544685 24.0 
304.0 295.0 1.6475682180646753 4.7891608716544685 24.0 
304.0 296.0 1.6475682180646753 4.7891608716544685 24.0 
304.0 297.0 1.6475682180646753 4.7891608716544685 24.0 
304.0 298.0 1.6475682180646753 4.7891608716544685 24.0 
304.0 299.0 1.6475682180646753 4.7891608716544685 24.0 
304.0 300.0 1.6475682180646753 4.7891608716544685 24.0 
304.0 301.0 1.6475682180646753 4.7891608716544685 24.0 
304.0 302.0 1.6475682180646753 4.7891608716544685 24.0 
304.0 303.0 1.6475682180646753 4.7891608716544685 24.0 
304.0 304.0 1.6475682180646753 4.7891608716544685 24.0 
304.0 305.0 1.6475682180646753 4.7891608716544685 24.0 
304.0 306.0 1.6475682180646753 4.7891608716544685 24.0 
304.0 307.0 1.6475682180646753 4.7891608716544685 24.0 
304.0 308.0 1.6475682180646753 4.7891608716544685 24.0 
304.0 309.0 1.6475682180646753 4.7891608716544685 24.0 
304.0 310.0 1.6475682180646753 4.7891608716544685 24.0 
304.0 311.0 1.6475682180646753 4.7891608716544685 24.0 
304.0 312.0 1.6475682180646753 4.7891608716544685 24.0 
304.0 313.0 1.6475682180646753 4.7891608716544685 24.0 
304.0 314.0 1.6475682180646753 4.7891608716544685 24.0 
304.0 315.0 1.6475682180646753 4.7891608716544685 24.0 
304.0 316.0 1.6475682180646753 4.7891608716544685 24.0 
304.0 317.0 1.6475682180646753 4.7891608716544685 24.0 
304.0 318.0 1.6475682180646753 4.7891608716544685 24.0 
304.0 319.0 1.6475682180646753 4.7891608716544685 24.0 
304.0 320.0 1.6475682180646753 4.7891608716544685 24.0 
305.0 295.0 1.6475682180646753 4.7891608716544685 24.0 
305.0 296.0 1.6475682180646753 4.7891608716544685 24.0 
305.0 297.0 1.6475682180646753 4.7891608716544685 24.0 
305.0 298.0 1.6475682180646753 4.7891608716544685 24.0 
305.0 299.0 1.6475682180646753 4.7891608716544685 24.0 
305.0 300.0 1.6475682180646753 4.7891608716544685 24.0 
305.0 301.0 1.6475682180646753 4.7891608716544685 24.0 
305.0 302.0 1.6475682180646753 4.7891608716544685 24.0 
305.0 303.0 1.6475682180646753 4.7891608716544685 24.0 
305.0 304.0 1.6475682180646753 4.7891608716544685 24.0 
305.0 305.0 1.6475682180646753 4.7891608716544685 24.0 
305.0 306.0 1.6475682180646753 4.7891608716544685 24.0 
305.0 307.0 1.6475682180646753 4.7891608716544685 24.0 
305.0 308.0 1.6475682180646753 4.7891608716544685 24.0 
305.0 309.0 1.6475682180646753 4.7891608716544685 24.0 
305.0 310.0 1.6475682180646753 4.7891608716544685 24.0 
305.0 311.0 1.6475682180646753 4.7891608716544685 24.0 
305.0 312.0 1.6475682180646753 4.7891608716544685 24.0 
305.0 313.0 1.6475682180646753 4.7891608716544685 24.0 
305.0 314.0 1.6475682180646753 4.7891608716544685 24.0 
305.0 315.0 1.6475682180646753 4.7891608716544685 24.0 
305.0 316.0 1.6475682180646753 4.7891608716544685 24.0 
305.0 317.0 1.6475682180646753 4.7891608716544685 24.0 
305.0 318.0 1.6475682180646753 4.7891608716544685 24.0 
305.0 319.0 1.6475682180646753 4.7891608716544685 24.0 
305.0 320.0 1.6475682180646753 4.7891608716544685 24.0 
305.0 321.0 1.6475682180646753 4.7891608716544685 24.0 
306.0 295.0 1.6475682180646753 4.7891608716544685 24.0 
306.0 296.0 1.6475682180646753 4.7891608716544685 24.0 
306.0 297.0 1.6475682180646753 4.7891608716544685 24.0 
306.0 298.0 1.6475682180646753 4.7891608716544685 24.0 
306.0 299.0 1.6475682180646753 4.7891608716544685 24.0 
306.0 300.0 1.6475682180646753 4.7891608716544685 24.0 
306.0 301.0 1.6475682180646753 4.7891608716544685 24.0 
306.0 302.0 1.6475682180646753 4.7891608716544685 24.0 
306.0 303.0 1.6475682180646753 4.7891608716544685 24.0 
306.0 304.0 1.6475682180646753 4.7891608716544685 24.0 
306.0 305.0 1.6475682180646753 4.7891608716544685 24.0 
306.0 306.0 1.6475682180646753 4.7891608716544685 24.0 
306.0 307.0 1.6475682180646753 4.7891608716544685 24.0 
306.0 308.0 1.6475682180646753 4.7891608716544685 24.0 
306.0 309.0 1.6475682180646753 4.7891608716544685 24.0 
306.0 310.0 1.6475682180646753 4.7891608716544685 24.0 
306.0 311.0 1.6475682180646753 4.7891608716544685 24.0 
306.0 312.0 1.6475682180646753 4.7891608716544685 24.0 
306.0 313.0 1.6475682180646753 4.7891608716544685 24.0 
306.0 314.0 1.6475682180646753 4.7891608716544685 24.0 
306.0 315.0 1.6475682180646753 4.7891608716544685 24.0 
306.0 316.0 1.6475682180646753 4.7891608716544685 24.0 
306.0 317.0 1.6475682180646753 4.7891608716544685 24.0 
306.0 318.0 1.6475682180646753 4.7891608716544685 24.0 
306.0 319.0 1.6475682180646753 4.7891608716544685 24.0 
306.0 320.0 1.6475682180646753 4.7891608716544685 24.0 
306.0 321.0 1.6475682180646753 4.7891608716544685 24.0 
307.0 296.0 1.6475682180646753 4.7891608716544685 24.0 
307.0 297.0 1.6475682180646753 4.7891608716544685 24.0 
307.0 298.0 1.6475682180646753 4.7891608716544685 24.0 
307.0 299.0 1.6475682180646753 4.7891608716544685 24.0 
307.0 300.0 1.6475682180646753 4.7891608716544685 24.0 
307.0 301.0 1.6475682180646753 4.7891608716544685 24.0 
307.0 302.0 1.6475682180646753 4.7891608716544685 24.0 
307.0 303.0 1.6475682180646753 4.7891608716544685 24.0 
307.0 304.0 1.6475682180646753 4.7891608716544685 24.0 
307.0 305.0 1.6475682180646753 4.7891608716544685 24.0 
307.0 306.0 1.6475682180646753 4.7891608716544685 24.0 
307.0 307.0 1.6475682180646753 4.7891608716544685 24.0 
307.0 308.0 1.6475682180646753 4.7891608716544685 24.0 
307.0 309.0 1.6475682180646753 4.7891608716544685 24.0 
307.0 310.0 1.6475682180646753 4.7891608716544685 24.0 
307.0 311.0 1.6475682180646753 4.7891608716544685 24.0 
307.0 312.0 1.6475682180646753 4.7891608716544685 24.0 
307.0 313.0 1.6475682180646753 4.7891608716544685 24.0 
307.0 314.0 1.6475682180646753 4.7891608716544685 24.0 
308.0 296.0 1.6475682180646753 4.7891608716544685 24.0 
308.0 297.0 1.6475682180646753 4.7891608716544685 24.0 
308.0 298.0 1.6475682180646753 4.7891608716544685 24.0 
308.0 299.0 1.6475682180646753 4.7891608716544685 24.0 
308.0 300.0 1.6475682180646753 4.7891608716544685 24.0 
308.0 301.0 1.6475682180646753 4.7891608716544685 24.0 
275.0 260.0 3.141592653589793 0.0 20.0 
275.0 261.0 3.141592653589793 0.0 20.0 
276.0 260.0 3.141592653589793 0.0 20.0 
276.0 261.0 3.141592653589793 0.0 20.0 
277.0 260.0 3.141592653589793 0.0 20.0 
277.0 261.0 3.141592653589793 0.0 20.0 
278.0 260.0 3.141592653589793 0.0 20.0 
278.0 261.0 3.141592653589793 0.0 20.0 
279.0 260.0 3.141592653589793 0.0 20.0 
279.0 261.0 3.141592653589793 0.0 20.0 
280.0 260.0 3.141592653589793 0.0 20.0 
280.0 261.0 3.141592653589793 0.0 20.0 
281.0 260.0 3.141592653589793 0.0 20.0 
281.0 261.0 3.141592653589793 0.0 20.0 
282.0 260.0 3.141592653589793 0.0 20.0 
282.0 261.0 3.141592653589793 0.0 20.0 
283.0 260.0 3.141592653589793 0.0 20.0 
283.0 261.0 3.141592653589793 0.0 20.0 
284.0 260.0 3.141592653589793 0.0 20.0 
284.0 261.0 3.141592653589793 0.0 20.0 
285.0 260.0 3.141592653589793 0.0 20.0 
285.0 261.0 3.141592653589793 0.0 20.0 
286.0 260.0 3.141592653589793 0.0 20.0 
286.0 261.0 3.141592653589793 0.0 20.0 
259.0 261.0 2.8753406044388665 6.01693325802866 20.0 
260.0 261.0 2.8753406044388665 6.01693325802866 20.0 
260.0 262.0 2.8753406044388665 6.01693325802866 20.0 
261.0 261.0 2.8753406044388665 6.01693325802866 20.0 
261.0 262.0 2.8753406044388665 6.01693325802866 20.0 
262.0 261.0 2.8753406044388665 6.01693325802866 20.0 
262.0 262.0 2.8753406044388665 6.01693325802866 20.0 
263.0 260.0 2.8753406044388665 6.01693325802866 20.0 
263.0 261.0 2.8753406044388665 6.01693325802866 20.0 
264.0 260.0 2.8753406044388665 6.01693325802866 20.0 
264.0 261.0 2.8753406044388665 6.01693325802866 20.0 
265.0 260.0 2.8753406044388665 6.01693325802866 20.0 
265.0 261.0 2.8753406044388665 6.01693325802866 20.0 
266.0 260.0 2.8753406044388665 6.01693325802866 20.0 
266.0 261.0 2.8753406044388665 6.01693325802866 20.0 
267.0 259.0 2.8753406044388665 6.01693325802866 20.0 
267.0 260.0 2.8753406044388665 6.01693325802866 20.0 
268.0 259.0 2.8753406044388665 6.01693325802866 20.0 
268.0 260.0 2.8753406044388665 6.01693325802866 20.0 
269.0 259.0 2.8753406044388665 6.01693325802866 20.0 
269.0 260.0 2.8753406044388665 6.01693325802866 20.0 
270.0 259.0 2.8753406044388665 6.01693325802866 20.0 
270.0 260.0 2.8753406044388665 6.01693325802866 20.0 
249.0 276.0 2.158798930342464 5.3003915839322575 20.0 
250.0 274.0 2.158798930342464 5.3003915839322575 20.0 
250.0 275.0 2.158798930342464 5.3003915839322575 20.0 
250.0 276.0 2.158798930342464 5.3003915839322575 20.0 
250.0 277.0 2.158798930342464 5.3003915839322575 20.0 
251.0 273.0 2.158798930342464 5.3003915839322575 20.0 
251.0 274.0 2.158798930342464 5.3003915839322575 20.0 
251.0 275.0 2.158798930342464 5.3003915839322575 20.0 
252.0 271.0 2.158798930342464 5.3003915839322575 20.0 
252.0 272.0 2.158798930342464 5.3003915839322575 20.0 
252.0 273.0 2.158798930342464 5.3003915839322575 20.0 
252.0 274.0 2.158798930342464 5.3003915839322575 20.0 
253.0 270.0 2.158798930342464 5.3003915839322575 20.0 
253.0 271.0 2.158798930342464 5.3003915839322575 20.0 
253.0 272.0 2.158798930342464 5.3003915839322575 20.0 
254.0 268.0 2.158798930342464 5.3003915839322575 20.0 
254.0 269.0 2.158798930342464 5.3003915839322575 20.0 
254.0 270.0 2.158798930342464 5.3003915839322575 20.0 
254.0 271.0 2.158798930342464 5.3003915839322575 20.0 
255.0 267.0 2.158798930342464 5.3003915839322575 20.0 
255.0 268.0 2.158798930342464 5.3003915839322575 20.0 
255.0 269.0 2.158798930342464 5.3003915839322575 20.0 
256.0 265.0 2.158798930342464 5.3003915839322575 20.0 
256.0 266.0 2.158798930342464 5.3003915839322575 20.0 
256.0 267.0 2.158798930342464 5.3003915839322575 20.0 
256.0 268.0 2.158798930342464 5.3003915839322575 20.0 
257.0 264.0 2.158798930342464 5.3003915839322575 20.0 
257.0 265.0 2.158798930342464 5.3003915839322575 20.0 
257.0 266.0 2.158798930342464 5.3003915839322575 20.0 
258.0 262.0 2.158798930342464 5.3003915839322575 20.0 
258.0 263.0 2.158798930342464 5.3003915839322575 20.0 
258.0 264.0 2.158798930342464 5.3003915839322575 20.0 
258.0 265.0 2.158798930342464 5.3003915839322575 20.0 
259.0 262.0 2.158798930342464 5.3003915839322575 20.0 
259.0 263.0 2.158798930342464 5.3003915839322575 20.0 
248.0 281.0 1.6233793884058372 4.76497204199563 24.0 
248.0 282.0 1.6233793884058372 4.76497204199563 24.0 
248.0 283.0 1.6233793884058372 4.76497204199563 24.0 
248.0 284.0 1.6233793884058372 4.76497204199563 24.0 
248.0 285.0 1.6233793884058372 4.76497204199563 24.0 
248.0 286.0 1.6233793884058372 4.76497204199563 24.0 
248.0 287.0 1.6233793884058372 4.76497204199563 24.0 
248.0 288.0 1.6233793884058372 4.76497204199563 24.0 
248.0 289.0 1.6233793884058372 4.76497204199563 24.0 
248.0 290.0 1.6233793884058372 4.76497204199563 24.0 
248.0 291.0 1.6233793884058372 4.76497204199563 24.0 
248.0 292.0 1.6233793884058372 4.76497204199563 24.0 
248.0 293.0 1.6233793884058372 4.76497204199563 24.0 
248.0 294.0 1.6233793884058372 4.76497204199563 24.0 
248.0 295.0 1.6233793884058372 4.76497204199563 24.0 
248.0 296.0 1.6233793884058372 4.76497204199563 24.0 
248.0 297.0 1.6233793884058372 4.76497204199563 24.0 
248.0 298.0 1.6233793884058372 4.76497204199563 24.0 
248.0 299.0 1.6233793884058372 4.76497204199563 24.0 
249.0 281.0 1.6233793884058372 4.76497204199563 24.0 
249.0 282.0 1.6233793884058372 4.76497204199563 24.0 
249.0 283.0 1.6233793884058372 4.76497204199563 24.0 
249.0 284.0 1.6233793884058372 4.76497204199563 24.0 
249.0 285.0 1.6233793884058372 4.76497204199563 24.0 
249.0 286.0 1.6233793884058372 4.76497204199563 24.0 
249.0 287.0 1.6233793884058372 4.76497204199563 24.0 
249.0 288.0 1.6233793884058372 4.76497204199563 24.0 
249.0 289.0 1.6233793884058372 4.76497204199563 24.0 
249.0 290.0 1.6233793884058372 4.76497204199563 24.0 
249.0 291.0 1.6233793884058372 4.76497204199563 24.0 
249.0 292.0 1.6233793884058372 4.76497204199563 24.0 
249.0 293.0 1.6233793884058372 4.76497204199563 24.0 
249.0 294.0 1.6233793884058372 4.76497204199563 24.0 
249.0 295.0 1.6233793884058372 4.76497204199563 24.0 
249.0 296.0 1.6233793884058372 4.76497204199563 24.0 
249.0 297.0 1.6233793884058372 4.76497204199563 24.0 
249.0 298.0 1.6233793884058372 4.76497204199563 24.0 
249.0 299.0 1.6233793884058372 4.76497204199563 24.0 
249.0 300.0 1.6233793884058372 4.76497204199563 24.0 
250.0 302.0 4.373096365930643 1.2315037123408508 20.0 
250.0 303.0 4.373096365930643 1.2315037123408508 20.0 
250.0 304.0 4.373096365930643 1.2315037123408508 20.0 
250.0 305.0 4.373096365930643 1.2315037123408508 20.0 
251.0 302.0 4.373096365930643 1.2315037123408508 20.0 
251.0 303.0 4.373096365930643 1.2315037123408508 20.0 
251.0 304.0 4.373096365930643 1.2315037123408508 20.0 
251.0 305.0 4.373096365930643 1.2315037123408508 20.0 
251.0 306.0 4.373096365930643 1.2315037123408508 20.0 
251.0 307.0 4.373096365930643 1.2315037123408508 20.0 
252.0 305.0 4.373096365930643 1.2315037123408508 20.0 
252.0 306.0 4.373096365930643 1.2315037123408508 20.0 
252.0 307.0 4.373096365930643 1.2315037123408508 20.0 
252.0 308.0 4.373096365930643 1.2315037123408508 20.0 
252.0 309.0 4.373096365930643 1.2315037123408508 20.0 
252.0 310.0 4.373096365930643 1.2315037123408508 20.0 
253.0 308.0 4.373096365930643 1.2315037123408508 20.0 
253.0 309.0 4.373096365930643 1.2315037123408508 20.0 
253.0 310.0 4.373096365930643 1.2315037123408508 20.0 
253.0 311.0 4.373096365930643 1.2315037123408508 20.0 
253.0 312.0 4.373096365930643 1.2315037123408508 20.0 
253.0 313.0 4.373096365930643 1.2315037123408508 20.0 
254.0 311.0 4.373096365930643 1.2315037123408508 20.0 
254.0 312.0 4.373096365930643 1.2315037123408508 20.0 
254.0 313.0 4.373096365930643 1.2315037123408508 20.0 
254.0 314.0 4.373096365930643 1.2315037123408508 20.0 
254.0 315.0 4.373096365930643 1.2315037123408508 20.0 
254.0 316.0 4.373096365930643 1.2315037123408508 20.0 
255.0 314.0 4.373096365930643 1.2315037123408508 20.0 
255.0 315.0 4.373096365930643 1.2315037123408508 20.0 
255.0 316.0 4.373096365930643 1.2315037123408508 20.0 
255.0 317.0 4.373096365930643 1.2315037123408508 20.0 
255.0 318.0 4.373096365930643 1.2315037123408508 20.0 
255.0 319.0 4.373096365930643 1.2315037123408508 20.0 
256.0 316.0 4.373096365930643 1.2315037123408508 20.0 
256.0 317.0 4.373096365930643 1.2315037123408508 20.0 
256.0 318.0 4.373096365930643 1.2315037123408508 20.0 
255.0 322.0 3.402195045337133 0.2606023917473399 24.0 
255.0 323.0 3.402195045337133 0.2606023917473399 24.0 
256.0 322.0 3.402195045337133 0.2606023917473399 24.0 
256.0 323.0 3.402195045337133 0.2606023917473399 24.0 
257.0 322.0 3.402195045337133 0.2606023917473399 24.0 
257.0 323.0 3.402195045337133 0.2606023917473399 24.0 
258.0 322.0 3.402195045337133 0.2606023917473399 24.0 
258.0 323.0 3.402195045337133 0.2606023917473399 24.0 
259.0 323.0 3.402195045337133 0.2606023917473399 24.0 
259.0 324.0 3.402195045337133 0.2606023917473399 24.0 
260.0 323.0 3.402195045337133 0.2606023917473399 24.0 
260.0 324.0 3.402195045337133 0.2606023917473399 24.0 
261.0 323.0 3.402195045337133 0.2606023917473399 24.0 
261.0 324.0 3.402195045337133 0.2606023917473399 24.0 
262.0 323.0 3.402195045337133 0.2606023917473399 24.0 
262.0 324.0 3.402195045337133 0.2606023917473399 24.0 
263.0 324.0 3.402195045337133 0.2606023917473399 24.0 
263.0 325.0 3.402195045337133 0.2606023917473399 24.0 
264.0 324.0 3.402195045337133 0.2606023917473399 24.0 
264.0 325.0 3.402195045337133 0.2606023917473399 24.0 
265.0 324.0 3.402195045337133 0.2606023917473399 24.0 
265.0 325.0 3.402195045337133 0.2606023917473399 24.0 
266.0 324.0 3.402195045337133 0.2606023917473399 24.0 
266.0 325.0 3.402195045337133 0.2606023917473399 24.0 
267.0 325.0 3.402195045337133 0.2606023917473399 24.0 
267.0 326.0 3.402195045337133 0.2606023917473399 24.0 
268.0 325.0 3.402195045337133 0.2606023917473399 24.0 
268.0 326.0 3.402195045337133 0.2606023917473399 24.0 
269.0 325.0 3.402195045337133 0.2606023917473399 24.0 
269.0 326.0 3.402195045337133 0.2606023917473399 24.0 
270.0 325.0 3.402195045337133 0.2606023917473399 24.0 
279.0 234.0 3.141592653589793 0.0 20.0 
279.0 235.0 3.141592653589793 0.0 20.0 
280.0 234.0 3.141592653589793 0.0 20.0 
280.0 235.0 3.141592653589793 0.0 20.0 
281.0 234.0 3.141592653589793 0.0 20.0 
281.0 235.0 3.141592653589793 0.0 20.0 
282.0 234.0 3.141592653589793 0.0 20.0 
282.0 235.0 3.141592653589793 0.0 20.0 
283.0 234.0 3.141592653589793 0.0 20.0 
283.0 235.0 3.141592653589793 0.0 20.0 
284.0 234.0 3.141592653589793 0.0 20.0 
284.0 235.0 3.141592653589793 0.0 20.0 
285.0 234.0 3.141592653589793 0.0 20.0 
285.0 235.0 3.141592653589793 0.0 20.0 
286.0 234.0 3.141592653589793 0.0 20.0 
286.0 235.0 3.141592653589793 0.0 20.0 
287.0 234.0 3.141592653589793 0.0 20.0 
287.0 235.0 3.141592653589793 0.0 20.0 
288.0 234.0 3.141592653589793 0.0 20.0 
288.0 235.0 3.141592653589793 0.0 20.0 
289.0 234.0 3.141592653589793 0.0 20.0 
289.0 235.0 3.141592653589793 0.0 20.0 
290.0 234.0 3.141592653589793 0.0 20.0 
290.0 235.0 3.141592653589793 0.0 20.0 
291.0 234.0 3.141592653589793 0.0 20.0 
291.0 235.0 3.141592653589793 0.0 20.0 
292.0 234.0 3.141592653589793 0.0 20.0 
292.0 235.0 3.141592653589793 0.0 20.0 
293.0 234.0 3.141592653589793 0.0 20.0 
293.0 235.0 3.141592653589793 0.0 20.0 
294.0 234.0 3.141592653589793 0.0 20.0 
294.0 235.0 3.141592653589793 0.0 20.0 
265.0 385.0 2.0596486811226433 5.201241334712436 20.0 
265.0 386.0 2.0596486811226433 5.201241334712436 20.0 
266.0 383.0 2.0596486811226433 5.201241334712436 20.0 
266.0 384.0 2.0596486811226433 5.201241334712436 20.0 
266.0 385.0 2.0596486811226433 5.201241334712436 20.0 
266.0 386.0 2.0596486811226433 5.201241334712436 20.0 
266.0 387.0 2.0596486811226433 5.201241334712436 20.0 
267.0 382.0 2.0596486811226433 5.201241334712436 20.0 
267.0 383.0 2.0596486811226433 5.201241334712436 20.0 
267.0 384.0 2.0596486811226433 5.201241334712436 20.0 
267.0 385.0 2.0596486811226433 5.201241334712436 20.0 
268.0 380.0 2.0596486811226433 5.201241334712436 20.0 
268.0 381.0 2.0596486811226433 5.201241334712436 20.0 
268.0 382.0 2.0596486811226433 5.201241334712436 20.0 
268.0 383.0 2.0596486811226433 5.201241334712436 20.0 
269.0 378.0 2.0596486811226433 5.201241334712436 20.0 
269.0 379.0 2.0596486811226433 5.201241334712436 20.0 
269.0 380.0 2.0596486811226433 5.201241334712436 20.0 
269.0 381.0 2.0596486811226433 5.201241334712436 20.0 
270.0 376.0 2.0596486811226433 5.201241334712436 20.0 
270.0 377.0 2.0596486811226433 5.201241334712436 20.0 
270.0 378.0 2.0596486811226433 5.201241334712436 20.0 
270.0 379.0 2.0596486811226433 5.201241334712436 20.0 
271.0 374.0 2.0596486811226433 5.201241334712436 20.0 
271.0 375.0 2.0596486811226433 5.201241334712436 20.0 
271.0 376.0 2.0596486811226433 5.201241334712436 20.0 
271.0 377.0 2.0596486811226433 5.201241334712436 20.0 
272.0 372.0 2.0596486811226433 5.201241334712436 20.0 
272.0 373.0 2.0596486811226433 5.201241334712436 20.0 
272.0 374.0 2.0596486811226433 5.201241334712436 20.0 
272.0 375.0 2.0596486811226433 5.201241334712436 20.0 
273.0 370.0 2.0596486811226433 5.201241334712436 20.0 
273.0 371.0 2.0596486811226433 5.201241334712436 20.0 
273.0 372.0 2.0596486811226433 5.201241334712436 20.0 
273.0 373.0 2.0596486811226433 5.201241334712436 20.0 
273.0 374.0 2.0596486811226433 5.201241334712436 20.0 
274.0 368.0 2.0596486811226433 5.201241334712436 20.0 
274.0 369.0 2.0596486811226433 5.201241334712436 20.0 
274.0 370.0 2.0596486811226433 5.201241334712436 20.0 
274.0 371.0 2.0596486811226433 5.201241334712436 20.0 
274.0 372.0 2.0596486811226433 5.201241334712436 20.0 
275.0 367.0 2.0596486811226433 5.201241334712436 20.0 
275.0 368.0 2.0596486811226433 5.201241334712436 20.0 
275.0 369.0 2.0596486811226433 5.201241334712436 20.0 
275.0 370.0 2.0596486811226433 5.201241334712436 20.0 
276.0 365.0 2.0596486811226433 5.201241334712436 20.0 
276.0 366.0 2.0596486811226433 5.201241334712436 20.0 
276.0 367.0 2.0596486811226433 5.201241334712436 20.0 
276.0 368.0 2.0596486811226433 5.201241334712436 20.0 
277.0 363.0 2.0596486811226433 5.201241334712436 20.0 
277.0 364.0 2.0596486811226433 5.201241334712436 20.0 
277.0 365.0 2.0596486811226433 5.201241334712436 20.0 
277.0 366.0 2.0596486811226433 5.201241334712436 20.0 
278.0 361.0 2.0596486811226433 5.201241334712436 20.0 
278.0 362.0 2.0596486811226433 5.201241334712436 20.0 
278.0 363.0 2.0596486811226433 5.201241334712436 20.0 
278.0 364.0 2.0596486811226433 5.201241334712436 20.0 
279.0 359.0 2.0596486811226433 5.201241334712436 20.0 
279.0 360.0 2.0596486811226433 5.201241334712436 20.0 
279.0 361.0 2.0596486811226433 5.201241334712436 20.0 
279.0 362.0 2.0596486811226433 5.201241334712436 20.0 
280.0 357.0 2.0596486811226433 5.201241334712436 20.0 
280.0 358.0 2.0596486811226433 5.201241334712436 20.0 
280.0 359.0 2.0596486811226433 5.201241334712436 20.0 
280.0 360.0 2.0596486811226433 5.201241334712436 20.0 
281.0 355.0 2.0596486811226433 5.201241334712436 20.0 
281.0 356.0 2.0596486811226433 5.201241334712436 20.0 
281.0 357.0 2.0596486811226433 5.201241334712436 20.0 
281.0 358.0 2.0596486811226433 5.201241334712436 20.0 
281.0 359.0 2.0596486811226433 5.201241334712436 20.0 
282.0 353.0 2.0596486811226433 5.201241334712436 20.0 
282.0 354.0 2.0596486811226433 5.201241334712436 20.0 
282.0 355.0 2.0596486811226433 5.201241334712436 20.0 
282.0 356.0 2.0596486811226433 5.201241334712436 20.0 
282.0 357.0 2.0596486811226433 5.201241334712436 20.0 
283.0 352.0 2.0596486811226433 5.201241334712436 20.0 
283.0 353.0 2.0596486811226433 5.201241334712436 20.0 
283.0 354.0 2.0596486811226433 5.201241334712436 20.0 
283.0 355.0 2.0596486811226433 5.201241334712436 20.0 
284.0 350.0 2.0596486811226433 5.201241334712436 20.0 
284.0 351.0 2.0596486811226433 5.201241334712436 20.0 
284.0 352.0 2.0596486811226433 5.201241334712436 20.0 
284.0 353.0 2.0596486811226433 5.201241334712436 20.0 
285.0 348.0 2.0596486811226433 5.201241334712436 20.0 
285.0 349.0 2.0596486811226433 5.201241334712436 20.0 
285.0 350.0 2.0596486811226433 5.201241334712436 20.0 
285.0 351.0 2.0596486811226433 5.201241334712436 20.0 
286.0 346.0 2.0596486811226433 5.201241334712436 20.0 
286.0 347.0 2.0596486811226433 5.201241334712436 20.0 
286.0 348.0 2.0596486811226433 5.201241334712436 20.0 
286.0 349.0 2.0596486811226433 5.201241334712436 20.0 
287.0 344.0 2.0596486811226433 5.201241334712436 20.0 
287.0 345.0 2.0596486811226433 5.201241334712436 20.0 
287.0 346.0 2.0596486811226433 5.201241334712436 20.0 
287.0 347.0 2.0596486811226433 5.201241334712436 20.0 
288.0 342.0 2.0596486811226433 5.201241334712436 20.0 
288.0 343.0 2.0596486811226433 5.201241334712436 20.0 
288.0 344.0 2.0596486811226433 5.201241334712436 20.0 
288.0 345.0 2.0596486811226433 5.201241334712436 20.0 
289.0 340.0 2.0596486811226433 5.201241334712436 20.0 
289.0 341.0 2.0596486811226433 5.201241334712436 20.0 
289.0 342.0 2.0596486811226433 5.201241334712436 20.0 
289.0 343.0 2.0596486811226433 5.201241334712436 20.0 
289.0 344.0 2.0596486811226433 5.201241334712436 20.0 
290.0 340.0 2.0596486811226433 5.201241334712436 20.0 
290.0 341.0 2.0596486811226433 5.201241334712436 20.0 
290.0 342.0 2.0596486811226433 5.201241334712436 20.0 
