305.0 185.0 1.9100889412489412 5.051681594838734 20.0 
306.0 182.0 1.9100889412489412 5.051681594838734 20.0 
306.0 183.0 1.9100889412489412 5.051681594838734 20.0 
306.0 184.0 1.9100889412489412 5.051681594838734 20.0 
306.0 185.0 1.9100889412489412 5.051681594838734 20.0 
307.0 179.0 1.9100889412489412 5.051681594838734 20.0 
307.0 180.0 1.9100889412489412 5.051681594838734 20.0 
307.0 181.0 1.9100889412489412 5.051681594838734 20.0 
307.0 182.0 1.9100889412489412 5.051681594838734 20.0 
307.0 183.0 1.9100889412489412 5.051681594838734 20.0 
307.0 184.0 1.9100889412489412 5.051681594838734 20.0 
307.0 185.0 1.9100889412489412 5.051681594838734 20.0 
307.0 186.0 1.9100889412489412 5.051681594838734 20.0 
308.0 176.0 1.9100889412489412 5.051681594838734 20.0 
308.0 177.0 1.9100889412489412 5.051681594838734 20.0 
308.0 178.0 1.9100889412489412 5.051681594838734 20.0 
308.0 179.0 1.9100889412489412 5.051681594838734 20.0 
308.0 180.0 1.9100889412489412 5.051681594838734 20.0 
308.0 181.0 1.9100889412489412 5.051681594838734 20.0 
308.0 182.0 1.9100889412489412 5.051681594838734 20.0 
308.0 183.0 1.9100889412489412 5.051681594838734 20.0 
308.0 184.0 1.9100889412489412 5.051681594838734 20.0 
309.0 173.0 1.9100889412489412 5.051681594838734 20.0 
309.0 174.0 1.9100889412489412 5.051681594838734 20.0 
309.0 175.0 1.9100889412489412 5.051681594838734 20.0 
309.0 176.0 1.9100889412489412 5.051681594838734 20.0 
309.0 177.0 1.9100889412489412 5.051681594838734 20.0 
309.0 178.0 1.9100889412489412 5.051681594838734 20.0 
309.0 179.0 1.9100889412489412 5.051681594838734 20.0 
309.0 180.0 1.9100889412489412 5.051681594838734 20.0 
309.0 181.0 1.9100889412489412 5.051681594838734 20.0 
309.0 182.0 1.9100889412489412 5.051681594838734 20.0 
310.0 171.0 1.9100889412489412 5.051681594838734 20.0 
310.0 172.0 1.9100889412489412 5.051681594838734 20.0 
310.0 173.0 1.9100889412489412 5.051681594838734 20.0 
310.0 174.0 1.9100889412489412 5.051681594838734 20.0 
310.0 175.0 1.9100889412489412 5.051681594838734 20.0 
310.0 176.0 1.9100889412489412 5.051681594838734 20.0 
310.0 177.0 1.9100889412489412 5.051681594838734 20.0 
310.0 178.0 1.9100889412489412 5.051681594838734 20.0 
310.0 179.0 1.9100889412489412 5.051681594838734 20.0 
311.0 168.0 1.9100889412489412 5.051681594838734 20.0 
311.0 169.0 1.9100889412489412 5.051681594838734 20.0 
311.0 170.0 1.9100889412489412 5.051681594838734 20.0 
311.0 171.0 1.9100889412489412 5.051681594838734 20.0 
311.0 172.0 1.9100889412489412 5.051681594838734 20.0 
311.0 173.0 1.9100889412489412 5.051681594838734 20.0 
311.0 174.0 1.9100889412489412 5.051681594838734 20.0 
311.0 175.0 1.9100889412489412 5.051681594838734 20.0 
311.0 176.0 1.9100889412489412 5.051681594838734 20.0 
312.0 165.0 1.9100889412489412 5.051681594838734 20.0 
312.0 166.0 1.9100889412489412 5.051681594838734 20.0 
312.0 167.0 1.9100889412489412 5.051681594838734 20.0 
312.0 168.0 1.9100889412489412 5.051681594838734 20.0 
312.0 169.0 1.9100889412489412 5.051681594838734 20.0 
312.0 170.0 1.9100889412489412 5.051681594838734 20.0 
312.0 171.0 1.9100889412489412 5.051681594838734 20.0 
312.0 172.0 1.9100889412489412 5.051681594838734 20.0 
312.0 173.0 1.9100889412489412 5.051681594838734 20.0 
313.0 162.0 1.9100889412489412 5.051681594838734 20.0 
313.0 163.0 1.9100889412489412 5.051681594838734 20.0 
313.0 164.0 1.9100889412489412 5.051681594838734 20.0 
313.0 165.0 1.9100889412489412 5.051681594838734 20.0 
313.0 166.0 1.9100889412489412 5.051681594838734 20.0 
313.0 167.0 1.9100889412489412 5.051681594838734 20.0 
313.0 168.0 1.9100889412489412 5.051681594838734 20.0 
313.0 169.0 1.9100889412489412 5.051681594838734 20.0 
313.0 170.0 1.9100889412489412 5.051681594838734 20.0 
314.0 159.0 1.9100889412489412 5.051681594838734 20.0 
314.0 160.0 1.9100889412489412 5.051681594838734 20.0 
314.0 161.0 1.9100889412489412 5.051681594838734 20.0 
314.0 162.0 1.9100889412489412 5.051681594838734 20.0 
314.0 163.0 1.9100889412489412 5.051681594838734 20.0 
314.0 164.0 1.9100889412489412 5.051681594838734 20.0 
314.0 165.0 1.9100889412489412 5.051681594838734 20.0 
314.0 166.0 1.9100889412489412 5.051681594838734 20.0 
314.0 167.0 1.9100889412489412 5.051681594838734 20.0 
315.0 156.0 1.9100889412489412 5.051681594838734 20.0 
315.0 157.0 1.9100889412489412 5.051681594838734 20.0 
315.0 158.0 1.9100889412489412 5.051681594838734 20.0 
315.0 159.0 1.9100889412489412 5.051681594838734 20.0 
315.0 160.0 1.9100889412489412 5.051681594838734 20.0 
315.0 161.0 1.9100889412489412 5.051681594838734 20.0 
315.0 162.0 1.9100889412489412 5.051681594838734 20.0 
315.0 163.0 1.9100889412489412 5.051681594838734 20.0 
315.0 164.0 1.9100889412489412 5.051681594838734 20.0 
315.0 165.0 1.9100889412489412 5.051681594838734 20.0 
316.0 154.0 1.9100889412489412 5.051681594838734 20.0 
316.0 155.0 1.9100889412489412 5.051681594838734 20.0 
316.0 156.0 1.9100889412489412 5.051681594838734 20.0 
316.0 157.0 1.9100889412489412 5.051681594838734 20.0 
316.0 158.0 1.9100889412489412 5.051681594838734 20.0 
316.0 159.0 1.9100889412489412 5.051681594838734 20.0 
316.0 160.0 1.9100889412489412 5.051681594838734 20.0 
316.0 161.0 1.9100889412489412 5.051681594838734 20.0 
316.0 162.0 1.9100889412489412 5.051681594838734 20.0 
317.0 152.0 1.9100889412489412 5.051681594838734 20.0 
317.0 153.0 1.9100889412489412 5.051681594838734 20.0 
317.0 154.0 1.9100889412489412 5.051681594838734 20.0 
317.0 155.0 1.9100889412489412 5.051681594838734 20.0 
317.0 156.0 1.9100889412489412 5.051681594838734 20.0 
317.0 157.0 1.9100889412489412 5.051681594838734 20.0 
317.0 158.0 1.9100889412489412 5.051681594838734 20.0 
317.0 159.0 1.9100889412489412 5.051681594838734 20.0 
318.0 152.0 1.9100889412489412 5.051681594838734 20.0 
318.0 153.0 1.9100889412489412 5.051681594838734 20.0 
318.0 154.0 1.9100889412489412 5.051681594838734 20.0 
318.0 155.0 1.9100889412489412 5.051681594838734 20.0 
318.0 156.0 1.9100889412489412 5.051681594838734 20.0 
319.0 153.0 1.9100889412489412 5.051681594838734 20.0 
301.0 218.0 1.6814535479687922 4.823046201558585 24.0 
301.0 219.0 1.6814535479687922 4.823046201558585 24.0 
301.0 220.0 1.6814535479687922 4.823046201558585 24.0 
301.0 221.0 1.6814535479687922 4.823046201558585 24.0 
302.0 209.0 1.6814535479687922 4.823046201558585 24.0 
302.0 210.0 1.6814535479687922 4.823046201558585 24.0 
302.0 211.0 1.6814535479687922 4.823046201558585 24.0 
302.0 212.0 1.6814535479687922 4.823046201558585 24.0 
302.0 213.0 1.6814535479687922 4.823046201558585 24.0 
302.0 214.0 1.6814535479687922 4.823046201558585 24.0 
302.0 215.0 1.6814535479687922 4.823046201558585 24.0 
302.0 216.0 1.6814535479687922 4.823046201558585 24.0 
302.0 217.0 1.6814535479687922 4.823046201558585 24.0 
302.0 218.0 1.6814535479687922 4.823046201558585 24.0 
302.0 219.0 1.6814535479687922 4.823046201558585 24.0 
302.0 220.0 1.6814535479687922 4.823046201558585 24.0 
302.0 221.0 1.6814535479687922 4.823046201558585 24.0 
303.0 200.0 1.6814535479687922 4.823046201558585 24.0 
303.0 201.0 1.6814535479687922 4.823046201558585 24.0 
303.0 202.0 1.6814535479687922 4.823046201558585 24.0 
303.0 203.0 1.6814535479687922 4.823046201558585 24.0 
303.0 204.0 1.6814535479687922 4.823046201558585 24.0 
303.0 205.0 1.6814535479687922 4.823046201558585 24.0 
303.0 206.0 1.6814535479687922 4.823046201558585 24.0 
303.0 207.0 1.6814535479687922 4.823046201558585 24.0 
303.0 208.0 1.6814535479687922 4.823046201558585 24.0 
303.0 209.0 1.6814535479687922 4.823046201558585 24.0 
303.0 210.0 1.6814535479687922 4.823046201558585 24.0 
303.0 211.0 1.6814535479687922 4.823046201558585 24.0 
303.0 212.0 1.6814535479687922 4.823046201558585 24.0 
303.0 213.0 1.6814535479687922 4.823046201558585 24.0 
303.0 214.0 1.6814535479687922 4.823046201558585 24.0 
303.0 215.0 1.6814535479687922 4.823046201558585 24.0 
303.0 216.0 1.6814535479687922 4.823046201558585 24.0 
303.0 217.0 1.6814535479687922 4.823046201558585 24.0 
303.0 218.0 1.6814535479687922 4.823046201558585 24.0 
303.0 219.0 1.6814535479687922 4.823046201558585 24.0 
303.0 220.0 1.6814535479687922 4.823046201558585 24.0 
303.0 221.0 1.6814535479687922 4.823046201558585 24.0 
303.0 222.0 1.6814535479687922 4.823046201558585 24.0 
304.0 191.0 1.6814535479687922 4.823046201558585 24.0 
304.0 192.0 1.6814535479687922 4.823046201558585 24.0 
304.0 193.0 1.6814535479687922 4.823046201558585 24.0 
304.0 194.0 1.6814535479687922 4.823046201558585 24.0 
304.0 195.0 1.6814535479687922 4.823046201558585 24.0 
304.0 196.0 1.6814535479687922 4.823046201558585 24.0 
304.0 197.0 1.6814535479687922 4.823046201558585 24.0 
304.0 198.0 1.6814535479687922 4.823046201558585 24.0 
304.0 199.0 1.6814535479687922 4.823046201558585 24.0 
304.0 200.0 1.6814535479687922 4.823046201558585 24.0 
304.0 201.0 1.6814535479687922 4.823046201558585 24.0 
304.0 202.0 1.6814535479687922 4.823046201558585 24.0 
304.0 203.0 1.6814535479687922 4.823046201558585 24.0 
304.0 204.0 1.6814535479687922 4.823046201558585 24.0 
304.0 205.0 1.6814535479687922 4.823046201558585 24.0 
304.0 206.0 1.6814535479687922 4.823046201558585 24.0 
304.0 207.0 1.6814535479687922 4.823046201558585 24.0 
304.0 208.0 1.6814535479687922 4.823046201558585 24.0 
304.0 209.0 1.6814535479687922 4.823046201558585 24.0 
304.0 210.0 1.6814535479687922 4.823046201558585 24.0 
304.0 211.0 1.6814535479687922 4.823046201558585 24.0 
304.0 212.0 1.6814535479687922 4.823046201558585 24.0 
304.0 213.0 1.6814535479687922 4.823046201558585 24.0 
304.0 214.0 1.6814535479687922 4.823046201558585 24.0 
304.0 215.0 1.6814535479687922 4.823046201558585 24.0 
304.0 216.0 1.6814535479687922 4.823046201558585 24.0 
304.0 217.0 1.6814535479687922 4.823046201558585 24.0 
305.0 186.0 1.6814535479687922 4.823046201558585 24.0 
305.0 187.0 1.6814535479687922 4.823046201558585 24.0 
305.0 188.0 1.6814535479687922 4.823046201558585 24.0 
305.0 189.0 1.6814535479687922 4.823046201558585 24.0 
305.0 190.0 1.6814535479687922 4.823046201558585 24.0 
305.0 191.0 1.6814535479687922 4.823046201558585 24.0 
305.0 192.0 1.6814535479687922 4.823046201558585 24.0 
305.0 193.0 1.6814535479687922 4.823046201558585 24.0 
305.0 194.0 1.6814535479687922 4.823046201558585 24.0 
305.0 195.0 1.6814535479687922 4.823046201558585 24.0 
305.0 196.0 1.6814535479687922 4.823046201558585 24.0 
305.0 197.0 1.6814535479687922 4.823046201558585 24.0 
305.0 198.0 1.6814535479687922 4.823046201558585 24.0 
305.0 199.0 1.6814535479687922 4.823046201558585 24.0 
305.0 200.0 1.6814535479687922 4.823046201558585 24.0 
305.0 201.0 1.6814535479687922 4.823046201558585 24.0 
305.0 202.0 1.6814535479687922 4.823046201558585 24.0 
305.0 203.0 1.6814535479687922 4.823046201558585 24.0 
305.0 204.0 1.6814535479687922 4.823046201558585 24.0 
305.0 205.0 1.6814535479687922 4.823046201558585 24.0 
305.0 206.0 1.6814535479687922 4.823046201558585 24.0 
305.0 207.0 1.6814535479687922 4.823046201558585 24.0 
305.0 208.0 1.6814535479687922 4.823046201558585 24.0 
306.0 186.0 1.6814535479687922 4.823046201558585 24.0 
306.0 187.0 1.6814535479687922 4.823046201558585 24.0 
306.0 188.0 1.6814535479687922 4.823046201558585 24.0 
306.0 189.0 1.6814535479687922 4.823046201558585 24.0 
306.0 190.0 1.6814535479687922 4.823046201558585 24.0 
306.0 191.0 1.6814535479687922 4.823046201558585 24.0 
306.0 192.0 1.6814535479687922 4.823046201558585 24.0 
306.0 193.0 1.6814535479687922 4.823046201558585 24.0 
306.0 194.0 1.6814535479687922 4.823046201558585 24.0 
306.0 195.0 1.6814535479687922 4.823046201558585 24.0 
306.0 196.0 1.6814535479687922 4.823046201558585 24.0 
306.0 197.0 1.6814535479687922 4.823046201558585 24.0 
306.0 198.0 1.6814535479687922 4.823046201558585 24.0 
306.0 199.0 1.6814535479687922 4.823046201558585 24.0 
307.0 187.0 1.6814535479687922 4.823046201558585 24.0 
307.0 188.0 1.6814535479687922 4.823046201558585 24.0 
307.0 189.0 1.6814535479687922 4.823046201558585 24.0 
307.0 190.0 1.6814535479687922 4.823046201558585 24.0 
284.0 258.0 1.9890206563741255 5.130613309963919 24.0 
285.0 256.0 1.9890206563741255 5.130613309963919 24.0 
285.0 257.0 1.9890206563741255 5.130613309963919 24.0 
285.0 258.0 1.9890206563741255 5.130613309963919 24.0 
286.0 254.0 1.9890206563741255 5.130613309963919 24.0 
286.0 255.0 1.9890206563741255 5.130613309963919 24.0 
286.0 256.0 1.9890206563741255 5.130613309963919 24.0 
286.0 257.0 1.9890206563741255 5.130613309963919 24.0 
286.0 258.0 1.9890206563741255 5.130613309963919 24.0 
286.0 259.0 1.9890206563741255 5.130613309963919 24.0 
287.0 251.0 1.9890206563741255 5.130613309963919 24.0 
287.0 252.0 1.9890206563741255 5.130613309963919 24.0 
287.0 253.0 1.9890206563741255 5.130613309963919 24.0 
287.0 254.0 1.9890206563741255 5.130613309963919 24.0 
287.0 255.0 1.9890206563741255 5.130613309963919 24.0 
287.0 256.0 1.9890206563741255 5.130613309963919 24.0 
287.0 257.0 1.9890206563741255 5.130613309963919 24.0 
287.0 258.0 1.9890206563741255 5.130613309963919 24.0 
288.0 249.0 1.9890206563741255 5.130613309963919 24.0 
288.0 250.0 1.9890206563741255 5.130613309963919 24.0 
288.0 251.0 1.9890206563741255 5.130613309963919 24.0 
288.0 252.0 1.9890206563741255 5.130613309963919 24.0 
288.0 253.0 1.9890206563741255 5.130613309963919 24.0 
288.0 254.0 1.9890206563741255 5.130613309963919 24.0 
288.0 255.0 1.9890206563741255 5.130613309963919 24.0 
289.0 247.0 1.9890206563741255 5.130613309963919 24.0 
289.0 248.0 1.9890206563741255 5.130613309963919 24.0 
289.0 249.0 1.9890206563741255 5.130613309963919 24.0 
289.0 250.0 1.9890206563741255 5.130613309963919 24.0 
289.0 251.0 1.9890206563741255 5.130613309963919 24.0 
289.0 252.0 1.9890206563741255 5.130613309963919 24.0 
289.0 253.0 1.9890206563741255 5.130613309963919 24.0 
290.0 245.0 1.9890206563741255 5.130613309963919 24.0 
290.0 246.0 1.9890206563741255 5.130613309963919 24.0 
290.0 247.0 1.9890206563741255 5.130613309963919 24.0 
290.0 248.0 1.9890206563741255 5.130613309963919 24.0 
290.0 249.0 1.9890206563741255 5.130613309963919 24.0 
290.0 250.0 1.9890206563741255 5.130613309963919 24.0 
290.0 251.0 1.9890206563741255 5.130613309963919 24.0 
291.0 242.0 1.9890206563741255 5.130613309963919 24.0 
291.0 243.0 1.9890206563741255 5.130613309963919 24.0 
291.0 244.0 1.9890206563741255 5.130613309963919 24.0 
291.0 245.0 1.9890206563741255 5.130613309963919 24.0 
291.0 246.0 1.9890206563741255 5.130613309963919 24.0 
291.0 247.0 1.9890206563741255 5.130613309963919 24.0 
291.0 248.0 1.9890206563741255 5.130613309963919 24.0 
291.0 249.0 1.9890206563741255 5.130613309963919 24.0 
292.0 240.0 1.9890206563741255 5.130613309963919 24.0 
292.0 241.0 1.9890206563741255 5.130613309963919 24.0 
292.0 242.0 1.9890206563741255 5.130613309963919 24.0 
292.0 243.0 1.9890206563741255 5.130613309963919 24.0 
292.0 244.0 1.9890206563741255 5.130613309963919 24.0 
292.0 245.0 1.9890206563741255 5.130613309963919 24.0 
292.0 246.0 1.9890206563741255 5.130613309963919 24.0 
293.0 238.0 1.9890206563741255 5.130613309963919 24.0 
293.0 239.0 1.9890206563741255 5.130613309963919 24.0 
293.0 240.0 1.9890206563741255 5.130613309963919 24.0 
293.0 241.0 1.9890206563741255 5.130613309963919 24.0 
293.0 242.0 1.9890206563741255 5.130613309963919 24.0 
293.0 243.0 1.9890206563741255 5.130613309963919 24.0 
293.0 244.0 1.9890206563741255 5.130613309963919 24.0 
294.0 236.0 1.9890206563741255 5.130613309963919 24.0 
294.0 237.0 1.9890206563741255 5.130613309963919 24.0 
294.0 238.0 1.9890206563741255 5.130613309963919 24.0 
294.0 239.0 1.9890206563741255 5.130613309963919 24.0 
294.0 240.0 1.9890206563741255 5.130613309963919 24.0 
294.0 241.0 1.9890206563741255 5.130613309963919 24.0 
294.0 242.0 1.9890206563741255 5.130613309963919 24.0 
295.0 233.0 1.9890206563741255 5.130613309963919 24.0 
295.0 234.0 1.9890206563741255 5.130613309963919 24.0 
295.0 235.0 1.9890206563741255 5.130613309963919 24.0 
295.0 236.0 1.9890206563741255 5.130613309963919 24.0 
295.0 237.0 1.9890206563741255 5.130613309963919 24.0 
295.0 238.0 1.9890206563741255 5.130613309963919 24.0 
295.0 239.0 1.9890206563741255 5.130613309963919 24.0 
295.0 240.0 1.9890206563741255 5.130613309963919 24.0 
296.0 231.0 1.9890206563741255 5.130613309963919 24.0 
296.0 232.0 1.9890206563741255 5.130613309963919 24.0 
296.0 233.0 1.9890206563741255 5.130613309963919 24.0 
296.0 234.0 1.9890206563741255 5.130613309963919 24.0 
296.0 235.0 1.9890206563741255 5.130613309963919 24.0 
296.0 236.0 1.9890206563741255 5.130613309963919 24.0 
296.0 237.0 1.9890206563741255 5.130613309963919 24.0 
297.0 229.0 1.9890206563741255 5.130613309963919 24.0 
297.0 230.0 1.9890206563741255 5.130613309963919 24.0 
297.0 231.0 1.9890206563741255 5.130613309963919 24.0 
297.0 232.0 1.9890206563741255 5.130613309963919 24.0 
297.0 233.0 1.9890206563741255 5.130613309963919 24.0 
297.0 234.0 1.9890206563741255 5.130613309963919 24.0 
297.0 235.0 1.9890206563741255 5.130613309963919 24.0 
298.0 227.0 1.9890206563741255 5.130613309963919 24.0 
298.0 228.0 1.9890206563741255 5.130613309963919 24.0 
298.0 229.0 1.9890206563741255 5.130613309963919 24.0 
298.0 230.0 1.9890206563741255 5.130613309963919 24.0 
298.0 231.0 1.9890206563741255 5.130613309963919 24.0 
298.0 232.0 1.9890206563741255 5.130613309963919 24.0 
298.0 233.0 1.9890206563741255 5.130613309963919 24.0 
299.0 224.0 1.9890206563741255 5.130613309963919 24.0 
299.0 225.0 1.9890206563741255 5.130613309963919 24.0 
299.0 226.0 1.9890206563741255 5.130613309963919 24.0 
299.0 227.0 1.9890206563741255 5.130613309963919 24.0 
299.0 228.0 1.9890206563741255 5.130613309963919 24.0 
299.0 229.0 1.9890206563741255 5.130613309963919 24.0 
299.0 230.0 1.9890206563741255 5.130613309963919 24.0 
299.0 231.0 1.9890206563741255 5.130613309963919 24.0 
300.0 223.0 1.9890206563741255 5.130613309963919 24.0 
300.0 224.0 1.9890206563741255 5.130613309963919 24.0 
300.0 225.0 1.9890206563741255 5.130613309963919 24.0 
300.0 226.0 1.9890206563741255 5.130613309963919 24.0 
300.0 227.0 1.9890206563741255 5.130613309963919 24.0 
300.0 228.0 1.9890206563741255 5.130613309963919 24.0 
301.0 223.0 1.9890206563741255 5.130613309963919 24.0 
301.0 224.0 1.9890206563741255 5.130613309963919 24.0 
301.0 225.0 1.9890206563741255 5.130613309963919 24.0 
301.0 226.0 1.9890206563741255 5.130613309963919 24.0 
302.0 224.0 1.9890206563741255 5.130613309963919 24.0 
282.0 274.0 1.6814535479687935 4.823046201558586 28.0 
282.0 275.0 1.6814535479687935 4.823046201558586 28.0 
282.0 276.0 1.6814535479687935 4.823046201558586 28.0 
282.0 277.0 1.6814535479687935 4.823046201558586 28.0 
283.0 265.0 1.6814535479687935 4.823046201558586 28.0 
283.0 266.0 1.6814535479687935 4.823046201558586 28.0 
283.0 267.0 1.6814535479687935 4.823046201558586 28.0 
283.0 268.0 1.6814535479687935 4.823046201558586 28.0 
283.0 269.0 1.6814535479687935 4.823046201558586 28.0 
283.0 270.0 1.6814535479687935 4.823046201558586 28.0 
283.0 271.0 1.6814535479687935 4.823046201558586 28.0 
283.0 272.0 1.6814535479687935 4.823046201558586 28.0 
283.0 273.0 1.6814535479687935 4.823046201558586 28.0 
283.0 274.0 1.6814535479687935 4.823046201558586 28.0 
283.0 275.0 1.6814535479687935 4.823046201558586 28.0 
283.0 276.0 1.6814535479687935 4.823046201558586 28.0 
283.0 277.0 1.6814535479687935 4.823046201558586 28.0 
284.0 260.0 1.6814535479687935 4.823046201558586 28.0 
284.0 261.0 1.6814535479687935 4.823046201558586 28.0 
284.0 262.0 1.6814535479687935 4.823046201558586 28.0 
284.0 263.0 1.6814535479687935 4.823046201558586 28.0 
284.0 264.0 1.6814535479687935 4.823046201558586 28.0 
284.0 265.0 1.6814535479687935 4.823046201558586 28.0 
284.0 266.0 1.6814535479687935 4.823046201558586 28.0 
284.0 267.0 1.6814535479687935 4.823046201558586 28.0 
284.0 268.0 1.6814535479687935 4.823046201558586 28.0 
284.0 269.0 1.6814535479687935 4.823046201558586 28.0 
284.0 270.0 1.6814535479687935 4.823046201558586 28.0 
284.0 271.0 1.6814535479687935 4.823046201558586 28.0 
284.0 272.0 1.6814535479687935 4.823046201558586 28.0 
284.0 273.0 1.6814535479687935 4.823046201558586 28.0 
284.0 274.0 1.6814535479687935 4.823046201558586 28.0 
284.0 275.0 1.6814535479687935 4.823046201558586 28.0 
284.0 276.0 1.6814535479687935 4.823046201558586 28.0 
284.0 277.0 1.6814535479687935 4.823046201558586 28.0 
284.0 278.0 1.6814535479687935 4.823046201558586 28.0 
285.0 260.0 1.6814535479687935 4.823046201558586 28.0 
285.0 261.0 1.6814535479687935 4.823046201558586 28.0 
285.0 262.0 1.6814535479687935 4.823046201558586 28.0 
285.0 263.0 1.6814535479687935 4.823046201558586 28.0 
285.0 264.0 1.6814535479687935 4.823046201558586 28.0 
285.0 265.0 1.6814535479687935 4.823046201558586 28.0 
285.0 266.0 1.6814535479687935 4.823046201558586 28.0 
285.0 267.0 1.6814535479687935 4.823046201558586 28.0 
285.0 268.0 1.6814535479687935 4.823046201558586 28.0 
285.0 269.0 1.6814535479687935 4.823046201558586 28.0 
285.0 270.0 1.6814535479687935 4.823046201558586 28.0 
285.0 271.0 1.6814535479687935 4.823046201558586 28.0 
285.0 272.0 1.6814535479687935 4.823046201558586 28.0 
285.0 273.0 1.6814535479687935 4.823046201558586 28.0 
286.0 261.0 1.6814535479687935 4.823046201558586 28.0 
286.0 262.0 1.6814535479687935 4.823046201558586 28.0 
286.0 263.0 1.6814535479687935 4.823046201558586 28.0 
286.0 264.0 1.6814535479687935 4.823046201558586 28.0 
304 283 0.0 24.0 
304 284 0.0 24.0 
304 285 0.0 24.0 
304 286 0.0 24.0 
305 283 0.0 24.0 
305 284 0.0 24.0 
305 285 0.0 24.0 
305 286 0.0 24.0 
306 283 0.0 24.0 
306 284 0.0 24.0 
306 285 0.0 24.0 
306 286 0.0 24.0 
307 283 0.0 24.0 
307 284 0.0 24.0 
307 285 0.0 24.0 
307 286 0.0 24.0 
308 283 0.0 24.0 
308 284 0.0 24.0 
308 285 0.0 24.0 
308 286 0.0 24.0 
309 283 0.0 24.0 
309 284 0.0 24.0 
309 285 0.0 24.0 
309 286 0.0 24.0 
310 283 0.0 24.0 
310 284 0.0 24.0 
310 285 0.0 24.0 
310 286 0.0 24.0 
