208.0 361.0 2.6011731533192086 5.742765806909001 72.0 
209.0 360.0 2.6011731533192086 5.742765806909001 72.0 
209.0 361.0 2.6011731533192086 5.742765806909001 72.0 
209.0 362.0 2.6011731533192086 5.742765806909001 72.0 
210.0 359.0 2.6011731533192086 5.742765806909001 72.0 
210.0 360.0 2.6011731533192086 5.742765806909001 72.0 
210.0 361.0 2.6011731533192086 5.742765806909001 72.0 
210.0 362.0 2.6011731533192086 5.742765806909001 72.0 
210.0 363.0 2.6011731533192086 5.742765806909001 72.0 
210.0 364.0 2.6011731533192086 5.742765806909001 72.0 
211.0 359.0 2.6011731533192086 5.742765806909001 72.0 
211.0 360.0 2.6011731533192086 5.742765806909001 72.0 
211.0 361.0 2.6011731533192086 5.742765806909001 72.0 
211.0 362.0 2.6011731533192086 5.742765806909001 72.0 
211.0 363.0 2.6011731533192086 5.742765806909001 72.0 
211.0 364.0 2.6011731533192086 5.742765806909001 72.0 
211.0 365.0 2.6011731533192086 5.742765806909001 72.0 
212.0 358.0 2.6011731533192086 5.742765806909001 72.0 
212.0 359.0 2.6011731533192086 5.742765806909001 72.0 
212.0 360.0 2.6011731533192086 5.742765806909001 72.0 
212.0 361.0 2.6011731533192086 5.742765806909001 72.0 
212.0 362.0 2.6011731533192086 5.742765806909001 72.0 
212.0 363.0 2.6011731533192086 5.742765806909001 72.0 
212.0 364.0 2.6011731533192086 5.742765806909001 72.0 
213.0 358.0 2.6011731533192086 5.742765806909001 72.0 
213.0 359.0 2.6011731533192086 5.742765806909001 72.0 
213.0 360.0 2.6011731533192086 5.742765806909001 72.0 
213.0 361.0 2.6011731533192086 5.742765806909001 72.0 
213.0 362.0 2.6011731533192086 5.742765806909001 72.0 
213.0 363.0 2.6011731533192086 5.742765806909001 72.0 
213.0 364.0 2.6011731533192086 5.742765806909001 72.0 
214.0 357.0 2.6011731533192086 5.742765806909001 72.0 
214.0 358.0 2.6011731533192086 5.742765806909001 72.0 
214.0 359.0 2.6011731533192086 5.742765806909001 72.0 
214.0 360.0 2.6011731533192086 5.742765806909001 72.0 
214.0 361.0 2.6011731533192086 5.742765806909001 72.0 
214.0 362.0 2.6011731533192086 5.742765806909001 72.0 
214.0 363.0 2.6011731533192086 5.742765806909001 72.0 
215.0 356.0 2.6011731533192086 5.742765806909001 72.0 
215.0 357.0 2.6011731533192086 5.742765806909001 72.0 
215.0 358.0 2.6011731533192086 5.742765806909001 72.0 
215.0 359.0 2.6011731533192086 5.742765806909001 72.0 
215.0 360.0 2.6011731533192086 5.742765806909001 72.0 
215.0 361.0 2.6011731533192086 5.742765806909001 72.0 
215.0 362.0 2.6011731533192086 5.742765806909001 72.0 
216.0 356.0 2.6011731533192086 5.742765806909001 72.0 
216.0 357.0 2.6011731533192086 5.742765806909001 72.0 
216.0 358.0 2.6011731533192086 5.742765806909001 72.0 
216.0 359.0 2.6011731533192086 5.742765806909001 72.0 
216.0 360.0 2.6011731533192086 5.742765806909001 72.0 
216.0 361.0 2.6011731533192086 5.742765806909001 72.0 
216.0 362.0 2.6011731533192086 5.742765806909001 72.0 
217.0 355.0 2.6011731533192086 5.742765806909001 72.0 
217.0 356.0 2.6011731533192086 5.742765806909001 72.0 
217.0 357.0 2.6011731533192086 5.742765806909001 72.0 
217.0 358.0 2.6011731533192086 5.742765806909001 72.0 
217.0 359.0 2.6011731533192086 5.742765806909001 72.0 
217.0 360.0 2.6011731533192086 5.742765806909001 72.0 
217.0 361.0 2.6011731533192086 5.742765806909001 72.0 
218.0 355.0 2.6011731533192086 5.742765806909001 72.0 
218.0 356.0 2.6011731533192086 5.742765806909001 72.0 
218.0 357.0 2.6011731533192086 5.742765806909001 72.0 
218.0 358.0 2.6011731533192086 5.742765806909001 72.0 
218.0 359.0 2.6011731533192086 5.742765806909001 72.0 
218.0 360.0 2.6011731533192086 5.742765806909001 72.0 
218.0 361.0 2.6011731533192086 5.742765806909001 72.0 
219.0 354.0 2.6011731533192086 5.742765806909001 72.0 
219.0 355.0 2.6011731533192086 5.742765806909001 72.0 
219.0 356.0 2.6011731533192086 5.742765806909001 72.0 
219.0 357.0 2.6011731533192086 5.742765806909001 72.0 
219.0 358.0 2.6011731533192086 5.742765806909001 72.0 
219.0 359.0 2.6011731533192086 5.742765806909001 72.0 
219.0 360.0 2.6011731533192086 5.742765806909001 72.0 
220.0 353.0 2.6011731533192086 5.742765806909001 72.0 
220.0 354.0 2.6011731533192086 5.742765806909001 72.0 
220.0 355.0 2.6011731533192086 5.742765806909001 72.0 
220.0 356.0 2.6011731533192086 5.742765806909001 72.0 
220.0 357.0 2.6011731533192086 5.742765806909001 72.0 
220.0 358.0 2.6011731533192086 5.742765806909001 72.0 
220.0 359.0 2.6011731533192086 5.742765806909001 72.0 
221.0 353.0 2.6011731533192086 5.742765806909001 72.0 
221.0 354.0 2.6011731533192086 5.742765806909001 72.0 
221.0 355.0 2.6011731533192086 5.742765806909001 72.0 
221.0 356.0 2.6011731533192086 5.742765806909001 72.0 
221.0 357.0 2.6011731533192086 5.742765806909001 72.0 
221.0 358.0 2.6011731533192086 5.742765806909001 72.0 
221.0 359.0 2.6011731533192086 5.742765806909001 72.0 
222.0 352.0 2.6011731533192086 5.742765806909001 72.0 
222.0 353.0 2.6011731533192086 5.742765806909001 72.0 
222.0 354.0 2.6011731533192086 5.742765806909001 72.0 
222.0 355.0 2.6011731533192086 5.742765806909001 72.0 
222.0 356.0 2.6011731533192086 5.742765806909001 72.0 
222.0 357.0 2.6011731533192086 5.742765806909001 72.0 
222.0 358.0 2.6011731533192086 5.742765806909001 72.0 
223.0 352.0 2.6011731533192086 5.742765806909001 72.0 
223.0 353.0 2.6011731533192086 5.742765806909001 72.0 
223.0 354.0 2.6011731533192086 5.742765806909001 72.0 
223.0 355.0 2.6011731533192086 5.742765806909001 72.0 
223.0 356.0 2.6011731533192086 5.742765806909001 72.0 
223.0 357.0 2.6011731533192086 5.742765806909001 72.0 
223.0 358.0 2.6011731533192086 5.742765806909001 72.0 
224.0 351.0 2.6011731533192086 5.742765806909001 72.0 
224.0 352.0 2.6011731533192086 5.742765806909001 72.0 
224.0 353.0 2.6011731533192086 5.742765806909001 72.0 
224.0 354.0 2.6011731533192086 5.742765806909001 72.0 
224.0 355.0 2.6011731533192086 5.742765806909001 72.0 
224.0 356.0 2.6011731533192086 5.742765806909001 72.0 
224.0 357.0 2.6011731533192086 5.742765806909001 72.0 
225.0 350.0 2.6011731533192086 5.742765806909001 72.0 
225.0 351.0 2.6011731533192086 5.742765806909001 72.0 
225.0 352.0 2.6011731533192086 5.742765806909001 72.0 
225.0 353.0 2.6011731533192086 5.742765806909001 72.0 
225.0 354.0 2.6011731533192086 5.742765806909001 72.0 
225.0 355.0 2.6011731533192086 5.742765806909001 72.0 
225.0 356.0 2.6011731533192086 5.742765806909001 72.0 
226.0 350.0 2.6011731533192086 5.742765806909001 72.0 
226.0 351.0 2.6011731533192086 5.742765806909001 72.0 
226.0 352.0 2.6011731533192086 5.742765806909001 72.0 
226.0 353.0 2.6011731533192086 5.742765806909001 72.0 
226.0 354.0 2.6011731533192086 5.742765806909001 72.0 
226.0 355.0 2.6011731533192086 5.742765806909001 72.0 
226.0 356.0 2.6011731533192086 5.742765806909001 72.0 
227.0 349.0 2.6011731533192086 5.742765806909001 72.0 
227.0 350.0 2.6011731533192086 5.742765806909001 72.0 
227.0 351.0 2.6011731533192086 5.742765806909001 72.0 
227.0 352.0 2.6011731533192086 5.742765806909001 72.0 
227.0 353.0 2.6011731533192086 5.742765806909001 72.0 
227.0 354.0 2.6011731533192086 5.742765806909001 72.0 
227.0 355.0 2.6011731533192086 5.742765806909001 72.0 
228.0 349.0 2.6011731533192086 5.742765806909001 72.0 
228.0 350.0 2.6011731533192086 5.742765806909001 72.0 
228.0 351.0 2.6011731533192086 5.742765806909001 72.0 
228.0 352.0 2.6011731533192086 5.742765806909001 72.0 
228.0 353.0 2.6011731533192086 5.742765806909001 72.0 
228.0 354.0 2.6011731533192086 5.742765806909001 72.0 
228.0 355.0 2.6011731533192086 5.742765806909001 72.0 
229.0 348.0 2.6011731533192086 5.742765806909001 72.0 
229.0 349.0 2.6011731533192086 5.742765806909001 72.0 
229.0 350.0 2.6011731533192086 5.742765806909001 72.0 
229.0 351.0 2.6011731533192086 5.742765806909001 72.0 
229.0 352.0 2.6011731533192086 5.742765806909001 72.0 
229.0 353.0 2.6011731533192086 5.742765806909001 72.0 
229.0 354.0 2.6011731533192086 5.742765806909001 72.0 
230.0 347.0 2.6011731533192086 5.742765806909001 72.0 
230.0 348.0 2.6011731533192086 5.742765806909001 72.0 
230.0 349.0 2.6011731533192086 5.742765806909001 72.0 
230.0 350.0 2.6011731533192086 5.742765806909001 72.0 
230.0 351.0 2.6011731533192086 5.742765806909001 72.0 
230.0 352.0 2.6011731533192086 5.742765806909001 72.0 
230.0 353.0 2.6011731533192086 5.742765806909001 72.0 
231.0 347.0 2.6011731533192086 5.742765806909001 72.0 
231.0 348.0 2.6011731533192086 5.742765806909001 72.0 
231.0 349.0 2.6011731533192086 5.742765806909001 72.0 
231.0 350.0 2.6011731533192086 5.742765806909001 72.0 
231.0 351.0 2.6011731533192086 5.742765806909001 72.0 
231.0 352.0 2.6011731533192086 5.742765806909001 72.0 
231.0 353.0 2.6011731533192086 5.742765806909001 72.0 
232.0 346.0 2.6011731533192086 5.742765806909001 72.0 
232.0 347.0 2.6011731533192086 5.742765806909001 72.0 
232.0 348.0 2.6011731533192086 5.742765806909001 72.0 
232.0 349.0 2.6011731533192086 5.742765806909001 72.0 
232.0 350.0 2.6011731533192086 5.742765806909001 72.0 
232.0 351.0 2.6011731533192086 5.742765806909001 72.0 
232.0 352.0 2.6011731533192086 5.742765806909001 72.0 
233.0 346.0 2.6011731533192086 5.742765806909001 72.0 
233.0 347.0 2.6011731533192086 5.742765806909001 72.0 
233.0 348.0 2.6011731533192086 5.742765806909001 72.0 
233.0 349.0 2.6011731533192086 5.742765806909001 72.0 
233.0 350.0 2.6011731533192086 5.742765806909001 72.0 
233.0 351.0 2.6011731533192086 5.742765806909001 72.0 
233.0 352.0 2.6011731533192086 5.742765806909001 72.0 
234.0 345.0 2.6011731533192086 5.742765806909001 72.0 
234.0 346.0 2.6011731533192086 5.742765806909001 72.0 
234.0 347.0 2.6011731533192086 5.742765806909001 72.0 
234.0 348.0 2.6011731533192086 5.742765806909001 72.0 
234.0 349.0 2.6011731533192086 5.742765806909001 72.0 
234.0 350.0 2.6011731533192086 5.742765806909001 72.0 
234.0 351.0 2.6011731533192086 5.742765806909001 72.0 
235.0 344.0 2.6011731533192086 5.742765806909001 72.0 
235.0 345.0 2.6011731533192086 5.742765806909001 72.0 
235.0 346.0 2.6011731533192086 5.742765806909001 72.0 
235.0 347.0 2.6011731533192086 5.742765806909001 72.0 
235.0 348.0 2.6011731533192086 5.742765806909001 72.0 
235.0 349.0 2.6011731533192086 5.742765806909001 72.0 
235.0 350.0 2.6011731533192086 5.742765806909001 72.0 
236.0 344.0 2.6011731533192086 5.742765806909001 72.0 
236.0 345.0 2.6011731533192086 5.742765806909001 72.0 
236.0 346.0 2.6011731533192086 5.742765806909001 72.0 
236.0 347.0 2.6011731533192086 5.742765806909001 72.0 
236.0 348.0 2.6011731533192086 5.742765806909001 72.0 
236.0 349.0 2.6011731533192086 5.742765806909001 72.0 
236.0 350.0 2.6011731533192086 5.742765806909001 72.0 
237.0 343.0 2.6011731533192086 5.742765806909001 72.0 
237.0 344.0 2.6011731533192086 5.742765806909001 72.0 
237.0 345.0 2.6011731533192086 5.742765806909001 72.0 
237.0 346.0 2.6011731533192086 5.742765806909001 72.0 
237.0 347.0 2.6011731533192086 5.742765806909001 72.0 
237.0 348.0 2.6011731533192086 5.742765806909001 72.0 
237.0 349.0 2.6011731533192086 5.742765806909001 72.0 
238.0 343.0 2.6011731533192086 5.742765806909001 72.0 
238.0 344.0 2.6011731533192086 5.742765806909001 72.0 
238.0 345.0 2.6011731533192086 5.742765806909001 72.0 
238.0 346.0 2.6011731533192086 5.742765806909001 72.0 
238.0 347.0 2.6011731533192086 5.742765806909001 72.0 
238.0 348.0 2.6011731533192086 5.742765806909001 72.0 
238.0 349.0 2.6011731533192086 5.742765806909001 72.0 
239.0 342.0 2.6011731533192086 5.742765806909001 72.0 
239.0 343.0 2.6011731533192086 5.742765806909001 72.0 
239.0 344.0 2.6011731533192086 5.742765806909001 72.0 
239.0 345.0 2.6011731533192086 5.742765806909001 72.0 
239.0 346.0 2.6011731533192086 5.742765806909001 72.0 
239.0 347.0 2.6011731533192086 5.742765806909001 72.0 
239.0 348.0 2.6011731533192086 5.742765806909001 72.0 
240.0 341.0 2.6011731533192086 5.742765806909001 72.0 
240.0 342.0 2.6011731533192086 5.742765806909001 72.0 
240.0 343.0 2.6011731533192086 5.742765806909001 72.0 
240.0 344.0 2.6011731533192086 5.742765806909001 72.0 
240.0 345.0 2.6011731533192086 5.742765806909001 72.0 
240.0 346.0 2.6011731533192086 5.742765806909001 72.0 
240.0 347.0 2.6011731533192086 5.742765806909001 72.0 
241.0 341.0 2.6011731533192086 5.742765806909001 72.0 
241.0 342.0 2.6011731533192086 5.742765806909001 72.0 
241.0 343.0 2.6011731533192086 5.742765806909001 72.0 
241.0 344.0 2.6011731533192086 5.742765806909001 72.0 
241.0 345.0 2.6011731533192086 5.742765806909001 72.0 
241.0 346.0 2.6011731533192086 5.742765806909001 72.0 
241.0 347.0 2.6011731533192086 5.742765806909001 72.0 
242.0 340.0 2.6011731533192086 5.742765806909001 72.0 
242.0 341.0 2.6011731533192086 5.742765806909001 72.0 
242.0 342.0 2.6011731533192086 5.742765806909001 72.0 
242.0 343.0 2.6011731533192086 5.742765806909001 72.0 
242.0 344.0 2.6011731533192086 5.742765806909001 72.0 
242.0 345.0 2.6011731533192086 5.742765806909001 72.0 
242.0 346.0 2.6011731533192086 5.742765806909001 72.0 
243.0 340.0 2.6011731533192086 5.742765806909001 72.0 
243.0 341.0 2.6011731533192086 5.742765806909001 72.0 
243.0 342.0 2.6011731533192086 5.742765806909001 72.0 
243.0 343.0 2.6011731533192086 5.742765806909001 72.0 
243.0 344.0 2.6011731533192086 5.742765806909001 72.0 
243.0 345.0 2.6011731533192086 5.742765806909001 72.0 
243.0 346.0 2.6011731533192086 5.742765806909001 72.0 
244.0 339.0 2.6011731533192086 5.742765806909001 72.0 
244.0 340.0 2.6011731533192086 5.742765806909001 72.0 
244.0 341.0 2.6011731533192086 5.742765806909001 72.0 
244.0 342.0 2.6011731533192086 5.742765806909001 72.0 
244.0 343.0 2.6011731533192086 5.742765806909001 72.0 
244.0 344.0 2.6011731533192086 5.742765806909001 72.0 
244.0 345.0 2.6011731533192086 5.742765806909001 72.0 
245.0 338.0 2.6011731533192086 5.742765806909001 72.0 
245.0 339.0 2.6011731533192086 5.742765806909001 72.0 
245.0 340.0 2.6011731533192086 5.742765806909001 72.0 
245.0 341.0 2.6011731533192086 5.742765806909001 72.0 
245.0 342.0 2.6011731533192086 5.742765806909001 72.0 
245.0 343.0 2.6011731533192086 5.742765806909001 72.0 
245.0 344.0 2.6011731533192086 5.742765806909001 72.0 
246.0 338.0 2.6011731533192086 5.742765806909001 72.0 
246.0 339.0 2.6011731533192086 5.742765806909001 72.0 
246.0 340.0 2.6011731533192086 5.742765806909001 72.0 
246.0 341.0 2.6011731533192086 5.742765806909001 72.0 
246.0 342.0 2.6011731533192086 5.742765806909001 72.0 
246.0 343.0 2.6011731533192086 5.742765806909001 72.0 
246.0 344.0 2.6011731533192086 5.742765806909001 72.0 
247.0 337.0 2.6011731533192086 5.742765806909001 72.0 
247.0 338.0 2.6011731533192086 5.742765806909001 72.0 
247.0 339.0 2.6011731533192086 5.742765806909001 72.0 
247.0 340.0 2.6011731533192086 5.742765806909001 72.0 
247.0 341.0 2.6011731533192086 5.742765806909001 72.0 
247.0 342.0 2.6011731533192086 5.742765806909001 72.0 
247.0 343.0 2.6011731533192086 5.742765806909001 72.0 
248.0 338.0 2.6011731533192086 5.742765806909001 72.0 
248.0 339.0 2.6011731533192086 5.742765806909001 72.0 
248.0 340.0 2.6011731533192086 5.742765806909001 72.0 
248.0 341.0 2.6011731533192086 5.742765806909001 72.0 
248.0 342.0 2.6011731533192086 5.742765806909001 72.0 
248.0 343.0 2.6011731533192086 5.742765806909001 72.0 
249.0 339.0 2.6011731533192086 5.742765806909001 72.0 
249.0 340.0 2.6011731533192086 5.742765806909001 72.0 
249.0 341.0 2.6011731533192086 5.742765806909001 72.0 
249.0 342.0 2.6011731533192086 5.742765806909001 72.0 
250.0 341.0 2.6011731533192086 5.742765806909001 72.0 
265.0 322.0 1.9264322110956553 5.068024864685449 20.0 
265.0 323.0 1.9264322110956553 5.068024864685449 20.0 
266.0 319.0 1.9264322110956553 5.068024864685449 20.0 
266.0 320.0 1.9264322110956553 5.068024864685449 20.0 
266.0 321.0 1.9264322110956553 5.068024864685449 20.0 
266.0 322.0 1.9264322110956553 5.068024864685449 20.0 
266.0 323.0 1.9264322110956553 5.068024864685449 20.0 
266.0 324.0 1.9264322110956553 5.068024864685449 20.0 
267.0 316.0 1.9264322110956553 5.068024864685449 20.0 
267.0 317.0 1.9264322110956553 5.068024864685449 20.0 
267.0 318.0 1.9264322110956553 5.068024864685449 20.0 
267.0 319.0 1.9264322110956553 5.068024864685449 20.0 
267.0 320.0 1.9264322110956553 5.068024864685449 20.0 
267.0 321.0 1.9264322110956553 5.068024864685449 20.0 
268.0 314.0 1.9264322110956553 5.068024864685449 20.0 
268.0 315.0 1.9264322110956553 5.068024864685449 20.0 
268.0 316.0 1.9264322110956553 5.068024864685449 20.0 
268.0 317.0 1.9264322110956553 5.068024864685449 20.0 
268.0 318.0 1.9264322110956553 5.068024864685449 20.0 
269.0 311.0 1.9264322110956553 5.068024864685449 20.0 
269.0 312.0 1.9264322110956553 5.068024864685449 20.0 
269.0 313.0 1.9264322110956553 5.068024864685449 20.0 
269.0 314.0 1.9264322110956553 5.068024864685449 20.0 
269.0 315.0 1.9264322110956553 5.068024864685449 20.0 
269.0 316.0 1.9264322110956553 5.068024864685449 20.0 
270.0 308.0 1.9264322110956553 5.068024864685449 20.0 
270.0 309.0 1.9264322110956553 5.068024864685449 20.0 
270.0 310.0 1.9264322110956553 5.068024864685449 20.0 
270.0 311.0 1.9264322110956553 5.068024864685449 20.0 
270.0 312.0 1.9264322110956553 5.068024864685449 20.0 
270.0 313.0 1.9264322110956553 5.068024864685449 20.0 
271.0 305.0 1.9264322110956553 5.068024864685449 20.0 
271.0 306.0 1.9264322110956553 5.068024864685449 20.0 
271.0 307.0 1.9264322110956553 5.068024864685449 20.0 
271.0 308.0 1.9264322110956553 5.068024864685449 20.0 
271.0 309.0 1.9264322110956553 5.068024864685449 20.0 
271.0 310.0 1.9264322110956553 5.068024864685449 20.0 
272.0 303.0 1.9264322110956553 5.068024864685449 20.0 
272.0 304.0 1.9264322110956553 5.068024864685449 20.0 
272.0 305.0 1.9264322110956553 5.068024864685449 20.0 
272.0 306.0 1.9264322110956553 5.068024864685449 20.0 
272.0 307.0 1.9264322110956553 5.068024864685449 20.0 
272.0 308.0 1.9264322110956553 5.068024864685449 20.0 
273.0 300.0 1.9264322110956553 5.068024864685449 20.0 
273.0 301.0 1.9264322110956553 5.068024864685449 20.0 
273.0 302.0 1.9264322110956553 5.068024864685449 20.0 
273.0 303.0 1.9264322110956553 5.068024864685449 20.0 
273.0 304.0 1.9264322110956553 5.068024864685449 20.0 
273.0 305.0 1.9264322110956553 5.068024864685449 20.0 
274.0 297.0 1.9264322110956553 5.068024864685449 20.0 
274.0 298.0 1.9264322110956553 5.068024864685449 20.0 
274.0 299.0 1.9264322110956553 5.068024864685449 20.0 
274.0 300.0 1.9264322110956553 5.068024864685449 20.0 
274.0 301.0 1.9264322110956553 5.068024864685449 20.0 
274.0 302.0 1.9264322110956553 5.068024864685449 20.0 
275.0 295.0 1.9264322110956553 5.068024864685449 20.0 
275.0 296.0 1.9264322110956553 5.068024864685449 20.0 
275.0 297.0 1.9264322110956553 5.068024864685449 20.0 
275.0 298.0 1.9264322110956553 5.068024864685449 20.0 
275.0 299.0 1.9264322110956553 5.068024864685449 20.0 
276.0 292.0 1.9264322110956553 5.068024864685449 20.0 
276.0 293.0 1.9264322110956553 5.068024864685449 20.0 
276.0 294.0 1.9264322110956553 5.068024864685449 20.0 
276.0 295.0 1.9264322110956553 5.068024864685449 20.0 
276.0 296.0 1.9264322110956553 5.068024864685449 20.0 
276.0 297.0 1.9264322110956553 5.068024864685449 20.0 
277.0 289.0 1.9264322110956553 5.068024864685449 20.0 
277.0 290.0 1.9264322110956553 5.068024864685449 20.0 
277.0 291.0 1.9264322110956553 5.068024864685449 20.0 
277.0 292.0 1.9264322110956553 5.068024864685449 20.0 
277.0 293.0 1.9264322110956553 5.068024864685449 20.0 
277.0 294.0 1.9264322110956553 5.068024864685449 20.0 
278.0 289.0 1.9264322110956553 5.068024864685449 20.0 
278.0 290.0 1.9264322110956553 5.068024864685449 20.0 
278.0 291.0 1.9264322110956553 5.068024864685449 20.0 
