258.0 270.0 3.00904112129312 6.1506337748829125 28.0 
258.0 271.0 3.00904112129312 6.1506337748829125 28.0 
259.0 270.0 3.00904112129312 6.1506337748829125 28.0 
259.0 271.0 3.00904112129312 6.1506337748829125 28.0 
259.0 272.0 3.00904112129312 6.1506337748829125 28.0 
259.0 273.0 3.00904112129312 6.1506337748829125 28.0 
259.0 274.0 3.00904112129312 6.1506337748829125 28.0 
260.0 270.0 3.00904112129312 6.1506337748829125 28.0 
260.0 271.0 3.00904112129312 6.1506337748829125 28.0 
260.0 272.0 3.00904112129312 6.1506337748829125 28.0 
260.0 273.0 3.00904112129312 6.1506337748829125 28.0 
260.0 274.0 3.00904112129312 6.1506337748829125 28.0 
261.0 270.0 3.00904112129312 6.1506337748829125 28.0 
261.0 271.0 3.00904112129312 6.1506337748829125 28.0 
261.0 272.0 3.00904112129312 6.1506337748829125 28.0 
261.0 273.0 3.00904112129312 6.1506337748829125 28.0 
261.0 274.0 3.00904112129312 6.1506337748829125 28.0 
262.0 269.0 3.00904112129312 6.1506337748829125 28.0 
262.0 270.0 3.00904112129312 6.1506337748829125 28.0 
262.0 271.0 3.00904112129312 6.1506337748829125 28.0 
262.0 272.0 3.00904112129312 6.1506337748829125 28.0 
262.0 273.0 3.00904112129312 6.1506337748829125 28.0 
263.0 269.0 3.00904112129312 6.1506337748829125 28.0 
263.0 270.0 3.00904112129312 6.1506337748829125 28.0 
263.0 271.0 3.00904112129312 6.1506337748829125 28.0 
263.0 272.0 3.00904112129312 6.1506337748829125 28.0 
263.0 273.0 3.00904112129312 6.1506337748829125 28.0 
264.0 269.0 3.00904112129312 6.1506337748829125 28.0 
264.0 270.0 3.00904112129312 6.1506337748829125 28.0 
264.0 271.0 3.00904112129312 6.1506337748829125 28.0 
264.0 272.0 3.00904112129312 6.1506337748829125 28.0 
264.0 273.0 3.00904112129312 6.1506337748829125 28.0 
265.0 269.0 3.00904112129312 6.1506337748829125 28.0 
265.0 270.0 3.00904112129312 6.1506337748829125 28.0 
265.0 271.0 3.00904112129312 6.1506337748829125 28.0 
265.0 272.0 3.00904112129312 6.1506337748829125 28.0 
265.0 273.0 3.00904112129312 6.1506337748829125 28.0 
266.0 269.0 3.00904112129312 6.1506337748829125 28.0 
266.0 270.0 3.00904112129312 6.1506337748829125 28.0 
266.0 271.0 3.00904112129312 6.1506337748829125 28.0 
266.0 272.0 3.00904112129312 6.1506337748829125 28.0 
266.0 273.0 3.00904112129312 6.1506337748829125 28.0 
267.0 269.0 3.00904112129312 6.1506337748829125 28.0 
267.0 270.0 3.00904112129312 6.1506337748829125 28.0 
267.0 271.0 3.00904112129312 6.1506337748829125 28.0 
267.0 272.0 3.00904112129312 6.1506337748829125 28.0 
267.0 273.0 3.00904112129312 6.1506337748829125 28.0 
268.0 269.0 3.00904112129312 6.1506337748829125 28.0 
268.0 270.0 3.00904112129312 6.1506337748829125 28.0 
268.0 271.0 3.00904112129312 6.1506337748829125 28.0 
268.0 272.0 3.00904112129312 6.1506337748829125 28.0 
268.0 273.0 3.00904112129312 6.1506337748829125 28.0 
269.0 269.0 3.00904112129312 6.1506337748829125 28.0 
269.0 270.0 3.00904112129312 6.1506337748829125 28.0 
269.0 271.0 3.00904112129312 6.1506337748829125 28.0 
269.0 272.0 3.00904112129312 6.1506337748829125 28.0 
269.0 273.0 3.00904112129312 6.1506337748829125 28.0 
270.0 268.0 3.00904112129312 6.1506337748829125 28.0 
270.0 269.0 3.00904112129312 6.1506337748829125 28.0 
270.0 270.0 3.00904112129312 6.1506337748829125 28.0 
270.0 271.0 3.00904112129312 6.1506337748829125 28.0 
270.0 272.0 3.00904112129312 6.1506337748829125 28.0 
271.0 268.0 3.00904112129312 6.1506337748829125 28.0 
271.0 269.0 3.00904112129312 6.1506337748829125 28.0 
271.0 270.0 3.00904112129312 6.1506337748829125 28.0 
271.0 271.0 3.00904112129312 6.1506337748829125 28.0 
271.0 272.0 3.00904112129312 6.1506337748829125 28.0 
272.0 268.0 3.00904112129312 6.1506337748829125 28.0 
272.0 269.0 3.00904112129312 6.1506337748829125 28.0 
272.0 270.0 3.00904112129312 6.1506337748829125 28.0 
272.0 271.0 3.00904112129312 6.1506337748829125 28.0 
272.0 272.0 3.00904112129312 6.1506337748829125 28.0 
273.0 268.0 3.00904112129312 6.1506337748829125 28.0 
273.0 269.0 3.00904112129312 6.1506337748829125 28.0 
273.0 270.0 3.00904112129312 6.1506337748829125 28.0 
273.0 271.0 3.00904112129312 6.1506337748829125 28.0 
273.0 272.0 3.00904112129312 6.1506337748829125 28.0 
274.0 268.0 3.00904112129312 6.1506337748829125 28.0 
274.0 269.0 3.00904112129312 6.1506337748829125 28.0 
274.0 270.0 3.00904112129312 6.1506337748829125 28.0 
274.0 271.0 3.00904112129312 6.1506337748829125 28.0 
274.0 272.0 3.00904112129312 6.1506337748829125 28.0 
275.0 268.0 3.00904112129312 6.1506337748829125 28.0 
275.0 269.0 3.00904112129312 6.1506337748829125 28.0 
275.0 270.0 3.00904112129312 6.1506337748829125 28.0 
275.0 271.0 3.00904112129312 6.1506337748829125 28.0 
275.0 272.0 3.00904112129312 6.1506337748829125 28.0 
276.0 268.0 3.00904112129312 6.1506337748829125 28.0 
276.0 269.0 3.00904112129312 6.1506337748829125 28.0 
276.0 270.0 3.00904112129312 6.1506337748829125 28.0 
276.0 271.0 3.00904112129312 6.1506337748829125 28.0 
276.0 272.0 3.00904112129312 6.1506337748829125 28.0 
277.0 267.0 3.00904112129312 6.1506337748829125 28.0 
277.0 268.0 3.00904112129312 6.1506337748829125 28.0 
277.0 269.0 3.00904112129312 6.1506337748829125 28.0 
277.0 270.0 3.00904112129312 6.1506337748829125 28.0 
277.0 271.0 3.00904112129312 6.1506337748829125 28.0 
278.0 267.0 3.00904112129312 6.1506337748829125 28.0 
278.0 268.0 3.00904112129312 6.1506337748829125 28.0 
278.0 269.0 3.00904112129312 6.1506337748829125 28.0 
278.0 270.0 3.00904112129312 6.1506337748829125 28.0 
278.0 271.0 3.00904112129312 6.1506337748829125 28.0 
279.0 267.0 3.00904112129312 6.1506337748829125 28.0 
279.0 268.0 3.00904112129312 6.1506337748829125 28.0 
279.0 269.0 3.00904112129312 6.1506337748829125 28.0 
279.0 270.0 3.00904112129312 6.1506337748829125 28.0 
279.0 271.0 3.00904112129312 6.1506337748829125 28.0 
280.0 267.0 3.00904112129312 6.1506337748829125 28.0 
280.0 268.0 3.00904112129312 6.1506337748829125 28.0 
280.0 269.0 3.00904112129312 6.1506337748829125 28.0 
280.0 270.0 3.00904112129312 6.1506337748829125 28.0 
280.0 271.0 3.00904112129312 6.1506337748829125 28.0 
281.0 267.0 3.00904112129312 6.1506337748829125 28.0 
281.0 268.0 3.00904112129312 6.1506337748829125 28.0 
281.0 269.0 3.00904112129312 6.1506337748829125 28.0 
281.0 270.0 3.00904112129312 6.1506337748829125 28.0 
281.0 271.0 3.00904112129312 6.1506337748829125 28.0 
282.0 267.0 3.00904112129312 6.1506337748829125 28.0 
282.0 268.0 3.00904112129312 6.1506337748829125 28.0 
282.0 269.0 3.00904112129312 6.1506337748829125 28.0 
282.0 270.0 3.00904112129312 6.1506337748829125 28.0 
282.0 271.0 3.00904112129312 6.1506337748829125 28.0 
283.0 267.0 3.00904112129312 6.1506337748829125 28.0 
283.0 268.0 3.00904112129312 6.1506337748829125 28.0 
283.0 269.0 3.00904112129312 6.1506337748829125 28.0 
283.0 270.0 3.00904112129312 6.1506337748829125 28.0 
283.0 271.0 3.00904112129312 6.1506337748829125 28.0 
284.0 267.0 3.00904112129312 6.1506337748829125 28.0 
284.0 268.0 3.00904112129312 6.1506337748829125 28.0 
284.0 269.0 3.00904112129312 6.1506337748829125 28.0 
284.0 270.0 3.00904112129312 6.1506337748829125 28.0 
284.0 271.0 3.00904112129312 6.1506337748829125 28.0 
285.0 266.0 3.00904112129312 6.1506337748829125 28.0 
285.0 267.0 3.00904112129312 6.1506337748829125 28.0 
285.0 268.0 3.00904112129312 6.1506337748829125 28.0 
285.0 269.0 3.00904112129312 6.1506337748829125 28.0 
285.0 270.0 3.00904112129312 6.1506337748829125 28.0 
286.0 266.0 3.00904112129312 6.1506337748829125 28.0 
286.0 267.0 3.00904112129312 6.1506337748829125 28.0 
286.0 268.0 3.00904112129312 6.1506337748829125 28.0 
286.0 269.0 3.00904112129312 6.1506337748829125 28.0 
286.0 270.0 3.00904112129312 6.1506337748829125 28.0 
287.0 266.0 3.00904112129312 6.1506337748829125 28.0 
287.0 267.0 3.00904112129312 6.1506337748829125 28.0 
287.0 268.0 3.00904112129312 6.1506337748829125 28.0 
287.0 269.0 3.00904112129312 6.1506337748829125 28.0 
287.0 270.0 3.00904112129312 6.1506337748829125 28.0 
288.0 266.0 3.00904112129312 6.1506337748829125 28.0 
288.0 267.0 3.00904112129312 6.1506337748829125 28.0 
288.0 268.0 3.00904112129312 6.1506337748829125 28.0 
288.0 269.0 3.00904112129312 6.1506337748829125 28.0 
288.0 270.0 3.00904112129312 6.1506337748829125 28.0 
289.0 266.0 3.00904112129312 6.1506337748829125 28.0 
289.0 267.0 3.00904112129312 6.1506337748829125 28.0 
289.0 268.0 3.00904112129312 6.1506337748829125 28.0 
289.0 269.0 3.00904112129312 6.1506337748829125 28.0 
289.0 270.0 3.00904112129312 6.1506337748829125 28.0 
290.0 266.0 3.00904112129312 6.1506337748829125 28.0 
290.0 267.0 3.00904112129312 6.1506337748829125 28.0 
290.0 268.0 3.00904112129312 6.1506337748829125 28.0 
290.0 269.0 3.00904112129312 6.1506337748829125 28.0 
290.0 270.0 3.00904112129312 6.1506337748829125 28.0 
291.0 266.0 3.00904112129312 6.1506337748829125 28.0 
291.0 267.0 3.00904112129312 6.1506337748829125 28.0 
291.0 268.0 3.00904112129312 6.1506337748829125 28.0 
291.0 269.0 3.00904112129312 6.1506337748829125 28.0 
291.0 270.0 3.00904112129312 6.1506337748829125 28.0 
292.0 265.0 3.00904112129312 6.1506337748829125 28.0 
292.0 266.0 3.00904112129312 6.1506337748829125 28.0 
292.0 267.0 3.00904112129312 6.1506337748829125 28.0 
292.0 268.0 3.00904112129312 6.1506337748829125 28.0 
292.0 269.0 3.00904112129312 6.1506337748829125 28.0 
293.0 265.0 3.00904112129312 6.1506337748829125 28.0 
293.0 266.0 3.00904112129312 6.1506337748829125 28.0 
293.0 267.0 3.00904112129312 6.1506337748829125 28.0 
293.0 268.0 3.00904112129312 6.1506337748829125 28.0 
293.0 269.0 3.00904112129312 6.1506337748829125 28.0 
294.0 265.0 3.00904112129312 6.1506337748829125 28.0 
294.0 266.0 3.00904112129312 6.1506337748829125 28.0 
294.0 267.0 3.00904112129312 6.1506337748829125 28.0 
294.0 268.0 3.00904112129312 6.1506337748829125 28.0 
294.0 269.0 3.00904112129312 6.1506337748829125 28.0 
295.0 265.0 3.00904112129312 6.1506337748829125 28.0 
295.0 266.0 3.00904112129312 6.1506337748829125 28.0 
295.0 267.0 3.00904112129312 6.1506337748829125 28.0 
295.0 268.0 3.00904112129312 6.1506337748829125 28.0 
295.0 269.0 3.00904112129312 6.1506337748829125 28.0 
296.0 265.0 3.00904112129312 6.1506337748829125 28.0 
296.0 266.0 3.00904112129312 6.1506337748829125 28.0 
296.0 267.0 3.00904112129312 6.1506337748829125 28.0 
296.0 268.0 3.00904112129312 6.1506337748829125 28.0 
296.0 269.0 3.00904112129312 6.1506337748829125 28.0 
297.0 265.0 3.00904112129312 6.1506337748829125 28.0 
297.0 266.0 3.00904112129312 6.1506337748829125 28.0 
297.0 267.0 3.00904112129312 6.1506337748829125 28.0 
297.0 268.0 3.00904112129312 6.1506337748829125 28.0 
297.0 269.0 3.00904112129312 6.1506337748829125 28.0 
298.0 265.0 3.00904112129312 6.1506337748829125 28.0 
298.0 266.0 3.00904112129312 6.1506337748829125 28.0 
298.0 267.0 3.00904112129312 6.1506337748829125 28.0 
298.0 268.0 3.00904112129312 6.1506337748829125 28.0 
298.0 269.0 3.00904112129312 6.1506337748829125 28.0 
299.0 265.0 3.00904112129312 6.1506337748829125 28.0 
299.0 266.0 3.00904112129312 6.1506337748829125 28.0 
299.0 267.0 3.00904112129312 6.1506337748829125 28.0 
299.0 268.0 3.00904112129312 6.1506337748829125 28.0 
299.0 269.0 3.00904112129312 6.1506337748829125 28.0 
300.0 264.0 3.00904112129312 6.1506337748829125 28.0 
300.0 265.0 3.00904112129312 6.1506337748829125 28.0 
300.0 266.0 3.00904112129312 6.1506337748829125 28.0 
300.0 267.0 3.00904112129312 6.1506337748829125 28.0 
300.0 268.0 3.00904112129312 6.1506337748829125 28.0 
301.0 264.0 3.00904112129312 6.1506337748829125 28.0 
301.0 265.0 3.00904112129312 6.1506337748829125 28.0 
301.0 266.0 3.00904112129312 6.1506337748829125 28.0 
301.0 267.0 3.00904112129312 6.1506337748829125 28.0 
301.0 268.0 3.00904112129312 6.1506337748829125 28.0 
302.0 264.0 3.00904112129312 6.1506337748829125 28.0 
302.0 265.0 3.00904112129312 6.1506337748829125 28.0 
302.0 266.0 3.00904112129312 6.1506337748829125 28.0 
302.0 267.0 3.00904112129312 6.1506337748829125 28.0 
302.0 268.0 3.00904112129312 6.1506337748829125 28.0 
303.0 266.0 3.00904112129312 6.1506337748829125 28.0 
303.0 267.0 3.00904112129312 6.1506337748829125 28.0 
303.0 268.0 3.00904112129312 6.1506337748829125 28.0 
