280.0 314.0 2.9927027059802955 6.134295359570089 32.0 
280.0 315.0 2.9927027059802955 6.134295359570089 32.0 
280.0 316.0 2.9927027059802955 6.134295359570089 32.0 
281.0 314.0 2.9927027059802955 6.134295359570089 32.0 
281.0 315.0 2.9927027059802955 6.134295359570089 32.0 
281.0 316.0 2.9927027059802955 6.134295359570089 32.0 
281.0 317.0 2.9927027059802955 6.134295359570089 32.0 
281.0 318.0 2.9927027059802955 6.134295359570089 32.0 
281.0 319.0 2.9927027059802955 6.134295359570089 32.0 
282.0 314.0 2.9927027059802955 6.134295359570089 32.0 
282.0 315.0 2.9927027059802955 6.134295359570089 32.0 
282.0 316.0 2.9927027059802955 6.134295359570089 32.0 
282.0 317.0 2.9927027059802955 6.134295359570089 32.0 
282.0 318.0 2.9927027059802955 6.134295359570089 32.0 
282.0 319.0 2.9927027059802955 6.134295359570089 32.0 
283.0 314.0 2.9927027059802955 6.134295359570089 32.0 
283.0 315.0 2.9927027059802955 6.134295359570089 32.0 
283.0 316.0 2.9927027059802955 6.134295359570089 32.0 
283.0 317.0 2.9927027059802955 6.134295359570089 32.0 
283.0 318.0 2.9927027059802955 6.134295359570089 32.0 
283.0 319.0 2.9927027059802955 6.134295359570089 32.0 
284.0 314.0 2.9927027059802955 6.134295359570089 32.0 
284.0 315.0 2.9927027059802955 6.134295359570089 32.0 
284.0 316.0 2.9927027059802955 6.134295359570089 32.0 
284.0 317.0 2.9927027059802955 6.134295359570089 32.0 
284.0 318.0 2.9927027059802955 6.134295359570089 32.0 
284.0 319.0 2.9927027059802955 6.134295359570089 32.0 
285.0 314.0 2.9927027059802955 6.134295359570089 32.0 
285.0 315.0 2.9927027059802955 6.134295359570089 32.0 
285.0 316.0 2.9927027059802955 6.134295359570089 32.0 
285.0 317.0 2.9927027059802955 6.134295359570089 32.0 
285.0 318.0 2.9927027059802955 6.134295359570089 32.0 
285.0 319.0 2.9927027059802955 6.134295359570089 32.0 
286.0 314.0 2.9927027059802955 6.134295359570089 32.0 
286.0 315.0 2.9927027059802955 6.134295359570089 32.0 
286.0 316.0 2.9927027059802955 6.134295359570089 32.0 
286.0 317.0 2.9927027059802955 6.134295359570089 32.0 
286.0 318.0 2.9927027059802955 6.134295359570089 32.0 
286.0 319.0 2.9927027059802955 6.134295359570089 32.0 
287.0 313.0 2.9927027059802955 6.134295359570089 32.0 
287.0 314.0 2.9927027059802955 6.134295359570089 32.0 
287.0 315.0 2.9927027059802955 6.134295359570089 32.0 
287.0 316.0 2.9927027059802955 6.134295359570089 32.0 
287.0 317.0 2.9927027059802955 6.134295359570089 32.0 
287.0 318.0 2.9927027059802955 6.134295359570089 32.0 
288.0 313.0 2.9927027059802955 6.134295359570089 32.0 
288.0 314.0 2.9927027059802955 6.134295359570089 32.0 
288.0 315.0 2.9927027059802955 6.134295359570089 32.0 
288.0 316.0 2.9927027059802955 6.134295359570089 32.0 
288.0 317.0 2.9927027059802955 6.134295359570089 32.0 
288.0 318.0 2.9927027059802955 6.134295359570089 32.0 
289.0 313.0 2.9927027059802955 6.134295359570089 32.0 
289.0 314.0 2.9927027059802955 6.134295359570089 32.0 
289.0 315.0 2.9927027059802955 6.134295359570089 32.0 
289.0 316.0 2.9927027059802955 6.134295359570089 32.0 
289.0 317.0 2.9927027059802955 6.134295359570089 32.0 
289.0 318.0 2.9927027059802955 6.134295359570089 32.0 
290.0 313.0 2.9927027059802955 6.134295359570089 32.0 
290.0 314.0 2.9927027059802955 6.134295359570089 32.0 
290.0 315.0 2.9927027059802955 6.134295359570089 32.0 
290.0 316.0 2.9927027059802955 6.134295359570089 32.0 
290.0 317.0 2.9927027059802955 6.134295359570089 32.0 
290.0 318.0 2.9927027059802955 6.134295359570089 32.0 
291.0 313.0 2.9927027059802955 6.134295359570089 32.0 
291.0 314.0 2.9927027059802955 6.134295359570089 32.0 
291.0 315.0 2.9927027059802955 6.134295359570089 32.0 
291.0 316.0 2.9927027059802955 6.134295359570089 32.0 
291.0 317.0 2.9927027059802955 6.134295359570089 32.0 
291.0 318.0 2.9927027059802955 6.134295359570089 32.0 
292.0 313.0 2.9927027059802955 6.134295359570089 32.0 
292.0 314.0 2.9927027059802955 6.134295359570089 32.0 
292.0 315.0 2.9927027059802955 6.134295359570089 32.0 
292.0 316.0 2.9927027059802955 6.134295359570089 32.0 
292.0 317.0 2.9927027059802955 6.134295359570089 32.0 
292.0 318.0 2.9927027059802955 6.134295359570089 32.0 
293.0 313.0 2.9927027059802955 6.134295359570089 32.0 
293.0 314.0 2.9927027059802955 6.134295359570089 32.0 
293.0 315.0 2.9927027059802955 6.134295359570089 32.0 
293.0 316.0 2.9927027059802955 6.134295359570089 32.0 
293.0 317.0 2.9927027059802955 6.134295359570089 32.0 
293.0 318.0 2.9927027059802955 6.134295359570089 32.0 
294.0 312.0 2.9927027059802955 6.134295359570089 32.0 
294.0 313.0 2.9927027059802955 6.134295359570089 32.0 
294.0 314.0 2.9927027059802955 6.134295359570089 32.0 
294.0 315.0 2.9927027059802955 6.134295359570089 32.0 
294.0 316.0 2.9927027059802955 6.134295359570089 32.0 
294.0 317.0 2.9927027059802955 6.134295359570089 32.0 
295.0 312.0 2.9927027059802955 6.134295359570089 32.0 
295.0 313.0 2.9927027059802955 6.134295359570089 32.0 
295.0 314.0 2.9927027059802955 6.134295359570089 32.0 
295.0 315.0 2.9927027059802955 6.134295359570089 32.0 
295.0 316.0 2.9927027059802955 6.134295359570089 32.0 
295.0 317.0 2.9927027059802955 6.134295359570089 32.0 
296.0 312.0 2.9927027059802955 6.134295359570089 32.0 
296.0 313.0 2.9927027059802955 6.134295359570089 32.0 
296.0 314.0 2.9927027059802955 6.134295359570089 32.0 
296.0 315.0 2.9927027059802955 6.134295359570089 32.0 
296.0 316.0 2.9927027059802955 6.134295359570089 32.0 
296.0 317.0 2.9927027059802955 6.134295359570089 32.0 
297.0 312.0 2.9927027059802955 6.134295359570089 32.0 
297.0 313.0 2.9927027059802955 6.134295359570089 32.0 
297.0 314.0 2.9927027059802955 6.134295359570089 32.0 
297.0 315.0 2.9927027059802955 6.134295359570089 32.0 
297.0 316.0 2.9927027059802955 6.134295359570089 32.0 
297.0 317.0 2.9927027059802955 6.134295359570089 32.0 
298.0 312.0 2.9927027059802955 6.134295359570089 32.0 
298.0 313.0 2.9927027059802955 6.134295359570089 32.0 
298.0 314.0 2.9927027059802955 6.134295359570089 32.0 
298.0 315.0 2.9927027059802955 6.134295359570089 32.0 
298.0 316.0 2.9927027059802955 6.134295359570089 32.0 
298.0 317.0 2.9927027059802955 6.134295359570089 32.0 
299.0 312.0 2.9927027059802955 6.134295359570089 32.0 
299.0 313.0 2.9927027059802955 6.134295359570089 32.0 
299.0 314.0 2.9927027059802955 6.134295359570089 32.0 
299.0 315.0 2.9927027059802955 6.134295359570089 32.0 
299.0 316.0 2.9927027059802955 6.134295359570089 32.0 
299.0 317.0 2.9927027059802955 6.134295359570089 32.0 
300.0 314.0 2.9927027059802955 6.134295359570089 32.0 
300.0 315.0 2.9927027059802955 6.134295359570089 32.0 
300.0 316.0 2.9927027059802955 6.134295359570089 32.0 
300.0 317.0 2.9927027059802955 6.134295359570089 32.0 
