308.0 276.0 3.096169374168216 6.237762027758009 28.0 
308.0 277.0 3.096169374168216 6.237762027758009 28.0 
309.0 276.0 3.096169374168216 6.237762027758009 28.0 
309.0 277.0 3.096169374168216 6.237762027758009 28.0 
309.0 278.0 3.096169374168216 6.237762027758009 28.0 
309.0 279.0 3.096169374168216 6.237762027758009 28.0 
309.0 280.0 3.096169374168216 6.237762027758009 28.0 
310.0 276.0 3.096169374168216 6.237762027758009 28.0 
310.0 277.0 3.096169374168216 6.237762027758009 28.0 
310.0 278.0 3.096169374168216 6.237762027758009 28.0 
310.0 279.0 3.096169374168216 6.237762027758009 28.0 
310.0 280.0 3.096169374168216 6.237762027758009 28.0 
311.0 276.0 3.096169374168216 6.237762027758009 28.0 
311.0 277.0 3.096169374168216 6.237762027758009 28.0 
311.0 278.0 3.096169374168216 6.237762027758009 28.0 
311.0 279.0 3.096169374168216 6.237762027758009 28.0 
311.0 280.0 3.096169374168216 6.237762027758009 28.0 
312.0 276.0 3.096169374168216 6.237762027758009 28.0 
312.0 277.0 3.096169374168216 6.237762027758009 28.0 
312.0 278.0 3.096169374168216 6.237762027758009 28.0 
312.0 279.0 3.096169374168216 6.237762027758009 28.0 
312.0 280.0 3.096169374168216 6.237762027758009 28.0 
313.0 276.0 3.096169374168216 6.237762027758009 28.0 
313.0 277.0 3.096169374168216 6.237762027758009 28.0 
313.0 278.0 3.096169374168216 6.237762027758009 28.0 
313.0 279.0 3.096169374168216 6.237762027758009 28.0 
313.0 280.0 3.096169374168216 6.237762027758009 28.0 
314.0 276.0 3.096169374168216 6.237762027758009 28.0 
314.0 277.0 3.096169374168216 6.237762027758009 28.0 
314.0 278.0 3.096169374168216 6.237762027758009 28.0 
314.0 279.0 3.096169374168216 6.237762027758009 28.0 
314.0 280.0 3.096169374168216 6.237762027758009 28.0 
315.0 276.0 3.096169374168216 6.237762027758009 28.0 
315.0 277.0 3.096169374168216 6.237762027758009 28.0 
315.0 278.0 3.096169374168216 6.237762027758009 28.0 
315.0 279.0 3.096169374168216 6.237762027758009 28.0 
315.0 280.0 3.096169374168216 6.237762027758009 28.0 
316.0 276.0 3.096169374168216 6.237762027758009 28.0 
316.0 277.0 3.096169374168216 6.237762027758009 28.0 
316.0 278.0 3.096169374168216 6.237762027758009 28.0 
316.0 279.0 3.096169374168216 6.237762027758009 28.0 
316.0 280.0 3.096169374168216 6.237762027758009 28.0 
317.0 276.0 3.096169374168216 6.237762027758009 28.0 
317.0 277.0 3.096169374168216 6.237762027758009 28.0 
317.0 278.0 3.096169374168216 6.237762027758009 28.0 
317.0 279.0 3.096169374168216 6.237762027758009 28.0 
317.0 280.0 3.096169374168216 6.237762027758009 28.0 
318.0 276.0 3.096169374168216 6.237762027758009 28.0 
318.0 277.0 3.096169374168216 6.237762027758009 28.0 
318.0 278.0 3.096169374168216 6.237762027758009 28.0 
318.0 279.0 3.096169374168216 6.237762027758009 28.0 
318.0 280.0 3.096169374168216 6.237762027758009 28.0 
319.0 275.0 3.096169374168216 6.237762027758009 28.0 
319.0 276.0 3.096169374168216 6.237762027758009 28.0 
319.0 277.0 3.096169374168216 6.237762027758009 28.0 
319.0 278.0 3.096169374168216 6.237762027758009 28.0 
319.0 279.0 3.096169374168216 6.237762027758009 28.0 
319.0 280.0 3.096169374168216 6.237762027758009 28.0 
320.0 275.0 3.096169374168216 6.237762027758009 28.0 
320.0 276.0 3.096169374168216 6.237762027758009 28.0 
320.0 277.0 3.096169374168216 6.237762027758009 28.0 
320.0 278.0 3.096169374168216 6.237762027758009 28.0 
320.0 279.0 3.096169374168216 6.237762027758009 28.0 
321.0 275.0 3.096169374168216 6.237762027758009 28.0 
321.0 276.0 3.096169374168216 6.237762027758009 28.0 
321.0 277.0 3.096169374168216 6.237762027758009 28.0 
321.0 278.0 3.096169374168216 6.237762027758009 28.0 
321.0 279.0 3.096169374168216 6.237762027758009 28.0 
322.0 275.0 3.096169374168216 6.237762027758009 28.0 
322.0 276.0 3.096169374168216 6.237762027758009 28.0 
322.0 277.0 3.096169374168216 6.237762027758009 28.0 
322.0 278.0 3.096169374168216 6.237762027758009 28.0 
322.0 279.0 3.096169374168216 6.237762027758009 28.0 
323.0 275.0 3.096169374168216 6.237762027758009 28.0 
323.0 276.0 3.096169374168216 6.237762027758009 28.0 
323.0 277.0 3.096169374168216 6.237762027758009 28.0 
323.0 278.0 3.096169374168216 6.237762027758009 28.0 
323.0 279.0 3.096169374168216 6.237762027758009 28.0 
324.0 275.0 3.096169374168216 6.237762027758009 28.0 
324.0 276.0 3.096169374168216 6.237762027758009 28.0 
324.0 277.0 3.096169374168216 6.237762027758009 28.0 
324.0 278.0 3.096169374168216 6.237762027758009 28.0 
324.0 279.0 3.096169374168216 6.237762027758009 28.0 
325.0 275.0 3.096169374168216 6.237762027758009 28.0 
325.0 276.0 3.096169374168216 6.237762027758009 28.0 
325.0 277.0 3.096169374168216 6.237762027758009 28.0 
325.0 278.0 3.096169374168216 6.237762027758009 28.0 
325.0 279.0 3.096169374168216 6.237762027758009 28.0 
326.0 275.0 3.096169374168216 6.237762027758009 28.0 
326.0 276.0 3.096169374168216 6.237762027758009 28.0 
326.0 277.0 3.096169374168216 6.237762027758009 28.0 
326.0 278.0 3.096169374168216 6.237762027758009 28.0 
326.0 279.0 3.096169374168216 6.237762027758009 28.0 
327.0 275.0 3.096169374168216 6.237762027758009 28.0 
327.0 276.0 3.096169374168216 6.237762027758009 28.0 
327.0 277.0 3.096169374168216 6.237762027758009 28.0 
327.0 278.0 3.096169374168216 6.237762027758009 28.0 
327.0 279.0 3.096169374168216 6.237762027758009 28.0 
328.0 275.0 3.096169374168216 6.237762027758009 28.0 
328.0 276.0 3.096169374168216 6.237762027758009 28.0 
328.0 277.0 3.096169374168216 6.237762027758009 28.0 
328.0 278.0 3.096169374168216 6.237762027758009 28.0 
328.0 279.0 3.096169374168216 6.237762027758009 28.0 
329.0 275.0 3.096169374168216 6.237762027758009 28.0 
329.0 276.0 3.096169374168216 6.237762027758009 28.0 
329.0 277.0 3.096169374168216 6.237762027758009 28.0 
329.0 278.0 3.096169374168216 6.237762027758009 28.0 
329.0 279.0 3.096169374168216 6.237762027758009 28.0 
330.0 275.0 3.096169374168216 6.237762027758009 28.0 
330.0 276.0 3.096169374168216 6.237762027758009 28.0 
330.0 277.0 3.096169374168216 6.237762027758009 28.0 
330.0 278.0 3.096169374168216 6.237762027758009 28.0 
330.0 279.0 3.096169374168216 6.237762027758009 28.0 
331.0 275.0 3.096169374168216 6.237762027758009 28.0 
331.0 276.0 3.096169374168216 6.237762027758009 28.0 
331.0 277.0 3.096169374168216 6.237762027758009 28.0 
331.0 278.0 3.096169374168216 6.237762027758009 28.0 
331.0 279.0 3.096169374168216 6.237762027758009 28.0 
332.0 275.0 3.096169374168216 6.237762027758009 28.0 
332.0 276.0 3.096169374168216 6.237762027758009 28.0 
332.0 277.0 3.096169374168216 6.237762027758009 28.0 
332.0 278.0 3.096169374168216 6.237762027758009 28.0 
332.0 279.0 3.096169374168216 6.237762027758009 28.0 
333.0 275.0 3.096169374168216 6.237762027758009 28.0 
333.0 276.0 3.096169374168216 6.237762027758009 28.0 
333.0 277.0 3.096169374168216 6.237762027758009 28.0 
333.0 278.0 3.096169374168216 6.237762027758009 28.0 
333.0 279.0 3.096169374168216 6.237762027758009 28.0 
334.0 275.0 3.096169374168216 6.237762027758009 28.0 
334.0 276.0 3.096169374168216 6.237762027758009 28.0 
334.0 277.0 3.096169374168216 6.237762027758009 28.0 
334.0 278.0 3.096169374168216 6.237762027758009 28.0 
334.0 279.0 3.096169374168216 6.237762027758009 28.0 
335.0 275.0 3.096169374168216 6.237762027758009 28.0 
335.0 276.0 3.096169374168216 6.237762027758009 28.0 
335.0 277.0 3.096169374168216 6.237762027758009 28.0 
335.0 278.0 3.096169374168216 6.237762027758009 28.0 
335.0 279.0 3.096169374168216 6.237762027758009 28.0 
336.0 275.0 3.096169374168216 6.237762027758009 28.0 
336.0 276.0 3.096169374168216 6.237762027758009 28.0 
336.0 277.0 3.096169374168216 6.237762027758009 28.0 
336.0 278.0 3.096169374168216 6.237762027758009 28.0 
336.0 279.0 3.096169374168216 6.237762027758009 28.0 
337.0 275.0 3.096169374168216 6.237762027758009 28.0 
337.0 276.0 3.096169374168216 6.237762027758009 28.0 
337.0 277.0 3.096169374168216 6.237762027758009 28.0 
337.0 278.0 3.096169374168216 6.237762027758009 28.0 
337.0 279.0 3.096169374168216 6.237762027758009 28.0 
338.0 275.0 3.096169374168216 6.237762027758009 28.0 
338.0 276.0 3.096169374168216 6.237762027758009 28.0 
338.0 277.0 3.096169374168216 6.237762027758009 28.0 
338.0 278.0 3.096169374168216 6.237762027758009 28.0 
338.0 279.0 3.096169374168216 6.237762027758009 28.0 
339.0 275.0 3.096169374168216 6.237762027758009 28.0 
339.0 276.0 3.096169374168216 6.237762027758009 28.0 
339.0 277.0 3.096169374168216 6.237762027758009 28.0 
339.0 278.0 3.096169374168216 6.237762027758009 28.0 
339.0 279.0 3.096169374168216 6.237762027758009 28.0 
340.0 275.0 3.096169374168216 6.237762027758009 28.0 
340.0 276.0 3.096169374168216 6.237762027758009 28.0 
340.0 277.0 3.096169374168216 6.237762027758009 28.0 
340.0 278.0 3.096169374168216 6.237762027758009 28.0 
340.0 279.0 3.096169374168216 6.237762027758009 28.0 
341.0 274.0 3.096169374168216 6.237762027758009 28.0 
341.0 275.0 3.096169374168216 6.237762027758009 28.0 
341.0 276.0 3.096169374168216 6.237762027758009 28.0 
341.0 277.0 3.096169374168216 6.237762027758009 28.0 
341.0 278.0 3.096169374168216 6.237762027758009 28.0 
341.0 279.0 3.096169374168216 6.237762027758009 28.0 
342.0 274.0 3.096169374168216 6.237762027758009 28.0 
342.0 275.0 3.096169374168216 6.237762027758009 28.0 
342.0 276.0 3.096169374168216 6.237762027758009 28.0 
342.0 277.0 3.096169374168216 6.237762027758009 28.0 
342.0 278.0 3.096169374168216 6.237762027758009 28.0 
343.0 274.0 3.096169374168216 6.237762027758009 28.0 
343.0 275.0 3.096169374168216 6.237762027758009 28.0 
343.0 276.0 3.096169374168216 6.237762027758009 28.0 
343.0 277.0 3.096169374168216 6.237762027758009 28.0 
343.0 278.0 3.096169374168216 6.237762027758009 28.0 
344.0 274.0 3.096169374168216 6.237762027758009 28.0 
344.0 275.0 3.096169374168216 6.237762027758009 28.0 
344.0 276.0 3.096169374168216 6.237762027758009 28.0 
344.0 277.0 3.096169374168216 6.237762027758009 28.0 
344.0 278.0 3.096169374168216 6.237762027758009 28.0 
345.0 274.0 3.096169374168216 6.237762027758009 28.0 
345.0 275.0 3.096169374168216 6.237762027758009 28.0 
345.0 276.0 3.096169374168216 6.237762027758009 28.0 
345.0 277.0 3.096169374168216 6.237762027758009 28.0 
345.0 278.0 3.096169374168216 6.237762027758009 28.0 
346.0 274.0 3.096169374168216 6.237762027758009 28.0 
346.0 275.0 3.096169374168216 6.237762027758009 28.0 
346.0 276.0 3.096169374168216 6.237762027758009 28.0 
346.0 277.0 3.096169374168216 6.237762027758009 28.0 
346.0 278.0 3.096169374168216 6.237762027758009 28.0 
347.0 274.0 3.096169374168216 6.237762027758009 28.0 
347.0 275.0 3.096169374168216 6.237762027758009 28.0 
347.0 276.0 3.096169374168216 6.237762027758009 28.0 
347.0 277.0 3.096169374168216 6.237762027758009 28.0 
347.0 278.0 3.096169374168216 6.237762027758009 28.0 
348.0 274.0 3.096169374168216 6.237762027758009 28.0 
348.0 275.0 3.096169374168216 6.237762027758009 28.0 
348.0 276.0 3.096169374168216 6.237762027758009 28.0 
348.0 277.0 3.096169374168216 6.237762027758009 28.0 
348.0 278.0 3.096169374168216 6.237762027758009 28.0 
349.0 274.0 3.096169374168216 6.237762027758009 28.0 
349.0 275.0 3.096169374168216 6.237762027758009 28.0 
349.0 276.0 3.096169374168216 6.237762027758009 28.0 
349.0 277.0 3.096169374168216 6.237762027758009 28.0 
349.0 278.0 3.096169374168216 6.237762027758009 28.0 
350.0 274.0 3.096169374168216 6.237762027758009 28.0 
350.0 275.0 3.096169374168216 6.237762027758009 28.0 
350.0 276.0 3.096169374168216 6.237762027758009 28.0 
350.0 277.0 3.096169374168216 6.237762027758009 28.0 
350.0 278.0 3.096169374168216 6.237762027758009 28.0 
351.0 274.0 3.096169374168216 6.237762027758009 28.0 
351.0 275.0 3.096169374168216 6.237762027758009 28.0 
351.0 276.0 3.096169374168216 6.237762027758009 28.0 
351.0 277.0 3.096169374168216 6.237762027758009 28.0 
351.0 278.0 3.096169374168216 6.237762027758009 28.0 
352.0 276.0 3.096169374168216 6.237762027758009 28.0 
352.0 277.0 3.096169374168216 6.237762027758009 28.0 
352.0 278.0 3.096169374168216 6.237762027758009 28.0 
281.0 283.0 2.9181160524491614 6.059708706038954 28.0 
281.0 284.0 2.9181160524491614 6.059708706038954 28.0 
282.0 283.0 2.9181160524491614 6.059708706038954 28.0 
282.0 284.0 2.9181160524491614 6.059708706038954 28.0 
282.0 285.0 2.9181160524491614 6.059708706038954 28.0 
282.0 286.0 2.9181160524491614 6.059708706038954 28.0 
282.0 287.0 2.9181160524491614 6.059708706038954 28.0 
283.0 282.0 2.9181160524491614 6.059708706038954 28.0 
283.0 283.0 2.9181160524491614 6.059708706038954 28.0 
283.0 284.0 2.9181160524491614 6.059708706038954 28.0 
283.0 285.0 2.9181160524491614 6.059708706038954 28.0 
283.0 286.0 2.9181160524491614 6.059708706038954 28.0 
283.0 287.0 2.9181160524491614 6.059708706038954 28.0 
284.0 282.0 2.9181160524491614 6.059708706038954 28.0 
284.0 283.0 2.9181160524491614 6.059708706038954 28.0 
284.0 284.0 2.9181160524491614 6.059708706038954 28.0 
284.0 285.0 2.9181160524491614 6.059708706038954 28.0 
284.0 286.0 2.9181160524491614 6.059708706038954 28.0 
285.0 282.0 2.9181160524491614 6.059708706038954 28.0 
285.0 283.0 2.9181160524491614 6.059708706038954 28.0 
285.0 284.0 2.9181160524491614 6.059708706038954 28.0 
285.0 285.0 2.9181160524491614 6.059708706038954 28.0 
285.0 286.0 2.9181160524491614 6.059708706038954 28.0 
286.0 282.0 2.9181160524491614 6.059708706038954 28.0 
286.0 283.0 2.9181160524491614 6.059708706038954 28.0 
286.0 284.0 2.9181160524491614 6.059708706038954 28.0 
286.0 285.0 2.9181160524491614 6.059708706038954 28.0 
286.0 286.0 2.9181160524491614 6.059708706038954 28.0 
287.0 282.0 2.9181160524491614 6.059708706038954 28.0 
287.0 283.0 2.9181160524491614 6.059708706038954 28.0 
287.0 284.0 2.9181160524491614 6.059708706038954 28.0 
287.0 285.0 2.9181160524491614 6.059708706038954 28.0 
287.0 286.0 2.9181160524491614 6.059708706038954 28.0 
288.0 281.0 2.9181160524491614 6.059708706038954 28.0 
288.0 282.0 2.9181160524491614 6.059708706038954 28.0 
288.0 283.0 2.9181160524491614 6.059708706038954 28.0 
288.0 284.0 2.9181160524491614 6.059708706038954 28.0 
288.0 285.0 2.9181160524491614 6.059708706038954 28.0 
289.0 281.0 2.9181160524491614 6.059708706038954 28.0 
289.0 282.0 2.9181160524491614 6.059708706038954 28.0 
289.0 283.0 2.9181160524491614 6.059708706038954 28.0 
289.0 284.0 2.9181160524491614 6.059708706038954 28.0 
289.0 285.0 2.9181160524491614 6.059708706038954 28.0 
290.0 281.0 2.9181160524491614 6.059708706038954 28.0 
290.0 282.0 2.9181160524491614 6.059708706038954 28.0 
290.0 283.0 2.9181160524491614 6.059708706038954 28.0 
290.0 284.0 2.9181160524491614 6.059708706038954 28.0 
290.0 285.0 2.9181160524491614 6.059708706038954 28.0 
291.0 281.0 2.9181160524491614 6.059708706038954 28.0 
291.0 282.0 2.9181160524491614 6.059708706038954 28.0 
291.0 283.0 2.9181160524491614 6.059708706038954 28.0 
291.0 284.0 2.9181160524491614 6.059708706038954 28.0 
291.0 285.0 2.9181160524491614 6.059708706038954 28.0 
292.0 280.0 2.9181160524491614 6.059708706038954 28.0 
292.0 281.0 2.9181160524491614 6.059708706038954 28.0 
292.0 282.0 2.9181160524491614 6.059708706038954 28.0 
292.0 283.0 2.9181160524491614 6.059708706038954 28.0 
292.0 284.0 2.9181160524491614 6.059708706038954 28.0 
292.0 285.0 2.9181160524491614 6.059708706038954 28.0 
293.0 280.0 2.9181160524491614 6.059708706038954 28.0 
293.0 281.0 2.9181160524491614 6.059708706038954 28.0 
293.0 282.0 2.9181160524491614 6.059708706038954 28.0 
293.0 283.0 2.9181160524491614 6.059708706038954 28.0 
293.0 284.0 2.9181160524491614 6.059708706038954 28.0 
294.0 280.0 2.9181160524491614 6.059708706038954 28.0 
294.0 281.0 2.9181160524491614 6.059708706038954 28.0 
294.0 282.0 2.9181160524491614 6.059708706038954 28.0 
294.0 283.0 2.9181160524491614 6.059708706038954 28.0 
294.0 284.0 2.9181160524491614 6.059708706038954 28.0 
295.0 280.0 2.9181160524491614 6.059708706038954 28.0 
295.0 281.0 2.9181160524491614 6.059708706038954 28.0 
295.0 282.0 2.9181160524491614 6.059708706038954 28.0 
295.0 283.0 2.9181160524491614 6.059708706038954 28.0 
295.0 284.0 2.9181160524491614 6.059708706038954 28.0 
296.0 280.0 2.9181160524491614 6.059708706038954 28.0 
296.0 281.0 2.9181160524491614 6.059708706038954 28.0 
296.0 282.0 2.9181160524491614 6.059708706038954 28.0 
296.0 283.0 2.9181160524491614 6.059708706038954 28.0 
296.0 284.0 2.9181160524491614 6.059708706038954 28.0 
297.0 279.0 2.9181160524491614 6.059708706038954 28.0 
297.0 280.0 2.9181160524491614 6.059708706038954 28.0 
297.0 281.0 2.9181160524491614 6.059708706038954 28.0 
297.0 282.0 2.9181160524491614 6.059708706038954 28.0 
297.0 283.0 2.9181160524491614 6.059708706038954 28.0 
298.0 279.0 2.9181160524491614 6.059708706038954 28.0 
298.0 280.0 2.9181160524491614 6.059708706038954 28.0 
298.0 281.0 2.9181160524491614 6.059708706038954 28.0 
298.0 282.0 2.9181160524491614 6.059708706038954 28.0 
298.0 283.0 2.9181160524491614 6.059708706038954 28.0 
299.0 279.0 2.9181160524491614 6.059708706038954 28.0 
299.0 280.0 2.9181160524491614 6.059708706038954 28.0 
299.0 281.0 2.9181160524491614 6.059708706038954 28.0 
299.0 282.0 2.9181160524491614 6.059708706038954 28.0 
299.0 283.0 2.9181160524491614 6.059708706038954 28.0 
300.0 279.0 2.9181160524491614 6.059708706038954 28.0 
300.0 280.0 2.9181160524491614 6.059708706038954 28.0 
300.0 281.0 2.9181160524491614 6.059708706038954 28.0 
300.0 282.0 2.9181160524491614 6.059708706038954 28.0 
300.0 283.0 2.9181160524491614 6.059708706038954 28.0 
301.0 278.0 2.9181160524491614 6.059708706038954 28.0 
301.0 279.0 2.9181160524491614 6.059708706038954 28.0 
301.0 280.0 2.9181160524491614 6.059708706038954 28.0 
301.0 281.0 2.9181160524491614 6.059708706038954 28.0 
301.0 282.0 2.9181160524491614 6.059708706038954 28.0 
301.0 283.0 2.9181160524491614 6.059708706038954 28.0 
302.0 278.0 2.9181160524491614 6.059708706038954 28.0 
302.0 279.0 2.9181160524491614 6.059708706038954 28.0 
302.0 280.0 2.9181160524491614 6.059708706038954 28.0 
302.0 281.0 2.9181160524491614 6.059708706038954 28.0 
302.0 282.0 2.9181160524491614 6.059708706038954 28.0 
303.0 280.0 2.9181160524491614 6.059708706038954 28.0 
303.0 281.0 2.9181160524491614 6.059708706038954 28.0 
303.0 282.0 2.9181160524491614 6.059708706038954 28.0 
256.0 284.0 3.2412613060809545 0.09966865249116146 28.0 
256.0 285.0 3.2412613060809545 0.09966865249116146 28.0 
256.0 286.0 3.2412613060809545 0.09966865249116146 28.0 
257.0 282.0 3.2412613060809545 0.09966865249116146 28.0 
257.0 283.0 3.2412613060809545 0.09966865249116146 28.0 
257.0 284.0 3.2412613060809545 0.09966865249116146 28.0 
257.0 285.0 3.2412613060809545 0.09966865249116146 28.0 
257.0 286.0 3.2412613060809545 0.09966865249116146 28.0 
258.0 282.0 3.2412613060809545 0.09966865249116146 28.0 
258.0 283.0 3.2412613060809545 0.09966865249116146 28.0 
258.0 284.0 3.2412613060809545 0.09966865249116146 28.0 
258.0 285.0 3.2412613060809545 0.09966865249116146 28.0 
258.0 286.0 3.2412613060809545 0.09966865249116146 28.0 
259.0 282.0 3.2412613060809545 0.09966865249116146 28.0 
259.0 283.0 3.2412613060809545 0.09966865249116146 28.0 
259.0 284.0 3.2412613060809545 0.09966865249116146 28.0 
259.0 285.0 3.2412613060809545 0.09966865249116146 28.0 
259.0 286.0 3.2412613060809545 0.09966865249116146 28.0 
260.0 282.0 3.2412613060809545 0.09966865249116146 28.0 
260.0 283.0 3.2412613060809545 0.09966865249116146 28.0 
260.0 284.0 3.2412613060809545 0.09966865249116146 28.0 
260.0 285.0 3.2412613060809545 0.09966865249116146 28.0 
260.0 286.0 3.2412613060809545 0.09966865249116146 28.0 
261.0 282.0 3.2412613060809545 0.09966865249116146 28.0 
261.0 283.0 3.2412613060809545 0.09966865249116146 28.0 
261.0 284.0 3.2412613060809545 0.09966865249116146 28.0 
261.0 285.0 3.2412613060809545 0.09966865249116146 28.0 
261.0 286.0 3.2412613060809545 0.09966865249116146 28.0 
261.0 287.0 3.2412613060809545 0.09966865249116146 28.0 
262.0 283.0 3.2412613060809545 0.09966865249116146 28.0 
262.0 284.0 3.2412613060809545 0.09966865249116146 28.0 
262.0 285.0 3.2412613060809545 0.09966865249116146 28.0 
262.0 286.0 3.2412613060809545 0.09966865249116146 28.0 
262.0 287.0 3.2412613060809545 0.09966865249116146 28.0 
263.0 283.0 3.2412613060809545 0.09966865249116146 28.0 
263.0 284.0 3.2412613060809545 0.09966865249116146 28.0 
263.0 285.0 3.2412613060809545 0.09966865249116146 28.0 
263.0 286.0 3.2412613060809545 0.09966865249116146 28.0 
263.0 287.0 3.2412613060809545 0.09966865249116146 28.0 
264.0 283.0 3.2412613060809545 0.09966865249116146 28.0 
264.0 284.0 3.2412613060809545 0.09966865249116146 28.0 
264.0 285.0 3.2412613060809545 0.09966865249116146 28.0 
264.0 286.0 3.2412613060809545 0.09966865249116146 28.0 
264.0 287.0 3.2412613060809545 0.09966865249116146 28.0 
265.0 283.0 3.2412613060809545 0.09966865249116146 28.0 
265.0 284.0 3.2412613060809545 0.09966865249116146 28.0 
265.0 285.0 3.2412613060809545 0.09966865249116146 28.0 
265.0 286.0 3.2412613060809545 0.09966865249116146 28.0 
265.0 287.0 3.2412613060809545 0.09966865249116146 28.0 
266.0 283.0 3.2412613060809545 0.09966865249116146 28.0 
266.0 284.0 3.2412613060809545 0.09966865249116146 28.0 
