247.0 283.0 1.6388727850528966 4.78046543864269 36.0 
247.0 284.0 1.6388727850528966 4.78046543864269 36.0 
247.0 285.0 1.6388727850528966 4.78046543864269 36.0 
247.0 286.0 1.6388727850528966 4.78046543864269 36.0 
247.0 287.0 1.6388727850528966 4.78046543864269 36.0 
247.0 288.0 1.6388727850528966 4.78046543864269 36.0 
247.0 289.0 1.6388727850528966 4.78046543864269 36.0 
247.0 290.0 1.6388727850528966 4.78046543864269 36.0 
247.0 291.0 1.6388727850528966 4.78046543864269 36.0 
247.0 292.0 1.6388727850528966 4.78046543864269 36.0 
247.0 293.0 1.6388727850528966 4.78046543864269 36.0 
247.0 294.0 1.6388727850528966 4.78046543864269 36.0 
247.0 295.0 1.6388727850528966 4.78046543864269 36.0 
247.0 296.0 1.6388727850528966 4.78046543864269 36.0 
248.0 268.0 1.6388727850528966 4.78046543864269 36.0 
248.0 269.0 1.6388727850528966 4.78046543864269 36.0 
248.0 270.0 1.6388727850528966 4.78046543864269 36.0 
248.0 271.0 1.6388727850528966 4.78046543864269 36.0 
248.0 272.0 1.6388727850528966 4.78046543864269 36.0 
248.0 273.0 1.6388727850528966 4.78046543864269 36.0 
248.0 274.0 1.6388727850528966 4.78046543864269 36.0 
248.0 275.0 1.6388727850528966 4.78046543864269 36.0 
248.0 276.0 1.6388727850528966 4.78046543864269 36.0 
248.0 277.0 1.6388727850528966 4.78046543864269 36.0 
248.0 278.0 1.6388727850528966 4.78046543864269 36.0 
248.0 279.0 1.6388727850528966 4.78046543864269 36.0 
248.0 280.0 1.6388727850528966 4.78046543864269 36.0 
248.0 281.0 1.6388727850528966 4.78046543864269 36.0 
248.0 282.0 1.6388727850528966 4.78046543864269 36.0 
248.0 283.0 1.6388727850528966 4.78046543864269 36.0 
248.0 284.0 1.6388727850528966 4.78046543864269 36.0 
248.0 285.0 1.6388727850528966 4.78046543864269 36.0 
248.0 286.0 1.6388727850528966 4.78046543864269 36.0 
248.0 287.0 1.6388727850528966 4.78046543864269 36.0 
248.0 288.0 1.6388727850528966 4.78046543864269 36.0 
248.0 289.0 1.6388727850528966 4.78046543864269 36.0 
248.0 290.0 1.6388727850528966 4.78046543864269 36.0 
248.0 291.0 1.6388727850528966 4.78046543864269 36.0 
248.0 292.0 1.6388727850528966 4.78046543864269 36.0 
248.0 293.0 1.6388727850528966 4.78046543864269 36.0 
248.0 294.0 1.6388727850528966 4.78046543864269 36.0 
248.0 295.0 1.6388727850528966 4.78046543864269 36.0 
248.0 296.0 1.6388727850528966 4.78046543864269 36.0 
249.0 253.0 1.6388727850528966 4.78046543864269 36.0 
249.0 254.0 1.6388727850528966 4.78046543864269 36.0 
249.0 255.0 1.6388727850528966 4.78046543864269 36.0 
249.0 256.0 1.6388727850528966 4.78046543864269 36.0 
249.0 257.0 1.6388727850528966 4.78046543864269 36.0 
249.0 258.0 1.6388727850528966 4.78046543864269 36.0 
249.0 259.0 1.6388727850528966 4.78046543864269 36.0 
249.0 260.0 1.6388727850528966 4.78046543864269 36.0 
249.0 261.0 1.6388727850528966 4.78046543864269 36.0 
249.0 262.0 1.6388727850528966 4.78046543864269 36.0 
249.0 263.0 1.6388727850528966 4.78046543864269 36.0 
249.0 264.0 1.6388727850528966 4.78046543864269 36.0 
249.0 265.0 1.6388727850528966 4.78046543864269 36.0 
249.0 266.0 1.6388727850528966 4.78046543864269 36.0 
249.0 267.0 1.6388727850528966 4.78046543864269 36.0 
249.0 268.0 1.6388727850528966 4.78046543864269 36.0 
249.0 269.0 1.6388727850528966 4.78046543864269 36.0 
249.0 270.0 1.6388727850528966 4.78046543864269 36.0 
249.0 271.0 1.6388727850528966 4.78046543864269 36.0 
249.0 272.0 1.6388727850528966 4.78046543864269 36.0 
249.0 273.0 1.6388727850528966 4.78046543864269 36.0 
249.0 274.0 1.6388727850528966 4.78046543864269 36.0 
249.0 275.0 1.6388727850528966 4.78046543864269 36.0 
249.0 276.0 1.6388727850528966 4.78046543864269 36.0 
249.0 277.0 1.6388727850528966 4.78046543864269 36.0 
249.0 278.0 1.6388727850528966 4.78046543864269 36.0 
249.0 279.0 1.6388727850528966 4.78046543864269 36.0 
249.0 280.0 1.6388727850528966 4.78046543864269 36.0 
249.0 281.0 1.6388727850528966 4.78046543864269 36.0 
249.0 282.0 1.6388727850528966 4.78046543864269 36.0 
249.0 283.0 1.6388727850528966 4.78046543864269 36.0 
249.0 284.0 1.6388727850528966 4.78046543864269 36.0 
249.0 285.0 1.6388727850528966 4.78046543864269 36.0 
249.0 286.0 1.6388727850528966 4.78046543864269 36.0 
249.0 287.0 1.6388727850528966 4.78046543864269 36.0 
249.0 288.0 1.6388727850528966 4.78046543864269 36.0 
249.0 289.0 1.6388727850528966 4.78046543864269 36.0 
249.0 290.0 1.6388727850528966 4.78046543864269 36.0 
249.0 291.0 1.6388727850528966 4.78046543864269 36.0 
249.0 292.0 1.6388727850528966 4.78046543864269 36.0 
249.0 293.0 1.6388727850528966 4.78046543864269 36.0 
249.0 294.0 1.6388727850528966 4.78046543864269 36.0 
249.0 295.0 1.6388727850528966 4.78046543864269 36.0 
249.0 296.0 1.6388727850528966 4.78046543864269 36.0 
250.0 239.0 1.6388727850528966 4.78046543864269 36.0 
250.0 240.0 1.6388727850528966 4.78046543864269 36.0 
250.0 241.0 1.6388727850528966 4.78046543864269 36.0 
250.0 242.0 1.6388727850528966 4.78046543864269 36.0 
250.0 243.0 1.6388727850528966 4.78046543864269 36.0 
250.0 244.0 1.6388727850528966 4.78046543864269 36.0 
250.0 245.0 1.6388727850528966 4.78046543864269 36.0 
250.0 246.0 1.6388727850528966 4.78046543864269 36.0 
250.0 247.0 1.6388727850528966 4.78046543864269 36.0 
250.0 248.0 1.6388727850528966 4.78046543864269 36.0 
250.0 249.0 1.6388727850528966 4.78046543864269 36.0 
250.0 250.0 1.6388727850528966 4.78046543864269 36.0 
250.0 251.0 1.6388727850528966 4.78046543864269 36.0 
250.0 252.0 1.6388727850528966 4.78046543864269 36.0 
250.0 253.0 1.6388727850528966 4.78046543864269 36.0 
250.0 254.0 1.6388727850528966 4.78046543864269 36.0 
250.0 255.0 1.6388727850528966 4.78046543864269 36.0 
250.0 256.0 1.6388727850528966 4.78046543864269 36.0 
250.0 257.0 1.6388727850528966 4.78046543864269 36.0 
250.0 258.0 1.6388727850528966 4.78046543864269 36.0 
250.0 259.0 1.6388727850528966 4.78046543864269 36.0 
250.0 260.0 1.6388727850528966 4.78046543864269 36.0 
250.0 261.0 1.6388727850528966 4.78046543864269 36.0 
250.0 262.0 1.6388727850528966 4.78046543864269 36.0 
250.0 263.0 1.6388727850528966 4.78046543864269 36.0 
250.0 264.0 1.6388727850528966 4.78046543864269 36.0 
250.0 265.0 1.6388727850528966 4.78046543864269 36.0 
250.0 266.0 1.6388727850528966 4.78046543864269 36.0 
250.0 267.0 1.6388727850528966 4.78046543864269 36.0 
250.0 268.0 1.6388727850528966 4.78046543864269 36.0 
250.0 269.0 1.6388727850528966 4.78046543864269 36.0 
250.0 270.0 1.6388727850528966 4.78046543864269 36.0 
250.0 271.0 1.6388727850528966 4.78046543864269 36.0 
250.0 272.0 1.6388727850528966 4.78046543864269 36.0 
250.0 273.0 1.6388727850528966 4.78046543864269 36.0 
250.0 274.0 1.6388727850528966 4.78046543864269 36.0 
250.0 275.0 1.6388727850528966 4.78046543864269 36.0 
250.0 276.0 1.6388727850528966 4.78046543864269 36.0 
250.0 277.0 1.6388727850528966 4.78046543864269 36.0 
250.0 278.0 1.6388727850528966 4.78046543864269 36.0 
250.0 279.0 1.6388727850528966 4.78046543864269 36.0 
250.0 280.0 1.6388727850528966 4.78046543864269 36.0 
250.0 281.0 1.6388727850528966 4.78046543864269 36.0 
250.0 282.0 1.6388727850528966 4.78046543864269 36.0 
250.0 283.0 1.6388727850528966 4.78046543864269 36.0 
250.0 284.0 1.6388727850528966 4.78046543864269 36.0 
250.0 285.0 1.6388727850528966 4.78046543864269 36.0 
250.0 286.0 1.6388727850528966 4.78046543864269 36.0 
250.0 287.0 1.6388727850528966 4.78046543864269 36.0 
250.0 288.0 1.6388727850528966 4.78046543864269 36.0 
250.0 289.0 1.6388727850528966 4.78046543864269 36.0 
250.0 290.0 1.6388727850528966 4.78046543864269 36.0 
250.0 291.0 1.6388727850528966 4.78046543864269 36.0 
250.0 292.0 1.6388727850528966 4.78046543864269 36.0 
250.0 293.0 1.6388727850528966 4.78046543864269 36.0 
250.0 294.0 1.6388727850528966 4.78046543864269 36.0 
250.0 295.0 1.6388727850528966 4.78046543864269 36.0 
250.0 296.0 1.6388727850528966 4.78046543864269 36.0 
250.0 297.0 1.6388727850528966 4.78046543864269 36.0 
251.0 224.0 1.6388727850528966 4.78046543864269 36.0 
251.0 225.0 1.6388727850528966 4.78046543864269 36.0 
251.0 226.0 1.6388727850528966 4.78046543864269 36.0 
251.0 227.0 1.6388727850528966 4.78046543864269 36.0 
251.0 228.0 1.6388727850528966 4.78046543864269 36.0 
251.0 229.0 1.6388727850528966 4.78046543864269 36.0 
251.0 230.0 1.6388727850528966 4.78046543864269 36.0 
251.0 231.0 1.6388727850528966 4.78046543864269 36.0 
251.0 232.0 1.6388727850528966 4.78046543864269 36.0 
251.0 233.0 1.6388727850528966 4.78046543864269 36.0 
251.0 234.0 1.6388727850528966 4.78046543864269 36.0 
251.0 235.0 1.6388727850528966 4.78046543864269 36.0 
251.0 236.0 1.6388727850528966 4.78046543864269 36.0 
251.0 237.0 1.6388727850528966 4.78046543864269 36.0 
251.0 238.0 1.6388727850528966 4.78046543864269 36.0 
251.0 239.0 1.6388727850528966 4.78046543864269 36.0 
251.0 240.0 1.6388727850528966 4.78046543864269 36.0 
251.0 241.0 1.6388727850528966 4.78046543864269 36.0 
251.0 242.0 1.6388727850528966 4.78046543864269 36.0 
251.0 243.0 1.6388727850528966 4.78046543864269 36.0 
251.0 244.0 1.6388727850528966 4.78046543864269 36.0 
251.0 245.0 1.6388727850528966 4.78046543864269 36.0 
251.0 246.0 1.6388727850528966 4.78046543864269 36.0 
251.0 247.0 1.6388727850528966 4.78046543864269 36.0 
251.0 248.0 1.6388727850528966 4.78046543864269 36.0 
251.0 249.0 1.6388727850528966 4.78046543864269 36.0 
251.0 250.0 1.6388727850528966 4.78046543864269 36.0 
251.0 251.0 1.6388727850528966 4.78046543864269 36.0 
251.0 252.0 1.6388727850528966 4.78046543864269 36.0 
251.0 253.0 1.6388727850528966 4.78046543864269 36.0 
251.0 254.0 1.6388727850528966 4.78046543864269 36.0 
251.0 255.0 1.6388727850528966 4.78046543864269 36.0 
251.0 256.0 1.6388727850528966 4.78046543864269 36.0 
251.0 257.0 1.6388727850528966 4.78046543864269 36.0 
251.0 258.0 1.6388727850528966 4.78046543864269 36.0 
251.0 259.0 1.6388727850528966 4.78046543864269 36.0 
251.0 260.0 1.6388727850528966 4.78046543864269 36.0 
251.0 261.0 1.6388727850528966 4.78046543864269 36.0 
251.0 262.0 1.6388727850528966 4.78046543864269 36.0 
251.0 263.0 1.6388727850528966 4.78046543864269 36.0 
251.0 264.0 1.6388727850528966 4.78046543864269 36.0 
251.0 265.0 1.6388727850528966 4.78046543864269 36.0 
251.0 266.0 1.6388727850528966 4.78046543864269 36.0 
251.0 267.0 1.6388727850528966 4.78046543864269 36.0 
251.0 268.0 1.6388727850528966 4.78046543864269 36.0 
251.0 269.0 1.6388727850528966 4.78046543864269 36.0 
251.0 270.0 1.6388727850528966 4.78046543864269 36.0 
251.0 271.0 1.6388727850528966 4.78046543864269 36.0 
251.0 272.0 1.6388727850528966 4.78046543864269 36.0 
251.0 273.0 1.6388727850528966 4.78046543864269 36.0 
251.0 274.0 1.6388727850528966 4.78046543864269 36.0 
251.0 275.0 1.6388727850528966 4.78046543864269 36.0 
251.0 276.0 1.6388727850528966 4.78046543864269 36.0 
251.0 277.0 1.6388727850528966 4.78046543864269 36.0 
251.0 278.0 1.6388727850528966 4.78046543864269 36.0 
251.0 279.0 1.6388727850528966 4.78046543864269 36.0 
251.0 280.0 1.6388727850528966 4.78046543864269 36.0 
251.0 281.0 1.6388727850528966 4.78046543864269 36.0 
251.0 282.0 1.6388727850528966 4.78046543864269 36.0 
251.0 283.0 1.6388727850528966 4.78046543864269 36.0 
251.0 284.0 1.6388727850528966 4.78046543864269 36.0 
251.0 285.0 1.6388727850528966 4.78046543864269 36.0 
251.0 286.0 1.6388727850528966 4.78046543864269 36.0 
251.0 287.0 1.6388727850528966 4.78046543864269 36.0 
251.0 288.0 1.6388727850528966 4.78046543864269 36.0 
251.0 289.0 1.6388727850528966 4.78046543864269 36.0 
251.0 290.0 1.6388727850528966 4.78046543864269 36.0 
251.0 291.0 1.6388727850528966 4.78046543864269 36.0 
251.0 292.0 1.6388727850528966 4.78046543864269 36.0 
251.0 293.0 1.6388727850528966 4.78046543864269 36.0 
251.0 294.0 1.6388727850528966 4.78046543864269 36.0 
251.0 295.0 1.6388727850528966 4.78046543864269 36.0 
251.0 296.0 1.6388727850528966 4.78046543864269 36.0 
251.0 297.0 1.6388727850528966 4.78046543864269 36.0 
252.0 209.0 1.6388727850528966 4.78046543864269 36.0 
252.0 210.0 1.6388727850528966 4.78046543864269 36.0 
252.0 211.0 1.6388727850528966 4.78046543864269 36.0 
252.0 212.0 1.6388727850528966 4.78046543864269 36.0 
252.0 213.0 1.6388727850528966 4.78046543864269 36.0 
252.0 214.0 1.6388727850528966 4.78046543864269 36.0 
252.0 215.0 1.6388727850528966 4.78046543864269 36.0 
252.0 216.0 1.6388727850528966 4.78046543864269 36.0 
252.0 217.0 1.6388727850528966 4.78046543864269 36.0 
252.0 218.0 1.6388727850528966 4.78046543864269 36.0 
252.0 219.0 1.6388727850528966 4.78046543864269 36.0 
252.0 220.0 1.6388727850528966 4.78046543864269 36.0 
252.0 221.0 1.6388727850528966 4.78046543864269 36.0 
252.0 222.0 1.6388727850528966 4.78046543864269 36.0 
252.0 223.0 1.6388727850528966 4.78046543864269 36.0 
252.0 224.0 1.6388727850528966 4.78046543864269 36.0 
252.0 225.0 1.6388727850528966 4.78046543864269 36.0 
252.0 226.0 1.6388727850528966 4.78046543864269 36.0 
252.0 227.0 1.6388727850528966 4.78046543864269 36.0 
252.0 228.0 1.6388727850528966 4.78046543864269 36.0 
252.0 229.0 1.6388727850528966 4.78046543864269 36.0 
252.0 230.0 1.6388727850528966 4.78046543864269 36.0 
252.0 231.0 1.6388727850528966 4.78046543864269 36.0 
252.0 232.0 1.6388727850528966 4.78046543864269 36.0 
252.0 233.0 1.6388727850528966 4.78046543864269 36.0 
252.0 234.0 1.6388727850528966 4.78046543864269 36.0 
252.0 235.0 1.6388727850528966 4.78046543864269 36.0 
252.0 236.0 1.6388727850528966 4.78046543864269 36.0 
252.0 237.0 1.6388727850528966 4.78046543864269 36.0 
252.0 238.0 1.6388727850528966 4.78046543864269 36.0 
252.0 239.0 1.6388727850528966 4.78046543864269 36.0 
252.0 240.0 1.6388727850528966 4.78046543864269 36.0 
252.0 241.0 1.6388727850528966 4.78046543864269 36.0 
252.0 242.0 1.6388727850528966 4.78046543864269 36.0 
252.0 243.0 1.6388727850528966 4.78046543864269 36.0 
252.0 244.0 1.6388727850528966 4.78046543864269 36.0 
252.0 245.0 1.6388727850528966 4.78046543864269 36.0 
252.0 246.0 1.6388727850528966 4.78046543864269 36.0 
252.0 247.0 1.6388727850528966 4.78046543864269 36.0 
252.0 248.0 1.6388727850528966 4.78046543864269 36.0 
252.0 249.0 1.6388727850528966 4.78046543864269 36.0 
252.0 250.0 1.6388727850528966 4.78046543864269 36.0 
252.0 251.0 1.6388727850528966 4.78046543864269 36.0 
252.0 252.0 1.6388727850528966 4.78046543864269 36.0 
252.0 253.0 1.6388727850528966 4.78046543864269 36.0 
252.0 254.0 1.6388727850528966 4.78046543864269 36.0 
252.0 255.0 1.6388727850528966 4.78046543864269 36.0 
252.0 256.0 1.6388727850528966 4.78046543864269 36.0 
252.0 257.0 1.6388727850528966 4.78046543864269 36.0 
252.0 258.0 1.6388727850528966 4.78046543864269 36.0 
252.0 259.0 1.6388727850528966 4.78046543864269 36.0 
252.0 260.0 1.6388727850528966 4.78046543864269 36.0 
252.0 261.0 1.6388727850528966 4.78046543864269 36.0 
252.0 262.0 1.6388727850528966 4.78046543864269 36.0 
252.0 263.0 1.6388727850528966 4.78046543864269 36.0 
252.0 264.0 1.6388727850528966 4.78046543864269 36.0 
252.0 265.0 1.6388727850528966 4.78046543864269 36.0 
252.0 266.0 1.6388727850528966 4.78046543864269 36.0 
252.0 267.0 1.6388727850528966 4.78046543864269 36.0 
252.0 268.0 1.6388727850528966 4.78046543864269 36.0 
252.0 269.0 1.6388727850528966 4.78046543864269 36.0 
252.0 270.0 1.6388727850528966 4.78046543864269 36.0 
252.0 271.0 1.6388727850528966 4.78046543864269 36.0 
252.0 272.0 1.6388727850528966 4.78046543864269 36.0 
252.0 273.0 1.6388727850528966 4.78046543864269 36.0 
252.0 274.0 1.6388727850528966 4.78046543864269 36.0 
252.0 275.0 1.6388727850528966 4.78046543864269 36.0 
252.0 276.0 1.6388727850528966 4.78046543864269 36.0 
252.0 277.0 1.6388727850528966 4.78046543864269 36.0 
252.0 278.0 1.6388727850528966 4.78046543864269 36.0 
252.0 279.0 1.6388727850528966 4.78046543864269 36.0 
252.0 280.0 1.6388727850528966 4.78046543864269 36.0 
252.0 281.0 1.6388727850528966 4.78046543864269 36.0 
252.0 282.0 1.6388727850528966 4.78046543864269 36.0 
252.0 283.0 1.6388727850528966 4.78046543864269 36.0 
252.0 284.0 1.6388727850528966 4.78046543864269 36.0 
252.0 285.0 1.6388727850528966 4.78046543864269 36.0 
252.0 286.0 1.6388727850528966 4.78046543864269 36.0 
252.0 287.0 1.6388727850528966 4.78046543864269 36.0 
252.0 288.0 1.6388727850528966 4.78046543864269 36.0 
252.0 289.0 1.6388727850528966 4.78046543864269 36.0 
252.0 290.0 1.6388727850528966 4.78046543864269 36.0 
252.0 291.0 1.6388727850528966 4.78046543864269 36.0 
252.0 292.0 1.6388727850528966 4.78046543864269 36.0 
252.0 293.0 1.6388727850528966 4.78046543864269 36.0 
252.0 294.0 1.6388727850528966 4.78046543864269 36.0 
252.0 295.0 1.6388727850528966 4.78046543864269 36.0 
252.0 296.0 1.6388727850528966 4.78046543864269 36.0 
252.0 297.0 1.6388727850528966 4.78046543864269 36.0 
253.0 209.0 1.6388727850528966 4.78046543864269 36.0 
253.0 210.0 1.6388727850528966 4.78046543864269 36.0 
253.0 211.0 1.6388727850528966 4.78046543864269 36.0 
253.0 212.0 1.6388727850528966 4.78046543864269 36.0 
253.0 213.0 1.6388727850528966 4.78046543864269 36.0 
253.0 214.0 1.6388727850528966 4.78046543864269 36.0 
253.0 215.0 1.6388727850528966 4.78046543864269 36.0 
253.0 216.0 1.6388727850528966 4.78046543864269 36.0 
253.0 217.0 1.6388727850528966 4.78046543864269 36.0 
253.0 218.0 1.6388727850528966 4.78046543864269 36.0 
253.0 219.0 1.6388727850528966 4.78046543864269 36.0 
253.0 220.0 1.6388727850528966 4.78046543864269 36.0 
253.0 221.0 1.6388727850528966 4.78046543864269 36.0 
253.0 222.0 1.6388727850528966 4.78046543864269 36.0 
253.0 223.0 1.6388727850528966 4.78046543864269 36.0 
253.0 224.0 1.6388727850528966 4.78046543864269 36.0 
253.0 225.0 1.6388727850528966 4.78046543864269 36.0 
253.0 226.0 1.6388727850528966 4.78046543864269 36.0 
253.0 227.0 1.6388727850528966 4.78046543864269 36.0 
253.0 228.0 1.6388727850528966 4.78046543864269 36.0 
253.0 229.0 1.6388727850528966 4.78046543864269 36.0 
253.0 230.0 1.6388727850528966 4.78046543864269 36.0 
253.0 231.0 1.6388727850528966 4.78046543864269 36.0 
253.0 232.0 1.6388727850528966 4.78046543864269 36.0 
253.0 233.0 1.6388727850528966 4.78046543864269 36.0 
253.0 234.0 1.6388727850528966 4.78046543864269 36.0 
253.0 235.0 1.6388727850528966 4.78046543864269 36.0 
253.0 236.0 1.6388727850528966 4.78046543864269 36.0 
253.0 237.0 1.6388727850528966 4.78046543864269 36.0 
253.0 238.0 1.6388727850528966 4.78046543864269 36.0 
253.0 239.0 1.6388727850528966 4.78046543864269 36.0 
253.0 240.0 1.6388727850528966 4.78046543864269 36.0 
253.0 241.0 1.6388727850528966 4.78046543864269 36.0 
253.0 242.0 1.6388727850528966 4.78046543864269 36.0 
253.0 243.0 1.6388727850528966 4.78046543864269 36.0 
253.0 244.0 1.6388727850528966 4.78046543864269 36.0 
253.0 245.0 1.6388727850528966 4.78046543864269 36.0 
253.0 246.0 1.6388727850528966 4.78046543864269 36.0 
253.0 247.0 1.6388727850528966 4.78046543864269 36.0 
253.0 248.0 1.6388727850528966 4.78046543864269 36.0 
253.0 249.0 1.6388727850528966 4.78046543864269 36.0 
253.0 250.0 1.6388727850528966 4.78046543864269 36.0 
253.0 251.0 1.6388727850528966 4.78046543864269 36.0 
253.0 252.0 1.6388727850528966 4.78046543864269 36.0 
253.0 253.0 1.6388727850528966 4.78046543864269 36.0 
253.0 254.0 1.6388727850528966 4.78046543864269 36.0 
253.0 255.0 1.6388727850528966 4.78046543864269 36.0 
253.0 256.0 1.6388727850528966 4.78046543864269 36.0 
253.0 257.0 1.6388727850528966 4.78046543864269 36.0 
253.0 258.0 1.6388727850528966 4.78046543864269 36.0 
253.0 259.0 1.6388727850528966 4.78046543864269 36.0 
253.0 260.0 1.6388727850528966 4.78046543864269 36.0 
253.0 261.0 1.6388727850528966 4.78046543864269 36.0 
253.0 262.0 1.6388727850528966 4.78046543864269 36.0 
253.0 263.0 1.6388727850528966 4.78046543864269 36.0 
253.0 264.0 1.6388727850528966 4.78046543864269 36.0 
253.0 265.0 1.6388727850528966 4.78046543864269 36.0 
253.0 266.0 1.6388727850528966 4.78046543864269 36.0 
253.0 267.0 1.6388727850528966 4.78046543864269 36.0 
253.0 268.0 1.6388727850528966 4.78046543864269 36.0 
253.0 269.0 1.6388727850528966 4.78046543864269 36.0 
253.0 270.0 1.6388727850528966 4.78046543864269 36.0 
253.0 271.0 1.6388727850528966 4.78046543864269 36.0 
253.0 272.0 1.6388727850528966 4.78046543864269 36.0 
253.0 273.0 1.6388727850528966 4.78046543864269 36.0 
253.0 274.0 1.6388727850528966 4.78046543864269 36.0 
253.0 275.0 1.6388727850528966 4.78046543864269 36.0 
253.0 276.0 1.6388727850528966 4.78046543864269 36.0 
253.0 277.0 1.6388727850528966 4.78046543864269 36.0 
253.0 278.0 1.6388727850528966 4.78046543864269 36.0 
253.0 279.0 1.6388727850528966 4.78046543864269 36.0 
253.0 280.0 1.6388727850528966 4.78046543864269 36.0 
253.0 281.0 1.6388727850528966 4.78046543864269 36.0 
253.0 282.0 1.6388727850528966 4.78046543864269 36.0 
254.0 209.0 1.6388727850528966 4.78046543864269 36.0 
254.0 210.0 1.6388727850528966 4.78046543864269 36.0 
254.0 211.0 1.6388727850528966 4.78046543864269 36.0 
254.0 212.0 1.6388727850528966 4.78046543864269 36.0 
254.0 213.0 1.6388727850528966 4.78046543864269 36.0 
254.0 214.0 1.6388727850528966 4.78046543864269 36.0 
254.0 215.0 1.6388727850528966 4.78046543864269 36.0 
254.0 216.0 1.6388727850528966 4.78046543864269 36.0 
254.0 217.0 1.6388727850528966 4.78046543864269 36.0 
254.0 218.0 1.6388727850528966 4.78046543864269 36.0 
254.0 219.0 1.6388727850528966 4.78046543864269 36.0 
254.0 220.0 1.6388727850528966 4.78046543864269 36.0 
254.0 221.0 1.6388727850528966 4.78046543864269 36.0 
254.0 222.0 1.6388727850528966 4.78046543864269 36.0 
254.0 223.0 1.6388727850528966 4.78046543864269 36.0 
254.0 224.0 1.6388727850528966 4.78046543864269 36.0 
254.0 225.0 1.6388727850528966 4.78046543864269 36.0 
254.0 226.0 1.6388727850528966 4.78046543864269 36.0 
254.0 227.0 1.6388727850528966 4.78046543864269 36.0 
254.0 228.0 1.6388727850528966 4.78046543864269 36.0 
254.0 229.0 1.6388727850528966 4.78046543864269 36.0 
254.0 230.0 1.6388727850528966 4.78046543864269 36.0 
254.0 231.0 1.6388727850528966 4.78046543864269 36.0 
254.0 232.0 1.6388727850528966 4.78046543864269 36.0 
254.0 233.0 1.6388727850528966 4.78046543864269 36.0 
254.0 234.0 1.6388727850528966 4.78046543864269 36.0 
254.0 235.0 1.6388727850528966 4.78046543864269 36.0 
254.0 236.0 1.6388727850528966 4.78046543864269 36.0 
254.0 237.0 1.6388727850528966 4.78046543864269 36.0 
254.0 238.0 1.6388727850528966 4.78046543864269 36.0 
254.0 239.0 1.6388727850528966 4.78046543864269 36.0 
254.0 240.0 1.6388727850528966 4.78046543864269 36.0 
254.0 241.0 1.6388727850528966 4.78046543864269 36.0 
254.0 242.0 1.6388727850528966 4.78046543864269 36.0 
254.0 243.0 1.6388727850528966 4.78046543864269 36.0 
254.0 244.0 1.6388727850528966 4.78046543864269 36.0 
254.0 245.0 1.6388727850528966 4.78046543864269 36.0 
254.0 246.0 1.6388727850528966 4.78046543864269 36.0 
254.0 247.0 1.6388727850528966 4.78046543864269 36.0 
254.0 248.0 1.6388727850528966 4.78046543864269 36.0 
254.0 249.0 1.6388727850528966 4.78046543864269 36.0 
254.0 250.0 1.6388727850528966 4.78046543864269 36.0 
254.0 251.0 1.6388727850528966 4.78046543864269 36.0 
254.0 252.0 1.6388727850528966 4.78046543864269 36.0 
254.0 253.0 1.6388727850528966 4.78046543864269 36.0 
254.0 254.0 1.6388727850528966 4.78046543864269 36.0 
254.0 255.0 1.6388727850528966 4.78046543864269 36.0 
254.0 256.0 1.6388727850528966 4.78046543864269 36.0 
254.0 257.0 1.6388727850528966 4.78046543864269 36.0 
254.0 258.0 1.6388727850528966 4.78046543864269 36.0 
254.0 259.0 1.6388727850528966 4.78046543864269 36.0 
254.0 260.0 1.6388727850528966 4.78046543864269 36.0 
254.0 261.0 1.6388727850528966 4.78046543864269 36.0 
254.0 262.0 1.6388727850528966 4.78046543864269 36.0 
254.0 263.0 1.6388727850528966 4.78046543864269 36.0 
254.0 264.0 1.6388727850528966 4.78046543864269 36.0 
254.0 265.0 1.6388727850528966 4.78046543864269 36.0 
254.0 266.0 1.6388727850528966 4.78046543864269 36.0 
254.0 267.0 1.6388727850528966 4.78046543864269 36.0 
255.0 209.0 1.6388727850528966 4.78046543864269 36.0 
255.0 210.0 1.6388727850528966 4.78046543864269 36.0 
255.0 211.0 1.6388727850528966 4.78046543864269 36.0 
255.0 212.0 1.6388727850528966 4.78046543864269 36.0 
255.0 213.0 1.6388727850528966 4.78046543864269 36.0 
255.0 214.0 1.6388727850528966 4.78046543864269 36.0 
255.0 215.0 1.6388727850528966 4.78046543864269 36.0 
255.0 216.0 1.6388727850528966 4.78046543864269 36.0 
255.0 217.0 1.6388727850528966 4.78046543864269 36.0 
255.0 218.0 1.6388727850528966 4.78046543864269 36.0 
255.0 219.0 1.6388727850528966 4.78046543864269 36.0 
255.0 220.0 1.6388727850528966 4.78046543864269 36.0 
255.0 221.0 1.6388727850528966 4.78046543864269 36.0 
255.0 222.0 1.6388727850528966 4.78046543864269 36.0 
255.0 223.0 1.6388727850528966 4.78046543864269 36.0 
255.0 224.0 1.6388727850528966 4.78046543864269 36.0 
255.0 225.0 1.6388727850528966 4.78046543864269 36.0 
255.0 226.0 1.6388727850528966 4.78046543864269 36.0 
255.0 227.0 1.6388727850528966 4.78046543864269 36.0 
255.0 228.0 1.6388727850528966 4.78046543864269 36.0 
255.0 229.0 1.6388727850528966 4.78046543864269 36.0 
255.0 230.0 1.6388727850528966 4.78046543864269 36.0 
255.0 231.0 1.6388727850528966 4.78046543864269 36.0 
255.0 232.0 1.6388727850528966 4.78046543864269 36.0 
255.0 233.0 1.6388727850528966 4.78046543864269 36.0 
255.0 234.0 1.6388727850528966 4.78046543864269 36.0 
255.0 235.0 1.6388727850528966 4.78046543864269 36.0 
255.0 236.0 1.6388727850528966 4.78046543864269 36.0 
255.0 237.0 1.6388727850528966 4.78046543864269 36.0 
255.0 238.0 1.6388727850528966 4.78046543864269 36.0 
255.0 239.0 1.6388727850528966 4.78046543864269 36.0 
255.0 240.0 1.6388727850528966 4.78046543864269 36.0 
255.0 241.0 1.6388727850528966 4.78046543864269 36.0 
255.0 242.0 1.6388727850528966 4.78046543864269 36.0 
255.0 243.0 1.6388727850528966 4.78046543864269 36.0 
255.0 244.0 1.6388727850528966 4.78046543864269 36.0 
255.0 245.0 1.6388727850528966 4.78046543864269 36.0 
255.0 246.0 1.6388727850528966 4.78046543864269 36.0 
255.0 247.0 1.6388727850528966 4.78046543864269 36.0 
255.0 248.0 1.6388727850528966 4.78046543864269 36.0 
255.0 249.0 1.6388727850528966 4.78046543864269 36.0 
255.0 250.0 1.6388727850528966 4.78046543864269 36.0 
255.0 251.0 1.6388727850528966 4.78046543864269 36.0 
255.0 252.0 1.6388727850528966 4.78046543864269 36.0 
255.0 253.0 1.6388727850528966 4.78046543864269 36.0 
256.0 210.0 1.6388727850528966 4.78046543864269 36.0 
256.0 211.0 1.6388727850528966 4.78046543864269 36.0 
256.0 212.0 1.6388727850528966 4.78046543864269 36.0 
256.0 213.0 1.6388727850528966 4.78046543864269 36.0 
256.0 214.0 1.6388727850528966 4.78046543864269 36.0 
256.0 215.0 1.6388727850528966 4.78046543864269 36.0 
256.0 216.0 1.6388727850528966 4.78046543864269 36.0 
256.0 217.0 1.6388727850528966 4.78046543864269 36.0 
256.0 218.0 1.6388727850528966 4.78046543864269 36.0 
256.0 219.0 1.6388727850528966 4.78046543864269 36.0 
256.0 220.0 1.6388727850528966 4.78046543864269 36.0 
256.0 221.0 1.6388727850528966 4.78046543864269 36.0 
256.0 222.0 1.6388727850528966 4.78046543864269 36.0 
256.0 223.0 1.6388727850528966 4.78046543864269 36.0 
256.0 224.0 1.6388727850528966 4.78046543864269 36.0 
256.0 225.0 1.6388727850528966 4.78046543864269 36.0 
256.0 226.0 1.6388727850528966 4.78046543864269 36.0 
256.0 227.0 1.6388727850528966 4.78046543864269 36.0 
256.0 228.0 1.6388727850528966 4.78046543864269 36.0 
256.0 229.0 1.6388727850528966 4.78046543864269 36.0 
256.0 230.0 1.6388727850528966 4.78046543864269 36.0 
256.0 231.0 1.6388727850528966 4.78046543864269 36.0 
256.0 232.0 1.6388727850528966 4.78046543864269 36.0 
256.0 233.0 1.6388727850528966 4.78046543864269 36.0 
256.0 234.0 1.6388727850528966 4.78046543864269 36.0 
256.0 235.0 1.6388727850528966 4.78046543864269 36.0 
256.0 236.0 1.6388727850528966 4.78046543864269 36.0 
256.0 237.0 1.6388727850528966 4.78046543864269 36.0 
256.0 238.0 1.6388727850528966 4.78046543864269 36.0 
257.0 210.0 1.6388727850528966 4.78046543864269 36.0 
257.0 211.0 1.6388727850528966 4.78046543864269 36.0 
257.0 212.0 1.6388727850528966 4.78046543864269 36.0 
257.0 213.0 1.6388727850528966 4.78046543864269 36.0 
257.0 214.0 1.6388727850528966 4.78046543864269 36.0 
257.0 215.0 1.6388727850528966 4.78046543864269 36.0 
257.0 216.0 1.6388727850528966 4.78046543864269 36.0 
257.0 217.0 1.6388727850528966 4.78046543864269 36.0 
257.0 218.0 1.6388727850528966 4.78046543864269 36.0 
257.0 219.0 1.6388727850528966 4.78046543864269 36.0 
257.0 220.0 1.6388727850528966 4.78046543864269 36.0 
257.0 221.0 1.6388727850528966 4.78046543864269 36.0 
257.0 222.0 1.6388727850528966 4.78046543864269 36.0 
257.0 223.0 1.6388727850528966 4.78046543864269 36.0 
249.0 300.0 4.529278163122207 1.3876855095324137 32.0 
249.0 301.0 4.529278163122207 1.3876855095324137 32.0 
250.0 299.0 4.529278163122207 1.3876855095324137 32.0 
250.0 300.0 4.529278163122207 1.3876855095324137 32.0 
250.0 301.0 4.529278163122207 1.3876855095324137 32.0 
250.0 302.0 4.529278163122207 1.3876855095324137 32.0 
250.0 303.0 4.529278163122207 1.3876855095324137 32.0 
250.0 304.0 4.529278163122207 1.3876855095324137 32.0 
250.0 305.0 4.529278163122207 1.3876855095324137 32.0 
250.0 306.0 4.529278163122207 1.3876855095324137 32.0 
250.0 307.0 4.529278163122207 1.3876855095324137 32.0 
251.0 299.0 4.529278163122207 1.3876855095324137 32.0 
251.0 300.0 4.529278163122207 1.3876855095324137 32.0 
251.0 301.0 4.529278163122207 1.3876855095324137 32.0 
251.0 302.0 4.529278163122207 1.3876855095324137 32.0 
251.0 303.0 4.529278163122207 1.3876855095324137 32.0 
251.0 304.0 4.529278163122207 1.3876855095324137 32.0 
251.0 305.0 4.529278163122207 1.3876855095324137 32.0 
251.0 306.0 4.529278163122207 1.3876855095324137 32.0 
251.0 307.0 4.529278163122207 1.3876855095324137 32.0 
251.0 308.0 4.529278163122207 1.3876855095324137 32.0 
251.0 309.0 4.529278163122207 1.3876855095324137 32.0 
251.0 310.0 4.529278163122207 1.3876855095324137 32.0 
251.0 311.0 4.529278163122207 1.3876855095324137 32.0 
251.0 312.0 4.529278163122207 1.3876855095324137 32.0 
252.0 302.0 4.529278163122207 1.3876855095324137 32.0 
252.0 303.0 4.529278163122207 1.3876855095324137 32.0 
252.0 304.0 4.529278163122207 1.3876855095324137 32.0 
252.0 305.0 4.529278163122207 1.3876855095324137 32.0 
252.0 306.0 4.529278163122207 1.3876855095324137 32.0 
252.0 307.0 4.529278163122207 1.3876855095324137 32.0 
252.0 308.0 4.529278163122207 1.3876855095324137 32.0 
252.0 309.0 4.529278163122207 1.3876855095324137 32.0 
252.0 310.0 4.529278163122207 1.3876855095324137 32.0 
252.0 311.0 4.529278163122207 1.3876855095324137 32.0 
252.0 312.0 4.529278163122207 1.3876855095324137 32.0 
252.0 313.0 4.529278163122207 1.3876855095324137 32.0 
252.0 314.0 4.529278163122207 1.3876855095324137 32.0 
252.0 315.0 4.529278163122207 1.3876855095324137 32.0 
252.0 316.0 4.529278163122207 1.3876855095324137 32.0 
252.0 317.0 4.529278163122207 1.3876855095324137 32.0 
252.0 318.0 4.529278163122207 1.3876855095324137 32.0 
253.0 307.0 4.529278163122207 1.3876855095324137 32.0 
253.0 308.0 4.529278163122207 1.3876855095324137 32.0 
253.0 309.0 4.529278163122207 1.3876855095324137 32.0 
253.0 310.0 4.529278163122207 1.3876855095324137 32.0 
253.0 311.0 4.529278163122207 1.3876855095324137 32.0 
253.0 312.0 4.529278163122207 1.3876855095324137 32.0 
253.0 313.0 4.529278163122207 1.3876855095324137 32.0 
253.0 314.0 4.529278163122207 1.3876855095324137 32.0 
253.0 315.0 4.529278163122207 1.3876855095324137 32.0 
253.0 316.0 4.529278163122207 1.3876855095324137 32.0 
253.0 317.0 4.529278163122207 1.3876855095324137 32.0 
253.0 318.0 4.529278163122207 1.3876855095324137 32.0 
253.0 319.0 4.529278163122207 1.3876855095324137 32.0 
253.0 320.0 4.529278163122207 1.3876855095324137 32.0 
253.0 321.0 4.529278163122207 1.3876855095324137 32.0 
253.0 322.0 4.529278163122207 1.3876855095324137 32.0 
253.0 323.0 4.529278163122207 1.3876855095324137 32.0 
254.0 313.0 4.529278163122207 1.3876855095324137 32.0 
254.0 314.0 4.529278163122207 1.3876855095324137 32.0 
254.0 315.0 4.529278163122207 1.3876855095324137 32.0 
254.0 316.0 4.529278163122207 1.3876855095324137 32.0 
254.0 317.0 4.529278163122207 1.3876855095324137 32.0 
254.0 318.0 4.529278163122207 1.3876855095324137 32.0 
254.0 319.0 4.529278163122207 1.3876855095324137 32.0 
254.0 320.0 4.529278163122207 1.3876855095324137 32.0 
254.0 321.0 4.529278163122207 1.3876855095324137 32.0 
254.0 322.0 4.529278163122207 1.3876855095324137 32.0 
254.0 323.0 4.529278163122207 1.3876855095324137 32.0 
254.0 324.0 4.529278163122207 1.3876855095324137 32.0 
254.0 325.0 4.529278163122207 1.3876855095324137 32.0 
254.0 326.0 4.529278163122207 1.3876855095324137 32.0 
255.0 318.0 4.529278163122207 1.3876855095324137 32.0 
255.0 319.0 4.529278163122207 1.3876855095324137 32.0 
255.0 320.0 4.529278163122207 1.3876855095324137 32.0 
255.0 321.0 4.529278163122207 1.3876855095324137 32.0 
255.0 322.0 4.529278163122207 1.3876855095324137 32.0 
255.0 323.0 4.529278163122207 1.3876855095324137 32.0 
255.0 324.0 4.529278163122207 1.3876855095324137 32.0 
255.0 325.0 4.529278163122207 1.3876855095324137 32.0 
256.0 324.0 4.529278163122207 1.3876855095324137 32.0 
256.0 325.0 4.529278163122207 1.3876855095324137 32.0 
251.0 337.0 1.6207547225168404 4.762347376106633 48.0 
251.0 338.0 1.6207547225168404 4.762347376106633 48.0 
251.0 339.0 1.6207547225168404 4.762347376106633 48.0 
251.0 340.0 1.6207547225168404 4.762347376106633 48.0 
251.0 341.0 1.6207547225168404 4.762347376106633 48.0 
251.0 342.0 1.6207547225168404 4.762347376106633 48.0 
251.0 343.0 1.6207547225168404 4.762347376106633 48.0 
251.0 344.0 1.6207547225168404 4.762347376106633 48.0 
251.0 345.0 1.6207547225168404 4.762347376106633 48.0 
251.0 346.0 1.6207547225168404 4.762347376106633 48.0 
251.0 347.0 1.6207547225168404 4.762347376106633 48.0 
251.0 348.0 1.6207547225168404 4.762347376106633 48.0 
251.0 349.0 1.6207547225168404 4.762347376106633 48.0 
251.0 350.0 1.6207547225168404 4.762347376106633 48.0 
251.0 351.0 1.6207547225168404 4.762347376106633 48.0 
251.0 352.0 1.6207547225168404 4.762347376106633 48.0 
251.0 353.0 1.6207547225168404 4.762347376106633 48.0 
251.0 354.0 1.6207547225168404 4.762347376106633 48.0 
251.0 355.0 1.6207547225168404 4.762347376106633 48.0 
251.0 356.0 1.6207547225168404 4.762347376106633 48.0 
252.0 337.0 1.6207547225168404 4.762347376106633 48.0 
252.0 338.0 1.6207547225168404 4.762347376106633 48.0 
252.0 339.0 1.6207547225168404 4.762347376106633 48.0 
252.0 340.0 1.6207547225168404 4.762347376106633 48.0 
252.0 341.0 1.6207547225168404 4.762347376106633 48.0 
252.0 342.0 1.6207547225168404 4.762347376106633 48.0 
252.0 343.0 1.6207547225168404 4.762347376106633 48.0 
252.0 344.0 1.6207547225168404 4.762347376106633 48.0 
252.0 345.0 1.6207547225168404 4.762347376106633 48.0 
252.0 346.0 1.6207547225168404 4.762347376106633 48.0 
252.0 347.0 1.6207547225168404 4.762347376106633 48.0 
252.0 348.0 1.6207547225168404 4.762347376106633 48.0 
252.0 349.0 1.6207547225168404 4.762347376106633 48.0 
252.0 350.0 1.6207547225168404 4.762347376106633 48.0 
252.0 351.0 1.6207547225168404 4.762347376106633 48.0 
252.0 352.0 1.6207547225168404 4.762347376106633 48.0 
252.0 353.0 1.6207547225168404 4.762347376106633 48.0 
252.0 354.0 1.6207547225168404 4.762347376106633 48.0 
252.0 355.0 1.6207547225168404 4.762347376106633 48.0 
252.0 356.0 1.6207547225168404 4.762347376106633 48.0 
253.0 337.0 1.6207547225168404 4.762347376106633 48.0 
253.0 338.0 1.6207547225168404 4.762347376106633 48.0 
253.0 339.0 1.6207547225168404 4.762347376106633 48.0 
253.0 340.0 1.6207547225168404 4.762347376106633 48.0 
253.0 341.0 1.6207547225168404 4.762347376106633 48.0 
253.0 342.0 1.6207547225168404 4.762347376106633 48.0 
253.0 343.0 1.6207547225168404 4.762347376106633 48.0 
253.0 344.0 1.6207547225168404 4.762347376106633 48.0 
253.0 345.0 1.6207547225168404 4.762347376106633 48.0 
253.0 346.0 1.6207547225168404 4.762347376106633 48.0 
253.0 347.0 1.6207547225168404 4.762347376106633 48.0 
253.0 348.0 1.6207547225168404 4.762347376106633 48.0 
253.0 349.0 1.6207547225168404 4.762347376106633 48.0 
253.0 350.0 1.6207547225168404 4.762347376106633 48.0 
253.0 351.0 1.6207547225168404 4.762347376106633 48.0 
253.0 352.0 1.6207547225168404 4.762347376106633 48.0 
253.0 353.0 1.6207547225168404 4.762347376106633 48.0 
253.0 354.0 1.6207547225168404 4.762347376106633 48.0 
253.0 355.0 1.6207547225168404 4.762347376106633 48.0 
253.0 356.0 1.6207547225168404 4.762347376106633 48.0 
254.0 337.0 1.6207547225168404 4.762347376106633 48.0 
254.0 338.0 1.6207547225168404 4.762347376106633 48.0 
254.0 339.0 1.6207547225168404 4.762347376106633 48.0 
254.0 340.0 1.6207547225168404 4.762347376106633 48.0 
254.0 341.0 1.6207547225168404 4.762347376106633 48.0 
254.0 342.0 1.6207547225168404 4.762347376106633 48.0 
254.0 343.0 1.6207547225168404 4.762347376106633 48.0 
254.0 344.0 1.6207547225168404 4.762347376106633 48.0 
254.0 345.0 1.6207547225168404 4.762347376106633 48.0 
254.0 346.0 1.6207547225168404 4.762347376106633 48.0 
254.0 347.0 1.6207547225168404 4.762347376106633 48.0 
254.0 348.0 1.6207547225168404 4.762347376106633 48.0 
254.0 349.0 1.6207547225168404 4.762347376106633 48.0 
254.0 350.0 1.6207547225168404 4.762347376106633 48.0 
254.0 351.0 1.6207547225168404 4.762347376106633 48.0 
254.0 352.0 1.6207547225168404 4.762347376106633 48.0 
254.0 353.0 1.6207547225168404 4.762347376106633 48.0 
254.0 354.0 1.6207547225168404 4.762347376106633 48.0 
254.0 355.0 1.6207547225168404 4.762347376106633 48.0 
254.0 356.0 1.6207547225168404 4.762347376106633 48.0 
254.0 357.0 1.6207547225168404 4.762347376106633 48.0 
255.0 338.0 1.6207547225168404 4.762347376106633 48.0 
255.0 339.0 1.6207547225168404 4.762347376106633 48.0 
255.0 340.0 1.6207547225168404 4.762347376106633 48.0 
255.0 341.0 1.6207547225168404 4.762347376106633 48.0 
255.0 342.0 1.6207547225168404 4.762347376106633 48.0 
255.0 343.0 1.6207547225168404 4.762347376106633 48.0 
255.0 344.0 1.6207547225168404 4.762347376106633 48.0 
255.0 345.0 1.6207547225168404 4.762347376106633 48.0 
255.0 346.0 1.6207547225168404 4.762347376106633 48.0 
255.0 347.0 1.6207547225168404 4.762347376106633 48.0 
255.0 348.0 1.6207547225168404 4.762347376106633 48.0 
255.0 349.0 1.6207547225168404 4.762347376106633 48.0 
255.0 350.0 1.6207547225168404 4.762347376106633 48.0 
255.0 351.0 1.6207547225168404 4.762347376106633 48.0 
255.0 352.0 1.6207547225168404 4.762347376106633 48.0 
255.0 353.0 1.6207547225168404 4.762347376106633 48.0 
255.0 354.0 1.6207547225168404 4.762347376106633 48.0 
255.0 355.0 1.6207547225168404 4.762347376106633 48.0 
255.0 356.0 1.6207547225168404 4.762347376106633 48.0 
255.0 357.0 1.6207547225168404 4.762347376106633 48.0 
256.0 338.0 1.6207547225168404 4.762347376106633 48.0 
256.0 339.0 1.6207547225168404 4.762347376106633 48.0 
256.0 340.0 1.6207547225168404 4.762347376106633 48.0 
256.0 341.0 1.6207547225168404 4.762347376106633 48.0 
256.0 342.0 1.6207547225168404 4.762347376106633 48.0 
256.0 343.0 1.6207547225168404 4.762347376106633 48.0 
256.0 344.0 1.6207547225168404 4.762347376106633 48.0 
256.0 345.0 1.6207547225168404 4.762347376106633 48.0 
256.0 346.0 1.6207547225168404 4.762347376106633 48.0 
256.0 347.0 1.6207547225168404 4.762347376106633 48.0 
256.0 348.0 1.6207547225168404 4.762347376106633 48.0 
256.0 349.0 1.6207547225168404 4.762347376106633 48.0 
256.0 350.0 1.6207547225168404 4.762347376106633 48.0 
256.0 351.0 1.6207547225168404 4.762347376106633 48.0 
256.0 352.0 1.6207547225168404 4.762347376106633 48.0 
256.0 353.0 1.6207547225168404 4.762347376106633 48.0 
256.0 354.0 1.6207547225168404 4.762347376106633 48.0 
256.0 355.0 1.6207547225168404 4.762347376106633 48.0 
256.0 356.0 1.6207547225168404 4.762347376106633 48.0 
256.0 357.0 1.6207547225168404 4.762347376106633 48.0 
