207.0 259.0 3.0309354324158977 6.17252808600569 20.0 
208.0 259.0 3.0309354324158977 6.17252808600569 20.0 
208.0 260.0 3.0309354324158977 6.17252808600569 20.0 
209.0 259.0 3.0309354324158977 6.17252808600569 20.0 
209.0 260.0 3.0309354324158977 6.17252808600569 20.0 
210.0 259.0 3.0309354324158977 6.17252808600569 20.0 
210.0 260.0 3.0309354324158977 6.17252808600569 20.0 
211.0 259.0 3.0309354324158977 6.17252808600569 20.0 
211.0 260.0 3.0309354324158977 6.17252808600569 20.0 
212.0 259.0 3.0309354324158977 6.17252808600569 20.0 
212.0 260.0 3.0309354324158977 6.17252808600569 20.0 
213.0 259.0 3.0309354324158977 6.17252808600569 20.0 
213.0 260.0 3.0309354324158977 6.17252808600569 20.0 
214.0 259.0 3.0309354324158977 6.17252808600569 20.0 
214.0 260.0 3.0309354324158977 6.17252808600569 20.0 
215.0 259.0 3.0309354324158977 6.17252808600569 20.0 
215.0 260.0 3.0309354324158977 6.17252808600569 20.0 
216.0 258.0 3.0309354324158977 6.17252808600569 20.0 
216.0 259.0 3.0309354324158977 6.17252808600569 20.0 
216.0 260.0 3.0309354324158977 6.17252808600569 20.0 
217.0 258.0 3.0309354324158977 6.17252808600569 20.0 
217.0 259.0 3.0309354324158977 6.17252808600569 20.0 
218.0 258.0 3.0309354324158977 6.17252808600569 20.0 
218.0 259.0 3.0309354324158977 6.17252808600569 20.0 
219.0 258.0 3.0309354324158977 6.17252808600569 20.0 
219.0 259.0 3.0309354324158977 6.17252808600569 20.0 
220.0 258.0 3.0309354324158977 6.17252808600569 20.0 
220.0 259.0 3.0309354324158977 6.17252808600569 20.0 
221.0 258.0 3.0309354324158977 6.17252808600569 20.0 
221.0 259.0 3.0309354324158977 6.17252808600569 20.0 
222.0 258.0 3.0309354324158977 6.17252808600569 20.0 
222.0 259.0 3.0309354324158977 6.17252808600569 20.0 
223.0 258.0 3.0309354324158977 6.17252808600569 20.0 
223.0 259.0 3.0309354324158977 6.17252808600569 20.0 
224.0 258.0 3.0309354324158977 6.17252808600569 20.0 
224.0 259.0 3.0309354324158977 6.17252808600569 20.0 
225.0 257.0 3.0309354324158977 6.17252808600569 20.0 
225.0 258.0 3.0309354324158977 6.17252808600569 20.0 
225.0 259.0 3.0309354324158977 6.17252808600569 20.0 
226.0 257.0 3.0309354324158977 6.17252808600569 20.0 
226.0 258.0 3.0309354324158977 6.17252808600569 20.0 
227.0 257.0 3.0309354324158977 6.17252808600569 20.0 
227.0 258.0 3.0309354324158977 6.17252808600569 20.0 
228.0 257.0 3.0309354324158977 6.17252808600569 20.0 
228.0 258.0 3.0309354324158977 6.17252808600569 20.0 
229.0 257.0 3.0309354324158977 6.17252808600569 20.0 
229.0 258.0 3.0309354324158977 6.17252808600569 20.0 
230.0 257.0 3.0309354324158977 6.17252808600569 20.0 
230.0 258.0 3.0309354324158977 6.17252808600569 20.0 
231.0 257.0 3.0309354324158977 6.17252808600569 20.0 
231.0 258.0 3.0309354324158977 6.17252808600569 20.0 
232.0 257.0 3.0309354324158977 6.17252808600569 20.0 
232.0 258.0 3.0309354324158977 6.17252808600569 20.0 
233.0 257.0 3.0309354324158977 6.17252808600569 20.0 
233.0 258.0 3.0309354324158977 6.17252808600569 20.0 
234.0 256.0 3.0309354324158977 6.17252808600569 20.0 
234.0 257.0 3.0309354324158977 6.17252808600569 20.0 
234.0 258.0 3.0309354324158977 6.17252808600569 20.0 
235.0 256.0 3.0309354324158977 6.17252808600569 20.0 
235.0 257.0 3.0309354324158977 6.17252808600569 20.0 
236.0 256.0 3.0309354324158977 6.17252808600569 20.0 
236.0 257.0 3.0309354324158977 6.17252808600569 20.0 
237.0 256.0 3.0309354324158977 6.17252808600569 20.0 
237.0 257.0 3.0309354324158977 6.17252808600569 20.0 
238.0 256.0 3.0309354324158977 6.17252808600569 20.0 
238.0 257.0 3.0309354324158977 6.17252808600569 20.0 
239.0 256.0 3.0309354324158977 6.17252808600569 20.0 
239.0 257.0 3.0309354324158977 6.17252808600569 20.0 
240.0 256.0 3.0309354324158977 6.17252808600569 20.0 
240.0 257.0 3.0309354324158977 6.17252808600569 20.0 
241.0 256.0 3.0309354324158977 6.17252808600569 20.0 
241.0 257.0 3.0309354324158977 6.17252808600569 20.0 
242.0 256.0 3.0309354324158977 6.17252808600569 20.0 
242.0 257.0 3.0309354324158977 6.17252808600569 20.0 
243.0 256.0 3.0309354324158977 6.17252808600569 20.0 
243.0 257.0 3.0309354324158977 6.17252808600569 20.0 
254.0 260.0 3.425386762798122 0.2837941092083291 24.0 
254.0 261.0 3.425386762798122 0.2837941092083291 24.0 
254.0 262.0 3.425386762798122 0.2837941092083291 24.0 
255.0 259.0 3.425386762798122 0.2837941092083291 24.0 
255.0 260.0 3.425386762798122 0.2837941092083291 24.0 
255.0 261.0 3.425386762798122 0.2837941092083291 24.0 
255.0 262.0 3.425386762798122 0.2837941092083291 24.0 
256.0 259.0 3.425386762798122 0.2837941092083291 24.0 
256.0 260.0 3.425386762798122 0.2837941092083291 24.0 
256.0 261.0 3.425386762798122 0.2837941092083291 24.0 
256.0 262.0 3.425386762798122 0.2837941092083291 24.0 
257.0 259.0 3.425386762798122 0.2837941092083291 24.0 
257.0 260.0 3.425386762798122 0.2837941092083291 24.0 
257.0 261.0 3.425386762798122 0.2837941092083291 24.0 
257.0 262.0 3.425386762798122 0.2837941092083291 24.0 
258.0 260.0 3.425386762798122 0.2837941092083291 24.0 
258.0 261.0 3.425386762798122 0.2837941092083291 24.0 
258.0 262.0 3.425386762798122 0.2837941092083291 24.0 
258.0 263.0 3.425386762798122 0.2837941092083291 24.0 
259.0 260.0 3.425386762798122 0.2837941092083291 24.0 
259.0 261.0 3.425386762798122 0.2837941092083291 24.0 
259.0 262.0 3.425386762798122 0.2837941092083291 24.0 
259.0 263.0 3.425386762798122 0.2837941092083291 24.0 
260.0 260.0 3.425386762798122 0.2837941092083291 24.0 
260.0 261.0 3.425386762798122 0.2837941092083291 24.0 
260.0 262.0 3.425386762798122 0.2837941092083291 24.0 
260.0 263.0 3.425386762798122 0.2837941092083291 24.0 
261.0 260.0 3.425386762798122 0.2837941092083291 24.0 
261.0 261.0 3.425386762798122 0.2837941092083291 24.0 
261.0 262.0 3.425386762798122 0.2837941092083291 24.0 
261.0 263.0 3.425386762798122 0.2837941092083291 24.0 
261.0 264.0 3.425386762798122 0.2837941092083291 24.0 
262.0 261.0 3.425386762798122 0.2837941092083291 24.0 
262.0 262.0 3.425386762798122 0.2837941092083291 24.0 
262.0 263.0 3.425386762798122 0.2837941092083291 24.0 
262.0 264.0 3.425386762798122 0.2837941092083291 24.0 
263.0 261.0 3.425386762798122 0.2837941092083291 24.0 
263.0 262.0 3.425386762798122 0.2837941092083291 24.0 
263.0 263.0 3.425386762798122 0.2837941092083291 24.0 
263.0 264.0 3.425386762798122 0.2837941092083291 24.0 
264.0 261.0 3.425386762798122 0.2837941092083291 24.0 
264.0 262.0 3.425386762798122 0.2837941092083291 24.0 
264.0 263.0 3.425386762798122 0.2837941092083291 24.0 
264.0 264.0 3.425386762798122 0.2837941092083291 24.0 
265.0 262.0 3.425386762798122 0.2837941092083291 24.0 
265.0 263.0 3.425386762798122 0.2837941092083291 24.0 
265.0 264.0 3.425386762798122 0.2837941092083291 24.0 
265.0 265.0 3.425386762798122 0.2837941092083291 24.0 
266.0 262.0 3.425386762798122 0.2837941092083291 24.0 
266.0 263.0 3.425386762798122 0.2837941092083291 24.0 
266.0 264.0 3.425386762798122 0.2837941092083291 24.0 
266.0 265.0 3.425386762798122 0.2837941092083291 24.0 
267.0 262.0 3.425386762798122 0.2837941092083291 24.0 
267.0 263.0 3.425386762798122 0.2837941092083291 24.0 
267.0 264.0 3.425386762798122 0.2837941092083291 24.0 
267.0 265.0 3.425386762798122 0.2837941092083291 24.0 
268.0 262.0 3.425386762798122 0.2837941092083291 24.0 
268.0 263.0 3.425386762798122 0.2837941092083291 24.0 
268.0 264.0 3.425386762798122 0.2837941092083291 24.0 
268.0 265.0 3.425386762798122 0.2837941092083291 24.0 
268.0 266.0 3.425386762798122 0.2837941092083291 24.0 
269.0 263.0 3.425386762798122 0.2837941092083291 24.0 
269.0 264.0 3.425386762798122 0.2837941092083291 24.0 
269.0 265.0 3.425386762798122 0.2837941092083291 24.0 
269.0 266.0 3.425386762798122 0.2837941092083291 24.0 
270.0 263.0 3.425386762798122 0.2837941092083291 24.0 
270.0 264.0 3.425386762798122 0.2837941092083291 24.0 
270.0 265.0 3.425386762798122 0.2837941092083291 24.0 
270.0 266.0 3.425386762798122 0.2837941092083291 24.0 
271.0 263.0 3.425386762798122 0.2837941092083291 24.0 
271.0 264.0 3.425386762798122 0.2837941092083291 24.0 
271.0 265.0 3.425386762798122 0.2837941092083291 24.0 
271.0 266.0 3.425386762798122 0.2837941092083291 24.0 
271.0 267.0 3.425386762798122 0.2837941092083291 24.0 
272.0 264.0 3.425386762798122 0.2837941092083291 24.0 
272.0 265.0 3.425386762798122 0.2837941092083291 24.0 
272.0 266.0 3.425386762798122 0.2837941092083291 24.0 
272.0 267.0 3.425386762798122 0.2837941092083291 24.0 
273.0 264.0 3.425386762798122 0.2837941092083291 24.0 
273.0 265.0 3.425386762798122 0.2837941092083291 24.0 
273.0 266.0 3.425386762798122 0.2837941092083291 24.0 
273.0 267.0 3.425386762798122 0.2837941092083291 24.0 
274.0 264.0 3.425386762798122 0.2837941092083291 24.0 
274.0 265.0 3.425386762798122 0.2837941092083291 24.0 
274.0 266.0 3.425386762798122 0.2837941092083291 24.0 
274.0 267.0 3.425386762798122 0.2837941092083291 24.0 
275.0 265.0 3.425386762798122 0.2837941092083291 24.0 
275.0 266.0 3.425386762798122 0.2837941092083291 24.0 
275.0 267.0 3.425386762798122 0.2837941092083291 24.0 
275.0 268.0 3.425386762798122 0.2837941092083291 24.0 
276.0 265.0 3.425386762798122 0.2837941092083291 24.0 
276.0 266.0 3.425386762798122 0.2837941092083291 24.0 
276.0 267.0 3.425386762798122 0.2837941092083291 24.0 
276.0 268.0 3.425386762798122 0.2837941092083291 24.0 
277.0 265.0 3.425386762798122 0.2837941092083291 24.0 
277.0 266.0 3.425386762798122 0.2837941092083291 24.0 
277.0 267.0 3.425386762798122 0.2837941092083291 24.0 
277.0 268.0 3.425386762798122 0.2837941092083291 24.0 
278.0 265.0 3.425386762798122 0.2837941092083291 24.0 
278.0 266.0 3.425386762798122 0.2837941092083291 24.0 
278.0 267.0 3.425386762798122 0.2837941092083291 24.0 
278.0 268.0 3.425386762798122 0.2837941092083291 24.0 
278.0 269.0 3.425386762798122 0.2837941092083291 24.0 
279.0 266.0 3.425386762798122 0.2837941092083291 24.0 
279.0 267.0 3.425386762798122 0.2837941092083291 24.0 
279.0 268.0 3.425386762798122 0.2837941092083291 24.0 
279.0 269.0 3.425386762798122 0.2837941092083291 24.0 
280.0 266.0 3.425386762798122 0.2837941092083291 24.0 
280.0 267.0 3.425386762798122 0.2837941092083291 24.0 
280.0 268.0 3.425386762798122 0.2837941092083291 24.0 
280.0 269.0 3.425386762798122 0.2837941092083291 24.0 
281.0 266.0 3.425386762798122 0.2837941092083291 24.0 
281.0 267.0 3.425386762798122 0.2837941092083291 24.0 
281.0 268.0 3.425386762798122 0.2837941092083291 24.0 
281.0 269.0 3.425386762798122 0.2837941092083291 24.0 
282.0 267.0 3.425386762798122 0.2837941092083291 24.0 
282.0 268.0 3.425386762798122 0.2837941092083291 24.0 
282.0 269.0 3.425386762798122 0.2837941092083291 24.0 
282.0 270.0 3.425386762798122 0.2837941092083291 24.0 
283.0 267.0 3.425386762798122 0.2837941092083291 24.0 
283.0 268.0 3.425386762798122 0.2837941092083291 24.0 
283.0 269.0 3.425386762798122 0.2837941092083291 24.0 
283.0 270.0 3.425386762798122 0.2837941092083291 24.0 
284.0 267.0 3.425386762798122 0.2837941092083291 24.0 
284.0 268.0 3.425386762798122 0.2837941092083291 24.0 
284.0 269.0 3.425386762798122 0.2837941092083291 24.0 
284.0 270.0 3.425386762798122 0.2837941092083291 24.0 
285.0 267.0 3.425386762798122 0.2837941092083291 24.0 
285.0 268.0 3.425386762798122 0.2837941092083291 24.0 
285.0 269.0 3.425386762798122 0.2837941092083291 24.0 
285.0 270.0 3.425386762798122 0.2837941092083291 24.0 
285.0 271.0 3.425386762798122 0.2837941092083291 24.0 
286.0 268.0 3.425386762798122 0.2837941092083291 24.0 
286.0 269.0 3.425386762798122 0.2837941092083291 24.0 
286.0 270.0 3.425386762798122 0.2837941092083291 24.0 
286.0 271.0 3.425386762798122 0.2837941092083291 24.0 
287.0 268.0 3.425386762798122 0.2837941092083291 24.0 
287.0 269.0 3.425386762798122 0.2837941092083291 24.0 
287.0 270.0 3.425386762798122 0.2837941092083291 24.0 
287.0 271.0 3.425386762798122 0.2837941092083291 24.0 
288.0 268.0 3.425386762798122 0.2837941092083291 24.0 
288.0 269.0 3.425386762798122 0.2837941092083291 24.0 
288.0 270.0 3.425386762798122 0.2837941092083291 24.0 
288.0 271.0 3.425386762798122 0.2837941092083291 24.0 
289.0 269.0 3.425386762798122 0.2837941092083291 24.0 
289.0 270.0 3.425386762798122 0.2837941092083291 24.0 
289.0 271.0 3.425386762798122 0.2837941092083291 24.0 
289.0 272.0 3.425386762798122 0.2837941092083291 24.0 
290.0 269.0 3.425386762798122 0.2837941092083291 24.0 
290.0 270.0 3.425386762798122 0.2837941092083291 24.0 
290.0 271.0 3.425386762798122 0.2837941092083291 24.0 
290.0 272.0 3.425386762798122 0.2837941092083291 24.0 
291.0 269.0 3.425386762798122 0.2837941092083291 24.0 
291.0 270.0 3.425386762798122 0.2837941092083291 24.0 
291.0 271.0 3.425386762798122 0.2837941092083291 24.0 
291.0 272.0 3.425386762798122 0.2837941092083291 24.0 
292.0 269.0 3.425386762798122 0.2837941092083291 24.0 
292.0 270.0 3.425386762798122 0.2837941092083291 24.0 
292.0 271.0 3.425386762798122 0.2837941092083291 24.0 
292.0 272.0 3.425386762798122 0.2837941092083291 24.0 
292.0 273.0 3.425386762798122 0.2837941092083291 24.0 
293.0 270.0 3.425386762798122 0.2837941092083291 24.0 
293.0 271.0 3.425386762798122 0.2837941092083291 24.0 
293.0 272.0 3.425386762798122 0.2837941092083291 24.0 
293.0 273.0 3.425386762798122 0.2837941092083291 24.0 
294.0 270.0 3.425386762798122 0.2837941092083291 24.0 
294.0 271.0 3.425386762798122 0.2837941092083291 24.0 
294.0 272.0 3.425386762798122 0.2837941092083291 24.0 
294.0 273.0 3.425386762798122 0.2837941092083291 24.0 
295.0 270.0 3.425386762798122 0.2837941092083291 24.0 
295.0 271.0 3.425386762798122 0.2837941092083291 24.0 
295.0 272.0 3.425386762798122 0.2837941092083291 24.0 
295.0 273.0 3.425386762798122 0.2837941092083291 24.0 
295.0 274.0 3.425386762798122 0.2837941092083291 24.0 
296.0 271.0 3.425386762798122 0.2837941092083291 24.0 
296.0 272.0 3.425386762798122 0.2837941092083291 24.0 
296.0 273.0 3.425386762798122 0.2837941092083291 24.0 
296.0 274.0 3.425386762798122 0.2837941092083291 24.0 
297.0 271.0 3.425386762798122 0.2837941092083291 24.0 
297.0 272.0 3.425386762798122 0.2837941092083291 24.0 
297.0 273.0 3.425386762798122 0.2837941092083291 24.0 
297.0 274.0 3.425386762798122 0.2837941092083291 24.0 
298.0 271.0 3.425386762798122 0.2837941092083291 24.0 
298.0 272.0 3.425386762798122 0.2837941092083291 24.0 
298.0 273.0 3.425386762798122 0.2837941092083291 24.0 
298.0 274.0 3.425386762798122 0.2837941092083291 24.0 
299.0 272.0 3.425386762798122 0.2837941092083291 24.0 
299.0 273.0 3.425386762798122 0.2837941092083291 24.0 
299.0 274.0 3.425386762798122 0.2837941092083291 24.0 
299.0 275.0 3.425386762798122 0.2837941092083291 24.0 
300.0 272.0 3.425386762798122 0.2837941092083291 24.0 
300.0 273.0 3.425386762798122 0.2837941092083291 24.0 
300.0 274.0 3.425386762798122 0.2837941092083291 24.0 
300.0 275.0 3.425386762798122 0.2837941092083291 24.0 
301.0 272.0 3.425386762798122 0.2837941092083291 24.0 
301.0 273.0 3.425386762798122 0.2837941092083291 24.0 
301.0 274.0 3.425386762798122 0.2837941092083291 24.0 
301.0 275.0 3.425386762798122 0.2837941092083291 24.0 
302.0 272.0 3.425386762798122 0.2837941092083291 24.0 
302.0 273.0 3.425386762798122 0.2837941092083291 24.0 
