231.0 277.0 4.504892753949488 1.363300100359694 64.0 
231.0 278.0 4.504892753949488 1.363300100359694 64.0 
231.0 279.0 4.504892753949488 1.363300100359694 64.0 
231.0 280.0 4.504892753949488 1.363300100359694 64.0 
231.0 281.0 4.504892753949488 1.363300100359694 64.0 
232.0 277.0 4.504892753949488 1.363300100359694 64.0 
232.0 278.0 4.504892753949488 1.363300100359694 64.0 
232.0 279.0 4.504892753949488 1.363300100359694 64.0 
232.0 280.0 4.504892753949488 1.363300100359694 64.0 
232.0 281.0 4.504892753949488 1.363300100359694 64.0 
232.0 282.0 4.504892753949488 1.363300100359694 64.0 
232.0 283.0 4.504892753949488 1.363300100359694 64.0 
232.0 284.0 4.504892753949488 1.363300100359694 64.0 
232.0 285.0 4.504892753949488 1.363300100359694 64.0 
233.0 276.0 4.504892753949488 1.363300100359694 64.0 
233.0 277.0 4.504892753949488 1.363300100359694 64.0 
233.0 278.0 4.504892753949488 1.363300100359694 64.0 
233.0 279.0 4.504892753949488 1.363300100359694 64.0 
233.0 280.0 4.504892753949488 1.363300100359694 64.0 
233.0 281.0 4.504892753949488 1.363300100359694 64.0 
233.0 282.0 4.504892753949488 1.363300100359694 64.0 
233.0 283.0 4.504892753949488 1.363300100359694 64.0 
233.0 284.0 4.504892753949488 1.363300100359694 64.0 
233.0 285.0 4.504892753949488 1.363300100359694 64.0 
233.0 286.0 4.504892753949488 1.363300100359694 64.0 
233.0 287.0 4.504892753949488 1.363300100359694 64.0 
233.0 288.0 4.504892753949488 1.363300100359694 64.0 
233.0 289.0 4.504892753949488 1.363300100359694 64.0 
233.0 290.0 4.504892753949488 1.363300100359694 64.0 
234.0 276.0 4.504892753949488 1.363300100359694 64.0 
234.0 277.0 4.504892753949488 1.363300100359694 64.0 
234.0 278.0 4.504892753949488 1.363300100359694 64.0 
234.0 279.0 4.504892753949488 1.363300100359694 64.0 
234.0 280.0 4.504892753949488 1.363300100359694 64.0 
234.0 281.0 4.504892753949488 1.363300100359694 64.0 
234.0 282.0 4.504892753949488 1.363300100359694 64.0 
234.0 283.0 4.504892753949488 1.363300100359694 64.0 
234.0 284.0 4.504892753949488 1.363300100359694 64.0 
234.0 285.0 4.504892753949488 1.363300100359694 64.0 
234.0 286.0 4.504892753949488 1.363300100359694 64.0 
234.0 287.0 4.504892753949488 1.363300100359694 64.0 
234.0 288.0 4.504892753949488 1.363300100359694 64.0 
234.0 289.0 4.504892753949488 1.363300100359694 64.0 
234.0 290.0 4.504892753949488 1.363300100359694 64.0 
234.0 291.0 4.504892753949488 1.363300100359694 64.0 
234.0 292.0 4.504892753949488 1.363300100359694 64.0 
234.0 293.0 4.504892753949488 1.363300100359694 64.0 
234.0 294.0 4.504892753949488 1.363300100359694 64.0 
234.0 295.0 4.504892753949488 1.363300100359694 64.0 
235.0 276.0 4.504892753949488 1.363300100359694 64.0 
235.0 277.0 4.504892753949488 1.363300100359694 64.0 
235.0 278.0 4.504892753949488 1.363300100359694 64.0 
235.0 279.0 4.504892753949488 1.363300100359694 64.0 
235.0 280.0 4.504892753949488 1.363300100359694 64.0 
235.0 281.0 4.504892753949488 1.363300100359694 64.0 
235.0 282.0 4.504892753949488 1.363300100359694 64.0 
235.0 283.0 4.504892753949488 1.363300100359694 64.0 
235.0 284.0 4.504892753949488 1.363300100359694 64.0 
235.0 285.0 4.504892753949488 1.363300100359694 64.0 
235.0 286.0 4.504892753949488 1.363300100359694 64.0 
235.0 287.0 4.504892753949488 1.363300100359694 64.0 
235.0 288.0 4.504892753949488 1.363300100359694 64.0 
235.0 289.0 4.504892753949488 1.363300100359694 64.0 
235.0 290.0 4.504892753949488 1.363300100359694 64.0 
235.0 291.0 4.504892753949488 1.363300100359694 64.0 
235.0 292.0 4.504892753949488 1.363300100359694 64.0 
235.0 293.0 4.504892753949488 1.363300100359694 64.0 
235.0 294.0 4.504892753949488 1.363300100359694 64.0 
235.0 295.0 4.504892753949488 1.363300100359694 64.0 
235.0 296.0 4.504892753949488 1.363300100359694 64.0 
235.0 297.0 4.504892753949488 1.363300100359694 64.0 
235.0 298.0 4.504892753949488 1.363300100359694 64.0 
235.0 299.0 4.504892753949488 1.363300100359694 64.0 
235.0 300.0 4.504892753949488 1.363300100359694 64.0 
236.0 276.0 4.504892753949488 1.363300100359694 64.0 
236.0 277.0 4.504892753949488 1.363300100359694 64.0 
236.0 278.0 4.504892753949488 1.363300100359694 64.0 
236.0 279.0 4.504892753949488 1.363300100359694 64.0 
236.0 280.0 4.504892753949488 1.363300100359694 64.0 
236.0 281.0 4.504892753949488 1.363300100359694 64.0 
236.0 282.0 4.504892753949488 1.363300100359694 64.0 
236.0 283.0 4.504892753949488 1.363300100359694 64.0 
236.0 284.0 4.504892753949488 1.363300100359694 64.0 
236.0 285.0 4.504892753949488 1.363300100359694 64.0 
236.0 286.0 4.504892753949488 1.363300100359694 64.0 
236.0 287.0 4.504892753949488 1.363300100359694 64.0 
236.0 288.0 4.504892753949488 1.363300100359694 64.0 
236.0 289.0 4.504892753949488 1.363300100359694 64.0 
236.0 290.0 4.504892753949488 1.363300100359694 64.0 
236.0 291.0 4.504892753949488 1.363300100359694 64.0 
236.0 292.0 4.504892753949488 1.363300100359694 64.0 
236.0 293.0 4.504892753949488 1.363300100359694 64.0 
236.0 294.0 4.504892753949488 1.363300100359694 64.0 
236.0 295.0 4.504892753949488 1.363300100359694 64.0 
236.0 296.0 4.504892753949488 1.363300100359694 64.0 
236.0 297.0 4.504892753949488 1.363300100359694 64.0 
236.0 298.0 4.504892753949488 1.363300100359694 64.0 
236.0 299.0 4.504892753949488 1.363300100359694 64.0 
236.0 300.0 4.504892753949488 1.363300100359694 64.0 
236.0 301.0 4.504892753949488 1.363300100359694 64.0 
236.0 302.0 4.504892753949488 1.363300100359694 64.0 
236.0 303.0 4.504892753949488 1.363300100359694 64.0 
236.0 304.0 4.504892753949488 1.363300100359694 64.0 
237.0 281.0 4.504892753949488 1.363300100359694 64.0 
237.0 282.0 4.504892753949488 1.363300100359694 64.0 
237.0 283.0 4.504892753949488 1.363300100359694 64.0 
237.0 284.0 4.504892753949488 1.363300100359694 64.0 
237.0 285.0 4.504892753949488 1.363300100359694 64.0 
237.0 286.0 4.504892753949488 1.363300100359694 64.0 
237.0 287.0 4.504892753949488 1.363300100359694 64.0 
237.0 288.0 4.504892753949488 1.363300100359694 64.0 
237.0 289.0 4.504892753949488 1.363300100359694 64.0 
237.0 290.0 4.504892753949488 1.363300100359694 64.0 
237.0 291.0 4.504892753949488 1.363300100359694 64.0 
237.0 292.0 4.504892753949488 1.363300100359694 64.0 
237.0 293.0 4.504892753949488 1.363300100359694 64.0 
237.0 294.0 4.504892753949488 1.363300100359694 64.0 
237.0 295.0 4.504892753949488 1.363300100359694 64.0 
237.0 296.0 4.504892753949488 1.363300100359694 64.0 
237.0 297.0 4.504892753949488 1.363300100359694 64.0 
237.0 298.0 4.504892753949488 1.363300100359694 64.0 
237.0 299.0 4.504892753949488 1.363300100359694 64.0 
237.0 300.0 4.504892753949488 1.363300100359694 64.0 
237.0 301.0 4.504892753949488 1.363300100359694 64.0 
237.0 302.0 4.504892753949488 1.363300100359694 64.0 
237.0 303.0 4.504892753949488 1.363300100359694 64.0 
237.0 304.0 4.504892753949488 1.363300100359694 64.0 
237.0 305.0 4.504892753949488 1.363300100359694 64.0 
237.0 306.0 4.504892753949488 1.363300100359694 64.0 
237.0 307.0 4.504892753949488 1.363300100359694 64.0 
237.0 308.0 4.504892753949488 1.363300100359694 64.0 
237.0 309.0 4.504892753949488 1.363300100359694 64.0 
238.0 286.0 4.504892753949488 1.363300100359694 64.0 
238.0 287.0 4.504892753949488 1.363300100359694 64.0 
238.0 288.0 4.504892753949488 1.363300100359694 64.0 
238.0 289.0 4.504892753949488 1.363300100359694 64.0 
238.0 290.0 4.504892753949488 1.363300100359694 64.0 
238.0 291.0 4.504892753949488 1.363300100359694 64.0 
238.0 292.0 4.504892753949488 1.363300100359694 64.0 
238.0 293.0 4.504892753949488 1.363300100359694 64.0 
238.0 294.0 4.504892753949488 1.363300100359694 64.0 
238.0 295.0 4.504892753949488 1.363300100359694 64.0 
238.0 296.0 4.504892753949488 1.363300100359694 64.0 
238.0 297.0 4.504892753949488 1.363300100359694 64.0 
238.0 298.0 4.504892753949488 1.363300100359694 64.0 
238.0 299.0 4.504892753949488 1.363300100359694 64.0 
238.0 300.0 4.504892753949488 1.363300100359694 64.0 
238.0 301.0 4.504892753949488 1.363300100359694 64.0 
238.0 302.0 4.504892753949488 1.363300100359694 64.0 
238.0 303.0 4.504892753949488 1.363300100359694 64.0 
238.0 304.0 4.504892753949488 1.363300100359694 64.0 
238.0 305.0 4.504892753949488 1.363300100359694 64.0 
238.0 306.0 4.504892753949488 1.363300100359694 64.0 
238.0 307.0 4.504892753949488 1.363300100359694 64.0 
238.0 308.0 4.504892753949488 1.363300100359694 64.0 
238.0 309.0 4.504892753949488 1.363300100359694 64.0 
238.0 310.0 4.504892753949488 1.363300100359694 64.0 
238.0 311.0 4.504892753949488 1.363300100359694 64.0 
238.0 312.0 4.504892753949488 1.363300100359694 64.0 
238.0 313.0 4.504892753949488 1.363300100359694 64.0 
238.0 314.0 4.504892753949488 1.363300100359694 64.0 
239.0 290.0 4.504892753949488 1.363300100359694 64.0 
239.0 291.0 4.504892753949488 1.363300100359694 64.0 
239.0 292.0 4.504892753949488 1.363300100359694 64.0 
239.0 293.0 4.504892753949488 1.363300100359694 64.0 
239.0 294.0 4.504892753949488 1.363300100359694 64.0 
239.0 295.0 4.504892753949488 1.363300100359694 64.0 
239.0 296.0 4.504892753949488 1.363300100359694 64.0 
239.0 297.0 4.504892753949488 1.363300100359694 64.0 
239.0 298.0 4.504892753949488 1.363300100359694 64.0 
239.0 299.0 4.504892753949488 1.363300100359694 64.0 
239.0 300.0 4.504892753949488 1.363300100359694 64.0 
239.0 301.0 4.504892753949488 1.363300100359694 64.0 
239.0 302.0 4.504892753949488 1.363300100359694 64.0 
239.0 303.0 4.504892753949488 1.363300100359694 64.0 
239.0 304.0 4.504892753949488 1.363300100359694 64.0 
239.0 305.0 4.504892753949488 1.363300100359694 64.0 
239.0 306.0 4.504892753949488 1.363300100359694 64.0 
239.0 307.0 4.504892753949488 1.363300100359694 64.0 
239.0 308.0 4.504892753949488 1.363300100359694 64.0 
239.0 309.0 4.504892753949488 1.363300100359694 64.0 
239.0 310.0 4.504892753949488 1.363300100359694 64.0 
239.0 311.0 4.504892753949488 1.363300100359694 64.0 
239.0 312.0 4.504892753949488 1.363300100359694 64.0 
239.0 313.0 4.504892753949488 1.363300100359694 64.0 
239.0 314.0 4.504892753949488 1.363300100359694 64.0 
239.0 315.0 4.504892753949488 1.363300100359694 64.0 
239.0 316.0 4.504892753949488 1.363300100359694 64.0 
239.0 317.0 4.504892753949488 1.363300100359694 64.0 
239.0 318.0 4.504892753949488 1.363300100359694 64.0 
239.0 319.0 4.504892753949488 1.363300100359694 64.0 
240.0 295.0 4.504892753949488 1.363300100359694 64.0 
240.0 296.0 4.504892753949488 1.363300100359694 64.0 
240.0 297.0 4.504892753949488 1.363300100359694 64.0 
240.0 298.0 4.504892753949488 1.363300100359694 64.0 
240.0 299.0 4.504892753949488 1.363300100359694 64.0 
240.0 300.0 4.504892753949488 1.363300100359694 64.0 
240.0 301.0 4.504892753949488 1.363300100359694 64.0 
240.0 302.0 4.504892753949488 1.363300100359694 64.0 
240.0 303.0 4.504892753949488 1.363300100359694 64.0 
240.0 304.0 4.504892753949488 1.363300100359694 64.0 
240.0 305.0 4.504892753949488 1.363300100359694 64.0 
240.0 306.0 4.504892753949488 1.363300100359694 64.0 
240.0 307.0 4.504892753949488 1.363300100359694 64.0 
240.0 308.0 4.504892753949488 1.363300100359694 64.0 
240.0 309.0 4.504892753949488 1.363300100359694 64.0 
240.0 310.0 4.504892753949488 1.363300100359694 64.0 
240.0 311.0 4.504892753949488 1.363300100359694 64.0 
240.0 312.0 4.504892753949488 1.363300100359694 64.0 
240.0 313.0 4.504892753949488 1.363300100359694 64.0 
240.0 314.0 4.504892753949488 1.363300100359694 64.0 
240.0 315.0 4.504892753949488 1.363300100359694 64.0 
240.0 316.0 4.504892753949488 1.363300100359694 64.0 
240.0 317.0 4.504892753949488 1.363300100359694 64.0 
240.0 318.0 4.504892753949488 1.363300100359694 64.0 
240.0 319.0 4.504892753949488 1.363300100359694 64.0 
240.0 320.0 4.504892753949488 1.363300100359694 64.0 
240.0 321.0 4.504892753949488 1.363300100359694 64.0 
240.0 322.0 4.504892753949488 1.363300100359694 64.0 
240.0 323.0 4.504892753949488 1.363300100359694 64.0 
241.0 300.0 4.504892753949488 1.363300100359694 64.0 
241.0 301.0 4.504892753949488 1.363300100359694 64.0 
241.0 302.0 4.504892753949488 1.363300100359694 64.0 
241.0 303.0 4.504892753949488 1.363300100359694 64.0 
241.0 304.0 4.504892753949488 1.363300100359694 64.0 
241.0 305.0 4.504892753949488 1.363300100359694 64.0 
241.0 306.0 4.504892753949488 1.363300100359694 64.0 
241.0 307.0 4.504892753949488 1.363300100359694 64.0 
241.0 308.0 4.504892753949488 1.363300100359694 64.0 
241.0 309.0 4.504892753949488 1.363300100359694 64.0 
241.0 310.0 4.504892753949488 1.363300100359694 64.0 
241.0 311.0 4.504892753949488 1.363300100359694 64.0 
241.0 312.0 4.504892753949488 1.363300100359694 64.0 
241.0 313.0 4.504892753949488 1.363300100359694 64.0 
241.0 314.0 4.504892753949488 1.363300100359694 64.0 
241.0 315.0 4.504892753949488 1.363300100359694 64.0 
241.0 316.0 4.504892753949488 1.363300100359694 64.0 
241.0 317.0 4.504892753949488 1.363300100359694 64.0 
241.0 318.0 4.504892753949488 1.363300100359694 64.0 
241.0 319.0 4.504892753949488 1.363300100359694 64.0 
241.0 320.0 4.504892753949488 1.363300100359694 64.0 
241.0 321.0 4.504892753949488 1.363300100359694 64.0 
241.0 322.0 4.504892753949488 1.363300100359694 64.0 
241.0 323.0 4.504892753949488 1.363300100359694 64.0 
241.0 324.0 4.504892753949488 1.363300100359694 64.0 
241.0 325.0 4.504892753949488 1.363300100359694 64.0 
241.0 326.0 4.504892753949488 1.363300100359694 64.0 
241.0 327.0 4.504892753949488 1.363300100359694 64.0 
241.0 328.0 4.504892753949488 1.363300100359694 64.0 
242.0 305.0 4.504892753949488 1.363300100359694 64.0 
242.0 306.0 4.504892753949488 1.363300100359694 64.0 
242.0 307.0 4.504892753949488 1.363300100359694 64.0 
242.0 308.0 4.504892753949488 1.363300100359694 64.0 
242.0 309.0 4.504892753949488 1.363300100359694 64.0 
242.0 310.0 4.504892753949488 1.363300100359694 64.0 
242.0 311.0 4.504892753949488 1.363300100359694 64.0 
242.0 312.0 4.504892753949488 1.363300100359694 64.0 
242.0 313.0 4.504892753949488 1.363300100359694 64.0 
242.0 314.0 4.504892753949488 1.363300100359694 64.0 
242.0 315.0 4.504892753949488 1.363300100359694 64.0 
242.0 316.0 4.504892753949488 1.363300100359694 64.0 
242.0 317.0 4.504892753949488 1.363300100359694 64.0 
242.0 318.0 4.504892753949488 1.363300100359694 64.0 
242.0 319.0 4.504892753949488 1.363300100359694 64.0 
242.0 320.0 4.504892753949488 1.363300100359694 64.0 
242.0 321.0 4.504892753949488 1.363300100359694 64.0 
242.0 322.0 4.504892753949488 1.363300100359694 64.0 
242.0 323.0 4.504892753949488 1.363300100359694 64.0 
242.0 324.0 4.504892753949488 1.363300100359694 64.0 
242.0 325.0 4.504892753949488 1.363300100359694 64.0 
242.0 326.0 4.504892753949488 1.363300100359694 64.0 
242.0 327.0 4.504892753949488 1.363300100359694 64.0 
242.0 328.0 4.504892753949488 1.363300100359694 64.0 
242.0 329.0 4.504892753949488 1.363300100359694 64.0 
242.0 330.0 4.504892753949488 1.363300100359694 64.0 
242.0 331.0 4.504892753949488 1.363300100359694 64.0 
242.0 332.0 4.504892753949488 1.363300100359694 64.0 
242.0 333.0 4.504892753949488 1.363300100359694 64.0 
243.0 309.0 4.504892753949488 1.363300100359694 64.0 
243.0 310.0 4.504892753949488 1.363300100359694 64.0 
243.0 311.0 4.504892753949488 1.363300100359694 64.0 
243.0 312.0 4.504892753949488 1.363300100359694 64.0 
243.0 313.0 4.504892753949488 1.363300100359694 64.0 
243.0 314.0 4.504892753949488 1.363300100359694 64.0 
243.0 315.0 4.504892753949488 1.363300100359694 64.0 
243.0 316.0 4.504892753949488 1.363300100359694 64.0 
243.0 317.0 4.504892753949488 1.363300100359694 64.0 
243.0 318.0 4.504892753949488 1.363300100359694 64.0 
243.0 319.0 4.504892753949488 1.363300100359694 64.0 
243.0 320.0 4.504892753949488 1.363300100359694 64.0 
243.0 321.0 4.504892753949488 1.363300100359694 64.0 
243.0 322.0 4.504892753949488 1.363300100359694 64.0 
243.0 323.0 4.504892753949488 1.363300100359694 64.0 
243.0 324.0 4.504892753949488 1.363300100359694 64.0 
243.0 325.0 4.504892753949488 1.363300100359694 64.0 
243.0 326.0 4.504892753949488 1.363300100359694 64.0 
243.0 327.0 4.504892753949488 1.363300100359694 64.0 
243.0 328.0 4.504892753949488 1.363300100359694 64.0 
243.0 329.0 4.504892753949488 1.363300100359694 64.0 
243.0 330.0 4.504892753949488 1.363300100359694 64.0 
243.0 331.0 4.504892753949488 1.363300100359694 64.0 
243.0 332.0 4.504892753949488 1.363300100359694 64.0 
243.0 333.0 4.504892753949488 1.363300100359694 64.0 
243.0 334.0 4.504892753949488 1.363300100359694 64.0 
243.0 335.0 4.504892753949488 1.363300100359694 64.0 
243.0 336.0 4.504892753949488 1.363300100359694 64.0 
243.0 337.0 4.504892753949488 1.363300100359694 64.0 
243.0 338.0 4.504892753949488 1.363300100359694 64.0 
244.0 314.0 4.504892753949488 1.363300100359694 64.0 
244.0 315.0 4.504892753949488 1.363300100359694 64.0 
244.0 316.0 4.504892753949488 1.363300100359694 64.0 
244.0 317.0 4.504892753949488 1.363300100359694 64.0 
244.0 318.0 4.504892753949488 1.363300100359694 64.0 
244.0 319.0 4.504892753949488 1.363300100359694 64.0 
244.0 320.0 4.504892753949488 1.363300100359694 64.0 
244.0 321.0 4.504892753949488 1.363300100359694 64.0 
244.0 322.0 4.504892753949488 1.363300100359694 64.0 
244.0 323.0 4.504892753949488 1.363300100359694 64.0 
244.0 324.0 4.504892753949488 1.363300100359694 64.0 
244.0 325.0 4.504892753949488 1.363300100359694 64.0 
244.0 326.0 4.504892753949488 1.363300100359694 64.0 
244.0 327.0 4.504892753949488 1.363300100359694 64.0 
244.0 328.0 4.504892753949488 1.363300100359694 64.0 
244.0 329.0 4.504892753949488 1.363300100359694 64.0 
244.0 330.0 4.504892753949488 1.363300100359694 64.0 
244.0 331.0 4.504892753949488 1.363300100359694 64.0 
244.0 332.0 4.504892753949488 1.363300100359694 64.0 
244.0 333.0 4.504892753949488 1.363300100359694 64.0 
244.0 334.0 4.504892753949488 1.363300100359694 64.0 
244.0 335.0 4.504892753949488 1.363300100359694 64.0 
244.0 336.0 4.504892753949488 1.363300100359694 64.0 
244.0 337.0 4.504892753949488 1.363300100359694 64.0 
244.0 338.0 4.504892753949488 1.363300100359694 64.0 
244.0 339.0 4.504892753949488 1.363300100359694 64.0 
244.0 340.0 4.504892753949488 1.363300100359694 64.0 
244.0 341.0 4.504892753949488 1.363300100359694 64.0 
244.0 342.0 4.504892753949488 1.363300100359694 64.0 
245.0 319.0 4.504892753949488 1.363300100359694 64.0 
245.0 320.0 4.504892753949488 1.363300100359694 64.0 
245.0 321.0 4.504892753949488 1.363300100359694 64.0 
245.0 322.0 4.504892753949488 1.363300100359694 64.0 
245.0 323.0 4.504892753949488 1.363300100359694 64.0 
245.0 324.0 4.504892753949488 1.363300100359694 64.0 
245.0 325.0 4.504892753949488 1.363300100359694 64.0 
245.0 326.0 4.504892753949488 1.363300100359694 64.0 
245.0 327.0 4.504892753949488 1.363300100359694 64.0 
245.0 328.0 4.504892753949488 1.363300100359694 64.0 
245.0 329.0 4.504892753949488 1.363300100359694 64.0 
245.0 330.0 4.504892753949488 1.363300100359694 64.0 
245.0 331.0 4.504892753949488 1.363300100359694 64.0 
245.0 332.0 4.504892753949488 1.363300100359694 64.0 
245.0 333.0 4.504892753949488 1.363300100359694 64.0 
245.0 334.0 4.504892753949488 1.363300100359694 64.0 
245.0 335.0 4.504892753949488 1.363300100359694 64.0 
245.0 336.0 4.504892753949488 1.363300100359694 64.0 
245.0 337.0 4.504892753949488 1.363300100359694 64.0 
245.0 338.0 4.504892753949488 1.363300100359694 64.0 
245.0 339.0 4.504892753949488 1.363300100359694 64.0 
245.0 340.0 4.504892753949488 1.363300100359694 64.0 
245.0 341.0 4.504892753949488 1.363300100359694 64.0 
245.0 342.0 4.504892753949488 1.363300100359694 64.0 
245.0 343.0 4.504892753949488 1.363300100359694 64.0 
245.0 344.0 4.504892753949488 1.363300100359694 64.0 
245.0 345.0 4.504892753949488 1.363300100359694 64.0 
245.0 346.0 4.504892753949488 1.363300100359694 64.0 
245.0 347.0 4.504892753949488 1.363300100359694 64.0 
246.0 324.0 4.504892753949488 1.363300100359694 64.0 
246.0 325.0 4.504892753949488 1.363300100359694 64.0 
246.0 326.0 4.504892753949488 1.363300100359694 64.0 
246.0 327.0 4.504892753949488 1.363300100359694 64.0 
246.0 328.0 4.504892753949488 1.363300100359694 64.0 
246.0 329.0 4.504892753949488 1.363300100359694 64.0 
246.0 330.0 4.504892753949488 1.363300100359694 64.0 
246.0 331.0 4.504892753949488 1.363300100359694 64.0 
246.0 332.0 4.504892753949488 1.363300100359694 64.0 
246.0 333.0 4.504892753949488 1.363300100359694 64.0 
246.0 334.0 4.504892753949488 1.363300100359694 64.0 
246.0 335.0 4.504892753949488 1.363300100359694 64.0 
246.0 336.0 4.504892753949488 1.363300100359694 64.0 
246.0 337.0 4.504892753949488 1.363300100359694 64.0 
246.0 338.0 4.504892753949488 1.363300100359694 64.0 
246.0 339.0 4.504892753949488 1.363300100359694 64.0 
246.0 340.0 4.504892753949488 1.363300100359694 64.0 
246.0 341.0 4.504892753949488 1.363300100359694 64.0 
246.0 342.0 4.504892753949488 1.363300100359694 64.0 
246.0 343.0 4.504892753949488 1.363300100359694 64.0 
246.0 344.0 4.504892753949488 1.363300100359694 64.0 
246.0 345.0 4.504892753949488 1.363300100359694 64.0 
246.0 346.0 4.504892753949488 1.363300100359694 64.0 
246.0 347.0 4.504892753949488 1.363300100359694 64.0 
246.0 348.0 4.504892753949488 1.363300100359694 64.0 
246.0 349.0 4.504892753949488 1.363300100359694 64.0 
246.0 350.0 4.504892753949488 1.363300100359694 64.0 
246.0 351.0 4.504892753949488 1.363300100359694 64.0 
246.0 352.0 4.504892753949488 1.363300100359694 64.0 
247.0 328.0 4.504892753949488 1.363300100359694 64.0 
247.0 329.0 4.504892753949488 1.363300100359694 64.0 
247.0 330.0 4.504892753949488 1.363300100359694 64.0 
247.0 331.0 4.504892753949488 1.363300100359694 64.0 
247.0 332.0 4.504892753949488 1.363300100359694 64.0 
247.0 333.0 4.504892753949488 1.363300100359694 64.0 
247.0 334.0 4.504892753949488 1.363300100359694 64.0 
247.0 335.0 4.504892753949488 1.363300100359694 64.0 
247.0 336.0 4.504892753949488 1.363300100359694 64.0 
247.0 337.0 4.504892753949488 1.363300100359694 64.0 
247.0 338.0 4.504892753949488 1.363300100359694 64.0 
247.0 339.0 4.504892753949488 1.363300100359694 64.0 
247.0 340.0 4.504892753949488 1.363300100359694 64.0 
247.0 341.0 4.504892753949488 1.363300100359694 64.0 
247.0 342.0 4.504892753949488 1.363300100359694 64.0 
247.0 343.0 4.504892753949488 1.363300100359694 64.0 
247.0 344.0 4.504892753949488 1.363300100359694 64.0 
247.0 345.0 4.504892753949488 1.363300100359694 64.0 
247.0 346.0 4.504892753949488 1.363300100359694 64.0 
247.0 347.0 4.504892753949488 1.363300100359694 64.0 
247.0 348.0 4.504892753949488 1.363300100359694 64.0 
247.0 349.0 4.504892753949488 1.363300100359694 64.0 
247.0 350.0 4.504892753949488 1.363300100359694 64.0 
247.0 351.0 4.504892753949488 1.363300100359694 64.0 
247.0 352.0 4.504892753949488 1.363300100359694 64.0 
248.0 333.0 4.504892753949488 1.363300100359694 64.0 
248.0 334.0 4.504892753949488 1.363300100359694 64.0 
248.0 335.0 4.504892753949488 1.363300100359694 64.0 
248.0 336.0 4.504892753949488 1.363300100359694 64.0 
248.0 337.0 4.504892753949488 1.363300100359694 64.0 
248.0 338.0 4.504892753949488 1.363300100359694 64.0 
248.0 339.0 4.504892753949488 1.363300100359694 64.0 
248.0 340.0 4.504892753949488 1.363300100359694 64.0 
248.0 341.0 4.504892753949488 1.363300100359694 64.0 
248.0 342.0 4.504892753949488 1.363300100359694 64.0 
248.0 343.0 4.504892753949488 1.363300100359694 64.0 
248.0 344.0 4.504892753949488 1.363300100359694 64.0 
248.0 345.0 4.504892753949488 1.363300100359694 64.0 
248.0 346.0 4.504892753949488 1.363300100359694 64.0 
248.0 347.0 4.504892753949488 1.363300100359694 64.0 
248.0 348.0 4.504892753949488 1.363300100359694 64.0 
248.0 349.0 4.504892753949488 1.363300100359694 64.0 
248.0 350.0 4.504892753949488 1.363300100359694 64.0 
248.0 351.0 4.504892753949488 1.363300100359694 64.0 
248.0 352.0 4.504892753949488 1.363300100359694 64.0 
249.0 338.0 4.504892753949488 1.363300100359694 64.0 
249.0 339.0 4.504892753949488 1.363300100359694 64.0 
249.0 340.0 4.504892753949488 1.363300100359694 64.0 
249.0 341.0 4.504892753949488 1.363300100359694 64.0 
249.0 342.0 4.504892753949488 1.363300100359694 64.0 
249.0 343.0 4.504892753949488 1.363300100359694 64.0 
249.0 344.0 4.504892753949488 1.363300100359694 64.0 
249.0 345.0 4.504892753949488 1.363300100359694 64.0 
249.0 346.0 4.504892753949488 1.363300100359694 64.0 
249.0 347.0 4.504892753949488 1.363300100359694 64.0 
249.0 348.0 4.504892753949488 1.363300100359694 64.0 
249.0 349.0 4.504892753949488 1.363300100359694 64.0 
249.0 350.0 4.504892753949488 1.363300100359694 64.0 
249.0 351.0 4.504892753949488 1.363300100359694 64.0 
250.0 343.0 4.504892753949488 1.363300100359694 64.0 
250.0 344.0 4.504892753949488 1.363300100359694 64.0 
250.0 345.0 4.504892753949488 1.363300100359694 64.0 
250.0 346.0 4.504892753949488 1.363300100359694 64.0 
250.0 347.0 4.504892753949488 1.363300100359694 64.0 
250.0 348.0 4.504892753949488 1.363300100359694 64.0 
250.0 349.0 4.504892753949488 1.363300100359694 64.0 
250.0 350.0 4.504892753949488 1.363300100359694 64.0 
250.0 351.0 4.504892753949488 1.363300100359694 64.0 
251.0 347.0 4.504892753949488 1.363300100359694 64.0 
251.0 348.0 4.504892753949488 1.363300100359694 64.0 
251.0 349.0 4.504892753949488 1.363300100359694 64.0 
251.0 350.0 4.504892753949488 1.363300100359694 64.0 
251.0 351.0 4.504892753949488 1.363300100359694 64.0 
