289.0 286.0 4.601731759210793 1.4601391056209998 52.0 
289.0 287.0 4.601731759210793 1.4601391056209998 52.0 
289.0 288.0 4.601731759210793 1.4601391056209998 52.0 
289.0 289.0 4.601731759210793 1.4601391056209998 52.0 
289.0 290.0 4.601731759210793 1.4601391056209998 52.0 
289.0 291.0 4.601731759210793 1.4601391056209998 52.0 
289.0 292.0 4.601731759210793 1.4601391056209998 52.0 
289.0 293.0 4.601731759210793 1.4601391056209998 52.0 
289.0 294.0 4.601731759210793 1.4601391056209998 52.0 
290.0 286.0 4.601731759210793 1.4601391056209998 52.0 
290.0 287.0 4.601731759210793 1.4601391056209998 52.0 
290.0 288.0 4.601731759210793 1.4601391056209998 52.0 
290.0 289.0 4.601731759210793 1.4601391056209998 52.0 
290.0 290.0 4.601731759210793 1.4601391056209998 52.0 
290.0 291.0 4.601731759210793 1.4601391056209998 52.0 
290.0 292.0 4.601731759210793 1.4601391056209998 52.0 
290.0 293.0 4.601731759210793 1.4601391056209998 52.0 
290.0 294.0 4.601731759210793 1.4601391056209998 52.0 
290.0 295.0 4.601731759210793 1.4601391056209998 52.0 
290.0 296.0 4.601731759210793 1.4601391056209998 52.0 
290.0 297.0 4.601731759210793 1.4601391056209998 52.0 
290.0 298.0 4.601731759210793 1.4601391056209998 52.0 
290.0 299.0 4.601731759210793 1.4601391056209998 52.0 
290.0 300.0 4.601731759210793 1.4601391056209998 52.0 
290.0 301.0 4.601731759210793 1.4601391056209998 52.0 
290.0 302.0 4.601731759210793 1.4601391056209998 52.0 
290.0 303.0 4.601731759210793 1.4601391056209998 52.0 
291.0 285.0 4.601731759210793 1.4601391056209998 52.0 
291.0 286.0 4.601731759210793 1.4601391056209998 52.0 
291.0 287.0 4.601731759210793 1.4601391056209998 52.0 
291.0 288.0 4.601731759210793 1.4601391056209998 52.0 
291.0 289.0 4.601731759210793 1.4601391056209998 52.0 
291.0 290.0 4.601731759210793 1.4601391056209998 52.0 
291.0 291.0 4.601731759210793 1.4601391056209998 52.0 
291.0 292.0 4.601731759210793 1.4601391056209998 52.0 
291.0 293.0 4.601731759210793 1.4601391056209998 52.0 
291.0 294.0 4.601731759210793 1.4601391056209998 52.0 
291.0 295.0 4.601731759210793 1.4601391056209998 52.0 
291.0 296.0 4.601731759210793 1.4601391056209998 52.0 
291.0 297.0 4.601731759210793 1.4601391056209998 52.0 
291.0 298.0 4.601731759210793 1.4601391056209998 52.0 
291.0 299.0 4.601731759210793 1.4601391056209998 52.0 
291.0 300.0 4.601731759210793 1.4601391056209998 52.0 
291.0 301.0 4.601731759210793 1.4601391056209998 52.0 
291.0 302.0 4.601731759210793 1.4601391056209998 52.0 
291.0 303.0 4.601731759210793 1.4601391056209998 52.0 
291.0 304.0 4.601731759210793 1.4601391056209998 52.0 
291.0 305.0 4.601731759210793 1.4601391056209998 52.0 
291.0 306.0 4.601731759210793 1.4601391056209998 52.0 
291.0 307.0 4.601731759210793 1.4601391056209998 52.0 
291.0 308.0 4.601731759210793 1.4601391056209998 52.0 
291.0 309.0 4.601731759210793 1.4601391056209998 52.0 
291.0 310.0 4.601731759210793 1.4601391056209998 52.0 
291.0 311.0 4.601731759210793 1.4601391056209998 52.0 
291.0 312.0 4.601731759210793 1.4601391056209998 52.0 
292.0 285.0 4.601731759210793 1.4601391056209998 52.0 
292.0 286.0 4.601731759210793 1.4601391056209998 52.0 
292.0 287.0 4.601731759210793 1.4601391056209998 52.0 
292.0 288.0 4.601731759210793 1.4601391056209998 52.0 
292.0 289.0 4.601731759210793 1.4601391056209998 52.0 
292.0 290.0 4.601731759210793 1.4601391056209998 52.0 
292.0 291.0 4.601731759210793 1.4601391056209998 52.0 
292.0 292.0 4.601731759210793 1.4601391056209998 52.0 
292.0 293.0 4.601731759210793 1.4601391056209998 52.0 
292.0 294.0 4.601731759210793 1.4601391056209998 52.0 
292.0 295.0 4.601731759210793 1.4601391056209998 52.0 
292.0 296.0 4.601731759210793 1.4601391056209998 52.0 
292.0 297.0 4.601731759210793 1.4601391056209998 52.0 
292.0 298.0 4.601731759210793 1.4601391056209998 52.0 
292.0 299.0 4.601731759210793 1.4601391056209998 52.0 
292.0 300.0 4.601731759210793 1.4601391056209998 52.0 
292.0 301.0 4.601731759210793 1.4601391056209998 52.0 
292.0 302.0 4.601731759210793 1.4601391056209998 52.0 
292.0 303.0 4.601731759210793 1.4601391056209998 52.0 
292.0 304.0 4.601731759210793 1.4601391056209998 52.0 
292.0 305.0 4.601731759210793 1.4601391056209998 52.0 
292.0 306.0 4.601731759210793 1.4601391056209998 52.0 
292.0 307.0 4.601731759210793 1.4601391056209998 52.0 
292.0 308.0 4.601731759210793 1.4601391056209998 52.0 
292.0 309.0 4.601731759210793 1.4601391056209998 52.0 
292.0 310.0 4.601731759210793 1.4601391056209998 52.0 
292.0 311.0 4.601731759210793 1.4601391056209998 52.0 
292.0 312.0 4.601731759210793 1.4601391056209998 52.0 
292.0 313.0 4.601731759210793 1.4601391056209998 52.0 
292.0 314.0 4.601731759210793 1.4601391056209998 52.0 
292.0 315.0 4.601731759210793 1.4601391056209998 52.0 
292.0 316.0 4.601731759210793 1.4601391056209998 52.0 
292.0 317.0 4.601731759210793 1.4601391056209998 52.0 
292.0 318.0 4.601731759210793 1.4601391056209998 52.0 
292.0 319.0 4.601731759210793 1.4601391056209998 52.0 
292.0 320.0 4.601731759210793 1.4601391056209998 52.0 
292.0 321.0 4.601731759210793 1.4601391056209998 52.0 
293.0 285.0 4.601731759210793 1.4601391056209998 52.0 
293.0 286.0 4.601731759210793 1.4601391056209998 52.0 
293.0 287.0 4.601731759210793 1.4601391056209998 52.0 
293.0 288.0 4.601731759210793 1.4601391056209998 52.0 
293.0 289.0 4.601731759210793 1.4601391056209998 52.0 
293.0 290.0 4.601731759210793 1.4601391056209998 52.0 
293.0 291.0 4.601731759210793 1.4601391056209998 52.0 
293.0 292.0 4.601731759210793 1.4601391056209998 52.0 
293.0 293.0 4.601731759210793 1.4601391056209998 52.0 
293.0 294.0 4.601731759210793 1.4601391056209998 52.0 
293.0 295.0 4.601731759210793 1.4601391056209998 52.0 
293.0 296.0 4.601731759210793 1.4601391056209998 52.0 
293.0 297.0 4.601731759210793 1.4601391056209998 52.0 
293.0 298.0 4.601731759210793 1.4601391056209998 52.0 
293.0 299.0 4.601731759210793 1.4601391056209998 52.0 
293.0 300.0 4.601731759210793 1.4601391056209998 52.0 
293.0 301.0 4.601731759210793 1.4601391056209998 52.0 
293.0 302.0 4.601731759210793 1.4601391056209998 52.0 
293.0 303.0 4.601731759210793 1.4601391056209998 52.0 
293.0 304.0 4.601731759210793 1.4601391056209998 52.0 
293.0 305.0 4.601731759210793 1.4601391056209998 52.0 
293.0 306.0 4.601731759210793 1.4601391056209998 52.0 
293.0 307.0 4.601731759210793 1.4601391056209998 52.0 
293.0 308.0 4.601731759210793 1.4601391056209998 52.0 
293.0 309.0 4.601731759210793 1.4601391056209998 52.0 
293.0 310.0 4.601731759210793 1.4601391056209998 52.0 
293.0 311.0 4.601731759210793 1.4601391056209998 52.0 
293.0 312.0 4.601731759210793 1.4601391056209998 52.0 
293.0 313.0 4.601731759210793 1.4601391056209998 52.0 
293.0 314.0 4.601731759210793 1.4601391056209998 52.0 
293.0 315.0 4.601731759210793 1.4601391056209998 52.0 
293.0 316.0 4.601731759210793 1.4601391056209998 52.0 
293.0 317.0 4.601731759210793 1.4601391056209998 52.0 
293.0 318.0 4.601731759210793 1.4601391056209998 52.0 
293.0 319.0 4.601731759210793 1.4601391056209998 52.0 
293.0 320.0 4.601731759210793 1.4601391056209998 52.0 
293.0 321.0 4.601731759210793 1.4601391056209998 52.0 
293.0 322.0 4.601731759210793 1.4601391056209998 52.0 
293.0 323.0 4.601731759210793 1.4601391056209998 52.0 
293.0 324.0 4.601731759210793 1.4601391056209998 52.0 
293.0 325.0 4.601731759210793 1.4601391056209998 52.0 
293.0 326.0 4.601731759210793 1.4601391056209998 52.0 
293.0 327.0 4.601731759210793 1.4601391056209998 52.0 
293.0 328.0 4.601731759210793 1.4601391056209998 52.0 
293.0 329.0 4.601731759210793 1.4601391056209998 52.0 
293.0 330.0 4.601731759210793 1.4601391056209998 52.0 
294.0 285.0 4.601731759210793 1.4601391056209998 52.0 
294.0 286.0 4.601731759210793 1.4601391056209998 52.0 
294.0 287.0 4.601731759210793 1.4601391056209998 52.0 
294.0 288.0 4.601731759210793 1.4601391056209998 52.0 
294.0 289.0 4.601731759210793 1.4601391056209998 52.0 
294.0 290.0 4.601731759210793 1.4601391056209998 52.0 
294.0 291.0 4.601731759210793 1.4601391056209998 52.0 
294.0 292.0 4.601731759210793 1.4601391056209998 52.0 
294.0 293.0 4.601731759210793 1.4601391056209998 52.0 
294.0 294.0 4.601731759210793 1.4601391056209998 52.0 
294.0 295.0 4.601731759210793 1.4601391056209998 52.0 
294.0 296.0 4.601731759210793 1.4601391056209998 52.0 
294.0 297.0 4.601731759210793 1.4601391056209998 52.0 
294.0 298.0 4.601731759210793 1.4601391056209998 52.0 
294.0 299.0 4.601731759210793 1.4601391056209998 52.0 
294.0 300.0 4.601731759210793 1.4601391056209998 52.0 
294.0 301.0 4.601731759210793 1.4601391056209998 52.0 
294.0 302.0 4.601731759210793 1.4601391056209998 52.0 
294.0 303.0 4.601731759210793 1.4601391056209998 52.0 
294.0 304.0 4.601731759210793 1.4601391056209998 52.0 
294.0 305.0 4.601731759210793 1.4601391056209998 52.0 
294.0 306.0 4.601731759210793 1.4601391056209998 52.0 
294.0 307.0 4.601731759210793 1.4601391056209998 52.0 
294.0 308.0 4.601731759210793 1.4601391056209998 52.0 
294.0 309.0 4.601731759210793 1.4601391056209998 52.0 
294.0 310.0 4.601731759210793 1.4601391056209998 52.0 
294.0 311.0 4.601731759210793 1.4601391056209998 52.0 
294.0 312.0 4.601731759210793 1.4601391056209998 52.0 
294.0 313.0 4.601731759210793 1.4601391056209998 52.0 
294.0 314.0 4.601731759210793 1.4601391056209998 52.0 
294.0 315.0 4.601731759210793 1.4601391056209998 52.0 
294.0 316.0 4.601731759210793 1.4601391056209998 52.0 
294.0 317.0 4.601731759210793 1.4601391056209998 52.0 
294.0 318.0 4.601731759210793 1.4601391056209998 52.0 
294.0 319.0 4.601731759210793 1.4601391056209998 52.0 
294.0 320.0 4.601731759210793 1.4601391056209998 52.0 
294.0 321.0 4.601731759210793 1.4601391056209998 52.0 
294.0 322.0 4.601731759210793 1.4601391056209998 52.0 
294.0 323.0 4.601731759210793 1.4601391056209998 52.0 
294.0 324.0 4.601731759210793 1.4601391056209998 52.0 
294.0 325.0 4.601731759210793 1.4601391056209998 52.0 
294.0 326.0 4.601731759210793 1.4601391056209998 52.0 
294.0 327.0 4.601731759210793 1.4601391056209998 52.0 
294.0 328.0 4.601731759210793 1.4601391056209998 52.0 
294.0 329.0 4.601731759210793 1.4601391056209998 52.0 
294.0 330.0 4.601731759210793 1.4601391056209998 52.0 
294.0 331.0 4.601731759210793 1.4601391056209998 52.0 
294.0 332.0 4.601731759210793 1.4601391056209998 52.0 
294.0 333.0 4.601731759210793 1.4601391056209998 52.0 
294.0 334.0 4.601731759210793 1.4601391056209998 52.0 
294.0 335.0 4.601731759210793 1.4601391056209998 52.0 
294.0 336.0 4.601731759210793 1.4601391056209998 52.0 
294.0 337.0 4.601731759210793 1.4601391056209998 52.0 
294.0 338.0 4.601731759210793 1.4601391056209998 52.0 
294.0 339.0 4.601731759210793 1.4601391056209998 52.0 
295.0 294.0 4.601731759210793 1.4601391056209998 52.0 
295.0 295.0 4.601731759210793 1.4601391056209998 52.0 
295.0 296.0 4.601731759210793 1.4601391056209998 52.0 
295.0 297.0 4.601731759210793 1.4601391056209998 52.0 
295.0 298.0 4.601731759210793 1.4601391056209998 52.0 
295.0 299.0 4.601731759210793 1.4601391056209998 52.0 
295.0 300.0 4.601731759210793 1.4601391056209998 52.0 
295.0 301.0 4.601731759210793 1.4601391056209998 52.0 
295.0 302.0 4.601731759210793 1.4601391056209998 52.0 
295.0 303.0 4.601731759210793 1.4601391056209998 52.0 
295.0 304.0 4.601731759210793 1.4601391056209998 52.0 
295.0 305.0 4.601731759210793 1.4601391056209998 52.0 
295.0 306.0 4.601731759210793 1.4601391056209998 52.0 
295.0 307.0 4.601731759210793 1.4601391056209998 52.0 
295.0 308.0 4.601731759210793 1.4601391056209998 52.0 
295.0 309.0 4.601731759210793 1.4601391056209998 52.0 
295.0 310.0 4.601731759210793 1.4601391056209998 52.0 
295.0 311.0 4.601731759210793 1.4601391056209998 52.0 
295.0 312.0 4.601731759210793 1.4601391056209998 52.0 
295.0 313.0 4.601731759210793 1.4601391056209998 52.0 
295.0 314.0 4.601731759210793 1.4601391056209998 52.0 
295.0 315.0 4.601731759210793 1.4601391056209998 52.0 
295.0 316.0 4.601731759210793 1.4601391056209998 52.0 
295.0 317.0 4.601731759210793 1.4601391056209998 52.0 
295.0 318.0 4.601731759210793 1.4601391056209998 52.0 
295.0 319.0 4.601731759210793 1.4601391056209998 52.0 
295.0 320.0 4.601731759210793 1.4601391056209998 52.0 
295.0 321.0 4.601731759210793 1.4601391056209998 52.0 
295.0 322.0 4.601731759210793 1.4601391056209998 52.0 
295.0 323.0 4.601731759210793 1.4601391056209998 52.0 
295.0 324.0 4.601731759210793 1.4601391056209998 52.0 
295.0 325.0 4.601731759210793 1.4601391056209998 52.0 
295.0 326.0 4.601731759210793 1.4601391056209998 52.0 
295.0 327.0 4.601731759210793 1.4601391056209998 52.0 
295.0 328.0 4.601731759210793 1.4601391056209998 52.0 
295.0 329.0 4.601731759210793 1.4601391056209998 52.0 
295.0 330.0 4.601731759210793 1.4601391056209998 52.0 
295.0 331.0 4.601731759210793 1.4601391056209998 52.0 
295.0 332.0 4.601731759210793 1.4601391056209998 52.0 
295.0 333.0 4.601731759210793 1.4601391056209998 52.0 
295.0 334.0 4.601731759210793 1.4601391056209998 52.0 
295.0 335.0 4.601731759210793 1.4601391056209998 52.0 
295.0 336.0 4.601731759210793 1.4601391056209998 52.0 
295.0 337.0 4.601731759210793 1.4601391056209998 52.0 
295.0 338.0 4.601731759210793 1.4601391056209998 52.0 
295.0 339.0 4.601731759210793 1.4601391056209998 52.0 
296.0 303.0 4.601731759210793 1.4601391056209998 52.0 
296.0 304.0 4.601731759210793 1.4601391056209998 52.0 
296.0 305.0 4.601731759210793 1.4601391056209998 52.0 
296.0 306.0 4.601731759210793 1.4601391056209998 52.0 
296.0 307.0 4.601731759210793 1.4601391056209998 52.0 
296.0 308.0 4.601731759210793 1.4601391056209998 52.0 
296.0 309.0 4.601731759210793 1.4601391056209998 52.0 
296.0 310.0 4.601731759210793 1.4601391056209998 52.0 
296.0 311.0 4.601731759210793 1.4601391056209998 52.0 
296.0 312.0 4.601731759210793 1.4601391056209998 52.0 
296.0 313.0 4.601731759210793 1.4601391056209998 52.0 
296.0 314.0 4.601731759210793 1.4601391056209998 52.0 
296.0 315.0 4.601731759210793 1.4601391056209998 52.0 
296.0 316.0 4.601731759210793 1.4601391056209998 52.0 
296.0 317.0 4.601731759210793 1.4601391056209998 52.0 
296.0 318.0 4.601731759210793 1.4601391056209998 52.0 
296.0 319.0 4.601731759210793 1.4601391056209998 52.0 
296.0 320.0 4.601731759210793 1.4601391056209998 52.0 
296.0 321.0 4.601731759210793 1.4601391056209998 52.0 
296.0 322.0 4.601731759210793 1.4601391056209998 52.0 
296.0 323.0 4.601731759210793 1.4601391056209998 52.0 
296.0 324.0 4.601731759210793 1.4601391056209998 52.0 
296.0 325.0 4.601731759210793 1.4601391056209998 52.0 
296.0 326.0 4.601731759210793 1.4601391056209998 52.0 
296.0 327.0 4.601731759210793 1.4601391056209998 52.0 
296.0 328.0 4.601731759210793 1.4601391056209998 52.0 
296.0 329.0 4.601731759210793 1.4601391056209998 52.0 
296.0 330.0 4.601731759210793 1.4601391056209998 52.0 
296.0 331.0 4.601731759210793 1.4601391056209998 52.0 
296.0 332.0 4.601731759210793 1.4601391056209998 52.0 
296.0 333.0 4.601731759210793 1.4601391056209998 52.0 
296.0 334.0 4.601731759210793 1.4601391056209998 52.0 
296.0 335.0 4.601731759210793 1.4601391056209998 52.0 
296.0 336.0 4.601731759210793 1.4601391056209998 52.0 
296.0 337.0 4.601731759210793 1.4601391056209998 52.0 
296.0 338.0 4.601731759210793 1.4601391056209998 52.0 
296.0 339.0 4.601731759210793 1.4601391056209998 52.0 
297.0 312.0 4.601731759210793 1.4601391056209998 52.0 
297.0 313.0 4.601731759210793 1.4601391056209998 52.0 
297.0 314.0 4.601731759210793 1.4601391056209998 52.0 
297.0 315.0 4.601731759210793 1.4601391056209998 52.0 
297.0 316.0 4.601731759210793 1.4601391056209998 52.0 
297.0 317.0 4.601731759210793 1.4601391056209998 52.0 
297.0 318.0 4.601731759210793 1.4601391056209998 52.0 
297.0 319.0 4.601731759210793 1.4601391056209998 52.0 
297.0 320.0 4.601731759210793 1.4601391056209998 52.0 
297.0 321.0 4.601731759210793 1.4601391056209998 52.0 
297.0 322.0 4.601731759210793 1.4601391056209998 52.0 
297.0 323.0 4.601731759210793 1.4601391056209998 52.0 
297.0 324.0 4.601731759210793 1.4601391056209998 52.0 
297.0 325.0 4.601731759210793 1.4601391056209998 52.0 
297.0 326.0 4.601731759210793 1.4601391056209998 52.0 
297.0 327.0 4.601731759210793 1.4601391056209998 52.0 
297.0 328.0 4.601731759210793 1.4601391056209998 52.0 
297.0 329.0 4.601731759210793 1.4601391056209998 52.0 
297.0 330.0 4.601731759210793 1.4601391056209998 52.0 
297.0 331.0 4.601731759210793 1.4601391056209998 52.0 
297.0 332.0 4.601731759210793 1.4601391056209998 52.0 
297.0 333.0 4.601731759210793 1.4601391056209998 52.0 
297.0 334.0 4.601731759210793 1.4601391056209998 52.0 
297.0 335.0 4.601731759210793 1.4601391056209998 52.0 
297.0 336.0 4.601731759210793 1.4601391056209998 52.0 
297.0 337.0 4.601731759210793 1.4601391056209998 52.0 
297.0 338.0 4.601731759210793 1.4601391056209998 52.0 
298.0 321.0 4.601731759210793 1.4601391056209998 52.0 
298.0 322.0 4.601731759210793 1.4601391056209998 52.0 
298.0 323.0 4.601731759210793 1.4601391056209998 52.0 
298.0 324.0 4.601731759210793 1.4601391056209998 52.0 
298.0 325.0 4.601731759210793 1.4601391056209998 52.0 
298.0 326.0 4.601731759210793 1.4601391056209998 52.0 
298.0 327.0 4.601731759210793 1.4601391056209998 52.0 
298.0 328.0 4.601731759210793 1.4601391056209998 52.0 
298.0 329.0 4.601731759210793 1.4601391056209998 52.0 
298.0 330.0 4.601731759210793 1.4601391056209998 52.0 
298.0 331.0 4.601731759210793 1.4601391056209998 52.0 
298.0 332.0 4.601731759210793 1.4601391056209998 52.0 
298.0 333.0 4.601731759210793 1.4601391056209998 52.0 
298.0 334.0 4.601731759210793 1.4601391056209998 52.0 
298.0 335.0 4.601731759210793 1.4601391056209998 52.0 
298.0 336.0 4.601731759210793 1.4601391056209998 52.0 
298.0 337.0 4.601731759210793 1.4601391056209998 52.0 
298.0 338.0 4.601731759210793 1.4601391056209998 52.0 
299.0 330.0 4.601731759210793 1.4601391056209998 52.0 
299.0 331.0 4.601731759210793 1.4601391056209998 52.0 
299.0 332.0 4.601731759210793 1.4601391056209998 52.0 
299.0 333.0 4.601731759210793 1.4601391056209998 52.0 
299.0 334.0 4.601731759210793 1.4601391056209998 52.0 
299.0 335.0 4.601731759210793 1.4601391056209998 52.0 
299.0 336.0 4.601731759210793 1.4601391056209998 52.0 
299.0 337.0 4.601731759210793 1.4601391056209998 52.0 
299.0 338.0 4.601731759210793 1.4601391056209998 52.0 
347.0 290.0 4.046419743005581 0.9048270894157877 32.0 
347.0 291.0 4.046419743005581 0.9048270894157877 32.0 
348.0 290.0 4.046419743005581 0.9048270894157877 32.0 
348.0 291.0 4.046419743005581 0.9048270894157877 32.0 
348.0 292.0 4.046419743005581 0.9048270894157877 32.0 
349.0 291.0 4.046419743005581 0.9048270894157877 32.0 
349.0 292.0 4.046419743005581 0.9048270894157877 32.0 
349.0 293.0 4.046419743005581 0.9048270894157877 32.0 
349.0 294.0 4.046419743005581 0.9048270894157877 32.0 
350.0 293.0 4.046419743005581 0.9048270894157877 32.0 
350.0 294.0 4.046419743005581 0.9048270894157877 32.0 
350.0 295.0 4.046419743005581 0.9048270894157877 32.0 
351.0 294.0 4.046419743005581 0.9048270894157877 32.0 
351.0 295.0 4.046419743005581 0.9048270894157877 32.0 
351.0 296.0 4.046419743005581 0.9048270894157877 32.0 
352.0 295.0 4.046419743005581 0.9048270894157877 32.0 
352.0 296.0 4.046419743005581 0.9048270894157877 32.0 
352.0 297.0 4.046419743005581 0.9048270894157877 32.0 
353.0 297.0 4.046419743005581 0.9048270894157877 32.0 
353.0 298.0 4.046419743005581 0.9048270894157877 32.0 
353.0 299.0 4.046419743005581 0.9048270894157877 32.0 
354.0 298.0 4.046419743005581 0.9048270894157877 32.0 
354.0 299.0 4.046419743005581 0.9048270894157877 32.0 
354.0 300.0 4.046419743005581 0.9048270894157877 32.0 
355.0 299.0 4.046419743005581 0.9048270894157877 32.0 
355.0 300.0 4.046419743005581 0.9048270894157877 32.0 
355.0 301.0 4.046419743005581 0.9048270894157877 32.0 
356.0 300.0 4.046419743005581 0.9048270894157877 32.0 
356.0 301.0 4.046419743005581 0.9048270894157877 32.0 
356.0 302.0 4.046419743005581 0.9048270894157877 32.0 
356.0 303.0 4.046419743005581 0.9048270894157877 32.0 
357.0 302.0 4.046419743005581 0.9048270894157877 32.0 
357.0 303.0 4.046419743005581 0.9048270894157877 32.0 
357.0 304.0 4.046419743005581 0.9048270894157877 32.0 
358.0 303.0 4.046419743005581 0.9048270894157877 32.0 
358.0 304.0 4.046419743005581 0.9048270894157877 32.0 
358.0 305.0 4.046419743005581 0.9048270894157877 32.0 
359.0 304.0 4.046419743005581 0.9048270894157877 32.0 
359.0 305.0 4.046419743005581 0.9048270894157877 32.0 
359.0 306.0 4.046419743005581 0.9048270894157877 32.0 
360.0 305.0 4.046419743005581 0.9048270894157877 32.0 
360.0 306.0 4.046419743005581 0.9048270894157877 32.0 
360.0 307.0 4.046419743005581 0.9048270894157877 32.0 
360.0 308.0 4.046419743005581 0.9048270894157877 32.0 
361.0 307.0 4.046419743005581 0.9048270894157877 32.0 
361.0 308.0 4.046419743005581 0.9048270894157877 32.0 
361.0 309.0 4.046419743005581 0.9048270894157877 32.0 
362.0 308.0 4.046419743005581 0.9048270894157877 32.0 
362.0 309.0 4.046419743005581 0.9048270894157877 32.0 
362.0 310.0 4.046419743005581 0.9048270894157877 32.0 
363.0 309.0 4.046419743005581 0.9048270894157877 32.0 
363.0 310.0 4.046419743005581 0.9048270894157877 32.0 
363.0 311.0 4.046419743005581 0.9048270894157877 32.0 
364.0 311.0 4.046419743005581 0.9048270894157877 32.0 
364.0 312.0 4.046419743005581 0.9048270894157877 32.0 
364.0 313.0 4.046419743005581 0.9048270894157877 32.0 
365.0 312.0 4.046419743005581 0.9048270894157877 32.0 
365.0 313.0 4.046419743005581 0.9048270894157877 32.0 
365.0 314.0 4.046419743005581 0.9048270894157877 32.0 
366.0 313.0 4.046419743005581 0.9048270894157877 32.0 
366.0 314.0 4.046419743005581 0.9048270894157877 32.0 
366.0 315.0 4.046419743005581 0.9048270894157877 32.0 
367.0 314.0 4.046419743005581 0.9048270894157877 32.0 
367.0 315.0 4.046419743005581 0.9048270894157877 32.0 
367.0 316.0 4.046419743005581 0.9048270894157877 32.0 
367.0 317.0 4.046419743005581 0.9048270894157877 32.0 
368.0 316.0 4.046419743005581 0.9048270894157877 32.0 
368.0 317.0 4.046419743005581 0.9048270894157877 32.0 
368.0 318.0 4.046419743005581 0.9048270894157877 32.0 
369.0 317.0 4.046419743005581 0.9048270894157877 32.0 
369.0 318.0 4.046419743005581 0.9048270894157877 32.0 
369.0 319.0 4.046419743005581 0.9048270894157877 32.0 
370.0 318.0 4.046419743005581 0.9048270894157877 32.0 
370.0 319.0 4.046419743005581 0.9048270894157877 32.0 
370.0 320.0 4.046419743005581 0.9048270894157877 32.0 
371.0 319.0 4.046419743005581 0.9048270894157877 32.0 
371.0 320.0 4.046419743005581 0.9048270894157877 32.0 
371.0 321.0 4.046419743005581 0.9048270894157877 32.0 
371.0 322.0 4.046419743005581 0.9048270894157877 32.0 
372.0 321.0 4.046419743005581 0.9048270894157877 32.0 
372.0 322.0 4.046419743005581 0.9048270894157877 32.0 
372.0 323.0 4.046419743005581 0.9048270894157877 32.0 
373.0 322.0 4.046419743005581 0.9048270894157877 32.0 
373.0 323.0 4.046419743005581 0.9048270894157877 32.0 
373.0 324.0 4.046419743005581 0.9048270894157877 32.0 
374.0 323.0 4.046419743005581 0.9048270894157877 32.0 
374.0 324.0 4.046419743005581 0.9048270894157877 32.0 
374.0 325.0 4.046419743005581 0.9048270894157877 32.0 
375.0 325.0 4.046419743005581 0.9048270894157877 32.0 
375.0 326.0 4.046419743005581 0.9048270894157877 32.0 
375.0 327.0 4.046419743005581 0.9048270894157877 32.0 
376.0 326.0 4.046419743005581 0.9048270894157877 32.0 
376.0 327.0 4.046419743005581 0.9048270894157877 32.0 
376.0 328.0 4.046419743005581 0.9048270894157877 32.0 
377.0 327.0 4.046419743005581 0.9048270894157877 32.0 
377.0 328.0 4.046419743005581 0.9048270894157877 32.0 
377.0 329.0 4.046419743005581 0.9048270894157877 32.0 
378.0 328.0 4.046419743005581 0.9048270894157877 32.0 
378.0 329.0 4.046419743005581 0.9048270894157877 32.0 
378.0 330.0 4.046419743005581 0.9048270894157877 32.0 
378.0 331.0 4.046419743005581 0.9048270894157877 32.0 
379.0 330.0 4.046419743005581 0.9048270894157877 32.0 
379.0 331.0 4.046419743005581 0.9048270894157877 32.0 
379.0 332.0 4.046419743005581 0.9048270894157877 32.0 
380.0 331.0 4.046419743005581 0.9048270894157877 32.0 
380.0 332.0 4.046419743005581 0.9048270894157877 32.0 
380.0 333.0 4.046419743005581 0.9048270894157877 32.0 
381.0 332.0 4.046419743005581 0.9048270894157877 32.0 
381.0 333.0 4.046419743005581 0.9048270894157877 32.0 
381.0 334.0 4.046419743005581 0.9048270894157877 32.0 
382.0 333.0 4.046419743005581 0.9048270894157877 32.0 
382.0 334.0 4.046419743005581 0.9048270894157877 32.0 
382.0 335.0 4.046419743005581 0.9048270894157877 32.0 
382.0 336.0 4.046419743005581 0.9048270894157877 32.0 
383.0 335.0 4.046419743005581 0.9048270894157877 32.0 
383.0 336.0 4.046419743005581 0.9048270894157877 32.0 
383.0 337.0 4.046419743005581 0.9048270894157877 32.0 
384.0 336.0 4.046419743005581 0.9048270894157877 32.0 
384.0 337.0 4.046419743005581 0.9048270894157877 32.0 
384.0 338.0 4.046419743005581 0.9048270894157877 32.0 
385.0 337.0 4.046419743005581 0.9048270894157877 32.0 
385.0 338.0 4.046419743005581 0.9048270894157877 32.0 
385.0 339.0 4.046419743005581 0.9048270894157877 32.0 
386.0 339.0 4.046419743005581 0.9048270894157877 32.0 
386.0 340.0 4.046419743005581 0.9048270894157877 32.0 
386.0 341.0 4.046419743005581 0.9048270894157877 32.0 
387.0 340.0 4.046419743005581 0.9048270894157877 32.0 
387.0 341.0 4.046419743005581 0.9048270894157877 32.0 
387.0 342.0 4.046419743005581 0.9048270894157877 32.0 
388.0 341.0 4.046419743005581 0.9048270894157877 32.0 
388.0 342.0 4.046419743005581 0.9048270894157877 32.0 
388.0 343.0 4.046419743005581 0.9048270894157877 32.0 
389.0 342.0 4.046419743005581 0.9048270894157877 32.0 
389.0 343.0 4.046419743005581 0.9048270894157877 32.0 
389.0 344.0 4.046419743005581 0.9048270894157877 32.0 
389.0 345.0 4.046419743005581 0.9048270894157877 32.0 
390.0 344.0 4.046419743005581 0.9048270894157877 32.0 
390.0 345.0 4.046419743005581 0.9048270894157877 32.0 
390.0 346.0 4.046419743005581 0.9048270894157877 32.0 
391.0 345.0 4.046419743005581 0.9048270894157877 32.0 
391.0 346.0 4.046419743005581 0.9048270894157877 32.0 
391.0 347.0 4.046419743005581 0.9048270894157877 32.0 
392.0 346.0 4.046419743005581 0.9048270894157877 32.0 
392.0 347.0 4.046419743005581 0.9048270894157877 32.0 
392.0 348.0 4.046419743005581 0.9048270894157877 32.0 
393.0 347.0 4.046419743005581 0.9048270894157877 32.0 
393.0 348.0 4.046419743005581 0.9048270894157877 32.0 
393.0 349.0 4.046419743005581 0.9048270894157877 32.0 
393.0 350.0 4.046419743005581 0.9048270894157877 32.0 
394.0 349.0 4.046419743005581 0.9048270894157877 32.0 
394.0 350.0 4.046419743005581 0.9048270894157877 32.0 
394.0 351.0 4.046419743005581 0.9048270894157877 32.0 
395.0 350.0 4.046419743005581 0.9048270894157877 32.0 
395.0 351.0 4.046419743005581 0.9048270894157877 32.0 
395.0 352.0 4.046419743005581 0.9048270894157877 32.0 
396.0 351.0 4.046419743005581 0.9048270894157877 32.0 
396.0 352.0 4.046419743005581 0.9048270894157877 32.0 
396.0 353.0 4.046419743005581 0.9048270894157877 32.0 
397.0 353.0 4.046419743005581 0.9048270894157877 32.0 
397.0 354.0 4.046419743005581 0.9048270894157877 32.0 
397.0 355.0 4.046419743005581 0.9048270894157877 32.0 
398.0 354.0 4.046419743005581 0.9048270894157877 32.0 
398.0 355.0 4.046419743005581 0.9048270894157877 32.0 
398.0 356.0 4.046419743005581 0.9048270894157877 32.0 
399.0 355.0 4.046419743005581 0.9048270894157877 32.0 
399.0 356.0 4.046419743005581 0.9048270894157877 32.0 
399.0 357.0 4.046419743005581 0.9048270894157877 32.0 
400.0 356.0 4.046419743005581 0.9048270894157877 32.0 
400.0 357.0 4.046419743005581 0.9048270894157877 32.0 
400.0 358.0 4.046419743005581 0.9048270894157877 32.0 
400.0 359.0 4.046419743005581 0.9048270894157877 32.0 
401.0 358.0 4.046419743005581 0.9048270894157877 32.0 
401.0 359.0 4.046419743005581 0.9048270894157877 32.0 
401.0 360.0 4.046419743005581 0.9048270894157877 32.0 
402.0 359.0 4.046419743005581 0.9048270894157877 32.0 
402.0 360.0 4.046419743005581 0.9048270894157877 32.0 
402.0 361.0 4.046419743005581 0.9048270894157877 32.0 
403.0 360.0 4.046419743005581 0.9048270894157877 32.0 
403.0 361.0 4.046419743005581 0.9048270894157877 32.0 
403.0 362.0 4.046419743005581 0.9048270894157877 32.0 
404.0 361.0 4.046419743005581 0.9048270894157877 32.0 
404.0 362.0 4.046419743005581 0.9048270894157877 32.0 
404.0 363.0 4.046419743005581 0.9048270894157877 32.0 
404.0 364.0 4.046419743005581 0.9048270894157877 32.0 
405.0 363.0 4.046419743005581 0.9048270894157877 32.0 
405.0 364.0 4.046419743005581 0.9048270894157877 32.0 
405.0 365.0 4.046419743005581 0.9048270894157877 32.0 
406.0 364.0 4.046419743005581 0.9048270894157877 32.0 
406.0 365.0 4.046419743005581 0.9048270894157877 32.0 
406.0 366.0 4.046419743005581 0.9048270894157877 32.0 
407.0 365.0 4.046419743005581 0.9048270894157877 32.0 
407.0 366.0 4.046419743005581 0.9048270894157877 32.0 
407.0 367.0 4.046419743005581 0.9048270894157877 32.0 
408.0 367.0 4.046419743005581 0.9048270894157877 32.0 
408.0 368.0 4.046419743005581 0.9048270894157877 32.0 
408.0 369.0 4.046419743005581 0.9048270894157877 32.0 
409.0 368.0 4.046419743005581 0.9048270894157877 32.0 
409.0 369.0 4.046419743005581 0.9048270894157877 32.0 
409.0 370.0 4.046419743005581 0.9048270894157877 32.0 
410.0 369.0 4.046419743005581 0.9048270894157877 32.0 
410.0 370.0 4.046419743005581 0.9048270894157877 32.0 
410.0 371.0 4.046419743005581 0.9048270894157877 32.0 
411.0 370.0 4.046419743005581 0.9048270894157877 32.0 
411.0 371.0 4.046419743005581 0.9048270894157877 32.0 
411.0 372.0 4.046419743005581 0.9048270894157877 32.0 
411.0 373.0 4.046419743005581 0.9048270894157877 32.0 
412.0 372.0 4.046419743005581 0.9048270894157877 32.0 
412.0 373.0 4.046419743005581 0.9048270894157877 32.0 
412.0 374.0 4.046419743005581 0.9048270894157877 32.0 
413.0 373.0 4.046419743005581 0.9048270894157877 32.0 
