276.0 292.0 1.5707963267948966 4.71238898038469 28.0 
276.0 293.0 1.5707963267948966 4.71238898038469 28.0 
276.0 294.0 1.5707963267948966 4.71238898038469 28.0 
276.0 295.0 1.5707963267948966 4.71238898038469 28.0 
276.0 296.0 1.5707963267948966 4.71238898038469 28.0 
276.0 297.0 1.5707963267948966 4.71238898038469 28.0 
276.0 298.0 1.5707963267948966 4.71238898038469 28.0 
276.0 299.0 1.5707963267948966 4.71238898038469 28.0 
276.0 300.0 1.5707963267948966 4.71238898038469 28.0 
276.0 301.0 1.5707963267948966 4.71238898038469 28.0 
276.0 302.0 1.5707963267948966 4.71238898038469 28.0 
276.0 303.0 1.5707963267948966 4.71238898038469 28.0 
276.0 304.0 1.5707963267948966 4.71238898038469 28.0 
276.0 305.0 1.5707963267948966 4.71238898038469 28.0 
276.0 306.0 1.5707963267948966 4.71238898038469 28.0 
276.0 307.0 1.5707963267948966 4.71238898038469 28.0 
276.0 308.0 1.5707963267948966 4.71238898038469 28.0 
276.0 309.0 1.5707963267948966 4.71238898038469 28.0 
276.0 310.0 1.5707963267948966 4.71238898038469 28.0 
276.0 311.0 1.5707963267948966 4.71238898038469 28.0 
276.0 312.0 1.5707963267948966 4.71238898038469 28.0 
277.0 292.0 1.5707963267948966 4.71238898038469 28.0 
277.0 293.0 1.5707963267948966 4.71238898038469 28.0 
277.0 294.0 1.5707963267948966 4.71238898038469 28.0 
277.0 295.0 1.5707963267948966 4.71238898038469 28.0 
277.0 296.0 1.5707963267948966 4.71238898038469 28.0 
277.0 297.0 1.5707963267948966 4.71238898038469 28.0 
277.0 298.0 1.5707963267948966 4.71238898038469 28.0 
277.0 299.0 1.5707963267948966 4.71238898038469 28.0 
277.0 300.0 1.5707963267948966 4.71238898038469 28.0 
277.0 301.0 1.5707963267948966 4.71238898038469 28.0 
277.0 302.0 1.5707963267948966 4.71238898038469 28.0 
277.0 303.0 1.5707963267948966 4.71238898038469 28.0 
277.0 304.0 1.5707963267948966 4.71238898038469 28.0 
277.0 305.0 1.5707963267948966 4.71238898038469 28.0 
277.0 306.0 1.5707963267948966 4.71238898038469 28.0 
277.0 307.0 1.5707963267948966 4.71238898038469 28.0 
277.0 308.0 1.5707963267948966 4.71238898038469 28.0 
277.0 309.0 1.5707963267948966 4.71238898038469 28.0 
277.0 310.0 1.5707963267948966 4.71238898038469 28.0 
277.0 311.0 1.5707963267948966 4.71238898038469 28.0 
277.0 312.0 1.5707963267948966 4.71238898038469 28.0 
278.0 292.0 1.5707963267948966 4.71238898038469 28.0 
278.0 293.0 1.5707963267948966 4.71238898038469 28.0 
278.0 294.0 1.5707963267948966 4.71238898038469 28.0 
278.0 295.0 1.5707963267948966 4.71238898038469 28.0 
278.0 296.0 1.5707963267948966 4.71238898038469 28.0 
278.0 297.0 1.5707963267948966 4.71238898038469 28.0 
278.0 298.0 1.5707963267948966 4.71238898038469 28.0 
278.0 299.0 1.5707963267948966 4.71238898038469 28.0 
278.0 300.0 1.5707963267948966 4.71238898038469 28.0 
278.0 301.0 1.5707963267948966 4.71238898038469 28.0 
278.0 302.0 1.5707963267948966 4.71238898038469 28.0 
278.0 303.0 1.5707963267948966 4.71238898038469 28.0 
278.0 304.0 1.5707963267948966 4.71238898038469 28.0 
278.0 305.0 1.5707963267948966 4.71238898038469 28.0 
278.0 306.0 1.5707963267948966 4.71238898038469 28.0 
278.0 307.0 1.5707963267948966 4.71238898038469 28.0 
278.0 308.0 1.5707963267948966 4.71238898038469 28.0 
278.0 309.0 1.5707963267948966 4.71238898038469 28.0 
278.0 310.0 1.5707963267948966 4.71238898038469 28.0 
278.0 311.0 1.5707963267948966 4.71238898038469 28.0 
278.0 312.0 1.5707963267948966 4.71238898038469 28.0 
279.0 292.0 1.5707963267948966 4.71238898038469 28.0 
279.0 293.0 1.5707963267948966 4.71238898038469 28.0 
279.0 294.0 1.5707963267948966 4.71238898038469 28.0 
279.0 295.0 1.5707963267948966 4.71238898038469 28.0 
279.0 296.0 1.5707963267948966 4.71238898038469 28.0 
279.0 297.0 1.5707963267948966 4.71238898038469 28.0 
279.0 298.0 1.5707963267948966 4.71238898038469 28.0 
279.0 299.0 1.5707963267948966 4.71238898038469 28.0 
279.0 300.0 1.5707963267948966 4.71238898038469 28.0 
279.0 301.0 1.5707963267948966 4.71238898038469 28.0 
279.0 302.0 1.5707963267948966 4.71238898038469 28.0 
279.0 303.0 1.5707963267948966 4.71238898038469 28.0 
279.0 304.0 1.5707963267948966 4.71238898038469 28.0 
279.0 305.0 1.5707963267948966 4.71238898038469 28.0 
279.0 306.0 1.5707963267948966 4.71238898038469 28.0 
279.0 307.0 1.5707963267948966 4.71238898038469 28.0 
279.0 308.0 1.5707963267948966 4.71238898038469 28.0 
279.0 309.0 1.5707963267948966 4.71238898038469 28.0 
279.0 310.0 1.5707963267948966 4.71238898038469 28.0 
279.0 311.0 1.5707963267948966 4.71238898038469 28.0 
279.0 312.0 1.5707963267948966 4.71238898038469 28.0 
280.0 292.0 1.5707963267948966 4.71238898038469 28.0 
280.0 293.0 1.5707963267948966 4.71238898038469 28.0 
280.0 294.0 1.5707963267948966 4.71238898038469 28.0 
280.0 295.0 1.5707963267948966 4.71238898038469 28.0 
280.0 296.0 1.5707963267948966 4.71238898038469 28.0 
280.0 297.0 1.5707963267948966 4.71238898038469 28.0 
280.0 298.0 1.5707963267948966 4.71238898038469 28.0 
280.0 299.0 1.5707963267948966 4.71238898038469 28.0 
280.0 300.0 1.5707963267948966 4.71238898038469 28.0 
280.0 301.0 1.5707963267948966 4.71238898038469 28.0 
280.0 302.0 1.5707963267948966 4.71238898038469 28.0 
280.0 303.0 1.5707963267948966 4.71238898038469 28.0 
280.0 304.0 1.5707963267948966 4.71238898038469 28.0 
280.0 305.0 1.5707963267948966 4.71238898038469 28.0 
280.0 306.0 1.5707963267948966 4.71238898038469 28.0 
280.0 307.0 1.5707963267948966 4.71238898038469 28.0 
280.0 308.0 1.5707963267948966 4.71238898038469 28.0 
280.0 309.0 1.5707963267948966 4.71238898038469 28.0 
280.0 310.0 1.5707963267948966 4.71238898038469 28.0 
280.0 311.0 1.5707963267948966 4.71238898038469 28.0 
280.0 312.0 1.5707963267948966 4.71238898038469 28.0 
281.0 292.0 1.5707963267948966 4.71238898038469 28.0 
281.0 293.0 1.5707963267948966 4.71238898038469 28.0 
281.0 294.0 1.5707963267948966 4.71238898038469 28.0 
281.0 295.0 1.5707963267948966 4.71238898038469 28.0 
281.0 296.0 1.5707963267948966 4.71238898038469 28.0 
281.0 297.0 1.5707963267948966 4.71238898038469 28.0 
281.0 298.0 1.5707963267948966 4.71238898038469 28.0 
281.0 299.0 1.5707963267948966 4.71238898038469 28.0 
281.0 300.0 1.5707963267948966 4.71238898038469 28.0 
281.0 301.0 1.5707963267948966 4.71238898038469 28.0 
281.0 302.0 1.5707963267948966 4.71238898038469 28.0 
281.0 303.0 1.5707963267948966 4.71238898038469 28.0 
281.0 304.0 1.5707963267948966 4.71238898038469 28.0 
281.0 305.0 1.5707963267948966 4.71238898038469 28.0 
281.0 306.0 1.5707963267948966 4.71238898038469 28.0 
281.0 307.0 1.5707963267948966 4.71238898038469 28.0 
281.0 308.0 1.5707963267948966 4.71238898038469 28.0 
281.0 309.0 1.5707963267948966 4.71238898038469 28.0 
281.0 310.0 1.5707963267948966 4.71238898038469 28.0 
281.0 311.0 1.5707963267948966 4.71238898038469 28.0 
281.0 312.0 1.5707963267948966 4.71238898038469 28.0 
278.0 316.0 4.2095457694568275 1.0679531158670348 32.0 
279.0 315.0 4.2095457694568275 1.0679531158670348 32.0 
279.0 316.0 4.2095457694568275 1.0679531158670348 32.0 
279.0 317.0 4.2095457694568275 1.0679531158670348 32.0 
279.0 318.0 4.2095457694568275 1.0679531158670348 32.0 
280.0 314.0 4.2095457694568275 1.0679531158670348 32.0 
280.0 315.0 4.2095457694568275 1.0679531158670348 32.0 
280.0 316.0 4.2095457694568275 1.0679531158670348 32.0 
280.0 317.0 4.2095457694568275 1.0679531158670348 32.0 
280.0 318.0 4.2095457694568275 1.0679531158670348 32.0 
280.0 319.0 4.2095457694568275 1.0679531158670348 32.0 
280.0 320.0 4.2095457694568275 1.0679531158670348 32.0 
281.0 314.0 4.2095457694568275 1.0679531158670348 32.0 
281.0 315.0 4.2095457694568275 1.0679531158670348 32.0 
281.0 316.0 4.2095457694568275 1.0679531158670348 32.0 
281.0 317.0 4.2095457694568275 1.0679531158670348 32.0 
281.0 318.0 4.2095457694568275 1.0679531158670348 32.0 
281.0 319.0 4.2095457694568275 1.0679531158670348 32.0 
281.0 320.0 4.2095457694568275 1.0679531158670348 32.0 
281.0 321.0 4.2095457694568275 1.0679531158670348 32.0 
281.0 322.0 4.2095457694568275 1.0679531158670348 32.0 
282.0 313.0 4.2095457694568275 1.0679531158670348 32.0 
282.0 314.0 4.2095457694568275 1.0679531158670348 32.0 
282.0 315.0 4.2095457694568275 1.0679531158670348 32.0 
282.0 316.0 4.2095457694568275 1.0679531158670348 32.0 
282.0 317.0 4.2095457694568275 1.0679531158670348 32.0 
282.0 318.0 4.2095457694568275 1.0679531158670348 32.0 
282.0 319.0 4.2095457694568275 1.0679531158670348 32.0 
282.0 320.0 4.2095457694568275 1.0679531158670348 32.0 
282.0 321.0 4.2095457694568275 1.0679531158670348 32.0 
282.0 322.0 4.2095457694568275 1.0679531158670348 32.0 
282.0 323.0 4.2095457694568275 1.0679531158670348 32.0 
283.0 314.0 4.2095457694568275 1.0679531158670348 32.0 
283.0 315.0 4.2095457694568275 1.0679531158670348 32.0 
283.0 316.0 4.2095457694568275 1.0679531158670348 32.0 
283.0 317.0 4.2095457694568275 1.0679531158670348 32.0 
283.0 318.0 4.2095457694568275 1.0679531158670348 32.0 
283.0 319.0 4.2095457694568275 1.0679531158670348 32.0 
283.0 320.0 4.2095457694568275 1.0679531158670348 32.0 
283.0 321.0 4.2095457694568275 1.0679531158670348 32.0 
283.0 322.0 4.2095457694568275 1.0679531158670348 32.0 
283.0 323.0 4.2095457694568275 1.0679531158670348 32.0 
283.0 324.0 4.2095457694568275 1.0679531158670348 32.0 
283.0 325.0 4.2095457694568275 1.0679531158670348 32.0 
284.0 316.0 4.2095457694568275 1.0679531158670348 32.0 
284.0 317.0 4.2095457694568275 1.0679531158670348 32.0 
284.0 318.0 4.2095457694568275 1.0679531158670348 32.0 
284.0 319.0 4.2095457694568275 1.0679531158670348 32.0 
284.0 320.0 4.2095457694568275 1.0679531158670348 32.0 
284.0 321.0 4.2095457694568275 1.0679531158670348 32.0 
284.0 322.0 4.2095457694568275 1.0679531158670348 32.0 
284.0 323.0 4.2095457694568275 1.0679531158670348 32.0 
284.0 324.0 4.2095457694568275 1.0679531158670348 32.0 
284.0 325.0 4.2095457694568275 1.0679531158670348 32.0 
284.0 326.0 4.2095457694568275 1.0679531158670348 32.0 
284.0 327.0 4.2095457694568275 1.0679531158670348 32.0 
285.0 317.0 4.2095457694568275 1.0679531158670348 32.0 
285.0 318.0 4.2095457694568275 1.0679531158670348 32.0 
285.0 319.0 4.2095457694568275 1.0679531158670348 32.0 
285.0 320.0 4.2095457694568275 1.0679531158670348 32.0 
285.0 321.0 4.2095457694568275 1.0679531158670348 32.0 
285.0 322.0 4.2095457694568275 1.0679531158670348 32.0 
285.0 323.0 4.2095457694568275 1.0679531158670348 32.0 
285.0 324.0 4.2095457694568275 1.0679531158670348 32.0 
285.0 325.0 4.2095457694568275 1.0679531158670348 32.0 
285.0 326.0 4.2095457694568275 1.0679531158670348 32.0 
285.0 327.0 4.2095457694568275 1.0679531158670348 32.0 
285.0 328.0 4.2095457694568275 1.0679531158670348 32.0 
285.0 329.0 4.2095457694568275 1.0679531158670348 32.0 
286.0 319.0 4.2095457694568275 1.0679531158670348 32.0 
286.0 320.0 4.2095457694568275 1.0679531158670348 32.0 
286.0 321.0 4.2095457694568275 1.0679531158670348 32.0 
286.0 322.0 4.2095457694568275 1.0679531158670348 32.0 
286.0 323.0 4.2095457694568275 1.0679531158670348 32.0 
286.0 324.0 4.2095457694568275 1.0679531158670348 32.0 
286.0 325.0 4.2095457694568275 1.0679531158670348 32.0 
286.0 326.0 4.2095457694568275 1.0679531158670348 32.0 
286.0 327.0 4.2095457694568275 1.0679531158670348 32.0 
286.0 328.0 4.2095457694568275 1.0679531158670348 32.0 
286.0 329.0 4.2095457694568275 1.0679531158670348 32.0 
286.0 330.0 4.2095457694568275 1.0679531158670348 32.0 
286.0 331.0 4.2095457694568275 1.0679531158670348 32.0 
287.0 321.0 4.2095457694568275 1.0679531158670348 32.0 
287.0 322.0 4.2095457694568275 1.0679531158670348 32.0 
287.0 323.0 4.2095457694568275 1.0679531158670348 32.0 
287.0 324.0 4.2095457694568275 1.0679531158670348 32.0 
287.0 325.0 4.2095457694568275 1.0679531158670348 32.0 
287.0 326.0 4.2095457694568275 1.0679531158670348 32.0 
287.0 327.0 4.2095457694568275 1.0679531158670348 32.0 
287.0 328.0 4.2095457694568275 1.0679531158670348 32.0 
287.0 329.0 4.2095457694568275 1.0679531158670348 32.0 
287.0 330.0 4.2095457694568275 1.0679531158670348 32.0 
287.0 331.0 4.2095457694568275 1.0679531158670348 32.0 
287.0 332.0 4.2095457694568275 1.0679531158670348 32.0 
288.0 323.0 4.2095457694568275 1.0679531158670348 32.0 
288.0 324.0 4.2095457694568275 1.0679531158670348 32.0 
288.0 325.0 4.2095457694568275 1.0679531158670348 32.0 
288.0 326.0 4.2095457694568275 1.0679531158670348 32.0 
288.0 327.0 4.2095457694568275 1.0679531158670348 32.0 
288.0 328.0 4.2095457694568275 1.0679531158670348 32.0 
288.0 329.0 4.2095457694568275 1.0679531158670348 32.0 
288.0 330.0 4.2095457694568275 1.0679531158670348 32.0 
288.0 331.0 4.2095457694568275 1.0679531158670348 32.0 
288.0 332.0 4.2095457694568275 1.0679531158670348 32.0 
288.0 333.0 4.2095457694568275 1.0679531158670348 32.0 
288.0 334.0 4.2095457694568275 1.0679531158670348 32.0 
289.0 325.0 4.2095457694568275 1.0679531158670348 32.0 
289.0 326.0 4.2095457694568275 1.0679531158670348 32.0 
289.0 327.0 4.2095457694568275 1.0679531158670348 32.0 
289.0 328.0 4.2095457694568275 1.0679531158670348 32.0 
289.0 329.0 4.2095457694568275 1.0679531158670348 32.0 
289.0 330.0 4.2095457694568275 1.0679531158670348 32.0 
289.0 331.0 4.2095457694568275 1.0679531158670348 32.0 
289.0 332.0 4.2095457694568275 1.0679531158670348 32.0 
289.0 333.0 4.2095457694568275 1.0679531158670348 32.0 
289.0 334.0 4.2095457694568275 1.0679531158670348 32.0 
289.0 335.0 4.2095457694568275 1.0679531158670348 32.0 
290.0 326.0 4.2095457694568275 1.0679531158670348 32.0 
290.0 327.0 4.2095457694568275 1.0679531158670348 32.0 
290.0 328.0 4.2095457694568275 1.0679531158670348 32.0 
290.0 329.0 4.2095457694568275 1.0679531158670348 32.0 
290.0 330.0 4.2095457694568275 1.0679531158670348 32.0 
290.0 331.0 4.2095457694568275 1.0679531158670348 32.0 
290.0 332.0 4.2095457694568275 1.0679531158670348 32.0 
290.0 333.0 4.2095457694568275 1.0679531158670348 32.0 
290.0 334.0 4.2095457694568275 1.0679531158670348 32.0 
291.0 328.0 4.2095457694568275 1.0679531158670348 32.0 
291.0 329.0 4.2095457694568275 1.0679531158670348 32.0 
291.0 330.0 4.2095457694568275 1.0679531158670348 32.0 
291.0 331.0 4.2095457694568275 1.0679531158670348 32.0 
291.0 332.0 4.2095457694568275 1.0679531158670348 32.0 
291.0 333.0 4.2095457694568275 1.0679531158670348 32.0 
292.0 330.0 4.2095457694568275 1.0679531158670348 32.0 
292.0 331.0 4.2095457694568275 1.0679531158670348 32.0 
292.0 332.0 4.2095457694568275 1.0679531158670348 32.0 
292.0 333.0 4.2095457694568275 1.0679531158670348 32.0 
293.0 332.0 4.2095457694568275 1.0679531158670348 32.0 
