297.0 248.0 1.5707963267948966 4.71238898038469 44.0 
297.0 249.0 1.5707963267948966 4.71238898038469 44.0 
297.0 250.0 1.5707963267948966 4.71238898038469 44.0 
297.0 251.0 1.5707963267948966 4.71238898038469 44.0 
297.0 252.0 1.5707963267948966 4.71238898038469 44.0 
297.0 253.0 1.5707963267948966 4.71238898038469 44.0 
297.0 254.0 1.5707963267948966 4.71238898038469 44.0 
297.0 255.0 1.5707963267948966 4.71238898038469 44.0 
297.0 256.0 1.5707963267948966 4.71238898038469 44.0 
297.0 257.0 1.5707963267948966 4.71238898038469 44.0 
297.0 258.0 1.5707963267948966 4.71238898038469 44.0 
297.0 259.0 1.5707963267948966 4.71238898038469 44.0 
297.0 260.0 1.5707963267948966 4.71238898038469 44.0 
297.0 261.0 1.5707963267948966 4.71238898038469 44.0 
297.0 262.0 1.5707963267948966 4.71238898038469 44.0 
297.0 263.0 1.5707963267948966 4.71238898038469 44.0 
297.0 264.0 1.5707963267948966 4.71238898038469 44.0 
297.0 265.0 1.5707963267948966 4.71238898038469 44.0 
297.0 266.0 1.5707963267948966 4.71238898038469 44.0 
297.0 267.0 1.5707963267948966 4.71238898038469 44.0 
297.0 268.0 1.5707963267948966 4.71238898038469 44.0 
297.0 269.0 1.5707963267948966 4.71238898038469 44.0 
297.0 270.0 1.5707963267948966 4.71238898038469 44.0 
297.0 271.0 1.5707963267948966 4.71238898038469 44.0 
297.0 272.0 1.5707963267948966 4.71238898038469 44.0 
297.0 273.0 1.5707963267948966 4.71238898038469 44.0 
297.0 274.0 1.5707963267948966 4.71238898038469 44.0 
297.0 275.0 1.5707963267948966 4.71238898038469 44.0 
297.0 276.0 1.5707963267948966 4.71238898038469 44.0 
297.0 277.0 1.5707963267948966 4.71238898038469 44.0 
297.0 278.0 1.5707963267948966 4.71238898038469 44.0 
297.0 279.0 1.5707963267948966 4.71238898038469 44.0 
297.0 280.0 1.5707963267948966 4.71238898038469 44.0 
297.0 281.0 1.5707963267948966 4.71238898038469 44.0 
297.0 282.0 1.5707963267948966 4.71238898038469 44.0 
297.0 283.0 1.5707963267948966 4.71238898038469 44.0 
297.0 284.0 1.5707963267948966 4.71238898038469 44.0 
297.0 285.0 1.5707963267948966 4.71238898038469 44.0 
297.0 286.0 1.5707963267948966 4.71238898038469 44.0 
297.0 287.0 1.5707963267948966 4.71238898038469 44.0 
297.0 288.0 1.5707963267948966 4.71238898038469 44.0 
297.0 289.0 1.5707963267948966 4.71238898038469 44.0 
297.0 290.0 1.5707963267948966 4.71238898038469 44.0 
297.0 291.0 1.5707963267948966 4.71238898038469 44.0 
297.0 292.0 1.5707963267948966 4.71238898038469 44.0 
297.0 293.0 1.5707963267948966 4.71238898038469 44.0 
297.0 294.0 1.5707963267948966 4.71238898038469 44.0 
297.0 295.0 1.5707963267948966 4.71238898038469 44.0 
297.0 296.0 1.5707963267948966 4.71238898038469 44.0 
297.0 297.0 1.5707963267948966 4.71238898038469 44.0 
297.0 298.0 1.5707963267948966 4.71238898038469 44.0 
297.0 299.0 1.5707963267948966 4.71238898038469 44.0 
297.0 300.0 1.5707963267948966 4.71238898038469 44.0 
297.0 301.0 1.5707963267948966 4.71238898038469 44.0 
297.0 302.0 1.5707963267948966 4.71238898038469 44.0 
297.0 303.0 1.5707963267948966 4.71238898038469 44.0 
297.0 304.0 1.5707963267948966 4.71238898038469 44.0 
297.0 305.0 1.5707963267948966 4.71238898038469 44.0 
297.0 306.0 1.5707963267948966 4.71238898038469 44.0 
297.0 307.0 1.5707963267948966 4.71238898038469 44.0 
297.0 308.0 1.5707963267948966 4.71238898038469 44.0 
297.0 309.0 1.5707963267948966 4.71238898038469 44.0 
297.0 310.0 1.5707963267948966 4.71238898038469 44.0 
297.0 311.0 1.5707963267948966 4.71238898038469 44.0 
297.0 312.0 1.5707963267948966 4.71238898038469 44.0 
298.0 248.0 1.5707963267948966 4.71238898038469 44.0 
298.0 249.0 1.5707963267948966 4.71238898038469 44.0 
298.0 250.0 1.5707963267948966 4.71238898038469 44.0 
298.0 251.0 1.5707963267948966 4.71238898038469 44.0 
298.0 252.0 1.5707963267948966 4.71238898038469 44.0 
298.0 253.0 1.5707963267948966 4.71238898038469 44.0 
298.0 254.0 1.5707963267948966 4.71238898038469 44.0 
298.0 255.0 1.5707963267948966 4.71238898038469 44.0 
298.0 256.0 1.5707963267948966 4.71238898038469 44.0 
298.0 257.0 1.5707963267948966 4.71238898038469 44.0 
298.0 258.0 1.5707963267948966 4.71238898038469 44.0 
298.0 259.0 1.5707963267948966 4.71238898038469 44.0 
298.0 260.0 1.5707963267948966 4.71238898038469 44.0 
298.0 261.0 1.5707963267948966 4.71238898038469 44.0 
298.0 262.0 1.5707963267948966 4.71238898038469 44.0 
298.0 263.0 1.5707963267948966 4.71238898038469 44.0 
298.0 264.0 1.5707963267948966 4.71238898038469 44.0 
298.0 265.0 1.5707963267948966 4.71238898038469 44.0 
298.0 266.0 1.5707963267948966 4.71238898038469 44.0 
298.0 267.0 1.5707963267948966 4.71238898038469 44.0 
298.0 268.0 1.5707963267948966 4.71238898038469 44.0 
298.0 269.0 1.5707963267948966 4.71238898038469 44.0 
298.0 270.0 1.5707963267948966 4.71238898038469 44.0 
298.0 271.0 1.5707963267948966 4.71238898038469 44.0 
298.0 272.0 1.5707963267948966 4.71238898038469 44.0 
298.0 273.0 1.5707963267948966 4.71238898038469 44.0 
298.0 274.0 1.5707963267948966 4.71238898038469 44.0 
298.0 275.0 1.5707963267948966 4.71238898038469 44.0 
298.0 276.0 1.5707963267948966 4.71238898038469 44.0 
298.0 277.0 1.5707963267948966 4.71238898038469 44.0 
298.0 278.0 1.5707963267948966 4.71238898038469 44.0 
298.0 279.0 1.5707963267948966 4.71238898038469 44.0 
298.0 280.0 1.5707963267948966 4.71238898038469 44.0 
298.0 281.0 1.5707963267948966 4.71238898038469 44.0 
298.0 282.0 1.5707963267948966 4.71238898038469 44.0 
298.0 283.0 1.5707963267948966 4.71238898038469 44.0 
298.0 284.0 1.5707963267948966 4.71238898038469 44.0 
298.0 285.0 1.5707963267948966 4.71238898038469 44.0 
298.0 286.0 1.5707963267948966 4.71238898038469 44.0 
298.0 287.0 1.5707963267948966 4.71238898038469 44.0 
298.0 288.0 1.5707963267948966 4.71238898038469 44.0 
298.0 289.0 1.5707963267948966 4.71238898038469 44.0 
298.0 290.0 1.5707963267948966 4.71238898038469 44.0 
298.0 291.0 1.5707963267948966 4.71238898038469 44.0 
298.0 292.0 1.5707963267948966 4.71238898038469 44.0 
298.0 293.0 1.5707963267948966 4.71238898038469 44.0 
298.0 294.0 1.5707963267948966 4.71238898038469 44.0 
298.0 295.0 1.5707963267948966 4.71238898038469 44.0 
298.0 296.0 1.5707963267948966 4.71238898038469 44.0 
298.0 297.0 1.5707963267948966 4.71238898038469 44.0 
298.0 298.0 1.5707963267948966 4.71238898038469 44.0 
298.0 299.0 1.5707963267948966 4.71238898038469 44.0 
298.0 300.0 1.5707963267948966 4.71238898038469 44.0 
298.0 301.0 1.5707963267948966 4.71238898038469 44.0 
298.0 302.0 1.5707963267948966 4.71238898038469 44.0 
298.0 303.0 1.5707963267948966 4.71238898038469 44.0 
298.0 304.0 1.5707963267948966 4.71238898038469 44.0 
298.0 305.0 1.5707963267948966 4.71238898038469 44.0 
298.0 306.0 1.5707963267948966 4.71238898038469 44.0 
298.0 307.0 1.5707963267948966 4.71238898038469 44.0 
298.0 308.0 1.5707963267948966 4.71238898038469 44.0 
298.0 309.0 1.5707963267948966 4.71238898038469 44.0 
298.0 310.0 1.5707963267948966 4.71238898038469 44.0 
298.0 311.0 1.5707963267948966 4.71238898038469 44.0 
298.0 312.0 1.5707963267948966 4.71238898038469 44.0 
299.0 248.0 1.5707963267948966 4.71238898038469 44.0 
299.0 249.0 1.5707963267948966 4.71238898038469 44.0 
299.0 250.0 1.5707963267948966 4.71238898038469 44.0 
299.0 251.0 1.5707963267948966 4.71238898038469 44.0 
299.0 252.0 1.5707963267948966 4.71238898038469 44.0 
299.0 253.0 1.5707963267948966 4.71238898038469 44.0 
299.0 254.0 1.5707963267948966 4.71238898038469 44.0 
299.0 255.0 1.5707963267948966 4.71238898038469 44.0 
299.0 256.0 1.5707963267948966 4.71238898038469 44.0 
299.0 257.0 1.5707963267948966 4.71238898038469 44.0 
299.0 258.0 1.5707963267948966 4.71238898038469 44.0 
299.0 259.0 1.5707963267948966 4.71238898038469 44.0 
299.0 260.0 1.5707963267948966 4.71238898038469 44.0 
299.0 261.0 1.5707963267948966 4.71238898038469 44.0 
299.0 262.0 1.5707963267948966 4.71238898038469 44.0 
299.0 263.0 1.5707963267948966 4.71238898038469 44.0 
299.0 264.0 1.5707963267948966 4.71238898038469 44.0 
299.0 265.0 1.5707963267948966 4.71238898038469 44.0 
299.0 266.0 1.5707963267948966 4.71238898038469 44.0 
299.0 267.0 1.5707963267948966 4.71238898038469 44.0 
299.0 268.0 1.5707963267948966 4.71238898038469 44.0 
299.0 269.0 1.5707963267948966 4.71238898038469 44.0 
299.0 270.0 1.5707963267948966 4.71238898038469 44.0 
299.0 271.0 1.5707963267948966 4.71238898038469 44.0 
299.0 272.0 1.5707963267948966 4.71238898038469 44.0 
299.0 273.0 1.5707963267948966 4.71238898038469 44.0 
299.0 274.0 1.5707963267948966 4.71238898038469 44.0 
299.0 275.0 1.5707963267948966 4.71238898038469 44.0 
299.0 276.0 1.5707963267948966 4.71238898038469 44.0 
299.0 277.0 1.5707963267948966 4.71238898038469 44.0 
299.0 278.0 1.5707963267948966 4.71238898038469 44.0 
299.0 279.0 1.5707963267948966 4.71238898038469 44.0 
299.0 280.0 1.5707963267948966 4.71238898038469 44.0 
299.0 281.0 1.5707963267948966 4.71238898038469 44.0 
299.0 282.0 1.5707963267948966 4.71238898038469 44.0 
299.0 283.0 1.5707963267948966 4.71238898038469 44.0 
299.0 284.0 1.5707963267948966 4.71238898038469 44.0 
299.0 285.0 1.5707963267948966 4.71238898038469 44.0 
299.0 286.0 1.5707963267948966 4.71238898038469 44.0 
299.0 287.0 1.5707963267948966 4.71238898038469 44.0 
299.0 288.0 1.5707963267948966 4.71238898038469 44.0 
299.0 289.0 1.5707963267948966 4.71238898038469 44.0 
299.0 290.0 1.5707963267948966 4.71238898038469 44.0 
299.0 291.0 1.5707963267948966 4.71238898038469 44.0 
299.0 292.0 1.5707963267948966 4.71238898038469 44.0 
299.0 293.0 1.5707963267948966 4.71238898038469 44.0 
299.0 294.0 1.5707963267948966 4.71238898038469 44.0 
299.0 295.0 1.5707963267948966 4.71238898038469 44.0 
299.0 296.0 1.5707963267948966 4.71238898038469 44.0 
299.0 297.0 1.5707963267948966 4.71238898038469 44.0 
299.0 298.0 1.5707963267948966 4.71238898038469 44.0 
299.0 299.0 1.5707963267948966 4.71238898038469 44.0 
299.0 300.0 1.5707963267948966 4.71238898038469 44.0 
299.0 301.0 1.5707963267948966 4.71238898038469 44.0 
299.0 302.0 1.5707963267948966 4.71238898038469 44.0 
299.0 303.0 1.5707963267948966 4.71238898038469 44.0 
299.0 304.0 1.5707963267948966 4.71238898038469 44.0 
299.0 305.0 1.5707963267948966 4.71238898038469 44.0 
299.0 306.0 1.5707963267948966 4.71238898038469 44.0 
299.0 307.0 1.5707963267948966 4.71238898038469 44.0 
299.0 308.0 1.5707963267948966 4.71238898038469 44.0 
299.0 309.0 1.5707963267948966 4.71238898038469 44.0 
299.0 310.0 1.5707963267948966 4.71238898038469 44.0 
299.0 311.0 1.5707963267948966 4.71238898038469 44.0 
299.0 312.0 1.5707963267948966 4.71238898038469 44.0 
300.0 248.0 1.5707963267948966 4.71238898038469 44.0 
300.0 249.0 1.5707963267948966 4.71238898038469 44.0 
300.0 250.0 1.5707963267948966 4.71238898038469 44.0 
300.0 251.0 1.5707963267948966 4.71238898038469 44.0 
300.0 252.0 1.5707963267948966 4.71238898038469 44.0 
300.0 253.0 1.5707963267948966 4.71238898038469 44.0 
300.0 254.0 1.5707963267948966 4.71238898038469 44.0 
300.0 255.0 1.5707963267948966 4.71238898038469 44.0 
300.0 256.0 1.5707963267948966 4.71238898038469 44.0 
300.0 257.0 1.5707963267948966 4.71238898038469 44.0 
300.0 258.0 1.5707963267948966 4.71238898038469 44.0 
300.0 259.0 1.5707963267948966 4.71238898038469 44.0 
300.0 260.0 1.5707963267948966 4.71238898038469 44.0 
300.0 261.0 1.5707963267948966 4.71238898038469 44.0 
300.0 262.0 1.5707963267948966 4.71238898038469 44.0 
300.0 263.0 1.5707963267948966 4.71238898038469 44.0 
300.0 264.0 1.5707963267948966 4.71238898038469 44.0 
300.0 265.0 1.5707963267948966 4.71238898038469 44.0 
300.0 266.0 1.5707963267948966 4.71238898038469 44.0 
300.0 267.0 1.5707963267948966 4.71238898038469 44.0 
300.0 268.0 1.5707963267948966 4.71238898038469 44.0 
300.0 269.0 1.5707963267948966 4.71238898038469 44.0 
300.0 270.0 1.5707963267948966 4.71238898038469 44.0 
300.0 271.0 1.5707963267948966 4.71238898038469 44.0 
300.0 272.0 1.5707963267948966 4.71238898038469 44.0 
300.0 273.0 1.5707963267948966 4.71238898038469 44.0 
300.0 274.0 1.5707963267948966 4.71238898038469 44.0 
300.0 275.0 1.5707963267948966 4.71238898038469 44.0 
300.0 276.0 1.5707963267948966 4.71238898038469 44.0 
300.0 277.0 1.5707963267948966 4.71238898038469 44.0 
300.0 278.0 1.5707963267948966 4.71238898038469 44.0 
300.0 279.0 1.5707963267948966 4.71238898038469 44.0 
300.0 280.0 1.5707963267948966 4.71238898038469 44.0 
300.0 281.0 1.5707963267948966 4.71238898038469 44.0 
300.0 282.0 1.5707963267948966 4.71238898038469 44.0 
300.0 283.0 1.5707963267948966 4.71238898038469 44.0 
300.0 284.0 1.5707963267948966 4.71238898038469 44.0 
300.0 285.0 1.5707963267948966 4.71238898038469 44.0 
300.0 286.0 1.5707963267948966 4.71238898038469 44.0 
300.0 287.0 1.5707963267948966 4.71238898038469 44.0 
300.0 288.0 1.5707963267948966 4.71238898038469 44.0 
300.0 289.0 1.5707963267948966 4.71238898038469 44.0 
300.0 290.0 1.5707963267948966 4.71238898038469 44.0 
300.0 291.0 1.5707963267948966 4.71238898038469 44.0 
300.0 292.0 1.5707963267948966 4.71238898038469 44.0 
300.0 293.0 1.5707963267948966 4.71238898038469 44.0 
300.0 294.0 1.5707963267948966 4.71238898038469 44.0 
300.0 295.0 1.5707963267948966 4.71238898038469 44.0 
300.0 296.0 1.5707963267948966 4.71238898038469 44.0 
300.0 297.0 1.5707963267948966 4.71238898038469 44.0 
300.0 298.0 1.5707963267948966 4.71238898038469 44.0 
300.0 299.0 1.5707963267948966 4.71238898038469 44.0 
300.0 300.0 1.5707963267948966 4.71238898038469 44.0 
300.0 301.0 1.5707963267948966 4.71238898038469 44.0 
300.0 302.0 1.5707963267948966 4.71238898038469 44.0 
300.0 303.0 1.5707963267948966 4.71238898038469 44.0 
300.0 304.0 1.5707963267948966 4.71238898038469 44.0 
300.0 305.0 1.5707963267948966 4.71238898038469 44.0 
300.0 306.0 1.5707963267948966 4.71238898038469 44.0 
300.0 307.0 1.5707963267948966 4.71238898038469 44.0 
300.0 308.0 1.5707963267948966 4.71238898038469 44.0 
300.0 309.0 1.5707963267948966 4.71238898038469 44.0 
300.0 310.0 1.5707963267948966 4.71238898038469 44.0 
300.0 311.0 1.5707963267948966 4.71238898038469 44.0 
300.0 312.0 1.5707963267948966 4.71238898038469 44.0 
301.0 248.0 1.5707963267948966 4.71238898038469 44.0 
301.0 249.0 1.5707963267948966 4.71238898038469 44.0 
301.0 250.0 1.5707963267948966 4.71238898038469 44.0 
301.0 251.0 1.5707963267948966 4.71238898038469 44.0 
301.0 252.0 1.5707963267948966 4.71238898038469 44.0 
301.0 253.0 1.5707963267948966 4.71238898038469 44.0 
301.0 254.0 1.5707963267948966 4.71238898038469 44.0 
301.0 255.0 1.5707963267948966 4.71238898038469 44.0 
301.0 256.0 1.5707963267948966 4.71238898038469 44.0 
301.0 257.0 1.5707963267948966 4.71238898038469 44.0 
301.0 258.0 1.5707963267948966 4.71238898038469 44.0 
301.0 259.0 1.5707963267948966 4.71238898038469 44.0 
301.0 260.0 1.5707963267948966 4.71238898038469 44.0 
301.0 261.0 1.5707963267948966 4.71238898038469 44.0 
301.0 262.0 1.5707963267948966 4.71238898038469 44.0 
301.0 263.0 1.5707963267948966 4.71238898038469 44.0 
301.0 264.0 1.5707963267948966 4.71238898038469 44.0 
301.0 265.0 1.5707963267948966 4.71238898038469 44.0 
301.0 266.0 1.5707963267948966 4.71238898038469 44.0 
301.0 267.0 1.5707963267948966 4.71238898038469 44.0 
301.0 268.0 1.5707963267948966 4.71238898038469 44.0 
301.0 269.0 1.5707963267948966 4.71238898038469 44.0 
301.0 270.0 1.5707963267948966 4.71238898038469 44.0 
301.0 271.0 1.5707963267948966 4.71238898038469 44.0 
301.0 272.0 1.5707963267948966 4.71238898038469 44.0 
301.0 273.0 1.5707963267948966 4.71238898038469 44.0 
301.0 274.0 1.5707963267948966 4.71238898038469 44.0 
301.0 275.0 1.5707963267948966 4.71238898038469 44.0 
301.0 276.0 1.5707963267948966 4.71238898038469 44.0 
301.0 277.0 1.5707963267948966 4.71238898038469 44.0 
301.0 278.0 1.5707963267948966 4.71238898038469 44.0 
301.0 279.0 1.5707963267948966 4.71238898038469 44.0 
301.0 280.0 1.5707963267948966 4.71238898038469 44.0 
301.0 281.0 1.5707963267948966 4.71238898038469 44.0 
301.0 282.0 1.5707963267948966 4.71238898038469 44.0 
301.0 283.0 1.5707963267948966 4.71238898038469 44.0 
301.0 284.0 1.5707963267948966 4.71238898038469 44.0 
301.0 285.0 1.5707963267948966 4.71238898038469 44.0 
301.0 286.0 1.5707963267948966 4.71238898038469 44.0 
301.0 287.0 1.5707963267948966 4.71238898038469 44.0 
301.0 288.0 1.5707963267948966 4.71238898038469 44.0 
301.0 289.0 1.5707963267948966 4.71238898038469 44.0 
301.0 290.0 1.5707963267948966 4.71238898038469 44.0 
301.0 291.0 1.5707963267948966 4.71238898038469 44.0 
301.0 292.0 1.5707963267948966 4.71238898038469 44.0 
301.0 293.0 1.5707963267948966 4.71238898038469 44.0 
301.0 294.0 1.5707963267948966 4.71238898038469 44.0 
301.0 295.0 1.5707963267948966 4.71238898038469 44.0 
301.0 296.0 1.5707963267948966 4.71238898038469 44.0 
301.0 297.0 1.5707963267948966 4.71238898038469 44.0 
301.0 298.0 1.5707963267948966 4.71238898038469 44.0 
301.0 299.0 1.5707963267948966 4.71238898038469 44.0 
301.0 300.0 1.5707963267948966 4.71238898038469 44.0 
301.0 301.0 1.5707963267948966 4.71238898038469 44.0 
301.0 302.0 1.5707963267948966 4.71238898038469 44.0 
301.0 303.0 1.5707963267948966 4.71238898038469 44.0 
301.0 304.0 1.5707963267948966 4.71238898038469 44.0 
301.0 305.0 1.5707963267948966 4.71238898038469 44.0 
301.0 306.0 1.5707963267948966 4.71238898038469 44.0 
301.0 307.0 1.5707963267948966 4.71238898038469 44.0 
301.0 308.0 1.5707963267948966 4.71238898038469 44.0 
301.0 309.0 1.5707963267948966 4.71238898038469 44.0 
301.0 310.0 1.5707963267948966 4.71238898038469 44.0 
301.0 311.0 1.5707963267948966 4.71238898038469 44.0 
301.0 312.0 1.5707963267948966 4.71238898038469 44.0 
302.0 248.0 1.5707963267948966 4.71238898038469 44.0 
302.0 249.0 1.5707963267948966 4.71238898038469 44.0 
302.0 250.0 1.5707963267948966 4.71238898038469 44.0 
302.0 251.0 1.5707963267948966 4.71238898038469 44.0 
302.0 252.0 1.5707963267948966 4.71238898038469 44.0 
302.0 253.0 1.5707963267948966 4.71238898038469 44.0 
302.0 254.0 1.5707963267948966 4.71238898038469 44.0 
302.0 255.0 1.5707963267948966 4.71238898038469 44.0 
302.0 256.0 1.5707963267948966 4.71238898038469 44.0 
302.0 257.0 1.5707963267948966 4.71238898038469 44.0 
302.0 258.0 1.5707963267948966 4.71238898038469 44.0 
302.0 259.0 1.5707963267948966 4.71238898038469 44.0 
302.0 260.0 1.5707963267948966 4.71238898038469 44.0 
302.0 261.0 1.5707963267948966 4.71238898038469 44.0 
302.0 262.0 1.5707963267948966 4.71238898038469 44.0 
302.0 263.0 1.5707963267948966 4.71238898038469 44.0 
302.0 264.0 1.5707963267948966 4.71238898038469 44.0 
302.0 265.0 1.5707963267948966 4.71238898038469 44.0 
302.0 266.0 1.5707963267948966 4.71238898038469 44.0 
302.0 267.0 1.5707963267948966 4.71238898038469 44.0 
302.0 268.0 1.5707963267948966 4.71238898038469 44.0 
302.0 269.0 1.5707963267948966 4.71238898038469 44.0 
302.0 270.0 1.5707963267948966 4.71238898038469 44.0 
302.0 271.0 1.5707963267948966 4.71238898038469 44.0 
302.0 272.0 1.5707963267948966 4.71238898038469 44.0 
302.0 273.0 1.5707963267948966 4.71238898038469 44.0 
302.0 274.0 1.5707963267948966 4.71238898038469 44.0 
302.0 275.0 1.5707963267948966 4.71238898038469 44.0 
302.0 276.0 1.5707963267948966 4.71238898038469 44.0 
302.0 277.0 1.5707963267948966 4.71238898038469 44.0 
302.0 278.0 1.5707963267948966 4.71238898038469 44.0 
302.0 279.0 1.5707963267948966 4.71238898038469 44.0 
302.0 280.0 1.5707963267948966 4.71238898038469 44.0 
302.0 281.0 1.5707963267948966 4.71238898038469 44.0 
302.0 282.0 1.5707963267948966 4.71238898038469 44.0 
302.0 283.0 1.5707963267948966 4.71238898038469 44.0 
302.0 284.0 1.5707963267948966 4.71238898038469 44.0 
302.0 285.0 1.5707963267948966 4.71238898038469 44.0 
302.0 286.0 1.5707963267948966 4.71238898038469 44.0 
302.0 287.0 1.5707963267948966 4.71238898038469 44.0 
302.0 288.0 1.5707963267948966 4.71238898038469 44.0 
302.0 289.0 1.5707963267948966 4.71238898038469 44.0 
302.0 290.0 1.5707963267948966 4.71238898038469 44.0 
302.0 291.0 1.5707963267948966 4.71238898038469 44.0 
302.0 292.0 1.5707963267948966 4.71238898038469 44.0 
302.0 293.0 1.5707963267948966 4.71238898038469 44.0 
302.0 294.0 1.5707963267948966 4.71238898038469 44.0 
302.0 295.0 1.5707963267948966 4.71238898038469 44.0 
302.0 296.0 1.5707963267948966 4.71238898038469 44.0 
302.0 297.0 1.5707963267948966 4.71238898038469 44.0 
302.0 298.0 1.5707963267948966 4.71238898038469 44.0 
302.0 299.0 1.5707963267948966 4.71238898038469 44.0 
302.0 300.0 1.5707963267948966 4.71238898038469 44.0 
302.0 301.0 1.5707963267948966 4.71238898038469 44.0 
302.0 302.0 1.5707963267948966 4.71238898038469 44.0 
302.0 303.0 1.5707963267948966 4.71238898038469 44.0 
302.0 304.0 1.5707963267948966 4.71238898038469 44.0 
302.0 305.0 1.5707963267948966 4.71238898038469 44.0 
302.0 306.0 1.5707963267948966 4.71238898038469 44.0 
302.0 307.0 1.5707963267948966 4.71238898038469 44.0 
302.0 308.0 1.5707963267948966 4.71238898038469 44.0 
302.0 309.0 1.5707963267948966 4.71238898038469 44.0 
302.0 310.0 1.5707963267948966 4.71238898038469 44.0 
302.0 311.0 1.5707963267948966 4.71238898038469 44.0 
302.0 312.0 1.5707963267948966 4.71238898038469 44.0 
