271.0 286.0 4.592960054366352 1.4513674007765593 32.0 
271.0 287.0 4.592960054366352 1.4513674007765593 32.0 
271.0 288.0 4.592960054366352 1.4513674007765593 32.0 
271.0 289.0 4.592960054366352 1.4513674007765593 32.0 
271.0 290.0 4.592960054366352 1.4513674007765593 32.0 
271.0 291.0 4.592960054366352 1.4513674007765593 32.0 
271.0 292.0 4.592960054366352 1.4513674007765593 32.0 
271.0 293.0 4.592960054366352 1.4513674007765593 32.0 
271.0 294.0 4.592960054366352 1.4513674007765593 32.0 
272.0 286.0 4.592960054366352 1.4513674007765593 32.0 
272.0 287.0 4.592960054366352 1.4513674007765593 32.0 
272.0 288.0 4.592960054366352 1.4513674007765593 32.0 
272.0 289.0 4.592960054366352 1.4513674007765593 32.0 
272.0 290.0 4.592960054366352 1.4513674007765593 32.0 
272.0 291.0 4.592960054366352 1.4513674007765593 32.0 
272.0 292.0 4.592960054366352 1.4513674007765593 32.0 
272.0 293.0 4.592960054366352 1.4513674007765593 32.0 
272.0 294.0 4.592960054366352 1.4513674007765593 32.0 
272.0 295.0 4.592960054366352 1.4513674007765593 32.0 
272.0 296.0 4.592960054366352 1.4513674007765593 32.0 
272.0 297.0 4.592960054366352 1.4513674007765593 32.0 
272.0 298.0 4.592960054366352 1.4513674007765593 32.0 
272.0 299.0 4.592960054366352 1.4513674007765593 32.0 
272.0 300.0 4.592960054366352 1.4513674007765593 32.0 
272.0 301.0 4.592960054366352 1.4513674007765593 32.0 
272.0 302.0 4.592960054366352 1.4513674007765593 32.0 
273.0 295.0 4.592960054366352 1.4513674007765593 32.0 
273.0 296.0 4.592960054366352 1.4513674007765593 32.0 
273.0 297.0 4.592960054366352 1.4513674007765593 32.0 
273.0 298.0 4.592960054366352 1.4513674007765593 32.0 
273.0 299.0 4.592960054366352 1.4513674007765593 32.0 
273.0 300.0 4.592960054366352 1.4513674007765593 32.0 
273.0 301.0 4.592960054366352 1.4513674007765593 32.0 
273.0 302.0 4.592960054366352 1.4513674007765593 32.0 
273.0 303.0 4.592960054366352 1.4513674007765593 32.0 
273.0 304.0 4.592960054366352 1.4513674007765593 32.0 
273.0 305.0 4.592960054366352 1.4513674007765593 32.0 
273.0 306.0 4.592960054366352 1.4513674007765593 32.0 
273.0 307.0 4.592960054366352 1.4513674007765593 32.0 
273.0 308.0 4.592960054366352 1.4513674007765593 32.0 
273.0 309.0 4.592960054366352 1.4513674007765593 32.0 
273.0 310.0 4.592960054366352 1.4513674007765593 32.0 
273.0 311.0 4.592960054366352 1.4513674007765593 32.0 
274.0 303.0 4.592960054366352 1.4513674007765593 32.0 
274.0 304.0 4.592960054366352 1.4513674007765593 32.0 
274.0 305.0 4.592960054366352 1.4513674007765593 32.0 
274.0 306.0 4.592960054366352 1.4513674007765593 32.0 
274.0 307.0 4.592960054366352 1.4513674007765593 32.0 
274.0 308.0 4.592960054366352 1.4513674007765593 32.0 
274.0 309.0 4.592960054366352 1.4513674007765593 32.0 
274.0 310.0 4.592960054366352 1.4513674007765593 32.0 
274.0 313.0 1.5964317353165742 4.738024388906367 28.0 
274.0 314.0 1.5964317353165742 4.738024388906367 28.0 
274.0 315.0 1.5964317353165742 4.738024388906367 28.0 
274.0 316.0 1.5964317353165742 4.738024388906367 28.0 
274.0 317.0 1.5964317353165742 4.738024388906367 28.0 
274.0 318.0 1.5964317353165742 4.738024388906367 28.0 
274.0 319.0 1.5964317353165742 4.738024388906367 28.0 
274.0 320.0 1.5964317353165742 4.738024388906367 28.0 
274.0 321.0 1.5964317353165742 4.738024388906367 28.0 
274.0 322.0 1.5964317353165742 4.738024388906367 28.0 
274.0 323.0 1.5964317353165742 4.738024388906367 28.0 
274.0 324.0 1.5964317353165742 4.738024388906367 28.0 
274.0 325.0 1.5964317353165742 4.738024388906367 28.0 
274.0 326.0 1.5964317353165742 4.738024388906367 28.0 
274.0 327.0 1.5964317353165742 4.738024388906367 28.0 
274.0 328.0 1.5964317353165742 4.738024388906367 28.0 
274.0 329.0 1.5964317353165742 4.738024388906367 28.0 
274.0 330.0 1.5964317353165742 4.738024388906367 28.0 
274.0 331.0 1.5964317353165742 4.738024388906367 28.0 
274.0 332.0 1.5964317353165742 4.738024388906367 28.0 
274.0 333.0 1.5964317353165742 4.738024388906367 28.0 
274.0 334.0 1.5964317353165742 4.738024388906367 28.0 
274.0 335.0 1.5964317353165742 4.738024388906367 28.0 
274.0 336.0 1.5964317353165742 4.738024388906367 28.0 
274.0 337.0 1.5964317353165742 4.738024388906367 28.0 
274.0 338.0 1.5964317353165742 4.738024388906367 28.0 
274.0 339.0 1.5964317353165742 4.738024388906367 28.0 
274.0 340.0 1.5964317353165742 4.738024388906367 28.0 
274.0 341.0 1.5964317353165742 4.738024388906367 28.0 
274.0 342.0 1.5964317353165742 4.738024388906367 28.0 
274.0 343.0 1.5964317353165742 4.738024388906367 28.0 
274.0 344.0 1.5964317353165742 4.738024388906367 28.0 
274.0 345.0 1.5964317353165742 4.738024388906367 28.0 
274.0 346.0 1.5964317353165742 4.738024388906367 28.0 
274.0 347.0 1.5964317353165742 4.738024388906367 28.0 
274.0 348.0 1.5964317353165742 4.738024388906367 28.0 
274.0 349.0 1.5964317353165742 4.738024388906367 28.0 
274.0 350.0 1.5964317353165742 4.738024388906367 28.0 
274.0 351.0 1.5964317353165742 4.738024388906367 28.0 
275.0 313.0 1.5964317353165742 4.738024388906367 28.0 
275.0 314.0 1.5964317353165742 4.738024388906367 28.0 
275.0 315.0 1.5964317353165742 4.738024388906367 28.0 
275.0 316.0 1.5964317353165742 4.738024388906367 28.0 
275.0 317.0 1.5964317353165742 4.738024388906367 28.0 
275.0 318.0 1.5964317353165742 4.738024388906367 28.0 
275.0 319.0 1.5964317353165742 4.738024388906367 28.0 
275.0 320.0 1.5964317353165742 4.738024388906367 28.0 
275.0 321.0 1.5964317353165742 4.738024388906367 28.0 
275.0 322.0 1.5964317353165742 4.738024388906367 28.0 
275.0 323.0 1.5964317353165742 4.738024388906367 28.0 
275.0 324.0 1.5964317353165742 4.738024388906367 28.0 
275.0 325.0 1.5964317353165742 4.738024388906367 28.0 
275.0 326.0 1.5964317353165742 4.738024388906367 28.0 
275.0 327.0 1.5964317353165742 4.738024388906367 28.0 
275.0 328.0 1.5964317353165742 4.738024388906367 28.0 
275.0 329.0 1.5964317353165742 4.738024388906367 28.0 
275.0 330.0 1.5964317353165742 4.738024388906367 28.0 
275.0 331.0 1.5964317353165742 4.738024388906367 28.0 
275.0 332.0 1.5964317353165742 4.738024388906367 28.0 
275.0 333.0 1.5964317353165742 4.738024388906367 28.0 
275.0 334.0 1.5964317353165742 4.738024388906367 28.0 
275.0 335.0 1.5964317353165742 4.738024388906367 28.0 
275.0 336.0 1.5964317353165742 4.738024388906367 28.0 
275.0 337.0 1.5964317353165742 4.738024388906367 28.0 
275.0 338.0 1.5964317353165742 4.738024388906367 28.0 
275.0 339.0 1.5964317353165742 4.738024388906367 28.0 
275.0 340.0 1.5964317353165742 4.738024388906367 28.0 
275.0 341.0 1.5964317353165742 4.738024388906367 28.0 
275.0 342.0 1.5964317353165742 4.738024388906367 28.0 
275.0 343.0 1.5964317353165742 4.738024388906367 28.0 
275.0 344.0 1.5964317353165742 4.738024388906367 28.0 
275.0 345.0 1.5964317353165742 4.738024388906367 28.0 
275.0 346.0 1.5964317353165742 4.738024388906367 28.0 
275.0 347.0 1.5964317353165742 4.738024388906367 28.0 
275.0 348.0 1.5964317353165742 4.738024388906367 28.0 
275.0 349.0 1.5964317353165742 4.738024388906367 28.0 
275.0 350.0 1.5964317353165742 4.738024388906367 28.0 
275.0 351.0 1.5964317353165742 4.738024388906367 28.0 
275.0 352.0 1.5964317353165742 4.738024388906367 28.0 
228.0 299.0 4.301672017270017 1.1600793636802247 28.0 
228.0 300.0 4.301672017270017 1.1600793636802247 28.0 
228.0 301.0 4.301672017270017 1.1600793636802247 28.0 
229.0 299.0 4.301672017270017 1.1600793636802247 28.0 
229.0 300.0 4.301672017270017 1.1600793636802247 28.0 
229.0 301.0 4.301672017270017 1.1600793636802247 28.0 
229.0 302.0 4.301672017270017 1.1600793636802247 28.0 
229.0 303.0 4.301672017270017 1.1600793636802247 28.0 
230.0 302.0 4.301672017270017 1.1600793636802247 28.0 
230.0 303.0 4.301672017270017 1.1600793636802247 28.0 
230.0 304.0 4.301672017270017 1.1600793636802247 28.0 
230.0 305.0 4.301672017270017 1.1600793636802247 28.0 
230.0 306.0 4.301672017270017 1.1600793636802247 28.0 
231.0 304.0 4.301672017270017 1.1600793636802247 28.0 
231.0 305.0 4.301672017270017 1.1600793636802247 28.0 
231.0 306.0 4.301672017270017 1.1600793636802247 28.0 
231.0 307.0 4.301672017270017 1.1600793636802247 28.0 
231.0 308.0 4.301672017270017 1.1600793636802247 28.0 
232.0 306.0 4.301672017270017 1.1600793636802247 28.0 
232.0 307.0 4.301672017270017 1.1600793636802247 28.0 
232.0 308.0 4.301672017270017 1.1600793636802247 28.0 
232.0 309.0 4.301672017270017 1.1600793636802247 28.0 
232.0 310.0 4.301672017270017 1.1600793636802247 28.0 
233.0 308.0 4.301672017270017 1.1600793636802247 28.0 
233.0 309.0 4.301672017270017 1.1600793636802247 28.0 
233.0 310.0 4.301672017270017 1.1600793636802247 28.0 
233.0 311.0 4.301672017270017 1.1600793636802247 28.0 
233.0 312.0 4.301672017270017 1.1600793636802247 28.0 
234.0 311.0 4.301672017270017 1.1600793636802247 28.0 
234.0 312.0 4.301672017270017 1.1600793636802247 28.0 
234.0 313.0 4.301672017270017 1.1600793636802247 28.0 
234.0 314.0 4.301672017270017 1.1600793636802247 28.0 
234.0 315.0 4.301672017270017 1.1600793636802247 28.0 
235.0 313.0 4.301672017270017 1.1600793636802247 28.0 
235.0 314.0 4.301672017270017 1.1600793636802247 28.0 
235.0 315.0 4.301672017270017 1.1600793636802247 28.0 
235.0 316.0 4.301672017270017 1.1600793636802247 28.0 
235.0 317.0 4.301672017270017 1.1600793636802247 28.0 
236.0 315.0 4.301672017270017 1.1600793636802247 28.0 
236.0 316.0 4.301672017270017 1.1600793636802247 28.0 
236.0 317.0 4.301672017270017 1.1600793636802247 28.0 
236.0 318.0 4.301672017270017 1.1600793636802247 28.0 
236.0 319.0 4.301672017270017 1.1600793636802247 28.0 
237.0 318.0 4.301672017270017 1.1600793636802247 28.0 
237.0 319.0 4.301672017270017 1.1600793636802247 28.0 
237.0 320.0 4.301672017270017 1.1600793636802247 28.0 
237.0 321.0 4.301672017270017 1.1600793636802247 28.0 
237.0 322.0 4.301672017270017 1.1600793636802247 28.0 
238.0 320.0 4.301672017270017 1.1600793636802247 28.0 
238.0 321.0 4.301672017270017 1.1600793636802247 28.0 
238.0 322.0 4.301672017270017 1.1600793636802247 28.0 
238.0 323.0 4.301672017270017 1.1600793636802247 28.0 
238.0 324.0 4.301672017270017 1.1600793636802247 28.0 
239.0 322.0 4.301672017270017 1.1600793636802247 28.0 
239.0 323.0 4.301672017270017 1.1600793636802247 28.0 
239.0 324.0 4.301672017270017 1.1600793636802247 28.0 
239.0 325.0 4.301672017270017 1.1600793636802247 28.0 
239.0 326.0 4.301672017270017 1.1600793636802247 28.0 
240.0 325.0 4.301672017270017 1.1600793636802247 28.0 
240.0 326.0 4.301672017270017 1.1600793636802247 28.0 
240.0 327.0 4.301672017270017 1.1600793636802247 28.0 
240.0 328.0 4.301672017270017 1.1600793636802247 28.0 
240.0 329.0 4.301672017270017 1.1600793636802247 28.0 
241.0 327.0 4.301672017270017 1.1600793636802247 28.0 
241.0 328.0 4.301672017270017 1.1600793636802247 28.0 
241.0 329.0 4.301672017270017 1.1600793636802247 28.0 
241.0 330.0 4.301672017270017 1.1600793636802247 28.0 
241.0 331.0 4.301672017270017 1.1600793636802247 28.0 
242.0 329.0 4.301672017270017 1.1600793636802247 28.0 
242.0 330.0 4.301672017270017 1.1600793636802247 28.0 
242.0 331.0 4.301672017270017 1.1600793636802247 28.0 
242.0 332.0 4.301672017270017 1.1600793636802247 28.0 
242.0 333.0 4.301672017270017 1.1600793636802247 28.0 
243.0 331.0 4.301672017270017 1.1600793636802247 28.0 
243.0 332.0 4.301672017270017 1.1600793636802247 28.0 
243.0 333.0 4.301672017270017 1.1600793636802247 28.0 
243.0 334.0 4.301672017270017 1.1600793636802247 28.0 
243.0 335.0 4.301672017270017 1.1600793636802247 28.0 
244.0 334.0 4.301672017270017 1.1600793636802247 28.0 
244.0 335.0 4.301672017270017 1.1600793636802247 28.0 
244.0 336.0 4.301672017270017 1.1600793636802247 28.0 
244.0 337.0 4.301672017270017 1.1600793636802247 28.0 
244.0 338.0 4.301672017270017 1.1600793636802247 28.0 
245.0 336.0 4.301672017270017 1.1600793636802247 28.0 
245.0 337.0 4.301672017270017 1.1600793636802247 28.0 
245.0 338.0 4.301672017270017 1.1600793636802247 28.0 
245.0 339.0 4.301672017270017 1.1600793636802247 28.0 
245.0 340.0 4.301672017270017 1.1600793636802247 28.0 
246.0 338.0 4.301672017270017 1.1600793636802247 28.0 
246.0 339.0 4.301672017270017 1.1600793636802247 28.0 
246.0 340.0 4.301672017270017 1.1600793636802247 28.0 
246.0 341.0 4.301672017270017 1.1600793636802247 28.0 
246.0 342.0 4.301672017270017 1.1600793636802247 28.0 
247.0 341.0 4.301672017270017 1.1600793636802247 28.0 
247.0 342.0 4.301672017270017 1.1600793636802247 28.0 
247.0 343.0 4.301672017270017 1.1600793636802247 28.0 
247.0 344.0 4.301672017270017 1.1600793636802247 28.0 
247.0 345.0 4.301672017270017 1.1600793636802247 28.0 
248.0 343.0 4.301672017270017 1.1600793636802247 28.0 
248.0 344.0 4.301672017270017 1.1600793636802247 28.0 
248.0 345.0 4.301672017270017 1.1600793636802247 28.0 
248.0 346.0 4.301672017270017 1.1600793636802247 28.0 
248.0 347.0 4.301672017270017 1.1600793636802247 28.0 
249.0 345.0 4.301672017270017 1.1600793636802247 28.0 
249.0 346.0 4.301672017270017 1.1600793636802247 28.0 
249.0 347.0 4.301672017270017 1.1600793636802247 28.0 
249.0 348.0 4.301672017270017 1.1600793636802247 28.0 
249.0 349.0 4.301672017270017 1.1600793636802247 28.0 
250.0 348.0 4.301672017270017 1.1600793636802247 28.0 
250.0 349.0 4.301672017270017 1.1600793636802247 28.0 
250.0 350.0 4.301672017270017 1.1600793636802247 28.0 
250.0 351.0 4.301672017270017 1.1600793636802247 28.0 
250.0 352.0 4.301672017270017 1.1600793636802247 28.0 
251.0 350.0 4.301672017270017 1.1600793636802247 28.0 
251.0 351.0 4.301672017270017 1.1600793636802247 28.0 
251.0 352.0 4.301672017270017 1.1600793636802247 28.0 
251.0 353.0 4.301672017270017 1.1600793636802247 28.0 
251.0 354.0 4.301672017270017 1.1600793636802247 28.0 
252.0 352.0 4.301672017270017 1.1600793636802247 28.0 
252.0 353.0 4.301672017270017 1.1600793636802247 28.0 
252.0 354.0 4.301672017270017 1.1600793636802247 28.0 
252.0 355.0 4.301672017270017 1.1600793636802247 28.0 
252.0 356.0 4.301672017270017 1.1600793636802247 28.0 
253.0 354.0 4.301672017270017 1.1600793636802247 28.0 
253.0 355.0 4.301672017270017 1.1600793636802247 28.0 
253.0 356.0 4.301672017270017 1.1600793636802247 28.0 
253.0 357.0 4.301672017270017 1.1600793636802247 28.0 
253.0 358.0 4.301672017270017 1.1600793636802247 28.0 
254.0 357.0 4.301672017270017 1.1600793636802247 28.0 
254.0 358.0 4.301672017270017 1.1600793636802247 28.0 
254.0 359.0 4.301672017270017 1.1600793636802247 28.0 
254.0 360.0 4.301672017270017 1.1600793636802247 28.0 
254.0 361.0 4.301672017270017 1.1600793636802247 28.0 
255.0 359.0 4.301672017270017 1.1600793636802247 28.0 
255.0 360.0 4.301672017270017 1.1600793636802247 28.0 
