288.0 310.0 1.843805029881607 4.9853976834714 84.0 
288.0 311.0 1.843805029881607 4.9853976834714 84.0 
288.0 312.0 1.843805029881607 4.9853976834714 84.0 
289.0 306.0 1.843805029881607 4.9853976834714 84.0 
289.0 307.0 1.843805029881607 4.9853976834714 84.0 
289.0 308.0 1.843805029881607 4.9853976834714 84.0 
289.0 309.0 1.843805029881607 4.9853976834714 84.0 
289.0 310.0 1.843805029881607 4.9853976834714 84.0 
289.0 311.0 1.843805029881607 4.9853976834714 84.0 
289.0 312.0 1.843805029881607 4.9853976834714 84.0 
290.0 302.0 1.843805029881607 4.9853976834714 84.0 
290.0 303.0 1.843805029881607 4.9853976834714 84.0 
290.0 304.0 1.843805029881607 4.9853976834714 84.0 
290.0 305.0 1.843805029881607 4.9853976834714 84.0 
290.0 306.0 1.843805029881607 4.9853976834714 84.0 
290.0 307.0 1.843805029881607 4.9853976834714 84.0 
290.0 308.0 1.843805029881607 4.9853976834714 84.0 
290.0 309.0 1.843805029881607 4.9853976834714 84.0 
290.0 310.0 1.843805029881607 4.9853976834714 84.0 
290.0 311.0 1.843805029881607 4.9853976834714 84.0 
290.0 312.0 1.843805029881607 4.9853976834714 84.0 
291.0 299.0 1.843805029881607 4.9853976834714 84.0 
291.0 300.0 1.843805029881607 4.9853976834714 84.0 
291.0 301.0 1.843805029881607 4.9853976834714 84.0 
291.0 302.0 1.843805029881607 4.9853976834714 84.0 
291.0 303.0 1.843805029881607 4.9853976834714 84.0 
291.0 304.0 1.843805029881607 4.9853976834714 84.0 
291.0 305.0 1.843805029881607 4.9853976834714 84.0 
291.0 306.0 1.843805029881607 4.9853976834714 84.0 
291.0 307.0 1.843805029881607 4.9853976834714 84.0 
291.0 308.0 1.843805029881607 4.9853976834714 84.0 
291.0 309.0 1.843805029881607 4.9853976834714 84.0 
291.0 310.0 1.843805029881607 4.9853976834714 84.0 
291.0 311.0 1.843805029881607 4.9853976834714 84.0 
291.0 312.0 1.843805029881607 4.9853976834714 84.0 
291.0 313.0 1.843805029881607 4.9853976834714 84.0 
292.0 295.0 1.843805029881607 4.9853976834714 84.0 
292.0 296.0 1.843805029881607 4.9853976834714 84.0 
292.0 297.0 1.843805029881607 4.9853976834714 84.0 
292.0 298.0 1.843805029881607 4.9853976834714 84.0 
292.0 299.0 1.843805029881607 4.9853976834714 84.0 
292.0 300.0 1.843805029881607 4.9853976834714 84.0 
292.0 301.0 1.843805029881607 4.9853976834714 84.0 
292.0 302.0 1.843805029881607 4.9853976834714 84.0 
292.0 303.0 1.843805029881607 4.9853976834714 84.0 
292.0 304.0 1.843805029881607 4.9853976834714 84.0 
292.0 305.0 1.843805029881607 4.9853976834714 84.0 
292.0 306.0 1.843805029881607 4.9853976834714 84.0 
292.0 307.0 1.843805029881607 4.9853976834714 84.0 
292.0 308.0 1.843805029881607 4.9853976834714 84.0 
292.0 309.0 1.843805029881607 4.9853976834714 84.0 
292.0 310.0 1.843805029881607 4.9853976834714 84.0 
292.0 311.0 1.843805029881607 4.9853976834714 84.0 
292.0 312.0 1.843805029881607 4.9853976834714 84.0 
292.0 313.0 1.843805029881607 4.9853976834714 84.0 
293.0 292.0 1.843805029881607 4.9853976834714 84.0 
293.0 293.0 1.843805029881607 4.9853976834714 84.0 
293.0 294.0 1.843805029881607 4.9853976834714 84.0 
293.0 295.0 1.843805029881607 4.9853976834714 84.0 
293.0 296.0 1.843805029881607 4.9853976834714 84.0 
293.0 297.0 1.843805029881607 4.9853976834714 84.0 
293.0 298.0 1.843805029881607 4.9853976834714 84.0 
293.0 299.0 1.843805029881607 4.9853976834714 84.0 
293.0 300.0 1.843805029881607 4.9853976834714 84.0 
293.0 301.0 1.843805029881607 4.9853976834714 84.0 
293.0 302.0 1.843805029881607 4.9853976834714 84.0 
293.0 303.0 1.843805029881607 4.9853976834714 84.0 
293.0 304.0 1.843805029881607 4.9853976834714 84.0 
293.0 305.0 1.843805029881607 4.9853976834714 84.0 
293.0 306.0 1.843805029881607 4.9853976834714 84.0 
293.0 307.0 1.843805029881607 4.9853976834714 84.0 
293.0 308.0 1.843805029881607 4.9853976834714 84.0 
293.0 309.0 1.843805029881607 4.9853976834714 84.0 
293.0 310.0 1.843805029881607 4.9853976834714 84.0 
293.0 311.0 1.843805029881607 4.9853976834714 84.0 
293.0 312.0 1.843805029881607 4.9853976834714 84.0 
293.0 313.0 1.843805029881607 4.9853976834714 84.0 
294.0 288.0 1.843805029881607 4.9853976834714 84.0 
294.0 289.0 1.843805029881607 4.9853976834714 84.0 
294.0 290.0 1.843805029881607 4.9853976834714 84.0 
294.0 291.0 1.843805029881607 4.9853976834714 84.0 
294.0 292.0 1.843805029881607 4.9853976834714 84.0 
294.0 293.0 1.843805029881607 4.9853976834714 84.0 
294.0 294.0 1.843805029881607 4.9853976834714 84.0 
294.0 295.0 1.843805029881607 4.9853976834714 84.0 
294.0 296.0 1.843805029881607 4.9853976834714 84.0 
294.0 297.0 1.843805029881607 4.9853976834714 84.0 
294.0 298.0 1.843805029881607 4.9853976834714 84.0 
294.0 299.0 1.843805029881607 4.9853976834714 84.0 
294.0 300.0 1.843805029881607 4.9853976834714 84.0 
294.0 301.0 1.843805029881607 4.9853976834714 84.0 
294.0 302.0 1.843805029881607 4.9853976834714 84.0 
294.0 303.0 1.843805029881607 4.9853976834714 84.0 
294.0 304.0 1.843805029881607 4.9853976834714 84.0 
294.0 305.0 1.843805029881607 4.9853976834714 84.0 
294.0 306.0 1.843805029881607 4.9853976834714 84.0 
294.0 307.0 1.843805029881607 4.9853976834714 84.0 
294.0 308.0 1.843805029881607 4.9853976834714 84.0 
294.0 309.0 1.843805029881607 4.9853976834714 84.0 
295.0 285.0 1.843805029881607 4.9853976834714 84.0 
295.0 286.0 1.843805029881607 4.9853976834714 84.0 
295.0 287.0 1.843805029881607 4.9853976834714 84.0 
295.0 288.0 1.843805029881607 4.9853976834714 84.0 
295.0 289.0 1.843805029881607 4.9853976834714 84.0 
295.0 290.0 1.843805029881607 4.9853976834714 84.0 
295.0 291.0 1.843805029881607 4.9853976834714 84.0 
295.0 292.0 1.843805029881607 4.9853976834714 84.0 
295.0 293.0 1.843805029881607 4.9853976834714 84.0 
295.0 294.0 1.843805029881607 4.9853976834714 84.0 
295.0 295.0 1.843805029881607 4.9853976834714 84.0 
295.0 296.0 1.843805029881607 4.9853976834714 84.0 
295.0 297.0 1.843805029881607 4.9853976834714 84.0 
295.0 298.0 1.843805029881607 4.9853976834714 84.0 
295.0 299.0 1.843805029881607 4.9853976834714 84.0 
295.0 300.0 1.843805029881607 4.9853976834714 84.0 
295.0 301.0 1.843805029881607 4.9853976834714 84.0 
295.0 302.0 1.843805029881607 4.9853976834714 84.0 
295.0 303.0 1.843805029881607 4.9853976834714 84.0 
295.0 304.0 1.843805029881607 4.9853976834714 84.0 
295.0 305.0 1.843805029881607 4.9853976834714 84.0 
295.0 306.0 1.843805029881607 4.9853976834714 84.0 
296.0 281.0 1.843805029881607 4.9853976834714 84.0 
296.0 282.0 1.843805029881607 4.9853976834714 84.0 
296.0 283.0 1.843805029881607 4.9853976834714 84.0 
296.0 284.0 1.843805029881607 4.9853976834714 84.0 
296.0 285.0 1.843805029881607 4.9853976834714 84.0 
296.0 286.0 1.843805029881607 4.9853976834714 84.0 
296.0 287.0 1.843805029881607 4.9853976834714 84.0 
296.0 288.0 1.843805029881607 4.9853976834714 84.0 
296.0 289.0 1.843805029881607 4.9853976834714 84.0 
296.0 290.0 1.843805029881607 4.9853976834714 84.0 
296.0 291.0 1.843805029881607 4.9853976834714 84.0 
296.0 292.0 1.843805029881607 4.9853976834714 84.0 
296.0 293.0 1.843805029881607 4.9853976834714 84.0 
296.0 294.0 1.843805029881607 4.9853976834714 84.0 
296.0 295.0 1.843805029881607 4.9853976834714 84.0 
296.0 296.0 1.843805029881607 4.9853976834714 84.0 
296.0 297.0 1.843805029881607 4.9853976834714 84.0 
296.0 298.0 1.843805029881607 4.9853976834714 84.0 
296.0 299.0 1.843805029881607 4.9853976834714 84.0 
296.0 300.0 1.843805029881607 4.9853976834714 84.0 
296.0 301.0 1.843805029881607 4.9853976834714 84.0 
296.0 302.0 1.843805029881607 4.9853976834714 84.0 
297.0 277.0 1.843805029881607 4.9853976834714 84.0 
297.0 278.0 1.843805029881607 4.9853976834714 84.0 
297.0 279.0 1.843805029881607 4.9853976834714 84.0 
297.0 280.0 1.843805029881607 4.9853976834714 84.0 
297.0 281.0 1.843805029881607 4.9853976834714 84.0 
297.0 282.0 1.843805029881607 4.9853976834714 84.0 
297.0 283.0 1.843805029881607 4.9853976834714 84.0 
297.0 284.0 1.843805029881607 4.9853976834714 84.0 
297.0 285.0 1.843805029881607 4.9853976834714 84.0 
297.0 286.0 1.843805029881607 4.9853976834714 84.0 
297.0 287.0 1.843805029881607 4.9853976834714 84.0 
297.0 288.0 1.843805029881607 4.9853976834714 84.0 
297.0 289.0 1.843805029881607 4.9853976834714 84.0 
297.0 290.0 1.843805029881607 4.9853976834714 84.0 
297.0 291.0 1.843805029881607 4.9853976834714 84.0 
297.0 292.0 1.843805029881607 4.9853976834714 84.0 
297.0 293.0 1.843805029881607 4.9853976834714 84.0 
297.0 294.0 1.843805029881607 4.9853976834714 84.0 
297.0 295.0 1.843805029881607 4.9853976834714 84.0 
297.0 296.0 1.843805029881607 4.9853976834714 84.0 
297.0 297.0 1.843805029881607 4.9853976834714 84.0 
297.0 298.0 1.843805029881607 4.9853976834714 84.0 
297.0 299.0 1.843805029881607 4.9853976834714 84.0 
298.0 274.0 1.843805029881607 4.9853976834714 84.0 
298.0 275.0 1.843805029881607 4.9853976834714 84.0 
298.0 276.0 1.843805029881607 4.9853976834714 84.0 
298.0 277.0 1.843805029881607 4.9853976834714 84.0 
298.0 278.0 1.843805029881607 4.9853976834714 84.0 
298.0 279.0 1.843805029881607 4.9853976834714 84.0 
298.0 280.0 1.843805029881607 4.9853976834714 84.0 
298.0 281.0 1.843805029881607 4.9853976834714 84.0 
298.0 282.0 1.843805029881607 4.9853976834714 84.0 
298.0 283.0 1.843805029881607 4.9853976834714 84.0 
298.0 284.0 1.843805029881607 4.9853976834714 84.0 
298.0 285.0 1.843805029881607 4.9853976834714 84.0 
298.0 286.0 1.843805029881607 4.9853976834714 84.0 
298.0 287.0 1.843805029881607 4.9853976834714 84.0 
298.0 288.0 1.843805029881607 4.9853976834714 84.0 
298.0 289.0 1.843805029881607 4.9853976834714 84.0 
298.0 290.0 1.843805029881607 4.9853976834714 84.0 
298.0 291.0 1.843805029881607 4.9853976834714 84.0 
298.0 292.0 1.843805029881607 4.9853976834714 84.0 
298.0 293.0 1.843805029881607 4.9853976834714 84.0 
298.0 294.0 1.843805029881607 4.9853976834714 84.0 
298.0 295.0 1.843805029881607 4.9853976834714 84.0 
299.0 270.0 1.843805029881607 4.9853976834714 84.0 
299.0 271.0 1.843805029881607 4.9853976834714 84.0 
299.0 272.0 1.843805029881607 4.9853976834714 84.0 
299.0 273.0 1.843805029881607 4.9853976834714 84.0 
299.0 274.0 1.843805029881607 4.9853976834714 84.0 
299.0 275.0 1.843805029881607 4.9853976834714 84.0 
299.0 276.0 1.843805029881607 4.9853976834714 84.0 
299.0 277.0 1.843805029881607 4.9853976834714 84.0 
299.0 278.0 1.843805029881607 4.9853976834714 84.0 
299.0 279.0 1.843805029881607 4.9853976834714 84.0 
299.0 280.0 1.843805029881607 4.9853976834714 84.0 
299.0 281.0 1.843805029881607 4.9853976834714 84.0 
299.0 282.0 1.843805029881607 4.9853976834714 84.0 
299.0 283.0 1.843805029881607 4.9853976834714 84.0 
299.0 284.0 1.843805029881607 4.9853976834714 84.0 
299.0 285.0 1.843805029881607 4.9853976834714 84.0 
299.0 286.0 1.843805029881607 4.9853976834714 84.0 
299.0 287.0 1.843805029881607 4.9853976834714 84.0 
299.0 288.0 1.843805029881607 4.9853976834714 84.0 
299.0 289.0 1.843805029881607 4.9853976834714 84.0 
299.0 290.0 1.843805029881607 4.9853976834714 84.0 
299.0 291.0 1.843805029881607 4.9853976834714 84.0 
300.0 267.0 1.843805029881607 4.9853976834714 84.0 
300.0 268.0 1.843805029881607 4.9853976834714 84.0 
300.0 269.0 1.843805029881607 4.9853976834714 84.0 
300.0 270.0 1.843805029881607 4.9853976834714 84.0 
300.0 271.0 1.843805029881607 4.9853976834714 84.0 
300.0 272.0 1.843805029881607 4.9853976834714 84.0 
300.0 273.0 1.843805029881607 4.9853976834714 84.0 
300.0 274.0 1.843805029881607 4.9853976834714 84.0 
300.0 275.0 1.843805029881607 4.9853976834714 84.0 
300.0 276.0 1.843805029881607 4.9853976834714 84.0 
300.0 277.0 1.843805029881607 4.9853976834714 84.0 
300.0 278.0 1.843805029881607 4.9853976834714 84.0 
300.0 279.0 1.843805029881607 4.9853976834714 84.0 
300.0 280.0 1.843805029881607 4.9853976834714 84.0 
300.0 281.0 1.843805029881607 4.9853976834714 84.0 
300.0 282.0 1.843805029881607 4.9853976834714 84.0 
300.0 283.0 1.843805029881607 4.9853976834714 84.0 
300.0 284.0 1.843805029881607 4.9853976834714 84.0 
300.0 285.0 1.843805029881607 4.9853976834714 84.0 
300.0 286.0 1.843805029881607 4.9853976834714 84.0 
300.0 287.0 1.843805029881607 4.9853976834714 84.0 
300.0 288.0 1.843805029881607 4.9853976834714 84.0 
301.0 263.0 1.843805029881607 4.9853976834714 84.0 
301.0 264.0 1.843805029881607 4.9853976834714 84.0 
301.0 265.0 1.843805029881607 4.9853976834714 84.0 
301.0 266.0 1.843805029881607 4.9853976834714 84.0 
301.0 267.0 1.843805029881607 4.9853976834714 84.0 
301.0 268.0 1.843805029881607 4.9853976834714 84.0 
301.0 269.0 1.843805029881607 4.9853976834714 84.0 
301.0 270.0 1.843805029881607 4.9853976834714 84.0 
301.0 271.0 1.843805029881607 4.9853976834714 84.0 
301.0 272.0 1.843805029881607 4.9853976834714 84.0 
301.0 273.0 1.843805029881607 4.9853976834714 84.0 
301.0 274.0 1.843805029881607 4.9853976834714 84.0 
301.0 275.0 1.843805029881607 4.9853976834714 84.0 
301.0 276.0 1.843805029881607 4.9853976834714 84.0 
301.0 277.0 1.843805029881607 4.9853976834714 84.0 
301.0 278.0 1.843805029881607 4.9853976834714 84.0 
301.0 279.0 1.843805029881607 4.9853976834714 84.0 
301.0 280.0 1.843805029881607 4.9853976834714 84.0 
301.0 281.0 1.843805029881607 4.9853976834714 84.0 
301.0 282.0 1.843805029881607 4.9853976834714 84.0 
301.0 283.0 1.843805029881607 4.9853976834714 84.0 
301.0 284.0 1.843805029881607 4.9853976834714 84.0 
302.0 263.0 1.843805029881607 4.9853976834714 84.0 
302.0 264.0 1.843805029881607 4.9853976834714 84.0 
302.0 265.0 1.843805029881607 4.9853976834714 84.0 
302.0 266.0 1.843805029881607 4.9853976834714 84.0 
302.0 267.0 1.843805029881607 4.9853976834714 84.0 
302.0 268.0 1.843805029881607 4.9853976834714 84.0 
302.0 269.0 1.843805029881607 4.9853976834714 84.0 
302.0 270.0 1.843805029881607 4.9853976834714 84.0 
302.0 271.0 1.843805029881607 4.9853976834714 84.0 
302.0 272.0 1.843805029881607 4.9853976834714 84.0 
302.0 273.0 1.843805029881607 4.9853976834714 84.0 
302.0 274.0 1.843805029881607 4.9853976834714 84.0 
302.0 275.0 1.843805029881607 4.9853976834714 84.0 
302.0 276.0 1.843805029881607 4.9853976834714 84.0 
302.0 277.0 1.843805029881607 4.9853976834714 84.0 
302.0 278.0 1.843805029881607 4.9853976834714 84.0 
302.0 279.0 1.843805029881607 4.9853976834714 84.0 
302.0 280.0 1.843805029881607 4.9853976834714 84.0 
302.0 281.0 1.843805029881607 4.9853976834714 84.0 
303.0 263.0 1.843805029881607 4.9853976834714 84.0 
303.0 264.0 1.843805029881607 4.9853976834714 84.0 
303.0 265.0 1.843805029881607 4.9853976834714 84.0 
303.0 266.0 1.843805029881607 4.9853976834714 84.0 
303.0 267.0 1.843805029881607 4.9853976834714 84.0 
303.0 268.0 1.843805029881607 4.9853976834714 84.0 
303.0 269.0 1.843805029881607 4.9853976834714 84.0 
303.0 270.0 1.843805029881607 4.9853976834714 84.0 
303.0 271.0 1.843805029881607 4.9853976834714 84.0 
303.0 272.0 1.843805029881607 4.9853976834714 84.0 
303.0 273.0 1.843805029881607 4.9853976834714 84.0 
303.0 274.0 1.843805029881607 4.9853976834714 84.0 
303.0 275.0 1.843805029881607 4.9853976834714 84.0 
303.0 276.0 1.843805029881607 4.9853976834714 84.0 
303.0 277.0 1.843805029881607 4.9853976834714 84.0 
304.0 263.0 1.843805029881607 4.9853976834714 84.0 
304.0 264.0 1.843805029881607 4.9853976834714 84.0 
304.0 265.0 1.843805029881607 4.9853976834714 84.0 
304.0 266.0 1.843805029881607 4.9853976834714 84.0 
304.0 267.0 1.843805029881607 4.9853976834714 84.0 
304.0 268.0 1.843805029881607 4.9853976834714 84.0 
304.0 269.0 1.843805029881607 4.9853976834714 84.0 
304.0 270.0 1.843805029881607 4.9853976834714 84.0 
304.0 271.0 1.843805029881607 4.9853976834714 84.0 
304.0 272.0 1.843805029881607 4.9853976834714 84.0 
304.0 273.0 1.843805029881607 4.9853976834714 84.0 
304.0 274.0 1.843805029881607 4.9853976834714 84.0 
305.0 264.0 1.843805029881607 4.9853976834714 84.0 
305.0 265.0 1.843805029881607 4.9853976834714 84.0 
305.0 266.0 1.843805029881607 4.9853976834714 84.0 
305.0 267.0 1.843805029881607 4.9853976834714 84.0 
305.0 268.0 1.843805029881607 4.9853976834714 84.0 
305.0 269.0 1.843805029881607 4.9853976834714 84.0 
305.0 270.0 1.843805029881607 4.9853976834714 84.0 
306.0 264.0 1.843805029881607 4.9853976834714 84.0 
306.0 265.0 1.843805029881607 4.9853976834714 84.0 
306.0 266.0 1.843805029881607 4.9853976834714 84.0 
