234 237 32.0 
234 238 32.0 
234 239 32.0 
234 240 32.0 
234 241 32.0 
235 237 32.0 
235 238 32.0 
235 239 32.0 
235 240 32.0 
235 241 32.0 
236 237 32.0 
236 238 32.0 
236 239 32.0 
236 240 32.0 
236 241 32.0 
237 237 32.0 
237 238 32.0 
237 239 32.0 
237 240 32.0 
237 241 32.0 
238 237 32.0 
238 238 32.0 
238 239 32.0 
238 240 32.0 
238 241 32.0 
253.0 250.0 3.422430378210997 0.28083772462120393 40.0 
253.0 251.0 3.422430378210997 0.28083772462120393 40.0 
253.0 252.0 3.422430378210997 0.28083772462120393 40.0 
253.0 253.0 3.422430378210997 0.28083772462120393 40.0 
254.0 248.0 3.422430378210997 0.28083772462120393 40.0 
254.0 249.0 3.422430378210997 0.28083772462120393 40.0 
254.0 250.0 3.422430378210997 0.28083772462120393 40.0 
254.0 251.0 3.422430378210997 0.28083772462120393 40.0 
254.0 252.0 3.422430378210997 0.28083772462120393 40.0 
254.0 253.0 3.422430378210997 0.28083772462120393 40.0 
255.0 248.0 3.422430378210997 0.28083772462120393 40.0 
255.0 249.0 3.422430378210997 0.28083772462120393 40.0 
255.0 250.0 3.422430378210997 0.28083772462120393 40.0 
255.0 251.0 3.422430378210997 0.28083772462120393 40.0 
255.0 252.0 3.422430378210997 0.28083772462120393 40.0 
255.0 253.0 3.422430378210997 0.28083772462120393 40.0 
256.0 248.0 3.422430378210997 0.28083772462120393 40.0 
256.0 249.0 3.422430378210997 0.28083772462120393 40.0 
256.0 250.0 3.422430378210997 0.28083772462120393 40.0 
256.0 251.0 3.422430378210997 0.28083772462120393 40.0 
256.0 252.0 3.422430378210997 0.28083772462120393 40.0 
256.0 253.0 3.422430378210997 0.28083772462120393 40.0 
257.0 249.0 3.422430378210997 0.28083772462120393 40.0 
257.0 250.0 3.422430378210997 0.28083772462120393 40.0 
257.0 251.0 3.422430378210997 0.28083772462120393 40.0 
257.0 252.0 3.422430378210997 0.28083772462120393 40.0 
257.0 253.0 3.422430378210997 0.28083772462120393 40.0 
257.0 254.0 3.422430378210997 0.28083772462120393 40.0 
258.0 249.0 3.422430378210997 0.28083772462120393 40.0 
258.0 250.0 3.422430378210997 0.28083772462120393 40.0 
258.0 251.0 3.422430378210997 0.28083772462120393 40.0 
258.0 252.0 3.422430378210997 0.28083772462120393 40.0 
258.0 253.0 3.422430378210997 0.28083772462120393 40.0 
258.0 254.0 3.422430378210997 0.28083772462120393 40.0 
259.0 249.0 3.422430378210997 0.28083772462120393 40.0 
259.0 250.0 3.422430378210997 0.28083772462120393 40.0 
259.0 251.0 3.422430378210997 0.28083772462120393 40.0 
259.0 252.0 3.422430378210997 0.28083772462120393 40.0 
259.0 253.0 3.422430378210997 0.28083772462120393 40.0 
259.0 254.0 3.422430378210997 0.28083772462120393 40.0 
260.0 249.0 3.422430378210997 0.28083772462120393 40.0 
260.0 250.0 3.422430378210997 0.28083772462120393 40.0 
260.0 251.0 3.422430378210997 0.28083772462120393 40.0 
260.0 252.0 3.422430378210997 0.28083772462120393 40.0 
260.0 253.0 3.422430378210997 0.28083772462120393 40.0 
260.0 254.0 3.422430378210997 0.28083772462120393 40.0 
260.0 255.0 3.422430378210997 0.28083772462120393 40.0 
261.0 250.0 3.422430378210997 0.28083772462120393 40.0 
261.0 251.0 3.422430378210997 0.28083772462120393 40.0 
261.0 252.0 3.422430378210997 0.28083772462120393 40.0 
261.0 253.0 3.422430378210997 0.28083772462120393 40.0 
261.0 254.0 3.422430378210997 0.28083772462120393 40.0 
261.0 255.0 3.422430378210997 0.28083772462120393 40.0 
262.0 250.0 3.422430378210997 0.28083772462120393 40.0 
262.0 251.0 3.422430378210997 0.28083772462120393 40.0 
262.0 252.0 3.422430378210997 0.28083772462120393 40.0 
262.0 253.0 3.422430378210997 0.28083772462120393 40.0 
262.0 254.0 3.422430378210997 0.28083772462120393 40.0 
262.0 255.0 3.422430378210997 0.28083772462120393 40.0 
263.0 250.0 3.422430378210997 0.28083772462120393 40.0 
263.0 251.0 3.422430378210997 0.28083772462120393 40.0 
263.0 252.0 3.422430378210997 0.28083772462120393 40.0 
263.0 253.0 3.422430378210997 0.28083772462120393 40.0 
263.0 254.0 3.422430378210997 0.28083772462120393 40.0 
263.0 255.0 3.422430378210997 0.28083772462120393 40.0 
263.0 256.0 3.422430378210997 0.28083772462120393 40.0 
264.0 251.0 3.422430378210997 0.28083772462120393 40.0 
264.0 252.0 3.422430378210997 0.28083772462120393 40.0 
264.0 253.0 3.422430378210997 0.28083772462120393 40.0 
264.0 254.0 3.422430378210997 0.28083772462120393 40.0 
264.0 255.0 3.422430378210997 0.28083772462120393 40.0 
264.0 256.0 3.422430378210997 0.28083772462120393 40.0 
265.0 251.0 3.422430378210997 0.28083772462120393 40.0 
265.0 252.0 3.422430378210997 0.28083772462120393 40.0 
265.0 253.0 3.422430378210997 0.28083772462120393 40.0 
265.0 254.0 3.422430378210997 0.28083772462120393 40.0 
265.0 255.0 3.422430378210997 0.28083772462120393 40.0 
265.0 256.0 3.422430378210997 0.28083772462120393 40.0 
266.0 251.0 3.422430378210997 0.28083772462120393 40.0 
266.0 252.0 3.422430378210997 0.28083772462120393 40.0 
266.0 253.0 3.422430378210997 0.28083772462120393 40.0 
266.0 254.0 3.422430378210997 0.28083772462120393 40.0 
266.0 255.0 3.422430378210997 0.28083772462120393 40.0 
266.0 256.0 3.422430378210997 0.28083772462120393 40.0 
267.0 251.0 3.422430378210997 0.28083772462120393 40.0 
267.0 252.0 3.422430378210997 0.28083772462120393 40.0 
267.0 253.0 3.422430378210997 0.28083772462120393 40.0 
267.0 254.0 3.422430378210997 0.28083772462120393 40.0 
267.0 255.0 3.422430378210997 0.28083772462120393 40.0 
267.0 256.0 3.422430378210997 0.28083772462120393 40.0 
267.0 257.0 3.422430378210997 0.28083772462120393 40.0 
268.0 252.0 3.422430378210997 0.28083772462120393 40.0 
268.0 253.0 3.422430378210997 0.28083772462120393 40.0 
268.0 254.0 3.422430378210997 0.28083772462120393 40.0 
268.0 255.0 3.422430378210997 0.28083772462120393 40.0 
268.0 256.0 3.422430378210997 0.28083772462120393 40.0 
268.0 257.0 3.422430378210997 0.28083772462120393 40.0 
269.0 252.0 3.422430378210997 0.28083772462120393 40.0 
269.0 253.0 3.422430378210997 0.28083772462120393 40.0 
269.0 254.0 3.422430378210997 0.28083772462120393 40.0 
269.0 255.0 3.422430378210997 0.28083772462120393 40.0 
269.0 256.0 3.422430378210997 0.28083772462120393 40.0 
269.0 257.0 3.422430378210997 0.28083772462120393 40.0 
270.0 252.0 3.422430378210997 0.28083772462120393 40.0 
270.0 253.0 3.422430378210997 0.28083772462120393 40.0 
270.0 254.0 3.422430378210997 0.28083772462120393 40.0 
270.0 255.0 3.422430378210997 0.28083772462120393 40.0 
270.0 256.0 3.422430378210997 0.28083772462120393 40.0 
270.0 257.0 3.422430378210997 0.28083772462120393 40.0 
270.0 258.0 3.422430378210997 0.28083772462120393 40.0 
271.0 253.0 3.422430378210997 0.28083772462120393 40.0 
271.0 254.0 3.422430378210997 0.28083772462120393 40.0 
271.0 255.0 3.422430378210997 0.28083772462120393 40.0 
271.0 256.0 3.422430378210997 0.28083772462120393 40.0 
271.0 257.0 3.422430378210997 0.28083772462120393 40.0 
271.0 258.0 3.422430378210997 0.28083772462120393 40.0 
272.0 253.0 3.422430378210997 0.28083772462120393 40.0 
272.0 254.0 3.422430378210997 0.28083772462120393 40.0 
272.0 255.0 3.422430378210997 0.28083772462120393 40.0 
272.0 256.0 3.422430378210997 0.28083772462120393 40.0 
272.0 257.0 3.422430378210997 0.28083772462120393 40.0 
272.0 258.0 3.422430378210997 0.28083772462120393 40.0 
273.0 253.0 3.422430378210997 0.28083772462120393 40.0 
273.0 254.0 3.422430378210997 0.28083772462120393 40.0 
273.0 255.0 3.422430378210997 0.28083772462120393 40.0 
273.0 256.0 3.422430378210997 0.28083772462120393 40.0 
273.0 257.0 3.422430378210997 0.28083772462120393 40.0 
273.0 258.0 3.422430378210997 0.28083772462120393 40.0 
274.0 253.0 3.422430378210997 0.28083772462120393 40.0 
274.0 254.0 3.422430378210997 0.28083772462120393 40.0 
274.0 255.0 3.422430378210997 0.28083772462120393 40.0 
274.0 256.0 3.422430378210997 0.28083772462120393 40.0 
274.0 257.0 3.422430378210997 0.28083772462120393 40.0 
274.0 258.0 3.422430378210997 0.28083772462120393 40.0 
274.0 259.0 3.422430378210997 0.28083772462120393 40.0 
275.0 254.0 3.422430378210997 0.28083772462120393 40.0 
275.0 255.0 3.422430378210997 0.28083772462120393 40.0 
275.0 256.0 3.422430378210997 0.28083772462120393 40.0 
275.0 257.0 3.422430378210997 0.28083772462120393 40.0 
275.0 258.0 3.422430378210997 0.28083772462120393 40.0 
275.0 259.0 3.422430378210997 0.28083772462120393 40.0 
276.0 254.0 3.422430378210997 0.28083772462120393 40.0 
276.0 255.0 3.422430378210997 0.28083772462120393 40.0 
276.0 256.0 3.422430378210997 0.28083772462120393 40.0 
276.0 257.0 3.422430378210997 0.28083772462120393 40.0 
276.0 258.0 3.422430378210997 0.28083772462120393 40.0 
276.0 259.0 3.422430378210997 0.28083772462120393 40.0 
277.0 254.0 3.422430378210997 0.28083772462120393 40.0 
277.0 255.0 3.422430378210997 0.28083772462120393 40.0 
277.0 256.0 3.422430378210997 0.28083772462120393 40.0 
277.0 257.0 3.422430378210997 0.28083772462120393 40.0 
277.0 258.0 3.422430378210997 0.28083772462120393 40.0 
277.0 259.0 3.422430378210997 0.28083772462120393 40.0 
277.0 260.0 3.422430378210997 0.28083772462120393 40.0 
278.0 255.0 3.422430378210997 0.28083772462120393 40.0 
278.0 256.0 3.422430378210997 0.28083772462120393 40.0 
278.0 257.0 3.422430378210997 0.28083772462120393 40.0 
278.0 258.0 3.422430378210997 0.28083772462120393 40.0 
278.0 259.0 3.422430378210997 0.28083772462120393 40.0 
278.0 260.0 3.422430378210997 0.28083772462120393 40.0 
279.0 255.0 3.422430378210997 0.28083772462120393 40.0 
279.0 256.0 3.422430378210997 0.28083772462120393 40.0 
279.0 257.0 3.422430378210997 0.28083772462120393 40.0 
279.0 258.0 3.422430378210997 0.28083772462120393 40.0 
279.0 259.0 3.422430378210997 0.28083772462120393 40.0 
279.0 260.0 3.422430378210997 0.28083772462120393 40.0 
280.0 255.0 3.422430378210997 0.28083772462120393 40.0 
280.0 256.0 3.422430378210997 0.28083772462120393 40.0 
280.0 257.0 3.422430378210997 0.28083772462120393 40.0 
280.0 258.0 3.422430378210997 0.28083772462120393 40.0 
280.0 259.0 3.422430378210997 0.28083772462120393 40.0 
280.0 260.0 3.422430378210997 0.28083772462120393 40.0 
281.0 255.0 3.422430378210997 0.28083772462120393 40.0 
281.0 256.0 3.422430378210997 0.28083772462120393 40.0 
281.0 257.0 3.422430378210997 0.28083772462120393 40.0 
281.0 258.0 3.422430378210997 0.28083772462120393 40.0 
281.0 259.0 3.422430378210997 0.28083772462120393 40.0 
281.0 260.0 3.422430378210997 0.28083772462120393 40.0 
281.0 261.0 3.422430378210997 0.28083772462120393 40.0 
282.0 256.0 3.422430378210997 0.28083772462120393 40.0 
282.0 257.0 3.422430378210997 0.28083772462120393 40.0 
282.0 258.0 3.422430378210997 0.28083772462120393 40.0 
282.0 259.0 3.422430378210997 0.28083772462120393 40.0 
282.0 260.0 3.422430378210997 0.28083772462120393 40.0 
282.0 261.0 3.422430378210997 0.28083772462120393 40.0 
283.0 256.0 3.422430378210997 0.28083772462120393 40.0 
283.0 257.0 3.422430378210997 0.28083772462120393 40.0 
283.0 258.0 3.422430378210997 0.28083772462120393 40.0 
283.0 259.0 3.422430378210997 0.28083772462120393 40.0 
283.0 260.0 3.422430378210997 0.28083772462120393 40.0 
283.0 261.0 3.422430378210997 0.28083772462120393 40.0 
284.0 256.0 3.422430378210997 0.28083772462120393 40.0 
284.0 257.0 3.422430378210997 0.28083772462120393 40.0 
284.0 258.0 3.422430378210997 0.28083772462120393 40.0 
284.0 259.0 3.422430378210997 0.28083772462120393 40.0 
284.0 260.0 3.422430378210997 0.28083772462120393 40.0 
284.0 261.0 3.422430378210997 0.28083772462120393 40.0 
284.0 262.0 3.422430378210997 0.28083772462120393 40.0 
285.0 257.0 3.422430378210997 0.28083772462120393 40.0 
285.0 258.0 3.422430378210997 0.28083772462120393 40.0 
285.0 259.0 3.422430378210997 0.28083772462120393 40.0 
285.0 260.0 3.422430378210997 0.28083772462120393 40.0 
285.0 261.0 3.422430378210997 0.28083772462120393 40.0 
285.0 262.0 3.422430378210997 0.28083772462120393 40.0 
286.0 257.0 3.422430378210997 0.28083772462120393 40.0 
286.0 258.0 3.422430378210997 0.28083772462120393 40.0 
286.0 259.0 3.422430378210997 0.28083772462120393 40.0 
286.0 260.0 3.422430378210997 0.28083772462120393 40.0 
286.0 261.0 3.422430378210997 0.28083772462120393 40.0 
286.0 262.0 3.422430378210997 0.28083772462120393 40.0 
287.0 257.0 3.422430378210997 0.28083772462120393 40.0 
287.0 258.0 3.422430378210997 0.28083772462120393 40.0 
287.0 259.0 3.422430378210997 0.28083772462120393 40.0 
287.0 260.0 3.422430378210997 0.28083772462120393 40.0 
287.0 261.0 3.422430378210997 0.28083772462120393 40.0 
287.0 262.0 3.422430378210997 0.28083772462120393 40.0 
288.0 257.0 3.422430378210997 0.28083772462120393 40.0 
288.0 258.0 3.422430378210997 0.28083772462120393 40.0 
288.0 259.0 3.422430378210997 0.28083772462120393 40.0 
288.0 260.0 3.422430378210997 0.28083772462120393 40.0 
288.0 261.0 3.422430378210997 0.28083772462120393 40.0 
288.0 262.0 3.422430378210997 0.28083772462120393 40.0 
288.0 263.0 3.422430378210997 0.28083772462120393 40.0 
289.0 258.0 3.422430378210997 0.28083772462120393 40.0 
289.0 259.0 3.422430378210997 0.28083772462120393 40.0 
289.0 260.0 3.422430378210997 0.28083772462120393 40.0 
289.0 261.0 3.422430378210997 0.28083772462120393 40.0 
289.0 262.0 3.422430378210997 0.28083772462120393 40.0 
289.0 263.0 3.422430378210997 0.28083772462120393 40.0 
290.0 258.0 3.422430378210997 0.28083772462120393 40.0 
290.0 259.0 3.422430378210997 0.28083772462120393 40.0 
290.0 260.0 3.422430378210997 0.28083772462120393 40.0 
290.0 261.0 3.422430378210997 0.28083772462120393 40.0 
290.0 262.0 3.422430378210997 0.28083772462120393 40.0 
290.0 263.0 3.422430378210997 0.28083772462120393 40.0 
291.0 258.0 3.422430378210997 0.28083772462120393 40.0 
291.0 259.0 3.422430378210997 0.28083772462120393 40.0 
291.0 260.0 3.422430378210997 0.28083772462120393 40.0 
291.0 261.0 3.422430378210997 0.28083772462120393 40.0 
291.0 262.0 3.422430378210997 0.28083772462120393 40.0 
291.0 263.0 3.422430378210997 0.28083772462120393 40.0 
291.0 264.0 3.422430378210997 0.28083772462120393 40.0 
292.0 259.0 3.422430378210997 0.28083772462120393 40.0 
292.0 260.0 3.422430378210997 0.28083772462120393 40.0 
292.0 261.0 3.422430378210997 0.28083772462120393 40.0 
292.0 262.0 3.422430378210997 0.28083772462120393 40.0 
292.0 263.0 3.422430378210997 0.28083772462120393 40.0 
292.0 264.0 3.422430378210997 0.28083772462120393 40.0 
293.0 259.0 3.422430378210997 0.28083772462120393 40.0 
293.0 260.0 3.422430378210997 0.28083772462120393 40.0 
293.0 261.0 3.422430378210997 0.28083772462120393 40.0 
293.0 262.0 3.422430378210997 0.28083772462120393 40.0 
293.0 263.0 3.422430378210997 0.28083772462120393 40.0 
293.0 264.0 3.422430378210997 0.28083772462120393 40.0 
294.0 259.0 3.422430378210997 0.28083772462120393 40.0 
294.0 260.0 3.422430378210997 0.28083772462120393 40.0 
294.0 261.0 3.422430378210997 0.28083772462120393 40.0 
294.0 262.0 3.422430378210997 0.28083772462120393 40.0 
294.0 263.0 3.422430378210997 0.28083772462120393 40.0 
294.0 264.0 3.422430378210997 0.28083772462120393 40.0 
295.0 259.0 3.422430378210997 0.28083772462120393 40.0 
295.0 260.0 3.422430378210997 0.28083772462120393 40.0 
295.0 261.0 3.422430378210997 0.28083772462120393 40.0 
295.0 262.0 3.422430378210997 0.28083772462120393 40.0 
295.0 263.0 3.422430378210997 0.28083772462120393 40.0 
295.0 264.0 3.422430378210997 0.28083772462120393 40.0 
295.0 265.0 3.422430378210997 0.28083772462120393 40.0 
296.0 260.0 3.422430378210997 0.28083772462120393 40.0 
296.0 261.0 3.422430378210997 0.28083772462120393 40.0 
296.0 262.0 3.422430378210997 0.28083772462120393 40.0 
296.0 263.0 3.422430378210997 0.28083772462120393 40.0 
296.0 264.0 3.422430378210997 0.28083772462120393 40.0 
296.0 265.0 3.422430378210997 0.28083772462120393 40.0 
297.0 260.0 3.422430378210997 0.28083772462120393 40.0 
297.0 261.0 3.422430378210997 0.28083772462120393 40.0 
297.0 262.0 3.422430378210997 0.28083772462120393 40.0 
297.0 263.0 3.422430378210997 0.28083772462120393 40.0 
297.0 264.0 3.422430378210997 0.28083772462120393 40.0 
297.0 265.0 3.422430378210997 0.28083772462120393 40.0 
298.0 260.0 3.422430378210997 0.28083772462120393 40.0 
298.0 261.0 3.422430378210997 0.28083772462120393 40.0 
298.0 262.0 3.422430378210997 0.28083772462120393 40.0 
298.0 263.0 3.422430378210997 0.28083772462120393 40.0 
298.0 264.0 3.422430378210997 0.28083772462120393 40.0 
298.0 265.0 3.422430378210997 0.28083772462120393 40.0 
298.0 266.0 3.422430378210997 0.28083772462120393 40.0 
299.0 261.0 3.422430378210997 0.28083772462120393 40.0 
299.0 262.0 3.422430378210997 0.28083772462120393 40.0 
299.0 263.0 3.422430378210997 0.28083772462120393 40.0 
299.0 264.0 3.422430378210997 0.28083772462120393 40.0 
299.0 265.0 3.422430378210997 0.28083772462120393 40.0 
299.0 266.0 3.422430378210997 0.28083772462120393 40.0 
300.0 261.0 3.422430378210997 0.28083772462120393 40.0 
300.0 262.0 3.422430378210997 0.28083772462120393 40.0 
300.0 263.0 3.422430378210997 0.28083772462120393 40.0 
300.0 264.0 3.422430378210997 0.28083772462120393 40.0 
300.0 265.0 3.422430378210997 0.28083772462120393 40.0 
300.0 266.0 3.422430378210997 0.28083772462120393 40.0 
301.0 261.0 3.422430378210997 0.28083772462120393 40.0 
301.0 262.0 3.422430378210997 0.28083772462120393 40.0 
301.0 263.0 3.422430378210997 0.28083772462120393 40.0 
301.0 264.0 3.422430378210997 0.28083772462120393 40.0 
301.0 265.0 3.422430378210997 0.28083772462120393 40.0 
301.0 266.0 3.422430378210997 0.28083772462120393 40.0 
302.0 262.0 3.422430378210997 0.28083772462120393 40.0 
302.0 263.0 3.422430378210997 0.28083772462120393 40.0 
302.0 264.0 3.422430378210997 0.28083772462120393 40.0 
302.0 265.0 3.422430378210997 0.28083772462120393 40.0 
302.0 266.0 3.422430378210997 0.28083772462120393 40.0 
302.0 267.0 3.422430378210997 0.28083772462120393 40.0 
303.0 262.0 3.422430378210997 0.28083772462120393 40.0 
303.0 263.0 3.422430378210997 0.28083772462120393 40.0 
303.0 264.0 3.422430378210997 0.28083772462120393 40.0 
303.0 265.0 3.422430378210997 0.28083772462120393 40.0 
303.0 266.0 3.422430378210997 0.28083772462120393 40.0 
303.0 267.0 3.422430378210997 0.28083772462120393 40.0 
304.0 262.0 3.422430378210997 0.28083772462120393 40.0 
304.0 263.0 3.422430378210997 0.28083772462120393 40.0 
304.0 264.0 3.422430378210997 0.28083772462120393 40.0 
304.0 265.0 3.422430378210997 0.28083772462120393 40.0 
304.0 266.0 3.422430378210997 0.28083772462120393 40.0 
304.0 267.0 3.422430378210997 0.28083772462120393 40.0 
305.0 262.0 3.422430378210997 0.28083772462120393 40.0 
305.0 263.0 3.422430378210997 0.28083772462120393 40.0 
305.0 264.0 3.422430378210997 0.28083772462120393 40.0 
