269.0 352.0 2.21115279186574 5.3527454454555325 60.0 
270.0 351.0 2.21115279186574 5.3527454454555325 60.0 
270.0 352.0 2.21115279186574 5.3527454454555325 60.0 
270.0 353.0 2.21115279186574 5.3527454454555325 60.0 
271.0 349.0 2.21115279186574 5.3527454454555325 60.0 
271.0 350.0 2.21115279186574 5.3527454454555325 60.0 
271.0 351.0 2.21115279186574 5.3527454454555325 60.0 
271.0 352.0 2.21115279186574 5.3527454454555325 60.0 
271.0 353.0 2.21115279186574 5.3527454454555325 60.0 
272.0 348.0 2.21115279186574 5.3527454454555325 60.0 
272.0 349.0 2.21115279186574 5.3527454454555325 60.0 
272.0 350.0 2.21115279186574 5.3527454454555325 60.0 
272.0 351.0 2.21115279186574 5.3527454454555325 60.0 
272.0 352.0 2.21115279186574 5.3527454454555325 60.0 
272.0 353.0 2.21115279186574 5.3527454454555325 60.0 
272.0 354.0 2.21115279186574 5.3527454454555325 60.0 
273.0 347.0 2.21115279186574 5.3527454454555325 60.0 
273.0 348.0 2.21115279186574 5.3527454454555325 60.0 
273.0 349.0 2.21115279186574 5.3527454454555325 60.0 
273.0 350.0 2.21115279186574 5.3527454454555325 60.0 
273.0 351.0 2.21115279186574 5.3527454454555325 60.0 
273.0 352.0 2.21115279186574 5.3527454454555325 60.0 
273.0 353.0 2.21115279186574 5.3527454454555325 60.0 
273.0 354.0 2.21115279186574 5.3527454454555325 60.0 
273.0 355.0 2.21115279186574 5.3527454454555325 60.0 
274.0 345.0 2.21115279186574 5.3527454454555325 60.0 
274.0 346.0 2.21115279186574 5.3527454454555325 60.0 
274.0 347.0 2.21115279186574 5.3527454454555325 60.0 
274.0 348.0 2.21115279186574 5.3527454454555325 60.0 
274.0 349.0 2.21115279186574 5.3527454454555325 60.0 
274.0 350.0 2.21115279186574 5.3527454454555325 60.0 
274.0 351.0 2.21115279186574 5.3527454454555325 60.0 
274.0 352.0 2.21115279186574 5.3527454454555325 60.0 
274.0 353.0 2.21115279186574 5.3527454454555325 60.0 
274.0 354.0 2.21115279186574 5.3527454454555325 60.0 
275.0 344.0 2.21115279186574 5.3527454454555325 60.0 
275.0 345.0 2.21115279186574 5.3527454454555325 60.0 
275.0 346.0 2.21115279186574 5.3527454454555325 60.0 
275.0 347.0 2.21115279186574 5.3527454454555325 60.0 
275.0 348.0 2.21115279186574 5.3527454454555325 60.0 
275.0 349.0 2.21115279186574 5.3527454454555325 60.0 
275.0 350.0 2.21115279186574 5.3527454454555325 60.0 
275.0 351.0 2.21115279186574 5.3527454454555325 60.0 
275.0 352.0 2.21115279186574 5.3527454454555325 60.0 
275.0 353.0 2.21115279186574 5.3527454454555325 60.0 
276.0 343.0 2.21115279186574 5.3527454454555325 60.0 
276.0 344.0 2.21115279186574 5.3527454454555325 60.0 
276.0 345.0 2.21115279186574 5.3527454454555325 60.0 
276.0 346.0 2.21115279186574 5.3527454454555325 60.0 
276.0 347.0 2.21115279186574 5.3527454454555325 60.0 
276.0 348.0 2.21115279186574 5.3527454454555325 60.0 
276.0 349.0 2.21115279186574 5.3527454454555325 60.0 
276.0 350.0 2.21115279186574 5.3527454454555325 60.0 
276.0 351.0 2.21115279186574 5.3527454454555325 60.0 
276.0 352.0 2.21115279186574 5.3527454454555325 60.0 
277.0 341.0 2.21115279186574 5.3527454454555325 60.0 
277.0 342.0 2.21115279186574 5.3527454454555325 60.0 
277.0 343.0 2.21115279186574 5.3527454454555325 60.0 
277.0 344.0 2.21115279186574 5.3527454454555325 60.0 
277.0 345.0 2.21115279186574 5.3527454454555325 60.0 
277.0 346.0 2.21115279186574 5.3527454454555325 60.0 
277.0 347.0 2.21115279186574 5.3527454454555325 60.0 
277.0 348.0 2.21115279186574 5.3527454454555325 60.0 
277.0 349.0 2.21115279186574 5.3527454454555325 60.0 
277.0 350.0 2.21115279186574 5.3527454454555325 60.0 
278.0 340.0 2.21115279186574 5.3527454454555325 60.0 
278.0 341.0 2.21115279186574 5.3527454454555325 60.0 
278.0 342.0 2.21115279186574 5.3527454454555325 60.0 
278.0 343.0 2.21115279186574 5.3527454454555325 60.0 
278.0 344.0 2.21115279186574 5.3527454454555325 60.0 
278.0 345.0 2.21115279186574 5.3527454454555325 60.0 
278.0 346.0 2.21115279186574 5.3527454454555325 60.0 
278.0 347.0 2.21115279186574 5.3527454454555325 60.0 
278.0 348.0 2.21115279186574 5.3527454454555325 60.0 
278.0 349.0 2.21115279186574 5.3527454454555325 60.0 
279.0 339.0 2.21115279186574 5.3527454454555325 60.0 
279.0 340.0 2.21115279186574 5.3527454454555325 60.0 
279.0 341.0 2.21115279186574 5.3527454454555325 60.0 
279.0 342.0 2.21115279186574 5.3527454454555325 60.0 
279.0 343.0 2.21115279186574 5.3527454454555325 60.0 
279.0 344.0 2.21115279186574 5.3527454454555325 60.0 
279.0 345.0 2.21115279186574 5.3527454454555325 60.0 
279.0 346.0 2.21115279186574 5.3527454454555325 60.0 
279.0 347.0 2.21115279186574 5.3527454454555325 60.0 
279.0 348.0 2.21115279186574 5.3527454454555325 60.0 
280.0 337.0 2.21115279186574 5.3527454454555325 60.0 
280.0 338.0 2.21115279186574 5.3527454454555325 60.0 
280.0 339.0 2.21115279186574 5.3527454454555325 60.0 
280.0 340.0 2.21115279186574 5.3527454454555325 60.0 
280.0 341.0 2.21115279186574 5.3527454454555325 60.0 
280.0 342.0 2.21115279186574 5.3527454454555325 60.0 
280.0 343.0 2.21115279186574 5.3527454454555325 60.0 
280.0 344.0 2.21115279186574 5.3527454454555325 60.0 
280.0 345.0 2.21115279186574 5.3527454454555325 60.0 
280.0 346.0 2.21115279186574 5.3527454454555325 60.0 
281.0 336.0 2.21115279186574 5.3527454454555325 60.0 
281.0 337.0 2.21115279186574 5.3527454454555325 60.0 
281.0 338.0 2.21115279186574 5.3527454454555325 60.0 
281.0 339.0 2.21115279186574 5.3527454454555325 60.0 
281.0 340.0 2.21115279186574 5.3527454454555325 60.0 
281.0 341.0 2.21115279186574 5.3527454454555325 60.0 
281.0 342.0 2.21115279186574 5.3527454454555325 60.0 
281.0 343.0 2.21115279186574 5.3527454454555325 60.0 
281.0 344.0 2.21115279186574 5.3527454454555325 60.0 
281.0 345.0 2.21115279186574 5.3527454454555325 60.0 
282.0 335.0 2.21115279186574 5.3527454454555325 60.0 
282.0 336.0 2.21115279186574 5.3527454454555325 60.0 
282.0 337.0 2.21115279186574 5.3527454454555325 60.0 
282.0 338.0 2.21115279186574 5.3527454454555325 60.0 
282.0 339.0 2.21115279186574 5.3527454454555325 60.0 
282.0 340.0 2.21115279186574 5.3527454454555325 60.0 
282.0 341.0 2.21115279186574 5.3527454454555325 60.0 
282.0 342.0 2.21115279186574 5.3527454454555325 60.0 
282.0 343.0 2.21115279186574 5.3527454454555325 60.0 
282.0 344.0 2.21115279186574 5.3527454454555325 60.0 
283.0 333.0 2.21115279186574 5.3527454454555325 60.0 
283.0 334.0 2.21115279186574 5.3527454454555325 60.0 
283.0 335.0 2.21115279186574 5.3527454454555325 60.0 
283.0 336.0 2.21115279186574 5.3527454454555325 60.0 
283.0 337.0 2.21115279186574 5.3527454454555325 60.0 
283.0 338.0 2.21115279186574 5.3527454454555325 60.0 
283.0 339.0 2.21115279186574 5.3527454454555325 60.0 
283.0 340.0 2.21115279186574 5.3527454454555325 60.0 
283.0 341.0 2.21115279186574 5.3527454454555325 60.0 
283.0 342.0 2.21115279186574 5.3527454454555325 60.0 
284.0 332.0 2.21115279186574 5.3527454454555325 60.0 
284.0 333.0 2.21115279186574 5.3527454454555325 60.0 
284.0 334.0 2.21115279186574 5.3527454454555325 60.0 
284.0 335.0 2.21115279186574 5.3527454454555325 60.0 
284.0 336.0 2.21115279186574 5.3527454454555325 60.0 
284.0 337.0 2.21115279186574 5.3527454454555325 60.0 
284.0 338.0 2.21115279186574 5.3527454454555325 60.0 
284.0 339.0 2.21115279186574 5.3527454454555325 60.0 
284.0 340.0 2.21115279186574 5.3527454454555325 60.0 
284.0 341.0 2.21115279186574 5.3527454454555325 60.0 
285.0 331.0 2.21115279186574 5.3527454454555325 60.0 
285.0 332.0 2.21115279186574 5.3527454454555325 60.0 
285.0 333.0 2.21115279186574 5.3527454454555325 60.0 
285.0 334.0 2.21115279186574 5.3527454454555325 60.0 
285.0 335.0 2.21115279186574 5.3527454454555325 60.0 
285.0 336.0 2.21115279186574 5.3527454454555325 60.0 
285.0 337.0 2.21115279186574 5.3527454454555325 60.0 
285.0 338.0 2.21115279186574 5.3527454454555325 60.0 
285.0 339.0 2.21115279186574 5.3527454454555325 60.0 
285.0 340.0 2.21115279186574 5.3527454454555325 60.0 
286.0 329.0 2.21115279186574 5.3527454454555325 60.0 
286.0 330.0 2.21115279186574 5.3527454454555325 60.0 
286.0 331.0 2.21115279186574 5.3527454454555325 60.0 
286.0 332.0 2.21115279186574 5.3527454454555325 60.0 
286.0 333.0 2.21115279186574 5.3527454454555325 60.0 
286.0 334.0 2.21115279186574 5.3527454454555325 60.0 
286.0 335.0 2.21115279186574 5.3527454454555325 60.0 
286.0 336.0 2.21115279186574 5.3527454454555325 60.0 
286.0 337.0 2.21115279186574 5.3527454454555325 60.0 
286.0 338.0 2.21115279186574 5.3527454454555325 60.0 
287.0 328.0 2.21115279186574 5.3527454454555325 60.0 
287.0 329.0 2.21115279186574 5.3527454454555325 60.0 
287.0 330.0 2.21115279186574 5.3527454454555325 60.0 
287.0 331.0 2.21115279186574 5.3527454454555325 60.0 
287.0 332.0 2.21115279186574 5.3527454454555325 60.0 
287.0 333.0 2.21115279186574 5.3527454454555325 60.0 
287.0 334.0 2.21115279186574 5.3527454454555325 60.0 
287.0 335.0 2.21115279186574 5.3527454454555325 60.0 
287.0 336.0 2.21115279186574 5.3527454454555325 60.0 
287.0 337.0 2.21115279186574 5.3527454454555325 60.0 
288.0 327.0 2.21115279186574 5.3527454454555325 60.0 
288.0 328.0 2.21115279186574 5.3527454454555325 60.0 
288.0 329.0 2.21115279186574 5.3527454454555325 60.0 
288.0 330.0 2.21115279186574 5.3527454454555325 60.0 
288.0 331.0 2.21115279186574 5.3527454454555325 60.0 
288.0 332.0 2.21115279186574 5.3527454454555325 60.0 
288.0 333.0 2.21115279186574 5.3527454454555325 60.0 
288.0 334.0 2.21115279186574 5.3527454454555325 60.0 
288.0 335.0 2.21115279186574 5.3527454454555325 60.0 
288.0 336.0 2.21115279186574 5.3527454454555325 60.0 
289.0 325.0 2.21115279186574 5.3527454454555325 60.0 
289.0 326.0 2.21115279186574 5.3527454454555325 60.0 
289.0 327.0 2.21115279186574 5.3527454454555325 60.0 
289.0 328.0 2.21115279186574 5.3527454454555325 60.0 
289.0 329.0 2.21115279186574 5.3527454454555325 60.0 
289.0 330.0 2.21115279186574 5.3527454454555325 60.0 
289.0 331.0 2.21115279186574 5.3527454454555325 60.0 
289.0 332.0 2.21115279186574 5.3527454454555325 60.0 
289.0 333.0 2.21115279186574 5.3527454454555325 60.0 
289.0 334.0 2.21115279186574 5.3527454454555325 60.0 
290.0 324.0 2.21115279186574 5.3527454454555325 60.0 
290.0 325.0 2.21115279186574 5.3527454454555325 60.0 
290.0 326.0 2.21115279186574 5.3527454454555325 60.0 
290.0 327.0 2.21115279186574 5.3527454454555325 60.0 
290.0 328.0 2.21115279186574 5.3527454454555325 60.0 
290.0 329.0 2.21115279186574 5.3527454454555325 60.0 
290.0 330.0 2.21115279186574 5.3527454454555325 60.0 
290.0 331.0 2.21115279186574 5.3527454454555325 60.0 
290.0 332.0 2.21115279186574 5.3527454454555325 60.0 
290.0 333.0 2.21115279186574 5.3527454454555325 60.0 
291.0 323.0 2.21115279186574 5.3527454454555325 60.0 
291.0 324.0 2.21115279186574 5.3527454454555325 60.0 
291.0 325.0 2.21115279186574 5.3527454454555325 60.0 
291.0 326.0 2.21115279186574 5.3527454454555325 60.0 
291.0 327.0 2.21115279186574 5.3527454454555325 60.0 
291.0 328.0 2.21115279186574 5.3527454454555325 60.0 
291.0 329.0 2.21115279186574 5.3527454454555325 60.0 
291.0 330.0 2.21115279186574 5.3527454454555325 60.0 
291.0 331.0 2.21115279186574 5.3527454454555325 60.0 
291.0 332.0 2.21115279186574 5.3527454454555325 60.0 
292.0 321.0 2.21115279186574 5.3527454454555325 60.0 
292.0 322.0 2.21115279186574 5.3527454454555325 60.0 
292.0 323.0 2.21115279186574 5.3527454454555325 60.0 
292.0 324.0 2.21115279186574 5.3527454454555325 60.0 
292.0 325.0 2.21115279186574 5.3527454454555325 60.0 
292.0 326.0 2.21115279186574 5.3527454454555325 60.0 
292.0 327.0 2.21115279186574 5.3527454454555325 60.0 
292.0 328.0 2.21115279186574 5.3527454454555325 60.0 
292.0 329.0 2.21115279186574 5.3527454454555325 60.0 
292.0 330.0 2.21115279186574 5.3527454454555325 60.0 
293.0 320.0 2.21115279186574 5.3527454454555325 60.0 
293.0 321.0 2.21115279186574 5.3527454454555325 60.0 
293.0 322.0 2.21115279186574 5.3527454454555325 60.0 
293.0 323.0 2.21115279186574 5.3527454454555325 60.0 
293.0 324.0 2.21115279186574 5.3527454454555325 60.0 
293.0 325.0 2.21115279186574 5.3527454454555325 60.0 
293.0 326.0 2.21115279186574 5.3527454454555325 60.0 
293.0 327.0 2.21115279186574 5.3527454454555325 60.0 
293.0 328.0 2.21115279186574 5.3527454454555325 60.0 
293.0 329.0 2.21115279186574 5.3527454454555325 60.0 
294.0 319.0 2.21115279186574 5.3527454454555325 60.0 
294.0 320.0 2.21115279186574 5.3527454454555325 60.0 
294.0 321.0 2.21115279186574 5.3527454454555325 60.0 
294.0 322.0 2.21115279186574 5.3527454454555325 60.0 
294.0 323.0 2.21115279186574 5.3527454454555325 60.0 
294.0 324.0 2.21115279186574 5.3527454454555325 60.0 
294.0 325.0 2.21115279186574 5.3527454454555325 60.0 
294.0 326.0 2.21115279186574 5.3527454454555325 60.0 
294.0 327.0 2.21115279186574 5.3527454454555325 60.0 
294.0 328.0 2.21115279186574 5.3527454454555325 60.0 
295.0 317.0 2.21115279186574 5.3527454454555325 60.0 
295.0 318.0 2.21115279186574 5.3527454454555325 60.0 
295.0 319.0 2.21115279186574 5.3527454454555325 60.0 
295.0 320.0 2.21115279186574 5.3527454454555325 60.0 
295.0 321.0 2.21115279186574 5.3527454454555325 60.0 
295.0 322.0 2.21115279186574 5.3527454454555325 60.0 
295.0 323.0 2.21115279186574 5.3527454454555325 60.0 
295.0 324.0 2.21115279186574 5.3527454454555325 60.0 
295.0 325.0 2.21115279186574 5.3527454454555325 60.0 
295.0 326.0 2.21115279186574 5.3527454454555325 60.0 
296.0 316.0 2.21115279186574 5.3527454454555325 60.0 
296.0 317.0 2.21115279186574 5.3527454454555325 60.0 
296.0 318.0 2.21115279186574 5.3527454454555325 60.0 
296.0 319.0 2.21115279186574 5.3527454454555325 60.0 
296.0 320.0 2.21115279186574 5.3527454454555325 60.0 
296.0 321.0 2.21115279186574 5.3527454454555325 60.0 
296.0 322.0 2.21115279186574 5.3527454454555325 60.0 
296.0 323.0 2.21115279186574 5.3527454454555325 60.0 
296.0 324.0 2.21115279186574 5.3527454454555325 60.0 
296.0 325.0 2.21115279186574 5.3527454454555325 60.0 
297.0 315.0 2.21115279186574 5.3527454454555325 60.0 
297.0 316.0 2.21115279186574 5.3527454454555325 60.0 
297.0 317.0 2.21115279186574 5.3527454454555325 60.0 
297.0 318.0 2.21115279186574 5.3527454454555325 60.0 
297.0 319.0 2.21115279186574 5.3527454454555325 60.0 
297.0 320.0 2.21115279186574 5.3527454454555325 60.0 
297.0 321.0 2.21115279186574 5.3527454454555325 60.0 
297.0 322.0 2.21115279186574 5.3527454454555325 60.0 
297.0 323.0 2.21115279186574 5.3527454454555325 60.0 
297.0 324.0 2.21115279186574 5.3527454454555325 60.0 
298.0 313.0 2.21115279186574 5.3527454454555325 60.0 
298.0 314.0 2.21115279186574 5.3527454454555325 60.0 
298.0 315.0 2.21115279186574 5.3527454454555325 60.0 
298.0 316.0 2.21115279186574 5.3527454454555325 60.0 
298.0 317.0 2.21115279186574 5.3527454454555325 60.0 
298.0 318.0 2.21115279186574 5.3527454454555325 60.0 
298.0 319.0 2.21115279186574 5.3527454454555325 60.0 
298.0 320.0 2.21115279186574 5.3527454454555325 60.0 
298.0 321.0 2.21115279186574 5.3527454454555325 60.0 
298.0 322.0 2.21115279186574 5.3527454454555325 60.0 
299.0 312.0 2.21115279186574 5.3527454454555325 60.0 
299.0 313.0 2.21115279186574 5.3527454454555325 60.0 
299.0 314.0 2.21115279186574 5.3527454454555325 60.0 
299.0 315.0 2.21115279186574 5.3527454454555325 60.0 
299.0 316.0 2.21115279186574 5.3527454454555325 60.0 
299.0 317.0 2.21115279186574 5.3527454454555325 60.0 
299.0 318.0 2.21115279186574 5.3527454454555325 60.0 
299.0 319.0 2.21115279186574 5.3527454454555325 60.0 
299.0 320.0 2.21115279186574 5.3527454454555325 60.0 
299.0 321.0 2.21115279186574 5.3527454454555325 60.0 
300.0 311.0 2.21115279186574 5.3527454454555325 60.0 
300.0 312.0 2.21115279186574 5.3527454454555325 60.0 
300.0 313.0 2.21115279186574 5.3527454454555325 60.0 
300.0 314.0 2.21115279186574 5.3527454454555325 60.0 
300.0 315.0 2.21115279186574 5.3527454454555325 60.0 
300.0 316.0 2.21115279186574 5.3527454454555325 60.0 
300.0 317.0 2.21115279186574 5.3527454454555325 60.0 
300.0 318.0 2.21115279186574 5.3527454454555325 60.0 
300.0 319.0 2.21115279186574 5.3527454454555325 60.0 
300.0 320.0 2.21115279186574 5.3527454454555325 60.0 
301.0 309.0 2.21115279186574 5.3527454454555325 60.0 
301.0 310.0 2.21115279186574 5.3527454454555325 60.0 
301.0 311.0 2.21115279186574 5.3527454454555325 60.0 
301.0 312.0 2.21115279186574 5.3527454454555325 60.0 
301.0 313.0 2.21115279186574 5.3527454454555325 60.0 
301.0 314.0 2.21115279186574 5.3527454454555325 60.0 
301.0 315.0 2.21115279186574 5.3527454454555325 60.0 
301.0 316.0 2.21115279186574 5.3527454454555325 60.0 
301.0 317.0 2.21115279186574 5.3527454454555325 60.0 
301.0 318.0 2.21115279186574 5.3527454454555325 60.0 
302.0 308.0 2.21115279186574 5.3527454454555325 60.0 
302.0 309.0 2.21115279186574 5.3527454454555325 60.0 
302.0 310.0 2.21115279186574 5.3527454454555325 60.0 
302.0 311.0 2.21115279186574 5.3527454454555325 60.0 
302.0 312.0 2.21115279186574 5.3527454454555325 60.0 
302.0 313.0 2.21115279186574 5.3527454454555325 60.0 
302.0 314.0 2.21115279186574 5.3527454454555325 60.0 
302.0 315.0 2.21115279186574 5.3527454454555325 60.0 
302.0 316.0 2.21115279186574 5.3527454454555325 60.0 
302.0 317.0 2.21115279186574 5.3527454454555325 60.0 
303.0 307.0 2.21115279186574 5.3527454454555325 60.0 
303.0 308.0 2.21115279186574 5.3527454454555325 60.0 
303.0 309.0 2.21115279186574 5.3527454454555325 60.0 
303.0 310.0 2.21115279186574 5.3527454454555325 60.0 
303.0 311.0 2.21115279186574 5.3527454454555325 60.0 
303.0 312.0 2.21115279186574 5.3527454454555325 60.0 
303.0 313.0 2.21115279186574 5.3527454454555325 60.0 
303.0 314.0 2.21115279186574 5.3527454454555325 60.0 
303.0 315.0 2.21115279186574 5.3527454454555325 60.0 
303.0 316.0 2.21115279186574 5.3527454454555325 60.0 
304.0 305.0 2.21115279186574 5.3527454454555325 60.0 
304.0 306.0 2.21115279186574 5.3527454454555325 60.0 
304.0 307.0 2.21115279186574 5.3527454454555325 60.0 
304.0 308.0 2.21115279186574 5.3527454454555325 60.0 
304.0 309.0 2.21115279186574 5.3527454454555325 60.0 
304.0 310.0 2.21115279186574 5.3527454454555325 60.0 
304.0 311.0 2.21115279186574 5.3527454454555325 60.0 
304.0 312.0 2.21115279186574 5.3527454454555325 60.0 
304.0 313.0 2.21115279186574 5.3527454454555325 60.0 
304.0 314.0 2.21115279186574 5.3527454454555325 60.0 
305.0 304.0 2.21115279186574 5.3527454454555325 60.0 
305.0 305.0 2.21115279186574 5.3527454454555325 60.0 
305.0 306.0 2.21115279186574 5.3527454454555325 60.0 
305.0 307.0 2.21115279186574 5.3527454454555325 60.0 
305.0 308.0 2.21115279186574 5.3527454454555325 60.0 
305.0 309.0 2.21115279186574 5.3527454454555325 60.0 
305.0 310.0 2.21115279186574 5.3527454454555325 60.0 
305.0 311.0 2.21115279186574 5.3527454454555325 60.0 
305.0 312.0 2.21115279186574 5.3527454454555325 60.0 
305.0 313.0 2.21115279186574 5.3527454454555325 60.0 
306.0 303.0 2.21115279186574 5.3527454454555325 60.0 
306.0 304.0 2.21115279186574 5.3527454454555325 60.0 
306.0 305.0 2.21115279186574 5.3527454454555325 60.0 
306.0 306.0 2.21115279186574 5.3527454454555325 60.0 
306.0 307.0 2.21115279186574 5.3527454454555325 60.0 
306.0 308.0 2.21115279186574 5.3527454454555325 60.0 
306.0 309.0 2.21115279186574 5.3527454454555325 60.0 
306.0 310.0 2.21115279186574 5.3527454454555325 60.0 
306.0 311.0 2.21115279186574 5.3527454454555325 60.0 
306.0 312.0 2.21115279186574 5.3527454454555325 60.0 
307.0 302.0 2.21115279186574 5.3527454454555325 60.0 
307.0 303.0 2.21115279186574 5.3527454454555325 60.0 
307.0 304.0 2.21115279186574 5.3527454454555325 60.0 
307.0 305.0 2.21115279186574 5.3527454454555325 60.0 
307.0 306.0 2.21115279186574 5.3527454454555325 60.0 
307.0 307.0 2.21115279186574 5.3527454454555325 60.0 
307.0 308.0 2.21115279186574 5.3527454454555325 60.0 
307.0 309.0 2.21115279186574 5.3527454454555325 60.0 
307.0 310.0 2.21115279186574 5.3527454454555325 60.0 
308.0 303.0 2.21115279186574 5.3527454454555325 60.0 
308.0 304.0 2.21115279186574 5.3527454454555325 60.0 
308.0 305.0 2.21115279186574 5.3527454454555325 60.0 
308.0 306.0 2.21115279186574 5.3527454454555325 60.0 
308.0 307.0 2.21115279186574 5.3527454454555325 60.0 
308.0 308.0 2.21115279186574 5.3527454454555325 60.0 
308.0 309.0 2.21115279186574 5.3527454454555325 60.0 
309.0 303.0 2.21115279186574 5.3527454454555325 60.0 
309.0 304.0 2.21115279186574 5.3527454454555325 60.0 
309.0 305.0 2.21115279186574 5.3527454454555325 60.0 
309.0 306.0 2.21115279186574 5.3527454454555325 60.0 
309.0 307.0 2.21115279186574 5.3527454454555325 60.0 
309.0 308.0 2.21115279186574 5.3527454454555325 60.0 
310.0 304.0 2.21115279186574 5.3527454454555325 60.0 
310.0 305.0 2.21115279186574 5.3527454454555325 60.0 
310.0 306.0 2.21115279186574 5.3527454454555325 60.0 
311.0 305.0 2.21115279186574 5.3527454454555325 60.0 
