220.0 290.0 3.0999500744912045 6.241542728080998 28.0 
221.0 290.0 3.0999500744912045 6.241542728080998 28.0 
221.0 291.0 3.0999500744912045 6.241542728080998 28.0 
221.0 292.0 3.0999500744912045 6.241542728080998 28.0 
222.0 290.0 3.0999500744912045 6.241542728080998 28.0 
222.0 291.0 3.0999500744912045 6.241542728080998 28.0 
222.0 292.0 3.0999500744912045 6.241542728080998 28.0 
223.0 290.0 3.0999500744912045 6.241542728080998 28.0 
223.0 291.0 3.0999500744912045 6.241542728080998 28.0 
223.0 292.0 3.0999500744912045 6.241542728080998 28.0 
224.0 290.0 3.0999500744912045 6.241542728080998 28.0 
224.0 291.0 3.0999500744912045 6.241542728080998 28.0 
224.0 292.0 3.0999500744912045 6.241542728080998 28.0 
225.0 290.0 3.0999500744912045 6.241542728080998 28.0 
225.0 291.0 3.0999500744912045 6.241542728080998 28.0 
225.0 292.0 3.0999500744912045 6.241542728080998 28.0 
226.0 290.0 3.0999500744912045 6.241542728080998 28.0 
226.0 291.0 3.0999500744912045 6.241542728080998 28.0 
226.0 292.0 3.0999500744912045 6.241542728080998 28.0 
227.0 290.0 3.0999500744912045 6.241542728080998 28.0 
227.0 291.0 3.0999500744912045 6.241542728080998 28.0 
227.0 292.0 3.0999500744912045 6.241542728080998 28.0 
228.0 290.0 3.0999500744912045 6.241542728080998 28.0 
228.0 291.0 3.0999500744912045 6.241542728080998 28.0 
228.0 292.0 3.0999500744912045 6.241542728080998 28.0 
229.0 290.0 3.0999500744912045 6.241542728080998 28.0 
229.0 291.0 3.0999500744912045 6.241542728080998 28.0 
229.0 292.0 3.0999500744912045 6.241542728080998 28.0 
230.0 290.0 3.0999500744912045 6.241542728080998 28.0 
230.0 291.0 3.0999500744912045 6.241542728080998 28.0 
230.0 292.0 3.0999500744912045 6.241542728080998 28.0 
231.0 290.0 3.0999500744912045 6.241542728080998 28.0 
231.0 291.0 3.0999500744912045 6.241542728080998 28.0 
231.0 292.0 3.0999500744912045 6.241542728080998 28.0 
232.0 289.0 3.0999500744912045 6.241542728080998 28.0 
232.0 290.0 3.0999500744912045 6.241542728080998 28.0 
232.0 291.0 3.0999500744912045 6.241542728080998 28.0 
232.0 292.0 3.0999500744912045 6.241542728080998 28.0 
233.0 289.0 3.0999500744912045 6.241542728080998 28.0 
233.0 290.0 3.0999500744912045 6.241542728080998 28.0 
233.0 291.0 3.0999500744912045 6.241542728080998 28.0 
234.0 289.0 3.0999500744912045 6.241542728080998 28.0 
234.0 290.0 3.0999500744912045 6.241542728080998 28.0 
234.0 291.0 3.0999500744912045 6.241542728080998 28.0 
235.0 289.0 3.0999500744912045 6.241542728080998 28.0 
235.0 290.0 3.0999500744912045 6.241542728080998 28.0 
235.0 291.0 3.0999500744912045 6.241542728080998 28.0 
236.0 289.0 3.0999500744912045 6.241542728080998 28.0 
236.0 290.0 3.0999500744912045 6.241542728080998 28.0 
236.0 291.0 3.0999500744912045 6.241542728080998 28.0 
237.0 289.0 3.0999500744912045 6.241542728080998 28.0 
237.0 290.0 3.0999500744912045 6.241542728080998 28.0 
237.0 291.0 3.0999500744912045 6.241542728080998 28.0 
238.0 289.0 3.0999500744912045 6.241542728080998 28.0 
238.0 290.0 3.0999500744912045 6.241542728080998 28.0 
238.0 291.0 3.0999500744912045 6.241542728080998 28.0 
239.0 289.0 3.0999500744912045 6.241542728080998 28.0 
239.0 290.0 3.0999500744912045 6.241542728080998 28.0 
239.0 291.0 3.0999500744912045 6.241542728080998 28.0 
240.0 289.0 3.0999500744912045 6.241542728080998 28.0 
240.0 290.0 3.0999500744912045 6.241542728080998 28.0 
240.0 291.0 3.0999500744912045 6.241542728080998 28.0 
241.0 289.0 3.0999500744912045 6.241542728080998 28.0 
241.0 290.0 3.0999500744912045 6.241542728080998 28.0 
241.0 291.0 3.0999500744912045 6.241542728080998 28.0 
242.0 289.0 3.0999500744912045 6.241542728080998 28.0 
242.0 290.0 3.0999500744912045 6.241542728080998 28.0 
242.0 291.0 3.0999500744912045 6.241542728080998 28.0 
243.0 289.0 3.0999500744912045 6.241542728080998 28.0 
243.0 290.0 3.0999500744912045 6.241542728080998 28.0 
243.0 291.0 3.0999500744912045 6.241542728080998 28.0 
244.0 290.0 3.0999500744912045 6.241542728080998 28.0 
244.0 291.0 3.0999500744912045 6.241542728080998 28.0 
202.0 320.0 1.9028557943377817 5.044448447927575 24.0 
202.0 321.0 1.9028557943377817 5.044448447927575 24.0 
202.0 322.0 1.9028557943377817 5.044448447927575 24.0 
203.0 318.0 1.9028557943377817 5.044448447927575 24.0 
203.0 319.0 1.9028557943377817 5.044448447927575 24.0 
203.0 320.0 1.9028557943377817 5.044448447927575 24.0 
203.0 321.0 1.9028557943377817 5.044448447927575 24.0 
203.0 322.0 1.9028557943377817 5.044448447927575 24.0 
203.0 323.0 1.9028557943377817 5.044448447927575 24.0 
204.0 315.0 1.9028557943377817 5.044448447927575 24.0 
204.0 316.0 1.9028557943377817 5.044448447927575 24.0 
204.0 317.0 1.9028557943377817 5.044448447927575 24.0 
204.0 318.0 1.9028557943377817 5.044448447927575 24.0 
204.0 319.0 1.9028557943377817 5.044448447927575 24.0 
204.0 320.0 1.9028557943377817 5.044448447927575 24.0 
205.0 312.0 1.9028557943377817 5.044448447927575 24.0 
205.0 313.0 1.9028557943377817 5.044448447927575 24.0 
205.0 314.0 1.9028557943377817 5.044448447927575 24.0 
205.0 315.0 1.9028557943377817 5.044448447927575 24.0 
205.0 316.0 1.9028557943377817 5.044448447927575 24.0 
205.0 317.0 1.9028557943377817 5.044448447927575 24.0 
206.0 309.0 1.9028557943377817 5.044448447927575 24.0 
206.0 310.0 1.9028557943377817 5.044448447927575 24.0 
206.0 311.0 1.9028557943377817 5.044448447927575 24.0 
206.0 312.0 1.9028557943377817 5.044448447927575 24.0 
206.0 313.0 1.9028557943377817 5.044448447927575 24.0 
206.0 314.0 1.9028557943377817 5.044448447927575 24.0 
207.0 306.0 1.9028557943377817 5.044448447927575 24.0 
207.0 307.0 1.9028557943377817 5.044448447927575 24.0 
207.0 308.0 1.9028557943377817 5.044448447927575 24.0 
207.0 309.0 1.9028557943377817 5.044448447927575 24.0 
207.0 310.0 1.9028557943377817 5.044448447927575 24.0 
207.0 311.0 1.9028557943377817 5.044448447927575 24.0 
208.0 303.0 1.9028557943377817 5.044448447927575 24.0 
208.0 304.0 1.9028557943377817 5.044448447927575 24.0 
208.0 305.0 1.9028557943377817 5.044448447927575 24.0 
208.0 306.0 1.9028557943377817 5.044448447927575 24.0 
208.0 307.0 1.9028557943377817 5.044448447927575 24.0 
208.0 308.0 1.9028557943377817 5.044448447927575 24.0 
209.0 300.0 1.9028557943377817 5.044448447927575 24.0 
209.0 301.0 1.9028557943377817 5.044448447927575 24.0 
209.0 302.0 1.9028557943377817 5.044448447927575 24.0 
209.0 303.0 1.9028557943377817 5.044448447927575 24.0 
209.0 304.0 1.9028557943377817 5.044448447927575 24.0 
209.0 305.0 1.9028557943377817 5.044448447927575 24.0 
210.0 297.0 1.9028557943377817 5.044448447927575 24.0 
210.0 298.0 1.9028557943377817 5.044448447927575 24.0 
210.0 299.0 1.9028557943377817 5.044448447927575 24.0 
210.0 300.0 1.9028557943377817 5.044448447927575 24.0 
210.0 301.0 1.9028557943377817 5.044448447927575 24.0 
210.0 302.0 1.9028557943377817 5.044448447927575 24.0 
211.0 294.0 1.9028557943377817 5.044448447927575 24.0 
211.0 295.0 1.9028557943377817 5.044448447927575 24.0 
211.0 296.0 1.9028557943377817 5.044448447927575 24.0 
211.0 297.0 1.9028557943377817 5.044448447927575 24.0 
211.0 298.0 1.9028557943377817 5.044448447927575 24.0 
211.0 299.0 1.9028557943377817 5.044448447927575 24.0 
212.0 294.0 1.9028557943377817 5.044448447927575 24.0 
212.0 295.0 1.9028557943377817 5.044448447927575 24.0 
212.0 296.0 1.9028557943377817 5.044448447927575 24.0 
212.0 297.0 1.9028557943377817 5.044448447927575 24.0 
202.0 324.0 1.5707963267948966 4.71238898038469 24.0 
202.0 325.0 1.5707963267948966 4.71238898038469 24.0 
202.0 326.0 1.5707963267948966 4.71238898038469 24.0 
202.0 327.0 1.5707963267948966 4.71238898038469 24.0 
202.0 328.0 1.5707963267948966 4.71238898038469 24.0 
202.0 329.0 1.5707963267948966 4.71238898038469 24.0 
202.0 330.0 1.5707963267948966 4.71238898038469 24.0 
202.0 331.0 1.5707963267948966 4.71238898038469 24.0 
202.0 332.0 1.5707963267948966 4.71238898038469 24.0 
202.0 333.0 1.5707963267948966 4.71238898038469 24.0 
202.0 334.0 1.5707963267948966 4.71238898038469 24.0 
202.0 335.0 1.5707963267948966 4.71238898038469 24.0 
202.0 336.0 1.5707963267948966 4.71238898038469 24.0 
202.0 337.0 1.5707963267948966 4.71238898038469 24.0 
202.0 338.0 1.5707963267948966 4.71238898038469 24.0 
202.0 339.0 1.5707963267948966 4.71238898038469 24.0 
202.0 340.0 1.5707963267948966 4.71238898038469 24.0 
202.0 341.0 1.5707963267948966 4.71238898038469 24.0 
202.0 342.0 1.5707963267948966 4.71238898038469 24.0 
202.0 343.0 1.5707963267948966 4.71238898038469 24.0 
202.0 344.0 1.5707963267948966 4.71238898038469 24.0 
202.0 345.0 1.5707963267948966 4.71238898038469 24.0 
202.0 346.0 1.5707963267948966 4.71238898038469 24.0 
202.0 347.0 1.5707963267948966 4.71238898038469 24.0 
203.0 324.0 1.5707963267948966 4.71238898038469 24.0 
203.0 325.0 1.5707963267948966 4.71238898038469 24.0 
203.0 326.0 1.5707963267948966 4.71238898038469 24.0 
203.0 327.0 1.5707963267948966 4.71238898038469 24.0 
203.0 328.0 1.5707963267948966 4.71238898038469 24.0 
203.0 329.0 1.5707963267948966 4.71238898038469 24.0 
203.0 330.0 1.5707963267948966 4.71238898038469 24.0 
203.0 331.0 1.5707963267948966 4.71238898038469 24.0 
203.0 332.0 1.5707963267948966 4.71238898038469 24.0 
203.0 333.0 1.5707963267948966 4.71238898038469 24.0 
203.0 334.0 1.5707963267948966 4.71238898038469 24.0 
203.0 335.0 1.5707963267948966 4.71238898038469 24.0 
203.0 336.0 1.5707963267948966 4.71238898038469 24.0 
203.0 337.0 1.5707963267948966 4.71238898038469 24.0 
203.0 338.0 1.5707963267948966 4.71238898038469 24.0 
203.0 339.0 1.5707963267948966 4.71238898038469 24.0 
203.0 340.0 1.5707963267948966 4.71238898038469 24.0 
203.0 341.0 1.5707963267948966 4.71238898038469 24.0 
203.0 342.0 1.5707963267948966 4.71238898038469 24.0 
203.0 343.0 1.5707963267948966 4.71238898038469 24.0 
203.0 344.0 1.5707963267948966 4.71238898038469 24.0 
203.0 345.0 1.5707963267948966 4.71238898038469 24.0 
203.0 346.0 1.5707963267948966 4.71238898038469 24.0 
203.0 347.0 1.5707963267948966 4.71238898038469 24.0 
202.0 350.0 4.29416465080546 1.1525719972156663 24.0 
202.0 351.0 4.29416465080546 1.1525719972156663 24.0 
202.0 352.0 4.29416465080546 1.1525719972156663 24.0 
203.0 350.0 4.29416465080546 1.1525719972156663 24.0 
203.0 351.0 4.29416465080546 1.1525719972156663 24.0 
203.0 352.0 4.29416465080546 1.1525719972156663 24.0 
203.0 353.0 4.29416465080546 1.1525719972156663 24.0 
203.0 354.0 4.29416465080546 1.1525719972156663 24.0 
204.0 353.0 4.29416465080546 1.1525719972156663 24.0 
204.0 354.0 4.29416465080546 1.1525719972156663 24.0 
204.0 355.0 4.29416465080546 1.1525719972156663 24.0 
204.0 356.0 4.29416465080546 1.1525719972156663 24.0 
205.0 355.0 4.29416465080546 1.1525719972156663 24.0 
205.0 356.0 4.29416465080546 1.1525719972156663 24.0 
205.0 357.0 4.29416465080546 1.1525719972156663 24.0 
205.0 358.0 4.29416465080546 1.1525719972156663 24.0 
205.0 359.0 4.29416465080546 1.1525719972156663 24.0 
206.0 357.0 4.29416465080546 1.1525719972156663 24.0 
206.0 358.0 4.29416465080546 1.1525719972156663 24.0 
206.0 359.0 4.29416465080546 1.1525719972156663 24.0 
206.0 360.0 4.29416465080546 1.1525719972156663 24.0 
206.0 361.0 4.29416465080546 1.1525719972156663 24.0 
207.0 359.0 4.29416465080546 1.1525719972156663 24.0 
207.0 360.0 4.29416465080546 1.1525719972156663 24.0 
207.0 361.0 4.29416465080546 1.1525719972156663 24.0 
207.0 362.0 4.29416465080546 1.1525719972156663 24.0 
207.0 363.0 4.29416465080546 1.1525719972156663 24.0 
208.0 362.0 4.29416465080546 1.1525719972156663 24.0 
208.0 363.0 4.29416465080546 1.1525719972156663 24.0 
208.0 364.0 4.29416465080546 1.1525719972156663 24.0 
208.0 365.0 4.29416465080546 1.1525719972156663 24.0 
209.0 364.0 4.29416465080546 1.1525719972156663 24.0 
209.0 365.0 4.29416465080546 1.1525719972156663 24.0 
209.0 366.0 4.29416465080546 1.1525719972156663 24.0 
209.0 367.0 4.29416465080546 1.1525719972156663 24.0 
209.0 368.0 4.29416465080546 1.1525719972156663 24.0 
210.0 366.0 4.29416465080546 1.1525719972156663 24.0 
210.0 367.0 4.29416465080546 1.1525719972156663 24.0 
210.0 368.0 4.29416465080546 1.1525719972156663 24.0 
210.0 369.0 4.29416465080546 1.1525719972156663 24.0 
210.0 370.0 4.29416465080546 1.1525719972156663 24.0 
211.0 368.0 4.29416465080546 1.1525719972156663 24.0 
211.0 369.0 4.29416465080546 1.1525719972156663 24.0 
211.0 370.0 4.29416465080546 1.1525719972156663 24.0 
211.0 371.0 4.29416465080546 1.1525719972156663 24.0 
211.0 372.0 4.29416465080546 1.1525719972156663 24.0 
212.0 371.0 4.29416465080546 1.1525719972156663 24.0 
212.0 372.0 4.29416465080546 1.1525719972156663 24.0 
212.0 373.0 4.29416465080546 1.1525719972156663 24.0 
212.0 374.0 4.29416465080546 1.1525719972156663 24.0 
213.0 373.0 4.29416465080546 1.1525719972156663 24.0 
213.0 374.0 4.29416465080546 1.1525719972156663 24.0 
213.0 375.0 4.29416465080546 1.1525719972156663 24.0 
213.0 376.0 4.29416465080546 1.1525719972156663 24.0 
213.0 377.0 4.29416465080546 1.1525719972156663 24.0 
214.0 375.0 4.29416465080546 1.1525719972156663 24.0 
214.0 376.0 4.29416465080546 1.1525719972156663 24.0 
220.0 380.0 2.9764439761751667 6.11803662976496 28.0 
221.0 380.0 2.9764439761751667 6.11803662976496 28.0 
221.0 381.0 2.9764439761751667 6.11803662976496 28.0 
222.0 380.0 2.9764439761751667 6.11803662976496 28.0 
222.0 381.0 2.9764439761751667 6.11803662976496 28.0 
223.0 380.0 2.9764439761751667 6.11803662976496 28.0 
223.0 381.0 2.9764439761751667 6.11803662976496 28.0 
224.0 380.0 2.9764439761751667 6.11803662976496 28.0 
224.0 381.0 2.9764439761751667 6.11803662976496 28.0 
225.0 380.0 2.9764439761751667 6.11803662976496 28.0 
225.0 381.0 2.9764439761751667 6.11803662976496 28.0 
226.0 379.0 2.9764439761751667 6.11803662976496 28.0 
226.0 380.0 2.9764439761751667 6.11803662976496 28.0 
226.0 381.0 2.9764439761751667 6.11803662976496 28.0 
227.0 379.0 2.9764439761751667 6.11803662976496 28.0 
227.0 380.0 2.9764439761751667 6.11803662976496 28.0 
228.0 379.0 2.9764439761751667 6.11803662976496 28.0 
228.0 380.0 2.9764439761751667 6.11803662976496 28.0 
229.0 379.0 2.9764439761751667 6.11803662976496 28.0 
229.0 380.0 2.9764439761751667 6.11803662976496 28.0 
230.0 379.0 2.9764439761751667 6.11803662976496 28.0 
230.0 380.0 2.9764439761751667 6.11803662976496 28.0 
231.0 379.0 2.9764439761751667 6.11803662976496 28.0 
231.0 380.0 2.9764439761751667 6.11803662976496 28.0 
232.0 378.0 2.9764439761751667 6.11803662976496 28.0 
232.0 379.0 2.9764439761751667 6.11803662976496 28.0 
232.0 380.0 2.9764439761751667 6.11803662976496 28.0 
233.0 378.0 2.9764439761751667 6.11803662976496 28.0 
233.0 379.0 2.9764439761751667 6.11803662976496 28.0 
234.0 378.0 2.9764439761751667 6.11803662976496 28.0 
234.0 379.0 2.9764439761751667 6.11803662976496 28.0 
235.0 378.0 2.9764439761751667 6.11803662976496 28.0 
235.0 379.0 2.9764439761751667 6.11803662976496 28.0 
236.0 378.0 2.9764439761751667 6.11803662976496 28.0 
236.0 379.0 2.9764439761751667 6.11803662976496 28.0 
237.0 378.0 2.9764439761751667 6.11803662976496 28.0 
237.0 379.0 2.9764439761751667 6.11803662976496 28.0 
238.0 377.0 2.9764439761751667 6.11803662976496 28.0 
238.0 378.0 2.9764439761751667 6.11803662976496 28.0 
238.0 379.0 2.9764439761751667 6.11803662976496 28.0 
239.0 377.0 2.9764439761751667 6.11803662976496 28.0 
239.0 378.0 2.9764439761751667 6.11803662976496 28.0 
240.0 377.0 2.9764439761751667 6.11803662976496 28.0 
240.0 378.0 2.9764439761751667 6.11803662976496 28.0 
241.0 377.0 2.9764439761751667 6.11803662976496 28.0 
241.0 378.0 2.9764439761751667 6.11803662976496 28.0 
242.0 377.0 2.9764439761751667 6.11803662976496 28.0 
242.0 378.0 2.9764439761751667 6.11803662976496 28.0 
243.0 377.0 2.9764439761751667 6.11803662976496 28.0 
243.0 378.0 2.9764439761751667 6.11803662976496 28.0 
244.0 376.0 2.9764439761751667 6.11803662976496 28.0 
244.0 377.0 2.9764439761751667 6.11803662976496 28.0 
244.0 378.0 2.9764439761751667 6.11803662976496 28.0 
245.0 376.0 2.9764439761751667 6.11803662976496 28.0 
245.0 377.0 2.9764439761751667 6.11803662976496 28.0 
246.0 376.0 2.9764439761751667 6.11803662976496 28.0 
246.0 377.0 2.9764439761751667 6.11803662976496 28.0 
247.0 376.0 2.9764439761751667 6.11803662976496 28.0 
247.0 377.0 2.9764439761751667 6.11803662976496 28.0 
248.0 376.0 2.9764439761751667 6.11803662976496 28.0 
248.0 377.0 2.9764439761751667 6.11803662976496 28.0 
249.0 376.0 2.9764439761751667 6.11803662976496 28.0 
249.0 377.0 2.9764439761751667 6.11803662976496 28.0 
250.0 376.0 2.9764439761751667 6.11803662976496 28.0 
250.0 377.0 2.9764439761751667 6.11803662976496 28.0 
255.0 308.0 2.356194490192345 5.497787143782138 32.0 
255.0 309.0 2.356194490192345 5.497787143782138 32.0 
256.0 307.0 2.356194490192345 5.497787143782138 32.0 
256.0 308.0 2.356194490192345 5.497787143782138 32.0 
256.0 309.0 2.356194490192345 5.497787143782138 32.0 
256.0 310.0 2.356194490192345 5.497787143782138 32.0 
257.0 306.0 2.356194490192345 5.497787143782138 32.0 
257.0 307.0 2.356194490192345 5.497787143782138 32.0 
257.0 308.0 2.356194490192345 5.497787143782138 32.0 
257.0 309.0 2.356194490192345 5.497787143782138 32.0 
257.0 310.0 2.356194490192345 5.497787143782138 32.0 
257.0 311.0 2.356194490192345 5.497787143782138 32.0 
258.0 305.0 2.356194490192345 5.497787143782138 32.0 
258.0 306.0 2.356194490192345 5.497787143782138 32.0 
258.0 307.0 2.356194490192345 5.497787143782138 32.0 
258.0 308.0 2.356194490192345 5.497787143782138 32.0 
258.0 309.0 2.356194490192345 5.497787143782138 32.0 
258.0 310.0 2.356194490192345 5.497787143782138 32.0 
258.0 311.0 2.356194490192345 5.497787143782138 32.0 
258.0 312.0 2.356194490192345 5.497787143782138 32.0 
259.0 304.0 2.356194490192345 5.497787143782138 32.0 
259.0 305.0 2.356194490192345 5.497787143782138 32.0 
259.0 306.0 2.356194490192345 5.497787143782138 32.0 
259.0 307.0 2.356194490192345 5.497787143782138 32.0 
259.0 308.0 2.356194490192345 5.497787143782138 32.0 
259.0 309.0 2.356194490192345 5.497787143782138 32.0 
259.0 310.0 2.356194490192345 5.497787143782138 32.0 
259.0 311.0 2.356194490192345 5.497787143782138 32.0 
259.0 312.0 2.356194490192345 5.497787143782138 32.0 
260.0 303.0 2.356194490192345 5.497787143782138 32.0 
260.0 304.0 2.356194490192345 5.497787143782138 32.0 
260.0 305.0 2.356194490192345 5.497787143782138 32.0 
260.0 306.0 2.356194490192345 5.497787143782138 32.0 
260.0 307.0 2.356194490192345 5.497787143782138 32.0 
260.0 308.0 2.356194490192345 5.497787143782138 32.0 
260.0 309.0 2.356194490192345 5.497787143782138 32.0 
260.0 310.0 2.356194490192345 5.497787143782138 32.0 
260.0 311.0 2.356194490192345 5.497787143782138 32.0 
261.0 302.0 2.356194490192345 5.497787143782138 32.0 
261.0 303.0 2.356194490192345 5.497787143782138 32.0 
261.0 304.0 2.356194490192345 5.497787143782138 32.0 
261.0 305.0 2.356194490192345 5.497787143782138 32.0 
261.0 306.0 2.356194490192345 5.497787143782138 32.0 
261.0 307.0 2.356194490192345 5.497787143782138 32.0 
261.0 308.0 2.356194490192345 5.497787143782138 32.0 
261.0 309.0 2.356194490192345 5.497787143782138 32.0 
261.0 310.0 2.356194490192345 5.497787143782138 32.0 
262.0 301.0 2.356194490192345 5.497787143782138 32.0 
262.0 302.0 2.356194490192345 5.497787143782138 32.0 
262.0 303.0 2.356194490192345 5.497787143782138 32.0 
262.0 304.0 2.356194490192345 5.497787143782138 32.0 
262.0 305.0 2.356194490192345 5.497787143782138 32.0 
262.0 306.0 2.356194490192345 5.497787143782138 32.0 
262.0 307.0 2.356194490192345 5.497787143782138 32.0 
262.0 308.0 2.356194490192345 5.497787143782138 32.0 
262.0 309.0 2.356194490192345 5.497787143782138 32.0 
263.0 300.0 2.356194490192345 5.497787143782138 32.0 
263.0 301.0 2.356194490192345 5.497787143782138 32.0 
263.0 302.0 2.356194490192345 5.497787143782138 32.0 
263.0 303.0 2.356194490192345 5.497787143782138 32.0 
263.0 304.0 2.356194490192345 5.497787143782138 32.0 
263.0 305.0 2.356194490192345 5.497787143782138 32.0 
263.0 306.0 2.356194490192345 5.497787143782138 32.0 
263.0 307.0 2.356194490192345 5.497787143782138 32.0 
263.0 308.0 2.356194490192345 5.497787143782138 32.0 
264.0 299.0 2.356194490192345 5.497787143782138 32.0 
264.0 300.0 2.356194490192345 5.497787143782138 32.0 
264.0 301.0 2.356194490192345 5.497787143782138 32.0 
264.0 302.0 2.356194490192345 5.497787143782138 32.0 
264.0 303.0 2.356194490192345 5.497787143782138 32.0 
264.0 304.0 2.356194490192345 5.497787143782138 32.0 
264.0 305.0 2.356194490192345 5.497787143782138 32.0 
264.0 306.0 2.356194490192345 5.497787143782138 32.0 
264.0 307.0 2.356194490192345 5.497787143782138 32.0 
265.0 298.0 2.356194490192345 5.497787143782138 32.0 
265.0 299.0 2.356194490192345 5.497787143782138 32.0 
265.0 300.0 2.356194490192345 5.497787143782138 32.0 
265.0 301.0 2.356194490192345 5.497787143782138 32.0 
265.0 302.0 2.356194490192345 5.497787143782138 32.0 
265.0 303.0 2.356194490192345 5.497787143782138 32.0 
265.0 304.0 2.356194490192345 5.497787143782138 32.0 
265.0 305.0 2.356194490192345 5.497787143782138 32.0 
265.0 306.0 2.356194490192345 5.497787143782138 32.0 
266.0 297.0 2.356194490192345 5.497787143782138 32.0 
266.0 298.0 2.356194490192345 5.497787143782138 32.0 
266.0 299.0 2.356194490192345 5.497787143782138 32.0 
266.0 300.0 2.356194490192345 5.497787143782138 32.0 
266.0 301.0 2.356194490192345 5.497787143782138 32.0 
266.0 302.0 2.356194490192345 5.497787143782138 32.0 
266.0 303.0 2.356194490192345 5.497787143782138 32.0 
266.0 304.0 2.356194490192345 5.497787143782138 32.0 
266.0 305.0 2.356194490192345 5.497787143782138 32.0 
267.0 296.0 2.356194490192345 5.497787143782138 32.0 
267.0 297.0 2.356194490192345 5.497787143782138 32.0 
267.0 298.0 2.356194490192345 5.497787143782138 32.0 
267.0 299.0 2.356194490192345 5.497787143782138 32.0 
267.0 300.0 2.356194490192345 5.497787143782138 32.0 
267.0 301.0 2.356194490192345 5.497787143782138 32.0 
267.0 302.0 2.356194490192345 5.497787143782138 32.0 
267.0 303.0 2.356194490192345 5.497787143782138 32.0 
267.0 304.0 2.356194490192345 5.497787143782138 32.0 
268.0 295.0 2.356194490192345 5.497787143782138 32.0 
268.0 296.0 2.356194490192345 5.497787143782138 32.0 
268.0 297.0 2.356194490192345 5.497787143782138 32.0 
268.0 298.0 2.356194490192345 5.497787143782138 32.0 
268.0 299.0 2.356194490192345 5.497787143782138 32.0 
268.0 300.0 2.356194490192345 5.497787143782138 32.0 
268.0 301.0 2.356194490192345 5.497787143782138 32.0 
268.0 302.0 2.356194490192345 5.497787143782138 32.0 
268.0 303.0 2.356194490192345 5.497787143782138 32.0 
269.0 294.0 2.356194490192345 5.497787143782138 32.0 
269.0 295.0 2.356194490192345 5.497787143782138 32.0 
269.0 296.0 2.356194490192345 5.497787143782138 32.0 
269.0 297.0 2.356194490192345 5.497787143782138 32.0 
269.0 298.0 2.356194490192345 5.497787143782138 32.0 
269.0 299.0 2.356194490192345 5.497787143782138 32.0 
269.0 300.0 2.356194490192345 5.497787143782138 32.0 
269.0 301.0 2.356194490192345 5.497787143782138 32.0 
269.0 302.0 2.356194490192345 5.497787143782138 32.0 
270.0 293.0 2.356194490192345 5.497787143782138 32.0 
270.0 294.0 2.356194490192345 5.497787143782138 32.0 
270.0 295.0 2.356194490192345 5.497787143782138 32.0 
270.0 296.0 2.356194490192345 5.497787143782138 32.0 
270.0 297.0 2.356194490192345 5.497787143782138 32.0 
270.0 298.0 2.356194490192345 5.497787143782138 32.0 
270.0 299.0 2.356194490192345 5.497787143782138 32.0 
270.0 300.0 2.356194490192345 5.497787143782138 32.0 
270.0 301.0 2.356194490192345 5.497787143782138 32.0 
271.0 292.0 2.356194490192345 5.497787143782138 32.0 
271.0 293.0 2.356194490192345 5.497787143782138 32.0 
271.0 294.0 2.356194490192345 5.497787143782138 32.0 
271.0 295.0 2.356194490192345 5.497787143782138 32.0 
271.0 296.0 2.356194490192345 5.497787143782138 32.0 
271.0 297.0 2.356194490192345 5.497787143782138 32.0 
271.0 298.0 2.356194490192345 5.497787143782138 32.0 
271.0 299.0 2.356194490192345 5.497787143782138 32.0 
271.0 300.0 2.356194490192345 5.497787143782138 32.0 
272.0 293.0 2.356194490192345 5.497787143782138 32.0 
272.0 294.0 2.356194490192345 5.497787143782138 32.0 
272.0 295.0 2.356194490192345 5.497787143782138 32.0 
272.0 296.0 2.356194490192345 5.497787143782138 32.0 
272.0 297.0 2.356194490192345 5.497787143782138 32.0 
272.0 298.0 2.356194490192345 5.497787143782138 32.0 
272.0 299.0 2.356194490192345 5.497787143782138 32.0 
273.0 294.0 2.356194490192345 5.497787143782138 32.0 
273.0 295.0 2.356194490192345 5.497787143782138 32.0 
273.0 296.0 2.356194490192345 5.497787143782138 32.0 
273.0 297.0 2.356194490192345 5.497787143782138 32.0 
273.0 298.0 2.356194490192345 5.497787143782138 32.0 
274.0 295.0 2.356194490192345 5.497787143782138 32.0 
274.0 296.0 2.356194490192345 5.497787143782138 32.0 
274.0 297.0 2.356194490192345 5.497787143782138 32.0 
275.0 296.0 2.356194490192345 5.497787143782138 32.0 
278.0 338.0 1.5707963267948966 4.71238898038469 68.0 
278.0 339.0 1.5707963267948966 4.71238898038469 68.0 
278.0 340.0 1.5707963267948966 4.71238898038469 68.0 
278.0 341.0 1.5707963267948966 4.71238898038469 68.0 
278.0 342.0 1.5707963267948966 4.71238898038469 68.0 
278.0 343.0 1.5707963267948966 4.71238898038469 68.0 
278.0 344.0 1.5707963267948966 4.71238898038469 68.0 
278.0 345.0 1.5707963267948966 4.71238898038469 68.0 
278.0 346.0 1.5707963267948966 4.71238898038469 68.0 
278.0 347.0 1.5707963267948966 4.71238898038469 68.0 
278.0 348.0 1.5707963267948966 4.71238898038469 68.0 
278.0 349.0 1.5707963267948966 4.71238898038469 68.0 
278.0 350.0 1.5707963267948966 4.71238898038469 68.0 
278.0 351.0 1.5707963267948966 4.71238898038469 68.0 
278.0 352.0 1.5707963267948966 4.71238898038469 68.0 
278.0 353.0 1.5707963267948966 4.71238898038469 68.0 
278.0 354.0 1.5707963267948966 4.71238898038469 68.0 
278.0 355.0 1.5707963267948966 4.71238898038469 68.0 
278.0 356.0 1.5707963267948966 4.71238898038469 68.0 
278.0 357.0 1.5707963267948966 4.71238898038469 68.0 
278.0 358.0 1.5707963267948966 4.71238898038469 68.0 
278.0 359.0 1.5707963267948966 4.71238898038469 68.0 
279.0 338.0 1.5707963267948966 4.71238898038469 68.0 
279.0 339.0 1.5707963267948966 4.71238898038469 68.0 
279.0 340.0 1.5707963267948966 4.71238898038469 68.0 
279.0 341.0 1.5707963267948966 4.71238898038469 68.0 
279.0 342.0 1.5707963267948966 4.71238898038469 68.0 
279.0 343.0 1.5707963267948966 4.71238898038469 68.0 
279.0 344.0 1.5707963267948966 4.71238898038469 68.0 
279.0 345.0 1.5707963267948966 4.71238898038469 68.0 
279.0 346.0 1.5707963267948966 4.71238898038469 68.0 
279.0 347.0 1.5707963267948966 4.71238898038469 68.0 
279.0 348.0 1.5707963267948966 4.71238898038469 68.0 
279.0 349.0 1.5707963267948966 4.71238898038469 68.0 
279.0 350.0 1.5707963267948966 4.71238898038469 68.0 
279.0 351.0 1.5707963267948966 4.71238898038469 68.0 
279.0 352.0 1.5707963267948966 4.71238898038469 68.0 
279.0 353.0 1.5707963267948966 4.71238898038469 68.0 
279.0 354.0 1.5707963267948966 4.71238898038469 68.0 
279.0 355.0 1.5707963267948966 4.71238898038469 68.0 
279.0 356.0 1.5707963267948966 4.71238898038469 68.0 
279.0 357.0 1.5707963267948966 4.71238898038469 68.0 
279.0 358.0 1.5707963267948966 4.71238898038469 68.0 
279.0 359.0 1.5707963267948966 4.71238898038469 68.0 
280.0 338.0 1.5707963267948966 4.71238898038469 68.0 
280.0 339.0 1.5707963267948966 4.71238898038469 68.0 
280.0 340.0 1.5707963267948966 4.71238898038469 68.0 
280.0 341.0 1.5707963267948966 4.71238898038469 68.0 
280.0 342.0 1.5707963267948966 4.71238898038469 68.0 
280.0 343.0 1.5707963267948966 4.71238898038469 68.0 
280.0 344.0 1.5707963267948966 4.71238898038469 68.0 
280.0 345.0 1.5707963267948966 4.71238898038469 68.0 
280.0 346.0 1.5707963267948966 4.71238898038469 68.0 
280.0 347.0 1.5707963267948966 4.71238898038469 68.0 
280.0 348.0 1.5707963267948966 4.71238898038469 68.0 
280.0 349.0 1.5707963267948966 4.71238898038469 68.0 
280.0 350.0 1.5707963267948966 4.71238898038469 68.0 
280.0 351.0 1.5707963267948966 4.71238898038469 68.0 
280.0 352.0 1.5707963267948966 4.71238898038469 68.0 
280.0 353.0 1.5707963267948966 4.71238898038469 68.0 
280.0 354.0 1.5707963267948966 4.71238898038469 68.0 
280.0 355.0 1.5707963267948966 4.71238898038469 68.0 
280.0 356.0 1.5707963267948966 4.71238898038469 68.0 
280.0 357.0 1.5707963267948966 4.71238898038469 68.0 
280.0 358.0 1.5707963267948966 4.71238898038469 68.0 
280.0 359.0 1.5707963267948966 4.71238898038469 68.0 
281.0 338.0 1.5707963267948966 4.71238898038469 68.0 
281.0 339.0 1.5707963267948966 4.71238898038469 68.0 
281.0 340.0 1.5707963267948966 4.71238898038469 68.0 
281.0 341.0 1.5707963267948966 4.71238898038469 68.0 
281.0 342.0 1.5707963267948966 4.71238898038469 68.0 
281.0 343.0 1.5707963267948966 4.71238898038469 68.0 
281.0 344.0 1.5707963267948966 4.71238898038469 68.0 
281.0 345.0 1.5707963267948966 4.71238898038469 68.0 
281.0 346.0 1.5707963267948966 4.71238898038469 68.0 
281.0 347.0 1.5707963267948966 4.71238898038469 68.0 
281.0 348.0 1.5707963267948966 4.71238898038469 68.0 
281.0 349.0 1.5707963267948966 4.71238898038469 68.0 
281.0 350.0 1.5707963267948966 4.71238898038469 68.0 
281.0 351.0 1.5707963267948966 4.71238898038469 68.0 
281.0 352.0 1.5707963267948966 4.71238898038469 68.0 
281.0 353.0 1.5707963267948966 4.71238898038469 68.0 
281.0 354.0 1.5707963267948966 4.71238898038469 68.0 
281.0 355.0 1.5707963267948966 4.71238898038469 68.0 
281.0 356.0 1.5707963267948966 4.71238898038469 68.0 
281.0 357.0 1.5707963267948966 4.71238898038469 68.0 
281.0 358.0 1.5707963267948966 4.71238898038469 68.0 
281.0 359.0 1.5707963267948966 4.71238898038469 68.0 
282.0 338.0 1.5707963267948966 4.71238898038469 68.0 
282.0 339.0 1.5707963267948966 4.71238898038469 68.0 
282.0 340.0 1.5707963267948966 4.71238898038469 68.0 
282.0 341.0 1.5707963267948966 4.71238898038469 68.0 
282.0 342.0 1.5707963267948966 4.71238898038469 68.0 
282.0 343.0 1.5707963267948966 4.71238898038469 68.0 
282.0 344.0 1.5707963267948966 4.71238898038469 68.0 
282.0 345.0 1.5707963267948966 4.71238898038469 68.0 
282.0 346.0 1.5707963267948966 4.71238898038469 68.0 
282.0 347.0 1.5707963267948966 4.71238898038469 68.0 
282.0 348.0 1.5707963267948966 4.71238898038469 68.0 
282.0 349.0 1.5707963267948966 4.71238898038469 68.0 
282.0 350.0 1.5707963267948966 4.71238898038469 68.0 
282.0 351.0 1.5707963267948966 4.71238898038469 68.0 
282.0 352.0 1.5707963267948966 4.71238898038469 68.0 
282.0 353.0 1.5707963267948966 4.71238898038469 68.0 
282.0 354.0 1.5707963267948966 4.71238898038469 68.0 
282.0 355.0 1.5707963267948966 4.71238898038469 68.0 
282.0 356.0 1.5707963267948966 4.71238898038469 68.0 
282.0 357.0 1.5707963267948966 4.71238898038469 68.0 
282.0 358.0 1.5707963267948966 4.71238898038469 68.0 
282.0 359.0 1.5707963267948966 4.71238898038469 68.0 
283.0 338.0 1.5707963267948966 4.71238898038469 68.0 
283.0 339.0 1.5707963267948966 4.71238898038469 68.0 
283.0 340.0 1.5707963267948966 4.71238898038469 68.0 
283.0 341.0 1.5707963267948966 4.71238898038469 68.0 
283.0 342.0 1.5707963267948966 4.71238898038469 68.0 
283.0 343.0 1.5707963267948966 4.71238898038469 68.0 
283.0 344.0 1.5707963267948966 4.71238898038469 68.0 
283.0 345.0 1.5707963267948966 4.71238898038469 68.0 
283.0 346.0 1.5707963267948966 4.71238898038469 68.0 
283.0 347.0 1.5707963267948966 4.71238898038469 68.0 
283.0 348.0 1.5707963267948966 4.71238898038469 68.0 
283.0 349.0 1.5707963267948966 4.71238898038469 68.0 
283.0 350.0 1.5707963267948966 4.71238898038469 68.0 
283.0 351.0 1.5707963267948966 4.71238898038469 68.0 
283.0 352.0 1.5707963267948966 4.71238898038469 68.0 
283.0 353.0 1.5707963267948966 4.71238898038469 68.0 
283.0 354.0 1.5707963267948966 4.71238898038469 68.0 
283.0 355.0 1.5707963267948966 4.71238898038469 68.0 
283.0 356.0 1.5707963267948966 4.71238898038469 68.0 
283.0 357.0 1.5707963267948966 4.71238898038469 68.0 
283.0 358.0 1.5707963267948966 4.71238898038469 68.0 
283.0 359.0 1.5707963267948966 4.71238898038469 68.0 
