289.0 277.0 2.939830309269507 6.0814229628593 52.0 
289.0 278.0 2.939830309269507 6.0814229628593 52.0 
289.0 279.0 2.939830309269507 6.0814229628593 52.0 
290.0 277.0 2.939830309269507 6.0814229628593 52.0 
290.0 278.0 2.939830309269507 6.0814229628593 52.0 
290.0 279.0 2.939830309269507 6.0814229628593 52.0 
290.0 280.0 2.939830309269507 6.0814229628593 52.0 
290.0 281.0 2.939830309269507 6.0814229628593 52.0 
290.0 282.0 2.939830309269507 6.0814229628593 52.0 
291.0 277.0 2.939830309269507 6.0814229628593 52.0 
291.0 278.0 2.939830309269507 6.0814229628593 52.0 
291.0 279.0 2.939830309269507 6.0814229628593 52.0 
291.0 280.0 2.939830309269507 6.0814229628593 52.0 
291.0 281.0 2.939830309269507 6.0814229628593 52.0 
291.0 282.0 2.939830309269507 6.0814229628593 52.0 
292.0 277.0 2.939830309269507 6.0814229628593 52.0 
292.0 278.0 2.939830309269507 6.0814229628593 52.0 
292.0 279.0 2.939830309269507 6.0814229628593 52.0 
292.0 280.0 2.939830309269507 6.0814229628593 52.0 
292.0 281.0 2.939830309269507 6.0814229628593 52.0 
292.0 282.0 2.939830309269507 6.0814229628593 52.0 
293.0 277.0 2.939830309269507 6.0814229628593 52.0 
293.0 278.0 2.939830309269507 6.0814229628593 52.0 
293.0 279.0 2.939830309269507 6.0814229628593 52.0 
293.0 280.0 2.939830309269507 6.0814229628593 52.0 
293.0 281.0 2.939830309269507 6.0814229628593 52.0 
293.0 282.0 2.939830309269507 6.0814229628593 52.0 
294.0 276.0 2.939830309269507 6.0814229628593 52.0 
294.0 277.0 2.939830309269507 6.0814229628593 52.0 
294.0 278.0 2.939830309269507 6.0814229628593 52.0 
294.0 279.0 2.939830309269507 6.0814229628593 52.0 
294.0 280.0 2.939830309269507 6.0814229628593 52.0 
294.0 281.0 2.939830309269507 6.0814229628593 52.0 
294.0 282.0 2.939830309269507 6.0814229628593 52.0 
295.0 276.0 2.939830309269507 6.0814229628593 52.0 
295.0 277.0 2.939830309269507 6.0814229628593 52.0 
295.0 278.0 2.939830309269507 6.0814229628593 52.0 
295.0 279.0 2.939830309269507 6.0814229628593 52.0 
295.0 280.0 2.939830309269507 6.0814229628593 52.0 
295.0 281.0 2.939830309269507 6.0814229628593 52.0 
296.0 276.0 2.939830309269507 6.0814229628593 52.0 
296.0 277.0 2.939830309269507 6.0814229628593 52.0 
296.0 278.0 2.939830309269507 6.0814229628593 52.0 
296.0 279.0 2.939830309269507 6.0814229628593 52.0 
296.0 280.0 2.939830309269507 6.0814229628593 52.0 
296.0 281.0 2.939830309269507 6.0814229628593 52.0 
297.0 276.0 2.939830309269507 6.0814229628593 52.0 
297.0 277.0 2.939830309269507 6.0814229628593 52.0 
297.0 278.0 2.939830309269507 6.0814229628593 52.0 
297.0 279.0 2.939830309269507 6.0814229628593 52.0 
297.0 280.0 2.939830309269507 6.0814229628593 52.0 
297.0 281.0 2.939830309269507 6.0814229628593 52.0 
298.0 276.0 2.939830309269507 6.0814229628593 52.0 
298.0 277.0 2.939830309269507 6.0814229628593 52.0 
298.0 278.0 2.939830309269507 6.0814229628593 52.0 
298.0 279.0 2.939830309269507 6.0814229628593 52.0 
298.0 280.0 2.939830309269507 6.0814229628593 52.0 
298.0 281.0 2.939830309269507 6.0814229628593 52.0 
299.0 275.0 2.939830309269507 6.0814229628593 52.0 
299.0 276.0 2.939830309269507 6.0814229628593 52.0 
299.0 277.0 2.939830309269507 6.0814229628593 52.0 
299.0 278.0 2.939830309269507 6.0814229628593 52.0 
299.0 279.0 2.939830309269507 6.0814229628593 52.0 
299.0 280.0 2.939830309269507 6.0814229628593 52.0 
299.0 281.0 2.939830309269507 6.0814229628593 52.0 
300.0 275.0 2.939830309269507 6.0814229628593 52.0 
300.0 276.0 2.939830309269507 6.0814229628593 52.0 
300.0 277.0 2.939830309269507 6.0814229628593 52.0 
300.0 278.0 2.939830309269507 6.0814229628593 52.0 
300.0 279.0 2.939830309269507 6.0814229628593 52.0 
300.0 280.0 2.939830309269507 6.0814229628593 52.0 
301.0 275.0 2.939830309269507 6.0814229628593 52.0 
301.0 276.0 2.939830309269507 6.0814229628593 52.0 
301.0 277.0 2.939830309269507 6.0814229628593 52.0 
301.0 278.0 2.939830309269507 6.0814229628593 52.0 
301.0 279.0 2.939830309269507 6.0814229628593 52.0 
301.0 280.0 2.939830309269507 6.0814229628593 52.0 
302.0 275.0 2.939830309269507 6.0814229628593 52.0 
302.0 276.0 2.939830309269507 6.0814229628593 52.0 
302.0 277.0 2.939830309269507 6.0814229628593 52.0 
302.0 278.0 2.939830309269507 6.0814229628593 52.0 
302.0 279.0 2.939830309269507 6.0814229628593 52.0 
302.0 280.0 2.939830309269507 6.0814229628593 52.0 
303.0 275.0 2.939830309269507 6.0814229628593 52.0 
303.0 276.0 2.939830309269507 6.0814229628593 52.0 
303.0 277.0 2.939830309269507 6.0814229628593 52.0 
303.0 278.0 2.939830309269507 6.0814229628593 52.0 
303.0 279.0 2.939830309269507 6.0814229628593 52.0 
303.0 280.0 2.939830309269507 6.0814229628593 52.0 
304.0 274.0 2.939830309269507 6.0814229628593 52.0 
304.0 275.0 2.939830309269507 6.0814229628593 52.0 
304.0 276.0 2.939830309269507 6.0814229628593 52.0 
304.0 277.0 2.939830309269507 6.0814229628593 52.0 
304.0 278.0 2.939830309269507 6.0814229628593 52.0 
304.0 279.0 2.939830309269507 6.0814229628593 52.0 
305.0 274.0 2.939830309269507 6.0814229628593 52.0 
305.0 275.0 2.939830309269507 6.0814229628593 52.0 
305.0 276.0 2.939830309269507 6.0814229628593 52.0 
305.0 277.0 2.939830309269507 6.0814229628593 52.0 
305.0 278.0 2.939830309269507 6.0814229628593 52.0 
305.0 279.0 2.939830309269507 6.0814229628593 52.0 
306.0 274.0 2.939830309269507 6.0814229628593 52.0 
306.0 275.0 2.939830309269507 6.0814229628593 52.0 
306.0 276.0 2.939830309269507 6.0814229628593 52.0 
306.0 277.0 2.939830309269507 6.0814229628593 52.0 
306.0 278.0 2.939830309269507 6.0814229628593 52.0 
306.0 279.0 2.939830309269507 6.0814229628593 52.0 
307.0 274.0 2.939830309269507 6.0814229628593 52.0 
307.0 275.0 2.939830309269507 6.0814229628593 52.0 
307.0 276.0 2.939830309269507 6.0814229628593 52.0 
307.0 277.0 2.939830309269507 6.0814229628593 52.0 
307.0 278.0 2.939830309269507 6.0814229628593 52.0 
307.0 279.0 2.939830309269507 6.0814229628593 52.0 
308.0 274.0 2.939830309269507 6.0814229628593 52.0 
308.0 275.0 2.939830309269507 6.0814229628593 52.0 
308.0 276.0 2.939830309269507 6.0814229628593 52.0 
308.0 277.0 2.939830309269507 6.0814229628593 52.0 
308.0 278.0 2.939830309269507 6.0814229628593 52.0 
308.0 279.0 2.939830309269507 6.0814229628593 52.0 
309.0 273.0 2.939830309269507 6.0814229628593 52.0 
309.0 274.0 2.939830309269507 6.0814229628593 52.0 
309.0 275.0 2.939830309269507 6.0814229628593 52.0 
309.0 276.0 2.939830309269507 6.0814229628593 52.0 
309.0 277.0 2.939830309269507 6.0814229628593 52.0 
309.0 278.0 2.939830309269507 6.0814229628593 52.0 
310.0 273.0 2.939830309269507 6.0814229628593 52.0 
310.0 274.0 2.939830309269507 6.0814229628593 52.0 
310.0 275.0 2.939830309269507 6.0814229628593 52.0 
310.0 276.0 2.939830309269507 6.0814229628593 52.0 
310.0 277.0 2.939830309269507 6.0814229628593 52.0 
310.0 278.0 2.939830309269507 6.0814229628593 52.0 
311.0 273.0 2.939830309269507 6.0814229628593 52.0 
311.0 274.0 2.939830309269507 6.0814229628593 52.0 
311.0 275.0 2.939830309269507 6.0814229628593 52.0 
311.0 276.0 2.939830309269507 6.0814229628593 52.0 
311.0 277.0 2.939830309269507 6.0814229628593 52.0 
311.0 278.0 2.939830309269507 6.0814229628593 52.0 
312.0 273.0 2.939830309269507 6.0814229628593 52.0 
312.0 274.0 2.939830309269507 6.0814229628593 52.0 
312.0 275.0 2.939830309269507 6.0814229628593 52.0 
312.0 276.0 2.939830309269507 6.0814229628593 52.0 
312.0 277.0 2.939830309269507 6.0814229628593 52.0 
312.0 278.0 2.939830309269507 6.0814229628593 52.0 
313.0 273.0 2.939830309269507 6.0814229628593 52.0 
313.0 274.0 2.939830309269507 6.0814229628593 52.0 
313.0 275.0 2.939830309269507 6.0814229628593 52.0 
313.0 276.0 2.939830309269507 6.0814229628593 52.0 
313.0 277.0 2.939830309269507 6.0814229628593 52.0 
313.0 278.0 2.939830309269507 6.0814229628593 52.0 
314.0 272.0 2.939830309269507 6.0814229628593 52.0 
314.0 273.0 2.939830309269507 6.0814229628593 52.0 
314.0 274.0 2.939830309269507 6.0814229628593 52.0 
314.0 275.0 2.939830309269507 6.0814229628593 52.0 
314.0 276.0 2.939830309269507 6.0814229628593 52.0 
314.0 277.0 2.939830309269507 6.0814229628593 52.0 
315.0 272.0 2.939830309269507 6.0814229628593 52.0 
315.0 273.0 2.939830309269507 6.0814229628593 52.0 
315.0 274.0 2.939830309269507 6.0814229628593 52.0 
315.0 275.0 2.939830309269507 6.0814229628593 52.0 
315.0 276.0 2.939830309269507 6.0814229628593 52.0 
315.0 277.0 2.939830309269507 6.0814229628593 52.0 
316.0 272.0 2.939830309269507 6.0814229628593 52.0 
316.0 273.0 2.939830309269507 6.0814229628593 52.0 
316.0 274.0 2.939830309269507 6.0814229628593 52.0 
316.0 275.0 2.939830309269507 6.0814229628593 52.0 
316.0 276.0 2.939830309269507 6.0814229628593 52.0 
316.0 277.0 2.939830309269507 6.0814229628593 52.0 
317.0 272.0 2.939830309269507 6.0814229628593 52.0 
317.0 273.0 2.939830309269507 6.0814229628593 52.0 
317.0 274.0 2.939830309269507 6.0814229628593 52.0 
317.0 275.0 2.939830309269507 6.0814229628593 52.0 
317.0 276.0 2.939830309269507 6.0814229628593 52.0 
317.0 277.0 2.939830309269507 6.0814229628593 52.0 
318.0 272.0 2.939830309269507 6.0814229628593 52.0 
318.0 273.0 2.939830309269507 6.0814229628593 52.0 
318.0 274.0 2.939830309269507 6.0814229628593 52.0 
318.0 275.0 2.939830309269507 6.0814229628593 52.0 
318.0 276.0 2.939830309269507 6.0814229628593 52.0 
318.0 277.0 2.939830309269507 6.0814229628593 52.0 
319.0 271.0 2.939830309269507 6.0814229628593 52.0 
319.0 272.0 2.939830309269507 6.0814229628593 52.0 
319.0 273.0 2.939830309269507 6.0814229628593 52.0 
319.0 274.0 2.939830309269507 6.0814229628593 52.0 
319.0 275.0 2.939830309269507 6.0814229628593 52.0 
319.0 276.0 2.939830309269507 6.0814229628593 52.0 
320.0 271.0 2.939830309269507 6.0814229628593 52.0 
320.0 272.0 2.939830309269507 6.0814229628593 52.0 
320.0 273.0 2.939830309269507 6.0814229628593 52.0 
320.0 274.0 2.939830309269507 6.0814229628593 52.0 
320.0 275.0 2.939830309269507 6.0814229628593 52.0 
320.0 276.0 2.939830309269507 6.0814229628593 52.0 
321.0 271.0 2.939830309269507 6.0814229628593 52.0 
321.0 272.0 2.939830309269507 6.0814229628593 52.0 
321.0 273.0 2.939830309269507 6.0814229628593 52.0 
321.0 274.0 2.939830309269507 6.0814229628593 52.0 
321.0 275.0 2.939830309269507 6.0814229628593 52.0 
321.0 276.0 2.939830309269507 6.0814229628593 52.0 
322.0 271.0 2.939830309269507 6.0814229628593 52.0 
322.0 272.0 2.939830309269507 6.0814229628593 52.0 
322.0 273.0 2.939830309269507 6.0814229628593 52.0 
322.0 274.0 2.939830309269507 6.0814229628593 52.0 
322.0 275.0 2.939830309269507 6.0814229628593 52.0 
322.0 276.0 2.939830309269507 6.0814229628593 52.0 
323.0 270.0 2.939830309269507 6.0814229628593 52.0 
323.0 271.0 2.939830309269507 6.0814229628593 52.0 
323.0 272.0 2.939830309269507 6.0814229628593 52.0 
323.0 273.0 2.939830309269507 6.0814229628593 52.0 
323.0 274.0 2.939830309269507 6.0814229628593 52.0 
323.0 275.0 2.939830309269507 6.0814229628593 52.0 
323.0 276.0 2.939830309269507 6.0814229628593 52.0 
324.0 270.0 2.939830309269507 6.0814229628593 52.0 
324.0 271.0 2.939830309269507 6.0814229628593 52.0 
324.0 272.0 2.939830309269507 6.0814229628593 52.0 
324.0 273.0 2.939830309269507 6.0814229628593 52.0 
324.0 274.0 2.939830309269507 6.0814229628593 52.0 
324.0 275.0 2.939830309269507 6.0814229628593 52.0 
325.0 270.0 2.939830309269507 6.0814229628593 52.0 
325.0 271.0 2.939830309269507 6.0814229628593 52.0 
325.0 272.0 2.939830309269507 6.0814229628593 52.0 
325.0 273.0 2.939830309269507 6.0814229628593 52.0 
325.0 274.0 2.939830309269507 6.0814229628593 52.0 
325.0 275.0 2.939830309269507 6.0814229628593 52.0 
326.0 270.0 2.939830309269507 6.0814229628593 52.0 
326.0 271.0 2.939830309269507 6.0814229628593 52.0 
326.0 272.0 2.939830309269507 6.0814229628593 52.0 
326.0 273.0 2.939830309269507 6.0814229628593 52.0 
326.0 274.0 2.939830309269507 6.0814229628593 52.0 
326.0 275.0 2.939830309269507 6.0814229628593 52.0 
327.0 270.0 2.939830309269507 6.0814229628593 52.0 
327.0 271.0 2.939830309269507 6.0814229628593 52.0 
327.0 272.0 2.939830309269507 6.0814229628593 52.0 
327.0 273.0 2.939830309269507 6.0814229628593 52.0 
327.0 274.0 2.939830309269507 6.0814229628593 52.0 
327.0 275.0 2.939830309269507 6.0814229628593 52.0 
328.0 269.0 2.939830309269507 6.0814229628593 52.0 
328.0 270.0 2.939830309269507 6.0814229628593 52.0 
328.0 271.0 2.939830309269507 6.0814229628593 52.0 
328.0 272.0 2.939830309269507 6.0814229628593 52.0 
328.0 273.0 2.939830309269507 6.0814229628593 52.0 
328.0 274.0 2.939830309269507 6.0814229628593 52.0 
328.0 275.0 2.939830309269507 6.0814229628593 52.0 
329.0 269.0 2.939830309269507 6.0814229628593 52.0 
329.0 270.0 2.939830309269507 6.0814229628593 52.0 
329.0 271.0 2.939830309269507 6.0814229628593 52.0 
329.0 272.0 2.939830309269507 6.0814229628593 52.0 
329.0 273.0 2.939830309269507 6.0814229628593 52.0 
329.0 274.0 2.939830309269507 6.0814229628593 52.0 
330.0 269.0 2.939830309269507 6.0814229628593 52.0 
330.0 270.0 2.939830309269507 6.0814229628593 52.0 
330.0 271.0 2.939830309269507 6.0814229628593 52.0 
330.0 272.0 2.939830309269507 6.0814229628593 52.0 
330.0 273.0 2.939830309269507 6.0814229628593 52.0 
330.0 274.0 2.939830309269507 6.0814229628593 52.0 
331.0 269.0 2.939830309269507 6.0814229628593 52.0 
331.0 270.0 2.939830309269507 6.0814229628593 52.0 
331.0 271.0 2.939830309269507 6.0814229628593 52.0 
331.0 272.0 2.939830309269507 6.0814229628593 52.0 
331.0 273.0 2.939830309269507 6.0814229628593 52.0 
331.0 274.0 2.939830309269507 6.0814229628593 52.0 
332.0 269.0 2.939830309269507 6.0814229628593 52.0 
332.0 270.0 2.939830309269507 6.0814229628593 52.0 
332.0 271.0 2.939830309269507 6.0814229628593 52.0 
332.0 272.0 2.939830309269507 6.0814229628593 52.0 
332.0 273.0 2.939830309269507 6.0814229628593 52.0 
332.0 274.0 2.939830309269507 6.0814229628593 52.0 
333.0 271.0 2.939830309269507 6.0814229628593 52.0 
333.0 272.0 2.939830309269507 6.0814229628593 52.0 
333.0 273.0 2.939830309269507 6.0814229628593 52.0 
333.0 274.0 2.939830309269507 6.0814229628593 52.0 
