314.0 318.0 3.8414855233090366 0.6998928697192435 28.0 
314.0 319.0 3.8414855233090366 0.6998928697192435 28.0 
315.0 318.0 3.8414855233090366 0.6998928697192435 28.0 
315.0 319.0 3.8414855233090366 0.6998928697192435 28.0 
315.0 320.0 3.8414855233090366 0.6998928697192435 28.0 
316.0 319.0 3.8414855233090366 0.6998928697192435 28.0 
316.0 320.0 3.8414855233090366 0.6998928697192435 28.0 
317.0 320.0 3.8414855233090366 0.6998928697192435 28.0 
317.0 321.0 3.8414855233090366 0.6998928697192435 28.0 
318.0 321.0 3.8414855233090366 0.6998928697192435 28.0 
318.0 322.0 3.8414855233090366 0.6998928697192435 28.0 
319.0 321.0 3.8414855233090366 0.6998928697192435 28.0 
319.0 322.0 3.8414855233090366 0.6998928697192435 28.0 
319.0 323.0 3.8414855233090366 0.6998928697192435 28.0 
320.0 322.0 3.8414855233090366 0.6998928697192435 28.0 
320.0 323.0 3.8414855233090366 0.6998928697192435 28.0 
320.0 324.0 3.8414855233090366 0.6998928697192435 28.0 
321.0 323.0 3.8414855233090366 0.6998928697192435 28.0 
321.0 324.0 3.8414855233090366 0.6998928697192435 28.0 
321.0 325.0 3.8414855233090366 0.6998928697192435 28.0 
322.0 324.0 3.8414855233090366 0.6998928697192435 28.0 
322.0 325.0 3.8414855233090366 0.6998928697192435 28.0 
322.0 326.0 3.8414855233090366 0.6998928697192435 28.0 
323.0 325.0 3.8414855233090366 0.6998928697192435 28.0 
323.0 326.0 3.8414855233090366 0.6998928697192435 28.0 
324.0 326.0 3.8414855233090366 0.6998928697192435 28.0 
324.0 327.0 3.8414855233090366 0.6998928697192435 28.0 
325.0 326.0 3.8414855233090366 0.6998928697192435 28.0 
325.0 327.0 3.8414855233090366 0.6998928697192435 28.0 
325.0 328.0 3.8414855233090366 0.6998928697192435 28.0 
326.0 327.0 3.8414855233090366 0.6998928697192435 28.0 
326.0 328.0 3.8414855233090366 0.6998928697192435 28.0 
326.0 329.0 3.8414855233090366 0.6998928697192435 28.0 
327.0 328.0 3.8414855233090366 0.6998928697192435 28.0 
327.0 329.0 3.8414855233090366 0.6998928697192435 28.0 
327.0 330.0 3.8414855233090366 0.6998928697192435 28.0 
328.0 329.0 3.8414855233090366 0.6998928697192435 28.0 
328.0 330.0 3.8414855233090366 0.6998928697192435 28.0 
328.0 331.0 3.8414855233090366 0.6998928697192435 28.0 
329.0 330.0 3.8414855233090366 0.6998928697192435 28.0 
329.0 331.0 3.8414855233090366 0.6998928697192435 28.0 
330.0 331.0 3.8414855233090366 0.6998928697192435 28.0 
330.0 332.0 3.8414855233090366 0.6998928697192435 28.0 
331.0 332.0 3.8414855233090366 0.6998928697192435 28.0 
331.0 333.0 3.8414855233090366 0.6998928697192435 28.0 
332.0 332.0 3.8414855233090366 0.6998928697192435 28.0 
332.0 333.0 3.8414855233090366 0.6998928697192435 28.0 
332.0 334.0 3.8414855233090366 0.6998928697192435 28.0 
333.0 333.0 3.8414855233090366 0.6998928697192435 28.0 
332.0 333.0 4.178680788745428 1.037088135155635 28.0 
332.0 334.0 4.178680788745428 1.037088135155635 28.0 
333.0 333.0 4.178680788745428 1.037088135155635 28.0 
333.0 334.0 4.178680788745428 1.037088135155635 28.0 
333.0 335.0 4.178680788745428 1.037088135155635 28.0 
333.0 336.0 4.178680788745428 1.037088135155635 28.0 
334.0 335.0 4.178680788745428 1.037088135155635 28.0 
334.0 336.0 4.178680788745428 1.037088135155635 28.0 
334.0 337.0 4.178680788745428 1.037088135155635 28.0 
334.0 338.0 4.178680788745428 1.037088135155635 28.0 
335.0 337.0 4.178680788745428 1.037088135155635 28.0 
335.0 338.0 4.178680788745428 1.037088135155635 28.0 
335.0 339.0 4.178680788745428 1.037088135155635 28.0 
335.0 340.0 4.178680788745428 1.037088135155635 28.0 
336.0 338.0 4.178680788745428 1.037088135155635 28.0 
336.0 339.0 4.178680788745428 1.037088135155635 28.0 
336.0 340.0 4.178680788745428 1.037088135155635 28.0 
336.0 341.0 4.178680788745428 1.037088135155635 28.0 
337.0 340.0 4.178680788745428 1.037088135155635 28.0 
337.0 341.0 4.178680788745428 1.037088135155635 28.0 
337.0 342.0 4.178680788745428 1.037088135155635 28.0 
337.0 343.0 4.178680788745428 1.037088135155635 28.0 
338.0 342.0 4.178680788745428 1.037088135155635 28.0 
338.0 343.0 4.178680788745428 1.037088135155635 28.0 
338.0 344.0 4.178680788745428 1.037088135155635 28.0 
338.0 345.0 4.178680788745428 1.037088135155635 28.0 
339.0 343.0 4.178680788745428 1.037088135155635 28.0 
339.0 344.0 4.178680788745428 1.037088135155635 28.0 
339.0 345.0 4.178680788745428 1.037088135155635 28.0 
339.0 346.0 4.178680788745428 1.037088135155635 28.0 
340.0 345.0 4.178680788745428 1.037088135155635 28.0 
340.0 346.0 4.178680788745428 1.037088135155635 28.0 
340.0 347.0 4.178680788745428 1.037088135155635 28.0 
340.0 348.0 4.178680788745428 1.037088135155635 28.0 
341.0 347.0 4.178680788745428 1.037088135155635 28.0 
341.0 348.0 4.178680788745428 1.037088135155635 28.0 
341.0 349.0 4.178680788745428 1.037088135155635 28.0 
341.0 350.0 4.178680788745428 1.037088135155635 28.0 
342.0 348.0 4.178680788745428 1.037088135155635 28.0 
342.0 349.0 4.178680788745428 1.037088135155635 28.0 
342.0 350.0 4.178680788745428 1.037088135155635 28.0 
342.0 351.0 4.178680788745428 1.037088135155635 28.0 
343.0 350.0 4.178680788745428 1.037088135155635 28.0 
343.0 351.0 4.178680788745428 1.037088135155635 28.0 
343.0 352.0 4.178680788745428 1.037088135155635 28.0 
343.0 353.0 4.178680788745428 1.037088135155635 28.0 
344.0 352.0 4.178680788745428 1.037088135155635 28.0 
344.0 353.0 4.178680788745428 1.037088135155635 28.0 
344.0 354.0 4.178680788745428 1.037088135155635 28.0 
344.0 355.0 4.178680788745428 1.037088135155635 28.0 
345.0 354.0 4.178680788745428 1.037088135155635 28.0 
304.0 285.0 4.4903070784792085 1.3487144248894158 24.0 
304.0 286.0 4.4903070784792085 1.3487144248894158 24.0 
304.0 287.0 4.4903070784792085 1.3487144248894158 24.0 
304.0 288.0 4.4903070784792085 1.3487144248894158 24.0 
304.0 289.0 4.4903070784792085 1.3487144248894158 24.0 
305.0 285.0 4.4903070784792085 1.3487144248894158 24.0 
305.0 286.0 4.4903070784792085 1.3487144248894158 24.0 
305.0 287.0 4.4903070784792085 1.3487144248894158 24.0 
305.0 288.0 4.4903070784792085 1.3487144248894158 24.0 
305.0 289.0 4.4903070784792085 1.3487144248894158 24.0 
305.0 290.0 4.4903070784792085 1.3487144248894158 24.0 
305.0 291.0 4.4903070784792085 1.3487144248894158 24.0 
305.0 292.0 4.4903070784792085 1.3487144248894158 24.0 
305.0 293.0 4.4903070784792085 1.3487144248894158 24.0 
306.0 290.0 4.4903070784792085 1.3487144248894158 24.0 
306.0 291.0 4.4903070784792085 1.3487144248894158 24.0 
306.0 292.0 4.4903070784792085 1.3487144248894158 24.0 
306.0 293.0 4.4903070784792085 1.3487144248894158 24.0 
306.0 294.0 4.4903070784792085 1.3487144248894158 24.0 
306.0 295.0 4.4903070784792085 1.3487144248894158 24.0 
306.0 296.0 4.4903070784792085 1.3487144248894158 24.0 
306.0 297.0 4.4903070784792085 1.3487144248894158 24.0 
306.0 298.0 4.4903070784792085 1.3487144248894158 24.0 
307.0 294.0 4.4903070784792085 1.3487144248894158 24.0 
307.0 295.0 4.4903070784792085 1.3487144248894158 24.0 
307.0 296.0 4.4903070784792085 1.3487144248894158 24.0 
307.0 297.0 4.4903070784792085 1.3487144248894158 24.0 
307.0 298.0 4.4903070784792085 1.3487144248894158 24.0 
307.0 299.0 4.4903070784792085 1.3487144248894158 24.0 
307.0 300.0 4.4903070784792085 1.3487144248894158 24.0 
307.0 301.0 4.4903070784792085 1.3487144248894158 24.0 
307.0 302.0 4.4903070784792085 1.3487144248894158 24.0 
308.0 299.0 4.4903070784792085 1.3487144248894158 24.0 
308.0 300.0 4.4903070784792085 1.3487144248894158 24.0 
308.0 301.0 4.4903070784792085 1.3487144248894158 24.0 
308.0 302.0 4.4903070784792085 1.3487144248894158 24.0 
308.0 303.0 4.4903070784792085 1.3487144248894158 24.0 
308.0 304.0 4.4903070784792085 1.3487144248894158 24.0 
308.0 305.0 4.4903070784792085 1.3487144248894158 24.0 
308.0 306.0 4.4903070784792085 1.3487144248894158 24.0 
308.0 307.0 4.4903070784792085 1.3487144248894158 24.0 
309.0 303.0 4.4903070784792085 1.3487144248894158 24.0 
309.0 304.0 4.4903070784792085 1.3487144248894158 24.0 
309.0 305.0 4.4903070784792085 1.3487144248894158 24.0 
309.0 306.0 4.4903070784792085 1.3487144248894158 24.0 
309.0 307.0 4.4903070784792085 1.3487144248894158 24.0 
309.0 308.0 4.4903070784792085 1.3487144248894158 24.0 
309.0 309.0 4.4903070784792085 1.3487144248894158 24.0 
309.0 310.0 4.4903070784792085 1.3487144248894158 24.0 
309.0 311.0 4.4903070784792085 1.3487144248894158 24.0 
310.0 308.0 4.4903070784792085 1.3487144248894158 24.0 
310.0 309.0 4.4903070784792085 1.3487144248894158 24.0 
310.0 310.0 4.4903070784792085 1.3487144248894158 24.0 
310.0 311.0 4.4903070784792085 1.3487144248894158 24.0 
310.0 312.0 4.4903070784792085 1.3487144248894158 24.0 
310.0 313.0 4.4903070784792085 1.3487144248894158 24.0 
310.0 314.0 4.4903070784792085 1.3487144248894158 24.0 
310.0 315.0 4.4903070784792085 1.3487144248894158 24.0 
310.0 316.0 4.4903070784792085 1.3487144248894158 24.0 
311.0 312.0 4.4903070784792085 1.3487144248894158 24.0 
311.0 313.0 4.4903070784792085 1.3487144248894158 24.0 
311.0 314.0 4.4903070784792085 1.3487144248894158 24.0 
311.0 315.0 4.4903070784792085 1.3487144248894158 24.0 
280.0 260.0 3.8239092084645403 0.6823165548747474 28.0 
280.0 261.0 3.8239092084645403 0.6823165548747474 28.0 
281.0 260.0 3.8239092084645403 0.6823165548747474 28.0 
281.0 261.0 3.8239092084645403 0.6823165548747474 28.0 
281.0 262.0 3.8239092084645403 0.6823165548747474 28.0 
282.0 261.0 3.8239092084645403 0.6823165548747474 28.0 
282.0 262.0 3.8239092084645403 0.6823165548747474 28.0 
283.0 262.0 3.8239092084645403 0.6823165548747474 28.0 
283.0 263.0 3.8239092084645403 0.6823165548747474 28.0 
284.0 262.0 3.8239092084645403 0.6823165548747474 28.0 
284.0 263.0 3.8239092084645403 0.6823165548747474 28.0 
284.0 264.0 3.8239092084645403 0.6823165548747474 28.0 
285.0 263.0 3.8239092084645403 0.6823165548747474 28.0 
285.0 264.0 3.8239092084645403 0.6823165548747474 28.0 
285.0 265.0 3.8239092084645403 0.6823165548747474 28.0 
286.0 264.0 3.8239092084645403 0.6823165548747474 28.0 
286.0 265.0 3.8239092084645403 0.6823165548747474 28.0 
286.0 266.0 3.8239092084645403 0.6823165548747474 28.0 
287.0 265.0 3.8239092084645403 0.6823165548747474 28.0 
287.0 266.0 3.8239092084645403 0.6823165548747474 28.0 
288.0 266.0 3.8239092084645403 0.6823165548747474 28.0 
288.0 267.0 3.8239092084645403 0.6823165548747474 28.0 
289.0 267.0 3.8239092084645403 0.6823165548747474 28.0 
289.0 268.0 3.8239092084645403 0.6823165548747474 28.0 
290.0 267.0 3.8239092084645403 0.6823165548747474 28.0 
290.0 268.0 3.8239092084645403 0.6823165548747474 28.0 
290.0 269.0 3.8239092084645403 0.6823165548747474 28.0 
291.0 268.0 3.8239092084645403 0.6823165548747474 28.0 
291.0 269.0 3.8239092084645403 0.6823165548747474 28.0 
291.0 270.0 3.8239092084645403 0.6823165548747474 28.0 
292.0 269.0 3.8239092084645403 0.6823165548747474 28.0 
292.0 270.0 3.8239092084645403 0.6823165548747474 28.0 
292.0 271.0 3.8239092084645403 0.6823165548747474 28.0 
293.0 270.0 3.8239092084645403 0.6823165548747474 28.0 
293.0 271.0 3.8239092084645403 0.6823165548747474 28.0 
294.0 271.0 3.8239092084645403 0.6823165548747474 28.0 
294.0 272.0 3.8239092084645403 0.6823165548747474 28.0 
295.0 271.0 3.8239092084645403 0.6823165548747474 28.0 
295.0 272.0 3.8239092084645403 0.6823165548747474 28.0 
295.0 273.0 3.8239092084645403 0.6823165548747474 28.0 
296.0 272.0 3.8239092084645403 0.6823165548747474 28.0 
297.0 273.0 4.2224316541309594 1.0808390005411668 28.0 
297.0 274.0 4.2224316541309594 1.0808390005411668 28.0 
297.0 275.0 4.2224316541309594 1.0808390005411668 28.0 
298.0 273.0 4.2224316541309594 1.0808390005411668 28.0 
298.0 274.0 4.2224316541309594 1.0808390005411668 28.0 
298.0 275.0 4.2224316541309594 1.0808390005411668 28.0 
298.0 276.0 4.2224316541309594 1.0808390005411668 28.0 
299.0 275.0 4.2224316541309594 1.0808390005411668 28.0 
299.0 276.0 4.2224316541309594 1.0808390005411668 28.0 
299.0 277.0 4.2224316541309594 1.0808390005411668 28.0 
299.0 278.0 4.2224316541309594 1.0808390005411668 28.0 
300.0 277.0 4.2224316541309594 1.0808390005411668 28.0 
300.0 278.0 4.2224316541309594 1.0808390005411668 28.0 
300.0 279.0 4.2224316541309594 1.0808390005411668 28.0 
300.0 280.0 4.2224316541309594 1.0808390005411668 28.0 
301.0 279.0 4.2224316541309594 1.0808390005411668 28.0 
301.0 280.0 4.2224316541309594 1.0808390005411668 28.0 
301.0 281.0 4.2224316541309594 1.0808390005411668 28.0 
301.0 282.0 4.2224316541309594 1.0808390005411668 28.0 
302.0 281.0 4.2224316541309594 1.0808390005411668 28.0 
302.0 282.0 4.2224316541309594 1.0808390005411668 28.0 
302.0 283.0 4.2224316541309594 1.0808390005411668 28.0 
302.0 284.0 4.2224316541309594 1.0808390005411668 28.0 
303.0 283.0 4.2224316541309594 1.0808390005411668 28.0 
303.0 284.0 4.2224316541309594 1.0808390005411668 28.0 
303.0 285.0 4.2224316541309594 1.0808390005411668 28.0 
303.0 286.0 4.2224316541309594 1.0808390005411668 28.0 
304.0 284.0 4.2224316541309594 1.0808390005411668 28.0 
304.0 285.0 4.2224316541309594 1.0808390005411668 28.0 
304.0 286.0 4.2224316541309594 1.0808390005411668 28.0 
304.0 287.0 4.2224316541309594 1.0808390005411668 28.0 
304.0 288.0 4.2224316541309594 1.0808390005411668 28.0 
305.0 286.0 4.2224316541309594 1.0808390005411668 28.0 
305.0 287.0 4.2224316541309594 1.0808390005411668 28.0 
269.0 253.0 3.6607387678363157 0.5191461142465226 24.0 
269.0 254.0 3.6607387678363157 0.5191461142465226 24.0 
270.0 253.0 3.6607387678363157 0.5191461142465226 24.0 
270.0 254.0 3.6607387678363157 0.5191461142465226 24.0 
271.0 253.0 3.6607387678363157 0.5191461142465226 24.0 
271.0 254.0 3.6607387678363157 0.5191461142465226 24.0 
271.0 255.0 3.6607387678363157 0.5191461142465226 24.0 
272.0 254.0 3.6607387678363157 0.5191461142465226 24.0 
272.0 255.0 3.6607387678363157 0.5191461142465226 24.0 
273.0 255.0 3.6607387678363157 0.5191461142465226 24.0 
273.0 256.0 3.6607387678363157 0.5191461142465226 24.0 
274.0 255.0 3.6607387678363157 0.5191461142465226 24.0 
274.0 256.0 3.6607387678363157 0.5191461142465226 24.0 
274.0 257.0 3.6607387678363157 0.5191461142465226 24.0 
275.0 256.0 3.6607387678363157 0.5191461142465226 24.0 
275.0 257.0 3.6607387678363157 0.5191461142465226 24.0 
276.0 256.0 3.6607387678363157 0.5191461142465226 24.0 
276.0 257.0 3.6607387678363157 0.5191461142465226 24.0 
276.0 258.0 3.6607387678363157 0.5191461142465226 24.0 
277.0 257.0 3.6607387678363157 0.5191461142465226 24.0 
277.0 258.0 3.6607387678363157 0.5191461142465226 24.0 
278.0 257.0 3.6607387678363157 0.5191461142465226 24.0 
278.0 258.0 3.6607387678363157 0.5191461142465226 24.0 
278.0 259.0 3.6607387678363157 0.5191461142465226 24.0 
279.0 258.0 3.6607387678363157 0.5191461142465226 24.0 
279.0 259.0 3.6607387678363157 0.5191461142465226 24.0 
280.0 259.0 3.6607387678363157 0.5191461142465226 24.0 
280.0 260.0 3.6607387678363157 0.5191461142465226 24.0 
281.0 259.0 3.6607387678363157 0.5191461142465226 24.0 
281.0 260.0 3.6607387678363157 0.5191461142465226 24.0 
281.0 261.0 3.6607387678363157 0.5191461142465226 24.0 
282.0 260.0 3.6607387678363157 0.5191461142465226 24.0 
282.0 261.0 3.6607387678363157 0.5191461142465226 24.0 
283.0 260.0 3.6607387678363157 0.5191461142465226 24.0 
235.0 253.0 3.141592653589793 0.0 28.0 
235.0 254.0 3.141592653589793 0.0 28.0 
236.0 253.0 3.141592653589793 0.0 28.0 
236.0 254.0 3.141592653589793 0.0 28.0 
237.0 253.0 3.141592653589793 0.0 28.0 
237.0 254.0 3.141592653589793 0.0 28.0 
238.0 253.0 3.141592653589793 0.0 28.0 
238.0 254.0 3.141592653589793 0.0 28.0 
239.0 253.0 3.141592653589793 0.0 28.0 
239.0 254.0 3.141592653589793 0.0 28.0 
240.0 253.0 3.141592653589793 0.0 28.0 
240.0 254.0 3.141592653589793 0.0 28.0 
241.0 253.0 3.141592653589793 0.0 28.0 
241.0 254.0 3.141592653589793 0.0 28.0 
242.0 253.0 3.141592653589793 0.0 28.0 
242.0 254.0 3.141592653589793 0.0 28.0 
243.0 253.0 3.141592653589793 0.0 28.0 
243.0 254.0 3.141592653589793 0.0 28.0 
244.0 253.0 3.141592653589793 0.0 28.0 
244.0 254.0 3.141592653589793 0.0 28.0 
245.0 253.0 3.141592653589793 0.0 28.0 
245.0 254.0 3.141592653589793 0.0 28.0 
246.0 253.0 3.141592653589793 0.0 28.0 
246.0 254.0 3.141592653589793 0.0 28.0 
247.0 253.0 3.141592653589793 0.0 28.0 
247.0 254.0 3.141592653589793 0.0 28.0 
248.0 253.0 3.141592653589793 0.0 28.0 
248.0 254.0 3.141592653589793 0.0 28.0 
249.0 253.0 3.141592653589793 0.0 28.0 
249.0 254.0 3.141592653589793 0.0 28.0 
250.0 253.0 3.141592653589793 0.0 28.0 
250.0 254.0 3.141592653589793 0.0 28.0 
251.0 253.0 3.141592653589793 0.0 28.0 
251.0 254.0 3.141592653589793 0.0 28.0 
252.0 253.0 3.141592653589793 0.0 28.0 
252.0 254.0 3.141592653589793 0.0 28.0 
253.0 253.0 3.141592653589793 0.0 28.0 
253.0 254.0 3.141592653589793 0.0 28.0 
254.0 253.0 3.141592653589793 0.0 28.0 
254.0 254.0 3.141592653589793 0.0 28.0 
255.0 253.0 3.141592653589793 0.0 28.0 
255.0 254.0 3.141592653589793 0.0 28.0 
256.0 253.0 3.141592653589793 0.0 28.0 
256.0 254.0 3.141592653589793 0.0 28.0 
257.0 253.0 3.141592653589793 0.0 28.0 
257.0 254.0 3.141592653589793 0.0 28.0 
258.0 253.0 3.141592653589793 0.0 28.0 
258.0 254.0 3.141592653589793 0.0 28.0 
259.0 253.0 3.141592653589793 0.0 28.0 
259.0 254.0 3.141592653589793 0.0 28.0 
260.0 253.0 3.141592653589793 0.0 28.0 
260.0 254.0 3.141592653589793 0.0 28.0 
261.0 253.0 3.141592653589793 0.0 28.0 
261.0 254.0 3.141592653589793 0.0 28.0 
262.0 253.0 3.141592653589793 0.0 28.0 
262.0 254.0 3.141592653589793 0.0 28.0 
263.0 253.0 3.141592653589793 0.0 28.0 
263.0 254.0 3.141592653589793 0.0 28.0 
264.0 253.0 3.141592653589793 0.0 28.0 
264.0 254.0 3.141592653589793 0.0 28.0 
265.0 253.0 3.141592653589793 0.0 28.0 
265.0 254.0 3.141592653589793 0.0 28.0 
266.0 253.0 3.141592653589793 0.0 28.0 
266.0 254.0 3.141592653589793 0.0 28.0 
267.0 253.0 3.141592653589793 0.0 28.0 
267.0 254.0 3.141592653589793 0.0 28.0 
268.0 253.0 3.141592653589793 0.0 28.0 
268.0 254.0 3.141592653589793 0.0 28.0 
269.0 253.0 3.141592653589793 0.0 28.0 
269.0 254.0 3.141592653589793 0.0 28.0 
221.0 256.0 2.8501358591119264 5.9917285127017195 28.0 
222.0 256.0 2.8501358591119264 5.9917285127017195 28.0 
222.0 257.0 2.8501358591119264 5.9917285127017195 28.0 
223.0 256.0 2.8501358591119264 5.9917285127017195 28.0 
223.0 257.0 2.8501358591119264 5.9917285127017195 28.0 
224.0 256.0 2.8501358591119264 5.9917285127017195 28.0 
224.0 257.0 2.8501358591119264 5.9917285127017195 28.0 
225.0 255.0 2.8501358591119264 5.9917285127017195 28.0 
225.0 256.0 2.8501358591119264 5.9917285127017195 28.0 
226.0 255.0 2.8501358591119264 5.9917285127017195 28.0 
226.0 256.0 2.8501358591119264 5.9917285127017195 28.0 
227.0 255.0 2.8501358591119264 5.9917285127017195 28.0 
227.0 256.0 2.8501358591119264 5.9917285127017195 28.0 
228.0 254.0 2.8501358591119264 5.9917285127017195 28.0 
228.0 255.0 2.8501358591119264 5.9917285127017195 28.0 
229.0 254.0 2.8501358591119264 5.9917285127017195 28.0 
229.0 255.0 2.8501358591119264 5.9917285127017195 28.0 
230.0 254.0 2.8501358591119264 5.9917285127017195 28.0 
230.0 255.0 2.8501358591119264 5.9917285127017195 28.0 
231.0 254.0 2.8501358591119264 5.9917285127017195 28.0 
231.0 255.0 2.8501358591119264 5.9917285127017195 28.0 
198.0 282.0 2.3127435948008146 5.454336248390607 28.0 
199.0 281.0 2.3127435948008146 5.454336248390607 28.0 
199.0 282.0 2.3127435948008146 5.454336248390607 28.0 
199.0 283.0 2.3127435948008146 5.454336248390607 28.0 
200.0 280.0 2.3127435948008146 5.454336248390607 28.0 
200.0 281.0 2.3127435948008146 5.454336248390607 28.0 
200.0 282.0 2.3127435948008146 5.454336248390607 28.0 
201.0 279.0 2.3127435948008146 5.454336248390607 28.0 
201.0 280.0 2.3127435948008146 5.454336248390607 28.0 
201.0 281.0 2.3127435948008146 5.454336248390607 28.0 
202.0 278.0 2.3127435948008146 5.454336248390607 28.0 
202.0 279.0 2.3127435948008146 5.454336248390607 28.0 
202.0 280.0 2.3127435948008146 5.454336248390607 28.0 
203.0 277.0 2.3127435948008146 5.454336248390607 28.0 
203.0 278.0 2.3127435948008146 5.454336248390607 28.0 
203.0 279.0 2.3127435948008146 5.454336248390607 28.0 
204.0 275.0 2.3127435948008146 5.454336248390607 28.0 
204.0 276.0 2.3127435948008146 5.454336248390607 28.0 
204.0 277.0 2.3127435948008146 5.454336248390607 28.0 
205.0 274.0 2.3127435948008146 5.454336248390607 28.0 
205.0 275.0 2.3127435948008146 5.454336248390607 28.0 
205.0 276.0 2.3127435948008146 5.454336248390607 28.0 
206.0 273.0 2.3127435948008146 5.454336248390607 28.0 
206.0 274.0 2.3127435948008146 5.454336248390607 28.0 
206.0 275.0 2.3127435948008146 5.454336248390607 28.0 
207.0 272.0 2.3127435948008146 5.454336248390607 28.0 
207.0 273.0 2.3127435948008146 5.454336248390607 28.0 
207.0 274.0 2.3127435948008146 5.454336248390607 28.0 
208.0 271.0 2.3127435948008146 5.454336248390607 28.0 
208.0 272.0 2.3127435948008146 5.454336248390607 28.0 
208.0 273.0 2.3127435948008146 5.454336248390607 28.0 
209.0 270.0 2.3127435948008146 5.454336248390607 28.0 
209.0 271.0 2.3127435948008146 5.454336248390607 28.0 
209.0 272.0 2.3127435948008146 5.454336248390607 28.0 
210.0 269.0 2.3127435948008146 5.454336248390607 28.0 
210.0 270.0 2.3127435948008146 5.454336248390607 28.0 
210.0 271.0 2.3127435948008146 5.454336248390607 28.0 
211.0 268.0 2.3127435948008146 5.454336248390607 28.0 
211.0 269.0 2.3127435948008146 5.454336248390607 28.0 
211.0 270.0 2.3127435948008146 5.454336248390607 28.0 
212.0 267.0 2.3127435948008146 5.454336248390607 28.0 
212.0 268.0 2.3127435948008146 5.454336248390607 28.0 
212.0 269.0 2.3127435948008146 5.454336248390607 28.0 
213.0 266.0 2.3127435948008146 5.454336248390607 28.0 
213.0 267.0 2.3127435948008146 5.454336248390607 28.0 
213.0 268.0 2.3127435948008146 5.454336248390607 28.0 
214.0 265.0 2.3127435948008146 5.454336248390607 28.0 
214.0 266.0 2.3127435948008146 5.454336248390607 28.0 
214.0 267.0 2.3127435948008146 5.454336248390607 28.0 
215.0 263.0 2.3127435948008146 5.454336248390607 28.0 
215.0 264.0 2.3127435948008146 5.454336248390607 28.0 
215.0 265.0 2.3127435948008146 5.454336248390607 28.0 
216.0 262.0 2.3127435948008146 5.454336248390607 28.0 
216.0 263.0 2.3127435948008146 5.454336248390607 28.0 
216.0 264.0 2.3127435948008146 5.454336248390607 28.0 
217.0 261.0 2.3127435948008146 5.454336248390607 28.0 
217.0 262.0 2.3127435948008146 5.454336248390607 28.0 
217.0 263.0 2.3127435948008146 5.454336248390607 28.0 
218.0 260.0 2.3127435948008146 5.454336248390607 28.0 
218.0 261.0 2.3127435948008146 5.454336248390607 28.0 
218.0 262.0 2.3127435948008146 5.454336248390607 28.0 
219.0 259.0 2.3127435948008146 5.454336248390607 28.0 
219.0 260.0 2.3127435948008146 5.454336248390607 28.0 
219.0 261.0 2.3127435948008146 5.454336248390607 28.0 
220.0 259.0 2.3127435948008146 5.454336248390607 28.0 
220.0 260.0 2.3127435948008146 5.454336248390607 28.0 
190.0 301.0 1.9693187724613157 5.110911426051109 28.0 
190.0 302.0 1.9693187724613157 5.110911426051109 28.0 
191.0 299.0 1.9693187724613157 5.110911426051109 28.0 
191.0 300.0 1.9693187724613157 5.110911426051109 28.0 
191.0 301.0 1.9693187724613157 5.110911426051109 28.0 
191.0 302.0 1.9693187724613157 5.110911426051109 28.0 
191.0 303.0 1.9693187724613157 5.110911426051109 28.0 
192.0 296.0 1.9693187724613157 5.110911426051109 28.0 
192.0 297.0 1.9693187724613157 5.110911426051109 28.0 
192.0 298.0 1.9693187724613157 5.110911426051109 28.0 
192.0 299.0 1.9693187724613157 5.110911426051109 28.0 
192.0 300.0 1.9693187724613157 5.110911426051109 28.0 
193.0 294.0 1.9693187724613157 5.110911426051109 28.0 
193.0 295.0 1.9693187724613157 5.110911426051109 28.0 
193.0 296.0 1.9693187724613157 5.110911426051109 28.0 
193.0 297.0 1.9693187724613157 5.110911426051109 28.0 
193.0 298.0 1.9693187724613157 5.110911426051109 28.0 
194.0 291.0 1.9693187724613157 5.110911426051109 28.0 
194.0 292.0 1.9693187724613157 5.110911426051109 28.0 
194.0 293.0 1.9693187724613157 5.110911426051109 28.0 
194.0 294.0 1.9693187724613157 5.110911426051109 28.0 
194.0 295.0 1.9693187724613157 5.110911426051109 28.0 
194.0 296.0 1.9693187724613157 5.110911426051109 28.0 
195.0 289.0 1.9693187724613157 5.110911426051109 28.0 
195.0 290.0 1.9693187724613157 5.110911426051109 28.0 
195.0 291.0 1.9693187724613157 5.110911426051109 28.0 
195.0 292.0 1.9693187724613157 5.110911426051109 28.0 
195.0 293.0 1.9693187724613157 5.110911426051109 28.0 
196.0 287.0 1.9693187724613157 5.110911426051109 28.0 
196.0 288.0 1.9693187724613157 5.110911426051109 28.0 
196.0 289.0 1.9693187724613157 5.110911426051109 28.0 
196.0 290.0 1.9693187724613157 5.110911426051109 28.0 
196.0 291.0 1.9693187724613157 5.110911426051109 28.0 
197.0 284.0 1.9693187724613157 5.110911426051109 28.0 
197.0 285.0 1.9693187724613157 5.110911426051109 28.0 
197.0 286.0 1.9693187724613157 5.110911426051109 28.0 
197.0 287.0 1.9693187724613157 5.110911426051109 28.0 
197.0 288.0 1.9693187724613157 5.110911426051109 28.0 
198.0 284.0 1.9693187724613157 5.110911426051109 28.0 
198.0 285.0 1.9693187724613157 5.110911426051109 28.0 
198.0 286.0 1.9693187724613157 5.110911426051109 28.0 
181.0 340.0 1.8045395076637987 4.946132161253591 28.0 
181.0 341.0 1.8045395076637987 4.946132161253591 28.0 
181.0 342.0 1.8045395076637987 4.946132161253591 28.0 
181.0 343.0 1.8045395076637987 4.946132161253591 28.0 
182.0 336.0 1.8045395076637987 4.946132161253591 28.0 
182.0 337.0 1.8045395076637987 4.946132161253591 28.0 
182.0 338.0 1.8045395076637987 4.946132161253591 28.0 
182.0 339.0 1.8045395076637987 4.946132161253591 28.0 
182.0 340.0 1.8045395076637987 4.946132161253591 28.0 
182.0 341.0 1.8045395076637987 4.946132161253591 28.0 
182.0 342.0 1.8045395076637987 4.946132161253591 28.0 
182.0 343.0 1.8045395076637987 4.946132161253591 28.0 
182.0 344.0 1.8045395076637987 4.946132161253591 28.0 
183.0 332.0 1.8045395076637987 4.946132161253591 28.0 
183.0 333.0 1.8045395076637987 4.946132161253591 28.0 
183.0 334.0 1.8045395076637987 4.946132161253591 28.0 
183.0 335.0 1.8045395076637987 4.946132161253591 28.0 
183.0 336.0 1.8045395076637987 4.946132161253591 28.0 
183.0 337.0 1.8045395076637987 4.946132161253591 28.0 
183.0 338.0 1.8045395076637987 4.946132161253591 28.0 
183.0 339.0 1.8045395076637987 4.946132161253591 28.0 
184.0 328.0 1.8045395076637987 4.946132161253591 28.0 
184.0 329.0 1.8045395076637987 4.946132161253591 28.0 
184.0 330.0 1.8045395076637987 4.946132161253591 28.0 
184.0 331.0 1.8045395076637987 4.946132161253591 28.0 
184.0 332.0 1.8045395076637987 4.946132161253591 28.0 
184.0 333.0 1.8045395076637987 4.946132161253591 28.0 
184.0 334.0 1.8045395076637987 4.946132161253591 28.0 
184.0 335.0 1.8045395076637987 4.946132161253591 28.0 
185.0 323.0 1.8045395076637987 4.946132161253591 28.0 
185.0 324.0 1.8045395076637987 4.946132161253591 28.0 
185.0 325.0 1.8045395076637987 4.946132161253591 28.0 
185.0 326.0 1.8045395076637987 4.946132161253591 28.0 
185.0 327.0 1.8045395076637987 4.946132161253591 28.0 
185.0 328.0 1.8045395076637987 4.946132161253591 28.0 
185.0 329.0 1.8045395076637987 4.946132161253591 28.0 
185.0 330.0 1.8045395076637987 4.946132161253591 28.0 
185.0 331.0 1.8045395076637987 4.946132161253591 28.0 
186.0 319.0 1.8045395076637987 4.946132161253591 28.0 
186.0 320.0 1.8045395076637987 4.946132161253591 28.0 
186.0 321.0 1.8045395076637987 4.946132161253591 28.0 
186.0 322.0 1.8045395076637987 4.946132161253591 28.0 
186.0 323.0 1.8045395076637987 4.946132161253591 28.0 
186.0 324.0 1.8045395076637987 4.946132161253591 28.0 
186.0 325.0 1.8045395076637987 4.946132161253591 28.0 
186.0 326.0 1.8045395076637987 4.946132161253591 28.0 
186.0 327.0 1.8045395076637987 4.946132161253591 28.0 
187.0 315.0 1.8045395076637987 4.946132161253591 28.0 
187.0 316.0 1.8045395076637987 4.946132161253591 28.0 
187.0 317.0 1.8045395076637987 4.946132161253591 28.0 
187.0 318.0 1.8045395076637987 4.946132161253591 28.0 
187.0 319.0 1.8045395076637987 4.946132161253591 28.0 
187.0 320.0 1.8045395076637987 4.946132161253591 28.0 
187.0 321.0 1.8045395076637987 4.946132161253591 28.0 
187.0 322.0 1.8045395076637987 4.946132161253591 28.0 
187.0 323.0 1.8045395076637987 4.946132161253591 28.0 
188.0 311.0 1.8045395076637987 4.946132161253591 28.0 
188.0 312.0 1.8045395076637987 4.946132161253591 28.0 
188.0 313.0 1.8045395076637987 4.946132161253591 28.0 
188.0 314.0 1.8045395076637987 4.946132161253591 28.0 
188.0 315.0 1.8045395076637987 4.946132161253591 28.0 
188.0 316.0 1.8045395076637987 4.946132161253591 28.0 
188.0 317.0 1.8045395076637987 4.946132161253591 28.0 
188.0 318.0 1.8045395076637987 4.946132161253591 28.0 
189.0 307.0 1.8045395076637987 4.946132161253591 28.0 
189.0 308.0 1.8045395076637987 4.946132161253591 28.0 
189.0 309.0 1.8045395076637987 4.946132161253591 28.0 
189.0 310.0 1.8045395076637987 4.946132161253591 28.0 
189.0 311.0 1.8045395076637987 4.946132161253591 28.0 
189.0 312.0 1.8045395076637987 4.946132161253591 28.0 
189.0 313.0 1.8045395076637987 4.946132161253591 28.0 
189.0 314.0 1.8045395076637987 4.946132161253591 28.0 
190.0 302.0 1.8045395076637987 4.946132161253591 28.0 
190.0 303.0 1.8045395076637987 4.946132161253591 28.0 
190.0 304.0 1.8045395076637987 4.946132161253591 28.0 
190.0 305.0 1.8045395076637987 4.946132161253591 28.0 
190.0 306.0 1.8045395076637987 4.946132161253591 28.0 
190.0 307.0 1.8045395076637987 4.946132161253591 28.0 
190.0 308.0 1.8045395076637987 4.946132161253591 28.0 
190.0 309.0 1.8045395076637987 4.946132161253591 28.0 
190.0 310.0 1.8045395076637987 4.946132161253591 28.0 
191.0 302.0 1.8045395076637987 4.946132161253591 28.0 
191.0 303.0 1.8045395076637987 4.946132161253591 28.0 
191.0 304.0 1.8045395076637987 4.946132161253591 28.0 
191.0 305.0 1.8045395076637987 4.946132161253591 28.0 
191.0 306.0 1.8045395076637987 4.946132161253591 28.0 
181.0 357.0 1.6614562139956426 4.803048867585435 28.0 
181.0 358.0 1.6614562139956426 4.803048867585435 28.0 
181.0 359.0 1.6614562139956426 4.803048867585435 28.0 
181.0 360.0 1.6614562139956426 4.803048867585435 28.0 
181.0 361.0 1.6614562139956426 4.803048867585435 28.0 
181.0 362.0 1.6614562139956426 4.803048867585435 28.0 
181.0 363.0 1.6614562139956426 4.803048867585435 28.0 
181.0 364.0 1.6614562139956426 4.803048867585435 28.0 
181.0 365.0 1.6614562139956426 4.803048867585435 28.0 
181.0 366.0 1.6614562139956426 4.803048867585435 28.0 
181.0 367.0 1.6614562139956426 4.803048867585435 28.0 
182.0 346.0 1.6614562139956426 4.803048867585435 28.0 
182.0 347.0 1.6614562139956426 4.803048867585435 28.0 
182.0 348.0 1.6614562139956426 4.803048867585435 28.0 
182.0 349.0 1.6614562139956426 4.803048867585435 28.0 
182.0 350.0 1.6614562139956426 4.803048867585435 28.0 
182.0 351.0 1.6614562139956426 4.803048867585435 28.0 
182.0 352.0 1.6614562139956426 4.803048867585435 28.0 
182.0 353.0 1.6614562139956426 4.803048867585435 28.0 
182.0 354.0 1.6614562139956426 4.803048867585435 28.0 
182.0 355.0 1.6614562139956426 4.803048867585435 28.0 
182.0 356.0 1.6614562139956426 4.803048867585435 28.0 
182.0 357.0 1.6614562139956426 4.803048867585435 28.0 
182.0 358.0 1.6614562139956426 4.803048867585435 28.0 
182.0 359.0 1.6614562139956426 4.803048867585435 28.0 
182.0 360.0 1.6614562139956426 4.803048867585435 28.0 
182.0 361.0 1.6614562139956426 4.803048867585435 28.0 
182.0 362.0 1.6614562139956426 4.803048867585435 28.0 
182.0 363.0 1.6614562139956426 4.803048867585435 28.0 
182.0 364.0 1.6614562139956426 4.803048867585435 28.0 
182.0 365.0 1.6614562139956426 4.803048867585435 28.0 
182.0 366.0 1.6614562139956426 4.803048867585435 28.0 
182.0 367.0 1.6614562139956426 4.803048867585435 28.0 
182.0 368.0 1.6614562139956426 4.803048867585435 28.0 
183.0 346.0 1.6614562139956426 4.803048867585435 28.0 
183.0 347.0 1.6614562139956426 4.803048867585435 28.0 
183.0 348.0 1.6614562139956426 4.803048867585435 28.0 
183.0 349.0 1.6614562139956426 4.803048867585435 28.0 
183.0 350.0 1.6614562139956426 4.803048867585435 28.0 
183.0 351.0 1.6614562139956426 4.803048867585435 28.0 
183.0 352.0 1.6614562139956426 4.803048867585435 28.0 
183.0 353.0 1.6614562139956426 4.803048867585435 28.0 
183.0 354.0 1.6614562139956426 4.803048867585435 28.0 
183.0 355.0 1.6614562139956426 4.803048867585435 28.0 
183.0 356.0 1.6614562139956426 4.803048867585435 28.0 
183.0 357.0 1.6614562139956426 4.803048867585435 28.0 
182.0 369.0 4.41389004879851 1.2722973952087178 24.0 
182.0 370.0 4.41389004879851 1.2722973952087178 24.0 
182.0 371.0 4.41389004879851 1.2722973952087178 24.0 
182.0 372.0 4.41389004879851 1.2722973952087178 24.0 
183.0 369.0 4.41389004879851 1.2722973952087178 24.0 
183.0 370.0 4.41389004879851 1.2722973952087178 24.0 
183.0 371.0 4.41389004879851 1.2722973952087178 24.0 
183.0 372.0 4.41389004879851 1.2722973952087178 24.0 
183.0 373.0 4.41389004879851 1.2722973952087178 24.0 
183.0 374.0 4.41389004879851 1.2722973952087178 24.0 
183.0 375.0 4.41389004879851 1.2722973952087178 24.0 
184.0 373.0 4.41389004879851 1.2722973952087178 24.0 
184.0 374.0 4.41389004879851 1.2722973952087178 24.0 
184.0 375.0 4.41389004879851 1.2722973952087178 24.0 
184.0 376.0 4.41389004879851 1.2722973952087178 24.0 
184.0 377.0 4.41389004879851 1.2722973952087178 24.0 
184.0 378.0 4.41389004879851 1.2722973952087178 24.0 
185.0 376.0 4.41389004879851 1.2722973952087178 24.0 
185.0 377.0 4.41389004879851 1.2722973952087178 24.0 
185.0 378.0 4.41389004879851 1.2722973952087178 24.0 
185.0 379.0 4.41389004879851 1.2722973952087178 24.0 
185.0 380.0 4.41389004879851 1.2722973952087178 24.0 
185.0 381.0 4.41389004879851 1.2722973952087178 24.0 
185.0 382.0 4.41389004879851 1.2722973952087178 24.0 
186.0 379.0 4.41389004879851 1.2722973952087178 24.0 
186.0 380.0 4.41389004879851 1.2722973952087178 24.0 
186.0 381.0 4.41389004879851 1.2722973952087178 24.0 
185.0 382.0 3.4808852680438376 0.3392926144540446 24.0 
185.0 383.0 3.4808852680438376 0.3392926144540446 24.0 
186.0 382.0 3.4808852680438376 0.3392926144540446 24.0 
186.0 383.0 3.4808852680438376 0.3392926144540446 24.0 
187.0 382.0 3.4808852680438376 0.3392926144540446 24.0 
187.0 383.0 3.4808852680438376 0.3392926144540446 24.0 
188.0 382.0 3.4808852680438376 0.3392926144540446 24.0 
188.0 383.0 3.4808852680438376 0.3392926144540446 24.0 
188.0 384.0 3.4808852680438376 0.3392926144540446 24.0 
189.0 383.0 3.4808852680438376 0.3392926144540446 24.0 
189.0 384.0 3.4808852680438376 0.3392926144540446 24.0 
190.0 383.0 3.4808852680438376 0.3392926144540446 24.0 
190.0 384.0 3.4808852680438376 0.3392926144540446 24.0 
191.0 384.0 3.4808852680438376 0.3392926144540446 24.0 
191.0 385.0 3.4808852680438376 0.3392926144540446 24.0 
192.0 384.0 3.4808852680438376 0.3392926144540446 24.0 
192.0 385.0 3.4808852680438376 0.3392926144540446 24.0 
193.0 384.0 3.4808852680438376 0.3392926144540446 24.0 
193.0 385.0 3.4808852680438376 0.3392926144540446 24.0 
194.0 385.0 3.4808852680438376 0.3392926144540446 24.0 
194.0 386.0 3.4808852680438376 0.3392926144540446 24.0 
195.0 385.0 3.4808852680438376 0.3392926144540446 24.0 
195.0 386.0 3.4808852680438376 0.3392926144540446 24.0 
196.0 385.0 3.4808852680438376 0.3392926144540446 24.0 
196.0 386.0 3.4808852680438376 0.3392926144540446 24.0 
197.0 386.0 3.4808852680438376 0.3392926144540446 24.0 
197.0 387.0 3.4808852680438376 0.3392926144540446 24.0 
198.0 386.0 3.4808852680438376 0.3392926144540446 24.0 
198.0 387.0 3.4808852680438376 0.3392926144540446 24.0 
199.0 386.0 3.4808852680438376 0.3392926144540446 24.0 
199.0 387.0 3.4808852680438376 0.3392926144540446 24.0 
199.0 388.0 3.4808852680438376 0.3392926144540446 24.0 
200.0 387.0 3.4808852680438376 0.3392926144540446 24.0 
200.0 388.0 3.4808852680438376 0.3392926144540446 24.0 
201.0 387.0 3.4808852680438376 0.3392926144540446 24.0 
201.0 388.0 3.4808852680438376 0.3392926144540446 24.0 
202.0 387.0 3.4808852680438376 0.3392926144540446 24.0 
205.0 390.0 4.163839577934162 1.0222469243443693 24.0 
205.0 391.0 4.163839577934162 1.0222469243443693 24.0 
206.0 390.0 4.163839577934162 1.0222469243443693 24.0 
206.0 391.0 4.163839577934162 1.0222469243443693 24.0 
206.0 392.0 4.163839577934162 1.0222469243443693 24.0 
206.0 393.0 4.163839577934162 1.0222469243443693 24.0 
207.0 392.0 4.163839577934162 1.0222469243443693 24.0 
207.0 393.0 4.163839577934162 1.0222469243443693 24.0 
207.0 394.0 4.163839577934162 1.0222469243443693 24.0 
207.0 395.0 4.163839577934162 1.0222469243443693 24.0 
208.0 393.0 4.163839577934162 1.0222469243443693 24.0 
208.0 394.0 4.163839577934162 1.0222469243443693 24.0 
208.0 395.0 4.163839577934162 1.0222469243443693 24.0 
208.0 396.0 4.163839577934162 1.0222469243443693 24.0 
209.0 395.0 4.163839577934162 1.0222469243443693 24.0 
209.0 396.0 4.163839577934162 1.0222469243443693 24.0 
209.0 397.0 4.163839577934162 1.0222469243443693 24.0 
209.0 398.0 4.163839577934162 1.0222469243443693 24.0 
210.0 397.0 4.163839577934162 1.0222469243443693 24.0 
210.0 398.0 4.163839577934162 1.0222469243443693 24.0 
210.0 399.0 4.163839577934162 1.0222469243443693 24.0 
210.0 400.0 4.163839577934162 1.0222469243443693 24.0 
211.0 398.0 4.163839577934162 1.0222469243443693 24.0 
211.0 399.0 4.163839577934162 1.0222469243443693 24.0 
211.0 400.0 4.163839577934162 1.0222469243443693 24.0 
211.0 401.0 4.163839577934162 1.0222469243443693 24.0 
212.0 400.0 4.163839577934162 1.0222469243443693 24.0 
212.0 401.0 4.163839577934162 1.0222469243443693 24.0 
212.0 402.0 4.163839577934162 1.0222469243443693 24.0 
212.0 403.0 4.163839577934162 1.0222469243443693 24.0 
213.0 402.0 4.163839577934162 1.0222469243443693 24.0 
213.0 403.0 4.163839577934162 1.0222469243443693 24.0 
213.0 404.0 4.163839577934162 1.0222469243443693 24.0 
213.0 405.0 4.163839577934162 1.0222469243443693 24.0 
214.0 403.0 4.163839577934162 1.0222469243443693 24.0 
214.0 404.0 4.163839577934162 1.0222469243443693 24.0 
214.0 405.0 4.163839577934162 1.0222469243443693 24.0 
214.0 406.0 4.163839577934162 1.0222469243443693 24.0 
215.0 405.0 4.163839577934162 1.0222469243443693 24.0 
215.0 406.0 4.163839577934162 1.0222469243443693 24.0 
215.0 407.0 4.163839577934162 1.0222469243443693 24.0 
215.0 408.0 4.163839577934162 1.0222469243443693 24.0 
216.0 407.0 4.163839577934162 1.0222469243443693 24.0 
217.0 411.0 3.7994812587720026 0.6578886051822095 24.0 
217.0 412.0 3.7994812587720026 0.6578886051822095 24.0 
218.0 411.0 3.7994812587720026 0.6578886051822095 24.0 
218.0 412.0 3.7994812587720026 0.6578886051822095 24.0 
218.0 413.0 3.7994812587720026 0.6578886051822095 24.0 
219.0 412.0 3.7994812587720026 0.6578886051822095 24.0 
219.0 413.0 3.7994812587720026 0.6578886051822095 24.0 
220.0 413.0 3.7994812587720026 0.6578886051822095 24.0 
220.0 414.0 3.7994812587720026 0.6578886051822095 24.0 
221.0 413.0 3.7994812587720026 0.6578886051822095 24.0 
221.0 414.0 3.7994812587720026 0.6578886051822095 24.0 
221.0 415.0 3.7994812587720026 0.6578886051822095 24.0 
222.0 414.0 3.7994812587720026 0.6578886051822095 24.0 
222.0 415.0 3.7994812587720026 0.6578886051822095 24.0 
222.0 416.0 3.7994812587720026 0.6578886051822095 24.0 
223.0 415.0 3.7994812587720026 0.6578886051822095 24.0 
223.0 416.0 3.7994812587720026 0.6578886051822095 24.0 
224.0 416.0 3.7994812587720026 0.6578886051822095 24.0 
224.0 417.0 3.7994812587720026 0.6578886051822095 24.0 
225.0 416.0 3.7994812587720026 0.6578886051822095 24.0 
225.0 417.0 3.7994812587720026 0.6578886051822095 24.0 
225.0 418.0 3.7994812587720026 0.6578886051822095 24.0 
226.0 417.0 3.7994812587720026 0.6578886051822095 24.0 
226.0 418.0 3.7994812587720026 0.6578886051822095 24.0 
226.0 419.0 3.7994812587720026 0.6578886051822095 24.0 
227.0 418.0 3.7994812587720026 0.6578886051822095 24.0 
227.0 419.0 3.7994812587720026 0.6578886051822095 24.0 
228.0 419.0 3.7994812587720026 0.6578886051822095 24.0 
228.0 420.0 3.7994812587720026 0.6578886051822095 24.0 
229.0 420.0 3.7994812587720026 0.6578886051822095 24.0 
229.0 421.0 3.7994812587720026 0.6578886051822095 24.0 
230.0 420.0 3.7994812587720026 0.6578886051822095 24.0 
230.0 421.0 3.7994812587720026 0.6578886051822095 24.0 
230.0 422.0 3.7994812587720026 0.6578886051822095 24.0 
231.0 421.0 3.7994812587720026 0.6578886051822095 24.0 
231.0 422.0 3.7994812587720026 0.6578886051822095 24.0 
231.0 423.0 3.7994812587720026 0.6578886051822095 24.0 
232.0 422.0 3.7994812587720026 0.6578886051822095 24.0 
232.0 423.0 3.7994812587720026 0.6578886051822095 24.0 
233.0 423.0 3.7994812587720026 0.6578886051822095 24.0 
233.0 424.0 3.7994812587720026 0.6578886051822095 24.0 
234.0 423.0 3.7994812587720026 0.6578886051822095 24.0 
234.0 424.0 3.7994812587720026 0.6578886051822095 24.0 
234.0 425.0 3.7994812587720026 0.6578886051822095 24.0 
235.0 424.0 3.7994812587720026 0.6578886051822095 24.0 
235.0 425.0 3.7994812587720026 0.6578886051822095 24.0 
235.0 426.0 3.7994812587720026 0.6578886051822095 24.0 
236.0 425.0 3.7994812587720026 0.6578886051822095 24.0 
236.0 426.0 3.7994812587720026 0.6578886051822095 24.0 
237.0 426.0 3.7994812587720026 0.6578886051822095 24.0 
237.0 427.0 3.7994812587720026 0.6578886051822095 24.0 
238.0 426.0 3.7994812587720026 0.6578886051822095 24.0 
238.0 427.0 3.7994812587720026 0.6578886051822095 24.0 
238.0 428.0 3.7994812587720026 0.6578886051822095 24.0 
239.0 427.0 3.7994812587720026 0.6578886051822095 24.0 
239.0 429.0 3.522099030702159 0.3805063771123646 24.0 
239.0 430.0 3.522099030702159 0.3805063771123646 24.0 
240.0 429.0 3.522099030702159 0.3805063771123646 24.0 
240.0 430.0 3.522099030702159 0.3805063771123646 24.0 
241.0 429.0 3.522099030702159 0.3805063771123646 24.0 
241.0 430.0 3.522099030702159 0.3805063771123646 24.0 
242.0 430.0 3.522099030702159 0.3805063771123646 24.0 
242.0 431.0 3.522099030702159 0.3805063771123646 24.0 
243.0 430.0 3.522099030702159 0.3805063771123646 24.0 
243.0 431.0 3.522099030702159 0.3805063771123646 24.0 
244.0 430.0 3.522099030702159 0.3805063771123646 24.0 
244.0 431.0 3.522099030702159 0.3805063771123646 24.0 
244.0 432.0 3.522099030702159 0.3805063771123646 24.0 
245.0 431.0 3.522099030702159 0.3805063771123646 24.0 
245.0 432.0 3.522099030702159 0.3805063771123646 24.0 
246.0 431.0 3.522099030702159 0.3805063771123646 24.0 
246.0 432.0 3.522099030702159 0.3805063771123646 24.0 
247.0 432.0 3.522099030702159 0.3805063771123646 24.0 
247.0 433.0 3.522099030702159 0.3805063771123646 24.0 
248.0 432.0 3.522099030702159 0.3805063771123646 24.0 
248.0 433.0 3.522099030702159 0.3805063771123646 24.0 
249.0 432.0 3.522099030702159 0.3805063771123646 24.0 
249.0 433.0 3.522099030702159 0.3805063771123646 24.0 
249.0 434.0 3.522099030702159 0.3805063771123646 24.0 
250.0 433.0 3.522099030702159 0.3805063771123646 24.0 
250.0 434.0 3.522099030702159 0.3805063771123646 24.0 
251.0 433.0 3.522099030702159 0.3805063771123646 24.0 
251.0 434.0 3.522099030702159 0.3805063771123646 24.0 
252.0 434.0 3.522099030702159 0.3805063771123646 24.0 
252.0 435.0 3.522099030702159 0.3805063771123646 24.0 
253.0 434.0 3.522099030702159 0.3805063771123646 24.0 
253.0 435.0 3.522099030702159 0.3805063771123646 24.0 
254.0 434.0 3.522099030702159 0.3805063771123646 24.0 
254.0 435.0 3.522099030702159 0.3805063771123646 24.0 
254.0 436.0 3.522099030702159 0.3805063771123646 24.0 
255.0 435.0 3.522099030702159 0.3805063771123646 24.0 
255.0 436.0 3.522099030702159 0.3805063771123646 24.0 
256.0 435.0 3.522099030702159 0.3805063771123646 24.0 
256.0 436.0 3.522099030702159 0.3805063771123646 24.0 
257.0 436.0 3.522099030702159 0.3805063771123646 24.0 
257.0 437.0 3.522099030702159 0.3805063771123646 24.0 
258.0 436.0 3.522099030702159 0.3805063771123646 24.0 
258.0 437.0 3.522099030702159 0.3805063771123646 24.0 
259.0 436.0 3.522099030702159 0.3805063771123646 24.0 
259.0 436.0 3.2904826011992907 0.14888994760949753 24.0 
259.0 437.0 3.2904826011992907 0.14888994760949753 24.0 
260.0 436.0 3.2904826011992907 0.14888994760949753 24.0 
260.0 437.0 3.2904826011992907 0.14888994760949753 24.0 
261.0 436.0 3.2904826011992907 0.14888994760949753 24.0 
261.0 437.0 3.2904826011992907 0.14888994760949753 24.0 
262.0 436.0 3.2904826011992907 0.14888994760949753 24.0 
262.0 437.0 3.2904826011992907 0.14888994760949753 24.0 
263.0 436.0 3.2904826011992907 0.14888994760949753 24.0 
263.0 437.0 3.2904826011992907 0.14888994760949753 24.0 
264.0 436.0 3.2904826011992907 0.14888994760949753 24.0 
264.0 437.0 3.2904826011992907 0.14888994760949753 24.0 
265.0 436.0 3.2904826011992907 0.14888994760949753 24.0 
265.0 437.0 3.2904826011992907 0.14888994760949753 24.0 
266.0 437.0 3.2904826011992907 0.14888994760949753 24.0 
266.0 438.0 3.2904826011992907 0.14888994760949753 24.0 
267.0 437.0 3.2904826011992907 0.14888994760949753 24.0 
267.0 438.0 3.2904826011992907 0.14888994760949753 24.0 
268.0 437.0 3.2904826011992907 0.14888994760949753 24.0 
268.0 438.0 3.2904826011992907 0.14888994760949753 24.0 
269.0 437.0 3.2904826011992907 0.14888994760949753 24.0 
269.0 438.0 3.2904826011992907 0.14888994760949753 24.0 
270.0 437.0 3.2904826011992907 0.14888994760949753 24.0 
270.0 438.0 3.2904826011992907 0.14888994760949753 24.0 
271.0 437.0 3.2904826011992907 0.14888994760949753 24.0 
271.0 438.0 3.2904826011992907 0.14888994760949753 24.0 
272.0 437.0 3.2904826011992907 0.14888994760949753 24.0 
272.0 438.0 3.2904826011992907 0.14888994760949753 24.0 
273.0 438.0 3.2904826011992907 0.14888994760949753 24.0 
273.0 439.0 3.2904826011992907 0.14888994760949753 24.0 
274.0 438.0 3.2904826011992907 0.14888994760949753 24.0 
274.0 439.0 3.2904826011992907 0.14888994760949753 24.0 
275.0 438.0 3.2904826011992907 0.14888994760949753 24.0 
275.0 439.0 3.2904826011992907 0.14888994760949753 24.0 
276.0 438.0 3.2904826011992907 0.14888994760949753 24.0 
276.0 439.0 3.2904826011992907 0.14888994760949753 24.0 
277.0 438.0 3.2904826011992907 0.14888994760949753 24.0 
277.0 439.0 3.2904826011992907 0.14888994760949753 24.0 
278.0 438.0 3.2904826011992907 0.14888994760949753 24.0 
278.0 439.0 3.2904826011992907 0.14888994760949753 24.0 
279.0 438.0 3.2904826011992907 0.14888994760949753 24.0 
