332.0 285.0 1.9368528426423146 5.078445496232108 32.0 
332.0 286.0 1.9368528426423146 5.078445496232108 32.0 
332.0 287.0 1.9368528426423146 5.078445496232108 32.0 
333.0 283.0 1.9368528426423146 5.078445496232108 32.0 
333.0 284.0 1.9368528426423146 5.078445496232108 32.0 
333.0 285.0 1.9368528426423146 5.078445496232108 32.0 
333.0 286.0 1.9368528426423146 5.078445496232108 32.0 
333.0 287.0 1.9368528426423146 5.078445496232108 32.0 
334.0 280.0 1.9368528426423146 5.078445496232108 32.0 
334.0 281.0 1.9368528426423146 5.078445496232108 32.0 
334.0 282.0 1.9368528426423146 5.078445496232108 32.0 
334.0 283.0 1.9368528426423146 5.078445496232108 32.0 
334.0 284.0 1.9368528426423146 5.078445496232108 32.0 
334.0 285.0 1.9368528426423146 5.078445496232108 32.0 
334.0 286.0 1.9368528426423146 5.078445496232108 32.0 
334.0 287.0 1.9368528426423146 5.078445496232108 32.0 
335.0 278.0 1.9368528426423146 5.078445496232108 32.0 
335.0 279.0 1.9368528426423146 5.078445496232108 32.0 
335.0 280.0 1.9368528426423146 5.078445496232108 32.0 
335.0 281.0 1.9368528426423146 5.078445496232108 32.0 
335.0 282.0 1.9368528426423146 5.078445496232108 32.0 
335.0 283.0 1.9368528426423146 5.078445496232108 32.0 
335.0 284.0 1.9368528426423146 5.078445496232108 32.0 
335.0 285.0 1.9368528426423146 5.078445496232108 32.0 
335.0 286.0 1.9368528426423146 5.078445496232108 32.0 
335.0 287.0 1.9368528426423146 5.078445496232108 32.0 
335.0 288.0 1.9368528426423146 5.078445496232108 32.0 
336.0 275.0 1.9368528426423146 5.078445496232108 32.0 
336.0 276.0 1.9368528426423146 5.078445496232108 32.0 
336.0 277.0 1.9368528426423146 5.078445496232108 32.0 
336.0 278.0 1.9368528426423146 5.078445496232108 32.0 
336.0 279.0 1.9368528426423146 5.078445496232108 32.0 
336.0 280.0 1.9368528426423146 5.078445496232108 32.0 
336.0 281.0 1.9368528426423146 5.078445496232108 32.0 
336.0 282.0 1.9368528426423146 5.078445496232108 32.0 
336.0 283.0 1.9368528426423146 5.078445496232108 32.0 
336.0 284.0 1.9368528426423146 5.078445496232108 32.0 
336.0 285.0 1.9368528426423146 5.078445496232108 32.0 
336.0 286.0 1.9368528426423146 5.078445496232108 32.0 
336.0 287.0 1.9368528426423146 5.078445496232108 32.0 
336.0 288.0 1.9368528426423146 5.078445496232108 32.0 
337.0 272.0 1.9368528426423146 5.078445496232108 32.0 
337.0 273.0 1.9368528426423146 5.078445496232108 32.0 
337.0 274.0 1.9368528426423146 5.078445496232108 32.0 
337.0 275.0 1.9368528426423146 5.078445496232108 32.0 
337.0 276.0 1.9368528426423146 5.078445496232108 32.0 
337.0 277.0 1.9368528426423146 5.078445496232108 32.0 
337.0 278.0 1.9368528426423146 5.078445496232108 32.0 
337.0 279.0 1.9368528426423146 5.078445496232108 32.0 
337.0 280.0 1.9368528426423146 5.078445496232108 32.0 
337.0 281.0 1.9368528426423146 5.078445496232108 32.0 
337.0 282.0 1.9368528426423146 5.078445496232108 32.0 
337.0 283.0 1.9368528426423146 5.078445496232108 32.0 
337.0 284.0 1.9368528426423146 5.078445496232108 32.0 
337.0 285.0 1.9368528426423146 5.078445496232108 32.0 
337.0 286.0 1.9368528426423146 5.078445496232108 32.0 
337.0 287.0 1.9368528426423146 5.078445496232108 32.0 
337.0 288.0 1.9368528426423146 5.078445496232108 32.0 
338.0 270.0 1.9368528426423146 5.078445496232108 32.0 
338.0 271.0 1.9368528426423146 5.078445496232108 32.0 
338.0 272.0 1.9368528426423146 5.078445496232108 32.0 
338.0 273.0 1.9368528426423146 5.078445496232108 32.0 
338.0 274.0 1.9368528426423146 5.078445496232108 32.0 
338.0 275.0 1.9368528426423146 5.078445496232108 32.0 
338.0 276.0 1.9368528426423146 5.078445496232108 32.0 
338.0 277.0 1.9368528426423146 5.078445496232108 32.0 
338.0 278.0 1.9368528426423146 5.078445496232108 32.0 
338.0 279.0 1.9368528426423146 5.078445496232108 32.0 
338.0 280.0 1.9368528426423146 5.078445496232108 32.0 
338.0 281.0 1.9368528426423146 5.078445496232108 32.0 
338.0 282.0 1.9368528426423146 5.078445496232108 32.0 
338.0 283.0 1.9368528426423146 5.078445496232108 32.0 
338.0 284.0 1.9368528426423146 5.078445496232108 32.0 
338.0 285.0 1.9368528426423146 5.078445496232108 32.0 
339.0 267.0 1.9368528426423146 5.078445496232108 32.0 
339.0 268.0 1.9368528426423146 5.078445496232108 32.0 
339.0 269.0 1.9368528426423146 5.078445496232108 32.0 
339.0 270.0 1.9368528426423146 5.078445496232108 32.0 
339.0 271.0 1.9368528426423146 5.078445496232108 32.0 
339.0 272.0 1.9368528426423146 5.078445496232108 32.0 
339.0 273.0 1.9368528426423146 5.078445496232108 32.0 
339.0 274.0 1.9368528426423146 5.078445496232108 32.0 
339.0 275.0 1.9368528426423146 5.078445496232108 32.0 
339.0 276.0 1.9368528426423146 5.078445496232108 32.0 
339.0 277.0 1.9368528426423146 5.078445496232108 32.0 
339.0 278.0 1.9368528426423146 5.078445496232108 32.0 
339.0 279.0 1.9368528426423146 5.078445496232108 32.0 
339.0 280.0 1.9368528426423146 5.078445496232108 32.0 
339.0 281.0 1.9368528426423146 5.078445496232108 32.0 
339.0 282.0 1.9368528426423146 5.078445496232108 32.0 
339.0 283.0 1.9368528426423146 5.078445496232108 32.0 
340.0 264.0 1.9368528426423146 5.078445496232108 32.0 
340.0 265.0 1.9368528426423146 5.078445496232108 32.0 
340.0 266.0 1.9368528426423146 5.078445496232108 32.0 
340.0 267.0 1.9368528426423146 5.078445496232108 32.0 
340.0 268.0 1.9368528426423146 5.078445496232108 32.0 
340.0 269.0 1.9368528426423146 5.078445496232108 32.0 
340.0 270.0 1.9368528426423146 5.078445496232108 32.0 
340.0 271.0 1.9368528426423146 5.078445496232108 32.0 
340.0 272.0 1.9368528426423146 5.078445496232108 32.0 
340.0 273.0 1.9368528426423146 5.078445496232108 32.0 
340.0 274.0 1.9368528426423146 5.078445496232108 32.0 
340.0 275.0 1.9368528426423146 5.078445496232108 32.0 
340.0 276.0 1.9368528426423146 5.078445496232108 32.0 
340.0 277.0 1.9368528426423146 5.078445496232108 32.0 
340.0 278.0 1.9368528426423146 5.078445496232108 32.0 
340.0 279.0 1.9368528426423146 5.078445496232108 32.0 
340.0 280.0 1.9368528426423146 5.078445496232108 32.0 
341.0 262.0 1.9368528426423146 5.078445496232108 32.0 
341.0 263.0 1.9368528426423146 5.078445496232108 32.0 
341.0 264.0 1.9368528426423146 5.078445496232108 32.0 
341.0 265.0 1.9368528426423146 5.078445496232108 32.0 
341.0 266.0 1.9368528426423146 5.078445496232108 32.0 
341.0 267.0 1.9368528426423146 5.078445496232108 32.0 
341.0 268.0 1.9368528426423146 5.078445496232108 32.0 
341.0 269.0 1.9368528426423146 5.078445496232108 32.0 
341.0 270.0 1.9368528426423146 5.078445496232108 32.0 
341.0 271.0 1.9368528426423146 5.078445496232108 32.0 
341.0 272.0 1.9368528426423146 5.078445496232108 32.0 
341.0 273.0 1.9368528426423146 5.078445496232108 32.0 
341.0 274.0 1.9368528426423146 5.078445496232108 32.0 
341.0 275.0 1.9368528426423146 5.078445496232108 32.0 
341.0 276.0 1.9368528426423146 5.078445496232108 32.0 
341.0 277.0 1.9368528426423146 5.078445496232108 32.0 
341.0 278.0 1.9368528426423146 5.078445496232108 32.0 
342.0 259.0 1.9368528426423146 5.078445496232108 32.0 
342.0 260.0 1.9368528426423146 5.078445496232108 32.0 
342.0 261.0 1.9368528426423146 5.078445496232108 32.0 
342.0 262.0 1.9368528426423146 5.078445496232108 32.0 
342.0 263.0 1.9368528426423146 5.078445496232108 32.0 
342.0 264.0 1.9368528426423146 5.078445496232108 32.0 
342.0 265.0 1.9368528426423146 5.078445496232108 32.0 
342.0 266.0 1.9368528426423146 5.078445496232108 32.0 
342.0 267.0 1.9368528426423146 5.078445496232108 32.0 
342.0 268.0 1.9368528426423146 5.078445496232108 32.0 
342.0 269.0 1.9368528426423146 5.078445496232108 32.0 
342.0 270.0 1.9368528426423146 5.078445496232108 32.0 
342.0 271.0 1.9368528426423146 5.078445496232108 32.0 
342.0 272.0 1.9368528426423146 5.078445496232108 32.0 
342.0 273.0 1.9368528426423146 5.078445496232108 32.0 
342.0 274.0 1.9368528426423146 5.078445496232108 32.0 
342.0 275.0 1.9368528426423146 5.078445496232108 32.0 
343.0 257.0 1.9368528426423146 5.078445496232108 32.0 
343.0 258.0 1.9368528426423146 5.078445496232108 32.0 
343.0 259.0 1.9368528426423146 5.078445496232108 32.0 
343.0 260.0 1.9368528426423146 5.078445496232108 32.0 
343.0 261.0 1.9368528426423146 5.078445496232108 32.0 
343.0 262.0 1.9368528426423146 5.078445496232108 32.0 
343.0 263.0 1.9368528426423146 5.078445496232108 32.0 
343.0 264.0 1.9368528426423146 5.078445496232108 32.0 
343.0 265.0 1.9368528426423146 5.078445496232108 32.0 
343.0 266.0 1.9368528426423146 5.078445496232108 32.0 
343.0 267.0 1.9368528426423146 5.078445496232108 32.0 
343.0 268.0 1.9368528426423146 5.078445496232108 32.0 
343.0 269.0 1.9368528426423146 5.078445496232108 32.0 
343.0 270.0 1.9368528426423146 5.078445496232108 32.0 
343.0 271.0 1.9368528426423146 5.078445496232108 32.0 
343.0 272.0 1.9368528426423146 5.078445496232108 32.0 
344.0 254.0 1.9368528426423146 5.078445496232108 32.0 
344.0 255.0 1.9368528426423146 5.078445496232108 32.0 
344.0 256.0 1.9368528426423146 5.078445496232108 32.0 
344.0 257.0 1.9368528426423146 5.078445496232108 32.0 
344.0 258.0 1.9368528426423146 5.078445496232108 32.0 
344.0 259.0 1.9368528426423146 5.078445496232108 32.0 
344.0 260.0 1.9368528426423146 5.078445496232108 32.0 
344.0 261.0 1.9368528426423146 5.078445496232108 32.0 
344.0 262.0 1.9368528426423146 5.078445496232108 32.0 
344.0 263.0 1.9368528426423146 5.078445496232108 32.0 
344.0 264.0 1.9368528426423146 5.078445496232108 32.0 
344.0 265.0 1.9368528426423146 5.078445496232108 32.0 
344.0 266.0 1.9368528426423146 5.078445496232108 32.0 
344.0 267.0 1.9368528426423146 5.078445496232108 32.0 
344.0 268.0 1.9368528426423146 5.078445496232108 32.0 
344.0 269.0 1.9368528426423146 5.078445496232108 32.0 
344.0 270.0 1.9368528426423146 5.078445496232108 32.0 
345.0 251.0 1.9368528426423146 5.078445496232108 32.0 
345.0 252.0 1.9368528426423146 5.078445496232108 32.0 
345.0 253.0 1.9368528426423146 5.078445496232108 32.0 
345.0 254.0 1.9368528426423146 5.078445496232108 32.0 
345.0 255.0 1.9368528426423146 5.078445496232108 32.0 
345.0 256.0 1.9368528426423146 5.078445496232108 32.0 
345.0 257.0 1.9368528426423146 5.078445496232108 32.0 
345.0 258.0 1.9368528426423146 5.078445496232108 32.0 
345.0 259.0 1.9368528426423146 5.078445496232108 32.0 
345.0 260.0 1.9368528426423146 5.078445496232108 32.0 
345.0 261.0 1.9368528426423146 5.078445496232108 32.0 
345.0 262.0 1.9368528426423146 5.078445496232108 32.0 
345.0 263.0 1.9368528426423146 5.078445496232108 32.0 
345.0 264.0 1.9368528426423146 5.078445496232108 32.0 
345.0 265.0 1.9368528426423146 5.078445496232108 32.0 
345.0 266.0 1.9368528426423146 5.078445496232108 32.0 
345.0 267.0 1.9368528426423146 5.078445496232108 32.0 
346.0 249.0 1.9368528426423146 5.078445496232108 32.0 
346.0 250.0 1.9368528426423146 5.078445496232108 32.0 
346.0 251.0 1.9368528426423146 5.078445496232108 32.0 
346.0 252.0 1.9368528426423146 5.078445496232108 32.0 
346.0 253.0 1.9368528426423146 5.078445496232108 32.0 
346.0 254.0 1.9368528426423146 5.078445496232108 32.0 
346.0 255.0 1.9368528426423146 5.078445496232108 32.0 
346.0 256.0 1.9368528426423146 5.078445496232108 32.0 
346.0 257.0 1.9368528426423146 5.078445496232108 32.0 
346.0 258.0 1.9368528426423146 5.078445496232108 32.0 
346.0 259.0 1.9368528426423146 5.078445496232108 32.0 
346.0 260.0 1.9368528426423146 5.078445496232108 32.0 
346.0 261.0 1.9368528426423146 5.078445496232108 32.0 
346.0 262.0 1.9368528426423146 5.078445496232108 32.0 
346.0 263.0 1.9368528426423146 5.078445496232108 32.0 
346.0 264.0 1.9368528426423146 5.078445496232108 32.0 
346.0 265.0 1.9368528426423146 5.078445496232108 32.0 
347.0 246.0 1.9368528426423146 5.078445496232108 32.0 
347.0 247.0 1.9368528426423146 5.078445496232108 32.0 
347.0 248.0 1.9368528426423146 5.078445496232108 32.0 
347.0 249.0 1.9368528426423146 5.078445496232108 32.0 
347.0 250.0 1.9368528426423146 5.078445496232108 32.0 
347.0 251.0 1.9368528426423146 5.078445496232108 32.0 
347.0 252.0 1.9368528426423146 5.078445496232108 32.0 
347.0 253.0 1.9368528426423146 5.078445496232108 32.0 
347.0 254.0 1.9368528426423146 5.078445496232108 32.0 
347.0 255.0 1.9368528426423146 5.078445496232108 32.0 
347.0 256.0 1.9368528426423146 5.078445496232108 32.0 
347.0 257.0 1.9368528426423146 5.078445496232108 32.0 
347.0 258.0 1.9368528426423146 5.078445496232108 32.0 
347.0 259.0 1.9368528426423146 5.078445496232108 32.0 
347.0 260.0 1.9368528426423146 5.078445496232108 32.0 
347.0 261.0 1.9368528426423146 5.078445496232108 32.0 
347.0 262.0 1.9368528426423146 5.078445496232108 32.0 
348.0 244.0 1.9368528426423146 5.078445496232108 32.0 
348.0 245.0 1.9368528426423146 5.078445496232108 32.0 
348.0 246.0 1.9368528426423146 5.078445496232108 32.0 
348.0 247.0 1.9368528426423146 5.078445496232108 32.0 
348.0 248.0 1.9368528426423146 5.078445496232108 32.0 
348.0 249.0 1.9368528426423146 5.078445496232108 32.0 
348.0 250.0 1.9368528426423146 5.078445496232108 32.0 
348.0 251.0 1.9368528426423146 5.078445496232108 32.0 
348.0 252.0 1.9368528426423146 5.078445496232108 32.0 
348.0 253.0 1.9368528426423146 5.078445496232108 32.0 
348.0 254.0 1.9368528426423146 5.078445496232108 32.0 
348.0 255.0 1.9368528426423146 5.078445496232108 32.0 
348.0 256.0 1.9368528426423146 5.078445496232108 32.0 
348.0 257.0 1.9368528426423146 5.078445496232108 32.0 
348.0 258.0 1.9368528426423146 5.078445496232108 32.0 
348.0 259.0 1.9368528426423146 5.078445496232108 32.0 
349.0 241.0 1.9368528426423146 5.078445496232108 32.0 
349.0 242.0 1.9368528426423146 5.078445496232108 32.0 
349.0 243.0 1.9368528426423146 5.078445496232108 32.0 
349.0 244.0 1.9368528426423146 5.078445496232108 32.0 
349.0 245.0 1.9368528426423146 5.078445496232108 32.0 
349.0 246.0 1.9368528426423146 5.078445496232108 32.0 
349.0 247.0 1.9368528426423146 5.078445496232108 32.0 
349.0 248.0 1.9368528426423146 5.078445496232108 32.0 
349.0 249.0 1.9368528426423146 5.078445496232108 32.0 
349.0 250.0 1.9368528426423146 5.078445496232108 32.0 
349.0 251.0 1.9368528426423146 5.078445496232108 32.0 
349.0 252.0 1.9368528426423146 5.078445496232108 32.0 
349.0 253.0 1.9368528426423146 5.078445496232108 32.0 
349.0 254.0 1.9368528426423146 5.078445496232108 32.0 
349.0 255.0 1.9368528426423146 5.078445496232108 32.0 
349.0 256.0 1.9368528426423146 5.078445496232108 32.0 
349.0 257.0 1.9368528426423146 5.078445496232108 32.0 
350.0 238.0 1.9368528426423146 5.078445496232108 32.0 
350.0 239.0 1.9368528426423146 5.078445496232108 32.0 
350.0 240.0 1.9368528426423146 5.078445496232108 32.0 
350.0 241.0 1.9368528426423146 5.078445496232108 32.0 
350.0 242.0 1.9368528426423146 5.078445496232108 32.0 
350.0 243.0 1.9368528426423146 5.078445496232108 32.0 
350.0 244.0 1.9368528426423146 5.078445496232108 32.0 
350.0 245.0 1.9368528426423146 5.078445496232108 32.0 
350.0 246.0 1.9368528426423146 5.078445496232108 32.0 
350.0 247.0 1.9368528426423146 5.078445496232108 32.0 
350.0 248.0 1.9368528426423146 5.078445496232108 32.0 
350.0 249.0 1.9368528426423146 5.078445496232108 32.0 
350.0 250.0 1.9368528426423146 5.078445496232108 32.0 
350.0 251.0 1.9368528426423146 5.078445496232108 32.0 
350.0 252.0 1.9368528426423146 5.078445496232108 32.0 
350.0 253.0 1.9368528426423146 5.078445496232108 32.0 
350.0 254.0 1.9368528426423146 5.078445496232108 32.0 
351.0 236.0 1.9368528426423146 5.078445496232108 32.0 
351.0 237.0 1.9368528426423146 5.078445496232108 32.0 
351.0 238.0 1.9368528426423146 5.078445496232108 32.0 
351.0 239.0 1.9368528426423146 5.078445496232108 32.0 
351.0 240.0 1.9368528426423146 5.078445496232108 32.0 
351.0 241.0 1.9368528426423146 5.078445496232108 32.0 
351.0 242.0 1.9368528426423146 5.078445496232108 32.0 
351.0 243.0 1.9368528426423146 5.078445496232108 32.0 
351.0 244.0 1.9368528426423146 5.078445496232108 32.0 
351.0 245.0 1.9368528426423146 5.078445496232108 32.0 
351.0 246.0 1.9368528426423146 5.078445496232108 32.0 
351.0 247.0 1.9368528426423146 5.078445496232108 32.0 
351.0 248.0 1.9368528426423146 5.078445496232108 32.0 
351.0 249.0 1.9368528426423146 5.078445496232108 32.0 
351.0 250.0 1.9368528426423146 5.078445496232108 32.0 
351.0 251.0 1.9368528426423146 5.078445496232108 32.0 
351.0 252.0 1.9368528426423146 5.078445496232108 32.0 
352.0 233.0 1.9368528426423146 5.078445496232108 32.0 
352.0 234.0 1.9368528426423146 5.078445496232108 32.0 
352.0 235.0 1.9368528426423146 5.078445496232108 32.0 
352.0 236.0 1.9368528426423146 5.078445496232108 32.0 
352.0 237.0 1.9368528426423146 5.078445496232108 32.0 
352.0 238.0 1.9368528426423146 5.078445496232108 32.0 
352.0 239.0 1.9368528426423146 5.078445496232108 32.0 
352.0 240.0 1.9368528426423146 5.078445496232108 32.0 
352.0 241.0 1.9368528426423146 5.078445496232108 32.0 
352.0 242.0 1.9368528426423146 5.078445496232108 32.0 
352.0 243.0 1.9368528426423146 5.078445496232108 32.0 
352.0 244.0 1.9368528426423146 5.078445496232108 32.0 
352.0 245.0 1.9368528426423146 5.078445496232108 32.0 
352.0 246.0 1.9368528426423146 5.078445496232108 32.0 
352.0 247.0 1.9368528426423146 5.078445496232108 32.0 
352.0 248.0 1.9368528426423146 5.078445496232108 32.0 
352.0 249.0 1.9368528426423146 5.078445496232108 32.0 
353.0 231.0 1.9368528426423146 5.078445496232108 32.0 
353.0 232.0 1.9368528426423146 5.078445496232108 32.0 
353.0 233.0 1.9368528426423146 5.078445496232108 32.0 
353.0 234.0 1.9368528426423146 5.078445496232108 32.0 
353.0 235.0 1.9368528426423146 5.078445496232108 32.0 
353.0 236.0 1.9368528426423146 5.078445496232108 32.0 
353.0 237.0 1.9368528426423146 5.078445496232108 32.0 
353.0 238.0 1.9368528426423146 5.078445496232108 32.0 
353.0 239.0 1.9368528426423146 5.078445496232108 32.0 
353.0 240.0 1.9368528426423146 5.078445496232108 32.0 
353.0 241.0 1.9368528426423146 5.078445496232108 32.0 
353.0 242.0 1.9368528426423146 5.078445496232108 32.0 
353.0 243.0 1.9368528426423146 5.078445496232108 32.0 
353.0 244.0 1.9368528426423146 5.078445496232108 32.0 
353.0 245.0 1.9368528426423146 5.078445496232108 32.0 
353.0 246.0 1.9368528426423146 5.078445496232108 32.0 
354.0 228.0 1.9368528426423146 5.078445496232108 32.0 
354.0 229.0 1.9368528426423146 5.078445496232108 32.0 
354.0 230.0 1.9368528426423146 5.078445496232108 32.0 
354.0 231.0 1.9368528426423146 5.078445496232108 32.0 
354.0 232.0 1.9368528426423146 5.078445496232108 32.0 
354.0 233.0 1.9368528426423146 5.078445496232108 32.0 
354.0 234.0 1.9368528426423146 5.078445496232108 32.0 
354.0 235.0 1.9368528426423146 5.078445496232108 32.0 
354.0 236.0 1.9368528426423146 5.078445496232108 32.0 
354.0 237.0 1.9368528426423146 5.078445496232108 32.0 
354.0 238.0 1.9368528426423146 5.078445496232108 32.0 
354.0 239.0 1.9368528426423146 5.078445496232108 32.0 
354.0 240.0 1.9368528426423146 5.078445496232108 32.0 
354.0 241.0 1.9368528426423146 5.078445496232108 32.0 
354.0 242.0 1.9368528426423146 5.078445496232108 32.0 
354.0 243.0 1.9368528426423146 5.078445496232108 32.0 
354.0 244.0 1.9368528426423146 5.078445496232108 32.0 
355.0 228.0 1.9368528426423146 5.078445496232108 32.0 
355.0 229.0 1.9368528426423146 5.078445496232108 32.0 
355.0 230.0 1.9368528426423146 5.078445496232108 32.0 
355.0 231.0 1.9368528426423146 5.078445496232108 32.0 
355.0 232.0 1.9368528426423146 5.078445496232108 32.0 
355.0 233.0 1.9368528426423146 5.078445496232108 32.0 
355.0 234.0 1.9368528426423146 5.078445496232108 32.0 
355.0 235.0 1.9368528426423146 5.078445496232108 32.0 
355.0 236.0 1.9368528426423146 5.078445496232108 32.0 
355.0 237.0 1.9368528426423146 5.078445496232108 32.0 
355.0 238.0 1.9368528426423146 5.078445496232108 32.0 
355.0 239.0 1.9368528426423146 5.078445496232108 32.0 
355.0 240.0 1.9368528426423146 5.078445496232108 32.0 
355.0 241.0 1.9368528426423146 5.078445496232108 32.0 
356.0 228.0 1.9368528426423146 5.078445496232108 32.0 
356.0 229.0 1.9368528426423146 5.078445496232108 32.0 
356.0 230.0 1.9368528426423146 5.078445496232108 32.0 
356.0 231.0 1.9368528426423146 5.078445496232108 32.0 
356.0 232.0 1.9368528426423146 5.078445496232108 32.0 
356.0 233.0 1.9368528426423146 5.078445496232108 32.0 
356.0 234.0 1.9368528426423146 5.078445496232108 32.0 
356.0 235.0 1.9368528426423146 5.078445496232108 32.0 
356.0 236.0 1.9368528426423146 5.078445496232108 32.0 
356.0 237.0 1.9368528426423146 5.078445496232108 32.0 
356.0 238.0 1.9368528426423146 5.078445496232108 32.0 
357.0 228.0 1.9368528426423146 5.078445496232108 32.0 
357.0 229.0 1.9368528426423146 5.078445496232108 32.0 
357.0 230.0 1.9368528426423146 5.078445496232108 32.0 
357.0 231.0 1.9368528426423146 5.078445496232108 32.0 
357.0 232.0 1.9368528426423146 5.078445496232108 32.0 
357.0 233.0 1.9368528426423146 5.078445496232108 32.0 
357.0 234.0 1.9368528426423146 5.078445496232108 32.0 
357.0 235.0 1.9368528426423146 5.078445496232108 32.0 
357.0 236.0 1.9368528426423146 5.078445496232108 32.0 
358.0 229.0 1.9368528426423146 5.078445496232108 32.0 
358.0 230.0 1.9368528426423146 5.078445496232108 32.0 
358.0 231.0 1.9368528426423146 5.078445496232108 32.0 
358.0 232.0 1.9368528426423146 5.078445496232108 32.0 
358.0 233.0 1.9368528426423146 5.078445496232108 32.0 
359.0 229.0 1.9368528426423146 5.078445496232108 32.0 
359.0 230.0 1.9368528426423146 5.078445496232108 32.0 
359.0 231.0 1.9368528426423146 5.078445496232108 32.0 
