333.0 231.0 4.495515364718281 1.3539227111284877 32.0 
333.0 232.0 4.495515364718281 1.3539227111284877 32.0 
333.0 233.0 4.495515364718281 1.3539227111284877 32.0 
333.0 234.0 4.495515364718281 1.3539227111284877 32.0 
334.0 231.0 4.495515364718281 1.3539227111284877 32.0 
334.0 232.0 4.495515364718281 1.3539227111284877 32.0 
334.0 233.0 4.495515364718281 1.3539227111284877 32.0 
334.0 234.0 4.495515364718281 1.3539227111284877 32.0 
334.0 235.0 4.495515364718281 1.3539227111284877 32.0 
334.0 236.0 4.495515364718281 1.3539227111284877 32.0 
334.0 237.0 4.495515364718281 1.3539227111284877 32.0 
334.0 238.0 4.495515364718281 1.3539227111284877 32.0 
334.0 239.0 4.495515364718281 1.3539227111284877 32.0 
335.0 230.0 4.495515364718281 1.3539227111284877 32.0 
335.0 231.0 4.495515364718281 1.3539227111284877 32.0 
335.0 232.0 4.495515364718281 1.3539227111284877 32.0 
335.0 233.0 4.495515364718281 1.3539227111284877 32.0 
335.0 234.0 4.495515364718281 1.3539227111284877 32.0 
335.0 235.0 4.495515364718281 1.3539227111284877 32.0 
335.0 236.0 4.495515364718281 1.3539227111284877 32.0 
335.0 237.0 4.495515364718281 1.3539227111284877 32.0 
335.0 238.0 4.495515364718281 1.3539227111284877 32.0 
335.0 239.0 4.495515364718281 1.3539227111284877 32.0 
335.0 240.0 4.495515364718281 1.3539227111284877 32.0 
335.0 241.0 4.495515364718281 1.3539227111284877 32.0 
335.0 242.0 4.495515364718281 1.3539227111284877 32.0 
335.0 243.0 4.495515364718281 1.3539227111284877 32.0 
336.0 230.0 4.495515364718281 1.3539227111284877 32.0 
336.0 231.0 4.495515364718281 1.3539227111284877 32.0 
336.0 232.0 4.495515364718281 1.3539227111284877 32.0 
336.0 233.0 4.495515364718281 1.3539227111284877 32.0 
336.0 234.0 4.495515364718281 1.3539227111284877 32.0 
336.0 235.0 4.495515364718281 1.3539227111284877 32.0 
336.0 236.0 4.495515364718281 1.3539227111284877 32.0 
336.0 237.0 4.495515364718281 1.3539227111284877 32.0 
336.0 238.0 4.495515364718281 1.3539227111284877 32.0 
336.0 239.0 4.495515364718281 1.3539227111284877 32.0 
336.0 240.0 4.495515364718281 1.3539227111284877 32.0 
336.0 241.0 4.495515364718281 1.3539227111284877 32.0 
336.0 242.0 4.495515364718281 1.3539227111284877 32.0 
336.0 243.0 4.495515364718281 1.3539227111284877 32.0 
336.0 244.0 4.495515364718281 1.3539227111284877 32.0 
336.0 245.0 4.495515364718281 1.3539227111284877 32.0 
336.0 246.0 4.495515364718281 1.3539227111284877 32.0 
336.0 247.0 4.495515364718281 1.3539227111284877 32.0 
336.0 248.0 4.495515364718281 1.3539227111284877 32.0 
337.0 230.0 4.495515364718281 1.3539227111284877 32.0 
337.0 231.0 4.495515364718281 1.3539227111284877 32.0 
337.0 232.0 4.495515364718281 1.3539227111284877 32.0 
337.0 233.0 4.495515364718281 1.3539227111284877 32.0 
337.0 234.0 4.495515364718281 1.3539227111284877 32.0 
337.0 235.0 4.495515364718281 1.3539227111284877 32.0 
337.0 236.0 4.495515364718281 1.3539227111284877 32.0 
337.0 237.0 4.495515364718281 1.3539227111284877 32.0 
337.0 238.0 4.495515364718281 1.3539227111284877 32.0 
337.0 239.0 4.495515364718281 1.3539227111284877 32.0 
337.0 240.0 4.495515364718281 1.3539227111284877 32.0 
337.0 241.0 4.495515364718281 1.3539227111284877 32.0 
337.0 242.0 4.495515364718281 1.3539227111284877 32.0 
337.0 243.0 4.495515364718281 1.3539227111284877 32.0 
337.0 244.0 4.495515364718281 1.3539227111284877 32.0 
337.0 245.0 4.495515364718281 1.3539227111284877 32.0 
337.0 246.0 4.495515364718281 1.3539227111284877 32.0 
337.0 247.0 4.495515364718281 1.3539227111284877 32.0 
337.0 248.0 4.495515364718281 1.3539227111284877 32.0 
337.0 249.0 4.495515364718281 1.3539227111284877 32.0 
337.0 250.0 4.495515364718281 1.3539227111284877 32.0 
337.0 251.0 4.495515364718281 1.3539227111284877 32.0 
337.0 252.0 4.495515364718281 1.3539227111284877 32.0 
337.0 253.0 4.495515364718281 1.3539227111284877 32.0 
338.0 230.0 4.495515364718281 1.3539227111284877 32.0 
338.0 231.0 4.495515364718281 1.3539227111284877 32.0 
338.0 232.0 4.495515364718281 1.3539227111284877 32.0 
338.0 233.0 4.495515364718281 1.3539227111284877 32.0 
338.0 234.0 4.495515364718281 1.3539227111284877 32.0 
338.0 235.0 4.495515364718281 1.3539227111284877 32.0 
338.0 236.0 4.495515364718281 1.3539227111284877 32.0 
338.0 237.0 4.495515364718281 1.3539227111284877 32.0 
338.0 238.0 4.495515364718281 1.3539227111284877 32.0 
338.0 239.0 4.495515364718281 1.3539227111284877 32.0 
338.0 240.0 4.495515364718281 1.3539227111284877 32.0 
338.0 241.0 4.495515364718281 1.3539227111284877 32.0 
338.0 242.0 4.495515364718281 1.3539227111284877 32.0 
338.0 243.0 4.495515364718281 1.3539227111284877 32.0 
338.0 244.0 4.495515364718281 1.3539227111284877 32.0 
338.0 245.0 4.495515364718281 1.3539227111284877 32.0 
338.0 246.0 4.495515364718281 1.3539227111284877 32.0 
338.0 247.0 4.495515364718281 1.3539227111284877 32.0 
338.0 248.0 4.495515364718281 1.3539227111284877 32.0 
338.0 249.0 4.495515364718281 1.3539227111284877 32.0 
338.0 250.0 4.495515364718281 1.3539227111284877 32.0 
338.0 251.0 4.495515364718281 1.3539227111284877 32.0 
338.0 252.0 4.495515364718281 1.3539227111284877 32.0 
338.0 253.0 4.495515364718281 1.3539227111284877 32.0 
338.0 254.0 4.495515364718281 1.3539227111284877 32.0 
338.0 255.0 4.495515364718281 1.3539227111284877 32.0 
338.0 256.0 4.495515364718281 1.3539227111284877 32.0 
338.0 257.0 4.495515364718281 1.3539227111284877 32.0 
339.0 235.0 4.495515364718281 1.3539227111284877 32.0 
339.0 236.0 4.495515364718281 1.3539227111284877 32.0 
339.0 237.0 4.495515364718281 1.3539227111284877 32.0 
339.0 238.0 4.495515364718281 1.3539227111284877 32.0 
339.0 239.0 4.495515364718281 1.3539227111284877 32.0 
339.0 240.0 4.495515364718281 1.3539227111284877 32.0 
339.0 241.0 4.495515364718281 1.3539227111284877 32.0 
339.0 242.0 4.495515364718281 1.3539227111284877 32.0 
339.0 243.0 4.495515364718281 1.3539227111284877 32.0 
339.0 244.0 4.495515364718281 1.3539227111284877 32.0 
339.0 245.0 4.495515364718281 1.3539227111284877 32.0 
339.0 246.0 4.495515364718281 1.3539227111284877 32.0 
339.0 247.0 4.495515364718281 1.3539227111284877 32.0 
339.0 248.0 4.495515364718281 1.3539227111284877 32.0 
339.0 249.0 4.495515364718281 1.3539227111284877 32.0 
339.0 250.0 4.495515364718281 1.3539227111284877 32.0 
339.0 251.0 4.495515364718281 1.3539227111284877 32.0 
339.0 252.0 4.495515364718281 1.3539227111284877 32.0 
339.0 253.0 4.495515364718281 1.3539227111284877 32.0 
339.0 254.0 4.495515364718281 1.3539227111284877 32.0 
339.0 255.0 4.495515364718281 1.3539227111284877 32.0 
339.0 256.0 4.495515364718281 1.3539227111284877 32.0 
339.0 257.0 4.495515364718281 1.3539227111284877 32.0 
339.0 258.0 4.495515364718281 1.3539227111284877 32.0 
339.0 259.0 4.495515364718281 1.3539227111284877 32.0 
339.0 260.0 4.495515364718281 1.3539227111284877 32.0 
339.0 261.0 4.495515364718281 1.3539227111284877 32.0 
339.0 262.0 4.495515364718281 1.3539227111284877 32.0 
340.0 239.0 4.495515364718281 1.3539227111284877 32.0 
340.0 240.0 4.495515364718281 1.3539227111284877 32.0 
340.0 241.0 4.495515364718281 1.3539227111284877 32.0 
340.0 242.0 4.495515364718281 1.3539227111284877 32.0 
340.0 243.0 4.495515364718281 1.3539227111284877 32.0 
340.0 244.0 4.495515364718281 1.3539227111284877 32.0 
340.0 245.0 4.495515364718281 1.3539227111284877 32.0 
340.0 246.0 4.495515364718281 1.3539227111284877 32.0 
340.0 247.0 4.495515364718281 1.3539227111284877 32.0 
340.0 248.0 4.495515364718281 1.3539227111284877 32.0 
340.0 249.0 4.495515364718281 1.3539227111284877 32.0 
340.0 250.0 4.495515364718281 1.3539227111284877 32.0 
340.0 251.0 4.495515364718281 1.3539227111284877 32.0 
340.0 252.0 4.495515364718281 1.3539227111284877 32.0 
340.0 253.0 4.495515364718281 1.3539227111284877 32.0 
340.0 254.0 4.495515364718281 1.3539227111284877 32.0 
340.0 255.0 4.495515364718281 1.3539227111284877 32.0 
340.0 256.0 4.495515364718281 1.3539227111284877 32.0 
340.0 257.0 4.495515364718281 1.3539227111284877 32.0 
340.0 258.0 4.495515364718281 1.3539227111284877 32.0 
340.0 259.0 4.495515364718281 1.3539227111284877 32.0 
340.0 260.0 4.495515364718281 1.3539227111284877 32.0 
340.0 261.0 4.495515364718281 1.3539227111284877 32.0 
340.0 262.0 4.495515364718281 1.3539227111284877 32.0 
340.0 263.0 4.495515364718281 1.3539227111284877 32.0 
340.0 264.0 4.495515364718281 1.3539227111284877 32.0 
340.0 265.0 4.495515364718281 1.3539227111284877 32.0 
340.0 266.0 4.495515364718281 1.3539227111284877 32.0 
341.0 244.0 4.495515364718281 1.3539227111284877 32.0 
341.0 245.0 4.495515364718281 1.3539227111284877 32.0 
341.0 246.0 4.495515364718281 1.3539227111284877 32.0 
341.0 247.0 4.495515364718281 1.3539227111284877 32.0 
341.0 248.0 4.495515364718281 1.3539227111284877 32.0 
341.0 249.0 4.495515364718281 1.3539227111284877 32.0 
341.0 250.0 4.495515364718281 1.3539227111284877 32.0 
341.0 251.0 4.495515364718281 1.3539227111284877 32.0 
341.0 252.0 4.495515364718281 1.3539227111284877 32.0 
341.0 253.0 4.495515364718281 1.3539227111284877 32.0 
341.0 254.0 4.495515364718281 1.3539227111284877 32.0 
341.0 255.0 4.495515364718281 1.3539227111284877 32.0 
341.0 256.0 4.495515364718281 1.3539227111284877 32.0 
341.0 257.0 4.495515364718281 1.3539227111284877 32.0 
341.0 258.0 4.495515364718281 1.3539227111284877 32.0 
341.0 259.0 4.495515364718281 1.3539227111284877 32.0 
341.0 260.0 4.495515364718281 1.3539227111284877 32.0 
341.0 261.0 4.495515364718281 1.3539227111284877 32.0 
341.0 262.0 4.495515364718281 1.3539227111284877 32.0 
341.0 263.0 4.495515364718281 1.3539227111284877 32.0 
341.0 264.0 4.495515364718281 1.3539227111284877 32.0 
341.0 265.0 4.495515364718281 1.3539227111284877 32.0 
341.0 266.0 4.495515364718281 1.3539227111284877 32.0 
341.0 267.0 4.495515364718281 1.3539227111284877 32.0 
341.0 268.0 4.495515364718281 1.3539227111284877 32.0 
341.0 269.0 4.495515364718281 1.3539227111284877 32.0 
341.0 270.0 4.495515364718281 1.3539227111284877 32.0 
341.0 271.0 4.495515364718281 1.3539227111284877 32.0 
342.0 248.0 4.495515364718281 1.3539227111284877 32.0 
342.0 249.0 4.495515364718281 1.3539227111284877 32.0 
342.0 250.0 4.495515364718281 1.3539227111284877 32.0 
342.0 251.0 4.495515364718281 1.3539227111284877 32.0 
342.0 252.0 4.495515364718281 1.3539227111284877 32.0 
342.0 253.0 4.495515364718281 1.3539227111284877 32.0 
342.0 254.0 4.495515364718281 1.3539227111284877 32.0 
342.0 255.0 4.495515364718281 1.3539227111284877 32.0 
342.0 256.0 4.495515364718281 1.3539227111284877 32.0 
342.0 257.0 4.495515364718281 1.3539227111284877 32.0 
342.0 258.0 4.495515364718281 1.3539227111284877 32.0 
342.0 259.0 4.495515364718281 1.3539227111284877 32.0 
342.0 260.0 4.495515364718281 1.3539227111284877 32.0 
342.0 261.0 4.495515364718281 1.3539227111284877 32.0 
342.0 262.0 4.495515364718281 1.3539227111284877 32.0 
342.0 263.0 4.495515364718281 1.3539227111284877 32.0 
342.0 264.0 4.495515364718281 1.3539227111284877 32.0 
342.0 265.0 4.495515364718281 1.3539227111284877 32.0 
342.0 266.0 4.495515364718281 1.3539227111284877 32.0 
342.0 267.0 4.495515364718281 1.3539227111284877 32.0 
342.0 268.0 4.495515364718281 1.3539227111284877 32.0 
342.0 269.0 4.495515364718281 1.3539227111284877 32.0 
342.0 270.0 4.495515364718281 1.3539227111284877 32.0 
342.0 271.0 4.495515364718281 1.3539227111284877 32.0 
342.0 272.0 4.495515364718281 1.3539227111284877 32.0 
342.0 273.0 4.495515364718281 1.3539227111284877 32.0 
342.0 274.0 4.495515364718281 1.3539227111284877 32.0 
342.0 275.0 4.495515364718281 1.3539227111284877 32.0 
343.0 253.0 4.495515364718281 1.3539227111284877 32.0 
343.0 254.0 4.495515364718281 1.3539227111284877 32.0 
343.0 255.0 4.495515364718281 1.3539227111284877 32.0 
343.0 256.0 4.495515364718281 1.3539227111284877 32.0 
343.0 257.0 4.495515364718281 1.3539227111284877 32.0 
343.0 258.0 4.495515364718281 1.3539227111284877 32.0 
343.0 259.0 4.495515364718281 1.3539227111284877 32.0 
343.0 260.0 4.495515364718281 1.3539227111284877 32.0 
343.0 261.0 4.495515364718281 1.3539227111284877 32.0 
343.0 262.0 4.495515364718281 1.3539227111284877 32.0 
343.0 263.0 4.495515364718281 1.3539227111284877 32.0 
343.0 264.0 4.495515364718281 1.3539227111284877 32.0 
343.0 265.0 4.495515364718281 1.3539227111284877 32.0 
343.0 266.0 4.495515364718281 1.3539227111284877 32.0 
343.0 267.0 4.495515364718281 1.3539227111284877 32.0 
343.0 268.0 4.495515364718281 1.3539227111284877 32.0 
343.0 269.0 4.495515364718281 1.3539227111284877 32.0 
343.0 270.0 4.495515364718281 1.3539227111284877 32.0 
343.0 271.0 4.495515364718281 1.3539227111284877 32.0 
343.0 272.0 4.495515364718281 1.3539227111284877 32.0 
343.0 273.0 4.495515364718281 1.3539227111284877 32.0 
343.0 274.0 4.495515364718281 1.3539227111284877 32.0 
343.0 275.0 4.495515364718281 1.3539227111284877 32.0 
343.0 276.0 4.495515364718281 1.3539227111284877 32.0 
343.0 277.0 4.495515364718281 1.3539227111284877 32.0 
343.0 278.0 4.495515364718281 1.3539227111284877 32.0 
343.0 279.0 4.495515364718281 1.3539227111284877 32.0 
343.0 280.0 4.495515364718281 1.3539227111284877 32.0 
344.0 257.0 4.495515364718281 1.3539227111284877 32.0 
344.0 258.0 4.495515364718281 1.3539227111284877 32.0 
344.0 259.0 4.495515364718281 1.3539227111284877 32.0 
344.0 260.0 4.495515364718281 1.3539227111284877 32.0 
344.0 261.0 4.495515364718281 1.3539227111284877 32.0 
344.0 262.0 4.495515364718281 1.3539227111284877 32.0 
344.0 263.0 4.495515364718281 1.3539227111284877 32.0 
344.0 264.0 4.495515364718281 1.3539227111284877 32.0 
344.0 265.0 4.495515364718281 1.3539227111284877 32.0 
344.0 266.0 4.495515364718281 1.3539227111284877 32.0 
344.0 267.0 4.495515364718281 1.3539227111284877 32.0 
344.0 268.0 4.495515364718281 1.3539227111284877 32.0 
344.0 269.0 4.495515364718281 1.3539227111284877 32.0 
344.0 270.0 4.495515364718281 1.3539227111284877 32.0 
344.0 271.0 4.495515364718281 1.3539227111284877 32.0 
344.0 272.0 4.495515364718281 1.3539227111284877 32.0 
344.0 273.0 4.495515364718281 1.3539227111284877 32.0 
344.0 274.0 4.495515364718281 1.3539227111284877 32.0 
344.0 275.0 4.495515364718281 1.3539227111284877 32.0 
344.0 276.0 4.495515364718281 1.3539227111284877 32.0 
344.0 277.0 4.495515364718281 1.3539227111284877 32.0 
344.0 278.0 4.495515364718281 1.3539227111284877 32.0 
344.0 279.0 4.495515364718281 1.3539227111284877 32.0 
344.0 280.0 4.495515364718281 1.3539227111284877 32.0 
344.0 281.0 4.495515364718281 1.3539227111284877 32.0 
344.0 282.0 4.495515364718281 1.3539227111284877 32.0 
344.0 283.0 4.495515364718281 1.3539227111284877 32.0 
344.0 284.0 4.495515364718281 1.3539227111284877 32.0 
345.0 262.0 4.495515364718281 1.3539227111284877 32.0 
345.0 263.0 4.495515364718281 1.3539227111284877 32.0 
345.0 264.0 4.495515364718281 1.3539227111284877 32.0 
345.0 265.0 4.495515364718281 1.3539227111284877 32.0 
345.0 266.0 4.495515364718281 1.3539227111284877 32.0 
345.0 267.0 4.495515364718281 1.3539227111284877 32.0 
345.0 268.0 4.495515364718281 1.3539227111284877 32.0 
345.0 269.0 4.495515364718281 1.3539227111284877 32.0 
345.0 270.0 4.495515364718281 1.3539227111284877 32.0 
345.0 271.0 4.495515364718281 1.3539227111284877 32.0 
345.0 272.0 4.495515364718281 1.3539227111284877 32.0 
345.0 273.0 4.495515364718281 1.3539227111284877 32.0 
345.0 274.0 4.495515364718281 1.3539227111284877 32.0 
345.0 275.0 4.495515364718281 1.3539227111284877 32.0 
345.0 276.0 4.495515364718281 1.3539227111284877 32.0 
345.0 277.0 4.495515364718281 1.3539227111284877 32.0 
345.0 278.0 4.495515364718281 1.3539227111284877 32.0 
345.0 279.0 4.495515364718281 1.3539227111284877 32.0 
345.0 280.0 4.495515364718281 1.3539227111284877 32.0 
345.0 281.0 4.495515364718281 1.3539227111284877 32.0 
345.0 282.0 4.495515364718281 1.3539227111284877 32.0 
345.0 283.0 4.495515364718281 1.3539227111284877 32.0 
345.0 284.0 4.495515364718281 1.3539227111284877 32.0 
345.0 285.0 4.495515364718281 1.3539227111284877 32.0 
345.0 286.0 4.495515364718281 1.3539227111284877 32.0 
345.0 287.0 4.495515364718281 1.3539227111284877 32.0 
345.0 288.0 4.495515364718281 1.3539227111284877 32.0 
345.0 289.0 4.495515364718281 1.3539227111284877 32.0 
346.0 266.0 4.495515364718281 1.3539227111284877 32.0 
346.0 267.0 4.495515364718281 1.3539227111284877 32.0 
346.0 268.0 4.495515364718281 1.3539227111284877 32.0 
346.0 269.0 4.495515364718281 1.3539227111284877 32.0 
346.0 270.0 4.495515364718281 1.3539227111284877 32.0 
346.0 271.0 4.495515364718281 1.3539227111284877 32.0 
346.0 272.0 4.495515364718281 1.3539227111284877 32.0 
346.0 273.0 4.495515364718281 1.3539227111284877 32.0 
346.0 274.0 4.495515364718281 1.3539227111284877 32.0 
346.0 275.0 4.495515364718281 1.3539227111284877 32.0 
346.0 276.0 4.495515364718281 1.3539227111284877 32.0 
346.0 277.0 4.495515364718281 1.3539227111284877 32.0 
346.0 278.0 4.495515364718281 1.3539227111284877 32.0 
346.0 279.0 4.495515364718281 1.3539227111284877 32.0 
346.0 280.0 4.495515364718281 1.3539227111284877 32.0 
346.0 281.0 4.495515364718281 1.3539227111284877 32.0 
346.0 282.0 4.495515364718281 1.3539227111284877 32.0 
346.0 283.0 4.495515364718281 1.3539227111284877 32.0 
346.0 284.0 4.495515364718281 1.3539227111284877 32.0 
346.0 285.0 4.495515364718281 1.3539227111284877 32.0 
346.0 286.0 4.495515364718281 1.3539227111284877 32.0 
346.0 287.0 4.495515364718281 1.3539227111284877 32.0 
346.0 288.0 4.495515364718281 1.3539227111284877 32.0 
346.0 289.0 4.495515364718281 1.3539227111284877 32.0 
347.0 271.0 4.495515364718281 1.3539227111284877 32.0 
347.0 272.0 4.495515364718281 1.3539227111284877 32.0 
347.0 273.0 4.495515364718281 1.3539227111284877 32.0 
347.0 274.0 4.495515364718281 1.3539227111284877 32.0 
347.0 275.0 4.495515364718281 1.3539227111284877 32.0 
347.0 276.0 4.495515364718281 1.3539227111284877 32.0 
347.0 277.0 4.495515364718281 1.3539227111284877 32.0 
347.0 278.0 4.495515364718281 1.3539227111284877 32.0 
347.0 279.0 4.495515364718281 1.3539227111284877 32.0 
347.0 280.0 4.495515364718281 1.3539227111284877 32.0 
347.0 281.0 4.495515364718281 1.3539227111284877 32.0 
347.0 282.0 4.495515364718281 1.3539227111284877 32.0 
347.0 283.0 4.495515364718281 1.3539227111284877 32.0 
347.0 284.0 4.495515364718281 1.3539227111284877 32.0 
347.0 285.0 4.495515364718281 1.3539227111284877 32.0 
347.0 286.0 4.495515364718281 1.3539227111284877 32.0 
347.0 287.0 4.495515364718281 1.3539227111284877 32.0 
347.0 288.0 4.495515364718281 1.3539227111284877 32.0 
347.0 289.0 4.495515364718281 1.3539227111284877 32.0 
348.0 276.0 4.495515364718281 1.3539227111284877 32.0 
348.0 277.0 4.495515364718281 1.3539227111284877 32.0 
348.0 278.0 4.495515364718281 1.3539227111284877 32.0 
348.0 279.0 4.495515364718281 1.3539227111284877 32.0 
348.0 280.0 4.495515364718281 1.3539227111284877 32.0 
348.0 281.0 4.495515364718281 1.3539227111284877 32.0 
348.0 282.0 4.495515364718281 1.3539227111284877 32.0 
348.0 283.0 4.495515364718281 1.3539227111284877 32.0 
348.0 284.0 4.495515364718281 1.3539227111284877 32.0 
348.0 285.0 4.495515364718281 1.3539227111284877 32.0 
348.0 286.0 4.495515364718281 1.3539227111284877 32.0 
348.0 287.0 4.495515364718281 1.3539227111284877 32.0 
348.0 288.0 4.495515364718281 1.3539227111284877 32.0 
349.0 280.0 4.495515364718281 1.3539227111284877 32.0 
349.0 281.0 4.495515364718281 1.3539227111284877 32.0 
349.0 282.0 4.495515364718281 1.3539227111284877 32.0 
349.0 283.0 4.495515364718281 1.3539227111284877 32.0 
349.0 284.0 4.495515364718281 1.3539227111284877 32.0 
349.0 285.0 4.495515364718281 1.3539227111284877 32.0 
349.0 286.0 4.495515364718281 1.3539227111284877 32.0 
349.0 287.0 4.495515364718281 1.3539227111284877 32.0 
349.0 288.0 4.495515364718281 1.3539227111284877 32.0 
350.0 285.0 4.495515364718281 1.3539227111284877 32.0 
350.0 286.0 4.495515364718281 1.3539227111284877 32.0 
350.0 287.0 4.495515364718281 1.3539227111284877 32.0 
350.0 288.0 4.495515364718281 1.3539227111284877 32.0 
