321.0 235.0 3.7989817583140444 0.6573891047242506 32.0 
321.0 236.0 3.7989817583140444 0.6573891047242506 32.0 
322.0 233.0 3.7989817583140444 0.6573891047242506 32.0 
322.0 234.0 3.7989817583140444 0.6573891047242506 32.0 
322.0 235.0 3.7989817583140444 0.6573891047242506 32.0 
322.0 236.0 3.7989817583140444 0.6573891047242506 32.0 
323.0 232.0 3.7989817583140444 0.6573891047242506 32.0 
323.0 233.0 3.7989817583140444 0.6573891047242506 32.0 
323.0 234.0 3.7989817583140444 0.6573891047242506 32.0 
323.0 235.0 3.7989817583140444 0.6573891047242506 32.0 
323.0 236.0 3.7989817583140444 0.6573891047242506 32.0 
323.0 237.0 3.7989817583140444 0.6573891047242506 32.0 
324.0 231.0 3.7989817583140444 0.6573891047242506 32.0 
324.0 232.0 3.7989817583140444 0.6573891047242506 32.0 
324.0 233.0 3.7989817583140444 0.6573891047242506 32.0 
324.0 234.0 3.7989817583140444 0.6573891047242506 32.0 
324.0 235.0 3.7989817583140444 0.6573891047242506 32.0 
324.0 236.0 3.7989817583140444 0.6573891047242506 32.0 
324.0 237.0 3.7989817583140444 0.6573891047242506 32.0 
324.0 238.0 3.7989817583140444 0.6573891047242506 32.0 
325.0 232.0 3.7989817583140444 0.6573891047242506 32.0 
325.0 233.0 3.7989817583140444 0.6573891047242506 32.0 
325.0 234.0 3.7989817583140444 0.6573891047242506 32.0 
325.0 235.0 3.7989817583140444 0.6573891047242506 32.0 
325.0 236.0 3.7989817583140444 0.6573891047242506 32.0 
325.0 237.0 3.7989817583140444 0.6573891047242506 32.0 
325.0 238.0 3.7989817583140444 0.6573891047242506 32.0 
325.0 239.0 3.7989817583140444 0.6573891047242506 32.0 
326.0 233.0 3.7989817583140444 0.6573891047242506 32.0 
326.0 234.0 3.7989817583140444 0.6573891047242506 32.0 
326.0 235.0 3.7989817583140444 0.6573891047242506 32.0 
326.0 236.0 3.7989817583140444 0.6573891047242506 32.0 
326.0 237.0 3.7989817583140444 0.6573891047242506 32.0 
326.0 238.0 3.7989817583140444 0.6573891047242506 32.0 
326.0 239.0 3.7989817583140444 0.6573891047242506 32.0 
327.0 234.0 3.7989817583140444 0.6573891047242506 32.0 
327.0 235.0 3.7989817583140444 0.6573891047242506 32.0 
327.0 236.0 3.7989817583140444 0.6573891047242506 32.0 
327.0 237.0 3.7989817583140444 0.6573891047242506 32.0 
327.0 238.0 3.7989817583140444 0.6573891047242506 32.0 
327.0 239.0 3.7989817583140444 0.6573891047242506 32.0 
327.0 240.0 3.7989817583140444 0.6573891047242506 32.0 
328.0 234.0 3.7989817583140444 0.6573891047242506 32.0 
328.0 235.0 3.7989817583140444 0.6573891047242506 32.0 
328.0 236.0 3.7989817583140444 0.6573891047242506 32.0 
328.0 237.0 3.7989817583140444 0.6573891047242506 32.0 
328.0 238.0 3.7989817583140444 0.6573891047242506 32.0 
328.0 239.0 3.7989817583140444 0.6573891047242506 32.0 
328.0 240.0 3.7989817583140444 0.6573891047242506 32.0 
328.0 241.0 3.7989817583140444 0.6573891047242506 32.0 
329.0 235.0 3.7989817583140444 0.6573891047242506 32.0 
329.0 236.0 3.7989817583140444 0.6573891047242506 32.0 
329.0 237.0 3.7989817583140444 0.6573891047242506 32.0 
329.0 238.0 3.7989817583140444 0.6573891047242506 32.0 
329.0 239.0 3.7989817583140444 0.6573891047242506 32.0 
329.0 240.0 3.7989817583140444 0.6573891047242506 32.0 
329.0 241.0 3.7989817583140444 0.6573891047242506 32.0 
329.0 242.0 3.7989817583140444 0.6573891047242506 32.0 
330.0 236.0 3.7989817583140444 0.6573891047242506 32.0 
330.0 237.0 3.7989817583140444 0.6573891047242506 32.0 
330.0 238.0 3.7989817583140444 0.6573891047242506 32.0 
330.0 239.0 3.7989817583140444 0.6573891047242506 32.0 
330.0 240.0 3.7989817583140444 0.6573891047242506 32.0 
330.0 241.0 3.7989817583140444 0.6573891047242506 32.0 
330.0 242.0 3.7989817583140444 0.6573891047242506 32.0 
331.0 237.0 3.7989817583140444 0.6573891047242506 32.0 
331.0 238.0 3.7989817583140444 0.6573891047242506 32.0 
331.0 239.0 3.7989817583140444 0.6573891047242506 32.0 
331.0 240.0 3.7989817583140444 0.6573891047242506 32.0 
331.0 241.0 3.7989817583140444 0.6573891047242506 32.0 
331.0 242.0 3.7989817583140444 0.6573891047242506 32.0 
331.0 243.0 3.7989817583140444 0.6573891047242506 32.0 
332.0 237.0 3.7989817583140444 0.6573891047242506 32.0 
332.0 238.0 3.7989817583140444 0.6573891047242506 32.0 
332.0 239.0 3.7989817583140444 0.6573891047242506 32.0 
332.0 240.0 3.7989817583140444 0.6573891047242506 32.0 
332.0 241.0 3.7989817583140444 0.6573891047242506 32.0 
332.0 242.0 3.7989817583140444 0.6573891047242506 32.0 
332.0 243.0 3.7989817583140444 0.6573891047242506 32.0 
332.0 244.0 3.7989817583140444 0.6573891047242506 32.0 
333.0 238.0 3.7989817583140444 0.6573891047242506 32.0 
333.0 239.0 3.7989817583140444 0.6573891047242506 32.0 
333.0 240.0 3.7989817583140444 0.6573891047242506 32.0 
333.0 241.0 3.7989817583140444 0.6573891047242506 32.0 
333.0 242.0 3.7989817583140444 0.6573891047242506 32.0 
333.0 243.0 3.7989817583140444 0.6573891047242506 32.0 
333.0 244.0 3.7989817583140444 0.6573891047242506 32.0 
333.0 245.0 3.7989817583140444 0.6573891047242506 32.0 
334.0 239.0 3.7989817583140444 0.6573891047242506 32.0 
334.0 240.0 3.7989817583140444 0.6573891047242506 32.0 
334.0 241.0 3.7989817583140444 0.6573891047242506 32.0 
334.0 242.0 3.7989817583140444 0.6573891047242506 32.0 
334.0 243.0 3.7989817583140444 0.6573891047242506 32.0 
334.0 244.0 3.7989817583140444 0.6573891047242506 32.0 
334.0 245.0 3.7989817583140444 0.6573891047242506 32.0 
334.0 246.0 3.7989817583140444 0.6573891047242506 32.0 
335.0 240.0 3.7989817583140444 0.6573891047242506 32.0 
335.0 241.0 3.7989817583140444 0.6573891047242506 32.0 
335.0 242.0 3.7989817583140444 0.6573891047242506 32.0 
335.0 243.0 3.7989817583140444 0.6573891047242506 32.0 
335.0 244.0 3.7989817583140444 0.6573891047242506 32.0 
335.0 245.0 3.7989817583140444 0.6573891047242506 32.0 
335.0 246.0 3.7989817583140444 0.6573891047242506 32.0 
336.0 241.0 3.7989817583140444 0.6573891047242506 32.0 
336.0 242.0 3.7989817583140444 0.6573891047242506 32.0 
336.0 243.0 3.7989817583140444 0.6573891047242506 32.0 
336.0 244.0 3.7989817583140444 0.6573891047242506 32.0 
336.0 245.0 3.7989817583140444 0.6573891047242506 32.0 
336.0 246.0 3.7989817583140444 0.6573891047242506 32.0 
336.0 247.0 3.7989817583140444 0.6573891047242506 32.0 
337.0 241.0 3.7989817583140444 0.6573891047242506 32.0 
337.0 242.0 3.7989817583140444 0.6573891047242506 32.0 
337.0 243.0 3.7989817583140444 0.6573891047242506 32.0 
337.0 244.0 3.7989817583140444 0.6573891047242506 32.0 
337.0 245.0 3.7989817583140444 0.6573891047242506 32.0 
337.0 246.0 3.7989817583140444 0.6573891047242506 32.0 
337.0 247.0 3.7989817583140444 0.6573891047242506 32.0 
337.0 248.0 3.7989817583140444 0.6573891047242506 32.0 
338.0 242.0 3.7989817583140444 0.6573891047242506 32.0 
338.0 243.0 3.7989817583140444 0.6573891047242506 32.0 
338.0 244.0 3.7989817583140444 0.6573891047242506 32.0 
338.0 245.0 3.7989817583140444 0.6573891047242506 32.0 
338.0 246.0 3.7989817583140444 0.6573891047242506 32.0 
338.0 247.0 3.7989817583140444 0.6573891047242506 32.0 
338.0 248.0 3.7989817583140444 0.6573891047242506 32.0 
338.0 249.0 3.7989817583140444 0.6573891047242506 32.0 
339.0 243.0 3.7989817583140444 0.6573891047242506 32.0 
339.0 244.0 3.7989817583140444 0.6573891047242506 32.0 
339.0 245.0 3.7989817583140444 0.6573891047242506 32.0 
339.0 246.0 3.7989817583140444 0.6573891047242506 32.0 
339.0 247.0 3.7989817583140444 0.6573891047242506 32.0 
339.0 248.0 3.7989817583140444 0.6573891047242506 32.0 
339.0 249.0 3.7989817583140444 0.6573891047242506 32.0 
340.0 244.0 3.7989817583140444 0.6573891047242506 32.0 
340.0 245.0 3.7989817583140444 0.6573891047242506 32.0 
340.0 246.0 3.7989817583140444 0.6573891047242506 32.0 
340.0 247.0 3.7989817583140444 0.6573891047242506 32.0 
340.0 248.0 3.7989817583140444 0.6573891047242506 32.0 
340.0 249.0 3.7989817583140444 0.6573891047242506 32.0 
340.0 250.0 3.7989817583140444 0.6573891047242506 32.0 
341.0 244.0 3.7989817583140444 0.6573891047242506 32.0 
341.0 245.0 3.7989817583140444 0.6573891047242506 32.0 
341.0 246.0 3.7989817583140444 0.6573891047242506 32.0 
341.0 247.0 3.7989817583140444 0.6573891047242506 32.0 
341.0 248.0 3.7989817583140444 0.6573891047242506 32.0 
341.0 249.0 3.7989817583140444 0.6573891047242506 32.0 
341.0 250.0 3.7989817583140444 0.6573891047242506 32.0 
341.0 251.0 3.7989817583140444 0.6573891047242506 32.0 
342.0 245.0 3.7989817583140444 0.6573891047242506 32.0 
342.0 246.0 3.7989817583140444 0.6573891047242506 32.0 
342.0 247.0 3.7989817583140444 0.6573891047242506 32.0 
342.0 248.0 3.7989817583140444 0.6573891047242506 32.0 
342.0 249.0 3.7989817583140444 0.6573891047242506 32.0 
342.0 250.0 3.7989817583140444 0.6573891047242506 32.0 
342.0 251.0 3.7989817583140444 0.6573891047242506 32.0 
342.0 252.0 3.7989817583140444 0.6573891047242506 32.0 
343.0 246.0 3.7989817583140444 0.6573891047242506 32.0 
343.0 247.0 3.7989817583140444 0.6573891047242506 32.0 
343.0 248.0 3.7989817583140444 0.6573891047242506 32.0 
343.0 249.0 3.7989817583140444 0.6573891047242506 32.0 
343.0 250.0 3.7989817583140444 0.6573891047242506 32.0 
343.0 251.0 3.7989817583140444 0.6573891047242506 32.0 
343.0 252.0 3.7989817583140444 0.6573891047242506 32.0 
343.0 253.0 3.7989817583140444 0.6573891047242506 32.0 
344.0 247.0 3.7989817583140444 0.6573891047242506 32.0 
344.0 248.0 3.7989817583140444 0.6573891047242506 32.0 
344.0 249.0 3.7989817583140444 0.6573891047242506 32.0 
344.0 250.0 3.7989817583140444 0.6573891047242506 32.0 
344.0 251.0 3.7989817583140444 0.6573891047242506 32.0 
344.0 252.0 3.7989817583140444 0.6573891047242506 32.0 
344.0 253.0 3.7989817583140444 0.6573891047242506 32.0 
345.0 247.0 3.7989817583140444 0.6573891047242506 32.0 
345.0 248.0 3.7989817583140444 0.6573891047242506 32.0 
345.0 249.0 3.7989817583140444 0.6573891047242506 32.0 
345.0 250.0 3.7989817583140444 0.6573891047242506 32.0 
345.0 251.0 3.7989817583140444 0.6573891047242506 32.0 
345.0 252.0 3.7989817583140444 0.6573891047242506 32.0 
345.0 253.0 3.7989817583140444 0.6573891047242506 32.0 
345.0 254.0 3.7989817583140444 0.6573891047242506 32.0 
346.0 248.0 3.7989817583140444 0.6573891047242506 32.0 
346.0 249.0 3.7989817583140444 0.6573891047242506 32.0 
346.0 250.0 3.7989817583140444 0.6573891047242506 32.0 
346.0 251.0 3.7989817583140444 0.6573891047242506 32.0 
346.0 252.0 3.7989817583140444 0.6573891047242506 32.0 
346.0 253.0 3.7989817583140444 0.6573891047242506 32.0 
346.0 254.0 3.7989817583140444 0.6573891047242506 32.0 
346.0 255.0 3.7989817583140444 0.6573891047242506 32.0 
347.0 249.0 3.7989817583140444 0.6573891047242506 32.0 
347.0 250.0 3.7989817583140444 0.6573891047242506 32.0 
347.0 251.0 3.7989817583140444 0.6573891047242506 32.0 
347.0 252.0 3.7989817583140444 0.6573891047242506 32.0 
347.0 253.0 3.7989817583140444 0.6573891047242506 32.0 
347.0 254.0 3.7989817583140444 0.6573891047242506 32.0 
347.0 255.0 3.7989817583140444 0.6573891047242506 32.0 
347.0 256.0 3.7989817583140444 0.6573891047242506 32.0 
348.0 250.0 3.7989817583140444 0.6573891047242506 32.0 
348.0 251.0 3.7989817583140444 0.6573891047242506 32.0 
348.0 252.0 3.7989817583140444 0.6573891047242506 32.0 
348.0 253.0 3.7989817583140444 0.6573891047242506 32.0 
348.0 254.0 3.7989817583140444 0.6573891047242506 32.0 
348.0 255.0 3.7989817583140444 0.6573891047242506 32.0 
348.0 256.0 3.7989817583140444 0.6573891047242506 32.0 
349.0 251.0 3.7989817583140444 0.6573891047242506 32.0 
349.0 252.0 3.7989817583140444 0.6573891047242506 32.0 
349.0 253.0 3.7989817583140444 0.6573891047242506 32.0 
349.0 254.0 3.7989817583140444 0.6573891047242506 32.0 
349.0 255.0 3.7989817583140444 0.6573891047242506 32.0 
349.0 256.0 3.7989817583140444 0.6573891047242506 32.0 
349.0 257.0 3.7989817583140444 0.6573891047242506 32.0 
350.0 251.0 3.7989817583140444 0.6573891047242506 32.0 
350.0 252.0 3.7989817583140444 0.6573891047242506 32.0 
350.0 253.0 3.7989817583140444 0.6573891047242506 32.0 
350.0 254.0 3.7989817583140444 0.6573891047242506 32.0 
350.0 255.0 3.7989817583140444 0.6573891047242506 32.0 
350.0 256.0 3.7989817583140444 0.6573891047242506 32.0 
350.0 257.0 3.7989817583140444 0.6573891047242506 32.0 
350.0 258.0 3.7989817583140444 0.6573891047242506 32.0 
351.0 252.0 3.7989817583140444 0.6573891047242506 32.0 
351.0 253.0 3.7989817583140444 0.6573891047242506 32.0 
351.0 254.0 3.7989817583140444 0.6573891047242506 32.0 
351.0 255.0 3.7989817583140444 0.6573891047242506 32.0 
351.0 256.0 3.7989817583140444 0.6573891047242506 32.0 
351.0 257.0 3.7989817583140444 0.6573891047242506 32.0 
351.0 258.0 3.7989817583140444 0.6573891047242506 32.0 
351.0 259.0 3.7989817583140444 0.6573891047242506 32.0 
352.0 253.0 3.7989817583140444 0.6573891047242506 32.0 
352.0 254.0 3.7989817583140444 0.6573891047242506 32.0 
352.0 255.0 3.7989817583140444 0.6573891047242506 32.0 
352.0 256.0 3.7989817583140444 0.6573891047242506 32.0 
352.0 257.0 3.7989817583140444 0.6573891047242506 32.0 
352.0 258.0 3.7989817583140444 0.6573891047242506 32.0 
352.0 259.0 3.7989817583140444 0.6573891047242506 32.0 
353.0 254.0 3.7989817583140444 0.6573891047242506 32.0 
353.0 255.0 3.7989817583140444 0.6573891047242506 32.0 
353.0 256.0 3.7989817583140444 0.6573891047242506 32.0 
353.0 257.0 3.7989817583140444 0.6573891047242506 32.0 
353.0 258.0 3.7989817583140444 0.6573891047242506 32.0 
353.0 259.0 3.7989817583140444 0.6573891047242506 32.0 
353.0 260.0 3.7989817583140444 0.6573891047242506 32.0 
354.0 254.0 3.7989817583140444 0.6573891047242506 32.0 
354.0 255.0 3.7989817583140444 0.6573891047242506 32.0 
354.0 256.0 3.7989817583140444 0.6573891047242506 32.0 
354.0 257.0 3.7989817583140444 0.6573891047242506 32.0 
354.0 258.0 3.7989817583140444 0.6573891047242506 32.0 
354.0 259.0 3.7989817583140444 0.6573891047242506 32.0 
354.0 260.0 3.7989817583140444 0.6573891047242506 32.0 
354.0 261.0 3.7989817583140444 0.6573891047242506 32.0 
355.0 255.0 3.7989817583140444 0.6573891047242506 32.0 
355.0 256.0 3.7989817583140444 0.6573891047242506 32.0 
355.0 257.0 3.7989817583140444 0.6573891047242506 32.0 
355.0 258.0 3.7989817583140444 0.6573891047242506 32.0 
355.0 259.0 3.7989817583140444 0.6573891047242506 32.0 
355.0 260.0 3.7989817583140444 0.6573891047242506 32.0 
355.0 261.0 3.7989817583140444 0.6573891047242506 32.0 
355.0 262.0 3.7989817583140444 0.6573891047242506 32.0 
356.0 256.0 3.7989817583140444 0.6573891047242506 32.0 
356.0 257.0 3.7989817583140444 0.6573891047242506 32.0 
356.0 258.0 3.7989817583140444 0.6573891047242506 32.0 
356.0 259.0 3.7989817583140444 0.6573891047242506 32.0 
356.0 260.0 3.7989817583140444 0.6573891047242506 32.0 
356.0 261.0 3.7989817583140444 0.6573891047242506 32.0 
356.0 262.0 3.7989817583140444 0.6573891047242506 32.0 
356.0 263.0 3.7989817583140444 0.6573891047242506 32.0 
357.0 257.0 3.7989817583140444 0.6573891047242506 32.0 
357.0 258.0 3.7989817583140444 0.6573891047242506 32.0 
357.0 259.0 3.7989817583140444 0.6573891047242506 32.0 
357.0 260.0 3.7989817583140444 0.6573891047242506 32.0 
357.0 261.0 3.7989817583140444 0.6573891047242506 32.0 
357.0 262.0 3.7989817583140444 0.6573891047242506 32.0 
357.0 263.0 3.7989817583140444 0.6573891047242506 32.0 
358.0 257.0 3.7989817583140444 0.6573891047242506 32.0 
358.0 258.0 3.7989817583140444 0.6573891047242506 32.0 
358.0 259.0 3.7989817583140444 0.6573891047242506 32.0 
358.0 260.0 3.7989817583140444 0.6573891047242506 32.0 
358.0 261.0 3.7989817583140444 0.6573891047242506 32.0 
358.0 262.0 3.7989817583140444 0.6573891047242506 32.0 
358.0 263.0 3.7989817583140444 0.6573891047242506 32.0 
358.0 264.0 3.7989817583140444 0.6573891047242506 32.0 
359.0 258.0 3.7989817583140444 0.6573891047242506 32.0 
359.0 259.0 3.7989817583140444 0.6573891047242506 32.0 
359.0 260.0 3.7989817583140444 0.6573891047242506 32.0 
359.0 261.0 3.7989817583140444 0.6573891047242506 32.0 
359.0 262.0 3.7989817583140444 0.6573891047242506 32.0 
359.0 263.0 3.7989817583140444 0.6573891047242506 32.0 
359.0 264.0 3.7989817583140444 0.6573891047242506 32.0 
359.0 265.0 3.7989817583140444 0.6573891047242506 32.0 
360.0 259.0 3.7989817583140444 0.6573891047242506 32.0 
360.0 260.0 3.7989817583140444 0.6573891047242506 32.0 
360.0 261.0 3.7989817583140444 0.6573891047242506 32.0 
360.0 262.0 3.7989817583140444 0.6573891047242506 32.0 
360.0 263.0 3.7989817583140444 0.6573891047242506 32.0 
360.0 264.0 3.7989817583140444 0.6573891047242506 32.0 
360.0 265.0 3.7989817583140444 0.6573891047242506 32.0 
360.0 266.0 3.7989817583140444 0.6573891047242506 32.0 
361.0 260.0 3.7989817583140444 0.6573891047242506 32.0 
361.0 261.0 3.7989817583140444 0.6573891047242506 32.0 
361.0 262.0 3.7989817583140444 0.6573891047242506 32.0 
361.0 263.0 3.7989817583140444 0.6573891047242506 32.0 
361.0 264.0 3.7989817583140444 0.6573891047242506 32.0 
361.0 265.0 3.7989817583140444 0.6573891047242506 32.0 
361.0 266.0 3.7989817583140444 0.6573891047242506 32.0 
362.0 261.0 3.7989817583140444 0.6573891047242506 32.0 
362.0 262.0 3.7989817583140444 0.6573891047242506 32.0 
362.0 263.0 3.7989817583140444 0.6573891047242506 32.0 
362.0 264.0 3.7989817583140444 0.6573891047242506 32.0 
362.0 265.0 3.7989817583140444 0.6573891047242506 32.0 
362.0 266.0 3.7989817583140444 0.6573891047242506 32.0 
362.0 267.0 3.7989817583140444 0.6573891047242506 32.0 
363.0 261.0 3.7989817583140444 0.6573891047242506 32.0 
363.0 262.0 3.7989817583140444 0.6573891047242506 32.0 
363.0 263.0 3.7989817583140444 0.6573891047242506 32.0 
363.0 264.0 3.7989817583140444 0.6573891047242506 32.0 
363.0 265.0 3.7989817583140444 0.6573891047242506 32.0 
363.0 266.0 3.7989817583140444 0.6573891047242506 32.0 
363.0 267.0 3.7989817583140444 0.6573891047242506 32.0 
363.0 268.0 3.7989817583140444 0.6573891047242506 32.0 
364.0 262.0 3.7989817583140444 0.6573891047242506 32.0 
364.0 263.0 3.7989817583140444 0.6573891047242506 32.0 
364.0 264.0 3.7989817583140444 0.6573891047242506 32.0 
364.0 265.0 3.7989817583140444 0.6573891047242506 32.0 
364.0 266.0 3.7989817583140444 0.6573891047242506 32.0 
364.0 267.0 3.7989817583140444 0.6573891047242506 32.0 
364.0 268.0 3.7989817583140444 0.6573891047242506 32.0 
364.0 269.0 3.7989817583140444 0.6573891047242506 32.0 
365.0 263.0 3.7989817583140444 0.6573891047242506 32.0 
365.0 264.0 3.7989817583140444 0.6573891047242506 32.0 
365.0 265.0 3.7989817583140444 0.6573891047242506 32.0 
365.0 266.0 3.7989817583140444 0.6573891047242506 32.0 
365.0 267.0 3.7989817583140444 0.6573891047242506 32.0 
365.0 268.0 3.7989817583140444 0.6573891047242506 32.0 
365.0 269.0 3.7989817583140444 0.6573891047242506 32.0 
366.0 264.0 3.7989817583140444 0.6573891047242506 32.0 
366.0 265.0 3.7989817583140444 0.6573891047242506 32.0 
366.0 266.0 3.7989817583140444 0.6573891047242506 32.0 
366.0 267.0 3.7989817583140444 0.6573891047242506 32.0 
366.0 268.0 3.7989817583140444 0.6573891047242506 32.0 
366.0 269.0 3.7989817583140444 0.6573891047242506 32.0 
366.0 270.0 3.7989817583140444 0.6573891047242506 32.0 
367.0 264.0 3.7989817583140444 0.6573891047242506 32.0 
367.0 265.0 3.7989817583140444 0.6573891047242506 32.0 
367.0 266.0 3.7989817583140444 0.6573891047242506 32.0 
367.0 267.0 3.7989817583140444 0.6573891047242506 32.0 
367.0 268.0 3.7989817583140444 0.6573891047242506 32.0 
367.0 269.0 3.7989817583140444 0.6573891047242506 32.0 
367.0 270.0 3.7989817583140444 0.6573891047242506 32.0 
367.0 271.0 3.7989817583140444 0.6573891047242506 32.0 
368.0 265.0 3.7989817583140444 0.6573891047242506 32.0 
368.0 266.0 3.7989817583140444 0.6573891047242506 32.0 
368.0 267.0 3.7989817583140444 0.6573891047242506 32.0 
368.0 268.0 3.7989817583140444 0.6573891047242506 32.0 
368.0 269.0 3.7989817583140444 0.6573891047242506 32.0 
368.0 270.0 3.7989817583140444 0.6573891047242506 32.0 
368.0 271.0 3.7989817583140444 0.6573891047242506 32.0 
368.0 272.0 3.7989817583140444 0.6573891047242506 32.0 
369.0 266.0 3.7989817583140444 0.6573891047242506 32.0 
369.0 267.0 3.7989817583140444 0.6573891047242506 32.0 
369.0 268.0 3.7989817583140444 0.6573891047242506 32.0 
369.0 269.0 3.7989817583140444 0.6573891047242506 32.0 
369.0 270.0 3.7989817583140444 0.6573891047242506 32.0 
369.0 271.0 3.7989817583140444 0.6573891047242506 32.0 
369.0 272.0 3.7989817583140444 0.6573891047242506 32.0 
369.0 273.0 3.7989817583140444 0.6573891047242506 32.0 
370.0 267.0 3.7989817583140444 0.6573891047242506 32.0 
370.0 268.0 3.7989817583140444 0.6573891047242506 32.0 
370.0 269.0 3.7989817583140444 0.6573891047242506 32.0 
370.0 270.0 3.7989817583140444 0.6573891047242506 32.0 
370.0 271.0 3.7989817583140444 0.6573891047242506 32.0 
370.0 272.0 3.7989817583140444 0.6573891047242506 32.0 
370.0 273.0 3.7989817583140444 0.6573891047242506 32.0 
371.0 268.0 3.7989817583140444 0.6573891047242506 32.0 
371.0 269.0 3.7989817583140444 0.6573891047242506 32.0 
371.0 270.0 3.7989817583140444 0.6573891047242506 32.0 
371.0 271.0 3.7989817583140444 0.6573891047242506 32.0 
371.0 272.0 3.7989817583140444 0.6573891047242506 32.0 
371.0 273.0 3.7989817583140444 0.6573891047242506 32.0 
371.0 274.0 3.7989817583140444 0.6573891047242506 32.0 
372.0 268.0 3.7989817583140444 0.6573891047242506 32.0 
372.0 269.0 3.7989817583140444 0.6573891047242506 32.0 
372.0 270.0 3.7989817583140444 0.6573891047242506 32.0 
372.0 271.0 3.7989817583140444 0.6573891047242506 32.0 
372.0 272.0 3.7989817583140444 0.6573891047242506 32.0 
372.0 273.0 3.7989817583140444 0.6573891047242506 32.0 
372.0 274.0 3.7989817583140444 0.6573891047242506 32.0 
372.0 275.0 3.7989817583140444 0.6573891047242506 32.0 
373.0 269.0 3.7989817583140444 0.6573891047242506 32.0 
373.0 270.0 3.7989817583140444 0.6573891047242506 32.0 
373.0 271.0 3.7989817583140444 0.6573891047242506 32.0 
373.0 272.0 3.7989817583140444 0.6573891047242506 32.0 
373.0 273.0 3.7989817583140444 0.6573891047242506 32.0 
373.0 274.0 3.7989817583140444 0.6573891047242506 32.0 
373.0 275.0 3.7989817583140444 0.6573891047242506 32.0 
373.0 276.0 3.7989817583140444 0.6573891047242506 32.0 
374.0 270.0 3.7989817583140444 0.6573891047242506 32.0 
374.0 271.0 3.7989817583140444 0.6573891047242506 32.0 
374.0 272.0 3.7989817583140444 0.6573891047242506 32.0 
374.0 273.0 3.7989817583140444 0.6573891047242506 32.0 
374.0 274.0 3.7989817583140444 0.6573891047242506 32.0 
374.0 275.0 3.7989817583140444 0.6573891047242506 32.0 
374.0 276.0 3.7989817583140444 0.6573891047242506 32.0 
375.0 271.0 3.7989817583140444 0.6573891047242506 32.0 
375.0 272.0 3.7989817583140444 0.6573891047242506 32.0 
375.0 273.0 3.7989817583140444 0.6573891047242506 32.0 
375.0 274.0 3.7989817583140444 0.6573891047242506 32.0 
375.0 275.0 3.7989817583140444 0.6573891047242506 32.0 
375.0 276.0 3.7989817583140444 0.6573891047242506 32.0 
375.0 277.0 3.7989817583140444 0.6573891047242506 32.0 
376.0 271.0 3.7989817583140444 0.6573891047242506 32.0 
376.0 272.0 3.7989817583140444 0.6573891047242506 32.0 
376.0 273.0 3.7989817583140444 0.6573891047242506 32.0 
376.0 274.0 3.7989817583140444 0.6573891047242506 32.0 
376.0 275.0 3.7989817583140444 0.6573891047242506 32.0 
376.0 276.0 3.7989817583140444 0.6573891047242506 32.0 
376.0 277.0 3.7989817583140444 0.6573891047242506 32.0 
376.0 278.0 3.7989817583140444 0.6573891047242506 32.0 
377.0 272.0 3.7989817583140444 0.6573891047242506 32.0 
377.0 273.0 3.7989817583140444 0.6573891047242506 32.0 
377.0 274.0 3.7989817583140444 0.6573891047242506 32.0 
377.0 275.0 3.7989817583140444 0.6573891047242506 32.0 
377.0 276.0 3.7989817583140444 0.6573891047242506 32.0 
377.0 277.0 3.7989817583140444 0.6573891047242506 32.0 
377.0 278.0 3.7989817583140444 0.6573891047242506 32.0 
377.0 279.0 3.7989817583140444 0.6573891047242506 32.0 
378.0 273.0 3.7989817583140444 0.6573891047242506 32.0 
378.0 274.0 3.7989817583140444 0.6573891047242506 32.0 
378.0 275.0 3.7989817583140444 0.6573891047242506 32.0 
378.0 276.0 3.7989817583140444 0.6573891047242506 32.0 
378.0 277.0 3.7989817583140444 0.6573891047242506 32.0 
378.0 278.0 3.7989817583140444 0.6573891047242506 32.0 
379.0 274.0 3.7989817583140444 0.6573891047242506 32.0 
379.0 275.0 3.7989817583140444 0.6573891047242506 32.0 
379.0 276.0 3.7989817583140444 0.6573891047242506 32.0 
380.0 274.0 3.7989817583140444 0.6573891047242506 32.0 
380.0 275.0 3.7989817583140444 0.6573891047242506 32.0 
