316.0 206.0 4.305822153790149 1.1642295002003555 32.0 
316.0 207.0 4.305822153790149 1.1642295002003555 32.0 
317.0 206.0 4.305822153790149 1.1642295002003555 32.0 
317.0 207.0 4.305822153790149 1.1642295002003555 32.0 
317.0 208.0 4.305822153790149 1.1642295002003555 32.0 
317.0 209.0 4.305822153790149 1.1642295002003555 32.0 
317.0 210.0 4.305822153790149 1.1642295002003555 32.0 
318.0 205.0 4.305822153790149 1.1642295002003555 32.0 
318.0 206.0 4.305822153790149 1.1642295002003555 32.0 
318.0 207.0 4.305822153790149 1.1642295002003555 32.0 
318.0 208.0 4.305822153790149 1.1642295002003555 32.0 
318.0 209.0 4.305822153790149 1.1642295002003555 32.0 
318.0 210.0 4.305822153790149 1.1642295002003555 32.0 
318.0 211.0 4.305822153790149 1.1642295002003555 32.0 
318.0 212.0 4.305822153790149 1.1642295002003555 32.0 
319.0 205.0 4.305822153790149 1.1642295002003555 32.0 
319.0 206.0 4.305822153790149 1.1642295002003555 32.0 
319.0 207.0 4.305822153790149 1.1642295002003555 32.0 
319.0 208.0 4.305822153790149 1.1642295002003555 32.0 
319.0 209.0 4.305822153790149 1.1642295002003555 32.0 
319.0 210.0 4.305822153790149 1.1642295002003555 32.0 
319.0 211.0 4.305822153790149 1.1642295002003555 32.0 
319.0 212.0 4.305822153790149 1.1642295002003555 32.0 
319.0 213.0 4.305822153790149 1.1642295002003555 32.0 
319.0 214.0 4.305822153790149 1.1642295002003555 32.0 
320.0 205.0 4.305822153790149 1.1642295002003555 32.0 
320.0 206.0 4.305822153790149 1.1642295002003555 32.0 
320.0 207.0 4.305822153790149 1.1642295002003555 32.0 
320.0 208.0 4.305822153790149 1.1642295002003555 32.0 
320.0 209.0 4.305822153790149 1.1642295002003555 32.0 
320.0 210.0 4.305822153790149 1.1642295002003555 32.0 
320.0 211.0 4.305822153790149 1.1642295002003555 32.0 
320.0 212.0 4.305822153790149 1.1642295002003555 32.0 
320.0 213.0 4.305822153790149 1.1642295002003555 32.0 
320.0 214.0 4.305822153790149 1.1642295002003555 32.0 
320.0 215.0 4.305822153790149 1.1642295002003555 32.0 
320.0 216.0 4.305822153790149 1.1642295002003555 32.0 
320.0 217.0 4.305822153790149 1.1642295002003555 32.0 
321.0 205.0 4.305822153790149 1.1642295002003555 32.0 
321.0 206.0 4.305822153790149 1.1642295002003555 32.0 
321.0 207.0 4.305822153790149 1.1642295002003555 32.0 
321.0 208.0 4.305822153790149 1.1642295002003555 32.0 
321.0 209.0 4.305822153790149 1.1642295002003555 32.0 
321.0 210.0 4.305822153790149 1.1642295002003555 32.0 
321.0 211.0 4.305822153790149 1.1642295002003555 32.0 
321.0 212.0 4.305822153790149 1.1642295002003555 32.0 
321.0 213.0 4.305822153790149 1.1642295002003555 32.0 
321.0 214.0 4.305822153790149 1.1642295002003555 32.0 
321.0 215.0 4.305822153790149 1.1642295002003555 32.0 
321.0 216.0 4.305822153790149 1.1642295002003555 32.0 
321.0 217.0 4.305822153790149 1.1642295002003555 32.0 
321.0 218.0 4.305822153790149 1.1642295002003555 32.0 
321.0 219.0 4.305822153790149 1.1642295002003555 32.0 
322.0 207.0 4.305822153790149 1.1642295002003555 32.0 
322.0 208.0 4.305822153790149 1.1642295002003555 32.0 
322.0 209.0 4.305822153790149 1.1642295002003555 32.0 
322.0 210.0 4.305822153790149 1.1642295002003555 32.0 
322.0 211.0 4.305822153790149 1.1642295002003555 32.0 
322.0 212.0 4.305822153790149 1.1642295002003555 32.0 
322.0 213.0 4.305822153790149 1.1642295002003555 32.0 
322.0 214.0 4.305822153790149 1.1642295002003555 32.0 
322.0 215.0 4.305822153790149 1.1642295002003555 32.0 
322.0 216.0 4.305822153790149 1.1642295002003555 32.0 
322.0 217.0 4.305822153790149 1.1642295002003555 32.0 
322.0 218.0 4.305822153790149 1.1642295002003555 32.0 
322.0 219.0 4.305822153790149 1.1642295002003555 32.0 
322.0 220.0 4.305822153790149 1.1642295002003555 32.0 
322.0 221.0 4.305822153790149 1.1642295002003555 32.0 
323.0 210.0 4.305822153790149 1.1642295002003555 32.0 
323.0 211.0 4.305822153790149 1.1642295002003555 32.0 
323.0 212.0 4.305822153790149 1.1642295002003555 32.0 
323.0 213.0 4.305822153790149 1.1642295002003555 32.0 
323.0 214.0 4.305822153790149 1.1642295002003555 32.0 
323.0 215.0 4.305822153790149 1.1642295002003555 32.0 
323.0 216.0 4.305822153790149 1.1642295002003555 32.0 
323.0 217.0 4.305822153790149 1.1642295002003555 32.0 
323.0 218.0 4.305822153790149 1.1642295002003555 32.0 
323.0 219.0 4.305822153790149 1.1642295002003555 32.0 
323.0 220.0 4.305822153790149 1.1642295002003555 32.0 
323.0 221.0 4.305822153790149 1.1642295002003555 32.0 
323.0 222.0 4.305822153790149 1.1642295002003555 32.0 
323.0 223.0 4.305822153790149 1.1642295002003555 32.0 
323.0 224.0 4.305822153790149 1.1642295002003555 32.0 
324.0 212.0 4.305822153790149 1.1642295002003555 32.0 
324.0 213.0 4.305822153790149 1.1642295002003555 32.0 
324.0 214.0 4.305822153790149 1.1642295002003555 32.0 
324.0 215.0 4.305822153790149 1.1642295002003555 32.0 
324.0 216.0 4.305822153790149 1.1642295002003555 32.0 
324.0 217.0 4.305822153790149 1.1642295002003555 32.0 
324.0 218.0 4.305822153790149 1.1642295002003555 32.0 
324.0 219.0 4.305822153790149 1.1642295002003555 32.0 
324.0 220.0 4.305822153790149 1.1642295002003555 32.0 
324.0 221.0 4.305822153790149 1.1642295002003555 32.0 
324.0 222.0 4.305822153790149 1.1642295002003555 32.0 
324.0 223.0 4.305822153790149 1.1642295002003555 32.0 
324.0 224.0 4.305822153790149 1.1642295002003555 32.0 
324.0 225.0 4.305822153790149 1.1642295002003555 32.0 
324.0 226.0 4.305822153790149 1.1642295002003555 32.0 
325.0 214.0 4.305822153790149 1.1642295002003555 32.0 
325.0 215.0 4.305822153790149 1.1642295002003555 32.0 
325.0 216.0 4.305822153790149 1.1642295002003555 32.0 
325.0 217.0 4.305822153790149 1.1642295002003555 32.0 
325.0 218.0 4.305822153790149 1.1642295002003555 32.0 
325.0 219.0 4.305822153790149 1.1642295002003555 32.0 
325.0 220.0 4.305822153790149 1.1642295002003555 32.0 
325.0 221.0 4.305822153790149 1.1642295002003555 32.0 
325.0 222.0 4.305822153790149 1.1642295002003555 32.0 
325.0 223.0 4.305822153790149 1.1642295002003555 32.0 
325.0 224.0 4.305822153790149 1.1642295002003555 32.0 
325.0 225.0 4.305822153790149 1.1642295002003555 32.0 
325.0 226.0 4.305822153790149 1.1642295002003555 32.0 
325.0 227.0 4.305822153790149 1.1642295002003555 32.0 
325.0 228.0 4.305822153790149 1.1642295002003555 32.0 
326.0 216.0 4.305822153790149 1.1642295002003555 32.0 
326.0 217.0 4.305822153790149 1.1642295002003555 32.0 
326.0 218.0 4.305822153790149 1.1642295002003555 32.0 
326.0 219.0 4.305822153790149 1.1642295002003555 32.0 
326.0 220.0 4.305822153790149 1.1642295002003555 32.0 
326.0 221.0 4.305822153790149 1.1642295002003555 32.0 
326.0 222.0 4.305822153790149 1.1642295002003555 32.0 
326.0 223.0 4.305822153790149 1.1642295002003555 32.0 
326.0 224.0 4.305822153790149 1.1642295002003555 32.0 
326.0 225.0 4.305822153790149 1.1642295002003555 32.0 
326.0 226.0 4.305822153790149 1.1642295002003555 32.0 
326.0 227.0 4.305822153790149 1.1642295002003555 32.0 
326.0 228.0 4.305822153790149 1.1642295002003555 32.0 
326.0 229.0 4.305822153790149 1.1642295002003555 32.0 
326.0 230.0 4.305822153790149 1.1642295002003555 32.0 
326.0 231.0 4.305822153790149 1.1642295002003555 32.0 
327.0 219.0 4.305822153790149 1.1642295002003555 32.0 
327.0 220.0 4.305822153790149 1.1642295002003555 32.0 
327.0 221.0 4.305822153790149 1.1642295002003555 32.0 
327.0 222.0 4.305822153790149 1.1642295002003555 32.0 
327.0 223.0 4.305822153790149 1.1642295002003555 32.0 
327.0 224.0 4.305822153790149 1.1642295002003555 32.0 
327.0 225.0 4.305822153790149 1.1642295002003555 32.0 
327.0 226.0 4.305822153790149 1.1642295002003555 32.0 
327.0 227.0 4.305822153790149 1.1642295002003555 32.0 
327.0 228.0 4.305822153790149 1.1642295002003555 32.0 
327.0 229.0 4.305822153790149 1.1642295002003555 32.0 
327.0 230.0 4.305822153790149 1.1642295002003555 32.0 
327.0 231.0 4.305822153790149 1.1642295002003555 32.0 
327.0 232.0 4.305822153790149 1.1642295002003555 32.0 
327.0 233.0 4.305822153790149 1.1642295002003555 32.0 
328.0 221.0 4.305822153790149 1.1642295002003555 32.0 
328.0 222.0 4.305822153790149 1.1642295002003555 32.0 
328.0 223.0 4.305822153790149 1.1642295002003555 32.0 
328.0 224.0 4.305822153790149 1.1642295002003555 32.0 
328.0 225.0 4.305822153790149 1.1642295002003555 32.0 
328.0 226.0 4.305822153790149 1.1642295002003555 32.0 
328.0 227.0 4.305822153790149 1.1642295002003555 32.0 
328.0 228.0 4.305822153790149 1.1642295002003555 32.0 
328.0 229.0 4.305822153790149 1.1642295002003555 32.0 
328.0 230.0 4.305822153790149 1.1642295002003555 32.0 
328.0 231.0 4.305822153790149 1.1642295002003555 32.0 
328.0 232.0 4.305822153790149 1.1642295002003555 32.0 
328.0 233.0 4.305822153790149 1.1642295002003555 32.0 
328.0 234.0 4.305822153790149 1.1642295002003555 32.0 
328.0 235.0 4.305822153790149 1.1642295002003555 32.0 
329.0 223.0 4.305822153790149 1.1642295002003555 32.0 
329.0 224.0 4.305822153790149 1.1642295002003555 32.0 
329.0 225.0 4.305822153790149 1.1642295002003555 32.0 
329.0 226.0 4.305822153790149 1.1642295002003555 32.0 
329.0 227.0 4.305822153790149 1.1642295002003555 32.0 
329.0 228.0 4.305822153790149 1.1642295002003555 32.0 
329.0 229.0 4.305822153790149 1.1642295002003555 32.0 
329.0 230.0 4.305822153790149 1.1642295002003555 32.0 
329.0 231.0 4.305822153790149 1.1642295002003555 32.0 
329.0 232.0 4.305822153790149 1.1642295002003555 32.0 
329.0 233.0 4.305822153790149 1.1642295002003555 32.0 
329.0 234.0 4.305822153790149 1.1642295002003555 32.0 
329.0 235.0 4.305822153790149 1.1642295002003555 32.0 
329.0 236.0 4.305822153790149 1.1642295002003555 32.0 
329.0 237.0 4.305822153790149 1.1642295002003555 32.0 
329.0 238.0 4.305822153790149 1.1642295002003555 32.0 
330.0 226.0 4.305822153790149 1.1642295002003555 32.0 
330.0 227.0 4.305822153790149 1.1642295002003555 32.0 
330.0 228.0 4.305822153790149 1.1642295002003555 32.0 
330.0 229.0 4.305822153790149 1.1642295002003555 32.0 
330.0 230.0 4.305822153790149 1.1642295002003555 32.0 
330.0 231.0 4.305822153790149 1.1642295002003555 32.0 
330.0 232.0 4.305822153790149 1.1642295002003555 32.0 
330.0 233.0 4.305822153790149 1.1642295002003555 32.0 
330.0 234.0 4.305822153790149 1.1642295002003555 32.0 
330.0 235.0 4.305822153790149 1.1642295002003555 32.0 
330.0 236.0 4.305822153790149 1.1642295002003555 32.0 
330.0 237.0 4.305822153790149 1.1642295002003555 32.0 
330.0 238.0 4.305822153790149 1.1642295002003555 32.0 
330.0 239.0 4.305822153790149 1.1642295002003555 32.0 
330.0 240.0 4.305822153790149 1.1642295002003555 32.0 
331.0 228.0 4.305822153790149 1.1642295002003555 32.0 
331.0 229.0 4.305822153790149 1.1642295002003555 32.0 
331.0 230.0 4.305822153790149 1.1642295002003555 32.0 
331.0 231.0 4.305822153790149 1.1642295002003555 32.0 
331.0 232.0 4.305822153790149 1.1642295002003555 32.0 
331.0 233.0 4.305822153790149 1.1642295002003555 32.0 
331.0 234.0 4.305822153790149 1.1642295002003555 32.0 
331.0 235.0 4.305822153790149 1.1642295002003555 32.0 
331.0 236.0 4.305822153790149 1.1642295002003555 32.0 
331.0 237.0 4.305822153790149 1.1642295002003555 32.0 
331.0 238.0 4.305822153790149 1.1642295002003555 32.0 
331.0 239.0 4.305822153790149 1.1642295002003555 32.0 
331.0 240.0 4.305822153790149 1.1642295002003555 32.0 
331.0 241.0 4.305822153790149 1.1642295002003555 32.0 
331.0 242.0 4.305822153790149 1.1642295002003555 32.0 
332.0 230.0 4.305822153790149 1.1642295002003555 32.0 
332.0 231.0 4.305822153790149 1.1642295002003555 32.0 
332.0 232.0 4.305822153790149 1.1642295002003555 32.0 
332.0 233.0 4.305822153790149 1.1642295002003555 32.0 
332.0 234.0 4.305822153790149 1.1642295002003555 32.0 
332.0 235.0 4.305822153790149 1.1642295002003555 32.0 
332.0 236.0 4.305822153790149 1.1642295002003555 32.0 
332.0 237.0 4.305822153790149 1.1642295002003555 32.0 
332.0 238.0 4.305822153790149 1.1642295002003555 32.0 
332.0 239.0 4.305822153790149 1.1642295002003555 32.0 
332.0 240.0 4.305822153790149 1.1642295002003555 32.0 
332.0 241.0 4.305822153790149 1.1642295002003555 32.0 
332.0 242.0 4.305822153790149 1.1642295002003555 32.0 
332.0 243.0 4.305822153790149 1.1642295002003555 32.0 
332.0 244.0 4.305822153790149 1.1642295002003555 32.0 
332.0 245.0 4.305822153790149 1.1642295002003555 32.0 
333.0 233.0 4.305822153790149 1.1642295002003555 32.0 
333.0 234.0 4.305822153790149 1.1642295002003555 32.0 
333.0 235.0 4.305822153790149 1.1642295002003555 32.0 
333.0 236.0 4.305822153790149 1.1642295002003555 32.0 
333.0 237.0 4.305822153790149 1.1642295002003555 32.0 
333.0 238.0 4.305822153790149 1.1642295002003555 32.0 
333.0 239.0 4.305822153790149 1.1642295002003555 32.0 
333.0 240.0 4.305822153790149 1.1642295002003555 32.0 
333.0 241.0 4.305822153790149 1.1642295002003555 32.0 
333.0 242.0 4.305822153790149 1.1642295002003555 32.0 
333.0 243.0 4.305822153790149 1.1642295002003555 32.0 
333.0 244.0 4.305822153790149 1.1642295002003555 32.0 
333.0 245.0 4.305822153790149 1.1642295002003555 32.0 
333.0 246.0 4.305822153790149 1.1642295002003555 32.0 
333.0 247.0 4.305822153790149 1.1642295002003555 32.0 
334.0 235.0 4.305822153790149 1.1642295002003555 32.0 
334.0 236.0 4.305822153790149 1.1642295002003555 32.0 
334.0 237.0 4.305822153790149 1.1642295002003555 32.0 
334.0 238.0 4.305822153790149 1.1642295002003555 32.0 
334.0 239.0 4.305822153790149 1.1642295002003555 32.0 
334.0 240.0 4.305822153790149 1.1642295002003555 32.0 
334.0 241.0 4.305822153790149 1.1642295002003555 32.0 
334.0 242.0 4.305822153790149 1.1642295002003555 32.0 
334.0 243.0 4.305822153790149 1.1642295002003555 32.0 
334.0 244.0 4.305822153790149 1.1642295002003555 32.0 
334.0 245.0 4.305822153790149 1.1642295002003555 32.0 
334.0 246.0 4.305822153790149 1.1642295002003555 32.0 
334.0 247.0 4.305822153790149 1.1642295002003555 32.0 
334.0 248.0 4.305822153790149 1.1642295002003555 32.0 
334.0 249.0 4.305822153790149 1.1642295002003555 32.0 
335.0 237.0 4.305822153790149 1.1642295002003555 32.0 
335.0 238.0 4.305822153790149 1.1642295002003555 32.0 
335.0 239.0 4.305822153790149 1.1642295002003555 32.0 
335.0 240.0 4.305822153790149 1.1642295002003555 32.0 
335.0 241.0 4.305822153790149 1.1642295002003555 32.0 
335.0 242.0 4.305822153790149 1.1642295002003555 32.0 
335.0 243.0 4.305822153790149 1.1642295002003555 32.0 
335.0 244.0 4.305822153790149 1.1642295002003555 32.0 
335.0 245.0 4.305822153790149 1.1642295002003555 32.0 
335.0 246.0 4.305822153790149 1.1642295002003555 32.0 
335.0 247.0 4.305822153790149 1.1642295002003555 32.0 
335.0 248.0 4.305822153790149 1.1642295002003555 32.0 
335.0 249.0 4.305822153790149 1.1642295002003555 32.0 
335.0 250.0 4.305822153790149 1.1642295002003555 32.0 
335.0 251.0 4.305822153790149 1.1642295002003555 32.0 
335.0 252.0 4.305822153790149 1.1642295002003555 32.0 
336.0 240.0 4.305822153790149 1.1642295002003555 32.0 
336.0 241.0 4.305822153790149 1.1642295002003555 32.0 
336.0 242.0 4.305822153790149 1.1642295002003555 32.0 
336.0 243.0 4.305822153790149 1.1642295002003555 32.0 
336.0 244.0 4.305822153790149 1.1642295002003555 32.0 
336.0 245.0 4.305822153790149 1.1642295002003555 32.0 
336.0 246.0 4.305822153790149 1.1642295002003555 32.0 
336.0 247.0 4.305822153790149 1.1642295002003555 32.0 
336.0 248.0 4.305822153790149 1.1642295002003555 32.0 
336.0 249.0 4.305822153790149 1.1642295002003555 32.0 
336.0 250.0 4.305822153790149 1.1642295002003555 32.0 
336.0 251.0 4.305822153790149 1.1642295002003555 32.0 
336.0 252.0 4.305822153790149 1.1642295002003555 32.0 
336.0 253.0 4.305822153790149 1.1642295002003555 32.0 
336.0 254.0 4.305822153790149 1.1642295002003555 32.0 
337.0 242.0 4.305822153790149 1.1642295002003555 32.0 
337.0 243.0 4.305822153790149 1.1642295002003555 32.0 
337.0 244.0 4.305822153790149 1.1642295002003555 32.0 
337.0 245.0 4.305822153790149 1.1642295002003555 32.0 
337.0 246.0 4.305822153790149 1.1642295002003555 32.0 
337.0 247.0 4.305822153790149 1.1642295002003555 32.0 
337.0 248.0 4.305822153790149 1.1642295002003555 32.0 
337.0 249.0 4.305822153790149 1.1642295002003555 32.0 
337.0 250.0 4.305822153790149 1.1642295002003555 32.0 
337.0 251.0 4.305822153790149 1.1642295002003555 32.0 
337.0 252.0 4.305822153790149 1.1642295002003555 32.0 
337.0 253.0 4.305822153790149 1.1642295002003555 32.0 
337.0 254.0 4.305822153790149 1.1642295002003555 32.0 
337.0 255.0 4.305822153790149 1.1642295002003555 32.0 
337.0 256.0 4.305822153790149 1.1642295002003555 32.0 
338.0 244.0 4.305822153790149 1.1642295002003555 32.0 
338.0 245.0 4.305822153790149 1.1642295002003555 32.0 
338.0 246.0 4.305822153790149 1.1642295002003555 32.0 
338.0 247.0 4.305822153790149 1.1642295002003555 32.0 
338.0 248.0 4.305822153790149 1.1642295002003555 32.0 
338.0 249.0 4.305822153790149 1.1642295002003555 32.0 
338.0 250.0 4.305822153790149 1.1642295002003555 32.0 
338.0 251.0 4.305822153790149 1.1642295002003555 32.0 
338.0 252.0 4.305822153790149 1.1642295002003555 32.0 
338.0 253.0 4.305822153790149 1.1642295002003555 32.0 
338.0 254.0 4.305822153790149 1.1642295002003555 32.0 
338.0 255.0 4.305822153790149 1.1642295002003555 32.0 
338.0 256.0 4.305822153790149 1.1642295002003555 32.0 
338.0 257.0 4.305822153790149 1.1642295002003555 32.0 
338.0 258.0 4.305822153790149 1.1642295002003555 32.0 
338.0 259.0 4.305822153790149 1.1642295002003555 32.0 
339.0 247.0 4.305822153790149 1.1642295002003555 32.0 
339.0 248.0 4.305822153790149 1.1642295002003555 32.0 
339.0 249.0 4.305822153790149 1.1642295002003555 32.0 
339.0 250.0 4.305822153790149 1.1642295002003555 32.0 
339.0 251.0 4.305822153790149 1.1642295002003555 32.0 
339.0 252.0 4.305822153790149 1.1642295002003555 32.0 
339.0 253.0 4.305822153790149 1.1642295002003555 32.0 
339.0 254.0 4.305822153790149 1.1642295002003555 32.0 
339.0 255.0 4.305822153790149 1.1642295002003555 32.0 
339.0 256.0 4.305822153790149 1.1642295002003555 32.0 
339.0 257.0 4.305822153790149 1.1642295002003555 32.0 
339.0 258.0 4.305822153790149 1.1642295002003555 32.0 
339.0 259.0 4.305822153790149 1.1642295002003555 32.0 
339.0 260.0 4.305822153790149 1.1642295002003555 32.0 
339.0 261.0 4.305822153790149 1.1642295002003555 32.0 
340.0 249.0 4.305822153790149 1.1642295002003555 32.0 
340.0 250.0 4.305822153790149 1.1642295002003555 32.0 
340.0 251.0 4.305822153790149 1.1642295002003555 32.0 
340.0 252.0 4.305822153790149 1.1642295002003555 32.0 
340.0 253.0 4.305822153790149 1.1642295002003555 32.0 
340.0 254.0 4.305822153790149 1.1642295002003555 32.0 
340.0 255.0 4.305822153790149 1.1642295002003555 32.0 
340.0 256.0 4.305822153790149 1.1642295002003555 32.0 
340.0 257.0 4.305822153790149 1.1642295002003555 32.0 
340.0 258.0 4.305822153790149 1.1642295002003555 32.0 
340.0 259.0 4.305822153790149 1.1642295002003555 32.0 
340.0 260.0 4.305822153790149 1.1642295002003555 32.0 
340.0 261.0 4.305822153790149 1.1642295002003555 32.0 
340.0 262.0 4.305822153790149 1.1642295002003555 32.0 
340.0 263.0 4.305822153790149 1.1642295002003555 32.0 
341.0 251.0 4.305822153790149 1.1642295002003555 32.0 
341.0 252.0 4.305822153790149 1.1642295002003555 32.0 
341.0 253.0 4.305822153790149 1.1642295002003555 32.0 
341.0 254.0 4.305822153790149 1.1642295002003555 32.0 
341.0 255.0 4.305822153790149 1.1642295002003555 32.0 
341.0 256.0 4.305822153790149 1.1642295002003555 32.0 
341.0 257.0 4.305822153790149 1.1642295002003555 32.0 
341.0 258.0 4.305822153790149 1.1642295002003555 32.0 
341.0 259.0 4.305822153790149 1.1642295002003555 32.0 
341.0 260.0 4.305822153790149 1.1642295002003555 32.0 
341.0 261.0 4.305822153790149 1.1642295002003555 32.0 
341.0 262.0 4.305822153790149 1.1642295002003555 32.0 
341.0 263.0 4.305822153790149 1.1642295002003555 32.0 
341.0 264.0 4.305822153790149 1.1642295002003555 32.0 
341.0 265.0 4.305822153790149 1.1642295002003555 32.0 
341.0 266.0 4.305822153790149 1.1642295002003555 32.0 
342.0 254.0 4.305822153790149 1.1642295002003555 32.0 
342.0 255.0 4.305822153790149 1.1642295002003555 32.0 
342.0 256.0 4.305822153790149 1.1642295002003555 32.0 
342.0 257.0 4.305822153790149 1.1642295002003555 32.0 
342.0 258.0 4.305822153790149 1.1642295002003555 32.0 
342.0 259.0 4.305822153790149 1.1642295002003555 32.0 
342.0 260.0 4.305822153790149 1.1642295002003555 32.0 
342.0 261.0 4.305822153790149 1.1642295002003555 32.0 
342.0 262.0 4.305822153790149 1.1642295002003555 32.0 
342.0 263.0 4.305822153790149 1.1642295002003555 32.0 
342.0 264.0 4.305822153790149 1.1642295002003555 32.0 
342.0 265.0 4.305822153790149 1.1642295002003555 32.0 
342.0 266.0 4.305822153790149 1.1642295002003555 32.0 
342.0 267.0 4.305822153790149 1.1642295002003555 32.0 
342.0 268.0 4.305822153790149 1.1642295002003555 32.0 
343.0 256.0 4.305822153790149 1.1642295002003555 32.0 
343.0 257.0 4.305822153790149 1.1642295002003555 32.0 
343.0 258.0 4.305822153790149 1.1642295002003555 32.0 
343.0 259.0 4.305822153790149 1.1642295002003555 32.0 
343.0 260.0 4.305822153790149 1.1642295002003555 32.0 
343.0 261.0 4.305822153790149 1.1642295002003555 32.0 
343.0 262.0 4.305822153790149 1.1642295002003555 32.0 
343.0 263.0 4.305822153790149 1.1642295002003555 32.0 
343.0 264.0 4.305822153790149 1.1642295002003555 32.0 
343.0 265.0 4.305822153790149 1.1642295002003555 32.0 
343.0 266.0 4.305822153790149 1.1642295002003555 32.0 
343.0 267.0 4.305822153790149 1.1642295002003555 32.0 
343.0 268.0 4.305822153790149 1.1642295002003555 32.0 
343.0 269.0 4.305822153790149 1.1642295002003555 32.0 
343.0 270.0 4.305822153790149 1.1642295002003555 32.0 
344.0 258.0 4.305822153790149 1.1642295002003555 32.0 
344.0 259.0 4.305822153790149 1.1642295002003555 32.0 
344.0 260.0 4.305822153790149 1.1642295002003555 32.0 
344.0 261.0 4.305822153790149 1.1642295002003555 32.0 
344.0 262.0 4.305822153790149 1.1642295002003555 32.0 
344.0 263.0 4.305822153790149 1.1642295002003555 32.0 
344.0 264.0 4.305822153790149 1.1642295002003555 32.0 
344.0 265.0 4.305822153790149 1.1642295002003555 32.0 
344.0 266.0 4.305822153790149 1.1642295002003555 32.0 
344.0 267.0 4.305822153790149 1.1642295002003555 32.0 
344.0 268.0 4.305822153790149 1.1642295002003555 32.0 
344.0 269.0 4.305822153790149 1.1642295002003555 32.0 
344.0 270.0 4.305822153790149 1.1642295002003555 32.0 
344.0 271.0 4.305822153790149 1.1642295002003555 32.0 
344.0 272.0 4.305822153790149 1.1642295002003555 32.0 
345.0 261.0 4.305822153790149 1.1642295002003555 32.0 
345.0 262.0 4.305822153790149 1.1642295002003555 32.0 
345.0 263.0 4.305822153790149 1.1642295002003555 32.0 
345.0 264.0 4.305822153790149 1.1642295002003555 32.0 
345.0 265.0 4.305822153790149 1.1642295002003555 32.0 
345.0 266.0 4.305822153790149 1.1642295002003555 32.0 
345.0 267.0 4.305822153790149 1.1642295002003555 32.0 
345.0 268.0 4.305822153790149 1.1642295002003555 32.0 
345.0 269.0 4.305822153790149 1.1642295002003555 32.0 
345.0 270.0 4.305822153790149 1.1642295002003555 32.0 
345.0 271.0 4.305822153790149 1.1642295002003555 32.0 
345.0 272.0 4.305822153790149 1.1642295002003555 32.0 
345.0 273.0 4.305822153790149 1.1642295002003555 32.0 
345.0 274.0 4.305822153790149 1.1642295002003555 32.0 
345.0 275.0 4.305822153790149 1.1642295002003555 32.0 
346.0 263.0 4.305822153790149 1.1642295002003555 32.0 
346.0 264.0 4.305822153790149 1.1642295002003555 32.0 
346.0 265.0 4.305822153790149 1.1642295002003555 32.0 
346.0 266.0 4.305822153790149 1.1642295002003555 32.0 
346.0 267.0 4.305822153790149 1.1642295002003555 32.0 
346.0 268.0 4.305822153790149 1.1642295002003555 32.0 
346.0 269.0 4.305822153790149 1.1642295002003555 32.0 
346.0 270.0 4.305822153790149 1.1642295002003555 32.0 
346.0 271.0 4.305822153790149 1.1642295002003555 32.0 
346.0 272.0 4.305822153790149 1.1642295002003555 32.0 
346.0 273.0 4.305822153790149 1.1642295002003555 32.0 
346.0 274.0 4.305822153790149 1.1642295002003555 32.0 
346.0 275.0 4.305822153790149 1.1642295002003555 32.0 
346.0 276.0 4.305822153790149 1.1642295002003555 32.0 
346.0 277.0 4.305822153790149 1.1642295002003555 32.0 
347.0 265.0 4.305822153790149 1.1642295002003555 32.0 
347.0 266.0 4.305822153790149 1.1642295002003555 32.0 
347.0 267.0 4.305822153790149 1.1642295002003555 32.0 
347.0 268.0 4.305822153790149 1.1642295002003555 32.0 
347.0 269.0 4.305822153790149 1.1642295002003555 32.0 
347.0 270.0 4.305822153790149 1.1642295002003555 32.0 
347.0 271.0 4.305822153790149 1.1642295002003555 32.0 
347.0 272.0 4.305822153790149 1.1642295002003555 32.0 
347.0 273.0 4.305822153790149 1.1642295002003555 32.0 
347.0 274.0 4.305822153790149 1.1642295002003555 32.0 
347.0 275.0 4.305822153790149 1.1642295002003555 32.0 
347.0 276.0 4.305822153790149 1.1642295002003555 32.0 
347.0 277.0 4.305822153790149 1.1642295002003555 32.0 
348.0 268.0 4.305822153790149 1.1642295002003555 32.0 
348.0 269.0 4.305822153790149 1.1642295002003555 32.0 
348.0 270.0 4.305822153790149 1.1642295002003555 32.0 
348.0 271.0 4.305822153790149 1.1642295002003555 32.0 
348.0 272.0 4.305822153790149 1.1642295002003555 32.0 
348.0 273.0 4.305822153790149 1.1642295002003555 32.0 
348.0 274.0 4.305822153790149 1.1642295002003555 32.0 
348.0 275.0 4.305822153790149 1.1642295002003555 32.0 
348.0 276.0 4.305822153790149 1.1642295002003555 32.0 
348.0 277.0 4.305822153790149 1.1642295002003555 32.0 
349.0 270.0 4.305822153790149 1.1642295002003555 32.0 
349.0 271.0 4.305822153790149 1.1642295002003555 32.0 
349.0 272.0 4.305822153790149 1.1642295002003555 32.0 
349.0 273.0 4.305822153790149 1.1642295002003555 32.0 
349.0 274.0 4.305822153790149 1.1642295002003555 32.0 
349.0 275.0 4.305822153790149 1.1642295002003555 32.0 
349.0 276.0 4.305822153790149 1.1642295002003555 32.0 
350.0 272.0 4.305822153790149 1.1642295002003555 32.0 
350.0 273.0 4.305822153790149 1.1642295002003555 32.0 
350.0 274.0 4.305822153790149 1.1642295002003555 32.0 
350.0 275.0 4.305822153790149 1.1642295002003555 32.0 
350.0 276.0 4.305822153790149 1.1642295002003555 32.0 
351.0 275.0 4.305822153790149 1.1642295002003555 32.0 
351.0 276.0 4.305822153790149 1.1642295002003555 32.0 
