359.0 241.0 4.505396786164869 1.3638041325750767 32.0 
359.0 242.0 4.505396786164869 1.3638041325750767 32.0 
359.0 243.0 4.505396786164869 1.3638041325750767 32.0 
359.0 244.0 4.505396786164869 1.3638041325750767 32.0 
359.0 245.0 4.505396786164869 1.3638041325750767 32.0 
360.0 241.0 4.505396786164869 1.3638041325750767 32.0 
360.0 242.0 4.505396786164869 1.3638041325750767 32.0 
360.0 243.0 4.505396786164869 1.3638041325750767 32.0 
360.0 244.0 4.505396786164869 1.3638041325750767 32.0 
360.0 245.0 4.505396786164869 1.3638041325750767 32.0 
360.0 246.0 4.505396786164869 1.3638041325750767 32.0 
360.0 247.0 4.505396786164869 1.3638041325750767 32.0 
360.0 248.0 4.505396786164869 1.3638041325750767 32.0 
360.0 249.0 4.505396786164869 1.3638041325750767 32.0 
361.0 240.0 4.505396786164869 1.3638041325750767 32.0 
361.0 241.0 4.505396786164869 1.3638041325750767 32.0 
361.0 242.0 4.505396786164869 1.3638041325750767 32.0 
361.0 243.0 4.505396786164869 1.3638041325750767 32.0 
361.0 244.0 4.505396786164869 1.3638041325750767 32.0 
361.0 245.0 4.505396786164869 1.3638041325750767 32.0 
361.0 246.0 4.505396786164869 1.3638041325750767 32.0 
361.0 247.0 4.505396786164869 1.3638041325750767 32.0 
361.0 248.0 4.505396786164869 1.3638041325750767 32.0 
361.0 249.0 4.505396786164869 1.3638041325750767 32.0 
361.0 250.0 4.505396786164869 1.3638041325750767 32.0 
361.0 251.0 4.505396786164869 1.3638041325750767 32.0 
361.0 252.0 4.505396786164869 1.3638041325750767 32.0 
361.0 253.0 4.505396786164869 1.3638041325750767 32.0 
361.0 254.0 4.505396786164869 1.3638041325750767 32.0 
362.0 240.0 4.505396786164869 1.3638041325750767 32.0 
362.0 241.0 4.505396786164869 1.3638041325750767 32.0 
362.0 242.0 4.505396786164869 1.3638041325750767 32.0 
362.0 243.0 4.505396786164869 1.3638041325750767 32.0 
362.0 244.0 4.505396786164869 1.3638041325750767 32.0 
362.0 245.0 4.505396786164869 1.3638041325750767 32.0 
362.0 246.0 4.505396786164869 1.3638041325750767 32.0 
362.0 247.0 4.505396786164869 1.3638041325750767 32.0 
362.0 248.0 4.505396786164869 1.3638041325750767 32.0 
362.0 249.0 4.505396786164869 1.3638041325750767 32.0 
362.0 250.0 4.505396786164869 1.3638041325750767 32.0 
362.0 251.0 4.505396786164869 1.3638041325750767 32.0 
362.0 252.0 4.505396786164869 1.3638041325750767 32.0 
362.0 253.0 4.505396786164869 1.3638041325750767 32.0 
362.0 254.0 4.505396786164869 1.3638041325750767 32.0 
362.0 255.0 4.505396786164869 1.3638041325750767 32.0 
362.0 256.0 4.505396786164869 1.3638041325750767 32.0 
362.0 257.0 4.505396786164869 1.3638041325750767 32.0 
362.0 258.0 4.505396786164869 1.3638041325750767 32.0 
362.0 259.0 4.505396786164869 1.3638041325750767 32.0 
363.0 240.0 4.505396786164869 1.3638041325750767 32.0 
363.0 241.0 4.505396786164869 1.3638041325750767 32.0 
363.0 242.0 4.505396786164869 1.3638041325750767 32.0 
363.0 243.0 4.505396786164869 1.3638041325750767 32.0 
363.0 244.0 4.505396786164869 1.3638041325750767 32.0 
363.0 245.0 4.505396786164869 1.3638041325750767 32.0 
363.0 246.0 4.505396786164869 1.3638041325750767 32.0 
363.0 247.0 4.505396786164869 1.3638041325750767 32.0 
363.0 248.0 4.505396786164869 1.3638041325750767 32.0 
363.0 249.0 4.505396786164869 1.3638041325750767 32.0 
363.0 250.0 4.505396786164869 1.3638041325750767 32.0 
363.0 251.0 4.505396786164869 1.3638041325750767 32.0 
363.0 252.0 4.505396786164869 1.3638041325750767 32.0 
363.0 253.0 4.505396786164869 1.3638041325750767 32.0 
363.0 254.0 4.505396786164869 1.3638041325750767 32.0 
363.0 255.0 4.505396786164869 1.3638041325750767 32.0 
363.0 256.0 4.505396786164869 1.3638041325750767 32.0 
363.0 257.0 4.505396786164869 1.3638041325750767 32.0 
363.0 258.0 4.505396786164869 1.3638041325750767 32.0 
363.0 259.0 4.505396786164869 1.3638041325750767 32.0 
363.0 260.0 4.505396786164869 1.3638041325750767 32.0 
363.0 261.0 4.505396786164869 1.3638041325750767 32.0 
363.0 262.0 4.505396786164869 1.3638041325750767 32.0 
363.0 263.0 4.505396786164869 1.3638041325750767 32.0 
363.0 264.0 4.505396786164869 1.3638041325750767 32.0 
364.0 240.0 4.505396786164869 1.3638041325750767 32.0 
364.0 241.0 4.505396786164869 1.3638041325750767 32.0 
364.0 242.0 4.505396786164869 1.3638041325750767 32.0 
364.0 243.0 4.505396786164869 1.3638041325750767 32.0 
364.0 244.0 4.505396786164869 1.3638041325750767 32.0 
364.0 245.0 4.505396786164869 1.3638041325750767 32.0 
364.0 246.0 4.505396786164869 1.3638041325750767 32.0 
364.0 247.0 4.505396786164869 1.3638041325750767 32.0 
364.0 248.0 4.505396786164869 1.3638041325750767 32.0 
364.0 249.0 4.505396786164869 1.3638041325750767 32.0 
364.0 250.0 4.505396786164869 1.3638041325750767 32.0 
364.0 251.0 4.505396786164869 1.3638041325750767 32.0 
364.0 252.0 4.505396786164869 1.3638041325750767 32.0 
364.0 253.0 4.505396786164869 1.3638041325750767 32.0 
364.0 254.0 4.505396786164869 1.3638041325750767 32.0 
364.0 255.0 4.505396786164869 1.3638041325750767 32.0 
364.0 256.0 4.505396786164869 1.3638041325750767 32.0 
364.0 257.0 4.505396786164869 1.3638041325750767 32.0 
364.0 258.0 4.505396786164869 1.3638041325750767 32.0 
364.0 259.0 4.505396786164869 1.3638041325750767 32.0 
364.0 260.0 4.505396786164869 1.3638041325750767 32.0 
364.0 261.0 4.505396786164869 1.3638041325750767 32.0 
364.0 262.0 4.505396786164869 1.3638041325750767 32.0 
364.0 263.0 4.505396786164869 1.3638041325750767 32.0 
364.0 264.0 4.505396786164869 1.3638041325750767 32.0 
364.0 265.0 4.505396786164869 1.3638041325750767 32.0 
364.0 266.0 4.505396786164869 1.3638041325750767 32.0 
364.0 267.0 4.505396786164869 1.3638041325750767 32.0 
364.0 268.0 4.505396786164869 1.3638041325750767 32.0 
365.0 245.0 4.505396786164869 1.3638041325750767 32.0 
365.0 246.0 4.505396786164869 1.3638041325750767 32.0 
365.0 247.0 4.505396786164869 1.3638041325750767 32.0 
365.0 248.0 4.505396786164869 1.3638041325750767 32.0 
365.0 249.0 4.505396786164869 1.3638041325750767 32.0 
365.0 250.0 4.505396786164869 1.3638041325750767 32.0 
365.0 251.0 4.505396786164869 1.3638041325750767 32.0 
365.0 252.0 4.505396786164869 1.3638041325750767 32.0 
365.0 253.0 4.505396786164869 1.3638041325750767 32.0 
365.0 254.0 4.505396786164869 1.3638041325750767 32.0 
365.0 255.0 4.505396786164869 1.3638041325750767 32.0 
365.0 256.0 4.505396786164869 1.3638041325750767 32.0 
365.0 257.0 4.505396786164869 1.3638041325750767 32.0 
365.0 258.0 4.505396786164869 1.3638041325750767 32.0 
365.0 259.0 4.505396786164869 1.3638041325750767 32.0 
365.0 260.0 4.505396786164869 1.3638041325750767 32.0 
365.0 261.0 4.505396786164869 1.3638041325750767 32.0 
365.0 262.0 4.505396786164869 1.3638041325750767 32.0 
365.0 263.0 4.505396786164869 1.3638041325750767 32.0 
365.0 264.0 4.505396786164869 1.3638041325750767 32.0 
365.0 265.0 4.505396786164869 1.3638041325750767 32.0 
365.0 266.0 4.505396786164869 1.3638041325750767 32.0 
365.0 267.0 4.505396786164869 1.3638041325750767 32.0 
365.0 268.0 4.505396786164869 1.3638041325750767 32.0 
365.0 269.0 4.505396786164869 1.3638041325750767 32.0 
365.0 270.0 4.505396786164869 1.3638041325750767 32.0 
365.0 271.0 4.505396786164869 1.3638041325750767 32.0 
365.0 272.0 4.505396786164869 1.3638041325750767 32.0 
365.0 273.0 4.505396786164869 1.3638041325750767 32.0 
366.0 250.0 4.505396786164869 1.3638041325750767 32.0 
366.0 251.0 4.505396786164869 1.3638041325750767 32.0 
366.0 252.0 4.505396786164869 1.3638041325750767 32.0 
366.0 253.0 4.505396786164869 1.3638041325750767 32.0 
366.0 254.0 4.505396786164869 1.3638041325750767 32.0 
366.0 255.0 4.505396786164869 1.3638041325750767 32.0 
366.0 256.0 4.505396786164869 1.3638041325750767 32.0 
366.0 257.0 4.505396786164869 1.3638041325750767 32.0 
366.0 258.0 4.505396786164869 1.3638041325750767 32.0 
366.0 259.0 4.505396786164869 1.3638041325750767 32.0 
366.0 260.0 4.505396786164869 1.3638041325750767 32.0 
366.0 261.0 4.505396786164869 1.3638041325750767 32.0 
366.0 262.0 4.505396786164869 1.3638041325750767 32.0 
366.0 263.0 4.505396786164869 1.3638041325750767 32.0 
366.0 264.0 4.505396786164869 1.3638041325750767 32.0 
366.0 265.0 4.505396786164869 1.3638041325750767 32.0 
366.0 266.0 4.505396786164869 1.3638041325750767 32.0 
366.0 267.0 4.505396786164869 1.3638041325750767 32.0 
366.0 268.0 4.505396786164869 1.3638041325750767 32.0 
366.0 269.0 4.505396786164869 1.3638041325750767 32.0 
366.0 270.0 4.505396786164869 1.3638041325750767 32.0 
366.0 271.0 4.505396786164869 1.3638041325750767 32.0 
366.0 272.0 4.505396786164869 1.3638041325750767 32.0 
366.0 273.0 4.505396786164869 1.3638041325750767 32.0 
366.0 274.0 4.505396786164869 1.3638041325750767 32.0 
366.0 275.0 4.505396786164869 1.3638041325750767 32.0 
366.0 276.0 4.505396786164869 1.3638041325750767 32.0 
366.0 277.0 4.505396786164869 1.3638041325750767 32.0 
366.0 278.0 4.505396786164869 1.3638041325750767 32.0 
367.0 254.0 4.505396786164869 1.3638041325750767 32.0 
367.0 255.0 4.505396786164869 1.3638041325750767 32.0 
367.0 256.0 4.505396786164869 1.3638041325750767 32.0 
367.0 257.0 4.505396786164869 1.3638041325750767 32.0 
367.0 258.0 4.505396786164869 1.3638041325750767 32.0 
367.0 259.0 4.505396786164869 1.3638041325750767 32.0 
367.0 260.0 4.505396786164869 1.3638041325750767 32.0 
367.0 261.0 4.505396786164869 1.3638041325750767 32.0 
367.0 262.0 4.505396786164869 1.3638041325750767 32.0 
367.0 263.0 4.505396786164869 1.3638041325750767 32.0 
367.0 264.0 4.505396786164869 1.3638041325750767 32.0 
367.0 265.0 4.505396786164869 1.3638041325750767 32.0 
367.0 266.0 4.505396786164869 1.3638041325750767 32.0 
367.0 267.0 4.505396786164869 1.3638041325750767 32.0 
367.0 268.0 4.505396786164869 1.3638041325750767 32.0 
367.0 269.0 4.505396786164869 1.3638041325750767 32.0 
367.0 270.0 4.505396786164869 1.3638041325750767 32.0 
367.0 271.0 4.505396786164869 1.3638041325750767 32.0 
367.0 272.0 4.505396786164869 1.3638041325750767 32.0 
367.0 273.0 4.505396786164869 1.3638041325750767 32.0 
367.0 274.0 4.505396786164869 1.3638041325750767 32.0 
367.0 275.0 4.505396786164869 1.3638041325750767 32.0 
367.0 276.0 4.505396786164869 1.3638041325750767 32.0 
367.0 277.0 4.505396786164869 1.3638041325750767 32.0 
367.0 278.0 4.505396786164869 1.3638041325750767 32.0 
367.0 279.0 4.505396786164869 1.3638041325750767 32.0 
367.0 280.0 4.505396786164869 1.3638041325750767 32.0 
367.0 281.0 4.505396786164869 1.3638041325750767 32.0 
367.0 282.0 4.505396786164869 1.3638041325750767 32.0 
367.0 283.0 4.505396786164869 1.3638041325750767 32.0 
368.0 259.0 4.505396786164869 1.3638041325750767 32.0 
368.0 260.0 4.505396786164869 1.3638041325750767 32.0 
368.0 261.0 4.505396786164869 1.3638041325750767 32.0 
368.0 262.0 4.505396786164869 1.3638041325750767 32.0 
368.0 263.0 4.505396786164869 1.3638041325750767 32.0 
368.0 264.0 4.505396786164869 1.3638041325750767 32.0 
368.0 265.0 4.505396786164869 1.3638041325750767 32.0 
368.0 266.0 4.505396786164869 1.3638041325750767 32.0 
368.0 267.0 4.505396786164869 1.3638041325750767 32.0 
368.0 268.0 4.505396786164869 1.3638041325750767 32.0 
368.0 269.0 4.505396786164869 1.3638041325750767 32.0 
368.0 270.0 4.505396786164869 1.3638041325750767 32.0 
368.0 271.0 4.505396786164869 1.3638041325750767 32.0 
368.0 272.0 4.505396786164869 1.3638041325750767 32.0 
368.0 273.0 4.505396786164869 1.3638041325750767 32.0 
368.0 274.0 4.505396786164869 1.3638041325750767 32.0 
368.0 275.0 4.505396786164869 1.3638041325750767 32.0 
368.0 276.0 4.505396786164869 1.3638041325750767 32.0 
368.0 277.0 4.505396786164869 1.3638041325750767 32.0 
368.0 278.0 4.505396786164869 1.3638041325750767 32.0 
368.0 279.0 4.505396786164869 1.3638041325750767 32.0 
368.0 280.0 4.505396786164869 1.3638041325750767 32.0 
368.0 281.0 4.505396786164869 1.3638041325750767 32.0 
368.0 282.0 4.505396786164869 1.3638041325750767 32.0 
368.0 283.0 4.505396786164869 1.3638041325750767 32.0 
368.0 284.0 4.505396786164869 1.3638041325750767 32.0 
368.0 285.0 4.505396786164869 1.3638041325750767 32.0 
368.0 286.0 4.505396786164869 1.3638041325750767 32.0 
368.0 287.0 4.505396786164869 1.3638041325750767 32.0 
369.0 264.0 4.505396786164869 1.3638041325750767 32.0 
369.0 265.0 4.505396786164869 1.3638041325750767 32.0 
369.0 266.0 4.505396786164869 1.3638041325750767 32.0 
369.0 267.0 4.505396786164869 1.3638041325750767 32.0 
369.0 268.0 4.505396786164869 1.3638041325750767 32.0 
369.0 269.0 4.505396786164869 1.3638041325750767 32.0 
369.0 270.0 4.505396786164869 1.3638041325750767 32.0 
369.0 271.0 4.505396786164869 1.3638041325750767 32.0 
369.0 272.0 4.505396786164869 1.3638041325750767 32.0 
369.0 273.0 4.505396786164869 1.3638041325750767 32.0 
369.0 274.0 4.505396786164869 1.3638041325750767 32.0 
369.0 275.0 4.505396786164869 1.3638041325750767 32.0 
369.0 276.0 4.505396786164869 1.3638041325750767 32.0 
369.0 277.0 4.505396786164869 1.3638041325750767 32.0 
369.0 278.0 4.505396786164869 1.3638041325750767 32.0 
369.0 279.0 4.505396786164869 1.3638041325750767 32.0 
369.0 280.0 4.505396786164869 1.3638041325750767 32.0 
369.0 281.0 4.505396786164869 1.3638041325750767 32.0 
369.0 282.0 4.505396786164869 1.3638041325750767 32.0 
369.0 283.0 4.505396786164869 1.3638041325750767 32.0 
369.0 284.0 4.505396786164869 1.3638041325750767 32.0 
369.0 285.0 4.505396786164869 1.3638041325750767 32.0 
369.0 286.0 4.505396786164869 1.3638041325750767 32.0 
369.0 287.0 4.505396786164869 1.3638041325750767 32.0 
369.0 288.0 4.505396786164869 1.3638041325750767 32.0 
369.0 289.0 4.505396786164869 1.3638041325750767 32.0 
369.0 290.0 4.505396786164869 1.3638041325750767 32.0 
369.0 291.0 4.505396786164869 1.3638041325750767 32.0 
369.0 292.0 4.505396786164869 1.3638041325750767 32.0 
370.0 269.0 4.505396786164869 1.3638041325750767 32.0 
370.0 270.0 4.505396786164869 1.3638041325750767 32.0 
370.0 271.0 4.505396786164869 1.3638041325750767 32.0 
370.0 272.0 4.505396786164869 1.3638041325750767 32.0 
370.0 273.0 4.505396786164869 1.3638041325750767 32.0 
370.0 274.0 4.505396786164869 1.3638041325750767 32.0 
370.0 275.0 4.505396786164869 1.3638041325750767 32.0 
370.0 276.0 4.505396786164869 1.3638041325750767 32.0 
370.0 277.0 4.505396786164869 1.3638041325750767 32.0 
370.0 278.0 4.505396786164869 1.3638041325750767 32.0 
370.0 279.0 4.505396786164869 1.3638041325750767 32.0 
370.0 280.0 4.505396786164869 1.3638041325750767 32.0 
370.0 281.0 4.505396786164869 1.3638041325750767 32.0 
370.0 282.0 4.505396786164869 1.3638041325750767 32.0 
370.0 283.0 4.505396786164869 1.3638041325750767 32.0 
370.0 284.0 4.505396786164869 1.3638041325750767 32.0 
370.0 285.0 4.505396786164869 1.3638041325750767 32.0 
370.0 286.0 4.505396786164869 1.3638041325750767 32.0 
370.0 287.0 4.505396786164869 1.3638041325750767 32.0 
370.0 288.0 4.505396786164869 1.3638041325750767 32.0 
370.0 289.0 4.505396786164869 1.3638041325750767 32.0 
370.0 290.0 4.505396786164869 1.3638041325750767 32.0 
370.0 291.0 4.505396786164869 1.3638041325750767 32.0 
370.0 292.0 4.505396786164869 1.3638041325750767 32.0 
370.0 293.0 4.505396786164869 1.3638041325750767 32.0 
370.0 294.0 4.505396786164869 1.3638041325750767 32.0 
370.0 295.0 4.505396786164869 1.3638041325750767 32.0 
370.0 296.0 4.505396786164869 1.3638041325750767 32.0 
370.0 297.0 4.505396786164869 1.3638041325750767 32.0 
371.0 274.0 4.505396786164869 1.3638041325750767 32.0 
371.0 275.0 4.505396786164869 1.3638041325750767 32.0 
371.0 276.0 4.505396786164869 1.3638041325750767 32.0 
371.0 277.0 4.505396786164869 1.3638041325750767 32.0 
371.0 278.0 4.505396786164869 1.3638041325750767 32.0 
371.0 279.0 4.505396786164869 1.3638041325750767 32.0 
371.0 280.0 4.505396786164869 1.3638041325750767 32.0 
371.0 281.0 4.505396786164869 1.3638041325750767 32.0 
371.0 282.0 4.505396786164869 1.3638041325750767 32.0 
371.0 283.0 4.505396786164869 1.3638041325750767 32.0 
371.0 284.0 4.505396786164869 1.3638041325750767 32.0 
371.0 285.0 4.505396786164869 1.3638041325750767 32.0 
371.0 286.0 4.505396786164869 1.3638041325750767 32.0 
371.0 287.0 4.505396786164869 1.3638041325750767 32.0 
371.0 288.0 4.505396786164869 1.3638041325750767 32.0 
371.0 289.0 4.505396786164869 1.3638041325750767 32.0 
371.0 290.0 4.505396786164869 1.3638041325750767 32.0 
371.0 291.0 4.505396786164869 1.3638041325750767 32.0 
371.0 292.0 4.505396786164869 1.3638041325750767 32.0 
371.0 293.0 4.505396786164869 1.3638041325750767 32.0 
371.0 294.0 4.505396786164869 1.3638041325750767 32.0 
371.0 295.0 4.505396786164869 1.3638041325750767 32.0 
371.0 296.0 4.505396786164869 1.3638041325750767 32.0 
371.0 297.0 4.505396786164869 1.3638041325750767 32.0 
371.0 298.0 4.505396786164869 1.3638041325750767 32.0 
371.0 299.0 4.505396786164869 1.3638041325750767 32.0 
371.0 300.0 4.505396786164869 1.3638041325750767 32.0 
371.0 301.0 4.505396786164869 1.3638041325750767 32.0 
371.0 302.0 4.505396786164869 1.3638041325750767 32.0 
372.0 278.0 4.505396786164869 1.3638041325750767 32.0 
372.0 279.0 4.505396786164869 1.3638041325750767 32.0 
372.0 280.0 4.505396786164869 1.3638041325750767 32.0 
372.0 281.0 4.505396786164869 1.3638041325750767 32.0 
372.0 282.0 4.505396786164869 1.3638041325750767 32.0 
372.0 283.0 4.505396786164869 1.3638041325750767 32.0 
372.0 284.0 4.505396786164869 1.3638041325750767 32.0 
372.0 285.0 4.505396786164869 1.3638041325750767 32.0 
372.0 286.0 4.505396786164869 1.3638041325750767 32.0 
372.0 287.0 4.505396786164869 1.3638041325750767 32.0 
372.0 288.0 4.505396786164869 1.3638041325750767 32.0 
372.0 289.0 4.505396786164869 1.3638041325750767 32.0 
372.0 290.0 4.505396786164869 1.3638041325750767 32.0 
372.0 291.0 4.505396786164869 1.3638041325750767 32.0 
372.0 292.0 4.505396786164869 1.3638041325750767 32.0 
372.0 293.0 4.505396786164869 1.3638041325750767 32.0 
372.0 294.0 4.505396786164869 1.3638041325750767 32.0 
372.0 295.0 4.505396786164869 1.3638041325750767 32.0 
372.0 296.0 4.505396786164869 1.3638041325750767 32.0 
372.0 297.0 4.505396786164869 1.3638041325750767 32.0 
372.0 298.0 4.505396786164869 1.3638041325750767 32.0 
372.0 299.0 4.505396786164869 1.3638041325750767 32.0 
372.0 300.0 4.505396786164869 1.3638041325750767 32.0 
372.0 301.0 4.505396786164869 1.3638041325750767 32.0 
372.0 302.0 4.505396786164869 1.3638041325750767 32.0 
372.0 303.0 4.505396786164869 1.3638041325750767 32.0 
372.0 304.0 4.505396786164869 1.3638041325750767 32.0 
372.0 305.0 4.505396786164869 1.3638041325750767 32.0 
372.0 306.0 4.505396786164869 1.3638041325750767 32.0 
373.0 283.0 4.505396786164869 1.3638041325750767 32.0 
373.0 284.0 4.505396786164869 1.3638041325750767 32.0 
373.0 285.0 4.505396786164869 1.3638041325750767 32.0 
373.0 286.0 4.505396786164869 1.3638041325750767 32.0 
373.0 287.0 4.505396786164869 1.3638041325750767 32.0 
373.0 288.0 4.505396786164869 1.3638041325750767 32.0 
373.0 289.0 4.505396786164869 1.3638041325750767 32.0 
373.0 290.0 4.505396786164869 1.3638041325750767 32.0 
373.0 291.0 4.505396786164869 1.3638041325750767 32.0 
373.0 292.0 4.505396786164869 1.3638041325750767 32.0 
373.0 293.0 4.505396786164869 1.3638041325750767 32.0 
373.0 294.0 4.505396786164869 1.3638041325750767 32.0 
373.0 295.0 4.505396786164869 1.3638041325750767 32.0 
373.0 296.0 4.505396786164869 1.3638041325750767 32.0 
373.0 297.0 4.505396786164869 1.3638041325750767 32.0 
373.0 298.0 4.505396786164869 1.3638041325750767 32.0 
373.0 299.0 4.505396786164869 1.3638041325750767 32.0 
373.0 300.0 4.505396786164869 1.3638041325750767 32.0 
373.0 301.0 4.505396786164869 1.3638041325750767 32.0 
373.0 302.0 4.505396786164869 1.3638041325750767 32.0 
373.0 303.0 4.505396786164869 1.3638041325750767 32.0 
373.0 304.0 4.505396786164869 1.3638041325750767 32.0 
373.0 305.0 4.505396786164869 1.3638041325750767 32.0 
373.0 306.0 4.505396786164869 1.3638041325750767 32.0 
373.0 307.0 4.505396786164869 1.3638041325750767 32.0 
373.0 308.0 4.505396786164869 1.3638041325750767 32.0 
373.0 309.0 4.505396786164869 1.3638041325750767 32.0 
373.0 310.0 4.505396786164869 1.3638041325750767 32.0 
373.0 311.0 4.505396786164869 1.3638041325750767 32.0 
374.0 288.0 4.505396786164869 1.3638041325750767 32.0 
374.0 289.0 4.505396786164869 1.3638041325750767 32.0 
374.0 290.0 4.505396786164869 1.3638041325750767 32.0 
374.0 291.0 4.505396786164869 1.3638041325750767 32.0 
374.0 292.0 4.505396786164869 1.3638041325750767 32.0 
374.0 293.0 4.505396786164869 1.3638041325750767 32.0 
374.0 294.0 4.505396786164869 1.3638041325750767 32.0 
374.0 295.0 4.505396786164869 1.3638041325750767 32.0 
374.0 296.0 4.505396786164869 1.3638041325750767 32.0 
374.0 297.0 4.505396786164869 1.3638041325750767 32.0 
374.0 298.0 4.505396786164869 1.3638041325750767 32.0 
374.0 299.0 4.505396786164869 1.3638041325750767 32.0 
374.0 300.0 4.505396786164869 1.3638041325750767 32.0 
374.0 301.0 4.505396786164869 1.3638041325750767 32.0 
374.0 302.0 4.505396786164869 1.3638041325750767 32.0 
374.0 303.0 4.505396786164869 1.3638041325750767 32.0 
374.0 304.0 4.505396786164869 1.3638041325750767 32.0 
374.0 305.0 4.505396786164869 1.3638041325750767 32.0 
374.0 306.0 4.505396786164869 1.3638041325750767 32.0 
374.0 307.0 4.505396786164869 1.3638041325750767 32.0 
374.0 308.0 4.505396786164869 1.3638041325750767 32.0 
374.0 309.0 4.505396786164869 1.3638041325750767 32.0 
374.0 310.0 4.505396786164869 1.3638041325750767 32.0 
374.0 311.0 4.505396786164869 1.3638041325750767 32.0 
374.0 312.0 4.505396786164869 1.3638041325750767 32.0 
374.0 313.0 4.505396786164869 1.3638041325750767 32.0 
374.0 314.0 4.505396786164869 1.3638041325750767 32.0 
374.0 315.0 4.505396786164869 1.3638041325750767 32.0 
374.0 316.0 4.505396786164869 1.3638041325750767 32.0 
375.0 293.0 4.505396786164869 1.3638041325750767 32.0 
375.0 294.0 4.505396786164869 1.3638041325750767 32.0 
375.0 295.0 4.505396786164869 1.3638041325750767 32.0 
375.0 296.0 4.505396786164869 1.3638041325750767 32.0 
375.0 297.0 4.505396786164869 1.3638041325750767 32.0 
375.0 298.0 4.505396786164869 1.3638041325750767 32.0 
375.0 299.0 4.505396786164869 1.3638041325750767 32.0 
375.0 300.0 4.505396786164869 1.3638041325750767 32.0 
375.0 301.0 4.505396786164869 1.3638041325750767 32.0 
375.0 302.0 4.505396786164869 1.3638041325750767 32.0 
375.0 303.0 4.505396786164869 1.3638041325750767 32.0 
375.0 304.0 4.505396786164869 1.3638041325750767 32.0 
375.0 305.0 4.505396786164869 1.3638041325750767 32.0 
375.0 306.0 4.505396786164869 1.3638041325750767 32.0 
375.0 307.0 4.505396786164869 1.3638041325750767 32.0 
375.0 308.0 4.505396786164869 1.3638041325750767 32.0 
375.0 309.0 4.505396786164869 1.3638041325750767 32.0 
375.0 310.0 4.505396786164869 1.3638041325750767 32.0 
375.0 311.0 4.505396786164869 1.3638041325750767 32.0 
375.0 312.0 4.505396786164869 1.3638041325750767 32.0 
375.0 313.0 4.505396786164869 1.3638041325750767 32.0 
375.0 314.0 4.505396786164869 1.3638041325750767 32.0 
375.0 315.0 4.505396786164869 1.3638041325750767 32.0 
375.0 316.0 4.505396786164869 1.3638041325750767 32.0 
375.0 317.0 4.505396786164869 1.3638041325750767 32.0 
375.0 318.0 4.505396786164869 1.3638041325750767 32.0 
375.0 319.0 4.505396786164869 1.3638041325750767 32.0 
375.0 320.0 4.505396786164869 1.3638041325750767 32.0 
375.0 321.0 4.505396786164869 1.3638041325750767 32.0 
376.0 297.0 4.505396786164869 1.3638041325750767 32.0 
376.0 298.0 4.505396786164869 1.3638041325750767 32.0 
376.0 299.0 4.505396786164869 1.3638041325750767 32.0 
376.0 300.0 4.505396786164869 1.3638041325750767 32.0 
376.0 301.0 4.505396786164869 1.3638041325750767 32.0 
376.0 302.0 4.505396786164869 1.3638041325750767 32.0 
376.0 303.0 4.505396786164869 1.3638041325750767 32.0 
376.0 304.0 4.505396786164869 1.3638041325750767 32.0 
376.0 305.0 4.505396786164869 1.3638041325750767 32.0 
376.0 306.0 4.505396786164869 1.3638041325750767 32.0 
376.0 307.0 4.505396786164869 1.3638041325750767 32.0 
376.0 308.0 4.505396786164869 1.3638041325750767 32.0 
376.0 309.0 4.505396786164869 1.3638041325750767 32.0 
376.0 310.0 4.505396786164869 1.3638041325750767 32.0 
376.0 311.0 4.505396786164869 1.3638041325750767 32.0 
376.0 312.0 4.505396786164869 1.3638041325750767 32.0 
376.0 313.0 4.505396786164869 1.3638041325750767 32.0 
376.0 314.0 4.505396786164869 1.3638041325750767 32.0 
376.0 315.0 4.505396786164869 1.3638041325750767 32.0 
376.0 316.0 4.505396786164869 1.3638041325750767 32.0 
376.0 317.0 4.505396786164869 1.3638041325750767 32.0 
376.0 318.0 4.505396786164869 1.3638041325750767 32.0 
376.0 319.0 4.505396786164869 1.3638041325750767 32.0 
376.0 320.0 4.505396786164869 1.3638041325750767 32.0 
376.0 321.0 4.505396786164869 1.3638041325750767 32.0 
376.0 322.0 4.505396786164869 1.3638041325750767 32.0 
376.0 323.0 4.505396786164869 1.3638041325750767 32.0 
376.0 324.0 4.505396786164869 1.3638041325750767 32.0 
376.0 325.0 4.505396786164869 1.3638041325750767 32.0 
376.0 326.0 4.505396786164869 1.3638041325750767 32.0 
377.0 302.0 4.505396786164869 1.3638041325750767 32.0 
377.0 303.0 4.505396786164869 1.3638041325750767 32.0 
377.0 304.0 4.505396786164869 1.3638041325750767 32.0 
377.0 305.0 4.505396786164869 1.3638041325750767 32.0 
377.0 306.0 4.505396786164869 1.3638041325750767 32.0 
377.0 307.0 4.505396786164869 1.3638041325750767 32.0 
377.0 308.0 4.505396786164869 1.3638041325750767 32.0 
377.0 309.0 4.505396786164869 1.3638041325750767 32.0 
377.0 310.0 4.505396786164869 1.3638041325750767 32.0 
377.0 311.0 4.505396786164869 1.3638041325750767 32.0 
377.0 312.0 4.505396786164869 1.3638041325750767 32.0 
377.0 313.0 4.505396786164869 1.3638041325750767 32.0 
377.0 314.0 4.505396786164869 1.3638041325750767 32.0 
377.0 315.0 4.505396786164869 1.3638041325750767 32.0 
377.0 316.0 4.505396786164869 1.3638041325750767 32.0 
377.0 317.0 4.505396786164869 1.3638041325750767 32.0 
377.0 318.0 4.505396786164869 1.3638041325750767 32.0 
377.0 319.0 4.505396786164869 1.3638041325750767 32.0 
377.0 320.0 4.505396786164869 1.3638041325750767 32.0 
377.0 321.0 4.505396786164869 1.3638041325750767 32.0 
377.0 322.0 4.505396786164869 1.3638041325750767 32.0 
377.0 323.0 4.505396786164869 1.3638041325750767 32.0 
377.0 324.0 4.505396786164869 1.3638041325750767 32.0 
377.0 325.0 4.505396786164869 1.3638041325750767 32.0 
377.0 326.0 4.505396786164869 1.3638041325750767 32.0 
377.0 327.0 4.505396786164869 1.3638041325750767 32.0 
377.0 328.0 4.505396786164869 1.3638041325750767 32.0 
377.0 329.0 4.505396786164869 1.3638041325750767 32.0 
377.0 330.0 4.505396786164869 1.3638041325750767 32.0 
378.0 307.0 4.505396786164869 1.3638041325750767 32.0 
378.0 308.0 4.505396786164869 1.3638041325750767 32.0 
378.0 309.0 4.505396786164869 1.3638041325750767 32.0 
378.0 310.0 4.505396786164869 1.3638041325750767 32.0 
378.0 311.0 4.505396786164869 1.3638041325750767 32.0 
378.0 312.0 4.505396786164869 1.3638041325750767 32.0 
378.0 313.0 4.505396786164869 1.3638041325750767 32.0 
378.0 314.0 4.505396786164869 1.3638041325750767 32.0 
378.0 315.0 4.505396786164869 1.3638041325750767 32.0 
378.0 316.0 4.505396786164869 1.3638041325750767 32.0 
378.0 317.0 4.505396786164869 1.3638041325750767 32.0 
378.0 318.0 4.505396786164869 1.3638041325750767 32.0 
378.0 319.0 4.505396786164869 1.3638041325750767 32.0 
378.0 320.0 4.505396786164869 1.3638041325750767 32.0 
378.0 321.0 4.505396786164869 1.3638041325750767 32.0 
378.0 322.0 4.505396786164869 1.3638041325750767 32.0 
378.0 323.0 4.505396786164869 1.3638041325750767 32.0 
378.0 324.0 4.505396786164869 1.3638041325750767 32.0 
378.0 325.0 4.505396786164869 1.3638041325750767 32.0 
378.0 326.0 4.505396786164869 1.3638041325750767 32.0 
378.0 327.0 4.505396786164869 1.3638041325750767 32.0 
378.0 328.0 4.505396786164869 1.3638041325750767 32.0 
378.0 329.0 4.505396786164869 1.3638041325750767 32.0 
378.0 330.0 4.505396786164869 1.3638041325750767 32.0 
378.0 331.0 4.505396786164869 1.3638041325750767 32.0 
378.0 332.0 4.505396786164869 1.3638041325750767 32.0 
378.0 333.0 4.505396786164869 1.3638041325750767 32.0 
378.0 334.0 4.505396786164869 1.3638041325750767 32.0 
378.0 335.0 4.505396786164869 1.3638041325750767 32.0 
379.0 312.0 4.505396786164869 1.3638041325750767 32.0 
379.0 313.0 4.505396786164869 1.3638041325750767 32.0 
379.0 314.0 4.505396786164869 1.3638041325750767 32.0 
379.0 315.0 4.505396786164869 1.3638041325750767 32.0 
379.0 316.0 4.505396786164869 1.3638041325750767 32.0 
379.0 317.0 4.505396786164869 1.3638041325750767 32.0 
379.0 318.0 4.505396786164869 1.3638041325750767 32.0 
379.0 319.0 4.505396786164869 1.3638041325750767 32.0 
379.0 320.0 4.505396786164869 1.3638041325750767 32.0 
379.0 321.0 4.505396786164869 1.3638041325750767 32.0 
379.0 322.0 4.505396786164869 1.3638041325750767 32.0 
379.0 323.0 4.505396786164869 1.3638041325750767 32.0 
379.0 324.0 4.505396786164869 1.3638041325750767 32.0 
379.0 325.0 4.505396786164869 1.3638041325750767 32.0 
379.0 326.0 4.505396786164869 1.3638041325750767 32.0 
379.0 327.0 4.505396786164869 1.3638041325750767 32.0 
379.0 328.0 4.505396786164869 1.3638041325750767 32.0 
379.0 329.0 4.505396786164869 1.3638041325750767 32.0 
379.0 330.0 4.505396786164869 1.3638041325750767 32.0 
379.0 331.0 4.505396786164869 1.3638041325750767 32.0 
379.0 332.0 4.505396786164869 1.3638041325750767 32.0 
379.0 333.0 4.505396786164869 1.3638041325750767 32.0 
379.0 334.0 4.505396786164869 1.3638041325750767 32.0 
379.0 335.0 4.505396786164869 1.3638041325750767 32.0 
379.0 336.0 4.505396786164869 1.3638041325750767 32.0 
379.0 337.0 4.505396786164869 1.3638041325750767 32.0 
379.0 338.0 4.505396786164869 1.3638041325750767 32.0 
379.0 339.0 4.505396786164869 1.3638041325750767 32.0 
379.0 340.0 4.505396786164869 1.3638041325750767 32.0 
380.0 316.0 4.505396786164869 1.3638041325750767 32.0 
380.0 317.0 4.505396786164869 1.3638041325750767 32.0 
380.0 318.0 4.505396786164869 1.3638041325750767 32.0 
380.0 319.0 4.505396786164869 1.3638041325750767 32.0 
380.0 320.0 4.505396786164869 1.3638041325750767 32.0 
380.0 321.0 4.505396786164869 1.3638041325750767 32.0 
380.0 322.0 4.505396786164869 1.3638041325750767 32.0 
380.0 323.0 4.505396786164869 1.3638041325750767 32.0 
380.0 324.0 4.505396786164869 1.3638041325750767 32.0 
380.0 325.0 4.505396786164869 1.3638041325750767 32.0 
380.0 326.0 4.505396786164869 1.3638041325750767 32.0 
380.0 327.0 4.505396786164869 1.3638041325750767 32.0 
380.0 328.0 4.505396786164869 1.3638041325750767 32.0 
380.0 329.0 4.505396786164869 1.3638041325750767 32.0 
380.0 330.0 4.505396786164869 1.3638041325750767 32.0 
380.0 331.0 4.505396786164869 1.3638041325750767 32.0 
380.0 332.0 4.505396786164869 1.3638041325750767 32.0 
380.0 333.0 4.505396786164869 1.3638041325750767 32.0 
380.0 334.0 4.505396786164869 1.3638041325750767 32.0 
380.0 335.0 4.505396786164869 1.3638041325750767 32.0 
380.0 336.0 4.505396786164869 1.3638041325750767 32.0 
380.0 337.0 4.505396786164869 1.3638041325750767 32.0 
380.0 338.0 4.505396786164869 1.3638041325750767 32.0 
380.0 339.0 4.505396786164869 1.3638041325750767 32.0 
380.0 340.0 4.505396786164869 1.3638041325750767 32.0 
381.0 321.0 4.505396786164869 1.3638041325750767 32.0 
381.0 322.0 4.505396786164869 1.3638041325750767 32.0 
381.0 323.0 4.505396786164869 1.3638041325750767 32.0 
381.0 324.0 4.505396786164869 1.3638041325750767 32.0 
381.0 325.0 4.505396786164869 1.3638041325750767 32.0 
381.0 326.0 4.505396786164869 1.3638041325750767 32.0 
381.0 327.0 4.505396786164869 1.3638041325750767 32.0 
381.0 328.0 4.505396786164869 1.3638041325750767 32.0 
381.0 329.0 4.505396786164869 1.3638041325750767 32.0 
381.0 330.0 4.505396786164869 1.3638041325750767 32.0 
381.0 331.0 4.505396786164869 1.3638041325750767 32.0 
381.0 332.0 4.505396786164869 1.3638041325750767 32.0 
381.0 333.0 4.505396786164869 1.3638041325750767 32.0 
381.0 334.0 4.505396786164869 1.3638041325750767 32.0 
381.0 335.0 4.505396786164869 1.3638041325750767 32.0 
381.0 336.0 4.505396786164869 1.3638041325750767 32.0 
381.0 337.0 4.505396786164869 1.3638041325750767 32.0 
381.0 338.0 4.505396786164869 1.3638041325750767 32.0 
381.0 339.0 4.505396786164869 1.3638041325750767 32.0 
381.0 340.0 4.505396786164869 1.3638041325750767 32.0 
382.0 326.0 4.505396786164869 1.3638041325750767 32.0 
382.0 327.0 4.505396786164869 1.3638041325750767 32.0 
382.0 328.0 4.505396786164869 1.3638041325750767 32.0 
382.0 329.0 4.505396786164869 1.3638041325750767 32.0 
382.0 330.0 4.505396786164869 1.3638041325750767 32.0 
382.0 331.0 4.505396786164869 1.3638041325750767 32.0 
382.0 332.0 4.505396786164869 1.3638041325750767 32.0 
382.0 333.0 4.505396786164869 1.3638041325750767 32.0 
382.0 334.0 4.505396786164869 1.3638041325750767 32.0 
382.0 335.0 4.505396786164869 1.3638041325750767 32.0 
382.0 336.0 4.505396786164869 1.3638041325750767 32.0 
382.0 337.0 4.505396786164869 1.3638041325750767 32.0 
382.0 338.0 4.505396786164869 1.3638041325750767 32.0 
382.0 339.0 4.505396786164869 1.3638041325750767 32.0 
383.0 331.0 4.505396786164869 1.3638041325750767 32.0 
383.0 332.0 4.505396786164869 1.3638041325750767 32.0 
383.0 333.0 4.505396786164869 1.3638041325750767 32.0 
383.0 334.0 4.505396786164869 1.3638041325750767 32.0 
383.0 335.0 4.505396786164869 1.3638041325750767 32.0 
383.0 336.0 4.505396786164869 1.3638041325750767 32.0 
383.0 337.0 4.505396786164869 1.3638041325750767 32.0 
383.0 338.0 4.505396786164869 1.3638041325750767 32.0 
383.0 339.0 4.505396786164869 1.3638041325750767 32.0 
384.0 335.0 4.505396786164869 1.3638041325750767 32.0 
384.0 336.0 4.505396786164869 1.3638041325750767 32.0 
384.0 337.0 4.505396786164869 1.3638041325750767 32.0 
384.0 338.0 4.505396786164869 1.3638041325750767 32.0 
384.0 339.0 4.505396786164869 1.3638041325750767 32.0 
